   0.0000000000000000     
   0.0000000000000000     
   0.0000000000000000     
   0.0000000000000000     
   0.0000000000000000     
   0.0000000000000000     
   0.0000000000000000     
   0.0000000000000000     
   0.0000000000000000     
   0.0000000000000000     
   0.0000000000000000     
   0.0000000000000000     
   0.0000000000000000     
   0.0000000000000000     
   0.0000000000000000     
   0.0000000000000000     
   0.0000000000000000     
   0.0000000000000000     
   0.0000000000000000     
   0.0000000000000000     
   0.0000000000000000     
   0.0000000000000000     
   0.0000000000000000     
   0.0000000000000000     
   0.0000000000000000     
   0.0000000000000000     
   0.0000000000000000     
   0.0000000000000000     
   0.0000000000000000     
   0.0000000000000000     
   0.0000000000000000     
   0.0000000000000000     
   0.0000000000000000     
   0.0000000000000000     
   0.0000000000000000     
   0.0000000000000000     
   0.0000000000000000     
   0.0000000000000000     
   0.0000000000000000     
   0.0000000000000000     
   0.0000000000000000     
   0.0000000000000000     
   0.0000000000000000     
   0.0000000000000000     
   0.0000000000000000     
   0.0000000000000000     
   0.0000000000000000     
   0.0000000000000000     
   0.0000000000000000     
   0.0000000000000000     
   0.0000000000000000     
   0.0000000000000000     
   1.4958205715763566E-008
   1.9213661255595196E-008
   8.4425303082484622E-009
   7.5601344331207495E-009
   4.7013262080420410E-009
   3.2204736876490283E-010
  -3.7141193754778107E-009
  -8.7127819191644116E-009
  -4.9616010878346095E-009
  -3.8439363925068413E-009
  -1.7873524704533894E-009
  -3.0691768758241676E-010
   1.2971243087916142E-009
   5.3668387757741563E-009
   7.0817651506394716E-009
   7.4903269234681756E-009
   6.6721107022246640E-009
   5.3632193414291460E-009
   4.1192119960360257E-009
   2.9669561819679762E-009
   9.6282517172221285E-010
   6.1148200181005932E-010
   6.9858270560251912E-010
   1.3293245512459145E-009
   1.3895213075698267E-009
   2.0513492092751254E-009
   2.5957390530371335E-009
   1.3068461314136883E-009
   1.4107201697652455E-009
   1.4947438505706003E-009
   1.5915241249454546E-009
   1.6971368456553677E-009
   1.7599309416956369E-009
   7.5473233260636182E-010
   8.1726306235231080E-010
   8.6786994640818058E-010
   8.8006012828793147E-010
   8.6739599277479727E-010
   8.5671587578647489E-010
   8.0557041404959318E-010
   7.8055955269753090E-010
   7.0531649064957178E-010
   5.6441026227395201E-010
   3.8113423694927536E-010
   1.8871887066167116E-010
   3.4424570410236132E-011
  -3.5394117115850857E-011
  -3.8676534720663465E-011
   0.0000000000000000     
   0.0000000000000000     
   0.0000000000000000     
   2.2863411712695656E-008
   4.0953173139103279E-008
   3.7586568924288896E-008
   1.2459458857174006E-008
   6.3216899900494051E-009
  -1.6588890055912022E-009
  -8.9288367357370771E-009
  -7.7148791067940474E-009
  -1.2563445096226908E-008
  -6.3923529203956818E-009
  -1.6897068784518454E-009
  -1.4587668104369352E-010
   2.0508189884754706E-009
   9.5390001758564991E-009
   1.4790627766352086E-008
   1.4238430824626202E-008
   1.2616046628311552E-008
   1.0129646897552560E-008
   7.8813195413293916E-009
   6.0224168808994788E-009
   2.5532375151258451E-009
   1.6169705915129938E-009
   1.9817304862082970E-009
   3.1745109388475481E-009
   4.8889854377802431E-009
   4.3079214683045377E-009
   5.2415582732229275E-009
   2.7137030147548581E-009
   2.8392763596953718E-009
   3.0290629549075770E-009
   3.2980924293260674E-009
   3.5996628671645950E-009
   3.8157122799247271E-009
   3.7608566868754945E-009
   1.5314484867099553E-009
   1.5447287453668804E-009
   1.5018193249791113E-009
   1.4882025215163087E-009
   1.4137944514970585E-009
   1.3809947296828478E-009
   1.3356525872164673E-009
   1.2540200597044132E-009
   1.0775201445736361E-009
   8.2263967249111247E-010
   7.0205769843375579E-010
   3.7471676719762728E-010
   1.4190561205230762E-010
   2.2956815145230295E-011
   0.0000000000000000     
   0.0000000000000000     
   0.0000000000000000     
   3.8160493012907267E-008
   5.1179271260537264E-008
   1.7909217499176436E-008
   1.5709426116103344E-008
   7.1080888475806117E-009
  -2.9077665381864062E-009
  -3.6098259604590521E-009
  -5.4302822570759812E-009
  -4.5997013915417190E-009
  -2.2643962490239048E-009
   9.9812982752834296E-011
   0.0000000000000000     
   0.0000000000000000     
   5.7974249365076547E-009
   1.2093240358210033E-008
   1.1975740314316831E-008
   1.0908211290680759E-008
   9.1016810638728622E-009
   5.7720268357024517E-009
   3.6134819369236687E-009
   3.2378108079912238E-009
   2.6415599027994568E-009
   2.8290300164196382E-009
   3.7571786946429542E-009
   3.7283524727614340E-009
   4.9594699799968844E-009
   5.8253505079776964E-009
   3.1033655335514710E-009
   3.0120246192823770E-009
   3.3138900319931727E-009
   3.7746017215188062E-009
   4.2505296048619642E-009
   4.8494930950279821E-009
   4.9555082960463019E-009
   4.5062929166310103E-009
   1.7028981453086956E-009
   1.6060293990763332E-009
   1.5100090140557647E-009
   1.2609921135108172E-009
   1.7244829071554439E-009
   1.7238422072227089E-009
   1.6544063803529018E-009
   6.0109075938862245E-010
   4.8559235338625533E-010
   8.8374390903600416E-010
   5.7332958560854823E-010
   2.8307946954567760E-010
   1.0101110972848391E-010
   0.0000000000000000     
   0.0000000000000000     
   0.0000000000000000     
   3.3359376126839533E-008
   4.2387155595545901E-008
   4.2516578904719306E-009
   9.6087879654652678E-009
   2.0307999728483234E-009
  -6.3737729936999734E-009
  -8.8329696417787824E-009
  -2.9851162037425958E-008
  -1.3587413198314312E-009
   1.2960370708784850E-009
   3.0110805920058884E-009
   2.9263871565627627E-009
   0.0000000000000000     
   7.0398424498312782E-009
   7.7421824618526927E-009
   7.7619568966027310E-009
   8.6473519772529973E-009
   1.0433830832273998E-008
   8.9362781631424407E-009
   5.7803927997261393E-009
   1.4738564402159688E-009
   3.5666647025575692E-010
   1.7136688848887666E-009
   2.5362716407968200E-009
   2.6623030322660189E-009
   3.3445787575959252E-009
   4.1187695069376255E-009
   4.5801408544680712E-009
   2.9521290585065880E-009
   3.5456929566151359E-009
   4.2034002472632521E-009
   2.5594330611016934E-009
   2.4863611502489884E-009
   3.9065511413764286E-009
   3.8589775670304629E-009
   3.3326758255989735E-009
   1.3554807769053135E-009
   7.7222662296463896E-010
   4.5716149685247971E-010
   4.8273236530681363E-010
   5.1190297713083822E-010
   5.1159032528017433E-010
   4.2503367017649826E-010
   3.0099972046982906E-010
   1.8626074578712304E-010
   7.7683821399360873E-011
   1.8812577684049876E-011
  -1.0354095602810169E-011
   0.0000000000000000     
   0.0000000000000000     
   0.0000000000000000     
   3.6668960337856398E-008
   4.8652438512281627E-008
   1.1142556233833030E-008
   2.9376169442740510E-009
   2.6473199020608612E-009
  -6.5303073297415708E-009
  -1.5240328066506904E-008
  -2.3969753560442178E-008
   3.0324914702803252E-009
   2.9641411716875395E-009
   2.9585427510955034E-010
   1.2700480159013416E-008
   1.2890435803623231E-008
   1.7522845988449132E-008
   1.0936041678731262E-008
   8.1149883647864612E-009
   1.2836770689792789E-008
   9.5187546867979115E-009
   4.7321101283905543E-009
   1.7562729956386672E-009
  -2.1791490691434804E-011
  -1.9676330805235497E-009
  -2.3772677516321437E-009
  -1.3868826163733068E-009
  -3.5999601421009714E-010
   1.1651621209234885E-009
   1.9132798834312859E-009
   2.9608764449273098E-009
   4.8145351431850255E-009
   6.0661510146510376E-009
   4.2394630326496272E-009
   2.7194797475319264E-009
   2.4178464982684653E-009
   1.8686459350552506E-009
   1.3189224031924463E-009
   3.1489855571516789E-010
   1.9855332330716325E-010
   1.5813822893759185E-010
   2.7689050546974598E-010
   3.3689737280504991E-010
   3.8360983911607800E-010
   3.7795761039107131E-010
   2.6854101349942469E-010
   1.2747695153646792E-010
  -7.1489092070853043E-011
  -2.3466833930938181E-010
  -2.3429391478502749E-010
  -1.4994303413677965E-010
   0.0000000000000000     
   0.0000000000000000     
   0.0000000000000000     
   4.0866637368187294E-008
   5.9485617127370099E-008
   1.9052129016346382E-008
  -5.1588601675796173E-009
   2.4245641956155211E-009
   1.7133553001670666E-008
   8.2346574671888758E-009
   2.8128560455038649E-009
   3.3807958213936353E-009
   1.0013268169930355E-009
   5.7834651589652703E-009
   2.7562643434219991E-008
   8.0393614402342464E-009
   8.2184498353252185E-009
   7.5688189847848613E-009
   1.1442423506086122E-008
   1.1219121548075362E-008
   5.0138994795270024E-009
   5.6291271449180690E-009
   1.7245879845928062E-010
  -6.3413443781093890E-009
  -7.3355678497352359E-009
  -5.8631302911069989E-009
  -5.2762715472184663E-009
  -4.7521384239341761E-009
  -3.0982211549331940E-009
  -1.0738383314005422E-009
   2.2670120203327081E-009
   4.5771141993179650E-009
   6.7337447574104107E-009
   7.0501045861350621E-009
   4.5796447496818039E-009
   2.3315959064609730E-009
   1.7311510577349790E-009
   5.1297621800335913E-010
   2.5935364605545226E-010
   1.1499695578974412E-010
   0.0000000000000000     
   0.0000000000000000     
   0.0000000000000000     
   0.0000000000000000     
   0.0000000000000000     
   0.0000000000000000     
   6.3595868128096206E-011
  -2.4107266708192748E-010
  -4.9333016766190433E-010
  -4.7652422548780529E-010
  -2.9924286256857857E-010
   0.0000000000000000     
   0.0000000000000000     
   0.0000000000000000     
   3.5666546029369059E-008
   4.7974833616178340E-008
   1.0206654350394974E-008
   3.5638485275351380E-009
  -1.1923718955150048E-008
   1.4548316840784118E-009
   9.0950966772035499E-009
   6.8424522310624902E-009
   5.7393247414859634E-009
   7.5129567792064300E-009
   0.0000000000000000     
   4.0270740375191134E-010
   1.8670281446988238E-009
   3.8466288429718845E-010
   5.9365954854022470E-010
   2.2856972112571080E-009
   9.1433199027783282E-009
   4.7378269143238121E-009
  -7.1536954208864852E-010
  -1.5557398089853848E-009
  -2.6206112181254369E-009
  -8.7626345250723735E-009
  -9.3479590423972603E-009
  -6.7358230774292311E-009
  -4.2759739068251496E-009
  -3.8323442304598306E-009
  -6.3766388418139755E-010
   2.5042681732835406E-009
   5.6325159007506551E-009
   8.3508275663601620E-009
   9.0165148650883458E-009
   5.6873583103909990E-009
   4.6709667826805637E-009
   2.1153652483756431E-009
   1.5079543036813045E-009
   3.9680697563806848E-010
   1.7227721556460875E-010
   0.0000000000000000     
   0.0000000000000000     
   0.0000000000000000     
   0.0000000000000000     
   0.0000000000000000     
   0.0000000000000000     
   0.0000000000000000     
  -3.1537328649384819E-010
   0.0000000000000000     
  -4.8055250628645668E-010
  -3.1627871133752676E-010
   0.0000000000000000     
   0.0000000000000000     
   0.0000000000000000     
   3.7401483510751461E-008
   5.0199803819545272E-008
   2.7090180798581565E-008
   1.5238387067939015E-008
  -3.2159014744593810E-008
  -1.4164115606688484E-008
  -1.8647647520550192E-008
   4.4216101940068759E-009
  -4.7573445835071186E-009
   2.7571120307795141E-008
   2.5129215593401334E-008
   1.3371243614251358E-008
   4.2509413707303206E-009
   0.0000000000000000     
   2.4332087454270755E-008
   1.8441501496313295E-008
   8.4038664400210452E-009
   4.9058326914890790E-009
   5.6287693789939977E-009
  -4.5388298966339561E-009
  -9.6775640321927137E-009
  -6.6214639922274032E-009
  -6.3562030226588487E-009
  -6.0454946384185237E-009
  -1.9057531603961086E-009
   2.4770915274840608E-010
   2.1050682973253218E-009
   5.6498191235517366E-009
   8.7518274815006606E-009
   8.3749709216454600E-009
   9.2499288249322731E-009
   9.8961769284613095E-009
   5.6688889023871815E-009
   5.1629511935036153E-009
   2.3769240604112965E-009
   7.2522579150453012E-010
   4.6679544635824675E-010
   2.8047149241668404E-010
   0.0000000000000000     
   0.0000000000000000     
   0.0000000000000000     
   0.0000000000000000     
   0.0000000000000000     
   0.0000000000000000     
   0.0000000000000000     
   0.0000000000000000     
   0.0000000000000000     
  -1.6851190190870914E-010
   0.0000000000000000     
   0.0000000000000000     
   0.0000000000000000     
   5.6744891639422655E-008
   7.4419725039689564E-008
   4.3577689621160301E-008
  -9.6591997571556705E-009
  -2.2703983599024100E-008
  -2.8481006299612184E-008
  -3.7130829314483460E-008
   4.5210717501355783E-009
   1.3969035024835753E-008
   1.9831856314310556E-008
   5.5576455455633468E-009
   4.7583856971106294E-010
   6.9215527463112134E-008
   0.0000000000000000     
   1.7108060326997466E-008
   6.0683844962295390E-009
  -4.3933822373773631E-009
  -6.3964384045261476E-009
  -2.2654618818516643E-009
   3.6034110642817584E-009
  -3.8478796223418597E-011
  -7.1645222826796262E-009
  -4.6282569301125136E-009
  -2.0010226409469894E-009
  -1.1635007047905301E-009
   4.5195851938462521E-009
   6.1505422938972538E-009
   7.7101161580855009E-009
   1.0334050799643144E-008
   1.1262272671231430E-008
   6.7799010122649503E-009
   7.7300487008649209E-009
   4.7981627540433506E-009
   5.1676206765785598E-009
   2.7754627966419419E-009
   2.2695408233458020E-009
   7.3305775504101935E-010
   6.2323905915848410E-010
   5.2510562397794402E-010
   0.0000000000000000     
   0.0000000000000000     
   0.0000000000000000     
   0.0000000000000000     
   0.0000000000000000     
   0.0000000000000000     
   0.0000000000000000     
   0.0000000000000000     
   0.0000000000000000     
   0.0000000000000000     
   0.0000000000000000     
   0.0000000000000000     
   6.6679216023740441E-008
   8.5837126087161540E-008
   2.6238130331990406E-008
  -6.7644164976321085E-008
  -3.9662857167891446E-008
   1.3585294061140087E-008
   7.0034785484247431E-009
   1.1043452091446549E-008
   2.6870232308370215E-008
   1.5992918244994834E-008
   5.8172774482015045E-008
   6.5490670630660202E-008
   5.7765711195489725E-008
   7.4379544017694391E-009
  -1.2792522429804819E-008
  -3.1967701526532772E-008
   0.0000000000000000     
  -1.2623454957575700E-009
  -8.2088248524562422E-009
  -1.2319871130716190E-008
  -2.4433256178244381E-009
   5.0020450022495559E-009
   3.0445661385021729E-009
   4.9764828332604992E-009
   3.9217760867294406E-009
   6.5360282735603485E-009
   9.4414782971563187E-009
   8.7727943081661909E-009
   9.1577828269575186E-009
   1.0896282596910017E-008
   1.0469148487563040E-008
   5.6781462141286848E-009
   6.0613775242498196E-009
   3.3752157146218104E-009
   2.0582795681245636E-009
   2.1643057199490092E-009
   1.9659033585398063E-009
   6.7277720304911302E-010
   5.3686187957712681E-010
   4.0943791706320228E-010
   2.5548663525871394E-010
  -1.6508624716806065E-012
  -3.2123596867188466E-010
   0.0000000000000000     
   0.0000000000000000     
   0.0000000000000000     
   0.0000000000000000     
   0.0000000000000000     
   0.0000000000000000     
   0.0000000000000000     
   0.0000000000000000     
   5.0324767146269862E-008
   4.4677336788022873E-008
  -5.2034396094438901E-008
  -1.7658259111889472E-007
  -1.4607087918911380E-008
   0.0000000000000000     
  -2.4383492746526915E-008
   4.9908208218737993E-008
   1.6842362815848174E-008
   3.9776949015180638E-009
   7.1539923174939358E-008
   1.0173362825758201E-007
   1.3440233672551250E-008
  -3.9390331690153089E-008
  -6.5205345453755406E-008
  -8.3748705486393985E-008
  -2.7413096467339122E-008
  -4.5577452000096160E-009
   2.4448614419314491E-010
  -4.0395542806587201E-009
  -2.4341967359983398E-009
  -6.9267710194720977E-010
   9.8733233354085173E-009
   9.3805808282539471E-009
   9.9589040731533181E-009
   1.1280459559386775E-008
   1.2478014179903383E-008
   1.0933687398890410E-008
   7.1228239687761442E-009
   6.6835803685640372E-009
   8.8259172229679874E-009
   1.1624169937171063E-008
   7.1515849509445933E-009
   6.8635393519029504E-009
   3.4305197542656705E-009
   2.2883411175264582E-009
   2.3089915532461735E-009
   1.6359879430176450E-009
   2.6185448518352284E-010
   1.3863252665818763E-010
   1.7009722420032447E-010
   7.9552033964332099E-011
  -2.3011070569448674E-010
  -5.4635306962971519E-010
  -3.8533662335362055E-010
   0.0000000000000000     
   0.0000000000000000     
   0.0000000000000000     
   0.0000000000000000     
   0.0000000000000000     
   0.0000000000000000     
   1.0492066672960672E-008
  -5.1400976075757413E-008
  -1.8576905126643591E-007
  -9.2416818466751022E-008
  -4.6143415697699697E-008
  -4.3528248625930975E-008
   3.9128707769276066E-008
   6.9997860417731342E-008
   9.4783334096241845E-008
   1.1254123615691853E-007
   1.7596046149218131E-007
   4.3652858168347443E-008
  -5.0494558054785801E-008
  -8.2870217595179367E-008
  -1.4945709332753171E-007
  -1.0319693016587709E-007
  -9.3187678625384858E-010
  -2.1757002899298640E-008
  -2.7632266188130881E-009
   1.2543885085723041E-008
   2.1974978948163344E-008
   6.8925798667037819E-009
   9.7048181641610780E-009
   2.0727847257769993E-008
   1.9466750973655358E-008
   1.1629480981804067E-008
   1.1191839634403163E-008
   1.1140374486365753E-008
   8.9281817935548806E-009
   6.6838527051671523E-009
   5.9814060501200524E-009
   8.1641217003928465E-009
   1.2132545075334367E-008
   8.4071484572759259E-009
   9.2274351862123933E-009
   4.9843754962805037E-009
   2.7529876227142680E-009
   2.5494046101507466E-009
   2.0213986232352234E-009
   4.9475962624775640E-010
  -5.8141030499634046E-011
  -7.1127334697887036E-010
  -5.2041287387230286E-010
  -1.3996111203944775E-010
  -3.8141479410189407E-010
   0.0000000000000000     
   0.0000000000000000     
   0.0000000000000000     
   0.0000000000000000     
   0.0000000000000000     
   0.0000000000000000     
  -4.1930285673787162E-008
  -1.5509699612313086E-007
  -3.2489334978693381E-007
  -1.2582753828729086E-007
  -1.3344867135984587E-007
   6.3788320154766086E-008
   1.0137601546150636E-007
   1.8719895262131811E-007
   2.6996796344725801E-007
   3.7542844721953225E-007
   8.9819221225634780E-008
  -2.5652638344092257E-007
  -7.7224937139466081E-008
  -2.5273065830415875E-009
  -1.1613076147066629E-007
  -7.6520857274494670E-008
  -2.9546795935496487E-008
   1.3454771195685886E-008
   2.4105351643743845E-008
   3.9526262914447231E-008
   1.8814144126264708E-008
   4.7504616319315831E-009
  -5.3177066798578105E-009
   1.0806222798499211E-008
   1.5358302093820712E-008
   1.2429548479698387E-008
   1.0181412417895539E-008
   6.8472846903521796E-009
   5.1189444159725183E-009
   6.6295117536188138E-009
   8.6841607107512206E-009
   8.1466074955666700E-009
   9.0936583432461544E-009
   1.2242319724531015E-008
   8.7320702252976308E-009
   9.2176825976864635E-009
   4.9282612126129956E-009
   2.9174975778973886E-009
   3.2380627764064518E-009
   2.5438853401333423E-009
   8.2776796776155629E-010
  -3.6344376833987263E-010
  -1.2151827439644421E-011
   1.0295219079165670E-009
   1.5705800870004408E-010
   0.0000000000000000     
   0.0000000000000000     
   0.0000000000000000     
   0.0000000000000000     
   0.0000000000000000     
   0.0000000000000000     
  -1.1299146270453529E-007
  -2.6036512829970122E-007
  -2.4167757843572860E-007
  -1.7140429407567114E-007
  -5.6182693348982960E-008
   1.8401663678107524E-007
   1.7128993596514025E-007
   1.2055262543899801E-007
   3.4223503940765470E-007
   1.8361664435283867E-007
  -3.1348500364300127E-008
  -5.2903022140145415E-009
  -1.8382340516664827E-008
  -3.1151382080853765E-009
   2.0084220651274522E-010
   1.2693915533847742E-009
   4.3209118104673555E-009
   5.4258898134034563E-008
   5.2271898205194698E-008
   3.8729254768584115E-008
   7.3462490829420585E-009
  -3.3262294507072884E-008
  -1.0322790666285224E-008
   3.7973184017172168E-010
  -1.4322122000586638E-008
   1.0779800464973051E-008
   1.6696315437950567E-008
   1.5394647144762387E-008
   1.1047470933085852E-008
   7.0655822823161046E-009
   1.0030366535434057E-008
   1.4657890048551700E-008
   1.4263716257220512E-008
   1.0909580629877954E-008
   1.0248177286051533E-008
   7.7722032407165846E-009
   8.8793975552649448E-009
   4.9236728820321373E-009
   3.5870456387489617E-009
   3.1787189424023763E-009
   4.4056996383695272E-009
   3.0005560578167019E-009
   1.8839445569957479E-009
   6.4500866011533344E-010
   4.1056047908417716E-010
  -4.2368002769999511E-010
   0.0000000000000000     
   0.0000000000000000     
   0.0000000000000000     
   0.0000000000000000     
   0.0000000000000000     
  -1.9475983570693715E-007
  -3.8170617490504940E-007
  -4.3250389298384261E-007
  -1.4186386784838836E-007
   7.1846278718313304E-008
   3.4946495293574056E-007
   2.9367618797468918E-007
   3.3443769300799919E-007
   1.7617271091750640E-008
  -2.0626015859782703E-008
  -5.9942551670217938E-009
  -8.9856912843227612E-009
  -3.7477819196645439E-009
  -2.2725603985469793E-010
  -1.3511488432129850E-008
   1.6231673021565238E-008
   7.5627166135085462E-008
   1.1917060975150361E-007
   6.9470011261259133E-008
   5.9007019007324317E-008
   9.2702232384592676E-008
  -4.5651848408814048E-008
  -1.1910701308728949E-007
  -7.5933792053652596E-009
  -9.2429933968647109E-009
   4.6332999732375214E-009
   1.2660964657506640E-008
   1.9388252894417382E-008
   2.3701199451737708E-008
   2.4352170611980219E-008
   1.6755171743034585E-008
   1.4788676640970094E-008
   1.7061602175423647E-008
   1.8215598793536735E-008
   1.3962968911015467E-008
   1.0760934383341173E-008
   7.7587940900264806E-009
   6.7825014535139668E-009
   4.0566674711641466E-009
   3.2710430432731746E-009
   6.3489217216357925E-009
   5.7324050408236724E-009
   4.8146117716072885E-009
  -1.8414826815010065E-010
  -8.3720420613407111E-010
  -4.0245511912416984E-010
   0.0000000000000000     
   0.0000000000000000     
   0.0000000000000000     
   0.0000000000000000     
   0.0000000000000000     
  -2.3510325234385374E-007
  -4.4204354551627733E-007
  -4.0398011108320042E-007
  -4.2473370588184362E-008
   3.1757985820189515E-007
   5.9016482982544650E-007
   5.7801595305043930E-007
   2.7214251815784584E-007
  -3.6384883801109346E-008
  -1.2842310285001528E-007
   0.0000000000000000     
  -5.4884492401790827E-010
  -3.9648037675482273E-008
  -9.4497564457661891E-008
  -2.3315671554885883E-008
   8.9957637128389149E-008
   3.4366783919779855E-007
   3.4223751060094086E-007
   1.0584957951837038E-007
   1.2731167494946041E-007
   1.2676672249923969E-007
   9.0269093626023488E-008
  -8.4509304214744753E-008
  -9.6577485408016784E-009
   2.5864771516244277E-008
   1.6310139351253042E-008
   1.0824135614546494E-008
   1.6770848391609222E-008
   2.0886757554223103E-008
   2.8672124135996407E-008
   3.6658007719117554E-008
   2.6870996548241726E-008
   1.3926845469108558E-008
   1.7817332049394035E-008
   2.1130015993331743E-008
   1.7227494085951181E-008
   8.9296624598353399E-009
   5.2825972851061555E-009
   8.2983551340443915E-009
   7.9677390403950874E-009
   5.0800064896806094E-009
   2.9578781284485378E-009
   5.4053229373650699E-009
   3.9336724913310493E-009
   8.2022153893849620E-010
  -4.7385727888862107E-011
  -2.2894022263571715E-010
   0.0000000000000000     
   0.0000000000000000     
   0.0000000000000000     
   0.0000000000000000     
  -2.1305767250908938E-007
  -4.9045151404092883E-007
  -2.3536328129629874E-007
   2.6823673385922295E-007
   6.7988939749046831E-007
   6.9251517072607761E-007
   3.6451607271659086E-007
  -1.2211342523402124E-007
  -4.6586714741137246E-007
  -4.7310602324392479E-007
  -3.8548167785719144E-007
  -2.4356374506816309E-007
  -1.5494055741717650E-007
  -1.0327884962591518E-007
   3.3859898141755603E-008
   2.2462101803312348E-007
   5.0126638854138504E-007
   3.4897790767798907E-007
   1.4289334662979938E-007
   1.0297927939420860E-007
   4.9553002790244068E-008
   1.0465200211983941E-007
   8.6448708916164119E-008
   2.4804133448199356E-008
   7.6643209701303533E-008
   1.1542245086888124E-007
   6.5163360734399782E-008
   3.6923621450420637E-008
   4.1385000735013028E-008
   3.0647382264008641E-008
   3.6511988230673110E-008
   4.6753391054720113E-008
   3.3121879620409165E-008
   1.3497483894348327E-008
   1.0715946014666408E-008
   9.3760824184312588E-009
   7.7396892013309091E-009
   8.3321782650964312E-009
   9.5380105793569758E-009
   1.2119110253783993E-008
   1.3738593377223990E-008
   9.7303251177936951E-009
   6.4171732867713111E-009
   1.1190905353721742E-008
   1.1473486887242962E-008
   1.9248184702914732E-009
   1.8233065444835160E-010
   4.1063192743819230E-012
   0.0000000000000000     
   0.0000000000000000     
   0.0000000000000000     
  -2.0759269219378890E-007
  -2.6282078734765384E-007
   7.0429551124518782E-008
   5.7906024629795167E-007
   6.4240965246965441E-007
   4.7866065243432097E-007
   8.0708154700645444E-009
  -5.7285980575568049E-007
  -7.4359312550813317E-007
  -5.6545172370425509E-007
  -2.7324034458557310E-007
  -4.4135482767966795E-008
   6.7874359803485072E-008
   2.7640828986045811E-008
   3.1836420208273142E-008
   2.9046783121578056E-008
  -2.7411409572300508E-007
   4.6930933530845956E-009
   6.4413649631681829E-008
  -4.0572802716226563E-009
  -6.5940669963517869E-008
  -1.2997600415850521E-008
   1.2085448888443358E-007
   1.3441360116020142E-007
   1.5303213609323192E-007
   2.1229250689565758E-007
   1.6197193893229322E-007
   6.3616046679159143E-008
   6.8337668038955601E-008
   5.6966533391756282E-008
   4.2915524771468694E-008
   4.1771465866076620E-008
   4.7921274637522661E-008
   2.4768867852833736E-008
   1.2194318875576507E-008
   1.1652430260514231E-008
   1.5993182730400833E-008
   9.3137653833397730E-009
  -1.5039547144142604E-010
   1.0815686085281378E-009
   1.3229702934567431E-008
   2.0896259069244931E-008
   1.4982504408712786E-008
   4.9202992898825925E-009
   7.8994881442149447E-009
   4.4083450650459948E-009
   6.9025417139505627E-010
   4.0156338391562106E-010
   0.0000000000000000     
   0.0000000000000000     
   0.0000000000000000     
  -1.1701324810668601E-007
  -8.0523166527270829E-009
   3.7471614475336153E-007
   6.3827124971656307E-007
   4.5831968878193558E-007
   1.7396047736272356E-007
  -3.2422022712904722E-007
  -8.1982351953964919E-007
  -6.1860699210915094E-007
  -1.4432904850882625E-007
   3.5604493723665891E-007
   3.0317972299247326E-007
   1.6051704261057277E-007
   1.1194450958992242E-007
   1.0028043279080780E-007
  -5.5545126894268145E-007
  -2.8374479268607053E-007
  -3.9997162723048390E-008
  -7.3163789697050181E-008
  -8.0279178003249653E-008
  -1.0063622574020788E-007
   3.5212069077536614E-009
   1.1836708550360124E-007
   1.8633326792870060E-007
   1.9473553657896511E-007
   2.0430893053963632E-007
   1.0141456228109270E-007
   3.9460312670533771E-008
   5.9734489362879858E-009
   4.0483778079537984E-008
   7.8081528318555849E-008
   3.5265359118373440E-008
   2.4868772930645432E-008
   3.7402605966705836E-008
   4.7954850765876424E-008
   3.6840829704533743E-008
   1.0519458151356882E-008
   3.0952083306463080E-009
   1.3145101669497127E-009
  -1.0716569086343754E-009
  -5.8967383594012749E-010
   4.7497282326410108E-009
   1.0475605442112389E-008
   5.5350725710764230E-010
  -2.6101577115561802E-009
   2.6738841026709033E-009
   1.9217354847430269E-009
   4.6590978974400527E-010
   0.0000000000000000     
   0.0000000000000000     
   0.0000000000000000     
  -2.2052882584121360E-008
   1.9202903385098872E-007
   4.7406850628055075E-007
   4.6239567207015840E-007
   3.8430827382455281E-007
  -9.1347750223243869E-008
  -5.7463723662693498E-007
  -4.7793618539724605E-007
   7.0315973221377157E-008
   4.5830283218165344E-007
   5.7315661728927005E-007
   3.2906359453716900E-007
   1.2035118274151307E-007
   2.4364259455910693E-007
   1.3445301948482878E-007
  -3.1471156718845145E-007
  -2.2274529120544313E-007
  -5.9907333531023853E-008
   1.3114394217118885E-007
   1.7555873826115507E-007
   4.5447727345449012E-007
   4.8100416377612665E-007
   4.4133642594612289E-007
   2.8982322837602831E-007
   2.5363376600580634E-007
  -3.1544894840350011E-008
  -5.1332641017014320E-008
   4.5285457053348678E-008
   2.8349211596193358E-009
  -1.4737179088901920E-008
   1.8462696402904940E-008
   7.8430087444397840E-008
   4.7131574229178103E-008
   4.1778135308650678E-008
   5.0224620297691654E-008
   3.0229670453791463E-008
   1.8902743245384745E-008
   3.3899282876140257E-008
   6.5240825322926066E-008
   2.9195764959452821E-008
  -8.2562229305894926E-009
  -1.8462298118638544E-008
  -5.8936193720335231E-009
   1.3389862852158048E-008
   9.2349517322306682E-009
   6.5327015436921436E-009
   1.8893866503455228E-009
   3.5254459976798863E-010
   0.0000000000000000     
   0.0000000000000000     
   0.0000000000000000     
   9.8900674712573854E-008
   2.9379515074950481E-007
   4.2863461585563415E-007
   4.1974721130978544E-007
   9.6581916989119466E-008
   5.5960099884158881E-009
  -9.6298819346073468E-008
   4.1954576793469436E-007
   1.1343477545563296E-006
   5.0182175841128675E-007
   2.9510639353631050E-007
   3.1554481282260181E-008
  -4.7304856728068016E-008
   1.9180897241708405E-007
   3.8782616925431934E-007
   6.5470464951338734E-008
  -6.8130600352654817E-008
   3.1229836305898507E-008
  -3.5002798833454485E-007
  -2.7450086727838669E-007
  -2.3938759406716535E-007
  -8.7211964112453367E-008
  -2.5509686798410968E-007
  -3.1999261617773357E-007
   1.9733877695250496E-007
   2.9383191170246695E-007
   1.5335667074269544E-007
   8.2942616044049366E-008
   1.6131133095978665E-007
   1.1945763451676745E-007
   5.0033418806200966E-008
   5.6413384964698946E-008
   9.5625313736121217E-008
   5.7150357838341427E-008
   5.5889306255006962E-010
   4.5033640191561182E-008
   3.4814335433134593E-008
   1.5961539645666994E-008
  -5.0011956411505868E-009
   1.6244377465729248E-008
   1.6439774423245047E-008
   1.3138462857993712E-008
  -6.1386601955759052E-009
   1.2070931658804854E-008
   2.6216482015966501E-008
   1.2272214354186500E-008
   3.1858775731479259E-009
   3.5246704961901169E-010
   0.0000000000000000     
   0.0000000000000000     
   0.0000000000000000     
   2.1645286118897386E-007
   4.2344482928549402E-007
   4.2486666136246189E-007
   1.2759515633951874E-007
   4.6765951952093479E-007
   1.8178002712440783E-007
   8.6192695634565785E-007
   5.4814997399719802E-007
   7.7786490192222115E-007
   3.6805944899696708E-007
   1.2924967380565081E-007
   6.7029119483260585E-007
   7.8141057964332511E-007
   4.7381701399811039E-007
   3.5423506357092632E-007
   4.4237706141333523E-008
  -8.5052492898178700E-008
   1.8353984346307741E-007
  -5.5850356589752018E-007
  -1.3143586965007128E-007
   7.1334630524082826E-007
  -2.1862724061285630E-007
  -6.5168902923168400E-007
  -6.7440840604544009E-007
  -1.4589841648806039E-007
  -3.1180006364504485E-007
  -2.6645569609847597E-007
  -4.0115380419473375E-008
   2.4971994604266805E-008
   2.8843884330709830E-007
   3.7366134374692697E-007
   1.2946591784227328E-007
  -9.5329480261023841E-009
   3.7254281005447716E-008
   2.4606309938694470E-008
   2.9351790352462807E-008
   9.1935143034952456E-008
   3.4616637943273848E-008
  -3.4184160694479278E-008
  -1.5369609640805186E-008
   5.7023309755117329E-008
   5.8640134397749735E-008
   1.2641140710541111E-008
  -1.9016939215032497E-008
   5.4202037168263040E-009
   8.2644844365873145E-009
   2.5706040008853974E-009
   6.7084127731318052E-010
   0.0000000000000000     
   0.0000000000000000     
   0.0000000000000000     
   2.5848855360364420E-007
   3.7063296731449745E-007
   4.0861790059673473E-007
   1.4301314741248481E-007
   2.4438110107183532E-007
   2.1798504354573753E-007
   8.2984607825148127E-007
   1.2190952141113038E-006
   8.6532642649777229E-007
   8.5796429470600974E-007
   1.7915602946062000E-006
   1.7185786321174156E-006
   1.5853139670861134E-006
   1.2050470283974984E-006
   5.1235283223210096E-007
   3.0406701559705830E-007
   1.9120570995121686E-007
  -9.1530839477264451E-007
  -7.6611014454345328E-007
  -9.3306125816154112E-007
  -1.2844149173232637E-006
  -2.1635050761137488E-006
  -2.1204172618929784E-006
  -8.4309657866511653E-007
   1.3141222056729049E-007
  -6.9218366982649437E-007
  -4.6074556096050506E-007
   2.0902135415312315E-008
  -7.8989301987075419E-008
   1.5593399032284046E-007
   4.6078735091263852E-007
   6.0964933937924449E-007
   4.5633124469942636E-007
   2.8766427831188275E-007
   4.5899936154494953E-007
   5.6476453633898657E-008
  -9.3955368276911900E-008
   8.3662323647354663E-008
   3.0182526089310858E-007
   2.0523799803798601E-007
  -5.5587395998388744E-009
   4.3189920835538928E-008
   6.5316506471424217E-008
  -3.7192496696973321E-009
  -2.4700965406524033E-008
   4.5031605942056668E-010
   3.1673988866254433E-009
   1.0290689243501652E-009
   0.0000000000000000     
   0.0000000000000000     
   0.0000000000000000     
   2.4715306812441712E-007
   4.6059463863424441E-007
   6.7036070389272469E-007
   5.9682377967756825E-007
   3.1569401503830039E-007
   5.1755121106996254E-008
   1.9484597507230857E-007
   8.7034546925927248E-007
   3.1808610655389472E-006
   2.0503777526752297E-006
   2.5538731807914904E-006
   1.8719487033911916E-006
   2.6913588692433542E-006
   3.1765086922688006E-006
   1.4149213213066813E-006
  -3.2479824035095372E-007
   1.7112857996088527E-006
  -5.0495785862284064E-007
  -2.2957667592234235E-006
  -1.5126222694230738E-006
  -1.7199917380194578E-006
  -1.4292457251824589E-006
   3.2599643796916125E-007
   2.2099299317548242E-006
   1.6375609359323940E-006
  -1.2124739621295059E-006
  -1.9201159306761005E-006
  -8.3384038877942610E-007
   8.2037517635634009E-009
   1.8815581103508819E-007
   5.4963808103322706E-007
   6.2990216048918736E-007
   6.0015390610377124E-007
   3.0007145610530483E-007
  -1.3366474758713900E-007
   8.0479228036319582E-007
   6.5363778458115103E-007
   2.1711332100002106E-007
   2.9392261705904290E-007
   1.1515835725743697E-007
  -1.8856525057745979E-007
  -2.4446200266964468E-007
  -6.3848384209754945E-008
   2.3709822104818376E-008
   1.9004122784630983E-008
  -1.3420371622485385E-009
   1.2347381981533380E-009
   2.0077674622802886E-009
   0.0000000000000000     
   0.0000000000000000     
   0.0000000000000000     
   2.5670807755814875E-007
   4.6050364597806446E-007
   7.4994847295975776E-007
   1.1184810993365581E-006
   9.1472718180981488E-007
   7.3596679908802533E-007
   1.8190342023219990E-006
   1.4978707346237184E-006
   1.3391265480426788E-006
   3.3701306264321931E-006
   5.2493417413160250E-006
   8.0280850178128344E-006
   9.0964571098932032E-006
   5.7199518561365139E-006
   1.9730100401933812E-007
   1.8925756956623583E-006
  -4.0687547257888620E-006
   5.5024208891633832E-006
   1.0355911329541241E-005
   5.4835789954261046E-006
   2.7143103733260550E-006
  -2.8201325931674892E-006
  -1.3674809426887845E-006
   2.6712758720670629E-006
   4.1168078269206294E-006
   2.4453275182198921E-007
  -8.4881176748589414E-007
  -1.6360089517098114E-007
  -9.4366441158066603E-008
   4.0475356214281016E-008
   2.5352458912107906E-008
   2.3277894185206339E-007
   3.5018318230475740E-007
   4.7274530584845994E-007
  -6.5436316063837085E-007
  -7.7732858075635592E-007
   1.0748987957838795E-006
   1.0760384949469797E-006
  -5.5061779493880969E-008
   2.5517312161235586E-009
   3.6886950275063968E-007
   2.7181289103210514E-007
   5.0241659732798664E-008
   1.8224503739180428E-007
   1.3019598898275311E-007
   8.6360082957222534E-009
  -2.9485071430788716E-009
  -5.6866316998484516E-010
   0.0000000000000000     
   0.0000000000000000     
   0.0000000000000000     
   2.6059374168767831E-007
   5.9449668101639455E-007
   1.2104146645445570E-006
   1.9419407727404598E-006
   1.8814426626341783E-006
   1.8004889583962023E-006
  -1.0505759123906633E-006
   4.4143562876897533E-006
   4.6045457273599984E-006
   7.5968255754452496E-006
   9.4806205179779251E-006
   1.3452563429991708E-005
   1.3352204751702614E-005
   9.7103015432959959E-006
   9.8637672900975782E-006
  -1.1735023331747488E-006
   1.2371858871928029E-005
   2.0110059413909843E-005
   6.5917618378214336E-006
   6.1565598260181106E-006
   2.9959833143845373E-006
  -1.8150323631475459E-006
  -5.5103752719671773E-006
  -1.9954614932580941E-006
  -1.6449234685071005E-006
  -1.8248744612393593E-006
  -1.3479945236623346E-006
   1.2297222416810826E-007
  -9.5527332501621983E-008
  -1.0470477998632645E-007
  -5.9640472974374514E-007
  -1.5780554274843950E-006
  -9.1336584683975090E-007
  -1.9182318355213124E-007
  -4.9314070691452374E-007
  -2.9880628948106262E-007
  -9.7121141141655948E-007
   6.3862819832470354E-007
   8.9880141907727433E-007
   2.1744864388307857E-007
  -2.4596986225382584E-008
   2.8652042174289934E-007
   3.5426220317250620E-007
   1.9735869845548750E-007
  -5.8556943132403622E-008
  -2.4632577742468653E-008
  -4.3149270766911828E-009
  -2.1000213751450970E-009
   0.0000000000000000     
   0.0000000000000000     
   0.0000000000000000     
   3.4236791397139762E-007
   7.5713210268602861E-007
   1.5118414081566354E-006
   1.7709175649022591E-006
   1.0623782414823926E-007
   2.8627254979685493E-006
   2.6029997904031260E-006
  -1.7720048034917870E-005
   6.3440050930241662E-006
   1.5060140042182045E-005
  -7.1645144721385328E-006
  -3.8361881445156584E-006
   1.5850435633008015E-005
   1.7752808062324521E-005
  -5.3753934184524400E-006
  -6.7309444582392838E-006
  -1.7290546591666252E-006
  -9.8766047235580193E-006
  -5.6752893535824431E-006
  -8.5664795688851567E-006
  -6.2149711916974164E-006
  -4.0666367624738729E-006
  -4.9106228276237736E-006
  -6.0586635050557824E-006
  -6.7948954013116866E-006
  -4.9650316703433514E-006
  -7.0476538590859056E-007
  -5.6570114419157128E-007
   1.5476629418347752E-009
  -4.2781384375591050E-007
  -1.5023396955754365E-007
  -6.2654171134051610E-007
  -6.8851435398592965E-007
   1.0580012336097016E-007
  -6.5247342023497894E-007
   1.8649606198393403E-007
   2.7968190866293074E-008
  -4.9334770557507549E-007
   9.8020623745943959E-007
   2.8507319280573684E-007
  -1.3498909834927912E-007
  -5.2047996984692030E-007
  -4.0837427203230026E-007
  -1.5527427824713083E-007
  -1.7317250129898185E-007
  -2.7806527903556141E-008
   1.0591367098518251E-008
   4.7500556216261498E-009
   0.0000000000000000     
   0.0000000000000000     
   0.0000000000000000     
   4.6078793569783255E-007
   1.0647385235536248E-006
   1.9912506804997297E-006
   2.3952468552237994E-006
  -8.1244556461762069E-007
   6.9490936216963284E-007
  -4.7808072654362360E-006
   3.1091461409064096E-006
   2.3977294952114468E-006
   4.7811875151974957E-006
   5.4577058337951788E-005
   1.1329102569760287E-005
  -1.4764218669039622E-005
   1.0216663742992424E-005
   1.2059301580896362E-005
   5.7116028626437570E-006
   7.4470037731475060E-007
  -7.1591556703091792E-006
  -8.4378971779817658E-006
  -9.4864211742587282E-007
   3.5465641459957430E-006
  -2.9248360919029974E-006
  -2.5586736561735828E-006
  -3.9264851164452253E-006
  -6.1853388396551587E-006
  -5.3190469620564278E-006
  -6.9332813368129206E-006
  -6.4353785058697594E-006
  -4.4046483026468895E-006
  -1.1266843758743931E-006
  -4.0835504898365026E-008
  -6.1431466304970223E-007
   1.7764362208436946E-007
   1.7845816193417678E-007
   4.6395822704424148E-008
   9.8549638842380230E-007
  -3.9518684738215843E-007
   4.3565653182427475E-007
  -1.2353705786635530E-007
  -3.2890071257728501E-007
   2.6029418481012353E-007
  -2.1101797587106963E-007
  -9.8856994476262079E-007
  -7.9614736125952989E-007
   1.8257618425500954E-008
   1.0244194015727996E-007
   3.6124151480510288E-008
   2.2454996733306396E-008
   0.0000000000000000     
   0.0000000000000000     
   0.0000000000000000     
   4.1725739406621965E-007
   6.6853416731461323E-007
   9.4930574898648745E-007
   3.9873633320195030E-007
   4.4682388494720460E-006
  -2.9777577103240528E-007
  -1.1663789958055913E-006
   5.6106018024598522E-006
   2.4274594781152217E-006
   8.7178783840855600E-006
  -2.5617271999835997E-005
  -2.4541143751693350E-005
  -2.2265627489394427E-005
  -8.8806756152937380E-006
   4.9845299416893336E-006
   1.0080478224387282E-005
   7.9974058696128375E-006
  -1.4505426985595040E-005
  -9.4206225413694711E-006
  -1.5434874014368164E-006
   3.8598205386269878E-006
  -3.7386042386542957E-006
  -3.3811306042955075E-006
  -5.2735947410159116E-006
  -5.3271059004304317E-006
  -2.7446628759815488E-006
  -1.9136477023018493E-006
  -2.4664913003868808E-006
  -9.6929109852062762E-007
  -1.9503357739430685E-006
  -1.0065721611109697E-006
  -8.1520775981082094E-007
  -4.4091194541054672E-007
   2.4806431525772520E-008
   5.8622956853191811E-008
   2.7965520286529828E-007
  -1.2046136550413271E-006
   1.7581121511125939E-007
   1.9421530548241919E-007
   3.8670466182189222E-007
   8.2769766024340740E-008
   9.3273998600716730E-008
  -2.1118388773715632E-007
  -3.1303459285714898E-007
  -1.3835745889790135E-007
   3.0311332666864124E-009
   2.5209661282925584E-008
   5.7192468625603199E-008
   0.0000000000000000     
   0.0000000000000000     
   0.0000000000000000     
   3.4853048652584073E-007
   2.4541942310161003E-007
  -5.0993455285425195E-007
  -6.2546891855869827E-007
   6.1811819997436067E-006
  -2.9338575902571669E-006
   7.4835387435251800E-006
   1.4888917728872772E-006
  -7.9739278255545826E-006
   1.0254558650087999E-005
  -3.7548556885714565E-005
  -4.9070875360684250E-005
   1.2159570896812500E-005
   7.7260819633080200E-005
  -2.1598379301782482E-004
   1.6035671570267880E-005
  -3.7095365190919901E-006
  -3.3913242172455787E-006
  -8.4975560555180713E-007
  -3.8613146861041213E-007
   7.0537269191855714E-007
  -5.2345026767841115E-006
  -1.3747149155535698E-005
  -1.6615577331206861E-005
  -1.8438364577220110E-005
  -1.9394853849716206E-005
  -6.6444257945535814E-006
  -5.4565600637291972E-006
  -1.1195802589161230E-005
  -7.3084876048078457E-006
  -4.5651026498272118E-006
  -3.6820805900092216E-006
  -3.0751177381154965E-006
  -1.7044777445222345E-006
  -1.4391150795705547E-006
   4.9377906807172148E-007
  -4.0251827866027851E-006
  -3.4051718372890549E-006
   3.8685814375681160E-007
  -7.5723576550295681E-009
  -1.4015899521601085E-006
  -5.5797859583945514E-007
  -3.1628555410197446E-007
  -9.1234629222713999E-009
   1.2418416713454101E-007
   2.6062312536019465E-008
   1.1786640469283572E-009
   1.4834491530114778E-008
   0.0000000000000000     
   0.0000000000000000     
   0.0000000000000000     
   3.5662146507444440E-007
   1.2110872936055133E-007
   6.1197291024140835E-008
  -1.2049496231715271E-006
  -1.6715342884362716E-006
  -1.8335136016877340E-006
  -3.0894866761780126E-006
  -4.4353660117500286E-006
   1.0811659696010018E-005
  -1.2499427237974952E-006
   7.2531883899524305E-006
   5.7747833726074882E-006
   2.3176239594867654E-005
   1.4020061575075091E-005
  -3.6662904704490653E-005
  -5.4514880991728652E-005
  -1.5413415498249562E-005
   6.5180518028766689E-007
   4.3877024071048587E-006
   2.7875564054019937E-006
   1.3136561126725241E-006
  -4.8101441848452466E-006
  -1.4148896465644360E-005
   3.3755836770080104E-005
   3.1081233587609293E-005
  -1.6842126376640546E-005
  -4.0678695298746000E-005
  -3.5023792143624594E-005
  -3.7536688795272115E-006
   2.0796278054753269E-006
  -1.1617850668138785E-006
   8.2659758453775737E-007
   3.2952638220848611E-006
   3.0800294710112368E-006
  -1.5245964555440344E-006
  -1.7132719336551881E-006
  -1.4715486417546292E-006
  -1.9388335552710508E-006
  -1.7252083748350806E-006
  -2.9494714213049292E-006
  -1.4567090865645169E-006
  -9.3863679405336367E-007
  -6.3460016973771150E-007
  -4.3538954317492561E-007
  -8.9669525074423060E-008
   1.3500266875368901E-007
   1.1730917859889758E-007
   9.0659104282539643E-008
   0.0000000000000000     
   0.0000000000000000     
   0.0000000000000000     
   4.3668136460602665E-007
   1.9798494289179163E-007
   1.9203509741424897E-007
  -3.7623401443960499E-007
  -1.2580865281723004E-006
  -2.5293430691220878E-007
   3.8647244945848438E-006
   2.7693494185832634E-007
  -7.5183888675792918E-007
  -1.1907607423620308E-007
   4.4389112061854682E-006
   1.0558555398918831E-005
  -4.7440203360126621E-008
  -1.2408499198409547E-005
   7.4768081093260042E-006
  -4.9036288418343671E-006
   3.5141714379619590E-006
   3.5853871321814369E-006
  -2.4841690471176232E-006
  -2.1852007267479294E-006
   3.6217133200079402E-007
  -8.6799224813988545E-006
   1.3769894663973407E-005
  -9.6533108138859953E-006
  -2.1158503009199410E-005
   3.9417456214144681E-005
   1.1793622697781101E-004
   8.2216445338893868E-005
   4.8360956536081602E-005
   1.2867018637773864E-005
   9.3317497930548543E-006
   1.3520508116996603E-005
   8.7877231199209292E-006
   4.9813390640784432E-006
   6.2149225091350575E-006
   4.6229237144947033E-006
   1.1007893514620077E-006
  -1.3071505808250173E-006
  -1.8352211441750570E-006
  -1.1000052789586127E-006
  -1.7664142251117310E-006
  -2.2461322608305367E-006
  -1.1705824052195790E-006
  -4.2393431636005237E-007
  -1.9509312056719740E-007
  -2.2706418964141223E-007
  -4.9733580658690157E-007
  -9.7745458060600628E-008
   0.0000000000000000     
   0.0000000000000000     
   0.0000000000000000     
   6.2893164103479890E-007
   4.0152605894639702E-007
  -2.2012221227593445E-007
   5.1545444435154870E-008
   2.8411133120798403E-006
   4.3799711039203558E-006
   3.7700371647373985E-006
   2.6655566669948509E-006
   3.6956037340348109E-007
   2.3905043942502350E-006
   6.7846639532912476E-006
   7.3624841098171904E-006
  -5.1826818498072814E-005
  -3.9315355728698463E-005
  -2.0346789217203933E-006
  -9.1676278318596080E-006
   6.1308675223971680E-007
   5.9021690512477771E-006
   5.1705993626654267E-007
  -3.3846816925808347E-006
  -1.0595399268892480E-005
  -1.5543991685461725E-005
  -6.7342923593336141E-006
  -4.1789255048658905E-006
  -3.7909453378753396E-005
   6.5245830372567954E-007
  -1.1506087323746367E-006
  -1.6573523117988802E-005
  -5.2864848319350869E-005
   3.9868548228267301E-006
   3.0540330440300511E-005
   3.1821005644312904E-005
   2.6581329517097228E-005
  -5.5861303655545251E-006
  -1.9909215962640971E-005
  -2.0378638571807117E-005
  -1.5118497202972377E-005
  -9.0995142378279948E-006
  -5.7820962278954452E-006
  -3.5277222339984200E-006
  -3.3534150470106591E-006
  -4.2717058592578244E-006
  -3.7034447459162575E-006
  -2.2327607629053298E-006
  -5.8113294486783693E-007
   6.4506832693655687E-007
   5.9806818788618445E-007
   2.0275755382985402E-007
   0.0000000000000000     
   0.0000000000000000     
   0.0000000000000000     
   7.9236796035140639E-007
   7.0951004244623945E-007
   3.2653865288101394E-007
   4.2033401501132871E-007
   2.6236993672984604E-006
   2.8680731293789019E-006
   4.1129125836982834E-006
   4.6902485446642444E-006
   5.3131589615323838E-006
   1.9686370345746915E-006
   2.5446227141650924E-006
   2.4070403646446401E-007
  -8.0230703350537290E-006
   4.1224587568892988E-006
  -9.5138804583293507E-006
   1.3449267087655769E-006
   1.7420786995261688E-006
  -8.3864784182496159E-006
  -6.2859859112409037E-006
  -2.4034425615386258E-005
  -1.5988812528005456E-005
  -2.4661753115795160E-005
   6.0886722252305931E-006
   2.1551582301367920E-006
  -2.3364378317674997E-005
   5.8640916107478954E-005
   1.3157724209470086E-005
   4.0761792957504754E-006
  -1.6790079352131692E-006
  -2.7951439860605385E-006
  -1.1515099201658583E-005
  -1.7924252328134078E-005
   4.0248361205748683E-006
  -1.0499854327961030E-005
  -9.9304276801063004E-006
  -1.0324511804517510E-005
  -9.6797836974665598E-006
  -5.1768012687359497E-006
  -3.4366531086677311E-006
  -8.4049743773143503E-007
   1.7201090734657822E-006
   4.0271638622048904E-007
  -5.3176141825404546E-007
  -7.5231554285343115E-007
   4.2309556415807554E-007
   9.8189932027079044E-007
   5.1716807910436731E-007
   2.9353760132954203E-007
   0.0000000000000000     
   0.0000000000000000     
   0.0000000000000000     
   1.1000702282264613E-006
   1.3090259026418613E-006
   4.4546938637100353E-007
  -3.8614030684079507E-007
   1.7388583340494693E-006
   2.7106718666108687E-006
   8.1612698898375886E-007
   4.3394242397964467E-007
  -1.7391194601056698E-006
  -1.8342288865455546E-006
   1.0523784077098748E-006
   5.4221764900450329E-007
   4.1866523393881216E-006
   1.1489465773305830E-006
   7.3600887381761266E-006
   1.7879562947853233E-004
  -1.8225428740533780E-005
  -1.3616765049456823E-006
   1.7172291891522509E-005
   1.0699353876102734E-005
  -1.5377912352161930E-005
   1.9495821353220709E-005
   1.2889862440063326E-004
   1.5812087396921006E-005
   1.4020823721817411E-005
   1.4979230889191370E-005
   8.3094734991827262E-005
   2.4858352126582858E-005
   2.3601685997465847E-005
   5.9354620373711347E-005
  -9.3879643118885752E-007
   5.6077404465326898E-005
   4.2329945209719848E-005
   3.1299861309589954E-005
  -6.5811362871717677E-006
   1.0493635466341272E-005
   1.9456903174341486E-006
  -4.7623570582093698E-006
  -1.6273172365620840E-006
   5.0220204285433085E-006
   5.4340012948930300E-006
   3.1293305532255475E-006
   1.4939608185894739E-007
   5.0103160422659655E-006
   8.4673058486723115E-006
   2.2689366736960183E-006
   4.3351233901945861E-007
   4.8035574896563670E-007
   0.0000000000000000     
   0.0000000000000000     
   0.0000000000000000     
   1.2377136186723892E-006
   1.7161732660001008E-006
   8.6562157628601173E-007
   4.1126336161174811E-007
   1.0884348361304303E-006
   3.2634742624616289E-006
   2.4765408080729369E-006
   3.8226949325103617E-007
   1.5964417009886998E-007
  -1.0025197987988393E-006
  -6.6982513692541552E-007
   1.1846277475736446E-006
   6.1489344396803756E-006
   8.1232652817073711E-006
   1.2512346372365129E-005
   8.9117040972527258E-005
   1.2834402977184209E-005
   1.7515941465976177E-005
   1.9372818322577635E-005
   2.9930889447121382E-006
   3.1857127242233755E-005
   1.1247582604121976E-004
   4.7432570100373223E-005
  -2.9951845078935433E-004
  -2.0101512301437036E-004
   1.1792132916848435E-004
  -1.3262609578165428E-004
  -1.9031795536593837E-005
  -1.0401170685169002E-005
  -4.8787075209290224E-005
  -1.8230359789501107E-004
  -1.5594151930151871E-004
   7.3873904613843945E-005
   1.0325137743936037E-004
  -1.1112089639914355E-005
  -1.9122744038698367E-005
   7.0696848811998963E-006
  -5.4865856913077050E-006
  -2.6942213987324119E-006
   5.5053507588136407E-007
  -1.6612394331676916E-006
   6.0588533237456902E-007
   3.5068698282243829E-006
  -6.5030874243171945E-007
  -9.4038894226749140E-006
  -1.9901406963772096E-006
   1.0094350213488998E-006
   5.6812149154296235E-007
   0.0000000000000000     
   0.0000000000000000     
   0.0000000000000000     
   1.2888666244057573E-006
   2.0461723163324506E-006
   1.5770596282044075E-006
   1.2263322752762868E-006
   8.6884810443927823E-007
   3.3010996457718189E-006
   4.2804379027616590E-006
   2.6725711364807462E-006
  -1.2196565703000836E-006
  -2.2359938512770214E-006
  -1.7579668234473464E-006
   9.1613393308708458E-007
   7.6770219474564775E-006
   1.1542149009213692E-005
   1.3040351969891524E-005
   3.1498590710507618E-006
  -3.2167488443345604E-006
  -7.9866542396239353E-006
  -1.1927834731479802E-005
  -1.7487227370112315E-005
   4.9306099909394534E-006
   6.3922641155019405E-005
   7.0695521607836472E-005
  -1.8272096078310532E-004
   6.0833324695740298E-005
   4.7329698860335456E-004
   1.6028744304089586E-004
   5.6271957026603802E-005
   2.1498234009548846E-005
  -2.9600352881897102E-005
  -2.2484426765288353E-004
  -3.3358840606553287E-004
   1.8431296891003046E-006
   7.2575236924677701E-005
   2.0523049820844634E-005
  -1.4300891088727060E-005
   1.2311813102170427E-005
  -1.6515213219320527E-007
  -7.8473384287702489E-006
  -7.1421435637006609E-006
  -1.4193408185884140E-006
  -1.2725872332759433E-006
   2.5024574336897129E-006
   5.8369548240281418E-007
  -1.5500768222324815E-007
   2.7534444598641987E-006
   1.0427657468076415E-006
   1.3770343079955766E-008
   0.0000000000000000     
   0.0000000000000000     
   0.0000000000000000     
   1.0367577845531385E-006
   2.2510490892358163E-006
   2.4690478326028324E-006
   3.6182642313943469E-006
   2.9361107356762087E-006
   2.4090637033678673E-006
   1.5328745043438505E-006
   1.9880186148897402E-007
  -2.6682536680855126E-006
  -2.3437048847924409E-006
  -2.1371355041366771E-006
  -1.8924397723654968E-006
   1.2202926019286684E-006
   4.9909791755130984E-006
   4.0447771739941015E-006
  -2.0979182498097905E-006
  -2.7113976905389013E-006
  -9.6006399786581480E-006
  -2.2678348370335592E-005
  -1.0459923624216107E-005
   1.6635263387142934E-006
   3.9030246405182734E-005
   7.5281733003014690E-005
   1.5438260680484147E-005
   1.1602825466735420E-004
   9.9420207546934805E-005
   5.5229677442787538E-005
   1.4230990675579948E-004
   6.4579950058256465E-005
   1.4093589141553548E-004
  -1.5655686483163076E-004
  -1.9203107528169058E-004
   5.2550003748145962E-005
   3.3319179501683398E-004
  -9.5736176540403958E-006
  -1.1573954026825742E-005
   1.0465014125492611E-005
   1.1377375800329516E-005
   1.7405190772793030E-005
   9.3168769875411322E-006
  -4.9708089555857674E-007
   2.1763887159228147E-006
  -3.4679332790483351E-006
   1.9481941555824524E-006
   8.4683775021620791E-008
   1.9031789729378705E-006
   4.8892787239871025E-007
   1.9303761047312007E-008
   0.0000000000000000     
   0.0000000000000000     
   0.0000000000000000     
   9.7258861963857827E-007
   1.8036144534513966E-006
   2.4714023632354810E-006
   2.5996500023900146E-006
   1.8917976554877651E-006
   1.6273265377990101E-006
   4.5186770278747744E-007
  -1.8655834348060336E-006
  -1.9808496526939684E-006
  -3.1369061156052261E-007
  -7.7174507160902863E-007
  -2.1056029583837408E-006
  -1.2337844641572821E-006
   2.8507888472948853E-007
  -2.0853880576265449E-006
  -5.6106920542857166E-006
  -3.0396625124959427E-006
  -4.1137901678541513E-006
  -6.6220997626720735E-006
   4.1529252521464949E-007
   8.1398276604810969E-007
   3.9944466990622048E-006
   3.6717144354845027E-005
   5.6723195129060356E-005
   1.8430021722061189E-004
   2.9036739830390613E-005
   6.7344498414069346E-005
   6.0532082943996543E-005
   4.8304704770035450E-006
  -6.6839017215505241E-005
  -1.4544936706203885E-004
   4.0346443631250282E-005
   1.9204454438179446E-004
   1.6207909143183682E-004
  -1.7656004376648060E-004
  -4.7072400949173859E-005
  -3.6403885950232110E-006
   2.5476983477747575E-006
  -4.0658168536592857E-006
   1.0116165315388272E-006
   1.9885995720849617E-006
   1.8183294560292404E-006
   3.0173643832869974E-006
   5.9734396086783501E-007
  -2.9664745538021197E-006
  -8.4419814855454554E-007
  -2.3751828913521111E-007
  -5.3308475470565474E-008
   0.0000000000000000     
   0.0000000000000000     
   0.0000000000000000     
   9.0125122318347320E-007
   1.6913453994955829E-006
   1.9382764945310213E-006
   1.5490506249629369E-006
   9.7700290343359931E-007
   1.2969293218673706E-007
  -7.3048115892570545E-007
  -1.2923544769023456E-006
  -4.4793519432216491E-007
   3.8040633645875786E-007
  -7.3821481305604185E-007
  -1.6854855869887282E-006
  -1.5751198055803001E-006
  -9.1212799376122801E-007
  -2.8397979186277422E-006
  -7.9303527441600435E-006
  -6.8643746554236443E-006
  -3.9571824812224371E-006
  -4.0712359738697377E-006
   1.6571153629150143E-006
   3.3509792787812081E-006
  -8.7799895826379254E-006
  -9.1662112584975543E-006
  -1.3862484048457001E-006
   1.3631170375173322E-005
   3.9461261945972956E-006
   9.9808455595761798E-006
   0.0000000000000000     
  -1.5246877991719006E-005
  -6.2723841587307685E-005
   2.4586485955630863E-005
   6.7714409194070537E-005
  -1.7061883647222226E-005
  -5.6091996247523959E-005
  -1.2915674375848816E-004
   3.4195402185236515E-006
   4.1405237007516309E-005
  -6.5815020135904942E-007
  -5.8041764650274741E-005
  -7.0939416447307106E-005
  -1.3081739198956431E-007
  -8.5551701719733486E-007
   4.6545797986967071E-007
  -8.4098219394392893E-007
   3.4910494579498939E-006
  -1.7079905472688791E-006
  -1.0750970838739040E-006
  -2.1879305510123741E-007
   0.0000000000000000     
   0.0000000000000000     
   0.0000000000000000     
   8.5652843436871005E-007
   1.6555375136928328E-006
   1.9982355921325659E-006
   1.5338985522509704E-006
   1.0339909874822965E-006
   8.5222112813928012E-007
  -9.0130761950698565E-008
  -2.6021308163522027E-007
  -2.2007422440101479E-007
  -1.8772236670100457E-008
  -5.7169382216040104E-007
  -1.0884936138075700E-006
  -1.5761220143822247E-006
  -1.4196107506740036E-006
  -1.2111462593741287E-006
  -3.5941377281826555E-006
  -5.9159448067124670E-006
  -3.6170870023758337E-006
  -9.2686328935996632E-006
  -6.1488083656783515E-006
  -1.5096259103411896E-006
  -6.2702192364992484E-006
  -1.9265542785201248E-005
  -2.7938035412668389E-005
  -3.5069416156511086E-005
  -4.5269884695146192E-005
  -5.0146159391592140E-005
  -5.1850529875500993E-005
  -1.8377711152406606E-005
  -1.5283797919738104E-005
   4.4714449631085456E-005
   5.3430261718258873E-006
  -5.9640635802297561E-005
  -4.3102554859851202E-005
  -2.4316974711879686E-005
   2.9453925556070588E-005
   3.7783420321510121E-005
  -4.6725733399001520E-006
  -5.1396887648457173E-005
  -5.9608624996346753E-005
  -5.4587914367955982E-005
   1.4300412500756147E-005
   1.6969809086812199E-005
  -9.1332990960226450E-006
  -1.3405782293857524E-006
  -6.0201019507917554E-006
  -1.1288578230693736E-006
  -1.1938616858729257E-008
   0.0000000000000000     
   0.0000000000000000     
   0.0000000000000000     
   7.5771022408985166E-007
   1.5147509199513758E-006
   1.9180426859460056E-006
   1.5328245236668090E-006
   1.1286840644277280E-006
   1.1049062739696947E-006
   7.4754869047428303E-007
   4.2181027836699046E-007
   1.8975473116337127E-007
  -1.0693836615777662E-007
  -1.7293792197433328E-007
  -4.4713265424825985E-007
  -8.0098903997700262E-007
  -1.0049745531934691E-006
  -1.3249639771696924E-006
  -2.3463494630125012E-006
  -3.5859643804979677E-006
  -4.8423343781750091E-006
  -9.3540723928150013E-006
  -7.3284794526023698E-006
  -6.0325738088424127E-006
  -5.4530799638294348E-006
  -7.2623090896210574E-006
  -1.3463226943540330E-005
  -1.8452825736654304E-005
  -1.9352091538931231E-005
  -2.8290202317230083E-005
  -1.9127929457625823E-005
  -1.2606701165799712E-005
  -1.0820450682343329E-005
   3.0922328673220086E-006
   2.0740025310736143E-006
  -7.4727452606316180E-006
  -1.6906302920471049E-005
  -3.4594688141750095E-006
   6.3662678883003129E-006
   5.0430768639066637E-006
  -1.1381085843110488E-005
  -1.3316924671410769E-005
  -8.2518435329261902E-006
  -1.7808298686979256E-005
   6.6143882890305820E-005
   3.8430575705483207E-005
  -3.8165002692941418E-007
  -1.1516673419829990E-005
  -5.1876653640207672E-006
  -1.5692605522974551E-007
   4.5462731569442412E-007
   0.0000000000000000     
   0.0000000000000000     
   0.0000000000000000     
   6.4469846956516590E-007
   1.3633404794708293E-006
   1.6663379831149784E-006
   1.3266325824494960E-006
   1.0665012593434957E-006
   8.9296337038965672E-007
   8.9037952398998069E-007
   4.3827000780678283E-007
  -2.4137927190994849E-008
  -3.3059284315886165E-007
  -3.2868631769610501E-007
  -2.3290074272033267E-007
  -3.8647959812962476E-007
  -8.9639306819682818E-007
  -1.5029247887573527E-006
  -1.7008325608706561E-006
  -2.4339204158028349E-006
  -2.5194296174208616E-006
  -5.0367564295466971E-006
  -8.0836015541136171E-006
  -6.2901575753616351E-006
  -4.1824463655777979E-006
  -3.3145773455500309E-006
  -3.1721417521608244E-006
  -4.0322968932255344E-006
  -6.3353764401426205E-006
  -3.6510064840236950E-006
  -1.4276851243244095E-006
  -3.1432152366930684E-007
   1.0843483338691192E-006
  -1.1979316473263816E-006
  -2.3557305982473603E-006
   5.8276803598379686E-006
   3.6389878956068089E-006
   1.2773262797374319E-006
  -1.0223652790926606E-006
  -9.8834380625958914E-007
  -4.1057656215445459E-006
  -2.9956580392065493E-006
   6.1349676292504862E-006
   1.5641598455359472E-005
   5.1374365581130126E-005
   3.3707450018902921E-005
   1.6509311041490481E-005
  -3.5110986085959285E-006
  -7.5438387347285845E-007
   7.3338464077764942E-007
   4.9956893147757518E-007
   0.0000000000000000     
   0.0000000000000000     
   0.0000000000000000     
   5.1773403928562666E-007
   1.1541497829007057E-006
   1.3842958558405865E-006
   1.0193564764323748E-006
   6.9536807741298401E-007
   5.9174116765301944E-007
   6.5725720595590709E-007
   5.9438090917173505E-007
   1.5795924538102873E-007
  -2.4889657989184844E-007
  -5.0416184580614058E-007
  -4.2211217630828216E-007
  -2.0928875317084101E-007
  -3.5565974302132635E-007
  -6.3718117877461028E-007
  -1.1994635937754659E-006
  -2.1126875638977054E-006
  -3.5817992493253825E-006
  -2.0734220896916967E-006
  -7.3637138614662574E-006
  -7.9101736689373790E-006
  -4.3853365422147779E-006
  -9.7247085791785407E-007
  -7.9823602694382686E-007
  -1.5654656340725644E-006
  -1.5370195217144319E-006
  -8.4888197732034922E-007
   1.1720808475519026E-006
   2.1506643885792714E-006
   2.2587829322354186E-006
   5.8163038300905040E-007
  -3.5880466258244419E-007
  -9.8414234520419133E-008
   2.3673167396085580E-006
   2.3664271575047872E-006
  -1.6110316535827331E-006
  -3.0673170858838665E-006
  -1.5985898487355881E-007
  -2.4649624818367109E-006
  -2.1595229915370755E-006
   5.8334416141102035E-006
   9.9305853129921910E-006
   7.4728382795853636E-006
   3.7559024522328704E-006
   1.7625753904409124E-006
   1.1237465240793047E-006
   6.3499560497738443E-007
   2.5253847265786548E-007
   0.0000000000000000     
   0.0000000000000000     
   0.0000000000000000     
   2.9342933925094430E-007
   7.0841011396328770E-007
   8.3053227017315968E-007
   7.3130983689246440E-007
   3.6171144421185334E-007
   2.2187869447784895E-007
   3.9718445409651900E-007
   5.0305031521651642E-007
   4.0562145023435530E-007
   9.4925739880540517E-008
  -3.4535421405255849E-007
  -5.6320099662659874E-007
  -5.3608262242259819E-007
  -4.8225047007565839E-007
  -2.2223221056475217E-007
  -5.3039174900060189E-007
  -1.2303368733783401E-006
  -1.2509361671837017E-006
  -2.0779772672075070E-006
  -3.4234704908290642E-006
  -4.2269691958015952E-006
  -4.4396372592064918E-006
  -1.0875983412911847E-006
  -1.5571608504803739E-006
  -1.0660247127493712E-006
  -1.0264647396456601E-006
  -8.7987677588926947E-007
  -1.1228994249802200E-007
   2.1845508424667581E-007
   9.2258918908598912E-007
   9.7897401674571515E-007
  -4.6532658298805826E-007
  -7.2195187772898489E-007
   0.0000000000000000     
   0.0000000000000000     
  -2.6002200389907516E-007
  -4.1527370906499262E-007
   1.5263057298401135E-007
   2.6216753450211359E-007
  -3.5282779441355251E-006
  -3.0636241921938853E-006
  -6.3683202576555791E-007
  -2.4726719887080044E-007
  -7.7863740609356811E-008
  -3.0380604437046613E-007
   4.9630254187358237E-007
   2.8269695464966302E-007
   9.6962385737442632E-008
   0.0000000000000000     
   0.0000000000000000     
   0.0000000000000000     
   1.6824521328480568E-007
   6.5320779806906396E-007
   9.7764316510978072E-007
   7.2222523174768942E-007
   4.8953375008160301E-007
   2.4192409049738431E-007
   3.2897826436043505E-007
   6.9191508351455247E-007
   9.2639123832215026E-007
   8.2172151789325895E-007
   4.0630936190118324E-007
  -1.4934926410560730E-007
  -5.0614061532850570E-007
  -6.5622954687735703E-007
  -2.7177556457026839E-007
  -4.1877319304248344E-007
  -9.8913819483277107E-007
  -1.8289744043886192E-006
  -3.0066693169835954E-006
  -2.5944140444185179E-006
  -1.5729565079372376E-006
  -1.6566311360372110E-006
  -1.8289644613359929E-006
  -7.5856267462153843E-007
  -1.3820977594495785E-006
  -3.3585232379407660E-007
  -2.7365895517215839E-007
  -5.8902325944443213E-007
  -5.5822167998375155E-008
   4.4820511694367467E-007
   5.2060990541979533E-007
  -4.0559201524153396E-007
  -1.2248860963149581E-006
  -1.2885423723303742E-006
  -1.1511505730872798E-006
  -1.5372299229309089E-006
  -7.3292675822321010E-007
  -5.0603718076499381E-008
  -7.4623443388906745E-008
  -1.8599186812049094E-006
  -2.3974865153701854E-006
  -1.6843887973000541E-006
  -1.3295385609695474E-006
  -8.5515899422068522E-007
  -2.3112512625472174E-007
  -5.1645114728152045E-008
   5.6306174848353747E-008
   4.0055295763572807E-008
   0.0000000000000000     
   0.0000000000000000     
   0.0000000000000000     
   8.6842891323768597E-008
   3.6922627074179683E-007
   6.8979961062416440E-007
   8.0514038496641725E-007
   5.9398551124672514E-007
   2.5099982521155221E-007
   1.5651355026980888E-007
   4.3885749813709295E-007
   7.9893661024682785E-007
   9.6586701228387369E-007
   8.7065435262687679E-007
   5.1221410444442936E-007
   1.1357457552796695E-007
  -1.2216859432271216E-007
  -2.8324512877598447E-007
  -3.3874231531640032E-007
  -4.0708171724896373E-007
  -6.5437969898471231E-007
  -1.1836474072398682E-006
  -1.8854391509486177E-006
  -2.4196706941908006E-006
  -3.1988985059148714E-006
  -2.4227150599739496E-006
  -2.1338333812783376E-006
  -1.9528052590181281E-006
  -1.6298187742013878E-006
  -6.2485725742794773E-007
  -5.4561347025214007E-007
  -4.5198682728979781E-007
  -3.9913023665068209E-007
  -3.6640286362825070E-007
  -2.2113603031508205E-007
  -1.9442326264211534E-007
  -3.0672297211943214E-007
  -1.2188723069147484E-006
  -8.3747778718372073E-007
  -1.4224644144420284E-006
  -9.6057394649623774E-007
  -2.3538763108131117E-007
  -4.1230386196452773E-007
  -1.0115668397887510E-006
  -7.3665369847320421E-007
  -3.0156568148579062E-007
  -3.0776170015858990E-007
  -1.3683681297947701E-007
  -1.0642207930823178E-007
  -3.2922839545755128E-008
  -2.0590609493708072E-008
   0.0000000000000000     
   0.0000000000000000     
   0.0000000000000000     
   4.5531352514786213E-009
   1.2685998352295534E-007
   3.1538221468511576E-007
   4.1638300072139229E-007
   3.1983915198685514E-007
   1.2137982683235654E-007
   3.4768744954935849E-008
   1.3890939280660275E-007
   3.0480109995344966E-007
   4.3067126634716097E-007
   4.8760361810021098E-007
   4.5658982867194721E-007
   2.9157316342354977E-007
   9.7725901176007963E-008
  -6.3047588464558936E-008
  -1.4739071547755911E-007
  -1.7037985520759899E-007
  -2.8445290639841067E-007
  -5.2558897169403985E-007
  -8.5882863499682844E-007
  -1.3059797505856717E-006
  -1.7871171727877261E-006
  -2.1326001340967002E-006
  -2.2657371749661911E-006
  -2.2626528516131855E-006
  -2.0453575849112810E-006
  -1.7991729118155887E-006
  -1.4744374317563235E-006
  -2.8072455961119236E-007
  -2.2161467935856712E-007
  -2.1975724284823516E-007
  -2.2733788508383196E-007
  -3.4839017812071990E-007
  -2.0883459253261620E-007
  -2.9187023022926669E-007
  -3.4441333214641654E-007
  -3.2394176218786986E-007
  -3.4190241324546547E-007
  -2.7690319531056108E-007
  -1.7899140870250095E-007
  -1.0412499326175964E-007
  -1.0533252143341981E-007
  -6.6826091036184114E-008
   2.7617868003355885E-008
   3.2463879821419395E-008
   5.9823872864224287E-009
  -1.6668553739637847E-008
  -1.7669016351709864E-008
   0.0000000000000000     
   0.0000000000000000     
   0.0000000000000000     
   0.0000000000000000     
   0.0000000000000000     
   0.0000000000000000     
   0.0000000000000000     
   0.0000000000000000     
   0.0000000000000000     
   0.0000000000000000     
   0.0000000000000000     
   0.0000000000000000     
   0.0000000000000000     
   0.0000000000000000     
   0.0000000000000000     
   0.0000000000000000     
   0.0000000000000000     
   0.0000000000000000     
   0.0000000000000000     
   0.0000000000000000     
   0.0000000000000000     
   0.0000000000000000     
   0.0000000000000000     
   0.0000000000000000     
   0.0000000000000000     
   0.0000000000000000     
   0.0000000000000000     
   0.0000000000000000     
   0.0000000000000000     
   0.0000000000000000     
   0.0000000000000000     
   0.0000000000000000     
   0.0000000000000000     
   0.0000000000000000     
   0.0000000000000000     
   0.0000000000000000     
   0.0000000000000000     
   0.0000000000000000     
   0.0000000000000000     
   0.0000000000000000     
   0.0000000000000000     
   0.0000000000000000     
   0.0000000000000000     
   0.0000000000000000     
   0.0000000000000000     
   0.0000000000000000     
   0.0000000000000000     
   0.0000000000000000     
   0.0000000000000000     
   0.0000000000000000     
   0.0000000000000000     
   0.0000000000000000     
   0.0000000000000000     
   0.0000000000000000     
   0.0000000000000000     
   0.0000000000000000     
   0.0000000000000000     
   0.0000000000000000     
   0.0000000000000000     
   0.0000000000000000     
   0.0000000000000000     
   0.0000000000000000     
   0.0000000000000000     
   0.0000000000000000     
   0.0000000000000000     
   0.0000000000000000     
   0.0000000000000000     
   0.0000000000000000     
   0.0000000000000000     
   0.0000000000000000     
   0.0000000000000000     
   0.0000000000000000     
   0.0000000000000000     
   0.0000000000000000     
   0.0000000000000000     
   0.0000000000000000     
   0.0000000000000000     
   0.0000000000000000     
   0.0000000000000000     
   0.0000000000000000     
   0.0000000000000000     
   0.0000000000000000     
   0.0000000000000000     
   0.0000000000000000     
   0.0000000000000000     
   0.0000000000000000     
   0.0000000000000000     
   0.0000000000000000     
   0.0000000000000000     
   0.0000000000000000     
   0.0000000000000000     
   0.0000000000000000     
   0.0000000000000000     
   0.0000000000000000     
   0.0000000000000000     
   0.0000000000000000     
   0.0000000000000000     
   0.0000000000000000     
   0.0000000000000000     
   0.0000000000000000     
   0.0000000000000000     
   0.0000000000000000     
   0.0000000000000000     
   0.0000000000000000     
