   0.0000000000000000     
   0.0000000000000000     
   0.0000000000000000     
   0.0000000000000000     
   0.0000000000000000     
   0.0000000000000000     
   0.0000000000000000     
   0.0000000000000000     
   0.0000000000000000     
   0.0000000000000000     
   0.0000000000000000     
   0.0000000000000000     
   0.0000000000000000     
   0.0000000000000000     
   0.0000000000000000     
   0.0000000000000000     
   0.0000000000000000     
   0.0000000000000000     
   0.0000000000000000     
   0.0000000000000000     
   0.0000000000000000     
   0.0000000000000000     
   0.0000000000000000     
   0.0000000000000000     
   0.0000000000000000     
   0.0000000000000000     
   0.0000000000000000     
   0.0000000000000000     
   0.0000000000000000     
   0.0000000000000000     
   0.0000000000000000     
   0.0000000000000000     
   0.0000000000000000     
   0.0000000000000000     
   0.0000000000000000     
   0.0000000000000000     
   0.0000000000000000     
   0.0000000000000000     
   0.0000000000000000     
   0.0000000000000000     
   0.0000000000000000     
   0.0000000000000000     
   0.0000000000000000     
   0.0000000000000000     
   0.0000000000000000     
   0.0000000000000000     
   0.0000000000000000     
   0.0000000000000000     
   0.0000000000000000     
   0.0000000000000000     
   0.0000000000000000     
   0.0000000000000000     
   0.0000000000000000     
   0.0000000000000000     
   0.0000000000000000     
   0.0000000000000000     
   0.0000000000000000     
   0.0000000000000000     
   0.0000000000000000     
   0.0000000000000000     
   0.0000000000000000     
   0.0000000000000000     
   0.0000000000000000     
   0.0000000000000000     
   0.0000000000000000     
   0.0000000000000000     
   0.0000000000000000     
   0.0000000000000000     
   0.0000000000000000     
   0.0000000000000000     
   0.0000000000000000     
   0.0000000000000000     
   0.0000000000000000     
   0.0000000000000000     
   0.0000000000000000     
   0.0000000000000000     
   0.0000000000000000     
   0.0000000000000000     
   0.0000000000000000     
   0.0000000000000000     
   0.0000000000000000     
   0.0000000000000000     
   0.0000000000000000     
   0.0000000000000000     
   0.0000000000000000     
   0.0000000000000000     
   0.0000000000000000     
   0.0000000000000000     
   0.0000000000000000     
   0.0000000000000000     
   0.0000000000000000     
   0.0000000000000000     
   0.0000000000000000     
   0.0000000000000000     
   0.0000000000000000     
   0.0000000000000000     
   0.0000000000000000     
   0.0000000000000000     
   0.0000000000000000     
   0.0000000000000000     
   0.0000000000000000     
   0.0000000000000000     
   0.0000000000000000     
   0.0000000000000000     
   0.0000000000000000     
   0.0000000000000000     
   0.0000000000000000     
   0.0000000000000000     
   0.0000000000000000     
   0.0000000000000000     
   0.0000000000000000     
   0.0000000000000000     
   0.0000000000000000     
   0.0000000000000000     
   0.0000000000000000     
   0.0000000000000000     
   0.0000000000000000     
   0.0000000000000000     
   0.0000000000000000     
   0.0000000000000000     
   0.0000000000000000     
   0.0000000000000000     
   0.0000000000000000     
   0.0000000000000000     
   0.0000000000000000     
  -8.1014018478259360E-007
   0.0000000000000000     
   0.0000000000000000     
   0.0000000000000000     
   0.0000000000000000     
   0.0000000000000000     
   0.0000000000000000     
   0.0000000000000000     
   0.0000000000000000     
   0.0000000000000000     
   0.0000000000000000     
   0.0000000000000000     
   0.0000000000000000     
   0.0000000000000000     
   0.0000000000000000     
   0.0000000000000000     
   0.0000000000000000     
   0.0000000000000000     
   0.0000000000000000     
   0.0000000000000000     
   0.0000000000000000     
   0.0000000000000000     
   0.0000000000000000     
   0.0000000000000000     
   0.0000000000000000     
   0.0000000000000000     
   0.0000000000000000     
   0.0000000000000000     
   0.0000000000000000     
   0.0000000000000000     
   0.0000000000000000     
   0.0000000000000000     
   0.0000000000000000     
   0.0000000000000000     
   0.0000000000000000     
   0.0000000000000000     
   0.0000000000000000     
   0.0000000000000000     
   0.0000000000000000     
   0.0000000000000000     
   0.0000000000000000     
   0.0000000000000000     
   0.0000000000000000     
   0.0000000000000000     
   0.0000000000000000     
   0.0000000000000000     
   0.0000000000000000     
   0.0000000000000000     
   0.0000000000000000     
   0.0000000000000000     
  -1.1215246119988220E-007
  -1.7940624713783718E-007
   9.5051335914046222E-007
  -8.2511503373066571E-008
   0.0000000000000000     
   0.0000000000000000     
   0.0000000000000000     
   0.0000000000000000     
   0.0000000000000000     
   0.0000000000000000     
   0.0000000000000000     
   0.0000000000000000     
   0.0000000000000000     
   0.0000000000000000     
   0.0000000000000000     
   0.0000000000000000     
   0.0000000000000000     
   0.0000000000000000     
   0.0000000000000000     
   0.0000000000000000     
   0.0000000000000000     
   0.0000000000000000     
   0.0000000000000000     
   0.0000000000000000     
   0.0000000000000000     
   0.0000000000000000     
   0.0000000000000000     
   0.0000000000000000     
   0.0000000000000000     
   0.0000000000000000     
   0.0000000000000000     
   0.0000000000000000     
   0.0000000000000000     
   0.0000000000000000     
   0.0000000000000000     
   0.0000000000000000     
   0.0000000000000000     
   0.0000000000000000     
   0.0000000000000000     
   9.2258034829004359E-009
   0.0000000000000000     
   0.0000000000000000     
   0.0000000000000000     
   0.0000000000000000     
   0.0000000000000000     
   0.0000000000000000     
   0.0000000000000000     
   0.0000000000000000     
   0.0000000000000000     
   0.0000000000000000     
   0.0000000000000000     
   1.0769728085417943E-006
   3.1019646805672020E-007
  -2.2716688463658101E-007
  -6.0003718057150724E-008
   5.6977616218254509E-007
   0.0000000000000000     
   0.0000000000000000     
   0.0000000000000000     
   0.0000000000000000     
   0.0000000000000000     
   0.0000000000000000     
   0.0000000000000000     
   0.0000000000000000     
   0.0000000000000000     
   0.0000000000000000     
   0.0000000000000000     
   0.0000000000000000     
   0.0000000000000000     
   0.0000000000000000     
   0.0000000000000000     
   0.0000000000000000     
   0.0000000000000000     
   0.0000000000000000     
   0.0000000000000000     
   0.0000000000000000     
   0.0000000000000000     
   0.0000000000000000     
   0.0000000000000000     
   0.0000000000000000     
   0.0000000000000000     
   0.0000000000000000     
   0.0000000000000000     
   0.0000000000000000     
   0.0000000000000000     
   0.0000000000000000     
   0.0000000000000000     
   0.0000000000000000     
   0.0000000000000000     
  -1.8671724838717467E-007
   0.0000000000000000     
   0.0000000000000000     
   0.0000000000000000     
   0.0000000000000000     
   0.0000000000000000     
   0.0000000000000000     
   0.0000000000000000     
   0.0000000000000000     
   0.0000000000000000     
   0.0000000000000000     
   0.0000000000000000     
   0.0000000000000000     
   7.3781786735305643E-007
   6.6105322774916778E-007
   2.5639304122216822E-007
  -7.7889189165978529E-007
  -4.2915535349455578E-008
   1.0742025351496352E-006
   1.0627419569459958E-007
   0.0000000000000000     
   0.0000000000000000     
   0.0000000000000000     
   0.0000000000000000     
   0.0000000000000000     
   0.0000000000000000     
   0.0000000000000000     
   0.0000000000000000     
   0.0000000000000000     
   0.0000000000000000     
   0.0000000000000000     
   0.0000000000000000     
   0.0000000000000000     
   0.0000000000000000     
   0.0000000000000000     
   0.0000000000000000     
   0.0000000000000000     
   0.0000000000000000     
   0.0000000000000000     
   0.0000000000000000     
   0.0000000000000000     
   0.0000000000000000     
   0.0000000000000000     
   0.0000000000000000     
   0.0000000000000000     
   0.0000000000000000     
   0.0000000000000000     
   0.0000000000000000     
   6.1514633720954716E-007
  -6.9204758829478135E-008
  -5.8305251489337072E-007
  -1.8603169808135722E-007
   0.0000000000000000     
   0.0000000000000000     
   0.0000000000000000     
   0.0000000000000000     
   0.0000000000000000     
   0.0000000000000000     
   0.0000000000000000     
   0.0000000000000000     
   0.0000000000000000     
   0.0000000000000000     
   0.0000000000000000     
   4.2498381151339555E-007
  -5.8771527913015662E-007
  -1.9527722591197685E-007
   1.1885878072916736E-007
   4.0098964745961472E-007
   6.0432578905500763E-007
  -1.4278474753583307E-007
  -4.7028584796564899E-007
  -2.1609836661509771E-007
  -3.5726825904016001E-007
   0.0000000000000000     
   0.0000000000000000     
   0.0000000000000000     
   0.0000000000000000     
   0.0000000000000000     
   0.0000000000000000     
   0.0000000000000000     
   0.0000000000000000     
   0.0000000000000000     
   0.0000000000000000     
   0.0000000000000000     
   0.0000000000000000     
   0.0000000000000000     
   0.0000000000000000     
   0.0000000000000000     
   0.0000000000000000     
   0.0000000000000000     
   0.0000000000000000     
   0.0000000000000000     
   0.0000000000000000     
   0.0000000000000000     
   0.0000000000000000     
   0.0000000000000000     
   0.0000000000000000     
   4.9921414154261711E-007
  -1.8772221055191384E-007
   1.7748990439742059E-007
   4.9778699528395589E-008
  -2.8036095681913207E-006
  -2.9175360874487586E-007
  -4.1834669701370330E-009
   1.7863298716955982E-008
   8.7929242291481520E-007
   0.0000000000000000     
   0.0000000000000000     
   0.0000000000000000     
   0.0000000000000000     
   0.0000000000000000     
   0.0000000000000000     
   0.0000000000000000     
   0.0000000000000000     
   2.8572228886316160E-007
  -6.7679272512144875E-007
  -1.3813356829244372E-007
  -4.7536934524181087E-007
  -5.7854459723267671E-007
   1.8521133391887523E-007
  -1.1849790155420743E-007
  -9.6167136337551610E-008
   4.8839222046310383E-007
   9.9391519185982343E-007
  -1.6206105334911177E-007
   0.0000000000000000     
   0.0000000000000000     
   0.0000000000000000     
   0.0000000000000000     
   0.0000000000000000     
   0.0000000000000000     
   0.0000000000000000     
   0.0000000000000000     
   0.0000000000000000     
   0.0000000000000000     
   0.0000000000000000     
   0.0000000000000000     
   0.0000000000000000     
   0.0000000000000000     
   0.0000000000000000     
   0.0000000000000000     
   0.0000000000000000     
   0.0000000000000000     
   0.0000000000000000     
   0.0000000000000000     
   0.0000000000000000     
  -5.1153398826668445E-007
   6.8258786213399844E-007
   8.1590485229976953E-007
  -6.4127006297543839E-008
  -2.7724226661352463E-007
  -4.7520470549620485E-008
  -3.3313725729827713E-007
  -2.5487179629164547E-007
   5.1054060410451494E-008
  -1.0954336468640280E-007
   3.7658227506453506E-007
   0.0000000000000000     
   0.0000000000000000     
   0.0000000000000000     
   0.0000000000000000     
   0.0000000000000000     
   0.0000000000000000     
   0.0000000000000000     
   0.0000000000000000     
  -4.9051339743703745E-007
  -1.8392778815755994E-007
  -4.1593929919026748E-007
  -4.2182033355307021E-007
  -3.4821574541095921E-007
  -2.3461105597337153E-007
   5.4805957591868220E-008
  -2.1695012725043617E-007
   7.1285900115906391E-007
   5.9555617781638933E-007
   1.2544780196481382E-007
  -2.7831007590953505E-007
   0.0000000000000000     
   0.0000000000000000     
   0.0000000000000000     
   0.0000000000000000     
   0.0000000000000000     
   0.0000000000000000     
   0.0000000000000000     
   0.0000000000000000     
   0.0000000000000000     
   0.0000000000000000     
   0.0000000000000000     
   0.0000000000000000     
   0.0000000000000000     
   0.0000000000000000     
   0.0000000000000000     
   0.0000000000000000     
   0.0000000000000000     
   0.0000000000000000     
   0.0000000000000000     
   0.0000000000000000     
  -9.8540279344620509E-007
  -4.7044185063026415E-007
  -1.0279648648442430E-006
   7.0010392239594408E-008
   1.0120781122994626E-006
  -4.4936427411465928E-008
   5.2188898705174884E-007
   5.1315087163795302E-007
  -6.2057216714559417E-008
   1.7036460586085430E-007
   4.8333686270905258E-008
   5.2919393929906487E-007
   0.0000000000000000     
   0.0000000000000000     
   0.0000000000000000     
   0.0000000000000000     
   0.0000000000000000     
   0.0000000000000000     
   0.0000000000000000     
   5.7506123237275663E-007
  -4.6362785976008882E-007
   4.7873120521537939E-007
   1.3624205350660195E-007
   4.4215270689741532E-008
   1.5543026219628570E-007
  -6.3504334928317728E-008
   1.9356872867827169E-007
  -7.1314756513468966E-008
   1.6760984249824486E-007
  -1.7611618988570758E-007
  -3.2282099017649236E-007
   1.7857108664171326E-007
   0.0000000000000000     
   0.0000000000000000     
   0.0000000000000000     
   0.0000000000000000     
   0.0000000000000000     
   0.0000000000000000     
   0.0000000000000000     
   0.0000000000000000     
   0.0000000000000000     
   0.0000000000000000     
   0.0000000000000000     
   0.0000000000000000     
   0.0000000000000000     
   0.0000000000000000     
   0.0000000000000000     
   0.0000000000000000     
   0.0000000000000000     
   0.0000000000000000     
  -5.6167290761363602E-007
  -3.1049969695725585E-007
  -1.8960217814175770E-007
  -7.5418353184761940E-007
   5.2548769811739616E-007
   1.3248367818715112E-007
  -1.2182638707079782E-008
  -9.0154807016547163E-008
   2.1234906397075708E-006
   1.0626262865222228E-006
  -4.9102681465753347E-007
  -3.2011274976676995E-007
  -9.5186774260052267E-007
   1.8873203896572513E-006
   0.0000000000000000     
   1.4744457057432957E-006
   0.0000000000000000     
   2.0745407778194473E-007
   2.0718685212137984E-006
   3.2765230716148922E-007
  -1.9479478795954424E-007
  -1.1486868269826829E-007
   2.6573524736011046E-008
   2.3900092653567383E-007
  -7.4722281303099887E-008
   3.1922882223329240E-007
   4.3157612601736394E-007
   4.9790011276123318E-007
   1.0692238027302308E-007
  -4.5729492558566035E-007
  -6.5653559442096673E-008
  -1.0803110652448969E-007
   6.6256562470198294E-007
   5.8103830938448464E-007
   0.0000000000000000     
   0.0000000000000000     
   0.0000000000000000     
   0.0000000000000000     
   0.0000000000000000     
   0.0000000000000000     
   0.0000000000000000     
   0.0000000000000000     
   0.0000000000000000     
   0.0000000000000000     
   0.0000000000000000     
   0.0000000000000000     
   0.0000000000000000     
   0.0000000000000000     
   0.0000000000000000     
   0.0000000000000000     
   0.0000000000000000     
   7.8305370583739462E-007
  -2.3826982333802257E-007
   8.1965232420408909E-008
   1.5249788881795107E-006
  -2.4384039998679401E-008
  -1.0896503194329386E-007
  -9.0719531664926222E-007
   7.7072973275149533E-008
   1.2795429375132388E-007
   7.7614986944312166E-008
   5.4634643870800516E-007
   1.5608206838357073E-007
   7.2931179369969970E-008
  -7.8266236375519276E-008
   6.4839737373198651E-007
   0.0000000000000000     
   3.9984049547940738E-008
  -2.1650871279403617E-007
   1.4406855181001153E-006
  -2.7333939507449746E-007
   6.7531966320170283E-008
   7.5377758959861386E-007
  -3.8113061625765748E-008
  -1.3557033149166737E-007
  -3.2820613392838580E-007
   2.3346665796885399E-009
   2.9654984815217622E-007
  -5.2825654651010791E-008
   2.5751536109502624E-007
   2.2325725279571962E-007
  -3.1874515042337677E-007
   8.5138371117004274E-008
   2.7822428128002764E-007
   3.1112967767732084E-007
  -2.8979673188174570E-007
   1.0137961996735708E-006
   0.0000000000000000     
   0.0000000000000000     
   0.0000000000000000     
   0.0000000000000000     
   0.0000000000000000     
   0.0000000000000000     
   0.0000000000000000     
   0.0000000000000000     
   0.0000000000000000     
   0.0000000000000000     
   0.0000000000000000     
   0.0000000000000000     
   0.0000000000000000     
   0.0000000000000000     
   0.0000000000000000     
   2.0462357721273123E-007
   6.5544606589174022E-007
  -4.9968528506979855E-008
   1.1335162681141764E-006
  -5.6768862040769985E-008
   4.1326840499365374E-007
  -7.3477768178006561E-010
  -3.7139404880969580E-007
   1.2133474546252567E-006
  -6.3228427077627062E-007
  -2.9021347290782815E-007
   5.2938732989586223E-007
  -6.1960861359289000E-007
   1.8434901920471409E-007
  -5.5930521355280422E-008
   2.9739857670308036E-007
   0.0000000000000000     
   2.3796592664184509E-006
   1.4761656981054588E-006
  -4.6064876333645594E-007
   3.0945722463614287E-008
  -3.4622084677869957E-008
   6.3780200925537995E-007
   2.3250675992351240E-007
   1.0520555964293170E-007
   3.8120358631363061E-007
   2.8971418242723494E-007
   1.2767570676637665E-007
   1.6592822109512035E-007
  -1.2133685449079230E-007
  -1.7046114968976520E-007
   2.0129661076178807E-007
   6.9420376009881893E-007
   1.8662279483942300E-007
  -9.1504573320221452E-007
  -6.7637720941841714E-007
  -8.9627019015873254E-008
   0.0000000000000000     
   0.0000000000000000     
   0.0000000000000000     
   0.0000000000000000     
   0.0000000000000000     
   0.0000000000000000     
   0.0000000000000000     
   0.0000000000000000     
   0.0000000000000000     
   0.0000000000000000     
   0.0000000000000000     
   0.0000000000000000     
   0.0000000000000000     
   0.0000000000000000     
  -7.3003110484523609E-008
   9.7903319277522296E-007
  -3.2166697506389734E-007
   5.3005494018760989E-007
  -4.6730614268206179E-007
  -1.3037102004570673E-008
   4.9142589174775568E-007
  -4.9276387724421088E-008
   2.3720211579339403E-007
  -2.2386427983552315E-007
   6.4675550376949155E-008
  -1.6726292516574462E-006
   4.7711723638711450E-007
  -2.2742278214307375E-007
   2.2086716172228844E-008
  -1.2165291526333264E-008
  -9.8250975875491533E-008
   7.8678486825127358E-007
   3.2080052190864432E-007
   3.0040044180833829E-007
   6.2484921076501446E-008
   4.5966421834013635E-008
  -1.5786423249985600E-008
   2.7900292860268674E-007
  -2.9486662282072709E-007
   6.3307096594048064E-007
   7.2375090667315565E-008
   1.1016051361509337E-007
  -3.6165269768364395E-007
   4.6844209206418059E-009
   4.0930696656117760E-007
   5.1711612633601431E-007
   7.7579469976950517E-007
   6.0576455113028911E-009
  -3.6348883760581728E-007
  -1.8649133511508136E-007
   5.5598543079793134E-008
   2.6880426055313906E-007
   0.0000000000000000     
   0.0000000000000000     
   0.0000000000000000     
   0.0000000000000000     
   0.0000000000000000     
   0.0000000000000000     
   0.0000000000000000     
   0.0000000000000000     
   0.0000000000000000     
   0.0000000000000000     
   0.0000000000000000     
   0.0000000000000000     
   0.0000000000000000     
   8.2749431322237244E-007
   4.2903548118157035E-007
  -3.8587607815544333E-007
   1.1259623501808103E-005
  -7.2059389328385430E-007
   2.5438926823311685E-006
   8.0077459226281881E-008
  -1.7041642037803223E-007
   1.9597847898302406E-007
  -4.0993212192158851E-007
  -1.3615493637282063E-006
  -2.5423476698923511E-006
  -3.7047111103438055E-007
   2.2679597734641928E-007
  -1.1170405121398683E-007
   0.0000000000000000     
   5.6273009532651213E-008
   7.5061528090774616E-007
   1.1751813024848638E-006
  -1.8703575058421226E-007
   5.2205039297279382E-007
   1.4942323422009558E-007
  -3.6322781079410128E-007
  -9.5278991022164651E-008
   2.3614822591982810E-007
  -3.8457600348976390E-007
   4.9060098107332609E-008
   6.6389856455545063E-007
   5.4820164565942588E-007
  -3.2394523136960627E-007
   3.1460888895566580E-007
  -5.1313232778331890E-008
  -4.5955622626388638E-007
   6.9870819268116576E-008
  -2.1163182209551775E-007
   2.4640089764766395E-007
   1.8634570218655040E-007
   1.3532968395091754E-007
  -2.4261156941058874E-007
   0.0000000000000000     
   0.0000000000000000     
   0.0000000000000000     
   0.0000000000000000     
   0.0000000000000000     
   0.0000000000000000     
   0.0000000000000000     
   0.0000000000000000     
   0.0000000000000000     
   0.0000000000000000     
   0.0000000000000000     
   0.0000000000000000     
   8.5358010216568769E-007
  -1.1507074549891416E-007
  -1.6290702327196229E-007
   3.8317147048561256E-007
   1.3450855840534173E-007
   2.3517071836430243E-007
   8.2625903968125234E-008
  -3.4433549167383894E-006
  -6.8989314236007411E-008
   8.2152157006159337E-007
   3.7122629789837679E-007
   1.6732773321392832E-007
   6.3603095842486685E-007
   5.5207378357396790E-007
   5.0230478495235645E-007
  -5.9543764682016604E-007
  -4.8448198105766510E-007
  -5.1954118091247603E-007
   1.4104951050939264E-006
   2.6084502501329058E-008
   8.8335568245026289E-008
   1.4253000925855940E-006
  -1.9626525599299625E-007
  -2.1752952246233925E-007
  -5.3242196392093898E-008
  -5.2614390609669099E-008
  -1.3365167573871098E-007
  -4.7159759242076709E-008
  -7.1027624505604374E-008
   4.4464330184132490E-007
   3.7609952868055182E-007
   2.6706111339911102E-006
   3.8599315480400763E-006
   2.8511773559883868E-007
  -4.6514948738271516E-007
  -1.9114118635272931E-007
  -2.5202548021827571E-007
  -1.1540983423048498E-007
   3.3031873882226283E-007
  -1.4569826616398362E-007
   0.0000000000000000     
   0.0000000000000000     
   0.0000000000000000     
   0.0000000000000000     
   0.0000000000000000     
   0.0000000000000000     
   0.0000000000000000     
   0.0000000000000000     
   0.0000000000000000     
   0.0000000000000000     
   0.0000000000000000     
   7.4115135862061876E-007
   2.4115681231007173E-008
   5.7074056358853585E-008
  -1.9652114223381956E-007
   1.0312707284247712E-006
   4.5163012177367258E-007
   1.8717378226009079E-007
   3.1051954551550970E-007
   3.0663772243585594E-007
   1.0471984765389328E-006
  -3.0830245071615558E-008
  -1.5175986825907146E-007
   1.4961606865348996E-007
   3.9904501208195023E-006
   4.9044952801404059E-006
   4.1599141134010850E-007
  -8.1365103124687862E-007
  -4.2104420303877164E-006
   2.8091665591297514E-007
   5.5540001537384219E-007
  -4.2046912362913070E-007
   1.2493695827048831E-006
   1.5654739149537827E-005
  -2.8387552984214118E-007
  -3.8671228143706004E-006
   6.7933931578906116E-006
  -1.2307508067363745E-007
   1.2703057449180590E-007
   4.0309876746071787E-007
   9.6342624382276945E-007
   3.5693898802492950E-007
   3.1359293544693781E-006
   4.6527450685650117E-008
   1.2703917533259723E-007
  -6.4812414199465345E-008
  -1.8129603413154726E-007
  -8.7659330465633381E-007
   1.9557443168524984E-007
   4.6521712452267537E-007
   4.5398021850645624E-007
   1.5800704684192680E-007
   0.0000000000000000     
   0.0000000000000000     
   0.0000000000000000     
   0.0000000000000000     
   0.0000000000000000     
   0.0000000000000000     
   0.0000000000000000     
   0.0000000000000000     
   0.0000000000000000     
   0.0000000000000000     
   1.6374135187530110E-007
  -9.9801415983965582E-008
  -4.0782324128479832E-007
   2.7767353246769657E-007
  -7.5321011225968039E-008
  -9.9271714671916695E-007
  -3.4662000421577123E-006
   1.9770250739744214E-007
   2.3907818667136893E-006
   3.7208082559039692E-006
   4.4928257688162364E-006
  -2.3912983972188494E-007
  -2.1519669797957002E-007
   1.2906847513811849E-005
   6.9102574464266672E-006
   3.2738406872138155E-006
   7.2865075322641181E-008
  -1.0794706910939505E-007
  -2.5813922277140884E-006
  -1.1680128525701774E-008
   6.9477828711715017E-007
   1.2379574418562147E-006
   8.4016283614569432E-007
   1.4621652708964624E-006
  -6.9160705178292311E-006
  -2.3549035454686925E-008
   3.1705341939528622E-005
  -2.1898530045963062E-007
  -2.9297606996996962E-007
  -7.5347729841673861E-007
   2.2050673912099329E-007
  -3.4925652313181789E-007
   8.6259045002728218E-007
  -1.3266185559074173E-008
   3.7339878815828442E-008
   7.8356119053845886E-009
   4.5320323762133583E-007
  -5.0696991486070966E-009
  -4.3401490534080033E-007
   1.0530193921625125E-007
  -1.1942439373807589E-007
   2.3349124903216344E-007
   0.0000000000000000     
   0.0000000000000000     
   0.0000000000000000     
   0.0000000000000000     
   0.0000000000000000     
   0.0000000000000000     
   0.0000000000000000     
   0.0000000000000000     
   0.0000000000000000     
   4.2748109577770025E-007
   1.9254065883552810E-007
   9.6712228405541879E-007
   1.0520879214835864E-007
  -9.2430921685728825E-007
  -3.3146895368749726E-007
  -2.5552912786292627E-006
   5.6254290221008715E-006
   4.3380063122924879E-006
   6.6697774595175309E-006
   4.2177007811953235E-007
   3.1388775682131409E-007
   3.3927439171295361E-008
   4.2145837604871498E-007
   8.8485678506509401E-006
  -3.5045761679415808E-006
   2.8639232692529602E-007
   6.0417051764989795E-007
  -2.3888338973176064E-006
   6.1783504414459414E-007
   5.9149849483408850E-007
   5.5310025619954148E-006
   5.3575462531542802E-006
   4.1934239156794737E-006
  -1.1336083569153810E-006
   3.5065924762942374E-005
   3.1445238434856240E-007
   1.7325010081025384E-005
  -1.5738479682928737E-006
  -5.1492334311707563E-007
  -3.4792892211770219E-006
  -4.5527503450343760E-008
  -2.4189721174723876E-008
  -7.5666333375938555E-008
   1.2312440080040962E-006
  -2.0198709463149625E-007
   3.7176502423755145E-007
  -4.2808865650730127E-008
  -9.7158626276247471E-008
   7.8266851015783636E-008
   9.3925983569778610E-008
  -1.9559034290023645E-007
   5.7218165696590338E-007
   0.0000000000000000     
   0.0000000000000000     
   0.0000000000000000     
   0.0000000000000000     
   0.0000000000000000     
   0.0000000000000000     
   0.0000000000000000     
   0.0000000000000000     
  -3.0148085175337577E-008
  -3.8380428856109608E-008
   1.1509453031969157E-006
   8.3874298529203714E-006
   1.2489682559857224E-005
   6.5388882419950293E-006
  -1.3368605476687677E-007
   1.3086559318587984E-006
   3.5512883618692179E-007
   1.5761240899911853E-007
   8.2963488699995118E-007
   3.7020644729290359E-006
   1.2956349803218608E-006
  -9.8976624450146501E-008
   4.0900943215676223E-006
   2.0681958635387930E-007
  -3.2139059642815407E-007
  -2.3832669198717024E-007
  -4.1175845853104940E-006
  -4.4403815930781584E-007
   1.0543193676358561E-005
   1.3561504771843326E-005
   5.8963870653676318E-006
   1.5282222776319714E-005
  -6.1976364137391205E-006
  -8.9002658197273827E-006
  -3.4098871712610868E-006
  -3.7353584053348268E-007
  -3.3174607175845177E-006
   1.6704987871261282E-009
   4.8695623588189461E-007
  -1.5990719618005913E-006
  -2.5315849728550986E-008
  -2.8253819960876567E-007
   1.6577202407078175E-006
   3.3287471008890424E-007
  -2.8255080663383889E-007
  -1.8381866954057347E-007
   2.2809904059963335E-008
  -5.0892585024664158E-008
   1.6548717896483390E-008
  -3.8672352470913787E-008
  -2.0798087098647600E-007
   2.6865634160549572E-007
  -4.4375642805105185E-007
   0.0000000000000000     
   0.0000000000000000     
   0.0000000000000000     
   0.0000000000000000     
   0.0000000000000000     
   0.0000000000000000     
  -1.0026881510326296E-007
   1.7595468817984436E-007
   1.1104659442144119E-006
   2.2163712346644065E-007
   2.8251179003034899E-008
  -6.6605337230087737E-008
  -4.8411865401079550E-007
   2.7806426844799140E-007
   3.6804861091965282E-006
   2.3709695570355553E-006
   1.8142766232464569E-006
   3.4107445997651832E-006
  -6.7903499444862144E-007
   5.6307241115406451E-006
   1.0167565305630351E-006
  -9.8245943331038062E-008
   2.8659738487148795E-006
  -8.5207550404381983E-006
  -2.4442509743127274E-006
   1.2488920703777715E-006
   9.6641562754329266E-006
  -1.9898412773963937E-006
  -5.3138802261040539E-006
   9.8322906904790104E-007
  -2.0091468758873774E-006
  -5.9685910660557326E-006
  -7.5539402934120105E-006
  -1.4892575757007760E-006
   1.3453778918648188E-006
   2.2764430398288470E-006
  -8.3537277465467994E-006
  -1.4123640415987802E-007
   7.6490494767969590E-007
  -3.7286064802730028E-008
  -3.8804212204884911E-006
  -1.3548703347351136E-007
   1.7218657872491734E-006
  -7.7106016570472533E-006
   1.6908616528209130E-007
   3.7498123003198170E-008
   8.0348914585661389E-008
   8.8669315650272757E-007
  -5.5896673784633055E-007
   3.0728227749253503E-007
  -4.1097922894466969E-007
   2.7145582829933618E-007
  -7.7651375650084638E-007
   0.0000000000000000     
   0.0000000000000000     
   0.0000000000000000     
   0.0000000000000000     
  -8.3438586068525734E-007
   6.3672111487898305E-008
  -2.8865104755499016E-006
   2.1235258896352434E-007
   1.2626657076828348E-007
  -1.7727726221669004E-006
   1.2043655725990088E-007
   1.4094891881793117E-007
   1.9986890288978401E-005
   4.8100618097547290E-006
  -9.5226362931074183E-007
  -3.6289078205633502E-007
  -3.1307676476091321E-006
  -1.9505694100025206E-006
  -1.3647076970176190E-006
   1.8654694175207813E-007
  -5.4643352156307209E-006
   5.3467464033803549E-006
  -7.8044897011236861E-007
   5.3435574609489257E-007
   1.2344636159037597E-005
  -1.9102589816264661E-005
  -3.7884279325103099E-005
  -5.3654578801908816E-006
  -2.7086914614197385E-006
  -2.5319537830527462E-006
  -1.7448485137977847E-006
  -1.0265748997242360E-006
   6.3988292906016566E-006
  -4.0166702289367034E-007
  -3.6997675425599781E-006
  -5.7003663679394097E-006
  -1.0950649282210369E-005
   9.7387303688900351E-008
  -3.8588919305311623E-007
  -1.6073678382256890E-006
  -4.4064406447803201E-006
   1.1188748461049460E-005
   1.7161637075562752E-007
   2.8975394799316829E-007
   3.2861189275956466E-006
   8.7041828518274583E-008
  -1.1875790572301041E-006
   1.5102566955269236E-006
  -6.6037577599220864E-007
  -2.8117690547342908E-007
   9.0061714270991434E-008
  -4.6410711685415853E-008
   0.0000000000000000     
   0.0000000000000000     
   0.0000000000000000     
  -1.0284737946652802E-006
  -1.7420482367601818E-008
  -1.0963289726165554E-008
   3.4694505460375648E-007
   4.0291616262079213E-005
   2.7346785402673699E-007
   1.7389754990600491E-006
   8.7021615611605620E-006
   3.4447029721614525E-006
   4.3267101137802925E-007
   9.7210359320042429E-007
   1.0485463259969356E-006
  -4.9139308413830563E-006
   4.0711795883097168E-007
   1.7596187946011429E-006
  -2.3341477659824667E-005
  -4.8148947946088386E-006
   3.5278926580364402E-006
   2.6439522208362311E-006
  -7.8182697228069287E-006
   1.3935045484569266E-005
   5.4777238251326263E-006
  -2.4992310200143606E-006
  -1.5857301102734415E-005
   1.9569180464462600E-006
   5.6893812625857437E-006
   8.2153449659789229E-008
  -5.0020979225386842E-007
  -3.6953067084856021E-006
   3.7415149387462020E-006
   2.0625572179658197E-006
   1.5744133349631993E-006
  -4.5999597247517316E-006
  -1.2401971875137890E-005
   5.0994730492206767E-006
   9.5317530602411165E-008
   1.2256905662420867E-006
  -7.2179094076890527E-006
  -1.7499158592936286E-006
   1.1512903094417436E-005
   8.1759992052046367E-007
  -1.4318355611138903E-006
  -8.8002522705405645E-007
   4.3394286816998140E-006
  -7.5287917783813993E-007
  -8.2483375176422421E-007
  -8.1825355192993609E-008
  -7.0499351953572496E-007
   0.0000000000000000     
   0.0000000000000000     
   0.0000000000000000     
  -2.3811217520631413E-007
   2.7526895160848151E-006
  -1.0238925370528040E-007
   3.9129016280187667E-006
   2.4395479882487996E-007
   1.5660988706857095E-007
  -1.5779823480148062E-006
   2.3047062010992650E-007
   4.0699197334595612E-006
   3.6559989018699943E-007
   2.1524468118199967E-007
   2.2241686950104277E-006
   3.7553185216662503E-006
  -1.1357224686656558E-004
  -7.0377284449457282E-006
  -2.0916115319825294E-005
   3.2075743879680951E-006
  -1.4311561333616469E-005
  -7.8278893934309456E-007
  -3.8105362588616881E-006
  -3.1959308403603230E-005
  -3.1266054271278459E-005
  -9.1086705278964735E-006
   7.6270376457181824E-006
  -3.3582357239001652E-006
  -4.4620256128789425E-005
  -4.9013718118602531E-006
   4.3163383900020161E-006
   5.1422519727068106E-006
  -9.8502456765575050E-008
  -1.1577389677564110E-006
   3.4391530122686884E-006
   3.8081481504406070E-006
   5.0858843279053760E-006
  -7.2870844296672132E-006
  -1.1796740422563339E-005
   6.3432552433325448E-007
  -3.4491348723140800E-007
  -1.8049955668225303E-006
   2.3141368282818737E-006
  -6.5688464586111943E-007
  -5.3338171184882104E-006
   6.3413313646354272E-007
  -8.0808796433445393E-007
  -2.4877644375244720E-006
  -8.8784751685054272E-007
  -4.9294393058880517E-008
   8.4465657566516159E-007
   0.0000000000000000     
   0.0000000000000000     
   0.0000000000000000     
  -3.0149534427341132E-007
  -8.5888725914211866E-009
   2.1414042633917335E-006
   9.7750705846055441E-007
   3.4067698664077370E-006
   3.7257763833079113E-006
   1.3063505920815775E-005
   3.8744781965039347E-006
   5.1673364951500049E-006
   2.9286297834287159E-006
  -2.1604939116303699E-005
   9.9475560087642540E-006
   1.1150984301616436E-004
   7.1380034646504620E-006
  -1.9417508278378715E-007
   1.7498101689267119E-005
   9.7984348895185789E-005
  -1.8264763735522879E-004
  -8.9033634996322491E-005
  -6.8926538950888930E-006
   4.5583056417124264E-006
  -3.4108259710168104E-005
   2.5841444982773688E-006
   5.2834486786438186E-006
   1.8968233147092963E-005
  -1.1438538189027699E-005
  -1.5936367480712196E-005
  -7.7812843153719139E-006
   3.2905778596280210E-007
   3.4719982431048678E-006
   7.2978338109821968E-006
  -4.5521989214380490E-006
   9.2167051975613392E-006
   3.7233076561959410E-005
   1.0910108070467545E-005
   1.9329176989969648E-006
  -4.2102942507055364E-006
   2.3967024848585543E-006
   1.8393885762751995E-006
  -5.7967926130128710E-006
  -1.9789867058621292E-006
   3.4958051284041597E-006
   3.7853093072561792E-006
  -7.6926033761803674E-006
  -4.7972929778940560E-006
  -1.6317256371825681E-007
   2.2312992613686169E-007
   7.1941282069974236E-007
   0.0000000000000000     
   0.0000000000000000     
   0.0000000000000000     
   4.1100108689473269E-007
   6.1761810774874718E-006
  -8.7414461423215550E-007
   1.0375078684050310E-007
  -2.1023693413367313E-007
   3.4034328103532450E-006
   9.9423598891598486E-007
   1.4925795013826552E-006
   4.4090325400086460E-006
   5.4284023652263325E-005
   2.7255395017677209E-004
   3.5731119533167761E-005
   1.1547193012301680E-006
   7.2922635084647829E-006
   1.7672232170757004E-006
   2.8466369159655550E-005
  -1.0698292679529863E-004
   3.7685075802340075E-005
   4.1228986555473334E-005
  -6.2947482000935781E-006
  -1.8150186764439340E-005
  -2.2882963456760216E-006
  -2.3804432929541349E-005
   2.1507104910430525E-005
   3.4348621706740435E-005
   1.2469310882452352E-005
  -7.3908558718610559E-006
  -3.2404360582919558E-006
   3.0537063337522852E-006
  -4.2833421510321901E-006
  -6.1632831269599762E-006
  -1.9431577051989982E-006
  -3.4336833655079529E-006
   8.6768065918412517E-007
   8.0560191175145516E-006
   1.0133969995813310E-005
   1.0567512340081602E-005
  -2.6530859190900581E-006
  -9.8306490623355748E-006
  -1.4563114663957566E-005
  -9.1885939619830376E-006
   8.4497637293254149E-008
  -3.8931518961760006E-007
   7.2247457626432443E-007
   4.1684811936230129E-006
   5.6380966726292647E-007
   7.4455461333584635E-008
   4.8014157108958008E-007
   0.0000000000000000     
   0.0000000000000000     
   0.0000000000000000     
   4.7903829169762499E-007
   5.9513049055356971E-006
   2.0609516426483834E-005
   1.0423993290149620E-005
   2.1729302217053559E-005
  -3.0390789039365958E-005
   1.5401653939215282E-005
   2.6509066832453752E-005
   8.1708246204496209E-007
   1.0365651797685157E-005
  -2.4628622301772871E-006
  -4.0348977646668943E-007
   2.6398038069042897E-005
   3.6443390344920337E-005
   1.6006805186625115E-004
   6.0038137368059639E-005
   1.0830708038912462E-004
   9.2506224308334787E-004
  -1.3248264722193950E-005
  -1.2999212071325831E-005
   6.6301503420194976E-007
  -6.5271892155450284E-005
  -6.6136816706286182E-005
  -4.1627696030653110E-005
  -3.4181120719264029E-005
  -1.7671161767715526E-005
  -7.6678005628757497E-006
  -3.8147401271804465E-006
  -3.0833472015959421E-006
  -1.4820912474156728E-005
  -4.8483555475978272E-006
  -6.2902111307504660E-006
  -2.3946282250256597E-006
  -4.8803123364376716E-006
  -4.3063756828072136E-006
   2.5627682485085436E-006
   1.8387919719222302E-005
  -1.9350212634984220E-006
  -1.1968474617267430E-005
   1.3253779842015034E-006
   8.1274885437472647E-007
   1.7657004531433419E-007
  -4.3870921413426173E-006
  -1.0102476041737618E-006
  -4.3578333397697651E-007
   1.8302571710585667E-007
   1.4879257215700040E-007
   4.5663947768204755E-007
   0.0000000000000000     
   0.0000000000000000     
   0.0000000000000000     
   4.8176089038349617E-007
   2.9901862888464646E-006
   7.4408108951643060E-006
   7.7541381407671229E-006
  -1.8253699954934437E-006
  -3.5432412055372525E-005
   8.0013269392834179E-005
  -5.8461114763340407E-005
   2.6495951625692262E-005
   1.6011444596546291E-005
   1.3887555705354616E-005
  -1.0384416570018297E-005
   1.7351608109869677E-004
   1.7182362781058513E-004
  -1.0488201578863181E-004
  -1.3205028022078924E-004
   2.4659568908794493E-005
  -3.8464630003249569E-004
  -2.8149071983376217E-004
  -1.3538106772157795E-004
  -6.0378162114822208E-009
   1.0278600497024652E-008
  -1.2225627042641357E-007
  -1.5799786589698796E-007
  -1.2794051822895947E-004
  -6.7276579200023322E-005
  -3.7303617911350490E-005
  -3.5060812729430704E-005
  -3.8291594066673461E-005
  -6.6233455296790653E-007
   8.6840983307077647E-006
  -2.8357609747840262E-005
  -8.2959146661820698E-006
  -1.7325029002713128E-005
  -6.0290869739053720E-006
   1.2090234517554874E-006
   6.5992982914792008E-006
   8.1934319515989342E-006
   7.3273673815197221E-006
   1.9722859414934262E-006
  -2.4413018040036571E-007
   1.6469620518191044E-005
   1.0517856582600743E-005
   2.0596444301855194E-006
  -7.5085730568393081E-006
  -1.2120231362250951E-006
  -7.2996782734030985E-009
   6.2233871882258716E-007
   0.0000000000000000     
   0.0000000000000000     
   0.0000000000000000     
   1.1193794840439967E-007
   2.5431758321630056E-006
   5.2320102749883882E-006
   2.3232982172629963E-005
  -2.1093678258093301E-005
   7.4479943585069281E-005
  -2.1110496205052578E-005
   1.2142241717013384E-004
   1.0850288381859195E-004
  -7.5331827478796381E-006
   3.3955118034007339E-004
   5.4698188562977870E-004
  -7.2605930528985821E-004
  -1.9251152571865446E-004
   6.1521264665685726E-004
   3.3072421349887739E-004
  -4.1833614331178224E-005
  -3.6285648055567549E-004
  -7.3397749561099834E-004
  -2.0081442236091778E-004
   5.8599852063067857E-006
  -2.2203174123371497E-007
   8.3809735215061897E-007
  -5.9671277617527561E-008
   2.0647758417729019E-007
   1.7620420183048123E-007
  -7.8413782220544017E-005
  -5.7383864798747047E-005
  -6.9202122059617451E-005
  -1.2500217137050861E-004
   2.0896478270776303E-005
  -9.5976231935835532E-006
   1.0259533007790812E-005
   2.2110721850371296E-005
   2.8815889363069932E-005
   5.1917351736110743E-006
  -8.7000997463427515E-006
   4.1483839548308978E-006
  -3.1393347871728615E-006
  -3.3351767805387900E-007
   1.4191730399751954E-006
  -6.0834325290184558E-006
  -4.5135223283214742E-006
   1.7432196836972746E-006
   9.0121765656933535E-006
   3.8920251955874590E-006
  -2.2626019359207932E-008
  -1.5192863482239225E-008
   0.0000000000000000     
   0.0000000000000000     
   0.0000000000000000     
   1.3954452971585434E-007
   1.9057469643994212E-007
   2.3446576457192582E-006
   7.9246084599256823E-006
   4.4198763775904927E-005
  -9.7962814117805093E-005
  -2.9054619181747622E-005
   8.7497512480135944E-005
   1.5919730265579393E-006
   5.1864757649683731E-005
  -3.2410898907520280E-004
  -1.1149444071830894E-003
  -4.2141309958065442E-004
   7.6488671441222187E-004
   1.1425946570003663E-003
   1.5720404058549096E-003
  -6.5448276363704832E-006
   4.0215933012639757E-005
  -2.0062675004554786E-004
  -9.8536379391210966E-006
  -9.0381346139234829E-005
   1.8586878593119517E-005
   1.8307902459317937E-005
   6.8163841501142156E-006
   9.4376182310625094E-007
   6.0498982690660523E-006
   2.0200721592982060E-007
   1.2117104548597569E-006
  -4.9327112553460330E-005
  -1.8221429123687304E-004
  -1.4872396515450454E-005
  -8.8475525092184746E-006
  -2.3601853648844974E-006
  -5.3088503395703755E-006
   7.6509895621691837E-007
   6.5079604108076039E-006
  -3.3127658879124094E-006
  -4.9829612078322369E-008
   2.0063519917123223E-005
   1.8462564875896764E-005
   4.6784274654827808E-006
  -3.9269012643068300E-005
  -1.0295680709151341E-007
  -9.3613602126833921E-006
   1.1156001245819137E-006
   5.7928898443432568E-006
  -1.8901875460470476E-008
  -1.2271516252003300E-008
   0.0000000000000000     
   0.0000000000000000     
   0.0000000000000000     
   4.3326631387193848E-008
   1.6123951562154596E-006
  -1.0555950769197098E-005
   1.8064778694349187E-005
   2.9741968124676802E-005
   6.8683047112334033E-005
   1.3376465146099460E-005
   5.8829778202154574E-005
   1.1309900443531401E-004
   7.3730568730684615E-004
   1.5250550848400894E-005
  -4.6058633973082349E-005
  -5.1415542333434524E-005
   1.3686833867660273E-003
  -3.5620278546659364E-004
  -3.8456620260632850E-004
  -2.5800470321315311E-005
  -3.7047106260491187E-006
  -1.2491578783861427E-005
  -4.3212020615913577E-005
   1.0612572453340076E-005
  -2.8075180955194888E-005
   1.5298346838354940E-005
   1.9011109554385794E-005
   2.1123108994499093E-005
   4.9133646595217445E-008
   5.9390840171084151E-007
  -1.1894202883448989E-004
  -1.6868111366171343E-004
  -2.0643567553283703E-005
  -6.6678862913959045E-008
   2.6941232156334179E-007
  -2.6573665252151160E-008
  -9.9717578306969062E-006
   6.5674298311460955E-007
  -5.0928746262624600E-006
  -1.6633294621711147E-005
  -1.2278129717503827E-005
  -3.0126760262502990E-005
  -1.3299260116332522E-005
   1.0100837721101387E-005
   8.1074272540291486E-006
   9.8333716441301951E-007
   4.1274008968179046E-007
  -1.5169604003957716E-005
  -2.6581107566047375E-006
  -4.5036472489821619E-009
  -2.5257072176916366E-008
   0.0000000000000000     
   0.0000000000000000     
   0.0000000000000000     
   2.5605241325561727E-007
  -7.3939391142584010E-007
   1.1558995135631493E-006
   1.8173641368932715E-005
   3.5170613267928414E-005
  -2.4999808506054033E-005
   5.3573885769091738E-005
   7.0279606224395345E-005
   2.0350019929563573E-004
   3.4119702433493761E-004
  -2.6888625660010248E-005
   4.1984050363936725E-005
   1.7993815454670425E-005
   7.1498510301677880E-005
   3.0613255642745205E-004
  -9.2997268731478228E-004
   3.1550690043895282E-005
   3.5959987153558018E-006
   1.6469844677821882E-004
   3.5380799463719479E-005
  -1.6215738068844982E-004
   3.0970167595726004E-005
   3.9551002790026405E-006
   4.4492519550524848E-004
   3.7114162825795289E-004
  -2.4221184591794098E-005
  -3.6717068585424098E-005
   5.2560564636446605E-005
   7.6002195717506799E-005
   3.4139177390543923E-006
  -2.2148422722609828E-005
  -2.4305460543257978E-005
   3.0309657173436736E-007
  -8.5669922283164240E-006
   2.2000499555924159E-006
   8.2927672574775967E-006
  -2.0642379943226514E-007
  -4.9545020367765519E-005
  -3.9134928075876988E-005
  -3.4010403948259534E-005
  -5.4019999083074952E-006
   1.4677435705547993E-005
   9.6937215702119405E-006
  -1.2023455633846755E-005
  -1.3157954371427845E-005
  -1.1248505499534802E-005
   6.5801885372187788E-006
   2.9357526197178247E-008
   0.0000000000000000     
   0.0000000000000000     
   0.0000000000000000     
   5.3094707140234662E-007
   1.0007681457347004E-005
   3.1526129679896430E-006
   9.2894985830286638E-006
   1.2733267563818916E-005
   5.9334004159953948E-005
  -2.4008315122233112E-005
  -2.9389151958798768E-005
   1.0408142014984666E-004
   1.6723587972068168E-005
   6.2444776731366360E-005
  -5.7811808642121443E-006
  -1.4011416587709050E-005
  -1.0729706980877921E-004
   2.4684473096938048E-003
   1.1796682593011732E-003
  -1.6138894536088733E-004
  -7.0376661345101355E-005
  -1.7755859437994630E-005
  -2.0543789750116181E-004
  -2.1385024415496927E-005
  -1.9154350115707378E-005
   5.1894140297308101E-005
   2.1439679162335332E-004
  -3.0126128809316541E-005
   3.1770960911936021E-004
   1.0075108136144860E-003
   5.6551751762649622E-004
   2.3146210337729963E-004
   1.2719816190742656E-004
   1.0642904544494625E-004
   9.1527577561969164E-005
   5.5423261126911030E-005
  -4.5887016831439135E-006
   2.6119146298687576E-005
   5.1592237426891343E-005
   2.7819581885943010E-005
   5.4989402322637815E-006
  -7.0427944410334800E-006
   2.1835965311433696E-005
  -9.2422563080742999E-006
  -1.4132679666864200E-005
  -1.0573868078052487E-005
  -2.9307886696087376E-005
  -2.0732839066588932E-005
  -1.4636933754350083E-005
  -1.4552825281091646E-006
   1.9674487042480257E-007
   0.0000000000000000     
   0.0000000000000000     
   0.0000000000000000     
   4.7043419628568922E-007
  -3.2459080258976905E-007
   1.4337961368251051E-006
   4.7205769849469131E-006
   3.3523210990709886E-005
   3.8509318046887275E-005
   1.3700723160291462E-006
  -2.4279730316740381E-005
   1.7639678014513604E-004
   1.6071918065385665E-005
   6.0029755592538167E-005
   4.0595274429459951E-005
  -1.5738154220590103E-004
  -8.9383010153513108E-004
   2.8656059850712807E-004
   1.0614248944192182E-003
   4.1170172266767721E-004
   1.1224728240697207E-005
  -4.9103982320983339E-005
  -1.8982616949233657E-004
   4.1887329633242306E-005
  -7.8272955769073218E-005
   1.8006098553864160E-007
   2.2189302154447551E-004
  -1.8470326145080659E-003
   2.6584753338184346E-004
  -7.0222196500779031E-004
  -7.1990823324681889E-004
  -2.3925943184425929E-004
   2.7890662056417312E-004
   6.0589642733300706E-004
   6.7927389724847461E-004
   2.4063084467858517E-004
   1.1011173693989828E-004
  -2.9369880149213151E-004
  -2.5157313746815078E-005
  -2.1017569939742894E-004
  -6.3250206592060780E-005
   2.3786881812323101E-007
  -5.7317437226451909E-005
  -1.8429740248733755E-004
  -6.4914516614574218E-006
  -3.3656812227143518E-005
  -4.5381083531430590E-005
  -1.2004105274398496E-005
   6.1270315687551283E-006
   3.4850124236224882E-007
   1.5707440833741337E-007
   0.0000000000000000     
   0.0000000000000000     
   0.0000000000000000     
   6.0459659284945623E-007
   9.4874962132694489E-008
   2.7001791433576421E-006
   3.6161078628204860E-006
   1.8772918757068048E-006
   1.0698842725565841E-005
  -4.2744299416700100E-006
   1.0385101986605565E-004
   1.6864515474703788E-005
   5.7676788204185669E-006
   1.5185812936986283E-005
   8.3096380027359645E-007
   9.0405680607939944E-006
   2.5992535071342344E-005
  -1.1817243786494124E-004
  -2.0809439601213484E-004
  -1.6521934197261876E-005
  -2.5858876669602272E-004
  -6.5226865507584414E-005
  -3.2287353929684025E-004
  -5.4644916062661613E-004
  -3.6955407085198657E-004
   6.2210928592337669E-005
   1.4831102589112058E-003
   1.6002042453898096E-004
  -7.1682328294241386E-004
  -1.5289870668175475E-003
  -9.7853284055894694E-004
   2.8182882525284883E-004
   5.2736881531823118E-004
  -1.1971104164927280E-003
  -1.1432098578287818E-003
  -3.4016862895143684E-004
  -1.2021089673765504E-004
   4.7834292697259499E-005
   6.2364743151801789E-005
  -5.2234877282002084E-005
  -3.2112601586120230E-006
   4.5646800271596786E-006
  -6.3281866869042562E-007
   7.4922512065095575E-007
  -1.3449793518745903E-006
   1.5464067696565730E-005
  -1.6577640279576832E-005
   3.8240406593013383E-006
  -2.4790738767863695E-006
  -1.2698971863981039E-005
  -8.4710326869724498E-006
   0.0000000000000000     
   0.0000000000000000     
   0.0000000000000000     
   6.7069966107011840E-008
  -5.9993115089623954E-008
   6.1195619968458924E-006
   3.3983536467610023E-005
   9.5802807859985287E-006
   6.5011543275414393E-006
  -1.4922818486062963E-005
  -1.4096377202492430E-005
   2.6469694961080410E-005
   1.1338456058875222E-005
   3.9459096103061445E-005
  -2.4721695100483562E-006
  -2.0058251714855726E-005
  -7.1582556459609359E-007
   6.8567121257838049E-005
   7.5270714762067163E-005
  -7.0389426300221858E-004
  -8.2645563314561973E-004
   2.1986598237551764E-005
  -2.4219970262013952E-004
  -5.2020765738222804E-004
   1.2765439706966008E-003
  -3.9245560844318695E-003
   1.7632349281420285E-002
   1.9334786737770413E-003
  -3.2903953813658258E-003
  -2.1097588425352826E-003
  -1.5126069203191656E-003
  -1.2021730469980148E-003
   7.8304775833341650E-005
  -2.3846857887281999E-004
  -8.4112560265672668E-004
  -9.2496181878540932E-005
   1.9748936476858504E-004
  -7.0086740473485214E-005
   2.3207723649322600E-005
   1.1866087495067789E-005
  -7.8074245439611707E-005
  -7.1555098087429714E-005
  -9.7928300435995379E-006
   1.9275907678440060E-005
  -2.3643839451530197E-006
   9.9535104656249865E-006
   1.9117254164288106E-005
   2.5695701485532498E-006
  -5.3220984711837667E-005
  -1.8642862345013257E-005
   1.5114965249623768E-006
   0.0000000000000000     
   0.0000000000000000     
   0.0000000000000000     
   3.5791236333320598E-007
  -9.4418316964975681E-008
  -2.4542745175876011E-007
   3.5452493277328358E-006
   7.5765157113938196E-006
   8.5720934490816522E-006
   1.2288414995890100E-005
  -5.5787340281647943E-006
   1.4497995865077440E-005
   1.5149125576331165E-005
   1.0073077323160570E-005
  -2.2257182009091997E-006
  -5.4664311316661773E-006
  -4.4530873756091021E-005
  -5.3953136263960188E-005
   5.9669563344430434E-004
   4.7699867667030704E-004
  -9.1715677822950734E-004
   3.1584249320803072E-005
   4.5260537538560739E-004
   5.6889058706764445E-004
   1.1087822056018936E-003
  -6.5936835405637625E-004
  -2.2925281810508371E-002
  -1.6344103196866294E-004
   4.0238818755678344E-003
   7.4719881982010950E-004
  -1.6594515120272309E-003
  -3.1088497526949358E-003
  -4.6088488328839300E-004
   1.2567823545031425E-005
  -8.9451285984653835E-004
   2.0204332576147428E-003
   1.5062327264563535E-004
   6.4601117098261589E-005
   1.4794813627340701E-004
   2.2658648842359295E-005
  -2.3076639902079679E-005
  -2.3975278830926260E-005
  -2.8650522407556197E-005
  -1.7265396838406660E-005
  -5.3362010268098312E-006
  -3.6538262633371980E-006
  -2.5240776940577963E-005
  -1.5663869665486022E-004
   3.4451215486081935E-006
   2.8572185848699721E-005
   1.0119200784254697E-005
   0.0000000000000000     
   0.0000000000000000     
   0.0000000000000000     
   3.1216588306824062E-006
  -3.7501408172367999E-008
   1.2045053548400075E-008
  -1.7274230282395825E-006
   9.8261909575091102E-006
  -1.4046502333625052E-006
  -4.9621086802137662E-006
  -3.2896755538168529E-006
  -5.3425540725467874E-006
   3.1947321485456263E-006
   5.0686601044714301E-006
  -1.5395295417787043E-007
   2.1266461460571954E-007
  -1.2694281093835285E-004
   8.8376936241737687E-006
  -2.0328282491361677E-004
   7.7844181148115353E-006
  -1.3811900819948750E-004
   5.6166169401988028E-004
   5.5453350985875934E-004
   4.0103022277310834E-005
   3.2817370876231491E-004
  -1.5292418589079037E-004
  -1.8696301438140330E-004
   3.2896358846952369E-004
   2.3194625921265999E-003
   1.5020217232511471E-002
   4.3406923747601424E-003
  -3.6293932251524846E-003
  -2.0348417325048744E-003
  -5.3344794363421886E-003
  -5.3552400278751864E-003
  -2.5826430018573696E-004
   1.3677006872111568E-003
   9.6606416378458408E-005
  -1.2914741971123612E-004
   1.9576692347695842E-004
  -3.3055723653650071E-007
  -1.0027386053100765E-004
   7.2221291045359876E-005
   3.0389730016101710E-005
  -3.9651035183785962E-005
   2.5404174329410285E-005
   5.6070953273413098E-005
   1.5143098914659905E-004
   8.5139140802477288E-005
   5.4454846669776986E-006
  -1.6216130230596501E-005
   0.0000000000000000     
   0.0000000000000000     
   0.0000000000000000     
   1.0106903481043575E-005
   4.5161426320399980E-008
   4.7147433830860667E-008
   2.5790413061884327E-005
   9.7971041445544792E-006
  -1.3441594162700891E-006
   5.5153528861558696E-008
  -8.2668931167962919E-006
  -1.7685154782504817E-005
  -1.1711726417491409E-005
  -4.0188575765262955E-006
  -4.7987267994931127E-007
   7.1356905472730998E-009
   1.4055736921357696E-005
   8.7751988358746280E-006
  -2.8771072965806875E-005
   2.0726751057769784E-005
   6.3844072679278063E-005
  -4.7596242830726626E-005
   1.3380671880178056E-004
  -3.0264690216711558E-005
   1.4806169920596397E-004
   3.0277496565426217E-005
  -1.9479253773860554E-004
  -1.4102897665010694E-004
   3.8278657183580893E-004
  -7.9723933699258438E-004
  -2.3646553075340514E-004
   1.9728790412079050E-003
   1.6247047931915619E-003
  -5.2177726839905880E-003
  -2.7495427820219119E-003
   2.7949025860854414E-002
   7.9422481101702851E-003
   2.0155455165281125E-003
  -6.6149592989029184E-004
   1.2330333447038754E-004
   8.6698615652728059E-005
  -8.7958624330192146E-005
  -6.0189769678106178E-004
  -2.6676109873753166E-005
   1.0845226497832579E-004
  -8.4233153389542473E-005
  -1.3265921807188949E-004
  -1.6480125447949201E-004
  -2.3406204187674936E-005
  -9.4685603103674564E-008
  -8.5547835125001443E-006
   0.0000000000000000     
   0.0000000000000000     
   0.0000000000000000     
  -2.2889499341705417E-008
  -3.3873434865487573E-008
  -5.9423282449413817E-008
  -1.1653871573371572E-005
   3.3428153775574258E-006
  -1.1945350124419184E-006
  -2.5978435478690073E-005
  -3.9936646817706883E-005
  -1.1962992605887987E-005
   8.2879588027882757E-007
  -1.0480333881879917E-005
  -9.3503014999450322E-007
   5.3454847455409539E-008
   5.2205478201938078E-007
  -1.2106882259679473E-005
  -9.5025388567974057E-006
   2.3485545327577016E-005
   3.7377962874600139E-005
  -1.9179556401424834E-004
  -1.2478296270289377E-005
   3.4508188260173404E-006
  -1.5889629779542057E-004
  -3.1455507343958308E-004
  -2.1318268560782034E-003
  -2.0960099293060590E-003
  -1.8607684615144617E-003
   1.4618586991005764E-003
   2.5735102019651607E-005
   2.3572912058069414E-004
   7.4257445328850251E-004
  -2.1379649120276292E-003
   1.5875480574517858E-003
   3.9488114421743258E-003
   2.4191436834503885E-004
  -1.4771109734551841E-003
  -1.0948899064373559E-003
  -2.9427162107553088E-004
  -4.3514518583515950E-005
   3.3435909268350548E-005
   4.3630415996869214E-004
   2.3231442309111982E-004
   3.7827945446824090E-005
  -7.1022849722098509E-005
  -1.9929416928626481E-004
  -1.4729360603463396E-004
   2.0917827136131421E-005
   3.8744312971777902E-005
   7.0960459937106443E-006
   0.0000000000000000     
   0.0000000000000000     
   0.0000000000000000     
   7.3457925864595912E-008
   7.1876855994076602E-008
  -3.6500411902289623E-008
   3.5480423094781169E-006
   1.7490142272931332E-007
   8.3859813451265156E-006
  -8.4981636777723301E-008
  -2.9890121887517105E-005
  -1.3810220907803716E-005
   3.8018473011740142E-006
   1.5882522632047220E-006
  -3.7768721186117838E-007
   4.2439392553307394E-007
  -5.2748437188838955E-008
  -1.4466866574213080E-005
  -1.7901922121567367E-005
  -6.1491764010104962E-005
  -3.6778495380852684E-005
  -9.7883401487940154E-005
   6.6967391567004479E-006
   1.8368242380679070E-006
  -1.5339013516876109E-005
  -9.7221631619219515E-005
   1.3209817194548092E-004
  -2.5561806695467400E-003
  -2.2557064160946519E-003
  -7.4372581845342524E-004
   6.3599419255081348E-005
   6.4440284360293301E-005
  -8.1801079152085036E-004
   1.2267992700681180E-004
   1.7237935613771955E-003
  -1.0655030237218240E-003
  -8.2293112577482789E-003
  -1.9236748204849512E-003
   7.2794057282105789E-004
   5.4560737202596302E-004
  -5.8081938223520128E-004
  -8.7366488834448414E-004
  -2.0108641811339702E-004
   2.4834556494869761E-005
  -9.0340457505489893E-007
  -2.2687555623281737E-005
  -1.5792762099831254E-004
  -8.3856439692799929E-005
   1.2855397675078965E-005
   9.4943136458087887E-006
  -4.5571313381990213E-006
   0.0000000000000000     
   0.0000000000000000     
   0.0000000000000000     
   1.2225811301325043E-008
  -2.7329439286452459E-009
   1.1417069066605855E-007
   1.0373855153541313E-007
   1.9657089308264408E-007
   4.2168867608965502E-008
   6.3422222427155547E-008
   2.4383959198357312E-005
  -2.8331414187419229E-005
   1.1316986498848831E-005
   1.0965724458390624E-005
  -1.6591911931766430E-007
  -1.1683707796184657E-006
   1.9344112215621758E-006
  -1.7413776104270891E-005
  -4.7033861721072321E-005
  -3.7380336919389893E-005
  -6.2491100938124689E-005
  -3.1944445066450746E-005
  -5.6245386356336377E-005
  -5.6860114208240841E-005
  -3.6159348102921899E-005
  -5.0452734866606048E-005
   7.1273649288907667E-005
   2.5698855845677679E-004
  -1.0380723880184283E-003
  -9.0703007017494688E-004
  -4.4034215402571154E-004
   2.9484236438156499E-005
  -8.9300302029765553E-005
   5.8211674922946384E-006
   3.1322418070290264E-004
  -5.8667569873629391E-004
  -5.2105936567050054E-004
   5.7216822247329322E-005
   8.2477835833479464E-004
   1.0029114193630595E-003
  -8.7518683863196782E-006
  -9.5993048161710298E-004
  -9.1397944350737144E-004
  -7.7115541263692459E-005
   2.6084637431912194E-006
  -2.1429970839796826E-004
   5.3885740652744258E-005
  -2.4815322275956848E-003
  -3.1138385359363537E-004
  -5.7636851577379273E-005
   8.3230735495898293E-006
   0.0000000000000000     
   0.0000000000000000     
   0.0000000000000000     
  -7.2480083760574813E-009
  -1.8030428648896685E-008
   2.5705367922925105E-007
  -2.1867193420208032E-007
  -1.0669925078025155E-007
  -1.3335379885177308E-007
   5.9881419427346810E-007
   1.3332424918315550E-008
   7.3380861141787213E-008
  -2.3304105856842137E-007
   1.6092009369672484E-008
   2.8519616725137260E-007
  -2.0588675847237708E-007
  -1.7935844967284080E-007
   1.4128514020931218E-007
  -3.7328534628898124E-005
  -5.7269138597809834E-005
  -5.2363307668234592E-005
  -3.8336659478727270E-005
  -1.5027626642325370E-005
   2.4427434048572178E-005
  -7.2258153342250341E-006
  -2.8855468686511850E-005
  -7.0258105919578979E-005
   4.3774586289490885E-005
   1.5934664567490267E-004
   7.9683949410665160E-005
  -5.6295471833366827E-005
   1.6940883525379578E-005
  -1.1377750608095662E-004
  -5.4487320882476157E-005
  -6.8099715579395326E-005
   1.6887373109760521E-005
   9.6744073453379928E-005
   7.2140350433372665E-005
   2.7558951154676379E-004
   2.2737322168621028E-005
  -1.6205389570878012E-004
  -2.5445000262772454E-005
  -2.7418113673267452E-005
  -6.5280434509732354E-004
   7.6911763445609556E-004
   7.1910061416004592E-004
  -2.4045436121934334E-005
  -5.3636592232095227E-004
  -5.7209285745481739E-004
  -3.8897966274347536E-007
   3.7143968330815393E-005
   0.0000000000000000     
   0.0000000000000000     
   0.0000000000000000     
  -2.4540217423239067E-008
  -1.8591088145545621E-008
  -4.3283869314306881E-008
   7.1689020586395138E-007
  -7.6342197075447357E-007
  -3.7797906546914148E-007
   4.9615700998970360E-006
   1.8695812733924353E-007
   2.7334164797347154E-007
   3.6601168559169467E-008
   2.9382580957814580E-007
   1.3328474174562213E-008
   1.3663823337950344E-006
  -1.6433884188790949E-007
  -1.1239023479867493E-007
  -5.0119849586172432E-007
  -5.4023215826964029E-005
  -5.4994097365463073E-005
  -4.5433914453835629E-005
  -1.3335039733066472E-005
  -8.3272433738109256E-005
   2.1141049465589448E-005
   6.0262182665243595E-005
   6.8503386437991959E-006
  -2.6685605251919739E-005
   1.8583698503087027E-005
   7.4510805260195474E-006
   5.9868902793907879E-005
  -2.1186671915027777E-005
  -1.0344492199183117E-004
  -7.5827996410087189E-005
  -1.4927896152884892E-004
  -6.8948437495891055E-005
   1.7508646417796061E-004
   8.4587272506134697E-007
  -3.8838925439085238E-005
   9.2621803395940655E-005
  -9.0122391612978118E-005
  -2.0234386447052689E-005
  -1.0319777110746388E-005
   3.5873507323795482E-004
  -3.1351958908858369E-005
   6.0818067374244025E-004
   1.8697067904598636E-004
  -1.9141355996234909E-004
  -1.6150757309260684E-004
   1.4799808435471736E-005
   2.7214221797830198E-005
   0.0000000000000000     
   0.0000000000000000     
   0.0000000000000000     
  -1.1739387954431930E-008
  -3.9161495179653271E-008
  -1.2798097576705814E-007
  -3.3441720735013984E-008
   1.1483445037877536E-007
  -4.2337849177989587E-008
  -2.6158215907258043E-008
  -2.0173414948487090E-008
  -3.9282274457207927E-007
   9.3082226879752328E-007
  -5.5310467613209465E-007
  -3.1578795410785232E-007
  -1.0103576425162248E-006
   5.8790188767152777E-008
   7.1002457090854825E-008
   1.5967427482973571E-005
  -1.8000984034628479E-008
  -2.5921228032472799E-007
  -2.6355596858011786E-005
  -3.8150930576128951E-005
  -2.6904640778371256E-005
   2.7206822041942703E-006
   2.7503291269394258E-005
   3.4877404501282274E-005
   1.5680332607600176E-005
   4.5796937153255543E-006
  -3.3958845062431906E-005
   1.4699996009610071E-005
  -2.3403321742110540E-005
  -2.2292073376772519E-005
  -2.3937718423354913E-004
  -1.4472450816678626E-005
   4.7404532502855005E-005
   3.1506613745450159E-005
   2.4453177806530690E-005
  -6.2622168241766612E-005
   4.5601413330766104E-005
   1.4351172336322016E-004
  -6.8142505373990133E-005
  -5.5861079165761043E-005
  -3.2179663619544182E-005
  -1.2507322678265540E-007
   2.9886112999754595E-005
   1.9668984538427016E-004
   5.8021892173202260E-009
   1.0574471370632339E-004
   5.0148993285323521E-005
   3.1699933361478988E-006
   0.0000000000000000     
   0.0000000000000000     
   0.0000000000000000     
  -5.4611104291519126E-008
  -2.7258664506598724E-008
  -6.4085036340933639E-008
   1.2468165058017927E-007
  -1.2882260286486688E-007
  -2.1027853946907991E-007
   1.9029452759031527E-006
  -5.6929300939316725E-009
   1.9186194398757406E-006
  -5.0881500526075757E-008
  -1.1317442678452973E-008
  -1.3732698679055464E-008
   1.7181943383364114E-008
  -4.8978620084484196E-006
   1.4497668904727254E-005
  -7.9067178493518002E-008
  -3.7420880622254533E-007
   6.0762502481001708E-008
   8.1221127904465629E-007
   1.1446488673523766E-005
  -2.0804160740352427E-004
  -2.2974246630639015E-005
   1.4517056016801264E-005
   2.6258532336261150E-005
  -1.6449004412080818E-006
   3.5127619795414337E-005
   2.8047768901556223E-005
   4.1157676168505016E-005
   1.0312868718548184E-004
  -2.1953012279228403E-005
  -3.4872702630172388E-005
   7.7795001712792546E-006
   4.3549182937325572E-005
   4.4293573878250108E-005
   1.5146143192093235E-005
  -3.1978330630066224E-005
  -8.8038169951383842E-007
   1.1092093936321685E-004
   1.1082967402125731E-004
  -6.3775145677142704E-005
   4.8521636712236336E-006
   6.8824673141695030E-005
  -2.1463575995307087E-008
  -7.3114912611934627E-008
   5.9424686975873015E-008
  -1.3260008330358285E-009
   2.6000967426212973E-005
   1.2034074650394917E-005
   0.0000000000000000     
   0.0000000000000000     
   0.0000000000000000     
   1.8543838394849913E-009
  -7.9194985991045834E-008
  -1.7363444240046716E-008
   8.4947293842022299E-010
  -1.7246766979642084E-006
  -5.6794381385720444E-007
  -6.4312757025026106E-007
   3.0004460318094683E-007
   1.5329543572595945E-006
   3.1689583074557403E-006
   3.4367130276911390E-008
  -7.1760790301363969E-008
  -8.8819025802126352E-008
  -5.9597211967259287E-008
   9.2806687181579228E-008
   2.4960535684681476E-008
   4.9409008317857000E-008
  -2.2613361188822430E-005
  -1.5821760413960087E-005
  -5.0654487563894111E-005
  -4.7562507256708713E-005
  -3.1524499489992863E-005
  -7.6228930534418904E-005
  -5.9965134871497287E-006
   1.7738801493154013E-007
   1.8863515344338860E-005
   2.3742600262501808E-005
   2.9809618263085892E-005
   4.5258589803040466E-005
   3.3676079586678869E-005
  -5.3148338859595802E-006
   4.1165670226558099E-006
   1.9082379111006531E-006
   1.4728462741570563E-005
  -2.2099978362326822E-005
  -2.2433449542513546E-005
  -1.2442938589423968E-005
   5.1159654102115663E-006
   2.8768922706886957E-005
   1.8230965989078593E-005
  -3.6255375970604744E-005
   1.5556432815741978E-005
  -3.6148985916504619E-005
  -8.5866419162499464E-007
   1.2110529778932906E-007
  -7.1243451543020679E-008
   9.0649198564726641E-006
   9.3340695271912435E-007
   0.0000000000000000     
   0.0000000000000000     
   0.0000000000000000     
  -1.2219619585395647E-008
   1.3312379097407951E-008
   1.0246133601155453E-008
   1.3677040171241106E-009
  -4.5984433921899426E-009
   6.6038670269999789E-009
   2.4056724052077046E-006
  -3.4130233268832693E-006
  -4.2082839972618263E-007
  -3.6024522311223131E-006
   1.9672847328171326E-005
  -1.6503548919185617E-009
   4.1310882488133746E-008
   1.2337541595561950E-007
   7.2063284913025906E-008
  -1.8186787380054409E-007
  -1.3765367867808597E-007
  -1.5873242267898846E-005
  -2.7358733013711508E-005
  -3.4033577037497169E-005
  -4.6245075249964200E-005
  -4.3398031412110408E-005
  -3.7371810474844327E-005
  -6.6576629354731084E-005
  -2.4702897075248786E-005
  -2.0229535833494588E-005
  -2.6176845779924573E-006
   5.3385838756951897E-006
   1.4598229962531998E-005
   2.0267674314723611E-005
   1.5026019790288284E-005
   1.2300964307028542E-006
  -1.3608269274794740E-005
  -1.0323313124673777E-006
  -2.1654896017121217E-005
  -1.8492911513620488E-005
  -2.4045535080579008E-005
  -1.8518177145415488E-005
  -7.3930400794773831E-006
   5.0371068246568882E-006
  -1.1944586721773026E-005
  -5.6276562808127659E-005
  -5.7686279333981398E-005
  -6.1018832543418128E-005
  -5.8775381327999490E-005
  -1.3072420464639422E-005
  -7.8030683507833747E-006
  -5.4977827214761947E-006
   0.0000000000000000     
   0.0000000000000000     
   0.0000000000000000     
  -7.0167826261617562E-008
  -3.2096266897554979E-008
   1.5050965741798900E-008
  -6.5104016257602554E-009
   1.9309705631653583E-008
  -1.8745337299069558E-009
   1.2923033337254445E-008
  -3.2399190888854411E-009
  -1.6484129300039166E-008
  -6.5066571583737444E-009
   1.3153743372958624E-008
  -5.1659952076867173E-008
   1.8920287894930558E-008
  -4.9519992632833204E-008
   3.1658903778801900E-008
  -6.5107081120818243E-008
   4.2860840484768220E-009
   3.6467109263485550E-008
  -5.3212952286260185E-009
  -1.2434083444030596E-007
   2.1931236344582660E-008
  -3.3562871641803928E-008
  -4.4020075324121194E-008
  -4.8943088434446082E-008
  -3.3780977000491364E-008
   8.1641911389109921E-009
  -1.3698613138747646E-005
  -1.0335476177034981E-005
   1.7510415946999888E-006
   4.9363142021720274E-006
   6.5913811607096929E-006
  -1.1141954850792498E-006
  -1.4076623500653448E-005
  -1.9499768471819535E-005
  -1.6681637899908638E-005
  -1.1536951269710047E-005
  -1.4332855867445023E-005
  -2.0529721472370940E-005
  -8.4721001740129204E-006
   3.6535347519569509E-006
   7.8504265721156866E-006
   4.5833909913506166E-006
  -5.3526929393666013E-006
  -2.1811398782328870E-005
  -2.0048431821659246E-005
  -1.6269755638087058E-005
  -1.2643014099989579E-005
   6.8840770658601588E-008
   0.0000000000000000     
   0.0000000000000000     
   0.0000000000000000     
   0.0000000000000000     
   0.0000000000000000     
   0.0000000000000000     
   0.0000000000000000     
   0.0000000000000000     
   0.0000000000000000     
   0.0000000000000000     
   0.0000000000000000     
   0.0000000000000000     
   0.0000000000000000     
   0.0000000000000000     
   0.0000000000000000     
   0.0000000000000000     
   0.0000000000000000     
   0.0000000000000000     
   0.0000000000000000     
   0.0000000000000000     
   0.0000000000000000     
   0.0000000000000000     
   0.0000000000000000     
   0.0000000000000000     
   0.0000000000000000     
   0.0000000000000000     
   0.0000000000000000     
   0.0000000000000000     
   0.0000000000000000     
   0.0000000000000000     
   0.0000000000000000     
   0.0000000000000000     
   0.0000000000000000     
   0.0000000000000000     
   0.0000000000000000     
   0.0000000000000000     
   0.0000000000000000     
   0.0000000000000000     
   0.0000000000000000     
   0.0000000000000000     
   0.0000000000000000     
   0.0000000000000000     
   0.0000000000000000     
   0.0000000000000000     
   0.0000000000000000     
   0.0000000000000000     
   0.0000000000000000     
   0.0000000000000000     
   0.0000000000000000     
   0.0000000000000000     
   0.0000000000000000     
   0.0000000000000000     
   0.0000000000000000     
   0.0000000000000000     
   0.0000000000000000     
   0.0000000000000000     
   0.0000000000000000     
   0.0000000000000000     
   0.0000000000000000     
   0.0000000000000000     
   0.0000000000000000     
   0.0000000000000000     
   0.0000000000000000     
   0.0000000000000000     
   0.0000000000000000     
   0.0000000000000000     
   0.0000000000000000     
   0.0000000000000000     
   0.0000000000000000     
   0.0000000000000000     
   0.0000000000000000     
   0.0000000000000000     
   0.0000000000000000     
   0.0000000000000000     
   0.0000000000000000     
   0.0000000000000000     
   0.0000000000000000     
   0.0000000000000000     
   0.0000000000000000     
   0.0000000000000000     
   0.0000000000000000     
   0.0000000000000000     
   0.0000000000000000     
   0.0000000000000000     
   0.0000000000000000     
   0.0000000000000000     
   0.0000000000000000     
   0.0000000000000000     
   0.0000000000000000     
   0.0000000000000000     
   0.0000000000000000     
   0.0000000000000000     
   0.0000000000000000     
   0.0000000000000000     
   0.0000000000000000     
   0.0000000000000000     
   0.0000000000000000     
   0.0000000000000000     
   0.0000000000000000     
   0.0000000000000000     
   0.0000000000000000     
   0.0000000000000000     
   0.0000000000000000     
   0.0000000000000000     
