   0.0000000000000000     
   0.0000000000000000     
   0.0000000000000000     
   0.0000000000000000     
   0.0000000000000000     
   0.0000000000000000     
   0.0000000000000000     
   0.0000000000000000     
   0.0000000000000000     
   0.0000000000000000     
   0.0000000000000000     
   0.0000000000000000     
   0.0000000000000000     
   0.0000000000000000     
   0.0000000000000000     
   0.0000000000000000     
   0.0000000000000000     
   0.0000000000000000     
   0.0000000000000000     
   0.0000000000000000     
   0.0000000000000000     
   0.0000000000000000     
   0.0000000000000000     
   0.0000000000000000     
   0.0000000000000000     
   0.0000000000000000     
   0.0000000000000000     
   0.0000000000000000     
   0.0000000000000000     
   0.0000000000000000     
   0.0000000000000000     
   0.0000000000000000     
   0.0000000000000000     
   0.0000000000000000     
   0.0000000000000000     
   0.0000000000000000     
   0.0000000000000000     
   0.0000000000000000     
   0.0000000000000000     
   0.0000000000000000     
   0.0000000000000000     
   0.0000000000000000     
   0.0000000000000000     
   0.0000000000000000     
   0.0000000000000000     
   0.0000000000000000     
   0.0000000000000000     
   0.0000000000000000     
   0.0000000000000000     
   0.0000000000000000     
   0.0000000000000000     
   0.0000000000000000     
   3.3740057077848822E-006
   5.7155059499383444E-007
   8.7535338553404486E-007
   5.6558571720779283E-006
   3.2752391490928988E-006
  -2.4490284473927164E-006
   3.6221616042282977E-006
   5.8918439357370829E-006
  -2.8704465473353205E-006
   4.9092001727515102E-006
   3.4104086853662643E-006
   6.6489530128450246E-007
   2.5731469625681303E-006
   3.8338432155334057E-006
  -1.0606364241433220E-006
   2.9141362733445452E-007
   5.1942248784043126E-008
  -1.7251806505892909E-006
  -3.2335471193056209E-006
   2.8332849638498119E-006
   5.4410656298822009E-007
  -2.1797041097935191E-006
  -2.1448430424952448E-006
  -3.8263200112976711E-006
  -2.2869881943616535E-006
  -2.0819217938113780E-006
   1.7698730002930258E-006
   2.0684603189018335E-006
  -1.1165574439809297E-006
  -1.3136068936537484E-006
  -1.6533210258958979E-006
   1.0846187948199725E-006
   1.2521633751637781E-006
   7.4166633788262125E-007
   6.2470898143746933E-007
  -1.1148940759948191E-006
   1.1055586842932344E-006
  -2.6119486383406115E-007
  -2.7489710669482382E-009
  -2.7798025003042335E-009
  -2.9263957565021562E-009
  -2.8484712082080232E-009
  -2.5345945344813934E-009
  -2.0609996647341779E-009
  -2.1132496011275624E-009
  -1.4928913627054299E-009
  -1.1937831658251008E-009
  -7.5041700070529860E-010
   0.0000000000000000     
   0.0000000000000000     
   0.0000000000000000     
  -9.2245950701735203E-007
   6.0388809509099375E-006
   8.8770902099885557E-006
   7.4117840291319681E-006
   7.8593579580787637E-006
  -3.0025568131561254E-007
   8.9012849273181963E-006
   6.0976448283066084E-006
   1.7099802712447714E-006
   7.2780475382094754E-006
   1.9694866643660197E-006
   1.2115806011829187E-006
  -2.6588180987278428E-006
   3.7170240676652816E-006
  -4.8692920935601227E-006
   3.0899401368527137E-007
  -2.7059195489116048E-006
  -5.1661730031174379E-006
  -6.3672324370225798E-006
  -4.0674094665377930E-007
   1.2831212216513434E-006
  -1.5500379394512819E-006
   2.3747489047927181E-006
   2.4609566021937992E-006
  -3.6183295241939105E-006
  -6.4196557797177485E-008
  -1.2482134112789890E-006
   3.5415364450916810E-006
  -4.4167277453515151E-008
  -1.9784407767241502E-006
   4.0902083582879047E-008
   2.3151150826262000E-006
  -6.1457896469533076E-007
   4.1902737044881274E-007
   2.6265909425045216E-006
  -2.1128805899325087E-006
  -1.8743531965753802E-006
   1.3619368624979272E-008
  -5.7653373775322020E-009
  -5.4702818419747152E-009
  -4.7914490056324619E-009
  -2.8045781279440020E-009
  -1.5855195783360494E-009
  -8.7646656007062174E-010
  -5.8796529951741853E-010
  -6.3783228392519791E-010
  -1.3247268086969861E-009
  -5.0024586882029963E-010
   0.0000000000000000     
   0.0000000000000000     
   0.0000000000000000     
  -7.0675695736779901E-006
  -2.7680611605003518E-007
  -2.5703790539083663E-006
   6.0976421746507540E-006
  -4.0249678806023869E-006
  -4.3425363658745920E-006
   5.4964409649626999E-006
   9.3983201922720109E-006
  -6.9638500779859442E-006
   5.6224428535823926E-007
   1.2326869796213114E-005
  -4.0879581746873458E-006
   5.2278611660413465E-006
  -4.2733558378406440E-006
  -9.4853451701567644E-006
   7.6003578078929710E-006
  -2.1383214147283949E-006
  -4.5167260554723721E-006
   1.0392047382896799E-006
  -3.7201116523812698E-009
   2.3694280294638586E-007
  -4.9764331877980462E-006
   1.1968170378237025E-006
   8.1866605031432723E-007
  -1.4001125970513340E-006
  -6.4051590438802619E-006
  -2.0963570702948902E-006
   1.0328801819198346E-005
  -5.0774928775298432E-007
   1.2003233345275511E-006
   5.6612848621498722E-006
   6.2919216752269606E-006
   3.4620391502267164E-006
  -2.8470018160475455E-006
  -1.5403787757759632E-007
  -4.5480678780714179E-006
   1.3971986084976765E-007
   6.4388656433310159E-007
  -1.5945070528288464E-006
  -7.5200795338349422E-009
  -7.3165148776862607E-009
  -2.6694030577900570E-009
  -3.6806670423012958E-009
  -2.7982998766827307E-009
  -1.9695081032997004E-009
  -3.3642153271669509E-009
  -1.1986289393096467E-009
  -3.2443427852692763E-010
   0.0000000000000000     
   0.0000000000000000     
   0.0000000000000000     
   2.5928815981635686E-006
  -6.1530072560913405E-007
   5.2957067797967235E-006
  -6.5185426314684402E-006
   8.0469932250588712E-007
   3.4633810781004106E-006
   1.0619964499665650E-005
   3.3548942351925918E-006
   4.3091601334895311E-006
  -7.9651507072257271E-006
  -1.3087595438958507E-005
  -1.1538905609420859E-005
   1.7783162433370663E-006
  -2.0185192479170874E-005
  -3.0392127124235339E-005
   3.3575990644660323E-006
  -8.3232315326312714E-006
  -4.7608988320044253E-006
  -5.4003019621441014E-006
  -3.1939276465903711E-006
  -7.4589153268498279E-006
  -9.9562923410177681E-006
  -7.5916679001554616E-006
  -4.3072512935411086E-007
   1.2929609701755801E-005
   3.6547735323375450E-006
  -1.5528998391208344E-005
  -2.7542988692072466E-006
  -1.0225114290678239E-005
   1.6515635694340723E-006
   1.4460358721950621E-006
   2.6139577404549294E-006
   3.4930202905409504E-006
   2.7880350142389382E-006
  -2.7083777063492812E-006
  -1.6376608003781781E-006
   4.5880189627073836E-007
   1.8888965668948045E-008
  -2.0918757160666804E-006
   3.0991053084602394E-007
  -5.9793549306223536E-009
  -5.0117501932573070E-009
  -4.2474249218265548E-009
  -3.7237324106069803E-009
  -3.4067892591410511E-009
  -2.2084549213614906E-009
  -1.6555639160339772E-009
  -8.4228657547449741E-010
   0.0000000000000000     
   0.0000000000000000     
   0.0000000000000000     
  -1.9534993338872950E-006
  -9.1098881404783017E-007
  -5.4038488205462053E-006
  -2.0273464983196302E-005
   1.1173512271283745E-005
   2.4983872924452887E-005
   5.7245187057915620E-006
  -1.7378812395427191E-005
  -1.4321874084363158E-005
   4.0621794103360073E-007
   8.4346773439042038E-006
  -1.6360341608996579E-005
   1.1183649879959728E-005
  -1.3178191162898314E-005
  -2.0391734658310487E-006
  -9.5686485820346966E-006
   1.9986688909770521E-006
  -1.6933721607438834E-005
  -1.1704297416330027E-005
  -8.9436153268827601E-006
  -7.2991908570713063E-006
  -8.5237307138603637E-006
  -9.8300382854751022E-006
   1.5893878267610511E-006
   3.2589384104965286E-006
   1.7431910760385130E-006
  -7.0650515253535022E-006
  -2.7130301198210208E-006
  -4.8472832242029977E-006
   4.2123265374770874E-006
   1.0503420937995864E-005
  -4.6204940135467871E-006
   7.1560234124899903E-006
   9.1041920014328678E-006
  -6.8126390406932947E-006
  -5.3946936963962416E-007
   2.3282375972261865E-006
  -2.3024182010414225E-006
   2.7991286889672217E-006
  -1.9036312177715487E-006
  -3.0205018214191037E-006
   2.5011492341851366E-007
  -3.3293133826800459E-009
  -2.9566977771135553E-009
  -4.0823957933814394E-009
  -3.4368479273371681E-009
  -1.7256723066395821E-009
  -1.3310833927208662E-009
   0.0000000000000000     
   0.0000000000000000     
   0.0000000000000000     
  -5.2683741513343571E-006
   2.7842027223213743E-006
  -5.4347022938347446E-006
  -1.1956022910364146E-005
   3.6320523087503825E-005
   1.8909320590773375E-005
   1.6054771923948595E-005
  -6.4285523865350856E-006
  -1.4834902005343256E-005
   2.6780585278001619E-005
   1.7593359277309566E-005
  -2.7432667525685939E-005
   2.3743414019521638E-005
   4.2877945123394987E-006
  -2.2913237294400611E-006
  -1.9313629785053436E-005
   1.4947765380513463E-005
  -8.7527566136839744E-006
  -3.1350833771621701E-005
  -2.5004491076304256E-006
  -1.6230414788502712E-006
  -5.9840963546788293E-006
  -1.8683883638692610E-005
  -6.2412086520909714E-006
   7.7465448681454228E-006
  -5.6593619476560879E-007
  -8.2563347303298546E-006
  -4.1431903796647840E-006
  -7.7477552878865300E-006
  -3.0634640044244396E-006
   5.4783542197346012E-006
  -4.2320851309188628E-006
  -3.4851531086881641E-006
   1.0007927901804251E-005
   4.2841377821758375E-006
   2.5897702247688990E-006
   1.4275870849933056E-006
  -5.8988772740513936E-006
   9.3526152827005862E-007
   6.6254722098494536E-007
  -2.6479727715778432E-006
   2.6144502854616373E-006
   1.6771843208565408E-006
  -1.0366075357045172E-007
  -4.4462953006231900E-009
  -3.1662344712714796E-009
  -2.5271832511338373E-009
  -1.4891209059616600E-009
   0.0000000000000000     
   0.0000000000000000     
   0.0000000000000000     
  -4.8068407830241977E-006
   8.6663273889154522E-007
   6.9638248812014237E-006
   5.8449576817998490E-006
   2.7138987035364842E-005
  -1.4186574482571063E-005
  -8.9966851044680983E-007
  -1.7225195594554356E-005
   4.8725954307492060E-006
   1.0647425096876377E-005
   1.2378416321028377E-005
  -5.0563262456757286E-006
   3.3222850783889534E-005
  -1.0602836535234216E-006
   5.0827539577003550E-007
  -1.1179472144905984E-005
  -1.7273341273475742E-005
   4.0250332093519931E-006
  -1.8702763601127677E-005
  -8.2596663682567034E-006
   6.8507723539884329E-006
  -4.4166094575118655E-006
  -1.2699694960650332E-005
  -3.5329568063025476E-006
   2.9147084356040319E-006
   4.1298976229474259E-006
  -1.4747177669772277E-005
   6.3847709598368318E-006
  -9.0060200432668728E-006
  -5.9864848474340484E-006
   1.1874931609625365E-006
   4.7157670319916693E-007
   2.2081664654357867E-006
   1.1560470251276898E-005
  -3.2771741897723163E-007
   3.0526098905375240E-006
   5.0676138455478907E-007
  -6.0205682905349186E-006
  -2.0053278118280919E-006
   3.0684384365078391E-007
  -7.7561308513857908E-006
   9.6228193074326096E-006
   3.7521158109776713E-006
   3.2161271586013392E-006
   1.0557537572015976E-006
   0.0000000000000000     
  -2.2592850264651582E-009
  -1.3273614084428674E-009
   0.0000000000000000     
   0.0000000000000000     
   0.0000000000000000     
  -7.5507737964508341E-006
  -1.5482466161599909E-006
   2.2062225803303359E-005
   2.2886159846968548E-005
   4.7200560317074052E-005
   1.1142171411069250E-005
   3.4961889355602131E-006
   2.5637579773443522E-006
   2.0908525484131537E-005
   2.9393583385951419E-005
  -1.3547567583044701E-005
  -1.8828257289651485E-006
   4.6653231320734213E-006
  -1.8550960574412859E-005
  -5.3213505858216078E-006
   1.2162388485932578E-005
  -1.9395278285447884E-005
   1.1375727745317278E-005
  -1.1798490580526636E-005
  -3.4228775083135259E-005
   1.2857875324979011E-005
   1.5651453703822612E-005
  -1.1084551018761158E-005
  -1.6645182042541714E-006
   6.2770240780418118E-006
   7.6192368899592158E-006
  -5.6747380749808912E-006
  -7.1683796554092247E-006
  -1.0589632495387943E-005
  -1.8127959640886007E-005
  -5.4220119384559407E-006
   5.3720288414865665E-006
  -2.0595383923003916E-006
   1.2756282407821044E-005
   8.1389608400292774E-006
  -3.7792699152722840E-006
   3.0925768246303980E-006
  -9.0386603660800361E-006
  -7.8450865942756768E-008
   3.9130193577531583E-006
  -3.5595126638514403E-006
   7.0694371533730401E-006
  -5.1886497182968297E-007
   3.5438036636828637E-006
  -2.2929622308194568E-006
   4.6221216283922496E-007
   0.0000000000000000     
  -8.6291495807270147E-010
   0.0000000000000000     
   0.0000000000000000     
   0.0000000000000000     
   8.4327807481183981E-007
  -6.8236331282122284E-006
  -2.4637035533377051E-006
  -3.9598991277051218E-006
   1.7236126389056677E-005
   8.3275948032685827E-006
  -6.0149147729618263E-007
   3.5535682937907644E-006
   1.1538160530441039E-005
   1.0537861683633468E-005
  -1.7871133537805748E-005
  -8.8469398292585741E-006
   1.6186454882463535E-005
  -4.5714488115426264E-006
  -1.7806991700566649E-006
  -2.2408213678843967E-006
  -2.4614696111439899E-005
   1.0585262623149576E-005
  -1.6992166329777601E-005
  -1.6701408051609098E-005
  -7.5630728168070040E-006
   3.4074411373960733E-006
  -2.0132663959019249E-006
  -9.1098671492625438E-006
   4.4592040329709071E-006
   1.8688354435403028E-006
  -1.7048437565057711E-006
  -2.1931285743712129E-007
  -9.7201626625877536E-006
  -1.0692258676506319E-005
  -9.7399304022111455E-006
   1.4957075988927401E-005
  -6.9025455430151485E-006
   1.7979290002575246E-006
   8.7009268221830753E-006
   1.1385648491118230E-006
   2.3421928570301248E-006
  -5.4173459447424790E-006
  -3.6634238080153960E-006
   7.3202093469023404E-006
  -2.8897465456146548E-006
   3.3814381955454389E-006
  -4.4140706664147691E-006
  -9.4931829579473442E-007
   1.6596727943747928E-006
   2.0246221546860914E-006
  -2.7573095463590301E-007
   0.0000000000000000     
   0.0000000000000000     
   0.0000000000000000     
   0.0000000000000000     
  -4.4825459274688473E-006
  -5.7657073535247992E-006
   5.6522805760397715E-006
   1.0722238818866729E-005
   2.2444781863190497E-005
  -8.4540177652407122E-006
  -1.7031251808077485E-005
   7.4655405485138865E-006
   3.4191032948898088E-006
  -1.7200672806875006E-005
   7.2426833011902474E-006
   1.0181038227605639E-005
   1.9702816748617254E-005
   3.5249782811353900E-005
  -2.1019157474964976E-005
  -4.1883654503272885E-007
  -3.3567646633218073E-005
  -1.2989012537998835E-005
  -2.3092244341220378E-005
  -3.1997271760238586E-005
  -1.1082401729273011E-005
   1.1704249974897830E-005
   6.6022669993152044E-006
  -1.7330542200071538E-005
   8.3181742071682770E-006
   4.1772803311604777E-006
  -1.0414137743998403E-006
  -1.0326352937698516E-005
  -6.0537796824350575E-006
  -5.5833676045141587E-006
  -2.1668621155736842E-005
   3.1197522619683070E-006
  -1.1566388426472002E-006
  -8.0893538395282326E-006
   1.8085722364089994E-006
   2.6621472141289149E-006
   6.8278229576252673E-006
  -7.0116409408833374E-006
  -2.9346441255638666E-006
   3.8917615366472187E-006
  -5.5190133937836349E-006
  -5.8223418014285551E-006
  -1.7405813165641067E-006
  -9.8318063364767022E-006
  -5.3537358635064303E-006
  -1.1375299791903121E-006
  -6.2727262846762670E-007
   2.7863478350368231E-007
   0.0000000000000000     
   0.0000000000000000     
   0.0000000000000000     
   6.8855852189281916E-006
  -6.2175255394394301E-007
  -8.3054337977445714E-006
   9.9522518564642480E-006
   4.1351573384463269E-006
  -4.1127604166841538E-006
  -1.8565306605263696E-005
  -3.6961099114602476E-007
  -7.8896011924351038E-006
   2.8509579402590424E-006
  -1.2161796552220582E-005
  -1.6159076936006064E-006
   6.0924910534305541E-005
   5.6058475842926149E-005
   2.2530051087803653E-006
   6.0411684794365502E-005
   2.6759545198471319E-005
   1.0168700898342105E-005
  -1.5065221672877983E-005
  -2.7610093878346630E-005
  -1.0256126639185053E-005
   5.1935444612119865E-007
   1.8698140514856477E-005
  -1.6301295211333306E-005
  -6.8442494433856375E-007
  -4.8426239982425098E-007
  -5.1418472990004568E-006
  -5.3797928481342003E-007
  -1.1852471153266478E-005
   3.4642811596217408E-006
  -1.9166138100892283E-005
   7.5664757257268392E-006
   4.3159441298504887E-008
  -1.7234816283869465E-005
   4.6457035692086691E-006
  -1.3192370180688066E-006
   1.0193363319078341E-005
  -8.7427313544662607E-007
  -1.0734122494483897E-005
  -3.0378297826855171E-006
  -4.4422819975468500E-006
  -4.5474737234043555E-006
  -3.1791886317277152E-006
  -3.5129471190704263E-006
  -1.6119718725104634E-006
  -2.7444092704498320E-006
  -4.0001160366282365E-007
   4.0599548970788158E-007
   0.0000000000000000     
   0.0000000000000000     
   0.0000000000000000     
   5.6484334035001926E-006
  -9.7715965948930386E-006
  -1.4726585859896707E-005
   3.3307931984081114E-005
   1.9197096406976331E-005
   1.6147025698719790E-005
  -4.9373054729882864E-006
   7.7247211686360553E-006
   3.4090678609982918E-006
  -1.6513615161305673E-005
  -4.8517891394620962E-005
   2.1321565080340330E-005
   6.5136903081601817E-005
   4.7456362029613984E-005
  -4.9317011706093796E-006
   1.8258177161856014E-005
   4.0709975081085576E-005
   1.5134796423152843E-006
   1.4140781686510121E-005
  -1.9287860210505071E-005
  -7.4278524427708302E-006
   1.6562274665873099E-005
   4.4074067189619850E-006
  -2.0976032611336343E-007
   1.3253134341347769E-005
  -5.1730266030496669E-006
  -4.9033708462884696E-006
  -4.9189693123017118E-006
  -5.0362319284179895E-006
   9.3738862225122351E-006
  -1.3642050169878545E-005
  -5.7799425730931267E-006
  -3.2231524888168616E-006
  -8.6132793580754436E-006
   1.9492726765146387E-006
   2.3574896574384750E-006
   2.0140353083740793E-005
  -1.4235616616901950E-006
  -5.8287166076122756E-006
  -6.3994565962726845E-006
  -1.1697842354135846E-005
  -4.5946452662021898E-006
  -4.0169090305443519E-007
  -8.9948831174053863E-006
   3.6371874136090549E-006
  -3.1245794238701256E-007
  -9.9804783371231066E-007
   3.4769210559170490E-007
   0.0000000000000000     
   0.0000000000000000     
   0.0000000000000000     
   5.0758578534584863E-008
  -1.1230400156553856E-005
  -1.0041985212322905E-005
   1.8361992613914511E-005
  -2.4024142286666420E-006
  -1.1244800918427839E-005
  -9.3123972984571997E-006
  -3.5074032968857277E-006
  -1.1647504587569463E-005
  -1.5026092081659692E-005
  -8.5582553167418899E-006
   3.5671186779525180E-005
   2.4686594497860354E-005
   1.7670749028727221E-005
  -4.8498728724851023E-006
   3.1484382691644841E-006
   2.9411629917340850E-005
   6.3941914368381361E-006
  -4.4841117825406532E-006
  -4.0272339550860753E-005
  -4.3717817360378153E-005
   9.5031356086003381E-006
   2.3499250587610761E-005
  -7.0719568125811678E-006
  -2.2815478014368265E-006
  -1.2799862943635044E-005
  -4.9973486367322153E-006
  -5.1446005766051032E-007
  -1.4910050480311518E-005
   1.3166077122122969E-005
  -3.7840090576869994E-006
  -1.2341929655327047E-005
  -1.6768742334521550E-005
  -1.3856534151738212E-005
   1.0522585764105454E-005
   1.5639925028441887E-006
   1.6982441382270273E-005
  -4.4909507493221561E-006
  -1.8957666749247382E-006
  -1.2250747163360576E-005
  -1.1988383646549492E-005
  -1.0573239482018726E-005
  -4.5545720546290372E-006
  -4.7898667538584972E-006
   8.0979083859114913E-007
  -2.5929597284263761E-006
  -1.3952442305103534E-006
  -5.3670953002965858E-007
   0.0000000000000000     
   0.0000000000000000     
   0.0000000000000000     
   8.8725398617382441E-006
  -6.4168405980651057E-006
   3.4262173521027008E-006
   3.0354166922282374E-005
  -4.1539629960013777E-006
   5.0165255088058459E-007
   9.4395069610442288E-006
  -2.7579857622911379E-005
  -2.4913612341928825E-005
  -2.3171291611421109E-005
  -9.9359100538830530E-007
   8.8710013492986282E-007
  -1.0048029807025638E-005
  -6.0402030988722392E-006
  -4.5461819304735204E-007
   6.6960791096117514E-006
   2.5569993854498504E-005
   3.5334895330119340E-005
  -1.0060133828070708E-005
  -2.0359224954023409E-005
  -5.4935332013413041E-005
  -2.6480918761223405E-007
   2.6285426312348826E-005
   8.6148731551712832E-006
   6.9897096437317472E-006
  -2.5619219310183732E-005
  -2.5860018599473504E-006
   2.4460600314460608E-006
  -7.5186307271216505E-006
   1.7378662600226475E-005
  -2.6436591045613818E-006
  -5.4656687852551608E-006
  -9.5977786414010571E-006
  -1.7057006235964815E-005
   2.0885132956964593E-006
   1.2955774017019559E-006
   1.8258391972295208E-005
   2.7340759892917540E-006
   4.8134705064365160E-006
  -6.9390653888672876E-006
  -1.8823783283792457E-005
  -1.6573815600339018E-005
  -1.5144387534116836E-005
  -6.6664155868806642E-006
  -5.2354779653810586E-006
  -4.3418746735027079E-006
   5.9542225430205819E-007
   1.6455719835653226E-006
   0.0000000000000000     
   0.0000000000000000     
   0.0000000000000000     
   9.7404672617100710E-006
   6.5230517078818457E-006
   2.0544026618442890E-006
   4.3047931065301561E-005
  -1.2865924119864389E-005
  -9.6103156411770947E-006
  -1.8644575347423814E-005
  -3.5997959432329964E-005
  -2.7469626514195210E-005
  -2.7380956655161479E-005
   5.8383958562036175E-006
   5.9619403255394949E-006
  -2.6529365754405396E-006
  -5.3268568089415032E-006
  -1.2165362597703822E-005
  -1.6554518209885665E-005
   2.6283823652059224E-005
   3.4617632064092963E-005
  -5.5131393292413430E-006
   1.2064091037046496E-005
  -5.1532068843379213E-005
  -6.3611185355185612E-005
   2.0804110758712538E-005
   1.1066317437871152E-005
   1.1198803867495757E-005
  -1.5216755667406416E-005
  -1.8548458919685872E-005
   8.2383003366928779E-006
  -1.2590791466479952E-005
   2.5836201090742353E-005
  -1.3925454345971327E-006
  -9.6695170179110243E-006
  -1.4347465653076311E-005
  -1.1590560659961638E-005
   4.6355423775943450E-006
  -1.1725622060616626E-005
   2.2129643423622492E-005
   9.2910937783191474E-007
  -4.4740172469381110E-006
  -1.1891682889729983E-005
  -1.9595242008933379E-005
  -1.3762411890180025E-005
  -1.4337641601207894E-005
  -1.2347471079579527E-005
  -9.7935385299648788E-006
   1.2999989599814449E-007
   2.2068558445210831E-006
   3.6829456572888081E-007
   0.0000000000000000     
   0.0000000000000000     
   0.0000000000000000     
   1.0866474337620647E-005
  -2.1006707223005954E-006
   3.4394027497939591E-005
   4.6613604844998768E-005
   7.0667524769777875E-006
   7.1090862131625186E-006
  -2.2346189560517683E-005
  -3.0587482733660801E-005
   6.8122600516914957E-006
   6.8566958721050619E-006
   2.5769310563830915E-005
   3.4840580325741825E-006
   3.0455747894147120E-006
   3.2264702240417087E-006
   1.2501430931342781E-005
   5.4078542300383699E-007
   2.7080784031277311E-005
   1.8149756851104194E-005
  -1.3574770355073923E-005
   1.7086966547818885E-005
   2.8986191613351827E-005
  -3.9635490770244297E-005
  -6.2823303900512754E-006
  -1.6903771502702413E-006
   1.1066297032910267E-005
   1.8058331125160097E-006
  -2.8016534360610764E-005
   1.4638236050324076E-005
  -2.7579897957222981E-005
   1.7828879267114344E-005
  -8.6694198207191749E-006
  -5.3182087832467919E-006
  -2.2954496370109265E-005
  -2.1838725642216552E-005
   6.3763296409628666E-006
   4.0350403850556651E-006
   1.7847983166892951E-005
   1.7049252842540940E-005
  -2.4681838992213357E-006
  -1.8885263616167179E-006
  -1.9949695455100875E-005
  -2.5474738733684163E-005
  -1.8005455787652762E-005
  -1.4009935457072175E-005
  -1.6595271070945566E-005
  -3.2647667614429318E-006
   3.2066633884675801E-007
   1.4944409342693962E-006
   0.0000000000000000     
   0.0000000000000000     
   0.0000000000000000     
   1.2738357132457397E-005
   7.7295186438211326E-006
   2.9782599900253947E-005
   1.7602470791142878E-005
  -2.1513386793826245E-005
   7.4866108687757982E-007
  -3.7258221034910354E-005
   1.5262690988862880E-005
  -1.4339814683728476E-005
   3.1152154797172987E-005
   5.1455862947348237E-005
   1.7212409967134287E-005
   1.5477668815345324E-005
  -9.2229141787567009E-006
   1.9545865303967083E-005
   1.7456469535650988E-005
  -4.0516504538337441E-006
   3.2697683338404913E-005
   5.1633918605747975E-006
   2.3794488905965710E-005
   4.6884764967211300E-005
   9.5683137158549487E-006
   3.0667907099913624E-006
   1.2100642705328654E-005
   3.1374926493048061E-005
   1.5197556098420617E-005
  -2.9058921295395108E-005
   2.4106937351776665E-005
  -1.1689146791641743E-005
   1.7404235300559908E-005
   1.7405924847722566E-006
   7.6721766240040237E-007
  -1.9260807793554954E-006
  -5.9343872130293730E-006
  -7.8415525973024605E-006
  -7.4362909687729130E-006
   1.7003821201828878E-005
   1.1979973267031687E-005
  -1.2543062205831093E-005
  -3.7813898212489355E-006
  -1.6513029385348673E-005
  -1.5005052442760749E-005
  -2.4197132100054107E-005
  -1.1722782322505824E-005
  -4.2327619103415199E-006
  -5.5075190260395848E-006
  -3.7147287677817551E-006
   1.4551285122254394E-006
   0.0000000000000000     
   0.0000000000000000     
   0.0000000000000000     
  -1.4670717494227256E-006
   9.2826509074730916E-006
   1.9684218788812710E-005
   1.6310053653978319E-005
  -1.7961219529666729E-005
   4.4935639378037737E-007
  -7.5050592078003184E-005
   2.6403767141620279E-005
  -3.2591759205551094E-005
   4.5878586280710486E-005
   6.2180331780089883E-005
   3.4079871705769129E-005
   1.9905087592053717E-005
  -8.0244785766092431E-006
   6.5615300915705630E-005
   1.9598034196244961E-005
  -2.5333083489106597E-006
   2.1386586049531550E-005
   8.8194827609488770E-006
  -1.0376218519334607E-005
  -1.4805150334474732E-005
   3.8749571439371880E-005
   2.6848773766517728E-005
   5.1306712772911555E-006
   1.8761770790645532E-005
   4.5266532705808538E-005
   5.1929459439236286E-006
   1.7270586729693268E-005
  -1.7905756128835548E-005
   4.8736007962167000E-006
   2.6254923298437722E-005
   2.4501556493594381E-005
  -8.7121864435410502E-006
  -6.4130404146571262E-006
  -1.3543592157783024E-005
  -2.4018031191457469E-006
   2.5358405258681553E-005
   1.8784274690543279E-005
   2.5865424122782904E-006
  -1.4461324607451804E-006
  -1.1277221007568680E-005
  -1.9716197669775485E-005
  -2.5533421681229235E-005
  -2.0499385418123172E-005
  -3.7043856992278565E-006
  -3.1690406474332737E-006
  -7.3252125510402094E-007
   1.4050537764891866E-007
   0.0000000000000000     
   0.0000000000000000     
   0.0000000000000000     
   3.9312952219597530E-007
   1.8460130696224726E-005
   4.2548578252822924E-005
   3.0673981251184855E-005
   2.3956587411793390E-005
  -1.3436750568884305E-005
  -1.0062730510829094E-004
   4.3907461582646317E-005
  -3.1716658421196700E-005
  -1.3243458423308030E-005
   6.6814249481418462E-006
   2.4414441430531357E-005
   2.9300728876847350E-005
   1.0591625682613849E-005
   6.1673238740509787E-005
   1.0883526893642066E-005
   8.7897382518783510E-006
   9.0648245205494550E-006
   2.0974018846145408E-005
  -6.1902600571791950E-006
  -2.7600483536592886E-005
   1.4305803809863569E-005
   4.6629219783872644E-005
   1.0225200214704812E-005
   4.6064510691894501E-006
   5.2739702867853584E-005
  -1.5887598123895243E-005
  -5.0737452940309781E-006
  -9.4223787158774607E-006
  -1.2622814264523414E-005
   2.6183487282725309E-006
   1.9622288062075251E-005
   1.0371494325957585E-005
  -2.9676449620392151E-006
  -1.0713407664872898E-005
  -7.4714083623034131E-007
   1.4590967664455969E-005
   1.4537514002151707E-005
   5.3971781718234231E-006
  -1.4855647936113819E-006
  -1.0614313331440350E-005
  -1.2884551658772803E-005
  -1.6163721264741255E-005
  -3.1671190124415149E-005
  -3.4915601175618884E-006
  -5.8068177485312841E-006
  -3.5766193285954777E-006
  -2.2272708698568746E-006
   0.0000000000000000     
   0.0000000000000000     
   0.0000000000000000     
   4.8509108909389004E-006
   8.1765570522634758E-006
   3.4480673916837904E-005
  -3.2335184082326071E-005
   4.0663404962612380E-005
   1.0705824384070873E-005
  -9.6327521253729173E-005
   1.0304979742599986E-005
  -8.9568450446942150E-005
   3.0483196622475306E-005
  -1.6251710394293477E-006
   1.8371591012072024E-007
   2.9450883587394170E-005
   9.6901694439397113E-006
  -1.7322262884032870E-006
  -3.6649251062219565E-005
   7.0205613440279365E-006
   4.7589573310106028E-005
   8.4883311037286632E-005
   1.6349133617524504E-005
  -2.3501158536548578E-005
  -1.5944682506204779E-005
   1.0395080608333452E-005
   1.8234070992996690E-005
   4.5875557959957036E-005
   5.1962431094421921E-005
   4.7674882959477842E-006
  -1.4267749313316609E-005
   7.7975715427984929E-006
   8.2910852783016363E-006
   2.9390334283158148E-006
   2.6426517871192365E-005
   1.3367592393099860E-006
  -1.3779373369753136E-005
  -8.4133859726140711E-006
  -2.1381610578101233E-005
   6.2629177181856348E-006
   4.3713476309723296E-006
   1.7916317012801866E-005
   6.7379835470358899E-006
   3.8434650875664328E-006
  -1.2160546148264207E-005
  -1.9039279829017104E-005
  -3.2757619959706725E-005
  -7.7299772076161603E-006
  -8.3425325657132861E-006
  -8.7806992687054814E-007
   7.1332411570078067E-007
   0.0000000000000000     
   0.0000000000000000     
   0.0000000000000000     
   1.0267713717719030E-005
   8.7499108920919420E-006
  -9.0783530324662807E-006
  -1.2308985853413754E-005
   6.7420819572043696E-005
  -3.2531714445352411E-005
  -2.7449908158070566E-005
   6.8483852733843567E-005
   1.5304757053142436E-005
   1.7040394359120415E-005
  -8.5709114393630868E-005
   1.1776675069723907E-005
   1.4700215776483041E-005
  -9.9552922851194427E-006
  -1.2071289803043803E-005
   9.3367910057885847E-006
   3.3826476010496473E-005
  -3.7219722564707625E-006
  -2.8074653452462335E-006
   5.2558707860528372E-005
   4.2306209516438701E-005
  -2.4647459835517516E-005
   1.4711015397068871E-006
   1.7435324420408911E-005
   1.6041396695011873E-005
   6.9767775978112588E-005
   4.0897773865441636E-005
   1.6641983440798671E-005
   1.3224540298345536E-005
   2.2703783578773494E-005
   1.1259446420353788E-005
   4.4494469137588225E-005
   2.2113839143637325E-005
   4.8239644738871036E-006
  -2.0750337800266603E-005
  -1.6049538217764063E-005
   9.4061331520602185E-006
   8.1879483001953591E-006
   8.2683868033621904E-006
   1.5403108668272566E-005
   3.5730351477859149E-006
  -1.2864982696245733E-005
  -1.3327805127797444E-005
  -2.8499206841731032E-005
  -8.0175602874614929E-006
  -5.9967914624000203E-006
  -3.9415811645509081E-006
  -4.8761490939837768E-007
   0.0000000000000000     
   0.0000000000000000     
   0.0000000000000000     
   1.5388037156570188E-005
   1.2738389701414377E-005
  -1.5592353263430372E-005
   2.1179378736733851E-005
   5.6218592248216882E-005
  -3.1268525378672465E-005
  -5.3063299576621082E-005
   5.1532508201172531E-005
  -2.1583789422888768E-006
  -2.0443639192710128E-005
  -2.0374785862529645E-005
  -3.1395324766994486E-005
   1.5560237185268205E-005
  -4.1094034175741233E-005
  -5.6167676351911827E-005
  -2.9708779519525007E-005
   1.5052757080328441E-005
   2.0674836297560732E-005
  -2.5475644920269626E-005
  -6.9139836797103523E-006
   1.6425007733213016E-005
  -5.4502321602636082E-006
  -2.0766406913025807E-005
   3.6564459624812275E-005
   3.2681321103018287E-005
   2.1586459159835505E-005
   3.4707476167081532E-005
   3.4431462416849789E-005
   1.7376942497492050E-005
   3.8199685913109769E-005
   2.2212332869130734E-005
   6.1392817400721515E-005
   5.8341080788922816E-005
   4.5934541170444141E-005
   1.0048388430549447E-005
  -1.8184516535703520E-005
   1.1170533664515519E-005
   2.2601229536167850E-005
   1.9045591473997609E-005
   3.5034257325319294E-006
  -1.8915353285427862E-006
   2.5125527926017014E-006
  -6.6105631533671502E-006
  -3.3722942646736513E-005
  -1.7338727224760698E-005
  -1.6974049693145649E-006
  -2.6750996900506538E-006
   3.7793286100829843E-007
   0.0000000000000000     
   0.0000000000000000     
   0.0000000000000000     
   1.1047615760921132E-005
  -1.1270467145594922E-006
  -1.1052756501046475E-005
   3.7742386336265149E-005
  -3.2233694998797670E-005
  -8.8684449170056652E-005
   4.1464813574265914E-005
  -9.6582287205988733E-005
  -1.2812303643283359E-004
  -1.0434077734437720E-004
  -6.7999695966939377E-005
  -4.0565697364526018E-005
  -5.4212471982245701E-005
  -3.2242551659223735E-005
  -4.7117957400246243E-005
  -4.5492357948424709E-005
   9.8603113717607675E-008
   1.6320774140325685E-005
   7.8168897093013408E-006
  -9.6461562883942260E-006
   1.6786316762410354E-005
   9.0297286442149222E-006
   4.3032722122990457E-005
   5.0636511953919580E-005
   1.4620333446587298E-005
   3.1532121551244117E-006
   1.7229919800062783E-005
   9.9801985656209136E-006
   1.0957040730111257E-005
   2.3686461633394207E-005
   1.9934520501755828E-005
   2.1581514942746791E-005
   1.8740025466286794E-005
   4.3304621682527076E-005
   1.7719633044322458E-005
   1.6053341267937070E-005
  -1.2394776801582362E-005
   1.2335493897155434E-005
   1.6271045105401409E-005
   1.4265356471926253E-005
  -3.4690091619102401E-006
  -1.5187759825298087E-005
  -3.1326278813064344E-007
  -2.9544366892908341E-005
  -1.9192766605385944E-005
  -4.8667634759795977E-008
   5.6255530923443194E-008
  -2.3924161146733522E-006
   0.0000000000000000     
   0.0000000000000000     
   0.0000000000000000     
  -1.9332021212940021E-006
   1.2457189441927643E-005
   1.8822193518913673E-005
   1.4364921519084153E-004
   7.8724294777367840E-005
   2.5676115368392841E-005
   2.3061918921454562E-005
  -3.8851033502694201E-005
  -3.5071250982643523E-004
  -3.4819133391847233E-004
  -6.8879141569194561E-005
  -4.9034572244156200E-005
  -1.3153162361186839E-004
  -1.4051097611420655E-004
  -7.6736171449103902E-005
  -4.0805793508682305E-005
   1.1193467498102929E-005
  -3.9416230438011442E-007
   1.8441588096867115E-005
   1.9274405798508978E-005
  -4.3190534228476476E-006
   2.4271505897133201E-005
   4.4331507872669029E-005
   1.4539525224519512E-004
   8.6024433349233019E-005
  -7.6298284918283689E-006
  -6.3567513106544842E-006
   3.1690366969033621E-005
   2.9827603097578406E-005
   3.0961786680344386E-005
   3.5077096090059517E-005
   3.7828512705832214E-005
   2.0912678505486671E-005
   6.9635438445732648E-006
  -4.9800852432874366E-005
   2.4763159574089067E-005
   2.6255411171314022E-005
  -9.6307965755253266E-007
  -4.8311907415110529E-006
   2.0810661552954283E-005
   1.0067954259713995E-005
  -2.0298712226453373E-006
   3.2244767656917109E-006
  -2.7790920804773681E-005
  -2.9199584621930045E-005
  -1.0336584592755237E-005
   1.3935431024645406E-006
  -1.5982668868580083E-006
   0.0000000000000000     
   0.0000000000000000     
   0.0000000000000000     
   1.5577728074647917E-005
   1.8114240011930909E-005
   6.5082196940146928E-005
   1.9474432574078941E-004
  -6.0243920029271354E-005
  -5.2128504872084467E-005
   1.6958873463772289E-004
   2.3494116858555316E-005
  -7.6831786662210101E-005
   7.1389088592190974E-007
  -2.4163838066850246E-004
  -3.7863500097606745E-005
   1.7813652079237162E-004
   1.1584621028076776E-004
  -3.8988900989797412E-005
  -4.4700029291923456E-005
   7.4476562330041076E-005
   9.4336719005098948E-005
   1.0671366647265212E-004
   6.8358849573434901E-006
  -3.8485362659542128E-005
  -1.8636269754939002E-006
  -1.2749931802403718E-005
   8.0869410745775135E-005
   7.4268901366974103E-005
   3.8050139837863040E-005
   1.6295053647713935E-005
   4.7420390467424510E-005
   4.8589772612419803E-006
   2.0777408481928198E-005
   3.5712075269372386E-005
   2.9584633324247012E-005
   9.0602557823949641E-006
  -8.6775744239896113E-006
  -7.1273976776681233E-005
  -1.1032795049220067E-004
   1.4246386562298866E-005
   3.9513592816803932E-005
  -7.0721384872551678E-006
   8.5017267656825187E-007
  -1.8113648404041477E-006
  -1.5891838481758201E-005
   6.2745046971900431E-006
  -1.8543169799858258E-005
  -3.2231779859444678E-005
  -1.6703695517519323E-005
  -2.7173255378490425E-006
   2.0507187793596804E-006
   0.0000000000000000     
   0.0000000000000000     
   0.0000000000000000     
   1.2649441786603911E-005
   3.2195656535747581E-005
   4.2664177049650619E-005
   9.4563904713429250E-005
   3.5043588284322545E-005
  -3.0240423564079469E-005
   1.1510125762099967E-004
   3.9514362054490559E-004
   2.5620207437354348E-004
   9.1061069682691679E-005
   1.2121695920488959E-004
   1.2156960279229964E-004
   1.4246813735045477E-004
   2.0090372145546248E-004
   1.7532504918143846E-004
   6.7372697100354185E-005
   2.5940623586892682E-004
   2.8844260884979667E-004
   5.6962116400872124E-005
  -4.2041421481847355E-005
   1.0578846499614676E-005
  -8.7807866975336284E-005
  -1.5198652556901483E-004
  -9.3902392563050449E-006
   1.0222589872917316E-005
  -2.4659366874022314E-005
  -2.5038655917853080E-006
   3.8519454739446241E-005
   1.6693719292884485E-005
   2.1206154712710880E-005
   1.1938179962542979E-005
  -1.1373702760264091E-005
  -3.8458397796185738E-005
  -7.3252504456171194E-005
  -6.6295238064013653E-005
  -8.4459191046592499E-005
  -1.0189643004233031E-004
  -8.5537651129781743E-005
   4.6213253505751499E-005
   2.2725298354480045E-005
   1.0788403761954739E-005
  -2.6630704946668094E-005
  -1.1390440825216788E-005
  -8.8094413239177720E-006
  -3.4278582875238729E-005
  -1.4558549951412982E-005
  -4.5586149761507989E-006
   1.2512945309584583E-006
   0.0000000000000000     
   0.0000000000000000     
   0.0000000000000000     
   2.5185194189379888E-005
   2.8728157350707422E-005
   1.6667264681081582E-005
   1.4836913504265645E-005
   7.2827828106422071E-005
  -5.0243916588303195E-005
  -1.9641167214144150E-004
  -1.2092443673815451E-004
   5.0418419344851087E-004
   1.1214039422893041E-003
   9.4541387268537035E-004
   5.8144984011876681E-004
  -1.5452498716847537E-004
   4.8040540474102512E-006
  -8.4514025675944089E-005
  -9.8278312019937634E-005
   5.7214559532623764E-005
  -3.3410271565714157E-005
  -3.8923134123485213E-005
  -5.7372159703981646E-005
  -1.7374793729453824E-004
  -1.9002142216749764E-004
  -6.8368625180440898E-005
  -7.4380750739883484E-005
  -9.9017662936212223E-005
  -9.1240250091953915E-005
   1.4887089506736878E-006
  -1.5606406621471079E-005
  -2.1918506448142608E-005
   1.5353004492000817E-005
   2.1169479053730604E-005
   1.4876600174171379E-005
   1.4744769005368843E-006
  -1.3222307865063515E-005
   4.1294426274944238E-005
   4.0517670338291242E-006
   8.3644564364746858E-005
   7.9402224257064710E-005
  -1.8828475623185662E-005
  -7.2477736593007261E-006
   4.8611177706619789E-006
  -2.2477879071189558E-005
  -1.1576769008146462E-005
   1.1993397661481008E-005
  -9.5523553612575738E-006
  -1.1534755124744669E-005
  -9.5685141539127677E-006
  -3.0471491518115271E-006
   0.0000000000000000     
   0.0000000000000000     
   0.0000000000000000     
   3.9571871192939252E-005
   8.1710562917946565E-005
   1.2323859778125252E-004
   9.6903207913288799E-006
   5.4737692340903615E-006
  -1.0810953297232740E-004
  -2.6324927802945548E-004
  -4.1809596940387114E-004
  -4.1845510708808451E-005
   7.1984961246943758E-005
   2.3434894585656308E-004
   1.9150931946650398E-004
   1.1742138054135858E-004
   6.8428318233113543E-005
   6.2654674069505380E-006
   1.7203188955004650E-004
  -4.2555616171573037E-006
  -2.0312015786976131E-004
   3.0546896671258696E-006
   2.7529521890989179E-005
  -2.4658532677770538E-004
  -2.8572332916777327E-004
  -2.3568284839134798E-004
  -1.9072773341995104E-004
  -9.7294084352887801E-005
  -9.0293795343157691E-005
  -9.7058102956159580E-005
  -4.7453593725892826E-005
  -8.6332709823061846E-006
   1.3148592507548752E-005
   6.4038337226034514E-006
  -6.4510942460024076E-005
  -5.4285659220570119E-005
   1.7511287531171675E-005
  -5.4323138941830992E-006
   1.0159029854872823E-004
   1.5201222936566567E-005
   1.0795150422745551E-004
   5.8103258916617796E-005
   2.6492683425737104E-005
   1.4946562514296877E-005
   1.1292629812931515E-005
  -1.6841457708439729E-005
  -3.6464288148237193E-005
  -3.6433096715436443E-006
  -6.9722031594416557E-006
  -3.7117841391606169E-006
  -4.3268163686034287E-006
   0.0000000000000000     
   0.0000000000000000     
   0.0000000000000000     
   2.5580803720779639E-005
   5.6283607158326047E-005
   1.0137518170185868E-004
  -6.4398757428612047E-005
   6.4560505228380459E-005
  -5.2232544902066926E-005
  -1.9643457265472911E-005
  -5.0100112862914807E-004
  -6.6951803679961253E-004
  -1.1359064416496423E-003
  -9.9306366012560108E-004
   9.4474101335813158E-005
   7.8356250705053645E-004
   3.2687210301188941E-004
  -1.8738816405801587E-004
   9.8008348419408478E-005
  -2.1103089332189172E-005
  -2.4139878311342802E-005
  -3.3337952612986729E-006
   1.6692047266644018E-004
   2.6887433843679134E-004
  -6.6953204553169468E-005
  -6.3387007205019738E-005
  -1.5850128028274555E-004
  -8.9563335239531105E-005
  -9.8262694351381041E-005
  -1.1672721543098540E-004
  -6.2692195016423937E-005
  -3.0577228614378021E-005
   5.1617515953349798E-005
   4.0207132216396465E-005
  -9.2455316077646622E-006
  -4.6291039710580413E-005
  -4.9411032935394177E-005
  -4.0430033767280039E-005
  -1.0094172935658805E-005
   8.9275545680437713E-005
   2.2208240431870974E-006
   8.1040396749470747E-006
   1.0318280435829947E-004
   4.0956469081394257E-005
   3.4601668238056567E-005
   3.0368363506055532E-005
   3.2871045965040507E-005
  -7.3947833414006806E-007
  -1.3716933956673854E-005
  -9.4796546879160099E-006
  -4.6400480513690645E-006
   0.0000000000000000     
   0.0000000000000000     
   0.0000000000000000     
   2.6573441334423516E-005
   4.6629969544890685E-005
   4.5324430489511214E-005
  -9.9490840026229875E-005
  -6.9566883449230036E-005
   2.4040272515681147E-005
   1.5017895716279105E-004
  -2.9553096450995048E-005
  -1.4542134436915539E-004
  -3.1603923397778805E-004
  -4.1498136166869963E-004
   3.2405103528090315E-005
   4.7053228641092250E-004
  -1.4294608434742718E-004
  -3.0318509054932604E-004
  -2.9243671499435368E-004
   8.5597416971959301E-006
   2.8626552336763664E-005
  -8.6414177687927065E-005
  -1.3210579019817917E-004
  -6.5963299277882565E-005
  -1.8411989237135455E-004
   1.3610712447247766E-004
   8.0863051819207021E-005
  -1.7075187452432797E-004
  -2.7052375154269651E-004
   8.9982425036005296E-006
  -8.5733621760477536E-005
  -1.6005093975352539E-004
  -2.0194143421487553E-004
  -1.7592157275242415E-004
  -2.6385135067458985E-004
  -3.3938172665782233E-004
  -2.0980512519285622E-004
  -1.4041112715038807E-004
  -1.8896736649994089E-004
  -6.1883418757925881E-005
  -1.4498637095019122E-004
  -2.1826091575737676E-005
  -5.3503452115296697E-005
  -1.5848905925452146E-006
  -9.7516612423215083E-006
  -1.0494116759997572E-006
  -3.1301072356798210E-006
  -1.3215909134180313E-005
  -1.1533965639727789E-005
  -1.1596663401000197E-005
  -2.0598504117144200E-006
   0.0000000000000000     
   0.0000000000000000     
   0.0000000000000000     
   2.2142761673524361E-005
   3.3271028584671346E-005
   2.5194336403394215E-005
  -7.8706441545596976E-005
  -1.6116048130481930E-004
  -1.2014586362542563E-005
   2.5214570315292256E-004
   3.4468842302511841E-004
   3.1649408121136224E-004
   2.3076929832588702E-004
   6.9189907774500135E-004
   8.8366615700145813E-004
   6.2215540404551335E-005
  -3.0908950342278596E-005
  -1.5050058174776845E-003
  -7.9154250036105663E-004
  -2.8791265543118765E-004
   1.0051872082657783E-005
   2.2534997336879365E-004
  -3.0453962327205110E-004
  -2.8627716553220403E-004
  -2.4486883032784405E-004
  -1.5327897826128564E-004
   4.9397226697298654E-004
   9.1276045432306475E-005
   1.3811490924809660E-004
  -3.1615847034548216E-004
  -5.2469500345582703E-005
   1.8175175844307342E-004
   1.8140624290725353E-004
  -1.2910745623746100E-004
  -1.8025762453667364E-004
  -2.5334101165363343E-004
  -2.9079451352971233E-004
  -2.2705332851231393E-004
  -1.5957236389159871E-004
  -5.3878608464857866E-005
   2.2357560384220999E-004
  -1.3478678550998799E-004
  -1.8486665382182860E-004
  -4.1932512019278299E-005
  -8.3950484475753414E-006
   1.3031322673534220E-005
   1.5360989601478971E-005
  -6.5728971841063375E-006
  -1.5818464813899010E-005
  -1.4297971892960249E-005
  -7.1591504367879678E-006
   0.0000000000000000     
   0.0000000000000000     
   0.0000000000000000     
   2.6930963612033504E-005
   3.0596372986469777E-005
   1.4462621885817295E-005
   3.7690608564660209E-006
  -1.4971128565804447E-005
  -7.0184536110014622E-006
   1.7007991769863693E-004
   2.6910463183178111E-004
   1.9666472251249922E-004
   1.8767698272479326E-004
   3.3624819006705529E-004
   2.9598601427141839E-004
   3.3645423185483869E-004
   5.1807991399235864E-004
   7.1430338622084004E-004
   7.5568483116640074E-004
  -4.5464110792545399E-004
  -5.2445803421376181E-004
   3.2553476243625919E-004
   3.0291993637916460E-004
  -4.8318307442446891E-004
  -2.2572368746473081E-004
   2.0274551059448748E-004
  -2.8027540500352847E-005
  -3.6295078902671979E-004
  -3.2864825643776026E-004
   3.7566002300174612E-004
  -3.4266217298179434E-004
  -4.7477002300827845E-004
  -2.8360862810799728E-004
   1.3673931025398012E-004
   1.9527371686908011E-004
  -1.7566741570148120E-004
  -3.8130468904376276E-004
  -3.0440049040229177E-004
  -2.2620426031242570E-004
  -1.1336545700660663E-004
   8.0696096633295375E-005
  -2.9668360971424469E-006
  -8.1319356040574517E-005
  -1.0564063676540267E-004
  -9.9534837079613903E-005
  -3.2269216934737689E-005
  -5.5979683127915022E-006
   1.2524606998253040E-005
   1.7611940275824086E-006
  -8.6187051172019174E-006
  -7.2426608828308473E-006
   0.0000000000000000     
   0.0000000000000000     
   0.0000000000000000     
   2.2017511798646746E-005
   3.3718726314666862E-005
   2.5707184078497399E-005
   9.1210436191148724E-006
   2.6024419574585298E-005
   2.2624848666970148E-006
   2.0284763526630509E-004
   3.0200071779129810E-004
   1.8437533336105447E-004
   9.7981554847441656E-005
   5.1088308835829850E-004
  -9.7399579801337398E-004
  -2.3058807421888800E-003
  -1.2381893172184043E-003
  -5.9459819892817168E-004
   3.0670303071756073E-004
   1.6908575051265003E-003
   9.4954340553641864E-004
  -1.5442481285780617E-005
   5.4539890342729911E-004
  -2.1379646134467824E-004
  -5.6245951298043793E-004
  -2.9912747634528526E-004
   2.9265232739096272E-004
  -5.0453767605244959E-004
  -1.6298859122963454E-003
   2.8516735716863756E-004
   9.4500567273749815E-004
   1.3213543608779029E-003
   3.1347602438132289E-004
  -6.3038835454584869E-004
  -1.0714615591362552E-003
  -1.2420779526281238E-003
  -1.5393622448160716E-003
  -1.5744767382718876E-003
  -1.1891616294344518E-003
  -5.3908346446966313E-004
  -2.7538049248409900E-004
  -7.7161071125983062E-005
  -5.0498348260233487E-005
  -4.5052492666066975E-005
  -1.1632649181238800E-004
  -9.5105405762002670E-005
  -4.5972655383561494E-005
  -5.2401992231526626E-005
  -9.9249859288608121E-006
  -1.7375968143003477E-006
   2.1534449516170946E-008
   0.0000000000000000     
   0.0000000000000000     
   0.0000000000000000     
   2.5322066812030144E-005
   3.5631207291352599E-005
   2.3822039328628963E-005
  -3.2540500973432148E-006
   2.3038701718985567E-005
   1.5830887914688771E-005
   1.0581777353384797E-004
   1.2809196012287299E-004
   1.0686897943801354E-004
  -1.2415158511568802E-005
   3.7008459953945925E-005
  -1.3520696739602228E-004
   3.7544773757682627E-004
   4.2130026557410777E-006
  -1.4439398291623371E-003
  -2.1618385394275796E-003
   5.5260063656477458E-005
   9.0021761934348235E-004
   5.8596962690339789E-004
   4.2307281322992831E-004
   2.6769718000727765E-004
  -1.5495767921021888E-004
   8.5758543555646153E-008
  -5.9790475587898192E-004
   1.1861269964506371E-003
   1.5189248088718565E-003
  -1.6221499201291851E-003
   1.2817944382499144E-003
   2.6087580301217181E-003
   2.5095383244295440E-003
  -3.2162798948486124E-004
  -8.7049537969754087E-004
  -9.4704075561399803E-004
  -7.3196216920255232E-004
  -3.9008035753611254E-004
  -1.9160717739847815E-004
  -1.9033115658747881E-004
   3.4759385401027205E-004
   8.9125365339311690E-004
   9.9395957587965125E-004
   6.8991704488030364E-004
   4.1205362543231185E-004
   3.0652966520896690E-004
   3.2567827308790692E-004
   2.3060496255581617E-004
   1.3387553867941036E-004
   4.5500464491965766E-005
   9.1812721515199622E-006
   0.0000000000000000     
   0.0000000000000000     
   0.0000000000000000     
   2.1242195729833936E-005
   3.9965697483720134E-005
   2.2580419538279460E-005
   2.8907660539990190E-005
   5.7603925494662600E-005
   8.1050104488275798E-005
   6.5394566237407390E-005
   6.4217671006998919E-005
   1.4276707912740300E-004
   4.2419081743300180E-005
  -4.5524973477013036E-005
  -2.3618011950205360E-004
   1.7393985109164677E-005
   4.3934948993196572E-004
   1.1111803176304901E-003
   2.1312966556182194E-003
  -3.1045578709202465E-003
   3.6368003843010091E-004
   1.1227488532736614E-003
   6.8048462719594847E-004
   1.4681772112933592E-004
   5.3349155352099855E-004
  -1.8231209772304191E-003
  -1.6512589279829772E-003
   1.5454455258703983E-003
   1.7226843768678272E-003
   2.7132137074245099E-004
  -2.1098771370800496E-003
  -1.1872496767190294E-003
  -1.0481390417533339E-003
   9.9320515347041632E-004
   1.5614629979849293E-003
   1.6507298461256484E-004
  -1.1410126915201348E-003
  -2.2044927983303996E-004
   2.9784293186667355E-004
  -7.1826027285605849E-005
   2.1092670531517262E-004
   7.0291800965499118E-004
   8.6472036082688652E-004
   2.9854064005894099E-004
  -1.3944474557442871E-004
   1.0513408840185449E-004
   4.7273192689653142E-004
   3.9029015844504761E-004
   1.8821726245256407E-004
   6.9898361821644776E-005
   1.8586531941413760E-005
   0.0000000000000000     
   0.0000000000000000     
   0.0000000000000000     
   3.0185554042075263E-005
   5.5786400724739447E-005
   5.2804683366463817E-005
   1.3873750048003469E-005
   3.0893425345003004E-005
   1.0339369117147196E-004
   1.3069066324746531E-004
   1.0438958399590093E-004
   1.2240833708319972E-004
   3.5227524512475079E-005
   1.9929455797987927E-005
  -1.2475418940925231E-004
  -1.2119418689623301E-004
   1.9489236232140997E-004
   4.4242603669402764E-004
   4.9641835292341921E-004
  -1.2124556545874520E-004
   8.7161367413521556E-004
   8.1908629545846413E-004
   5.6808065655726656E-004
   6.0403327541647112E-004
   1.1977351826009063E-003
  -1.3152586818584106E-003
  -1.3838457807214920E-002
  -1.3536562659510166E-003
   2.9227831532155669E-003
  -6.7168462856122540E-004
   4.0511043375775533E-004
  -1.2781679763785871E-003
  -4.1324543397192421E-003
  -3.3878301994556231E-003
   2.1118058439918799E-003
   3.2948304775004124E-003
   3.6737881125159961E-004
  -1.2021597338539331E-003
  -4.0931757699221814E-004
   4.1542935387572123E-005
  -8.6309933542693063E-005
  -1.5298992205945122E-004
  -1.0131248863685858E-004
  -9.3403173681508167E-005
  -4.0245315274551284E-004
  -3.0229698198187420E-004
  -2.0071672386691745E-004
  -4.4792266181640905E-005
   5.6118782365257066E-006
   2.1939406766734314E-005
   4.7365107948732633E-006
   0.0000000000000000     
   0.0000000000000000     
   0.0000000000000000     
   1.6488147189968203E-005
   5.5281224025434042E-005
   1.0103280981551970E-004
   9.4182291884090656E-005
   2.7053657712472942E-006
  -6.3418500119918801E-006
   8.5626496017770528E-005
   1.8668864371334571E-004
   1.3619394006148444E-004
   8.6989477095390663E-005
   8.7590277689383634E-005
   6.9919318911578981E-005
   7.5022901803908324E-005
   2.2716953299274845E-004
   2.9257663798374739E-004
   2.1173101185446519E-004
   1.3448927652443237E-004
  -2.4850979545148268E-004
  -4.2725162097368211E-004
   3.9647846002383933E-005
   3.1908843704050787E-004
   5.2762708842556572E-004
  -6.3212694029811389E-004
  -5.8096716244245110E-003
   6.7187498834899830E-003
   3.3027936008724317E-003
   2.1918221186693070E-003
   2.1515612553823832E-004
   2.3815170766990075E-003
   1.5178493822270815E-004
  -5.9377904455437235E-003
  -6.1968620283996991E-005
   5.5325284182728201E-003
   1.0642686681566970E-003
  -3.2913455773837661E-004
  -9.9869810354706492E-004
  -9.5751827340862709E-004
  -2.4539039433676713E-004
   1.5145218713687140E-005
   4.4218308541813202E-005
   4.2235685612707285E-005
  -2.7054541345850114E-006
  -2.2869616758109607E-004
  -2.7008742723967524E-004
  -2.2786982734946976E-004
   6.7553502859082210E-005
   3.2710837623782953E-005
  -3.6858663074416011E-007
   0.0000000000000000     
   0.0000000000000000     
   0.0000000000000000     
   1.2601321311875273E-005
   4.7718379109803168E-005
   7.9582543320661951E-005
   1.3703187077894293E-004
   6.0118662231278769E-005
  -1.0434413185437067E-004
  -1.0267017356989514E-004
   1.0232065744342743E-005
   1.0416897645818523E-004
   6.5605060977666797E-005
   3.4247855875434834E-005
   3.9411901801298309E-005
   4.7010863626406234E-005
   1.3980238695052776E-004
   2.3881795530226069E-004
   1.7447906916091786E-004
   1.2385084305154213E-004
  -2.3611069649971409E-004
  -7.6938081524448581E-004
  -2.9658091362562314E-004
   5.6088043234336164E-005
   3.0093340544910097E-004
  -5.5818606229894016E-005
  -1.4455548103038671E-003
   1.7273022995066301E-004
  -5.0144519357744942E-004
   2.2205914033519885E-004
   1.6189788812458249E-003
   1.2434169565860684E-003
   1.2455392922351276E-004
  -3.8178502280606791E-003
   1.9034826611036585E-003
   7.8550784122446114E-003
   2.8970967981942716E-003
  -1.3336279693619858E-004
  -1.1641526272060756E-004
  -8.6567970222428908E-004
  -1.4137827323371926E-003
   3.8768473666119495E-004
   8.0615125328176596E-004
   6.2626870150934467E-004
   2.2727594924902431E-004
  -6.0909483265792153E-007
  -6.7955413075592810E-006
  -1.3659589743682913E-004
  -9.0379458451678824E-005
  -1.6344889662558181E-007
  -8.2025088092662791E-007
   0.0000000000000000     
   0.0000000000000000     
   0.0000000000000000     
   1.5699351803545595E-005
   4.0574912088887647E-005
   7.2064737354636435E-005
   1.0813319946106500E-004
   6.9578998223086564E-005
  -5.0214536814580544E-005
  -4.8608720456056873E-005
   2.5268609331630833E-005
   1.6349075510854313E-004
   1.5566058198491857E-004
   1.2116762882057642E-004
   8.9703329908791778E-005
   2.2668248975603935E-005
   2.2200459355719153E-005
   1.1100276056533970E-004
   6.9929488114074198E-005
   9.0656077650307063E-005
  -2.4856321715456457E-005
  -2.1279335913846351E-004
  -1.6834179629458926E-004
  -9.4241726531211706E-005
  -3.0254221305239251E-004
  -5.5886080553728347E-004
  -8.5325114518033690E-004
  -1.4325424477552027E-003
  -2.2358923758315483E-003
  -3.9683459615962133E-004
  -1.2537099979308272E-004
   8.3220692335311822E-005
  -8.6054530654864833E-004
  -3.4246329454435244E-004
   1.8647874627611289E-004
   2.1072970246597492E-003
  -9.9010243386231421E-004
  -1.9789357359002932E-003
   9.7401570625093854E-004
   3.1220021766775329E-004
  -1.3826193761412740E-003
  -1.2163066224326613E-003
   2.1272559386874851E-004
   1.1353581248407295E-003
   6.5869432203763921E-004
  -1.4107294582776605E-004
   1.6523877029411399E-006
  -8.0999462535869294E-005
  -8.3305612066080385E-005
  -3.8336450480236196E-005
  -7.6649231025605345E-006
   0.0000000000000000     
   0.0000000000000000     
   0.0000000000000000     
   2.3880882373272459E-005
   3.2676767850661503E-005
   3.7101738062797411E-005
   4.9214658721885008E-005
   9.7696824876818781E-005
   7.3415616244431109E-005
   5.8809312113254586E-005
   7.0917668767878341E-005
   1.0754058517075562E-004
   1.4999656707521009E-004
   1.0106214403433630E-004
   7.8175838845973724E-005
   6.5352677915287878E-005
   1.8003484534717975E-005
   7.4641589726505563E-005
   5.1984131404752120E-005
   7.1732926426558620E-005
   2.8034820286314984E-005
  -7.5433777653300879E-005
  -1.0782434700978612E-004
  -1.0959799702406991E-004
  -2.4522041150499733E-004
  -6.4945736616354218E-004
  -1.0176766243823081E-003
  -1.8918873697336288E-003
  -2.2275452933126906E-003
  -1.7233829686815365E-003
  -5.7322628986404220E-004
  -3.0579023047040308E-004
  -5.9874972935918132E-004
   9.3080889455126800E-004
  -2.7708718376396864E-004
  -2.4016440113168859E-003
  -2.1628110310059575E-003
  -4.0773885934940451E-004
   1.4064560684900027E-003
   7.1079494162055719E-004
  -9.4566903479461337E-004
  -2.4817299770511876E-003
  -2.0226205103908864E-003
   1.2150674455801472E-003
   6.8246744674710055E-004
  -2.4996817390026419E-004
  -2.8721183503142877E-004
  -1.1017284070871025E-004
  -2.4898164207681040E-005
  -5.0267438419353943E-006
  -2.7055728960672332E-006
   0.0000000000000000     
   0.0000000000000000     
   0.0000000000000000     
   1.7183216368299509E-005
   3.0392209009562356E-005
   7.1662237044174660E-005
   6.8345272991589793E-005
   1.2610380997759251E-004
   8.2191360478546603E-005
   1.1388422140007884E-004
   1.4655180909382888E-004
   1.0413568725800614E-004
   8.0781559272505001E-005
   6.1214696655859574E-005
   4.0382905635678037E-005
   2.4347980984072968E-005
   3.2440164107278196E-005
   4.9948253048587926E-005
   2.4279528571525896E-005
   7.0419570497635587E-005
   3.8772639832393821E-005
  -5.0066109066613994E-005
  -1.1429157717302643E-004
  -1.5399960017734591E-004
  -2.0078698077507774E-004
  -3.2416856391941957E-004
  -5.4802372053745123E-004
  -7.8377055627508495E-004
  -8.7520560018013009E-004
  -8.0623740880527448E-004
  -4.8690309001606991E-004
  -1.5968938093006104E-004
  -8.6691964645878544E-005
   3.9248483249582056E-004
  -1.7334539738246367E-004
  -1.0145459267607662E-003
  -6.3261401220744153E-004
   1.3782438426108488E-004
   6.3991837630354850E-004
   2.8464897638462173E-004
  -4.6990469066509650E-004
  -1.1248224837445712E-003
  -1.2115368822737270E-003
   2.1291463415894660E-004
   1.4975310000976355E-003
   3.6046211540880673E-004
  -3.3679009832245321E-004
  -1.9390237880683727E-004
  -2.5463434771467692E-005
   2.3799284727568939E-005
   1.0539907927733708E-005
   0.0000000000000000     
   0.0000000000000000     
   0.0000000000000000     
   1.1507393997429294E-005
   2.4433860499561198E-005
   5.1817785284200495E-005
   5.5156705494493288E-005
   1.0758639572686410E-004
   1.1615810479821715E-004
   8.4209638416838566E-005
   1.1422144093125409E-004
   9.8357891265212803E-005
   9.8495892372824355E-005
   5.9655936270367263E-005
   5.3633332674954485E-005
   1.1886994737170314E-005
   3.9517700339447765E-005
   4.8492128292344727E-005
   1.2885949877941085E-005
   2.2915435313561561E-005
   1.4091039928467780E-005
  -5.9299327699335118E-005
  -6.3069054056896548E-005
  -1.0808444757248952E-004
  -1.3148224247653696E-004
  -1.5730693440785487E-004
  -1.9556370940324798E-004
  -2.2505798690204741E-004
  -2.2727019828500545E-004
  -2.0922666021319360E-004
  -1.4544494924260666E-004
  -2.5744060308718404E-006
  -2.8422753164755646E-005
  -1.4713351430155604E-004
  -1.2642405676575787E-004
  -1.1544076584969202E-004
  -7.6954730745045687E-005
   8.4098419626394335E-005
   1.0625207723100401E-004
  -3.0267575419190798E-005
  -2.6941559574203470E-004
  -7.5285428555217269E-005
   3.9282215749281865E-005
   4.3580373638720183E-004
   1.9441882680755560E-003
   3.9802959640508341E-004
   7.1437317872774503E-005
  -6.7991878197248368E-005
   3.1654445652016819E-006
   2.8359701858416957E-005
   1.3272879566945343E-006
   0.0000000000000000     
   0.0000000000000000     
   0.0000000000000000     
   8.3835146286058339E-006
   2.5161616340134534E-005
   2.2905558130868289E-005
   1.2215255513437670E-006
   4.6563215982466139E-005
   5.0888360794977212E-005
   7.9914066661660425E-005
   5.7271217528238817E-005
   5.4400220868184081E-005
   5.9606129743641406E-005
   4.0953837432456177E-005
   6.5334237919749313E-005
   2.1191226739332863E-005
   1.4884649211583899E-005
   2.6725774444003090E-006
   2.6872837006119419E-005
  -1.9252411416765670E-006
  -3.0736412507855854E-006
  -3.1088797793396068E-005
  -8.1010736545890737E-005
  -6.8783998352542531E-005
  -1.1603703293268246E-004
  -5.9969416122578752E-005
  -5.9421037818400876E-005
  -5.0445172965605579E-005
  -5.9728747231166599E-005
  -1.9750434212585933E-005
   3.3455598521317100E-005
   2.9180186038047724E-005
   4.0376653553353012E-005
  -4.8121950835140694E-005
  -8.9946600886307111E-005
  -1.0203674564745688E-004
  -3.1638959651286944E-006
   2.9888990488578369E-005
   5.0120068326753206E-005
   1.5430216408196833E-005
  -1.3715938080109761E-004
  -9.2865694733456676E-005
   1.8341169677193531E-004
   3.8619900119792435E-004
   6.2823130675995764E-004
   3.8058198115171874E-004
   1.2750900718933687E-004
  -2.8912621601122731E-005
   1.2436942472033538E-005
   7.0920784543289311E-006
   6.7487929473052186E-006
   0.0000000000000000     
   0.0000000000000000     
   0.0000000000000000     
   2.4594084821560334E-006
   6.6635008831305029E-006
   8.5674833432679156E-006
   2.6763594276626835E-005
   6.8619804027948603E-006
  -9.6230659687380160E-006
   4.8843017512753468E-006
   2.9394322201769161E-005
   4.0310236890121280E-005
   4.0450810512524271E-005
   3.8610760701430183E-005
   4.5396038479826378E-005
   5.4431607952546650E-005
   2.2693811029784565E-005
   1.8509509064624732E-006
  -9.6431176835056752E-006
   7.2066920912206692E-006
  -1.6506228774907829E-005
  -1.3447226429791421E-005
  -7.8927401497885609E-005
  -1.2303827483156095E-004
  -2.3350727075363761E-005
  -2.6375604265529928E-005
  -4.6834640320199660E-005
  -3.0963112286775406E-005
  -1.5904163655297270E-005
  -9.9327217910152616E-006
   1.5324568283040696E-005
   4.9848666297803533E-005
   6.7280878606494274E-005
   3.7947858653635649E-005
  -2.3237169872023869E-005
  -4.4820230307716252E-005
  -3.6790147398084778E-005
  -1.4494837170583913E-005
   1.1280813130529601E-005
   9.2989684051962901E-005
   6.4637131097970476E-005
  -1.1547284154867675E-004
  -7.9577133226562893E-005
   1.0263090830936300E-004
   5.1958690184371683E-005
  -1.5119034143350228E-005
  -1.0598484804490975E-005
  -1.9240447264188477E-005
   1.0058210522980112E-005
   3.1820766725622927E-006
  -5.1355734357163653E-006
   0.0000000000000000     
   0.0000000000000000     
   0.0000000000000000     
   4.8799304420123249E-006
   5.6373648771713183E-006
   1.4213554261242319E-006
   1.0323506801309516E-005
   4.9330587446068539E-005
   1.9769134187153088E-005
   1.3144998599035126E-005
   2.7249206484928490E-006
   3.2057853029462599E-005
   1.4277412853494255E-006
   4.4932063270767262E-006
   9.1949647740541681E-006
   1.5712672747400602E-005
   3.8114343806785770E-006
   2.7622774755538083E-005
  -3.3853060524311770E-007
   1.6478335063721150E-005
  -8.1354207530975878E-006
   3.7469522166326982E-006
  -1.4449975850990247E-005
  -5.8221786270584499E-005
  -4.6286372075447476E-005
  -2.2658058472178819E-005
  -4.5271533156124041E-005
  -4.5949740890979633E-005
  -3.3282801371476974E-005
  -2.0342097743111639E-005
  -1.3407293856711490E-005
   2.4729579604020580E-006
   2.6180923948987215E-005
   2.1829648903678008E-005
   5.3199380099271405E-007
  -4.0475955849440725E-006
   1.5854340521832856E-006
   1.6880268688545782E-005
   1.7303746030749049E-005
   3.5145093446923176E-005
   7.6090770499383817E-005
   3.2630101015437745E-005
  -9.8028440520615785E-005
  -4.5648229069002706E-005
  -1.6309514446097832E-005
  -3.0881558744992892E-005
  -4.0255839575083392E-005
  -5.6705506179061604E-005
  -1.7673499248564859E-007
   1.6344374840031194E-006
  -1.2816592476083738E-006
   0.0000000000000000     
   0.0000000000000000     
   0.0000000000000000     
   6.5798052744645353E-006
   1.7528868861755949E-005
   1.6447326748160464E-006
   1.6502618384406407E-005
   1.6879454620668336E-005
   1.2448139078528359E-005
   3.4637900017323907E-005
   2.1036384229520088E-005
   1.4416794813205048E-005
   2.8046156999285116E-005
   1.5988925766382062E-005
   1.4961491905697712E-005
   2.1310121659581536E-005
   2.2353012166673377E-005
   2.2453284979462310E-005
   1.9826280099278928E-005
   1.7037628972814945E-005
   4.9823104049277871E-006
  -1.2000089000958771E-005
  -1.3963346468901688E-005
  -9.1401785742356333E-006
  -1.3294638284556607E-005
  -6.8361384278075039E-006
   3.3554088424097143E-006
  -1.7342307427812304E-005
  -1.7993127815824651E-005
  -4.5363253180577429E-006
   1.3543818822313745E-006
  -9.5236739914857304E-006
  -1.1486934900305273E-005
  -2.3608336350021668E-005
  -2.9639782964446972E-005
  -3.0883258733613645E-005
  -2.9072301203471526E-005
  -1.5347298778120724E-005
  -1.0282542788006969E-005
   9.4590692202192667E-006
   3.0372569204062305E-005
   1.5358952772655701E-005
  -2.2173533790311949E-005
  -4.9780246267947103E-005
  -3.3256022282959577E-005
  -3.1886846009091476E-005
  -2.7183641334507433E-005
  -1.7792559893760541E-005
  -1.0716642426133607E-005
  -1.0703050342896719E-006
  -7.7724005106600818E-007
   0.0000000000000000     
   0.0000000000000000     
   0.0000000000000000     
   6.8277202883768532E-006
   1.5014219224636049E-005
   1.5277049187053217E-005
   2.4699569590391991E-005
   3.3509549629476501E-005
   2.4816760804310228E-005
   2.2059376737911084E-005
   1.9992434088106092E-005
   2.1726531356655966E-005
   3.1441548434129239E-005
   3.0927338538304917E-005
   1.9841198645205921E-005
   1.7999859315866268E-005
   1.5442978503037659E-005
   1.4640849641818626E-005
   1.3488773696280163E-005
   1.2139021946953085E-005
   1.2715416048324726E-005
   5.0190395493431753E-006
   2.3132016889198828E-006
   3.9804696511770523E-007
  -1.7070201701276149E-005
  -1.6073482857527999E-005
  -1.8903947092918083E-005
  -2.7725956090044428E-005
  -3.5427646986472662E-005
  -1.3362530316439410E-005
  -1.4976899444359706E-005
  -1.5504760955516528E-005
  -7.9975148220838400E-006
  -6.8872560965634803E-006
  -1.3516808150188636E-005
  -5.2454766719978164E-006
  -4.9303104347040889E-006
  -7.6007417283203458E-006
   3.3493732567926329E-007
  -1.2973221615384594E-007
   1.8651097239086908E-006
   4.3284542045121784E-006
  -1.6085738168495190E-006
  -1.8834944475318320E-005
  -1.6726796282494747E-005
  -4.6088257786150043E-006
  -4.4361622380770643E-006
  -4.7908629250982146E-006
  -3.4654206874023835E-006
  -2.0764078285846181E-006
  -1.1304403745766530E-006
   0.0000000000000000     
   0.0000000000000000     
   0.0000000000000000     
   8.4710398785657654E-006
   1.0381752671124254E-006
   6.7943971209264154E-006
   1.2701876771024270E-005
   9.5934775744989472E-006
   1.6350536344033342E-005
   1.3566792255283316E-005
   1.8807286448158089E-005
   1.8920892652561425E-005
   2.1311768179292803E-005
   1.9113379276108426E-005
   1.0976098877319878E-005
   1.0292642518125424E-005
   1.5856190954517778E-005
   1.0268810861585944E-005
   9.2152789460551437E-006
   9.3819720338399024E-006
   9.4669744952760528E-006
   1.0620520544328265E-005
   8.7919559176967828E-006
   6.4063873005406767E-006
   3.3126702618969186E-006
  -7.7256656005753011E-007
  -1.7251057889700950E-006
  -3.4371519016695984E-006
  -1.3764452012824023E-005
  -2.1330044640831546E-005
  -1.6288643410175680E-005
  -1.7963737931807488E-006
  -2.4274882339053711E-006
  -5.9827990417889213E-006
  -8.9681000387642711E-006
  -5.6190698268258738E-006
  -9.7020094171328239E-007
   3.2570648269529635E-006
   3.5945660264405364E-006
   4.8549778223084084E-006
   6.1254743263979220E-006
   4.8357196758017273E-006
   7.1398026752158410E-007
  -2.2951612056969508E-006
  -3.9571345241431419E-006
  -2.8920996273541773E-006
  -4.4760325465553093E-007
  -2.5692083352276386E-007
   9.7596548043622182E-008
  -8.4126472555705984E-007
  -2.8530361276288861E-007
   0.0000000000000000     
   0.0000000000000000     
   0.0000000000000000     
   0.0000000000000000     
   0.0000000000000000     
   0.0000000000000000     
   0.0000000000000000     
   0.0000000000000000     
   0.0000000000000000     
   0.0000000000000000     
   0.0000000000000000     
   0.0000000000000000     
   0.0000000000000000     
   0.0000000000000000     
   0.0000000000000000     
   0.0000000000000000     
   0.0000000000000000     
   0.0000000000000000     
   0.0000000000000000     
   0.0000000000000000     
   0.0000000000000000     
   0.0000000000000000     
   0.0000000000000000     
   0.0000000000000000     
   0.0000000000000000     
   0.0000000000000000     
   0.0000000000000000     
   0.0000000000000000     
   0.0000000000000000     
   0.0000000000000000     
   0.0000000000000000     
   0.0000000000000000     
   0.0000000000000000     
   0.0000000000000000     
   0.0000000000000000     
   0.0000000000000000     
   0.0000000000000000     
   0.0000000000000000     
   0.0000000000000000     
   0.0000000000000000     
   0.0000000000000000     
   0.0000000000000000     
   0.0000000000000000     
   0.0000000000000000     
   0.0000000000000000     
   0.0000000000000000     
   0.0000000000000000     
   0.0000000000000000     
   0.0000000000000000     
   0.0000000000000000     
   0.0000000000000000     
   0.0000000000000000     
   0.0000000000000000     
   0.0000000000000000     
   0.0000000000000000     
   0.0000000000000000     
   0.0000000000000000     
   0.0000000000000000     
   0.0000000000000000     
   0.0000000000000000     
   0.0000000000000000     
   0.0000000000000000     
   0.0000000000000000     
   0.0000000000000000     
   0.0000000000000000     
   0.0000000000000000     
   0.0000000000000000     
   0.0000000000000000     
   0.0000000000000000     
   0.0000000000000000     
   0.0000000000000000     
   0.0000000000000000     
   0.0000000000000000     
   0.0000000000000000     
   0.0000000000000000     
   0.0000000000000000     
   0.0000000000000000     
   0.0000000000000000     
   0.0000000000000000     
   0.0000000000000000     
   0.0000000000000000     
   0.0000000000000000     
   0.0000000000000000     
   0.0000000000000000     
   0.0000000000000000     
   0.0000000000000000     
   0.0000000000000000     
   0.0000000000000000     
   0.0000000000000000     
   0.0000000000000000     
   0.0000000000000000     
   0.0000000000000000     
   0.0000000000000000     
   0.0000000000000000     
   0.0000000000000000     
   0.0000000000000000     
   0.0000000000000000     
   0.0000000000000000     
   0.0000000000000000     
   0.0000000000000000     
   0.0000000000000000     
   0.0000000000000000     
   0.0000000000000000     
   0.0000000000000000     
