  -1.02949229e+00
   1.25549984e+00
   2.24086477e+00
   9.27537785e-01
  -7.20737133e-01
  -1.39543785e+00
   1.32410993e+00
  -3.00944503e+00
   9.86669707e-01
   1.57804418e+00
  -6.12668284e-01
  -8.03485917e-02
  -6.84114089e-01
   7.22136063e-01
  -1.99950488e+00
  -2.05455476e+00
  -4.77830590e-01
  -1.01932097e+00
  -1.26812982e-01
  -5.53514430e-01
   1.48951734e-01
   4.43977873e-01
  -1.04727261e+00
  -1.01433976e+00
  -8.36483080e-01
   5.74413720e-01
   1.64250237e+00
   1.92249858e-01
   1.59179443e+00
   8.23271394e-02
   2.59011328e-01
   1.84482367e-01
  -1.14366776e+00
   4.41605428e-02
   1.09482886e+00
   1.54425552e-02
  -1.02013475e+00
  -5.91967013e-03
  -4.37043831e-01
  -9.62097057e-01
  -3.42633254e-01
   3.63991799e-01
   1.72201389e+00
  -6.57480182e-01
  -5.68197027e-01
   2.40186393e-01
  -1.62890163e+00
   9.45314565e-01
   5.77245545e-01
  -1.28300087e+00
   8.28936758e-01
   9.86331881e-01
   4.09646591e-01
   1.06749215e-01
   6.99695614e-03
  -7.41164353e-01
  -7.47405884e-01
  -5.20249997e-01
   3.68364239e-01
   1.86215412e+00
   1.31464620e+00
   1.58838990e+00
   6.71489251e-01
   7.61798680e-01
   3.69888882e-01
   4.97103338e-01
   6.50846868e-01
   5.92838829e-02
   5.04703354e-01
  -7.64072363e-01
   3.48411609e-01
   1.46228800e-01
   5.74993537e-01
  -3.18503955e-03
  -2.23087722e-02
  -4.29671198e-01
  -8.96126397e-04
   1.24824966e+00
  -6.00453936e-01
   6.60773690e-01
   6.12772890e-02
   2.20481879e-01
   8.18466202e-02
   1.24843079e-01
   6.73497085e-01
  -1.00654286e+00
   1.24333718e-01
   6.32718818e-01
  -1.18673006e+00
   1.08560521e+00
   2.39977417e-01
  -7.75376256e-01
  -4.68939511e-01
   1.12721540e+00
  -9.65505890e-01
   5.48483334e-01
   8.82762166e-01
   1.07290097e+00
   7.32859865e-01
  -7.68611160e-01
   8.50238582e-01
   1.67372050e+00
   4.68214824e-01
   7.81993690e-02
   1.68128138e+00
  -1.19484119e+00
  -4.85118373e-01
  -4.00500000e-01
   8.73942905e-01
   1.08791942e+00
  -1.42742994e+00
  -4.41119131e-01
  -2.09060899e-01
  -1.05027061e-01
   9.43086770e-01
  -2.83175574e-01
   9.71134323e-01
  -4.44002321e-02
   1.66288142e-01
  -5.82002883e-01
  -6.53649529e-02
  -5.52679904e-01
   1.52200518e+00
   1.04118905e+00
  -1.77316847e-01
   1.98996391e+00
  -2.39427617e-01
   2.39214976e+00
   7.10122630e-01
   1.04308923e+00
  -9.44990568e-01
  -5.21123848e-01
  -5.52306353e-01
   2.48042976e-01
  -1.39642258e-01
   1.29335542e-01
   6.16529195e-02
   2.03224922e-01
  -5.43604938e-01
  -6.49947437e-01
  -2.21855607e+00
  -1.62715769e+00
   9.45629383e-01
  -9.13340187e-01
  -6.70110060e-01
   4.50732629e-01
  -1.95947677e+00
   2.34776623e-01
   1.26781036e+00
   1.30671133e+00
  -5.06435210e-01
   1.38232406e-01
  -1.42820639e+00
   2.10213298e-01
   7.80856220e-01
   3.68303266e-01
  -1.14193354e+00
   2.66010608e-01
   1.63431608e+00
   3.34129629e-01
  -1.36624877e+00
   6.14557079e-01
   1.35936316e+00
   2.74222715e-01
  -8.38220794e-01
   1.67779164e+00
  -1.07711744e+00
   4.58564900e-01
  -2.34292304e+00
   6.98506360e-01
   1.87427500e-01
   9.43599037e-02
  -8.15625116e-01
   1.40155409e-01
   4.75055885e-01
  -5.11812627e-01
   6.01893431e-01
   4.67403434e-01
   1.89813952e-01
  -6.30668563e-01
   1.31492443e+00
  -1.74620716e-01
   5.70106819e-01
   4.14327037e-01
   9.44100700e-01
   4.14359347e-01
  -6.53248266e-03
  -2.87446586e-01
  -5.07273643e-01
   5.03503866e-01
  -4.46311490e-01
   1.18267067e+00
   1.07314748e+00
  -1.19049433e+00
   4.66014926e-01
  -5.17868097e-01
   4.58003415e-01
  -4.48141343e-01
   8.55684119e-01
  -1.14910787e+00
  -6.37595084e-01
  -5.98431270e-01
   3.88165835e-02
  -1.10912960e+00
  -5.87029244e-01
  -2.00206673e-01
   6.81475742e-01
   8.05479851e-01
  -5.86766671e-01
  -1.45318845e+00
   2.03870035e+00
   6.41343939e-01
   1.44347653e+00
  -7.37423593e-01
  -7.19395711e-02
  -1.09506054e-01
  -1.02837148e-01
  -1.14012115e+00
   1.48820324e+00
  -2.58435815e-01
  -6.00920515e-01
  -5.22557252e-01
  -1.11505606e-01
   4.68003753e-01
   9.13240974e-01
   2.04980179e-01
  -2.78575803e-01
  -8.23539292e-01
   4.52223473e-02
  -7.54766468e-01
  -2.95969194e-02
  -9.68626883e-01
  -4.75510757e-01
  -3.18118725e-01
  -3.17623724e-01
  -5.20581120e-01
  -1.09240559e+00
  -1.62690564e+00
  -2.29630544e-01
  -3.07701378e+00
  -1.27847257e+00
   1.39814119e+00
  -2.48617165e-01
   2.00435675e-01
  -4.96454032e-01
   9.70075640e-01
   9.62262349e-01
   1.45654472e+00
  -5.89400114e-01
   5.97056802e-01
   1.50976174e+00
   1.02347147e+00
   5.57184378e-01
   1.11256894e+00
   9.44263903e-01
   1.11356213e+00
  -1.08578504e+00
  -1.49273220e+00
  -5.47319823e-01
  -2.92076368e-01
   7.14276183e-01
  -5.11094861e-01
   4.76394736e-01
   8.30955589e-01
   5.49383605e-01
   7.24452035e-01
  -4.11411173e-01
   1.20253903e+00
  -9.91834072e-01
   1.70942772e+00
   1.70979536e+00
  -1.63749896e+00
   1.23065209e+00
   1.69849726e+00
   1.78142607e+00
   8.57616838e-01
  -2.38133324e+00
  -9.29665047e-01
   3.69311831e-01
   1.19726834e-01
   1.94213570e+00
  -1.55320112e-02
  -3.00011833e-01
  -2.79083218e+00
  -7.94189432e-01
  -8.01625337e-02
  -1.15443277e-01
   1.68429748e+00
  -6.57125416e-01
   1.17751274e+00
  -2.53770427e-01
  -1.56575345e-01
  -7.58939426e-01
   3.54985541e-01
  -1.96508172e-01
   2.02039474e+00
   9.78810341e-01
  -5.18208507e-02
   1.20489651e+00
  -4.11851547e-01
   3.46653752e-01
   6.06126029e-01
  -1.38101923e+00
   8.43604615e-01
  -4.28637317e-01
   6.57174202e-01
  -1.00365118e+00
  -3.99300917e-01
   6.43867482e-01
   1.05713326e+00
  -1.46226143e+00
   4.43160721e-01
  -1.68174009e+00
   1.12673844e+00
   6.99078109e-01
  -1.02021220e+00
  -6.19811700e-02
  -2.15279253e+00
   3.65682104e-01
  -4.79444815e-01
   4.22173169e-01
   4.92364154e-01
  -9.35912192e-01
   2.75258927e-01
  -2.08794772e+00
   9.67974796e-01
  -6.16805570e-01
   2.61095562e-01
  -2.30195318e-01
   2.10404516e-01
  -1.77962749e-01
  -6.76421279e-01
  -3.28584513e-01
   2.09438918e-02
  -1.96374301e-01
  -1.24188285e+00
   5.92785743e-01
   3.00544660e-01
   5.00711808e-01
   3.93313482e-01
   1.54575161e+00
   4.27568643e-01
  -9.82397565e-01
  -8.82995810e-01
  -1.32257065e+00
  -1.02750128e+00
  -1.04819987e+00
   4.73875547e-01
  -9.55515430e-01
   1.83141202e+00
   9.00546128e-01
   7.10740556e-01
  -9.97028442e-02
   7.50911107e-01
  -2.99779453e-01
   9.75433936e-01
   6.73847607e-02
   4.49558546e-01
  -3.27822894e-01
  -5.40645866e-01
  -6.03731817e-01
   5.00471640e-01
   1.64842830e+00
   1.23486477e-01
  -5.08110518e-01
   1.22014431e+00
   8.36321957e-01
   6.07591635e-01
   2.85914450e-01
  -1.55027923e+00
   3.32594239e-01
   7.24457376e-02
   8.73319699e-01
  -6.60214132e-01
   6.34582071e-01
   7.73465921e-01
  -2.30121870e+00
   2.74949697e-01
  -6.07342617e-01
   5.79405465e-01
  -4.86160295e-01
   1.64577751e-01
  -1.40989800e+00
   8.64640435e-01
   1.17928990e+00
  -2.13304478e-01
  -4.78828939e-01
  -1.44832187e+00
   9.99733498e-02
  -6.97778829e-01
   3.80500539e-01
   1.11634169e+00
  -5.79874942e-01
  -8.92470556e-01
  -7.01547729e-02
   1.25354517e+00
   1.90399170e+00
  -1.24959977e+00
   6.41291282e-01
  -2.26681856e-01
  -6.00487541e-01
  -8.50122103e-01
  -4.48772032e-01
  -1.84612555e-01
   8.72638621e-01
   7.15945167e-01
  -2.62781150e-01
   1.68093912e-01
   1.18568930e+00
  -1.55681658e-01
   1.23301646e+00
   1.14221731e+00
  -9.29035882e-01
   1.97170263e+00
  -1.06311455e-01
   1.27864439e+00
   1.02392525e+00
   9.87155932e-01
   4.94006835e-01
   1.07012863e+00
   4.07392819e-02
  -8.25330551e-01
   1.75985582e+00
  -8.37542189e-01
   8.56425812e-02
   4.57621360e-01
   3.76350221e-01
  -7.49041616e-01
  -8.59401804e-01
  -2.26532697e-02
   9.56965285e-01
   6.99606171e-01
  -4.68336851e-01
   1.25481707e-01
   5.99542524e-01
  -9.37394484e-01
   7.03509890e-01
   2.12030830e-02
  -1.87892688e+00
   1.06814811e-02
  -1.25563757e-01
  -1.64101402e+00
  -1.38786130e+00
  -1.29964751e-01
  -1.69431239e-02
   2.87146838e-01
   4.58439761e-01
   2.18968448e+00
  -3.72879252e-01
  -1.29509908e+00
  -9.74845073e-01
   4.33854999e-02
   1.83163309e+00
   5.48907853e-01
  -1.13186811e+00
  -1.23697238e-01
  -7.16961750e-01
  -4.75434624e-02
  -4.33473357e-01
   3.43238326e+00
   8.47345942e-01
   1.81313823e-02
   5.74613657e-01
   4.37076805e-01
  -1.86810287e+00
   7.05954740e-01
   2.15045371e+00
  -1.43190209e-01
   6.98662154e-01
  -1.55179722e+00
  -4.69965404e-01
  -7.19256131e-01
   1.40188926e+00
  -6.62367812e-01
  -6.27111787e-02
   1.05976751e-01
   2.07140296e+00
   2.22090821e+00
  -8.02195348e-01
   7.78290418e-01
   4.19437196e-02
  -1.20736991e+00
   2.31298161e-01
   1.11141964e+00
  -7.19120543e-02
   1.07566531e-01
   1.01509249e+00
  -2.57170821e-01
  -1.08082656e+00
  -1.16231510e+00
   1.03426886e+00
  -9.87426269e-01
   1.90993642e-01
  -7.62862382e-01
   2.23118549e-01
   4.01179290e-02
  -7.83047429e-01
   2.15171171e+00
   5.14850492e-01
  -6.68691841e-01
  -8.09990632e-01
   1.18881903e-01
   1.73065080e+00
  -1.13447306e+00
   1.06869575e-01
  -4.75523033e-01
   2.36255792e-01
   1.17665715e+00
   1.27469386e-01
   4.32155554e-01
  -2.58738862e-01
   3.72383991e+00
  -6.95845689e-01
   9.02374463e-01
   2.19801043e-01
  -1.48901200e+00
  -2.70280530e-01
   1.01292144e-01
   2.68891969e-01
   2.39541341e-01
   7.71787973e-01
  -1.10879735e+00
   5.52337255e-01
   2.05674239e+00
   8.30925128e-01
  -4.95920327e-01
   2.47193724e-01
  -1.48409834e+00
   1.20595090e+00
   6.84344311e-01
  -2.38198973e-01
  -1.13923391e-02
   7.13191944e-01
   1.16606262e+00
   7.42333753e-01
   1.19680489e+00
   1.12152963e+00
   4.76931479e-01
   4.83976032e-01
   9.94761424e-01
  -2.68957259e-02
   2.24749848e-01
   7.38421368e-01
   6.15198023e-01
   6.07205814e-01
   1.91366176e-01
   2.17557083e-01
  -5.04774228e-02
   4.90710807e-01
   3.85862980e-01
   1.02001274e+00
  -4.48245567e-01
   2.33140507e-01
   7.16480320e-02
  -9.15473988e-01
   1.12659601e-01
   1.51879634e+00
  -1.72225419e+00
   3.20074071e-01
  -1.03285251e+00
   1.63506454e+00
   2.16028845e-02
  -1.13765163e+00
   2.19398463e+00
  -4.58925074e-01
  -1.39298254e+00
  -7.07358063e-01
   1.82912709e+00
  -9.90284048e-01
  -4.83564801e-01
  -4.74333697e-01
  -5.20630698e-01
  -6.41071432e-01
  -5.56570789e-01
   2.79045546e-01
   2.27181439e+00
  -1.78363265e-01
  -9.43684111e-01
  -3.92214119e-01
  -1.38226772e+00
  -7.39067346e-01
   6.46456425e-01
   1.25417655e+00
  -1.79658069e+00
   4.81555979e-01
   9.80403747e-01
   5.93301625e-01
  -1.34685410e+00
  -3.02427422e-01
  -1.46690447e+00
  -1.20496602e+00
   1.62614273e+00
   4.78957889e-01
   1.78108822e-01
   4.20718925e-01
   5.42049346e-01
   1.75233016e-01
  -3.45659838e-02
   1.06233416e+00
   4.68564907e-02
   1.91663152e-01
   2.41679932e-01
   5.89001996e-02
   5.67506587e-01
   2.57592107e-01
  -3.85687191e-01
   8.59577923e-01
  -7.68700718e-01
  -3.98309216e-01
   3.73926422e-01
   7.03068738e-01
  -2.22854961e-01
  -2.17051397e+00
  -4.62955486e-01
  -4.48966539e-01
   5.98396626e-02
  -4.03630692e-01
   1.33576881e+00
  -4.15376494e-01
   1.11874948e+00
  -3.48609903e-01
   1.21691553e+00
   8.74615560e-01
  -1.05307741e-02
  -4.15463696e-01
  -6.95243886e-01
   2.05709009e-01
  -8.72240605e-01
  -4.09675662e-01
  -8.93069447e-01
  -4.22642347e-01
   1.17844673e+00
   7.93007848e-01
  -3.53595435e-01
  -8.11775019e-01
   1.94814115e+00
  -5.79073671e-01
  -5.38241218e-01
  -1.25678816e-01
  -1.10992195e+00
  -1.82148178e+00
   5.38691114e-01
  -1.11052396e+00
  -4.68526064e-01
   1.59428934e+00
  -1.47245862e+00
  -1.55495755e+00
  -6.41013471e-01
  -9.25639386e-01
   1.76346132e+00
   1.32651914e-02
  -1.41788754e+00
  -1.09912324e-01
  -2.04514318e-01
  -2.80474792e-01
   2.03882992e-01
   2.12179495e-01
   2.92289110e-01
  -2.91446673e-03
   1.26881372e+00
  -8.69059275e-01
   2.88721006e-01
   4.41764253e-01
   5.08558073e-01
  -5.39579778e-01
   3.40507936e-01
  -5.36477323e-01
  -3.33988540e-01
   4.50781319e-01
  -7.04989481e-01
   1.67851267e+00
  -7.36984851e-01
   1.39069740e+00
   7.34018467e-01
   1.68124658e+00
  -5.01831809e-01
  -4.48330422e-01
  -7.86987206e-01
   3.85435974e-01
   3.25285158e-01
  -6.98879732e-02
  -5.14750948e-02
  -1.09548235e+00
  -7.38935706e-01
  -1.15368208e+00
   3.97077079e-02
  -3.90197646e-02
   7.15409837e-01
   5.38599389e-01
  -9.47439267e-01
  -4.98263673e-01
   5.65145461e-01
   1.10656922e+00
   1.01528015e+00
   2.06100488e+00
   9.01471735e-02
  -3.02194171e-01
   1.22136405e-01
  -1.47770288e-01
   3.97641857e-01
  -1.46036850e+00
   5.04423730e-01
   7.68360039e-01
  -1.30864259e+00
  -1.38611146e+00
  -1.03472683e+00
   1.99208898e+00
  -2.30349406e-01
   1.56795922e+00
   1.63722011e-01
   1.09043235e+00
   1.59735288e+00
   5.13957657e-01
  -3.33694837e-01
   1.11410675e-01
   2.64036010e+00
  -1.98163002e+00
   3.30288206e+00
  -1.52211942e-01
  -1.08810203e-01
   4.55309304e-01
  -9.53182396e-01
   2.72812325e-01
   2.02814950e+00
   9.53499471e-01
   1.38897990e+00
   7.32076290e-01
   2.22770444e+00
  -7.58681657e-01
   2.04595239e+00
   2.61320341e-01
  -3.51607463e-01
  -5.60536299e-01
   2.15703880e-01
   6.97427709e-01
  -4.60053902e-01
  -2.11619986e+00
  -2.63110953e-01
  -1.18753499e+00
   8.16562860e-01
  -1.72740155e+00
  -9.20678253e-01
   2.66927002e-01
   3.26209488e-01
   1.58928973e+00
   1.41746768e-01
   5.47355310e-01
  -1.92973103e+00
   8.98235126e-02
   6.60838142e-01
   1.27862574e+00
   1.23476792e+00
   1.89883914e+00
   3.52438066e-01
   6.46283716e-01
  -2.57942937e-01
   3.53783029e-01
   1.78576030e-01
   7.63822474e-01
   1.10231913e+00
  -9.34024533e-01
  -2.56511976e-02
  -1.94451038e+00
   1.56131846e+00
  -2.10165146e-01
   3.25099493e-01
   2.55659749e+00
   9.61743928e-01
   6.61507413e-02
  -1.00432980e+00
  -6.47834144e-01
  -6.30226681e-01
   5.82662445e-01
  -7.29391060e-01
   2.82495105e+00
  -6.14265157e-02
  -1.77397359e+00
  -9.24415808e-01
   8.48337886e-01
   4.76128196e-01
  -4.72877750e-01
  -1.43437138e+00
  -1.83947123e+00
  -7.17497449e-01
   5.28674441e-01
  -1.98365818e+00
  -9.35073007e-01
  -2.89707074e-01
   8.56098313e-01
  -1.53757864e+00
  -3.13698940e-01
   3.26697921e-01
  -2.75301468e-01
   1.02129723e-01
   1.69429356e-01
   1.94806517e-01
   8.89292785e-01
  -1.42230486e-01
  -3.87756437e-01
  -9.78283640e-01
   6.22695776e-02
  -6.65611138e-01
   1.87676300e+00
  -1.57115881e+00
   1.63377301e-01
   2.09446027e-01
  -6.77908083e-01
  -1.91216641e-01
  -1.29722125e+00
   2.23944684e+00
  -2.04277541e+00
  -1.23418605e+00
  -3.64859302e-01
   2.28870021e-01
   2.37025764e-01
   1.12221485e+00
  -4.12214479e-01
   2.09884185e+00
  -3.81721318e-01
  -4.47073546e-02
   2.60932559e-01
  -4.67864428e-01
   9.04990213e-02
  -9.17141561e-01
   1.16031335e+00
   4.19653862e-01
  -8.56270233e-01
   3.37886328e-01
   1.62863704e+00
  -2.19260459e-01
   9.83556775e-01
  -2.48742789e-01
  -1.22540236e+00
  -1.53314219e-01
  -4.59794555e-03
   6.90044615e-02
  -1.41025982e+00
   7.72371405e-01
   2.76495085e-01
   6.14778978e-01
  -6.10275433e-01
   2.95542000e-01
   2.80742654e-02
  -6.87534154e-01
   2.86256725e-01
   6.22178218e-01
   4.71187033e-01
  -1.85223513e+00
  -2.53770078e+00
  -8.17252708e-02
  -1.41006261e-01
   1.32919574e+00
   1.14685076e+00
   1.86069690e-01
  -4.95401447e-01
  -1.62783934e-01
  -8.46772509e-01
   4.75864010e-01
  -1.63203743e-01
  -1.23978219e+00
  -1.18802324e+00
  -1.78962763e+00
   8.73294837e-01
   5.72883025e-01
   3.11183886e-01
  -8.72234906e-01
  -1.09725001e+00
   1.72883999e-01
  -3.08399606e-01
  -3.90812680e-01
  -1.87604707e-01
   7.99962586e-01
  -4.00434774e-01
   7.53822035e-01
   7.08270012e-01
  -3.92250757e-01
   4.88078624e-01
  -5.85400356e-01
  -2.95868386e+00
   1.21874080e+00
   1.97006322e+00
  -7.92604281e-01
   8.29315595e-02
   7.88028244e-01
  -1.05796425e+00
   2.52767323e-01
  -1.18875703e+00
  -6.49699784e-01
   2.78282688e-01
   3.25018079e-01
   1.94803811e+00
   6.78527935e-01
   2.05025643e+00
  -7.80542625e-01
   6.35457039e-01
   3.69436564e-01
   3.37568978e-01
   4.42447829e-01
   1.60224848e+00
   6.60960285e-02
   3.14170775e-01
   1.15612565e+00
   1.21694099e+00
   8.71742541e-01
  -2.19114952e+00
  -6.05753079e-02
  -2.08060835e+00
  -1.92961757e+00
   5.54466256e-01
  -5.36587422e-01
  -7.77476395e-01
   3.62096657e-01
   7.69836591e-01
  -8.28437568e-01
  -4.37247902e-01
   1.34968067e-01
   9.73738170e-01
   1.58066140e+00
   3.02212914e-03
  -1.22532010e-01
  -6.52779528e-01
  -1.32974023e+00
  -5.84185327e-01
   1.08959388e+00
  -1.66591833e+00
   7.41376761e-01
  -1.16885341e+00
  -3.79085870e-01
   7.67444056e-01
   1.42734787e-01
   1.51747342e+00
   5.26002554e-01
  -7.94602746e-01
   5.92842447e-02
   1.97749271e+00
  -1.12184325e+00
  -2.08179949e+00
  -8.17937537e-01
  -7.97243874e-01
   5.11926551e-01
   6.11620797e-01
  -8.36315753e-01
   7.99278602e-02
  -7.83339911e-01
   3.06803899e-01
  -8.04957361e-01
   2.72165505e+00
   8.17412301e-01
  -9.40108289e-01
  -5.88128755e-01
  -4.58725671e-01
  -3.60301703e-01
  -1.56051038e-01
  -6.06305923e-01
  -3.58220776e-01
  -6.83580176e-01
  -1.78337211e+00
  -5.17897081e-01
   2.42913962e-01
  -2.80482441e-01
  -9.65341271e-01
  -4.48808741e-01
  -1.53800802e+00
  -8.70480796e-01
   1.50739015e+00
  -1.07484271e+00
  -8.05616322e-01
   1.74551680e-02
  -1.15682255e-01
  -1.62254984e+00
  -1.41350690e+00
  -1.04397129e+00
   2.19352391e+00
  -5.78910963e-01
   2.64056880e-01
  -9.73579474e-01
  -6.09432942e-01
  -1.35036783e+00
  -1.66395273e+00
   9.38166968e-01
   1.23119251e+00
  -7.97072348e-01
   2.71969253e-01
  -1.39623944e+00
   3.70053851e-03
   6.46527556e-01
  -1.16737601e-02
   1.25498233e+00
  -4.53472626e-01
   9.17365786e-01
   9.87907850e-01
   7.49988327e-01
  -4.31277641e-01
  -1.13389001e-01
   7.53699406e-01
  -7.67188748e-02
  -7.34025571e-01
   5.93264021e-01
  -7.34396803e-01
   3.63330267e-01
  -2.75467721e-01
  -4.64047197e-01
  -5.87867911e-01
  -3.77095908e-01
   6.82907515e-01
   1.41336106e-01
  -2.93373768e-01
   4.91807840e-01
   9.03633169e-01
   1.36886217e+00
   1.45244117e+00
  -1.52869305e-01
   4.73492334e-01
   7.78162880e-01
  -9.69559238e-01
  -6.61642782e-01
   8.55925354e-01
  -4.77355781e-01
  -7.96415811e-01
   3.82982335e-01
   5.48826523e-02
  -1.22792605e+00
  -4.38115867e-01
   5.60505308e-02
  -4.31410145e-02
  -2.93908619e-01
  -6.95501286e-01
  -2.72316505e-01
   1.12469719e+00
  -4.39662262e-01
  -1.18595925e+00
  -1.31181180e+00
  -1.12388228e+00
   9.13682479e-01
  -8.97229215e-01
  -9.95201401e-02
  -8.18849199e-01
  -1.26050739e+00
   5.88129509e-01
   1.83908994e+00
   5.47763069e-01
  -1.58169701e+00
  -1.59805352e+00
   1.46910692e+00
  -1.25965671e+00
  -9.17154538e-01
  -7.18518116e-01
   1.06684028e-01
  -3.13611406e-01
   2.15040090e+00
  -9.17269942e-02
   1.48789910e+00
   1.68186060e+00
   3.45904921e-01
   1.20226766e+00
  -1.15986179e+00
   8.37097518e-01
  -2.42129348e-01
  -3.09168664e-01
   1.09664249e+00
  -9.81224354e-01
   4.54822350e-01
   7.76666489e-01
  -5.54027560e-01
  -7.31468672e-02
  -1.20031752e+00
  -8.12579737e-01
   3.01013525e-01
   1.73651192e-01
   8.53636931e-01
   1.31085698e+00
  -1.18429090e+00
  -1.05725161e+00
  -1.86805839e-01
   1.26748140e+00
   8.58850640e-01
   4.24222180e-01
   2.31998312e-01
   7.00490581e-01
   1.83452827e-01
  -2.09281487e+00
   1.25600470e+00
  -2.48371739e-01
  -2.03902955e-01
  -6.38591176e-02
  -1.41482748e+00
   8.56011067e-01
   1.35104520e-01
   3.36925271e-01
  -6.09231752e-01
  -1.68034304e-01
   8.65573980e-01
   8.36316842e-01
   9.46723328e-01
   2.17803780e-01
  -7.84340457e-02
  -3.01335644e-01
   1.36530134e+00
  -6.13279627e-01
  -1.04197922e-02
   1.10693329e+00
   1.45266239e+00
  -1.00410653e-01
  -8.32783297e-01
   4.35217278e-01
  -1.41443368e+00
  -3.55252899e-02
  -4.71046315e-01
  -7.74743967e-01
   1.67870594e-01
  -2.62482937e-01
  -1.73041309e+00
   6.80555657e-01
  -1.67448147e+00
   4.27519554e-01
  -8.99412798e-01
   9.75429177e-01
  -4.55570736e-01
  -1.69185727e+00
  -2.42741067e-01
   5.12827083e-01
  -1.58530321e-01
  -1.33946881e+00
  -1.40622185e+00
   6.32779547e-01
  -1.42921733e-01
  -5.23532222e-01
  -3.90644817e-01
   1.54375741e+00
  -1.10370963e+00
  -4.41422758e-01
  -2.07305497e-01
   2.58470067e-01
  -2.80236144e-02
   3.31794151e-01
  -3.59488512e-01
  -1.41209504e+00
  -2.00067241e-01
  -7.30884632e-01
   7.92530602e-01
   4.61065108e-01
  -1.45721424e+00
   6.29903009e-01
  -1.72425555e+00
  -8.27287199e-01
  -4.67308011e-01
  -7.98472259e-01
  -4.25309173e-01
  -2.68361600e-01
  -1.06425406e-01
   4.12774733e-01
  -6.83232359e-01
  -9.60184496e-01
  -1.78927870e+00
   1.19989570e+00
  -9.49448525e-02
  -1.19109092e+00
   6.75171807e-01
   6.79848166e-01
   7.02556088e-01
   1.08723960e+00
   8.78477283e-01
   2.89249150e-01
  -1.12388954e-01
   6.99788591e-01
   8.80504984e-02
   1.32229156e+00
   5.79982725e-01
   1.68882512e+00
   8.65467011e-03
   1.17706020e+00
  -8.90796968e-02
  -3.03636916e+00
   3.75228870e-01
   1.50465677e+00
   9.66031494e-01
  -1.71024246e+00
   5.72484058e-01
  -4.25478981e-02
   1.47173889e+00
   4.60569213e-01
  -2.44782619e-01
  -6.39314133e-01
  -1.88418722e+00
   7.28520977e-01
   5.76064106e-01
   2.99475816e-01
  -7.07550335e-01
  -1.06969984e+00
  -2.40382147e-01
   1.48476439e+00
  -6.39060771e-01
  -2.13433156e-01
   1.08789676e-01
   8.52286934e-01
   3.12014511e-01
   5.17331033e-01
   3.30530081e-01
  -2.55026717e+00
   8.29923093e-01
  -1.29460194e+00
  -2.33134272e+00
  -2.61450171e-01
  -1.17399030e+00
   7.72448226e-01
  -1.16623080e+00
   1.77007899e+00
   3.30880486e-01
   4.57446787e-01
  -1.95878326e-01
  -1.09924643e+00
   1.02174950e+00
  -9.69463832e-01
  -6.03368907e-01
  -3.60658341e-01
   2.74962907e-01
  -7.15188198e-01
   7.24538811e-01
  -1.09691245e-01
   6.51740004e-01
   2.35005687e+00
   7.49546368e-01
   2.65186614e+00
   8.31817485e-02
   3.99723284e-01
   1.44381183e+00
  -6.42951130e-01
  -1.04909635e+00
  -1.40396639e+00
   1.36671512e+00
   1.31710562e+00
  -4.80960706e-01
   8.87842993e-01
   2.21248331e+00
  -1.04389629e+00
  -8.30348002e-01
   1.39041832e-01
  -1.93940749e+00
   5.84469185e-01
   2.94772784e-01
   7.07561109e-01
  -8.62922410e-01
  -1.07052993e+00
  -1.04643338e+00
   6.20031532e-01
   2.79897080e-01
  -1.48887367e+00
   1.70738088e+00
  -3.47510237e-01
   1.05381886e+00
  -5.15357967e-01
  -1.31302047e+00
  -6.54883167e-01
  -2.85190750e-01
  -7.27279689e-01
   5.69461667e-01
   1.65593767e-01
   1.75793572e+00
   1.44085925e-01
   1.28612206e+00
   2.40256349e-01
   6.00077025e-01
   7.82123784e-01
   7.48720542e-01
  -1.47653653e+00
   1.59775152e-01
  -1.56489635e+00
   1.57570274e+00
  -8.75475471e-01
   5.22795515e-01
  -1.38105211e-01
   1.74739178e+00
  -1.61332809e-01
  -8.64245866e-01
   8.73996427e-01
   4.22801741e-01
  -1.39279825e+00
  -1.03512720e+00
   1.34240157e-01
   1.11173373e+00
   7.97202728e-02
  -1.51623854e+00
   4.62238662e-01
  -3.61650799e-01
   9.49030945e-02
  -1.21032493e-01
   8.39977614e-01
  -1.44362524e-01
  -9.02082549e-01
  -3.01787859e-01
   8.01944200e-01
  -2.96940968e-02
  -2.25230627e+00
   3.37977379e-01
  -1.28423708e+00
  -9.73801056e-01
   1.34224579e-01
   2.20608912e-01
  -4.27896358e-01
   9.65432354e-01
  -4.79969075e-01
  -3.37987524e-01
  -1.41664419e-01
  -9.06141854e-01
   2.89824727e-02
   5.38850686e-02
   1.17925908e+00
   2.49232602e+00
  -1.24337912e+00
  -1.32491936e+00
   1.17352628e+00
  -1.55931963e-01
  -8.21256039e-01
  -1.29520440e-01
  -1.13858454e+00
  -1.35498355e+00
   7.97430994e-01
   1.93535015e-01
  -5.15883368e-01
   5.37669251e-01
   1.40154639e+00
   1.72346894e+00
  -2.47297380e-01
  -1.04992403e+00
   1.11325694e+00
  -4.03700487e-01
   4.82232578e-01
  -4.37955953e-01
   3.21463376e-01
   1.52440922e+00
   1.81629881e-01
   1.19076579e+00
   4.36576317e-01
  -3.51618837e-01
  -6.37594675e-01
  -2.42819143e+00
  -4.42806299e-01
   1.32837019e-01
  -4.17163011e-01
   3.22576966e-01
  -1.56234827e+00
  -4.24833009e-01
   1.28279471e+00
  -2.43439627e+00
  -1.06181677e+00
   7.69199567e-01
  -8.18592935e-01
  -4.08159095e-01
  -6.06762859e-01
   2.61352380e-01
  -1.65937868e+00
   1.87687087e-01
   1.14673908e+00
  -1.25730685e+00
   5.81130282e-01
  -1.84374485e-01
   8.07139102e-01
   9.58393991e-01
   1.00439863e+00
   2.32297785e+00
   3.44586599e-01
   6.57485291e-01
   9.74559126e-01
   1.09027425e-01
   3.67675923e-01
   1.09430814e+00
   1.07874597e+00
   1.55882278e+00
   1.90601841e-01
   3.11683798e-01
   1.98960924e-01
  -4.62620599e-01
  -9.12921940e-01
   1.23047282e+00
   8.03063916e-01
  -4.69776912e-01
   9.94387709e-01
  -2.38021741e+00
  -5.73523891e-01
  -7.33240487e-02
  -1.95034523e-01
  -6.64880336e-01
  -5.60994399e-01
  -3.19060362e-01
   1.06519604e-02
  -1.39330798e+00
   3.47504804e-01
   6.93629976e-01
  -9.57734249e-01
   2.66656007e-01
   1.33266423e+00
  -3.36581108e-01
  -1.96832699e-01
   1.56144018e+00
  -1.45602071e+00
   8.82462445e-01
   9.04257275e-01
   1.30309035e+00
  -2.08885934e-01
  -7.57996014e-01
   8.59724836e-01
  -3.72353055e-02
  -5.78554646e-01
  -1.45135256e+00
  -4.62260001e-01
  -2.66082567e-01
  -1.09741397e+00
   1.15427901e+00
   7.45128221e-01
  -4.91162111e-01
   7.10354532e-01
   2.66390269e-01
  -1.22257917e-01
   7.43578663e-01
  -5.24014016e-01
   6.81726122e-01
   5.47500120e-01
   4.21898027e-01
  -1.10623360e+00
   7.11548293e-01
  -1.74372956e-01
   2.04436937e+00
  -1.03687907e-01
   8.10726449e-01
  -8.92420439e-01
   7.29282381e-01
   1.15383581e+00
  -1.53719616e-01
   1.44162949e+00
   1.60980379e+00
  -7.02661648e-01
   5.68257947e-01
  -1.14995107e-01
  -7.64367411e-01
   1.33745800e+00
   3.69624943e-01
  -8.22068061e-01
   6.73545760e-01
  -5.76102889e-01
   6.92271156e-01
  -9.13130276e-01
   4.06601303e-01
  -2.10704823e-01
  -5.60257136e-01
  -1.37037933e+00
  -1.26123173e+00
  -2.66661945e+00
  -9.18747713e-01
  -1.50764155e+00
  -2.38680110e-01
   4.02783674e-01
   8.11164087e-01
  -6.64560318e-01
  -7.26853901e-01
  -5.94859491e-01
  -6.34768264e-02
   4.95300503e-02
  -8.90537216e-01
   3.00991513e-01
  -3.09469953e+00
  -1.30425185e+00
   1.37882776e+00
  -1.50080838e+00
   1.29387322e+00
   1.36605089e+00
  -1.56908455e-01
   6.57573515e-01
  -9.82979007e-01
  -8.86328237e-01
  -2.05085999e-01
  -1.61863687e+00
   4.35133415e-01
  -1.11423221e+00
   3.55052640e-01
   1.53468157e+00
  -5.35154196e-01
   7.19844051e-01
   3.92624049e-01
   1.51458407e+00
  -1.57815103e+00
   3.24834328e-01
   8.16599758e-02
   3.17144817e-01
   7.99732940e-01
   5.22616826e-02
   2.95423434e-01
  -1.24111316e+00
   2.43879056e+00
   6.24492648e-01
  -7.62466706e-01
  -2.08646669e-01
   1.00390347e+00
  -9.29867042e-01
  -3.03070222e-01
  -4.60050135e-01
  -1.57931205e+00
  -1.02138034e+00
   1.31537835e+00
  -1.67624284e+00
  -3.25699436e-01
   1.05261865e+00
   1.23529196e+00
   4.76334234e-01
   1.14521794e+00
   1.22694687e+00
  -1.05099249e+00
  -1.57262363e+00
  -7.38514488e-01
  -6.07594480e-01
  -1.27293950e+00
  -1.75898177e+00
  -2.35401444e+00
  -5.27021464e-01
  -3.54638898e-01
  -1.14343070e+00
   1.06308879e-01
   1.37397297e+00
   4.43883015e-01
   7.90697936e-01
   1.54150417e+00
  -1.47358430e-01
  -4.09833696e-02
  -1.64375914e-01
   9.39172021e-02
   1.22991175e+00
   2.67572236e+00
  -6.40803116e-01
  -8.63169081e-02
   3.55990309e-01
  -4.41334155e-01
   4.64178401e-01
   7.41129693e-01
  -6.47344128e-01
  -3.71687302e-01
  -7.48562623e-01
  -5.26754474e-01
   2.74319586e-01
   3.19253520e-01
  -9.98082357e-01
  -2.62850249e+00
   9.82524634e-01
  -1.87291166e-01
  -2.30486460e+00
  -4.42208587e-02
  -5.43898153e-01
  -1.92369988e+00
   1.82301106e+00
  -4.81510682e-01
  -1.86190296e+00
  -7.03164843e-01
  -1.79592362e-01
   5.63645854e-01
   3.48376185e-01
  -5.67754027e-01
  -3.91810031e-01
   2.14160139e-01
  -2.24748589e-01
  -6.52762676e-02
   1.87588103e-01
   2.51100549e-01
  -9.02597998e-01
  -8.42914060e-01
  -2.43968970e-01
  -1.11828470e+00
  -1.01324392e+00
  -1.83254189e+00
   1.65124649e+00
   7.56261022e-01
   1.10514288e+00
  -9.39246502e-01
   2.11614447e-01
   4.53453898e-01
  -1.62803949e-01
  -3.05903688e-01
  -1.92423564e+00
   1.61801298e+00
  -9.41276562e-01
   5.35610101e-01
   1.80360643e-01
   1.60612140e-01
  -5.49355001e-02
   1.34991519e+00
   2.25333230e+00
   1.86629582e+00
  -6.35399568e-01
  -3.58369568e-01
   9.89479060e-02
   3.45315352e-01
   8.66716683e-01
   5.03849400e-01
  -2.11946285e-01
  -1.86963812e+00
  -6.00717401e-01
   8.71174381e-01
   4.87087036e-01
  -1.55322045e-01
   8.04667981e-01
  -3.05206559e-01
   5.29705185e-01
   1.18807187e+00
  -7.43828964e-01
  -1.63131575e-01
  -1.25559888e+00
   1.07997911e+00
   1.86576996e+00
   2.90956781e-01
   1.66638574e-01
   1.64517227e+00
  -1.25618888e+00
  -2.35347066e-01
   5.36752773e-01
  -7.08808587e-01
   1.02937947e+00
   1.61898008e-01
   8.93712183e-01
  -1.30909784e+00
  -1.87944373e+00
  -3.39607827e-01
  -1.73477838e+00
   2.59576572e+00
  -7.14622007e-01
   5.32816321e-01
  -8.66408749e-01
   1.38263435e+00
   2.21505939e+00
   1.66363896e+00
   2.24409347e-01
  -1.20359522e+00
  -1.18805245e-01
   1.54546684e+00
  -4.82186304e-02
  -5.87614605e-01
  -3.87440092e-01
  -3.47177551e-01
  -1.04945764e+00
  -4.39512523e-01
   2.44921387e+00
  -2.89514978e-01
  -1.84149001e-01
   1.25096830e+00
  -2.22374912e+00
  -8.48525830e-01
  -1.67995357e+00
   9.36510619e-01
   5.55563248e-01
  -2.40271909e-01
   3.02360625e-01
   9.77640680e-01
  -2.22466529e-02
  -2.19474374e+00
  -6.86817863e-01
  -1.19966645e+00
   1.04398565e+00
   7.24421673e-01
   7.03596681e-01
   4.80103010e-01
   7.95766642e-01
  -5.59596719e-01
  -1.79569134e-01
   1.62802935e+00
  -3.10930570e-01
   5.95977887e-01
  -3.78643523e-01
   7.73385569e-01
  -7.28856327e-01
  -2.94849390e-01
   1.80171647e-01
   8.60627183e-02
  -1.09035791e+00
  -1.42759154e-01
   8.34436924e-01
   5.13988223e-01
   8.84300922e-02
   1.81884011e+00
  -1.09475756e+00
  -1.09343709e-01
   4.84278054e-01
   1.46276608e-01
  -6.66772521e-01
   9.79416988e-01
   5.85445177e-02
  -6.78345455e-01
   2.03950725e-03
  -1.16086295e-01
   1.25474919e+00
   1.10962689e+00
   1.20452633e+00
   2.06531209e-01
   3.39747844e-02
   9.26899171e-01
   3.54796415e-02
   5.05949102e-01
   1.83198512e+00
   6.59260724e-01
   2.40514507e+00
   7.26960645e-01
   1.93238031e+00
   4.41809364e-01
   5.57124391e-01
   3.43200808e-02
  -1.60974124e+00
   1.05680520e+00
  -3.79744800e-02
  -1.23024581e+00
  -2.69718276e-01
  -1.44940084e+00
   2.09052714e-03
   5.26444244e-01
   5.57201601e-01
   1.84410660e+00
   2.12085306e-01
   6.08314833e-01
   1.54515084e+00
   8.41601836e-01
   1.27848482e+00
  -7.11990422e-01
   1.22740901e+00
   7.42160483e-01
  -4.93940598e-01
  -1.48791541e-01
  -4.25343602e-01
  -2.36878673e-02
   1.42871419e+00
   1.65437786e-01
  -1.48914968e+00
  -5.93723021e-01
   3.00945240e-01
   6.99356822e-01
  -4.91995707e-02
  -6.14716049e-01
  -8.57609952e-01
  -3.92507395e-01
  -1.42231070e+00
   2.09705513e+00
   1.38611599e+00
   6.58107278e-01
  -9.05150074e-01
   1.99508403e-01
  -1.24504679e+00
   7.38977131e-01
   3.66399982e-01
  -2.70947787e-01
   1.33931361e+00
   3.29027038e-01
   2.44772886e-01
  -1.57791958e-01
  -1.16874798e+00
   2.38996612e-01
  -1.43991678e+00
  -7.21173541e-01
   7.04387548e-01
   5.14197708e-01
  -8.10388914e-01
   1.20169119e+00
  -1.07998780e+00
  -2.53082411e-01
  -1.04828808e+00
  -2.84508109e-01
   3.95035396e-01
   5.95803038e-01
  -1.63046366e+00
   1.70055180e-01
   8.42366084e-01
  -5.85396251e-01
  -4.27754403e-01
   2.03409873e+00
  -9.78454545e-01
   1.16557496e+00
   1.70560859e+00
  -8.71196591e-01
   4.56127210e-01
  -1.25419005e+00
   3.17013421e-01
  -4.92320181e-01
   1.80151226e-01
   1.23297251e+00
  -1.85365850e+00
  -5.43816749e-01
   8.67264700e-01
  -1.02183282e+00
   2.63285447e-02
   9.82047036e-02
   9.35384429e-01
   9.22281701e-02
  -1.18205086e+00
  -1.46253788e-01
  -2.79098850e-01
   1.12181441e-01
   2.76567940e-02
  -1.78905312e+00
  -1.52870024e+00
   5.80226603e-01
   7.17205412e-02
   2.37038937e-02
  -6.99640569e-01
   8.54268568e-02
   1.16503564e+00
  -1.13128059e+00
   9.51653689e-01
  -4.10556188e-01
  -1.06202889e+00
  -1.55288823e+00
  -1.15157089e+00
   1.78712447e+00
   3.37782864e-01
  -6.77464410e-01
   1.83371735e+00
  -1.38663398e+00
   1.08447488e+00
  -5.08600425e-01
   7.19662148e-01
   5.30976279e-01
   2.59119988e-01
   4.45767777e-01
  -5.58898974e-01
  -1.51649839e-01
   3.27686356e-01
   2.77531742e-01
   1.02074052e+00
  -1.07993185e+00
   1.02586135e+00
  -2.47320192e+00
   5.50367490e-01
  -1.20367802e-01
   3.89957780e-01
   3.21021223e-01
  -1.12576570e+00
  -5.56814642e-01
   8.30394224e-02
  -8.28670322e-04
  -4.48626193e-01
  -1.44622010e-01
   5.56959688e-01
  -9.53667046e-02
  -1.99958889e+00
  -8.59139600e-01
  -1.01562635e+00
   7.56545924e-01
  -6.88784101e-01
   1.51150907e+00
  -1.16733296e-01
  -6.65340634e-01
  -2.20692419e-01
   6.43058137e-01
  -1.31631896e-01
   2.65833789e-01
  -4.49258406e-02
   1.04353512e+00
  -8.05968828e-01
  -2.20744016e+00
  -6.59914958e-01
  -4.68700840e-01
   2.41506719e-01
   9.80865097e-01
   1.14465147e+00
   2.57145119e-01
  -4.73655997e-01
  -7.56696044e-01
  -7.62720553e-01
   1.27040134e-01
  -2.42893820e-01
   1.10868277e+00
   3.04903573e-01
   1.08127908e+00
  -5.32381029e-01
  -2.34698727e+00
   1.32503883e+00
   1.09495484e+00
  -2.19743883e-01
  -7.39716310e-01
   1.60827322e+00
   8.46867208e-01
  -8.67697824e-01
   1.92797199e+00
  -8.91169611e-01
  -2.39957311e-01
   2.50381114e-01
  -9.02596849e-01
   6.24619727e-01
   8.47668771e-01
   5.60056926e-01
  -1.53249289e+00
   7.95599325e-01
   3.32028931e-01
  -1.41873698e+00
  -1.61045566e+00
   3.80811691e-01
  -3.83899737e-01
   4.84700959e-01
  -1.63893080e-02
  -8.90632835e-01
  -2.48343956e-01
   1.19577911e-01
  -7.27619783e-01
  -2.00037810e+00
   8.70825628e-01
   1.26647149e+00
  -1.85057761e+00
   7.58526339e-01
   7.41846632e-01
  -1.57847889e+00
   2.56605076e+00
  -1.34076497e+00
   2.29706039e+00
  -1.41425612e+00
  -1.97356539e+00
   4.98167908e-01
  -4.44705540e-01
  -2.78678426e-01
  -8.21891942e-02
   7.35465181e-01
   2.36977461e-01
  -2.79473220e-01
   1.91691427e+00
  -1.06304808e+00
   2.76846763e-01
   1.55446949e+00
   1.12330561e+00
   7.16986635e-01
   1.37308733e-01
  -1.24684235e+00
   1.05456140e+00
  -1.07356378e+00
  -8.02107657e-01
   1.36778302e+00
  -6.94043738e-01
   6.74307675e-01
   9.85452178e-03
  -9.90280106e-01
   8.87993783e-01
  -4.11291088e-01
  -1.59961425e-01
  -2.44130159e-01
   2.38014513e-01
   1.98715778e-01
  -2.74994361e-01
  -1.49174282e-01
   3.41158647e-01
   3.04703929e-01
  -2.68356999e-01
   4.62595395e-01
   1.79217598e+00
   6.74023233e-01
  -8.70721613e-02
   8.66087663e-01
  -2.01477772e-01
   4.29433625e-01
   1.69576339e+00
   1.46969086e+00
  -3.52029721e-01
   2.27382186e-01
  -1.64500248e-01
   8.65790535e-01
  -1.00146104e-01
  -1.90161792e-01
   9.27404147e-01
   8.58286017e-01
   3.99110570e-01
   6.49442886e-01
   1.00594535e+00
   1.04420775e+00
  -6.72623317e-01
  -1.54220193e+00
   2.81392579e-01
   1.44494496e+00
  -9.56233845e-01
  -2.56064423e-01
   1.43642120e-02
   1.24955452e+00
  -3.87372464e-01
   5.50711658e-01
   3.09822126e-01
  -1.87335188e-01
   3.30416099e-01
   3.98556887e-01
  -4.41752999e-01
   5.82886636e-01
   3.47917446e-01
   1.66034575e-01
   1.62688860e+00
   7.67420583e-01
  -5.84483931e-01
   2.09124881e+00
   8.09620400e-01
   7.12619825e-01
  -5.37349097e-01
  -3.30887198e-01
   5.21389141e-01
   2.80743084e-01
   7.75733397e-01
   5.12071953e-01
   4.56286468e-01
  -1.53077750e+00
   1.04707901e+00
   1.03523994e+00
   1.54289173e+00
  -1.70470876e+00
  -3.14924756e-01
  -1.15271909e+00
   1.76146633e-01
   1.60416437e-01
   4.31215517e-01
  -6.23006380e-01
  -1.13538714e+00
  -5.62833673e-01
  -1.26553875e+00
   4.10755136e-01
  -3.21448939e-01
   8.25785553e-01
  -1.97034585e-01
  -1.68831116e+00
   9.37775110e-01
  -7.54125368e-01
   1.30653588e-02
  -1.22004202e-01
   1.42439136e-01
  -1.09042913e+00
   6.55977686e-01
   1.24345884e+00
   1.85607119e-01
   2.06928127e+00
  -4.48337541e-01
   1.59417793e+00
   1.00150641e+00
  -9.88448323e-01
   1.36721070e+00
  -1.04282116e+00
  -5.14259151e-01
   9.68273274e-02
  -2.21878547e+00
   7.57375975e-01
   5.10537188e-01
  -4.66253041e-01
  -1.86940823e-02
  -1.55335716e+00
   1.05635467e+00
  -3.71112501e-02
  -1.27143832e+00
  -1.35466011e+00
   1.38664372e-01
  -7.54373582e-01
   2.61590473e-02
  -4.28913371e-01
  -2.51817501e-01
   1.42729326e-01
   4.23577046e-01
  -8.73043995e-01
   9.23514117e-01
   1.16944094e+00
  -2.45028483e+00
  -1.22723968e+00
  -1.32076394e+00
   4.98720645e-01
   3.71039372e-01
   6.37764716e-01
   8.10713189e-02
  -8.22400016e-01
   1.57154332e+00
  -1.85027739e-02
  -1.52404789e+00
  -1.25031919e+00
   8.13568002e-01
   3.18371877e-01
   9.11882559e-01
   2.03065431e-01
   9.39991675e-01
  -6.61981419e-01
   1.25194275e-01
  -1.82988085e+00
   1.63682351e-01
  -3.58197734e-01
  -7.79135015e-01
   2.29312643e-01
   8.23776035e-02
   1.18364286e+00
  -1.28570797e+00
  -1.64194503e+00
   8.94329875e-01
   2.69653032e+00
  -7.06209425e-01
  -6.95996673e-01
  -1.21107733e+00
   5.77801425e-01
  -3.21437973e-01
  -5.45983702e-01
   1.66469190e+00
  -1.02939882e+00
  -7.26768988e-01
  -1.34392527e+00
   2.06814604e+00
  -1.70126753e+00
   6.68455611e-02
  -1.10493415e+00
   4.23846522e-01
  -6.43431964e-01
  -8.66262712e-01
   5.92883609e-01
   1.17735282e-01
  -9.84979074e-01
   2.43503695e+00
  -9.22275977e-01
   1.80464945e-01
   2.76366930e-01
  -9.89220198e-02
   7.65612249e-01
  -5.92977797e-01
  -6.23180438e-01
   9.76708445e-01
  -1.14225153e-01
   1.02828233e-01
  -2.32830197e-02
   2.58645281e-01
  -9.41746534e-02
  -1.83558396e+00
  -1.11780392e+00
   3.87106007e-02
   1.37455163e-01
  -1.35776418e-01
  -1.15768122e+00
  -3.49101478e-02
   8.09993869e-01
  -1.03620968e+00
   3.16405208e-01
  -3.86216313e-01
   1.29173283e+00
  -1.74536130e+00
   9.42873310e-01
   1.10717204e+00
  -1.04353657e+00
   1.19579460e+00
   2.50259877e+00
  -5.97459135e-01
  -2.12001123e+00
  -6.16918138e-01
  -1.16611238e+00
   5.08571029e-01
  -1.12190491e+00
   6.28942775e-01
  -7.07935534e-01
  -1.13356527e+00
   1.00362857e+00
   2.35838156e+00
   4.83280292e-01
  -1.02608356e+00
  -2.46829401e+00
   4.41396652e-02
  -9.49099044e-01
   2.81692797e-01
   4.72342811e-01
   4.33778128e-01
  -1.43821844e-01
  -1.39593348e-01
  -6.55440091e-01
   4.22593654e-01
  -5.28642573e-01
   1.01659422e+00
   3.82928815e-01
  -1.13758360e+00
  -1.65082776e+00
  -2.28354429e-01
  -5.07125928e-01
   1.28856596e+00
   3.38921684e-01
  -5.71387286e-01
   1.28979853e+00
   9.98362056e-01
   1.99601213e+00
  -8.88439693e-02
  -9.69235343e-01
   7.41275551e-01
   1.48682440e+00
   5.71216419e-01
  -2.65195459e-01
  -8.88875403e-01
   3.23769875e-01
  -8.10432313e-01
  -2.69404839e-01
  -4.53101058e-01
   2.99728926e-01
  -4.71308519e-01
  -5.30497701e-01
   1.32898691e+00
  -3.08226496e-01
  -1.36343699e+00
   3.53545792e-02
   1.65855086e+00
   6.21689494e-01
  -2.30492820e+00
  -3.52211449e-01
  -1.67482608e+00
  -1.17233881e+00
  -4.16202547e-01
  -4.29543650e-01
   1.72189858e+00
   8.10710596e-02
   9.13270198e-02
   3.69322847e-01
  -1.91512969e-01
  -8.62246952e-01
   3.55840885e-01
   2.66612292e-02
   1.03597547e+00
  -2.77235098e-01
  -1.59689525e-01
   6.68832941e-01
   4.64348395e-01
   7.73698182e-01
   6.50828854e-02
  -2.48631529e+00
   7.89870053e-02
  -1.20426929e+00
   1.09174542e+00
  -2.78215465e-02
   9.85684713e-01
   2.53231816e-01
  -7.63902289e-01
  -3.27639010e-01
  -5.34445379e-02
  -2.68912416e-01
  -1.25957091e+00
  -1.35382695e+00
   4.87653180e-01
  -1.44658453e-01
   1.33065677e+00
  -1.13307315e+00
   4.44163124e-01
  -1.22367373e-01
  -5.72505621e-01
  -6.65489246e-01
  -1.39635629e-02
  -1.98559870e-01
  -1.10871318e+00
  -7.73955629e-01
  -3.97047765e-01
  -2.14456387e-01
  -5.62150436e-01
  -6.94714298e-01
  -9.09086657e-01
  -2.36897816e-01
   9.48548946e-01
  -1.13516529e+00
  -4.32500637e-01
   1.38155776e+00
  -1.39478067e+00
   2.76820703e-01
   2.32153365e-02
   8.76052006e-01
  -6.62210804e-01
  -9.48807185e-01
   4.30304230e-01
  -1.63130620e-01
  -1.70019036e+00
  -2.07291221e-01
  -7.59247136e-01
  -7.10372108e-02
   1.83553638e-01
  -3.16255341e-02
  -2.10457753e+00
   5.89293572e-01
  -1.83103293e+00
  -8.68824109e-01
   5.35532682e-01
  -6.40743614e-01
  -8.18588382e-01
  -1.35957135e-01
   1.56560749e+00
   1.84431336e+00
   5.09797558e-01
  -4.93893316e-01
  -1.00398077e+00
  -5.94842640e-01
  -9.27555545e-01
  -2.90657535e-01
   1.59776645e+00
  -1.49791309e+00
  -9.83388872e-01
  -5.36349771e-01
   9.08226506e-01
  -1.68481871e+00
  -8.38417880e-01
  -1.87228056e+00
   2.32322407e+00
   9.41140136e-01
  -5.17857143e-01
  -9.76876052e-01
  -1.01291481e+00
   2.00285389e-01
   3.70207779e-01
  -5.32439296e-01
   1.25372664e+00
   1.83854646e-01
   1.29306580e+00
   2.75049087e-01
  -3.92309771e-01
  -4.74979598e-01
  -7.73412999e-01
   8.55001606e-01
   4.49219887e-01
   1.67994020e-01
   2.92976286e-02
  -2.50899988e+00
  -1.10031724e+00
   6.65506329e-01
  -8.78971150e-01
  -8.94343912e-01
   1.71013456e+00
   1.54138635e+00
  -5.45145270e-01
  -2.81827522e-01
  -4.06757983e-01
  -2.41971991e-01
  -8.09849212e-01
  -9.80154754e-01
   5.52827517e-01
  -4.59695587e-01
  -5.41330854e-01
   5.31566502e-01
   2.23599922e+00
  -1.83304818e+00
   3.13058377e-02
  -9.68560996e-01
   2.46873423e-01
  -3.05147456e+00
  -7.40354040e-01
  -2.78964310e-01
  -1.27045296e+00
   1.05542023e+00
   9.87166905e-02
   2.56163583e+00
  -2.16514135e-01
  -1.41080049e+00
  -8.07259987e-01
  -2.14796282e+00
   3.96051726e-01
   8.46486668e-01
   1.27747062e-02
   1.21228310e-01
  -1.13407672e+00
  -1.94574362e-01
  -9.39977186e-01
  -3.25703051e-01
   1.33388307e-01
  -1.66514711e+00
   1.67132569e+00
   8.42406819e-01
  -7.94124320e-01
  -5.29268801e-01
  -7.29247388e-01
  -1.19137609e+00
  -3.82330375e-01
  -7.90230773e-01
   7.13956820e-01
  -3.03256550e-01
   1.37278458e+00
  -7.76594031e-01
   6.80508015e-03
   6.32037490e-01
  -1.17849964e+00
  -1.67631569e+00
  -5.49698506e-01
   1.13886838e+00
   2.53689604e-01
  -4.50909937e-01
  -2.48230584e-01
   9.27590463e-01
   1.10811394e+00
  -3.91420501e-01
  -6.07711997e-01
   2.55972560e+00
  -5.84987719e-02
   1.11549314e+00
   1.67346774e-01
   1.47581273e-01
  -1.66020988e+00
  -4.50715795e-01
  -5.36914621e-01
  -1.59871778e+00
  -5.86858731e-01
   6.93635870e-01
   1.94556832e-01
   3.61070974e-01
   3.02099715e-01
  -1.14540920e+00
  -7.89104712e-01
   1.26524129e+00
   1.21057142e+00
  -3.82798241e-01
   1.56462203e+00
   6.11970942e-01
   6.71568255e-01
  -1.06267074e-01
  -4.66301240e-02
  -1.04319958e+00
   3.95726982e-01
  -7.04961200e-01
  -1.72539501e+00
  -1.25131407e+00
   1.54362137e+00
  -1.43208557e+00
   5.63939547e-01
  -9.14356633e-01
  -1.25127161e+00
   9.21909108e-01
  -1.74294977e+00
  -5.67040702e-01
   7.77983581e-01
  -2.20525699e-01
   7.22560998e-01
  -9.48804901e-01
  -1.23009670e+00
   3.47731694e-01
   2.14596413e+00
  -6.77965333e-02
  -1.70047731e+00
   2.14102335e+00
  -1.38413670e+00
  -5.77198437e-01
  -4.52139569e-02
  -1.10314479e+00
  -3.92576634e-01
  -5.25269837e-01
   1.43847311e+00
   7.81063927e-01
   7.51729608e-01
  -7.16097034e-02
  -2.23073505e+00
   7.61055244e-01
  -1.18978986e+00
  -9.54754066e-01
  -2.15215077e-01
  -8.66602212e-01
   2.14396411e-01
   3.05278458e-01
  -3.26228318e+00
  -3.20106920e-01
  -7.59372441e-01
   2.34113393e+00
  -4.42188474e-01
  -1.80235476e-01
  -2.05465845e-01
  -2.63420464e-01
   6.86339171e-01
  -7.11062610e-01
  -7.19298061e-01
   8.30497220e-01
   1.75347828e+00
  -6.85283255e-01
  -1.21643326e+00
  -6.85983718e-01
  -6.66933548e-01
  -4.39095654e-01
  -5.51440964e-01
   9.40478888e-01
   1.23882051e+00
   2.35596511e-01
  -1.94343320e+00
  -8.78957707e-01
  -8.01425291e-01
   5.19361613e-01
  -9.42938152e-01
  -5.21878856e-01
   3.15698104e-01
  -2.96964791e-01
  -5.93445855e-01
  -8.41687564e-01
  -1.11231438e+00
   5.62688345e-01
   1.74677014e-01
  -9.69787690e-02
   1.64957059e+00
   1.64107540e+00
  -1.09725620e-01
  -1.06425701e+00
  -5.13988634e-01
  -4.57199181e-01
   1.92429375e-01
   8.29322394e-01
  -1.62131953e+00
   8.49760575e-01
   8.32433382e-01
  -1.39820017e+00
  -2.83160649e-01
   1.09106491e+00
  -2.43080277e-01
   4.49305026e-01
   2.07874498e+00
   2.91282243e-01
   1.11820518e+00
  -3.25961081e-01
   7.94388785e-01
   1.61184085e+00
   1.43776139e+00
  -1.41126072e+00
  -2.12614159e-01
   1.08037524e+00
  -1.02021764e+00
  -1.64437822e-01
   8.24072090e-01
  -9.74314963e-01
  -1.72124018e+00
