  -7.17450532e-01
  -1.52222164e-01
  -2.28710335e-01
  -6.66890447e-01
   9.52246865e-01
   7.59760797e-01
  -3.52822386e-01
   6.66791206e-01
  -1.87681524e+00
   1.92062757e+00
  -7.80012384e-01
   6.31123604e-01
  -4.65985845e-01
   1.66204325e+00
  -3.99543139e-01
   1.60822643e-01
  -1.12275620e+00
  -1.88720016e+00
   2.10414948e-01
   8.27612796e-01
   9.28053116e-01
   1.07594093e+00
  -1.36274368e+00
   1.18274519e+00
  -1.25811775e+00
   2.23090809e+00
  -9.73943787e-01
   9.01308745e-01
  -9.90474590e-01
   3.91597965e-01
  -4.55768672e-01
  -1.47960972e+00
   8.32662848e-01
  -1.20893317e+00
  -4.52135623e-01
  -1.54687514e+00
  -3.23904263e-01
  -4.94416835e-01
  -2.36057488e+00
   5.50326671e-01
  -3.68472812e-01
  -1.87845083e+00
  -5.44519896e-02
   8.73567093e-01
   1.21374478e+00
   1.87531032e+00
  -1.83536734e-01
   6.45906105e-01
   1.67121869e+00
  -5.84794874e-01
  -1.38768584e-01
  -1.35089675e-01
  -2.02881688e-01
   1.54010596e+00
  -3.63093055e-01
   6.74219488e-01
  -6.72692206e-01
   7.97719132e-01
  -2.36354574e-01
   1.21955250e+00
  -5.70455275e-01
  -3.53940934e-01
  -1.12912678e+00
  -2.73550152e+00
  -1.58527015e+00
   1.15159273e-01
  -8.19190262e-02
   1.10293233e+00
  -1.72336689e-01
  -3.02033039e-02
   2.04912093e-01
   2.61272587e+00
  -5.43163998e-01
   1.44158518e+00
   4.64463419e-01
  -3.83944827e-01
   8.89445498e-01
   4.32671635e-01
   5.86216850e-01
   7.60271677e-02
  -1.35066793e+00
  -9.98831084e-02
   4.62788826e-01
   5.03940151e-02
   8.49577226e-01
   6.18938378e-01
   1.45705232e+00
   8.04257946e-01
  -1.41980741e+00
  -9.29296611e-01
   1.96888176e+00
  -1.77152976e+00
  -7.03602938e-01
   4.64927817e-01
  -9.75910760e-01
   7.33010879e-01
   1.02312948e+00
   5.24892479e-02
   9.30758479e-01
  -4.61688145e-01
   5.09664748e-01
   9.87643763e-01
  -9.45916112e-01
   4.01275176e-01
   2.70363318e-01
   1.00292655e+00
   4.49705281e-01
   9.78347157e-01
   1.94909732e-01
   1.14594703e+00
   1.74018554e+00
  -1.51531578e+00
  -1.09308493e+00
  -3.32786560e-01
   7.25952010e-01
   2.63054952e-01
  -8.33827357e-01
  -7.63577530e-01
  -1.69339498e+00
   6.49599772e-01
   5.72817065e-01
   1.63417173e+00
   3.51437912e-01
   5.94663278e-01
   1.79313534e-01
   8.74060181e-01
   7.91928083e-02
  -1.11457065e+00
  -1.48492442e+00
   2.09033299e-02
  -2.57602723e+00
   8.46138113e-01
   2.48840152e-01
  -8.47175419e-01
   8.84848222e-01
   1.02503222e-01
   4.56961849e-01
   1.03086236e+00
   1.48730201e-01
   2.76504407e-01
  -2.49011438e-02
   7.36688309e-01
  -4.02505796e-01
  -2.46512979e-01
   4.64084953e-01
   1.83107745e+00
  -4.76303012e-01
  -3.63777190e-01
  -1.69732838e+00
  -6.85001892e-01
  -8.15632167e-01
  -8.13397534e-01
   3.50626520e-01
   4.74715373e-01
   1.31839707e+00
   2.99718762e-01
   1.26703732e+00
   1.20855942e-02
   6.75918833e-01
  -1.90342422e+00
   6.60558763e-01
  -4.31962142e-01
  -2.16684855e-01
  -1.31673622e+00
  -2.97774142e-01
   1.10287253e-01
   4.32909684e-01
  -1.05564832e+00
  -1.32039527e-01
   1.61016576e+00
   8.00314647e-01
   1.51051793e-02
  -1.35899187e+00
   1.94389875e-02
  -1.37493838e+00
  -3.13246689e-01
  -7.37572421e-01
   8.36548817e-01
  -6.83594704e-01
  -3.25253239e-01
  -9.28706503e-01
  -5.75726473e-01
   1.52894499e+00
   1.91581108e+00
  -7.91086374e-01
   1.61359548e+00
   7.89951126e-02
  -1.03570762e+00
  -1.33862033e-01
  -1.67455279e+00
  -1.07657062e+00
  -7.60059498e-01
   5.32533422e-01
   7.11404314e-01
   2.18637455e+00
  -2.30595805e-01
   1.74576387e+00
  -6.06979284e-01
   9.86052306e-01
   5.33703454e-01
  -4.96227878e-01
   1.07630049e+00
  -4.55196015e-01
   2.78974832e-01
  -2.07301777e+00
  -5.78636804e-01
  -1.96814707e+00
  -3.77514527e-01
  -2.02793785e+00
  -7.57502260e-01
   5.12273620e-02
  -1.86356544e+00
   6.06033051e-01
  -4.47159231e-01
   1.33788039e+00
   3.07556835e-01
   3.84125999e-02
  -8.61114295e-02
  -9.00369392e-01
  -3.36876943e-01
  -1.08981208e+00
  -2.26628220e-01
   9.07502270e-01
  -4.18942958e-01
  -2.36295738e+00
  -1.22558796e+00
   3.97133762e-01
   6.33191087e-01
   5.88404153e-01
   2.95726095e-01
   1.35593080e-01
   5.89318046e-01
   9.86754360e-02
   1.00857282e+00
  -2.11042325e-01
  -1.57173155e+00
   1.33309264e+00
  -4.38512816e-01
   1.02968864e+00
  -1.29417555e+00
   6.74322065e-01
  -2.98017478e-01
   5.67057322e-01
  -7.48648309e-01
   2.39331023e-01
  -1.36675407e+00
  -7.05592076e-01
   2.50759953e-01
  -6.06025109e-01
   1.06056308e+00
  -9.84032405e-02
   5.53198096e-01
  -5.34143488e-01
   5.99194800e-01
  -1.89545803e+00
  -1.04562178e+00
   1.83508241e+00
  -6.78229256e-03
   1.89899958e-01
   1.04282854e+00
  -3.91544875e-02
  -7.42350087e-01
   1.49424392e+00
   1.74567590e+00
  -1.81118604e+00
   1.33661833e+00
   2.20969488e-01
  -9.28585288e-01
  -1.32568622e+00
  -4.45405418e-02
   7.82816133e-01
  -3.76377023e-02
  -6.49209983e-01
  -3.19556692e+00
   1.70489366e+00
  -1.08036067e+00
   3.03474383e-01
   5.51402461e-01
   1.40361342e+00
  -1.67389589e-01
   2.15524474e+00
   1.90575107e+00
   4.23501536e-01
  -6.47098077e-01
  -1.70230255e+00
  -9.23303124e-01
  -4.20856252e-01
   1.03551988e+00
  -3.40178967e-01
  -9.77141161e-01
  -1.45470621e+00
   8.92634997e-01
  -5.83090793e-01
  -8.01834158e-01
   7.82456116e-01
  -1.60736946e+00
  -1.24023268e+00
   1.85163743e+00
   1.23678084e+00
   1.63871012e+00
   5.23747837e-01
  -2.08806630e-01
  -1.71680373e+00
  -9.40875527e-01
   1.92537014e-02
  -1.06057364e+00
  -3.85723698e-01
   6.30145951e-01
  -2.06601606e+00
  -2.11573704e+00
  -1.14257712e+00
  -8.90741542e-01
   1.74589974e+00
  -2.41159064e+00
  -1.02275428e+00
  -6.36847809e-01
   2.40999391e+00
  -2.89223785e-01
   2.10875283e+00
   1.71839344e+00
   7.26266718e-01
   1.65693450e-01
   7.41749570e-01
   7.22632595e-01
   1.15412818e+00
  -1.17662231e+00
  -1.25775215e+00
  -1.02803853e+00
   6.55726595e-01
   1.02888796e+00
  -2.61210750e-01
   2.00926467e+00
  -1.44833072e+00
   3.29627327e-01
   8.02644340e-01
  -1.68797793e+00
  -8.30255977e-01
  -2.85532167e-01
   5.99925364e-01
  -1.03888075e+00
  -1.14506910e+00
   3.22872109e-01
  -4.44626024e-01
  -9.06269800e-01
   2.05734107e-01
  -4.61283298e-01
  -6.44831912e-01
  -3.05773204e-01
  -8.64806944e-02
  -3.10593353e-01
   4.08088961e-02
  -2.57661758e-01
   7.37771682e-01
  -7.03813899e-01
   2.35575432e-01
  -2.76134454e-01
   1.26977997e+00
  -9.10645213e-01
  -1.44839515e-01
  -1.31080517e-02
  -8.16896116e-01
  -9.98484305e-01
  -4.88821765e-01
  -9.30930783e-01
  -5.73301316e-01
  -1.24604702e+00
   1.36648581e+00
  -1.31024799e+00
   4.10605580e-01
  -1.53393488e+00
   1.58162755e-01
   1.16706620e+00
  -6.80690617e-01
  -4.48613634e-01
   6.21095235e-02
  -1.90623163e+00
   1.42137988e+00
  -7.48969010e-01
  -9.29199424e-01
   1.14887702e-01
   9.91709240e-01
  -8.89600579e-02
  -8.59123168e-01
  -9.78471915e-01
  -1.40141349e+00
   1.11061740e+00
  -1.62959953e+00
  -2.92580666e-01
  -1.85007874e-01
  -9.28000966e-01
   1.66472402e+00
   1.00308773e+00
  -1.43746598e+00
   2.20163198e+00
   1.60889761e+00
   2.46352071e-01
  -4.46387997e-01
  -3.47402043e-01
   9.29202378e-01
   7.45672864e-01
  -1.56159431e+00
  -5.11975682e-03
  -1.55787646e+00
  -5.04603262e-01
  -6.46225146e-01
   9.44808898e-01
   1.57616091e-01
   7.11008828e-01
  -8.55850829e-01
   3.55624408e-01
  -1.86225940e+00
  -7.88553232e-01
  -2.80371193e+00
  -6.23607975e-01
  -1.60732685e-01
  -1.40506504e+00
  -4.60299735e-01
   1.33336070e+00
  -1.59931538e-02
  -1.10065402e+00
   1.72041493e+00
   4.47922378e-01
   5.58882755e-01
   1.00942442e+00
  -1.70380884e+00
   3.96584107e-01
  -9.58165119e-01
  -7.17332882e-02
  -3.68999530e-02
  -8.20979863e-01
  -9.61178944e-01
   5.45417368e-01
   6.35129281e-01
   1.53306149e+00
   1.18881117e+00
   2.16963864e-01
   2.84925206e-02
  -3.54008834e-02
   7.69298875e-01
  -8.03796484e-01
  -9.58182213e-01
  -9.49700673e-01
  -1.18313610e+00
  -1.31506151e+00
   2.26506944e-01
  -8.72696972e-01
   1.23366733e+00
  -3.08832620e+00
  -9.72399477e-01
   1.14085195e+00
   1.28158542e+00
  -1.25771117e-01
   1.86666803e+00
   2.52700045e+00
  -1.77012848e+00
  -5.37936793e-01
   2.07951310e-01
   1.75800900e+00
  -6.04922922e-01
  -5.01195420e-01
  -1.51231676e+00
   1.60119230e-01
  -2.17420201e-01
  -2.07284160e+00
   1.09463105e+00
  -1.42565331e+00
   3.61980304e-01
   1.05669294e+00
   1.21320428e+00
  -9.95346246e-01
  -4.95513318e-01
   1.91053989e+00
  -1.25392922e+00
   5.68616294e-01
  -2.03154901e+00
   4.18525993e-01
  -1.85740383e-01
  -1.22653466e-01
   2.61304677e-01
   7.92551585e-01
  -8.73796438e-01
  -2.53515093e-01
  -7.96173154e-01
  -1.80035000e-01
  -4.13957034e-01
   1.74236751e+00
   7.69960505e-01
   1.69522514e-01
   4.16309105e-01
   2.15731740e-01
   1.74570191e-01
  -5.88318764e-01
  -8.23253906e-01
  -6.12148852e-01
  -4.18146538e-01
   1.23736061e+00
   1.49254370e-01
   1.45272728e+00
   7.34542687e-01
  -4.30165875e-02
  -4.42646384e-01
  -2.39366706e+00
   1.11666478e-01
   8.18225833e-01
  -1.24738177e-01
  -1.10669202e+00
   5.86202325e-01
   7.94855078e-02
   9.28825065e-01
   1.35981636e+00
  -5.33602111e-01
  -1.10012804e-01
   7.76274697e-01
   3.91533986e-02
  -1.31319676e+00
  -1.20225552e+00
   5.44213916e-01
  -8.19176748e-01
   8.70829593e-01
  -4.58628056e-02
  -2.15867421e+00
   4.80602476e-01
   1.43953200e+00
  -1.03225339e+00
  -5.22822434e-02
   4.23629425e-01
  -1.49573383e+00
   9.71749145e-01
   6.24773973e-01
  -1.95419877e+00
  -7.57876630e-01
  -1.39690009e+00
  -5.49373652e-01
  -1.60519899e+00
   8.92840283e-01
  -1.82868201e+00
   1.62994439e+00
   3.09778284e-01
   1.73975186e+00
   1.29346445e+00
  -1.25357048e+00
   2.67446779e-01
  -7.19896171e-01
  -3.44171235e-01
  -1.20924355e+00
   1.16910983e-01
   1.52745034e+00
   6.80174620e-01
   1.55750341e-01
   8.10117879e-01
   4.00833108e-01
   1.40281562e+00
  -3.20719485e-01
   1.87093329e-01
  -5.02655730e-01
   1.57086964e-01
  -4.60436891e-01
  -3.22215735e-01
  -3.33042341e-01
   5.24907156e-01
   8.80073447e-01
  -3.86606567e-01
   2.35072736e+00
   1.24414554e+00
  -2.38423299e-01
   6.10774429e-01
  -8.88600781e-01
  -2.45591130e-01
  -1.55256575e+00
   1.27992055e+00
   1.30198142e+00
   3.70398018e-01
  -2.30231745e-01
  -3.57221536e-01
   1.12134728e+00
   1.68835617e-01
  -3.25373463e-01
  -2.24623542e+00
   1.27064859e-01
   2.05511449e-01
  -2.04181069e+00
   6.24054683e-01
   3.51787679e-01
   5.41861334e-01
   2.61297126e-03
   4.44152203e-01
  -1.03367194e+00
   3.50663936e-01
  -1.54709823e+00
  -1.14564794e+00
   2.09854252e-01
  -8.31014748e-01
  -5.61169923e-01
   6.58875622e-01
  -5.85909712e-01
   1.17377727e-01
  -7.91379761e-01
   9.65118841e-01
  -2.85323682e-01
   1.58178243e+00
   1.54573440e-01
   8.49740778e-01
   7.89308774e-01
   1.99978947e-01
   2.19302085e+00
  -1.50394718e-01
  -6.64799693e-01
   3.37223637e-01
   1.20021906e+00
   5.21739946e-01
   1.19792464e-01
   3.26443350e-03
  -3.15714643e-01
   1.01885553e+00
  -1.29298165e+00
  -1.01447535e+00
   1.70632339e+00
   3.01472285e-01
  -5.96668748e-01
   6.33850438e-01
   1.01458218e-01
  -1.07317096e+00
  -9.45514802e-01
   1.63880717e+00
  -1.11990095e+00
   5.16166029e-01
  -7.83101141e-01
  -5.01997663e-01
   6.27630044e-01
   3.44721586e-01
   1.19479605e+00
  -1.80808315e-01
   4.69263753e-01
  -3.28754279e-01
   3.94032609e-01
   8.39929827e-01
  -3.98307992e-01
  -4.37524360e-01
  -2.95355035e-01
  -3.20960311e-01
  -1.57775258e+00
  -2.75926147e-01
  -1.48906909e+00
   1.97883452e+00
   1.52019364e+00
  -5.63223550e-01
   7.10366565e-01
   7.20231317e-01
  -7.01491826e-01
   1.64459246e+00
  -4.80880018e-02
   3.24576932e-01
  -4.58755799e-01
  -2.88241357e-01
  -1.59577012e+00
   8.54384703e-01
  -2.87083967e-01
   1.27449744e+00
   3.95739804e-01
   5.12651475e-01
   4.52365482e-01
  -4.72522293e-01
   8.81603805e-01
   1.60682843e+00
   2.24543711e+00
  -2.01161113e+00
  -2.89877491e-02
  -1.16263106e-01
   4.01154523e-01
   9.27356468e-01
  -9.22704283e-01
  -1.13291552e+00
  -3.73256168e-03
  -2.08920528e+00
  -2.45932024e-01
  -5.67290081e-01
   1.08852817e+00
  -9.33910041e-01
   7.06913741e-01
  -5.12239069e-01
  -6.92485187e-01
  -1.29056620e+00
  -8.15006653e-01
   5.19695122e-01
   8.97682831e-02
   6.49891797e-01
   9.49840986e-01
  -1.18824938e+00
  -7.97522210e-01
   5.53378363e-01
   2.25151491e-01
  -8.24037161e-01
  -4.45719051e-02
   1.14292634e+00
   1.78702856e+00
  -1.04405004e+00
  -2.13944801e+00
   6.80281621e-01
  -2.86202026e-01
  -6.59759894e-01
  -5.30110581e-01
  -5.99394763e-01
  -8.38038430e-02
  -2.96857863e-01
  -1.32316930e+00
  -4.12974984e-01
   3.60041901e-01
   5.82916794e-01
   1.19702704e-01
   1.20711512e+00
  -4.80307000e-01
  -7.50336743e-01
  -1.78994631e-01
  -1.18346194e+00
   2.36098397e-01
   1.27347497e-01
  -4.56846996e-01
  -1.29711014e+00
   1.01390955e+00
   7.48465515e-01
  -1.29289353e+00
  -4.40292647e-02
   4.87866782e-01
  -9.25357537e-01
   7.86398195e-01
   4.04265224e-01
   1.23847688e+00
   4.00510946e-01
  -1.70407698e+00
  -9.86696520e-04
  -3.67477979e-02
  -5.36943154e-01
  -1.83431712e-01
  -6.55761261e-01
  -7.46753911e-01
  -1.52043638e+00
  -2.06365507e+00
  -3.91085032e-01
  -1.57739974e+00
   1.33675102e+00
   5.30549418e-01
   5.70583637e-01
   9.65583299e-01
   3.79413228e-02
  -2.06857133e-01
  -1.31458418e+00
   3.66399063e-01
   2.01830736e+00
  -4.39593436e-01
  -3.82466951e-01
  -9.04109960e-01
  -2.08097264e+00
   1.49114418e+00
   7.62394813e-01
   7.36428606e-01
   9.41053345e-02
   6.61133490e-01
  -1.15644431e+00
   2.50695189e+00
  -1.26168727e+00
   6.33812790e-01
   7.06610194e-01
   1.20432791e+00
   7.44725059e-01
  -1.07363269e-01
  -6.62975204e-01
   6.85361308e-01
   2.21887417e-01
   7.89959904e-01
  -6.49060915e-01
   3.41822575e-01
   6.92845103e-01
  -6.62426292e-01
  -1.59444237e+00
   5.68302869e-01
   9.07555977e-02
  -1.67766061e+00
   2.74247193e+00
  -1.41392659e-01
   1.84319256e+00
  -6.38535255e-01
   1.59695655e+00
  -6.95431106e-01
  -6.87844125e-01
  -5.32490047e-01
  -1.20166413e+00
   4.26075745e-01
  -7.32661150e-02
   3.45946292e-02
   1.86032789e+00
   1.15468291e-01
  -6.55524188e-01
   1.78728160e+00
  -7.72410680e-01
  -6.60966921e-02
   2.96295833e-01
  -8.88972042e-02
   2.33443826e-01
  -1.07632776e-01
   1.06543174e+00
   2.89024267e-01
  -3.26762180e-01
  -3.03309091e-01
  -6.88875387e-02
   3.69424181e-01
   1.44332819e-01
   1.22656355e+00
   1.66247197e-01
   1.16278548e+00
  -7.37824147e-01
  -2.14628174e-02
  -1.85742153e-01
  -1.87310178e+00
   1.20286641e+00
  -1.11482675e+00
  -2.68848772e+00
   6.37185497e-01
  -1.66100068e+00
   6.84121095e-01
  -4.81510655e-01
   8.62429305e-01
  -7.86507927e-02
   1.11354965e+00
  -7.42056280e-01
  -6.37211762e-01
  -4.53414093e-01
  -2.15031184e+00
  -1.18209189e+00
  -6.17152383e-01
  -2.55026520e+00
   7.60331594e-01
  -2.35058804e-02
   1.17043131e+00
   8.85274671e-01
   8.00539876e-01
  -1.63975743e+00
   2.50576062e-01
   1.14964298e+00
  -1.15157968e+00
  -1.39484353e-01
   1.95855271e-01
  -1.78783565e+00
  -2.14203598e+00
  -3.33360891e-01
  -7.06127865e-01
  -3.80903094e-02
  -5.12235491e-01
   5.46189958e-01
  -1.52540446e-01
   3.00631763e-01
  -4.57879738e-01
   5.96909812e-01
   2.09586239e-01
  -7.79130477e-01
   2.04463413e-01
   1.58819951e-01
   1.34910644e-01
  -1.58423104e+00
  -2.43405901e-01
  -1.14571928e+00
  -3.23308293e-01
   3.66199752e-01
  -9.64451513e-01
  -1.66721549e+00
  -1.21004147e+00
  -4.27364681e-01
   8.32338616e-01
  -1.88194911e-02
   1.51170451e+00
   8.81894045e-01
  -7.34613481e-01
  -1.46465743e-01
   1.42523171e-01
   1.18861394e+00
  -1.58558257e-01
  -1.76764795e+00
   5.61193148e-02
   1.21622905e+00
   1.22709244e+00
   1.04495078e+00
  -6.65495941e-01
   4.51055524e-01
  -4.86115666e-01
   1.21236014e-01
  -1.10695155e+00
   2.24279497e-01
  -3.15896398e-01
   2.11082621e-01
  -2.09061818e-01
   9.74639055e-01
   3.21107316e+00
  -1.07571165e-01
  -6.91882342e-01
   5.73298290e-01
  -1.94866411e-01
   5.94835057e-01
  -5.40868317e-01
  -7.14305636e-01
   1.25926071e-01
  -5.15320813e-02
   2.96414652e+00
   1.01475235e+00
   4.39611458e-01
   1.16823067e+00
  -1.45823515e-01
  -1.56024073e-01
  -1.35452204e+00
   6.87333254e-01
   1.31217520e-01
   5.35134706e-02
   3.41113018e-01
  -4.83936721e-01
  -5.73244733e-01
   1.18325305e+00
  -2.40109043e-01
  -7.68663123e-01
  -1.25703389e+00
  -2.32546437e+00
   2.39770492e-02
   8.54285872e-01
   7.31450900e-01
  -1.44089372e+00
   1.09320134e+00
  -4.51389512e-01
  -4.82449680e-01
  -5.49431177e-01
  -1.14217245e+00
  -2.98828797e-01
   1.08986459e+00
  -1.53632315e+00
   8.84107838e-01
   5.12190779e-03
   6.12184644e-02
  -2.29979492e+00
   1.18721585e+00
  -1.18195644e+00
   1.02537979e+00
   4.48051910e-01
   8.11900704e-01
  -6.53380436e-02
  -1.70419705e+00
   2.39184907e-01
  -1.16387052e+00
   1.21823386e+00
   1.89025060e-01
   9.76214764e-01
  -1.13957578e+00
  -5.45794534e-01
  -1.85897787e+00
   2.44725387e+00
  -8.38331757e-02
   1.19725393e-01
   6.98012272e-01
   1.86560587e+00
   7.60344430e-01
  -2.91799766e-01
  -3.06967269e-01
  -2.05100084e-01
  -3.88357729e-01
   1.77471390e-01
  -2.58663009e-01
  -8.23486151e-02
   1.58265183e+00
  -1.18721536e+00
  -1.17982594e-01
  -5.93173218e-01
  -1.89097934e+00
   2.09626723e+00
  -2.59703852e-01
  -5.87066428e-01
  -5.38899732e-01
  -1.34909057e+00
  -8.16596874e-01
   9.71363394e-01
  -6.89575499e-01
  -2.16846590e+00
  -1.20494009e+00
  -1.57268490e-01
   1.61538917e+00
  -3.69936629e-01
  -1.54582573e+00
  -5.41255791e-01
  -1.30539831e+00
   1.29650426e+00
  -4.30448887e-01
  -6.77456233e-01
   1.48963138e+00
  -3.31698771e-01
  -1.71038062e+00
  -4.04486335e-02
  -2.95875307e-01
  -1.04180202e-01
  -2.79100749e-01
   1.05279436e+00
   5.85868503e-01
   1.13133326e+00
   6.64431040e-01
   2.74559974e-01
  -5.25667516e-01
  -6.43748694e-01
  -5.80786959e-01
  -3.03856742e-01
  -3.75811013e-01
  -3.74833105e-01
   2.82939595e-01
   1.18097427e+00
   2.66565263e-01
  -8.97415184e-02
  -1.88918915e+00
  -3.95677837e-01
   3.20829804e-01
  -1.01453741e+00
   7.96754707e-01
  -7.66179706e-01
  -1.22822042e+00
   7.23740858e-01
  -9.43505797e-01
  -3.62212834e-01
  -1.69022176e+00
   2.96825446e-01
   2.99749267e-01
  -1.96539388e+00
   4.45734863e-01
   1.02530632e+00
  -8.55711277e-01
  -2.05811730e+00
  -1.94426698e-02
   1.04033378e+00
  -4.56055405e-01
  -7.43703898e-01
   1.99996370e+00
  -6.71847314e-01
  -3.75207939e-01
  -4.73218171e-01
  -3.66067447e-01
   5.68842874e-03
   3.43368669e-02
   1.70279715e-01
  -7.77918242e-01
  -9.21343933e-01
  -1.11487780e+00
  -7.27627123e-01
  -3.85690025e-01
   1.17893012e+00
  -4.39056996e-01
  -2.25666830e+00
  -2.12748923e-01
  -6.63325818e-01
  -8.23898338e-01
   5.19206069e-01
  -1.28631029e+00
  -6.60746160e-01
  -2.83541931e-01
   2.17825359e+00
   9.08042922e-01
  -1.30129545e+00
   2.10901032e-01
  -1.79982957e+00
  -1.86651798e+00
   1.94120824e+00
  -1.28561063e+00
  -3.37565693e-01
  -3.03103738e-01
  -1.00648691e+00
  -8.69662341e-01
   1.62205703e+00
   6.32895121e-01
  -2.32181842e+00
   1.62011461e+00
   8.99841607e-01
  -1.11711229e+00
   6.46071895e-02
   2.58778680e-01
   6.10339342e-01
  -3.10826293e-01
   1.77001190e+00
  -1.49372279e+00
  -1.87040620e+00
   1.11880483e-01
   2.40882955e-01
   2.54895129e-01
  -9.81604753e-01
   1.26494389e+00
  -1.26126175e+00
  -1.60014065e-01
  -2.16825772e+00
  -1.29049586e+00
  -5.35650345e-01
   2.06997621e-02
  -5.94882651e-01
   3.47900427e-01
   7.96096939e-01
  -3.61464229e-01
   4.95205388e-01
  -1.40315544e+00
   2.02066136e+00
  -3.73203106e-02
  -1.35092913e+00
  -3.66747364e-01
  -2.43144967e+00
  -6.84973142e-01
  -5.20544308e-01
  -1.19978123e+00
   4.31474817e-02
  -2.16055815e-01
   5.24485241e-01
  -7.56762146e-01
   2.48692066e-01
   3.24960829e-01
   3.86836625e-01
  -1.64090414e-01
   3.70142494e-01
  -7.92114954e-01
  -1.07930155e+00
  -7.14063899e-01
  -7.79263029e-01
  -6.09660893e-01
   3.26892384e-01
   1.83390457e+00
   8.37813359e-01
   4.71535067e-01
   2.68914447e+00
  -1.46569777e+00
   1.11247425e+00
   4.42937237e-01
  -7.79710372e-01
   8.69978638e-01
   1.53129366e+00
   5.54877737e-01
   6.36873945e-02
  -3.96411940e-01
   1.67872887e+00
   2.27117890e-01
  -5.60298215e-01
   1.09565256e+00
   3.80854153e-01
  -3.73476561e-02
   1.27602805e+00
  -1.21055935e-01
   5.16071725e-01
  -5.75279120e-01
  -6.63190560e-01
   1.62092431e-02
   1.10206014e+00
  -6.50877524e-01
  -9.42039344e-01
   5.52717332e-01
   1.13629088e+00
  -3.48512363e-01
   6.50716085e-01
  -2.90340308e+00
  -9.61043732e-02
   3.07493440e-01
  -8.18763378e-01
   1.39864223e+00
  -1.90041077e-02
   4.47852622e-01
   5.39658117e-01
  -6.61757879e-01
   7.80115837e-01
   6.12720096e-01
   4.26638596e-01
  -5.27739636e-01
   9.47355001e-01
   4.52162140e-01
  -1.45977566e+00
   2.11262906e-02
  -7.04100854e-01
  -1.45440682e+00
   1.44633197e+00
   4.32172076e-01
   1.15521191e+00
  -3.03561859e-01
   1.52102313e+00
  -1.30309552e+00
   1.32366713e+00
   5.19850404e-01
   9.12562196e-02
   7.30209411e-01
   3.70527483e-01
  -2.07745563e-01
  -5.95636720e-02
  -2.05371257e+00
   1.70240062e-01
   1.06017245e+00
   4.69642485e-01
  -1.98409830e-01
   7.54869280e-01
  -9.81872855e-01
   2.22165376e+00
   5.87130563e-01
   3.06974230e-02
  -1.19661376e+00
  -2.43836990e-01
   9.45707523e-01
  -6.08590900e-01
   1.00831441e+00
  -2.68610935e-01
  -7.16857578e-01
   1.75219280e+00
  -1.11318749e+00
  -1.51338040e-01
  -7.16554347e-01
   3.16575070e-01
  -7.28583464e-01
  -1.35686927e+00
  -1.35859965e+00
   1.98761150e+00
   8.42559472e-01
  -3.34054797e-01
  -9.42455636e-01
  -6.70809373e-01
  -7.49518012e-01
   1.84323282e+00
   8.64016589e-01
  -5.09668280e-01
  -6.48443001e-01
   1.09454559e+00
   1.97436916e+00
  -1.53093717e+00
  -8.78270481e-01
  -4.50440919e-01
   1.72637874e-01
  -2.26676218e-02
  -1.14760710e+00
   1.41416360e+00
  -2.95688859e-01
  -1.63938334e+00
  -1.41188308e-01
  -8.11375197e-01
  -1.11819680e+00
   3.97664222e-01
  -3.63813124e-01
  -3.19440586e-01
  -8.05587688e-01
  -5.17643658e-01
   2.10218362e+00
   3.57181110e-01
   2.50449409e+00
   1.35755582e+00
   3.13429967e-01
  -9.04032438e-01
   2.28050177e+00
  -9.16335997e-01
  -2.19488245e+00
  -2.90505305e-01
  -7.42283275e-02
   2.00874825e-01
  -1.29832396e+00
  -3.86569711e-01
  -1.44091911e-01
   5.76557083e-01
   8.77378928e-01
  -9.92701725e-01
  -1.17372727e+00
  -5.04078791e-01
   1.22825933e+00
   1.58512951e+00
   9.32478184e-02
  -5.95303503e-01
  -8.55581259e-01
  -2.46193690e-01
  -1.14996832e-02
   5.46684910e-01
  -9.25726285e-01
  -1.30453480e-01
  -1.70582815e-02
   2.91070104e+00
  -2.62212307e-01
  -1.39941598e-01
  -1.61127833e+00
  -4.34864915e-01
   2.33477884e-01
   1.78697815e+00
   7.95990290e-01
   3.75603518e-01
   6.50802915e-01
  -2.93744626e-01
  -1.96829098e+00
  -1.95984643e+00
   2.89421372e-01
   1.39658612e+00
   1.12186340e+00
  -1.51273128e+00
   1.21121957e-01
  -1.40143531e-01
   7.04551171e-01
  -2.57051327e-01
   8.48592383e-01
   3.52550353e-01
  -1.29019526e-01
   1.51177100e+00
  -7.04146071e-01
  -8.68139379e-01
   9.57026727e-01
   1.52937593e+00
   6.75100671e-01
  -1.32772020e+00
  -2.37931300e-01
  -1.06554498e-01
  -6.15924813e-01
   1.68894518e-01
  -4.08615156e-01
  -1.19059816e+00
   1.00166972e+00
   1.04733615e+00
  -9.13654656e-01
   1.43534909e+00
   5.08038595e-01
   4.12851968e-01
   5.10731047e-01
  -1.47773225e+00
   1.02914466e-01
  -7.55328932e-01
  -7.58932428e-01
  -8.71010971e-01
  -9.43414402e-01
   1.84601525e+00
  -2.80524053e+00
  -1.26466733e-01
  -6.42318327e-01
  -1.77127130e+00
   5.87184527e-01
   5.89132859e-02
  -6.76478182e-01
  -3.64565397e-01
   1.91689318e+00
  -9.86239777e-01
   2.20682497e-01
   5.20756339e-01
   7.91568349e-01
  -5.16252817e-01
  -9.77642137e-01
   8.61394983e-01
  -4.71014820e-01
  -6.67313286e-01
  -3.61882986e-01
  -6.79124564e-01
  -2.43962705e-01
  -1.66793926e+00
   1.88577342e+00
   1.41283431e+00
   3.53769686e-01
   1.09338386e+00
   1.09725252e+00
   3.58900944e-01
  -8.05558897e-01
   2.14097336e-01
   1.32656629e+00
   9.09194336e-01
  -7.67502888e-02
   8.68672103e-01
   2.61969028e-01
   7.57695991e-01
   3.75748405e-01
  -8.85647048e-01
  -6.50955507e-01
   1.53088205e+00
   3.88861366e-01
   1.18192725e+00
  -1.71795978e-01
  -3.07561575e-02
   1.21259664e+00
  -1.91375819e+00
  -8.73233255e-01
   6.04455611e-01
  -1.12880778e+00
  -8.17360514e-01
  -7.76790464e-01
   6.24954764e-01
   4.64320746e-01
  -3.32395477e-01
  -9.18665132e-01
   2.07901887e+00
   7.37309843e-01
  -1.96846086e-01
  -9.52138594e-01
  -5.41492288e-01
  -5.47979439e-01
   8.74570863e-01
  -2.83418506e-01
   5.09799123e-01
   1.23928170e-01
   1.88173724e+00
   8.89000678e-01
  -2.95720869e-01
  -1.11162066e+00
   2.26640205e-01
  -1.34881216e+00
   2.47689233e-01
  -6.10252710e-01
   3.01788387e-01
  -2.71778802e-01
  -1.24707628e+00
   1.10630806e+00
   5.20879380e-01
   1.78629637e-01
  -8.35174354e-01
   7.33678593e-01
   5.44969466e-01
  -4.40196621e-01
  -1.50881186e+00
   1.17145204e+00
  -8.32408160e-01
  -1.06595590e+00
  -4.71980904e-01
   2.40610256e-01
  -6.72887909e-01
   7.72810969e-01
   4.05314679e-01
  -4.69984546e-01
   1.13623340e+00
  -4.02823765e-01
  -7.51670835e-01
  -9.04665097e-01
  -4.00927483e-01
   1.28467542e+00
  -1.71775232e-01
   1.59342545e+00
   1.25000832e+00
  -1.99307312e+00
   1.40426887e-01
  -4.58892803e-01
  -6.25167448e-01
   1.18661093e+00
   8.27694217e-01
  -2.46609272e-02
  -1.30228114e+00
   3.40275409e-01
   2.18425285e+00
  -3.27039298e-01
   1.01784754e-01
  -1.82363770e-01
   2.08737338e-01
   2.47031172e-01
   3.38954561e-01
   1.50228387e+00
   9.96080337e-01
  -9.88303283e-01
   1.06411108e+00
   3.13448488e-01
   3.54916111e-01
   6.74794579e-01
   6.31916157e-01
   6.06578902e-01
  -3.25448130e-01
  -1.49101762e+00
   1.77172326e+00
   1.56986243e+00
  -1.43080214e+00
   2.92796193e-01
  -1.00984002e+00
   1.16858023e-01
  -4.80809818e-01
  -1.57503263e+00
  -1.60897630e-01
  -6.83485008e-01
   9.53484130e-01
  -1.85671528e-01
  -1.19515901e+00
  -6.95125437e-01
   9.30277096e-01
  -4.20503908e-02
  -8.62818737e-01
   1.26273205e+00
   9.45202413e-01
   2.47705898e-01
  -2.96183164e-01
   1.72615913e+00
  -3.18783636e-01
   2.63988357e-01
  -9.58639465e-01
  -1.10937097e+00
   5.79421194e-01
   1.87191516e-01
  -6.61136303e-01
  -8.01613243e-01
   9.68175181e-01
  -8.55726486e-01
  -1.39520121e-01
  -1.46022824e+00
   9.62197985e-01
  -1.82309249e+00
   2.62022306e-01
  -1.00334450e+00
   3.41187222e-01
   2.73890955e-01
   1.08623385e+00
   5.10110343e-01
   9.01911128e-01
  -1.56612039e+00
   9.43060750e-01
  -7.21365129e-02
   1.32646471e-01
  -1.80186759e+00
   2.90100494e-02
  -3.76774013e-01
   1.27497477e+00
   1.09100934e+00
   9.31049972e-01
  -1.74968067e-01
  -2.07404963e+00
   1.15701651e+00
   5.84582664e-01
  -1.47126838e+00
   2.83317574e-01
   3.50927888e-01
   4.63322172e-01
   1.22571566e-01
   4.71645378e-01
  -4.52818674e-01
   2.33770593e-01
  -6.17755807e-01
  -2.84750459e+00
   1.48711102e+00
   7.22316802e-01
   8.10938459e-01
   1.00806212e+00
   2.96271077e-01
   5.72517152e-01
   1.36905128e+00
  -1.32993358e+00
   4.93007239e-01
   1.16834937e+00
  -3.12620604e+00
  -1.36601740e+00
   5.58342873e-01
  -8.38210296e-01
   1.38909953e+00
  -2.65922511e-01
   9.55598635e-01
  -1.28194612e+00
   1.00024471e+00
   5.15328671e-01
   4.46156878e-02
  -5.05661432e-01
  -2.84292876e-01
   1.19385156e+00
   1.65136266e-01
  -2.18289324e-01
   1.13258279e+00
   1.74564026e+00
   9.00060742e-01
   7.60277578e-01
   5.01767847e-01
   1.20823110e+00
  -1.63661923e-01
  -4.08122306e-01
  -8.41083757e-03
   8.62972468e-01
  -4.38421254e-01
  -2.79999754e+00
   6.95388213e-01
   9.69082523e-02
  -6.15075456e-01
  -6.03109522e-01
   4.08114562e-01
   1.39786191e+00
   5.48374319e-01
  -3.38511277e-01
   2.26627539e-01
   7.90887199e-01
  -1.67891453e+00
  -2.11398344e+00
  -5.79397911e-01
   1.77045298e+00
  -1.08692218e+00
  -1.45904990e+00
  -6.52963088e-01
   6.19949953e-01
   1.15268878e+00
  -1.70708932e-01
  -7.30608002e-01
   1.69433343e+00
   1.07247779e+00
  -4.72371063e-01
   1.74715680e-01
  -1.61870661e-01
   1.40136726e+00
  -1.39415086e-02
   4.38494413e-01
  -1.65504769e-01
  -1.02041901e+00
   8.94582475e-01
  -9.80513272e-01
  -8.09652357e-01
  -1.01019634e-01
  -1.64690832e+00
   6.22973660e-01
   2.63253451e-01
  -9.48743622e-01
   1.56113026e-01
  -3.98975843e-03
   1.48582549e+00
  -8.26037594e-01
   1.39768569e+00
   1.55365154e+00
  -7.91774024e-01
   5.27478249e-01
  -2.83008862e-01
  -2.25127748e+00
   1.42479380e+00
  -5.07422051e-01
  -1.48980192e+00
  -7.99141076e-01
   4.13697082e-01
   2.89131450e-01
  -8.15854368e-01
  -6.73522860e-01
  -2.83144316e-01
  -2.79210626e-01
  -4.13079331e-01
  -9.09970101e-01
  -1.82203516e+00
   3.56937776e-01
   5.20895824e-01
   7.80620300e-01
  -1.15602274e+00
   1.76165927e-01
   6.29848607e-01
  -7.62922893e-01
  -1.78554485e+00
  -1.21753746e-01
   4.93031853e-01
   1.66489311e+00
  -2.16795632e-01
  -5.29010320e-01
   7.04277132e-01
   1.25749797e+00
  -5.17768630e-01
  -6.61944925e-01
  -9.85802421e-01
   1.40306965e-01
   5.10770782e-01
  -2.44914605e-01
  -9.48569155e-01
  -7.07418770e-01
   7.54967027e-01
  -7.68363962e-01
  -4.74403035e-01
  -3.15126961e-01
   1.78229395e+00
  -8.66755832e-01
   8.01380763e-01
   7.08417876e-01
  -6.19182108e-02
  -1.36112892e+00
   5.26606134e-01
   2.60154289e-01
   1.59289791e+00
  -1.12409349e+00
   6.54340959e-01
   1.67602528e+00
  -1.03199287e+00
  -1.26645134e+00
  -2.39377869e-01
   1.10537394e+00
  -1.12055019e+00
   1.33330241e+00
   1.09925437e+00
  -9.02592221e-01
   2.62368378e-01
   1.01965810e+00
   2.26349217e-01
  -2.86509323e-01
  -2.67879185e-01
   8.45337276e-01
  -1.53682186e+00
  -6.57333040e-01
  -7.83916357e-01
  -1.28337291e+00
  -8.94740645e-01
  -3.79853251e-01
  -5.06336265e-01
  -3.17294981e+00
   5.34716091e-02
  -4.25449185e-02
  -9.46436293e-01
  -9.67616846e-03
   2.01962671e+00
   9.74521791e-01
   4.48103674e-01
  -2.19138635e+00
   2.11503142e+00
   7.58424957e-01
   6.06121920e-01
   2.10923476e+00
   1.73823584e+00
  -6.77694577e-01
  -1.02939486e-01
  -6.05836965e-01
  -1.10509231e-01
   3.11082206e-01
  -3.88058127e-01
   9.83562173e-01
  -1.30282982e+00
   9.51086306e-01
  -2.57477632e-01
  -1.27192156e+00
  -4.88654433e-02
  -5.61066278e-01
   1.45458045e+00
  -1.77255153e+00
  -3.74388204e-02
  -9.73538274e-01
  -8.31679506e-01
  -1.77824517e+00
   5.90481805e-01
  -2.59126021e-02
  -9.55923176e-01
  -8.83734898e-01
   3.19860794e-01
   9.16986716e-01
   1.04673050e+00
  -8.89413855e-01
  -3.22228281e+00
  -4.32348841e-01
   3.22560209e-01
  -9.19324622e-01
   1.01009139e+00
  -1.93365197e-01
  -3.89176227e-01
   1.02910121e+00
   7.42204491e-01
  -8.06863279e-01
  -3.58615697e-01
  -7.41653344e-01
  -1.10930518e+00
  -3.72713829e-01
  -1.21613640e+00
  -8.45337743e-01
   8.93004633e-01
  -7.63254174e-01
  -4.57309460e-01
   8.88673559e-01
  -6.87567751e-01
  -4.80435881e-01
   2.90762136e-01
   6.72197533e-01
   1.40767850e+00
   1.29896935e+00
  -3.52127387e-01
   4.29332598e-01
   4.88512947e-01
   1.33691938e+00
   5.61975319e-01
  -2.33186861e-01
  -8.27723735e-01
  -1.27117414e-01
  -1.21975482e+00
   5.12673421e-01
   5.74324453e-01
  -2.81495968e-02
  -6.28592936e-01
  -6.04392353e-01
  -1.40303074e+00
   1.19084649e+00
  -1.03865358e-02
   2.99995843e-01
  -8.56363532e-01
  -1.60315289e+00
   4.91791440e-02
   2.77335870e-01
  -1.43912698e+00
  -6.69596622e-01
  -5.81311354e-01
   1.92131494e+00
  -1.24255640e-01
  -1.15404001e+00
  -1.13645220e+00
  -5.24632051e-01
  -1.19739381e-01
  -1.17688536e-02
   7.18359075e-01
   8.69907571e-01
   3.29434881e-01
  -4.80630111e-01
  -2.29252434e+00
   2.99356922e-01
   2.03196309e+00
   1.56333596e-01
   1.28860774e+00
   6.65145384e-01
  -8.42244224e-01
  -2.35094086e-01
  -4.64797183e-02
   6.38038713e-01
   4.42810345e-01
  -4.21445304e-01
   1.74434683e+00
  -3.07155539e-01
  -6.27323284e-01
  -1.39508695e+00
   1.77803344e+00
   1.85015382e-01
  -1.34606920e+00
   6.14125781e-01
   1.28089439e+00
   5.22388230e-01
   1.36399529e+00
   1.33510386e+00
  -4.93362967e-01
  -1.63047315e-01
   8.14547715e-01
   6.15031975e-01
   1.83789041e+00
  -1.76262032e+00
  -8.10049853e-01
   4.74174979e-01
   1.30184578e+00
  -1.40029337e+00
   2.14641237e+00
   8.39836067e-01
  -1.04982310e+00
  -6.07620117e-01
   3.62763505e-01
  -1.59395267e-01
   1.84739197e-01
  -2.40334068e-01
  -1.08060342e+00
   1.14511261e+00
  -1.57618400e+00
   4.97070144e-01
  -3.17148097e-02
   1.86346817e+00
   7.43069463e-01
  -1.17377821e-01
   1.32541257e-01
  -3.27379250e-01
  -1.79460935e+00
   1.82270271e-01
   1.17436497e+00
  -4.88454645e-01
  -6.86132354e-01
   1.59539599e+00
   9.54285663e-01
  -1.00249213e+00
  -2.91122886e-01
  -1.45039211e-01
  -5.91694313e-01
  -7.83557741e-01
  -4.81417350e-01
   5.81877810e-01
  -6.03977387e-01
  -1.18709812e+00
  -1.96370349e-01
   9.04545417e-02
   7.81706846e-01
   1.95185428e+00
  -1.17984231e+00
  -1.59810415e+00
   3.46610673e-01
   1.06718367e+00
  -1.16075147e+00
  -4.82238822e-01
  -1.48483193e+00
  -6.67219148e-01
  -3.08141893e-02
  -5.28452902e-01
   6.64872235e-01
   3.18348695e-01
  -5.25508747e-01
  -1.22739324e+00
   8.49619836e-02
  -6.58530602e-01
  -5.80694678e-01
  -7.92482162e-01
  -6.91610912e-03
   5.52523041e-01
   1.13426022e+00
  -1.58315595e+00
  -1.17825042e+00
  -1.07868565e+00
  -1.07332234e+00
  -1.36058604e+00
   1.83152241e+00
  -1.01733434e+00
  -5.28836024e-01
   1.13916943e-01
   1.48392209e-02
  -1.44855849e+00
   1.22596451e+00
  -1.00868857e+00
   7.49301791e-01
  -5.68182435e-01
  -1.39189868e+00
  -2.18634308e+00
   6.41708199e-01
  -5.92552299e-01
   1.22581077e+00
  -5.62556994e-01
   9.98275311e-01
  -1.14804081e+00
  -2.08168392e+00
  -1.46542568e-01
   4.31076849e-01
   3.86082249e-01
   2.71993610e+00
  -3.89730467e-01
  -8.37054404e-01
  -1.45010070e+00
   1.46334582e-01
  -2.86600873e-01
   7.15776495e-01
  -2.52778024e-01
  -1.13561102e+00
   2.20523839e-01
   5.54380771e-01
   7.46037561e-01
   3.17930166e-02
  -5.72235640e-01
  -7.24486760e-01
  -7.88124294e-02
  -1.29652442e+00
   1.15261117e+00
   6.59553856e-01
   7.90228323e-01
  -9.70387034e-02
  -2.25294741e-01
  -2.43923389e+00
  -5.73412467e-02
   2.15762451e+00
  -8.03418727e-01
   1.32457975e+00
   1.78869501e-01
  -2.21387598e-01
   4.30343229e-01
  -4.76536890e-01
   1.14685623e+00
   5.55176686e-01
  -1.35087900e-01
  -1.58509236e+00
  -6.81322980e-01
   1.78283158e-01
  -5.03857719e-01
  -3.54050056e-01
   9.25954207e-02
  -3.58554160e-01
   1.33133931e+00
   7.19222469e-02
   2.95216596e-01
   2.92714939e-01
   1.14357774e-01
   1.62312786e+00
   1.29203486e+00
   1.58187779e-01
  -4.75355921e-01
   5.13280408e-02
   4.22261971e-01
   1.41908143e+00
   3.30592747e-01
   1.72270150e-01
  -2.00986454e+00
  -5.90015143e-01
   4.34063792e-01
   4.10951874e-01
  -1.42593729e+00
  -2.46278988e-01
   1.44896073e+00
   6.89204749e-01
  -6.77517695e-01
  -1.16690861e+00
   9.50170198e-01
  -5.69926658e-02
   1.08153399e-01
  -7.60479341e-01
  -1.53984269e+00
  -1.64985150e+00
   9.94691860e-02
  -8.10319631e-01
   1.02527266e+00
  -7.50305747e-01
  -4.67126222e-01
  -6.32010180e-01
  -9.26707080e-02
  -1.11879464e+00
   5.01275843e-01
  -3.94618325e-01
  -7.72800855e-01
  -3.95600958e-01
  -1.54004297e+00
  -3.25303853e-01
   8.92111775e-02
  -1.99469092e+00
  -1.11594346e-01
   4.50697685e-02
  -3.90129855e-01
  -4.63282574e-01
   5.55832975e-01
  -1.16842674e+00
   2.72258492e+00
   1.57428917e+00
   1.62716485e-01
   1.26261484e+00
  -4.95473528e-01
  -5.63364865e-01
  -4.74309045e-01
   2.23649669e+00
   2.76541868e-01
   2.53077913e-01
  -5.65983211e-01
   2.11679150e-01
   4.40948232e-01
  -5.43869475e-01
  -1.46214510e-01
   6.33216044e-01
   9.07531848e-01
   8.77546590e-01
  -1.40921793e+00
  -3.14428023e-01
   1.59563803e+00
  -2.97102709e+00
   1.35447154e+00
   1.75050556e-01
  -4.13163781e-01
   3.21325559e-01
   1.60065151e+00
   5.85139586e-01
   1.40264082e+00
   1.10968062e-01
   6.94441498e-01
   9.83710197e-01
  -5.42884658e-01
  -6.63557688e-02
   1.74923247e+00
   6.77772491e-01
  -8.66280477e-01
   1.14894430e+00
   4.71595461e-01
  -5.24034805e-01
   1.99443616e-01
   2.60363582e+00
   9.56133741e-01
   9.09937330e-02
   1.06731443e+00
  -1.07445358e+00
  -4.48148278e-01
  -2.15882778e+00
   5.71333200e-02
  -9.98914783e-01
  -2.86873592e-02
   9.02652548e-01
   1.08100650e+00
  -5.81033514e-02
  -3.70680037e-01
   1.56213364e+00
  -1.67481494e+00
   9.53921650e-01
  -4.18857394e-01
  -1.03458877e+00
  -1.87723809e-01
   1.60451355e+00
  -1.06019465e+00
   1.05506720e+00
  -2.47055792e+00
  -5.83573124e-01
  -8.08707474e-01
   2.67084284e-01
  -8.78097945e-01
  -1.39231322e+00
  -4.19474599e-01
  -1.08362331e+00
  -8.57305938e-01
  -1.87107147e-01
   2.15106151e+00
  -5.99361706e-01
   2.17678937e+00
   6.60570694e-01
  -1.30111837e+00
  -4.26297284e-01
   2.47344045e+00
  -5.81023584e-01
   9.71177687e-02
   6.23575861e-01
  -1.99680738e+00
  -7.52541008e-02
   4.21303610e-01
  -2.18764815e-01
   6.50394088e-02
   6.53135296e-01
   2.30273694e-01
   2.84741592e-01
   1.14166127e-02
  -8.67697588e-01
  -7.10593802e-01
   1.34259846e+00
   1.30960243e+00
  -1.49733080e+00
   1.41590028e+00
   4.18749703e-01
  -1.04944712e+00
   2.58182738e-01
  -4.34063234e-01
  -3.94632942e-01
   3.34951447e-01
   3.22705837e-02
  -1.41302421e+00
  -8.36025452e-01
  -1.33902410e+00
   2.70001741e+00
   6.87066076e-01
   6.28439936e-01
   1.09547327e+00
  -3.08607760e-01
  -2.05921896e+00
  -1.58531743e+00
  -1.34574807e+00
  -5.51103836e-01
   4.15609490e-01
  -7.35760440e-02
  -1.94313349e-01
  -1.01691019e+00
   1.55456840e+00
  -5.31437243e-01
   1.40285403e+00
   8.87551597e-01
   5.19753079e-01
  -1.19797619e-01
   5.33228232e-01
  -1.97753402e-01
   3.39369273e-01
  -3.68129008e-01
   2.33138506e-01
   1.17815132e+00
  -1.08033392e+00
   1.30741819e-01
  -7.80876105e-01
   1.61734312e-01
  -8.25234217e-01
   1.31079951e+00
   1.61852171e+00
  -2.66720441e-01
   3.41505108e-01
   8.64521560e-01
  -1.32184218e+00
  -5.28923816e-01
   1.04122159e+00
  -1.03792803e+00
   4.72250842e-01
  -5.04826109e-01
  -1.35015250e+00
  -3.46733635e-01
  -1.73100918e+00
   9.15857207e-01
   6.51565104e-01
  -2.20774801e+00
   5.90092289e-01
   1.35607149e+00
   5.82670560e-01
  -8.45042525e-01
   8.25765929e-01
  -5.73961434e-01
   1.07916889e+00
  -9.46877700e-01
   1.17110061e+00
   1.79061787e+00
   2.00560754e+00
   8.55898647e-01
   5.95645939e-01
   7.90582890e-01
  -1.52885545e-02
  -7.05230915e-01
   1.82054109e-01
   2.17746752e-01
   1.07166327e+00
   1.51735193e+00
   3.73327243e-01
   2.13145261e+00
   9.75225344e-01
   5.27857642e-02
   8.51077145e-01
  -7.53751755e-01
   4.22614175e-01
  -2.16445776e-01
   9.42941449e-02
  -1.04957938e+00
  -1.80469134e+00
   7.95507996e-02
   8.46486318e-01
  -9.35708693e-01
   9.12631028e-01
   9.01487062e-01
  -2.48760533e-01
  -1.11363715e+00
  -1.21224623e+00
   5.27309223e-01
   2.05145478e-03
  -7.71115437e-01
   2.95721359e-01
   8.18488026e-01
  -5.44798329e-01
  -3.51032532e-02
   4.08644733e-01
  -2.40716494e-02
  -5.32707297e-01
  -4.69792526e-01
  -1.29708331e+00
   5.28951926e-01
  -6.44262710e-02
   8.36980666e-01
   1.61394107e-01
  -8.89168033e-01
  -8.18216178e-01
  -1.72246150e-01
   1.00877497e+00
   6.08002465e-01
   7.72423492e-01
   1.20446757e+00
  -7.19141512e-01
   1.40556052e-01
   8.56466952e-01
  -9.74729217e-01
  -5.16877598e-01
  -3.49802355e-01
   1.11902244e+00
   2.56565893e-01
   8.85132187e-01
   2.48190864e-01
  -1.23926847e+00
   1.26352502e+00
   2.23993539e-01
   2.02019924e+00
  -1.44727678e+00
  -1.32361128e-01
  -3.16048731e-01
   4.73225614e-01
  -5.02820148e-01
  -1.57051267e+00
   4.40294493e-02
  -1.52820127e+00
  -1.53724813e+00
  -5.25979170e-01
   2.41593675e+00
  -7.15499414e-01
  -1.49430174e-01
   1.52715957e+00
   8.87434303e-01
  -1.36967379e+00
   4.57845296e-01
   4.56511199e-01
   9.29215252e-01
   2.92965944e-01
   8.78164846e-01
   4.66098290e-01
  -6.64052091e-02
   4.87852732e-01
   1.28227332e+00
   4.04598379e-02
   2.32573131e+00
   7.28959368e-01
   3.87946990e-01
  -7.64461431e-01
   5.09169390e-02
  -5.31776405e-01
   4.27643589e-02
   4.43554817e-02
   2.15205121e-01
  -1.04824457e+00
   2.08513971e-01
   7.61238760e-01
  -3.17156896e-01
   1.10454197e-01
   2.78513918e+00
  -4.01066926e-01
  -4.12595384e-01
  -9.89618589e-01
  -9.82559939e-01
   7.86396884e-01
   5.56377898e-01
   1.74044833e-01
   2.14106976e+00
  -5.62728030e-01
  -1.77989110e+00
  -7.45296384e-01
  -1.03575178e+00
   1.57915792e+00
   8.22574001e-01
  -8.17480700e-01
   1.74895551e+00
   7.25378322e-01
  -9.61591693e-01
  -1.19700421e+00
   2.23900747e+00
   1.37942579e+00
  -5.25276966e-01
  -3.84033640e-01
  -3.82897483e-01
   6.60614933e-01
   6.41813978e-01
   1.22504795e+00
   2.27669296e+00
   3.21291731e-01
   9.02694874e-01
  -1.50990620e+00
  -1.14459129e+00
  -3.61507627e-01
  -1.49057763e-02
  -6.73415814e-01
   1.06785444e+00
   1.97570050e-01
  -9.69786409e-01
   5.53770388e-01
   1.19519949e+00
  -3.97700717e-01
  -8.19669006e-01
   3.85775134e-01
   2.10764604e-01
   2.21398617e+00
   8.82876625e-01
   9.42531671e-01
   1.08738932e+00
   2.64669325e-01
  -1.60813589e+00
   6.84784312e-01
  -9.32559154e-02
  -2.46710328e-01
   4.86629240e-01
  -1.62529279e+00
  -1.19882918e+00
  -3.31662100e-01
   1.35672004e+00
  -2.78328359e-01
  -1.48059962e-01
  -7.58482697e-01
   2.41060290e-01
   9.53232156e-01
  -2.11322705e+00
  -1.50224962e+00
  -3.98963451e-01
  -4.77820761e-01
  -2.08741148e+00
   2.61674603e+00
   6.68993106e-01
  -9.14448543e-01
  -5.63149297e-01
  -4.70142083e-01
   4.50586718e-01
   1.74178918e+00
  -1.08723067e+00
   3.57913343e-01
  -1.09918312e+00
   2.46881071e+00
  -5.82014773e-01
   5.14573919e-01
  -2.36673962e+00
  -6.58145442e-01
  -6.08151713e-01
   1.00596015e+00
  -1.08212900e+00
   2.38338726e-01
   4.75894048e-01
  -8.80385437e-01
  -6.80176888e-01
   1.07511676e+00
   4.79888361e-01
   7.45155226e-01
  -1.50380629e+00
   2.53855633e+00
   3.76917556e-01
   3.29758841e-01
   1.47018437e+00
  -5.03059494e-01
  -1.10414063e+00
   5.13976352e-01
   8.78404837e-01
  -4.73827092e-01
  -1.30897612e+00
  -6.44189547e-01
  -3.95201132e-01
  -1.01347012e+00
  -2.29308247e-01
   7.55029299e-01
  -1.53035854e+00
  -2.37100963e-01
  -5.35711102e-01
  -7.37795595e-01
   2.32421243e+00
   6.94698134e-01
  -2.00954358e+00
   2.37615325e+00
   8.32968935e-01
  -3.36837409e-01
   3.29020241e-01
  -2.43268002e-01
  -6.99589942e-01
   9.99520442e-01
  -2.39853592e+00
  -1.18585779e+00
   1.10411486e+00
  -1.83035966e+00
   1.81243701e+00
  -5.46971284e-01
   1.12464370e+00
  -2.44367301e+00
  -1.03119876e+00
  -1.44699066e-01
  -5.20869108e-01
   5.43552676e-01
   1.48338666e+00
   4.49532816e-01
   8.20876013e-01
  -1.45005715e+00
  -8.84599863e-01
  -1.35273923e-01
  -1.42324101e-01
  -1.57767569e+00
   6.04577579e-01
   7.40201908e-01
  -1.71176768e-01
  -6.92033907e-01
   1.20486109e+00
   7.73514085e-01
  -1.13694733e+00
   9.27916311e-01
   8.55111116e-01
   1.64213486e+00
  -7.87741331e-01
   1.13233945e+00
   3.79373526e-01
  -1.10178828e+00
   1.13574445e+00
  -1.24982455e+00
   5.76484356e-01
   3.11706928e-01
   6.48337049e-01
  -1.29276806e+00
  -7.61190846e-01
   1.20705642e+00
  -2.09428537e+00
  -2.46239223e-01
   6.41080607e-01
   1.02506651e+00
   1.74109381e-01
  -8.47778290e-01
   2.53451255e-01
  -1.38716616e+00
   2.04300154e-01
   1.17494509e+00
   3.12816896e-01
  -1.21229027e+00
  -1.16299103e+00
   1.21640147e+00
   1.45350962e+00
   1.56692856e-01
   3.06456683e-01
  -6.53357203e-01
   1.59869241e-01
  -1.89361094e+00
   1.26293117e+00
  -3.32403977e-01
   2.48271642e-02
  -2.89024747e-01
  -1.80207138e+00
   1.99487093e-01
   6.77539609e-01
  -2.05882479e+00
   2.61871819e+00
   3.01047309e-01
  -1.49661982e+00
  -1.35930252e+00
  -1.51340678e+00
  -1.14390247e+00
   1.28469358e+00
  -3.46509098e-01
  -2.42152222e-01
  -2.16358786e-01
   2.38523590e+00
  -1.73775338e+00
   9.03056385e-01
  -1.70609414e-01
  -5.08611345e-02
   1.41226196e+00
  -7.49753883e-02
   1.54213040e+00
   1.62693747e+00
  -3.23279465e-01
   1.94143067e-02
  -5.77496704e-01
   2.40219394e-01
  -1.43016660e+00
   1.27313252e-01
  -1.11571109e+00
   7.62438760e-01
   4.10980745e-01
  -1.33926564e+00
   4.05093036e-01
   9.99611494e-01
  -3.77523001e-01
  -2.29459891e+00
  -8.99806830e-02
   8.36505939e-01
   1.89048154e-02
   8.53733948e-01
   1.01787947e+00
   1.65440523e+00
   7.93803538e-01
   2.76092791e-01
  -5.24596911e-01
   1.92587080e-01
   1.03973528e+00
