  -1.01241634e+00
   1.97204508e+00
   6.66943928e-02
  -9.74635973e-02
  -5.30156812e-02
   1.78507709e-01
   2.65621664e+00
  -2.57160749e-01
   1.13380977e+00
  -4.50241753e-01
   4.99705576e-01
   2.16127619e-01
  -2.07903787e+00
   1.10560806e+00
  -1.60576387e+00
   1.35564053e-01
   2.42441474e-01
  -5.51564969e-01
   3.34959480e+00
  -2.01316270e+00
   4.54126691e-02
   3.56628242e-01
  -2.21527048e+00
  -1.82908027e+00
  -1.74717890e+00
   8.48004316e-01
   6.26096229e-01
   2.68688754e-01
   4.62909037e-01
   1.35145633e-02
  -1.12282746e+00
  -2.65489237e-01
  -7.48500260e-02
   5.18057445e-01
  -2.95470830e-01
  -1.69830006e-02
   2.34759801e+00
   6.45355530e-01
   3.90645799e-01
   1.64452476e+00
   5.56197382e-01
   4.40381154e-01
   3.86818757e-01
  -1.56132688e+00
   5.11430064e-01
   1.55046274e+00
  -5.21354907e-01
   1.42668845e+00
   6.99875017e-01
  -1.19021195e+00
   1.94376224e+00
   6.10109034e-02
   5.14637849e-01
  -9.16908415e-01
   3.09600633e-01
  -1.83087643e-01
   6.44210333e-01
   6.37967426e-03
  -2.17423213e-01
   1.50857128e-01
   8.13373384e-02
   4.83390338e-02
  -7.74595789e-01
   8.35167207e-02
  -4.84540526e-02
  -3.68779013e-01
   2.83817729e-01
   2.86594045e-02
   1.26762807e+00
   5.70833845e-01
   6.87745692e-01
   1.92981427e+00
   4.91813937e-01
  -1.63813761e+00
   1.40273174e-01
   5.06282651e-01
  -3.25316493e-02
  -1.70168161e+00
   1.62736649e-01
  -1.08583860e+00
   1.13319340e+00
   2.60913720e-01
   6.53628591e-01
  -1.69425286e-01
  -1.80894802e+00
   4.58316164e-01
  -8.31204589e-01
   6.86941437e-02
   2.28372464e-01
  -6.64481646e-01
  -6.31511238e-01
   1.45652813e-01
   1.52768239e-01
   1.12195980e+00
  -1.14264741e-01
  -6.23401354e-01
  -5.37010655e-01
   7.79139260e-01
  -8.79237884e-01
  -6.84085883e-02
  -4.27002776e-01
   1.25395337e+00
   1.95793684e-01
   1.68048490e-01
  -1.39484567e-01
   9.80329459e-02
  -2.89778374e-01
   8.38831452e-01
   1.49354985e+00
   3.72896450e-01
   1.04736567e+00
   6.11354186e-01
  -6.57494291e-01
  -3.81090294e-01
  -1.50443842e+00
  -1.40825712e+00
  -6.60727321e-01
   1.40388725e+00
   4.33345540e-02
  -1.60815562e+00
   2.35647333e-01
  -1.71567301e+00
   1.83221041e+00
  -8.25461557e-01
  -7.18570935e-01
  -1.85120536e+00
  -5.16571800e-01
   2.90110734e-02
  -1.12114665e+00
  -1.21717644e+00
   1.75886036e-01
  -1.24369763e+00
   2.16695255e+00
   1.37680072e-01
  -8.62826572e-01
  -2.35567925e+00
  -9.89667783e-01
   1.19853999e-01
   3.11148422e-02
   1.02144985e+00
   1.62640195e+00
   9.57337762e-01
  -2.60310036e-01
   2.88276537e-01
  -2.43382672e-01
  -6.60688472e-01
  -2.17215658e-01
  -3.96146420e-01
  -2.81667980e-01
   1.99844827e+00
   5.55704808e-01
  -3.52897885e-02
   6.13208614e-01
   9.72525358e-01
  -1.41543605e+00
  -2.09293379e+00
  -2.12014947e-01
   1.06554383e+00
  -9.68587442e-01
  -1.57904955e+00
  -2.18875701e+00
  -1.16596243e-03
  -7.60294471e-03
  -1.04651607e+00
   1.34845554e+00
   7.64052500e-01
   6.27484344e-01
  -1.83664695e+00
   1.80287570e-01
  -1.08807870e+00
   5.72728155e-01
  -1.47917251e+00
  -1.75380756e-01
  -5.21779230e-01
   4.92499294e-01
  -2.26293294e+00
  -8.55051472e-01
   1.04206681e+00
  -1.87395985e+00
   7.54787651e-01
  -8.59275589e-01
   1.63841371e+00
   6.74275427e-01
   1.93784848e+00
  -8.11746857e-01
  -1.82175758e+00
   1.12827134e+00
   3.45740475e-01
  -3.82189300e-01
   4.02330044e-01
   1.96310618e+00
   5.60494180e-03
  -5.08350771e-01
  -1.71254261e-01
  -1.02198930e+00
   1.63656216e+00
  -6.47265593e-01
   8.35569970e-01
  -1.23492741e+00
  -1.15686839e+00
  -1.19822486e+00
  -3.93469294e-02
   2.26058002e-01
   4.38215550e-01
  -1.43230547e-02
   4.61481891e-02
  -5.14767252e-01
  -3.62546181e-01
   1.22418713e-01
   8.31625455e-01
  -2.67852025e-01
   4.01925925e-01
   7.08133513e-01
   3.37947878e-01
   2.52745607e-01
  -6.92848999e-01
  -4.02860293e-01
   6.50875110e-01
   1.59064383e-01
   5.03903180e-01
  -1.53137199e+00
  -1.28153493e+00
   4.45901671e-01
  -6.43851462e-01
   5.39003155e-01
   7.74760709e-01
  -7.60802444e-01
   2.64324741e+00
   6.04793454e-01
   2.25586650e-01
   7.01382432e-01
  -2.60135505e+00
   1.82601696e+00
  -7.37040764e-01
   1.58299399e+00
   2.87880481e-01
  -6.25024169e-01
  -6.02567458e-01
  -1.24901145e+00
  -3.07193457e-02
  -5.02870923e-01
   1.53220506e+00
   8.48899182e-01
   1.54575410e+00
  -2.67396100e-01
  -1.18575996e+00
   1.46080652e+00
   2.25262698e+00
  -2.53480869e-01
  -2.15166809e-01
   2.73079123e+00
  -7.76334663e-03
   1.14437369e-01
   5.72224285e-01
   1.13528712e+00
  -1.21445223e+00
   2.46637432e-01
   1.03314612e+00
  -7.92574906e-01
   9.90344099e-01
   1.46854791e-01
   1.11374145e-01
   2.81411348e-01
  -9.18183418e-01
  -8.01186305e-01
  -9.47712121e-01
  -5.58335816e-01
   1.61280686e-01
  -1.77904366e-02
  -8.26640588e-02
  -9.86034350e-01
  -1.08386276e+00
  -5.15801357e-03
   4.94970138e-01
  -1.04766569e+00
  -3.37982129e-02
   2.19115264e+00
  -1.57283018e-01
  -1.94767319e-01
   2.64930833e-01
   1.16398526e+00
   2.86994414e-01
  -1.93984333e+00
  -6.14826059e-01
   3.82850646e-01
  -3.68166943e-01
   6.15538261e-02
   1.95930684e-01
   2.20888396e-01
  -1.19988729e+00
  -1.48667590e-01
   1.06422015e+00
   5.25204678e-01
   3.30176011e-01
   8.62638789e-01
  -5.04632634e-01
   2.36545389e-01
   5.05571111e-01
  -7.34871399e-01
   4.26309643e-01
   2.22599280e+00
  -6.75312260e-01
  -1.11279346e-02
   8.51482805e-01
   5.15391004e-01
   1.01617348e+00
  -4.92716762e-01
  -7.45704618e-01
   5.84359323e-01
  -5.01812038e-01
  -6.81077378e-02
   1.13835278e+00
  -7.87307749e-01
  -7.53700988e-01
   6.69552288e-01
   6.20563389e-02
   6.52172080e-01
  -4.55075863e-01
   1.48773008e-01
  -2.49854076e-01
  -5.44181404e-01
   1.67093686e+00
  -6.80453597e-02
   1.16200053e+00
  -2.09443686e+00
   5.01286588e-01
   4.54940022e-01
   4.62225459e-01
  -1.09745202e+00
  -6.52324787e-01
  -3.82484690e-01
  -1.73493403e+00
   5.36286897e-01
  -1.90848123e-01
  -3.26811821e-01
  -7.29523922e-02
   1.83543085e-01
  -1.31569119e+00
   2.36531357e-01
  -7.83844175e-01
  -6.59890723e-01
  -1.04052876e+00
   1.05546029e+00
  -1.01914819e+00
  -7.32870191e-01
   2.44143381e-01
  -3.47161868e-01
   1.16126929e+00
   4.38095031e-01
  -2.14276407e+00
  -3.74309726e-02
   3.90932092e-01
   4.32995407e-01
  -1.81109122e-01
  -1.20885099e+00
  -1.52450839e+00
   1.72484687e+00
   5.19711245e-01
   5.73742418e-01
   1.98688730e+00
   9.09530755e-01
   4.49387521e-01
   1.46002358e-01
   1.14641064e+00
   7.52741537e-01
   5.16628658e-01
  -5.67256491e-01
   4.60462244e-01
  -2.67258596e+00
   4.44335735e-01
   8.36589487e-01
   7.66025604e-01
   2.69048733e-01
  -5.44155125e-01
   7.50321913e-01
  -3.64249913e-01
   7.71877407e-01
  -4.42923297e-01
   4.80542759e-01
  -6.78974085e-01
   4.82856718e-01
   4.90240127e-01
  -1.03853470e-01
  -8.16000086e-01
   4.19665903e-01
  -7.38803835e-01
   3.28236020e-01
  -5.96254731e-01
   9.56948662e-01
   1.96670503e-01
   3.56951471e-01
   1.77331358e+00
  -3.22612952e-01
   1.54088095e-02
   1.16988080e+00
  -5.30681379e-01
  -4.65469218e-01
  -9.05336529e-02
  -1.91967613e+00
  -5.67128750e-01
  -1.10056369e-01
   1.82632098e+00
   5.21345721e-01
  -8.60738369e-01
  -1.16497605e+00
   2.50493807e-01
   2.51448931e+00
  -1.13221589e+00
   1.30750949e-01
  -3.83176199e-01
   2.41899847e-01
  -8.98072020e-01
  -7.47526832e-01
   4.12427911e-01
   9.11349772e-01
   4.81323442e-01
   1.64641669e+00
  -2.09546968e+00
   1.62498494e-01
  -2.39887858e+00
  -1.90393723e+00
  -1.25969324e-01
  -5.62573867e-01
  -6.99432615e-01
   8.79825650e-01
   5.87561944e-01
   4.44426939e-01
  -4.32904375e-01
   1.47212629e+00
  -4.38695968e-01
  -2.50691384e-01
  -3.80172958e-01
  -8.54589721e-02
   1.18601966e+00
   2.72362185e+00
   1.39441468e+00
   2.74563882e-01
  -1.20428269e+00
  -4.20606553e-01
  -5.27707932e-01
   3.75355326e-01
   1.58273956e+00
  -2.01074861e-01
   9.98457173e-01
  -3.48913400e-01
  -1.26893268e+00
  -9.29815586e-01
   9.88277583e-01
   1.67886364e+00
  -7.80055399e-02
   5.10907527e-01
   1.12638564e+00
   1.41839234e+00
   8.16235358e-01
   3.07431123e-01
   1.53464462e+00
   6.41333382e-01
   4.71105316e-01
  -7.99928957e-01
  -1.60938055e+00
  -2.43694372e-01
   1.87121435e-01
   1.16985154e-01
  -4.35711577e-01
   1.22119820e-01
  -8.61204917e-01
  -2.93995984e-01
  -5.30536108e-01
   3.35112996e-01
   1.51195949e+00
  -5.09574266e-02
   8.94177666e-01
  -2.79550972e-01
  -2.01932455e+00
   7.79729584e-01
  -2.45921669e-01
  -1.68516333e+00
  -2.02634369e-01
  -2.49720958e+00
   9.44423907e-01
  -1.78902006e+00
  -2.27392662e+00
  -6.77199505e-01
   2.00504575e-01
   1.41676043e-01
   3.61066656e-01
   7.05060455e-02
  -1.72199912e-01
   1.10330123e+00
  -1.28592265e+00
   2.26786512e-01
  -1.44263206e+00
  -5.91570104e-01
  -7.96162242e-01
   1.44504373e+00
   1.68984393e-01
  -2.01310141e+00
  -1.13691301e+00
   1.00116416e+00
   1.47330399e+00
   6.24639132e-01
   3.03494517e+00
   1.45560793e-02
   6.82164243e-01
   8.58282451e-01
  -3.87649025e-01
   3.96092287e-01
   1.18248890e+00
  -2.25985976e+00
   9.19971740e-01
   9.21622497e-01
  -5.36102237e-01
   9.23263376e-01
   4.27374829e-01
   7.77298526e-01
   1.37004480e+00
  -3.63856014e-02
  -5.27880821e-01
   1.16176977e+00
  -8.78817577e-01
   4.48750544e-01
  -1.67700184e+00
   1.09950713e+00
  -1.59624254e-01
   1.38133756e-01
  -2.02409894e-01
   1.50980995e+00
  -2.20323716e+00
  -1.29017161e+00
   1.53087240e+00
   9.55253411e-02
   1.02689395e+00
  -4.72506256e-01
   9.89630118e-01
  -1.78335803e-01
   1.05877843e+00
  -1.58742335e+00
   1.19735424e+00
  -1.97939247e+00
  -2.16945202e-01
   1.74970360e+00
   7.64811698e-01
  -1.36432220e-02
   2.30513551e-01
  -1.20562152e+00
  -3.27629905e-01
  -2.83332649e-01
   3.05225999e-01
   1.25391315e+00
   6.37611101e-01
   6.97872390e-01
   1.09987232e-02
   1.18563691e-01
  -8.63456030e-01
   5.56831238e-01
  -3.67669300e-01
   4.73235546e-01
   9.03509286e-01
   5.33048964e-01
   6.11440862e-01
  -8.12522841e-01
   4.26050542e-01
   9.15716101e-01
   1.21677205e+00
  -1.47445973e+00
   3.62058981e-02
  -2.13487010e+00
   2.59082834e-01
  -1.56832617e-01
  -1.15140936e+00
   5.02176042e-01
   5.66068258e-01
  -8.07896983e-01
  -5.00392308e-02
   9.62759694e-01
  -5.63139743e-01
   1.65295434e-01
  -1.02270131e+00
   2.06679647e-01
  -5.56530718e-01
  -9.84791529e-01
  -1.03764188e+00
  -2.86791187e-01
   7.07888269e-01
  -4.23880628e-01
  -4.07860814e-01
   1.37557264e-01
  -7.76473098e-01
  -1.54540175e+00
   1.08513556e+00
  -9.64182782e-01
  -3.52505762e-01
   1.14594283e+00
   2.05257363e-01
  -7.47676436e-01
   1.06988135e+00
  -2.26466181e+00
   7.53148545e-01
   4.23472365e-01
  -2.84139811e-01
  -7.41625099e-01
  -1.41772068e+00
  -7.62797347e-01
   9.02914196e-01
   2.59536036e-01
   1.34250743e+00
   1.71362030e+00
   1.81622296e-01
  -4.42067027e-02
   1.06621276e+00
  -1.35623617e+00
   7.05224194e-01
  -9.74172910e-01
  -1.27811833e+00
   3.88321211e-01
   9.97420127e-01
   6.84958270e-02
   1.13111066e-01
  -1.29722242e+00
   7.64885856e-01
   1.14619358e+00
   2.31750821e-01
  -9.02901935e-01
  -5.29458749e-01
  -3.85296290e-01
  -1.05525756e+00
   4.04168532e-01
   9.96421073e-01
   9.31587281e-01
  -1.39841116e+00
   3.54362223e-01
  -1.09003180e+00
  -6.29321616e-01
   6.30466296e-01
   9.11175357e-01
   6.31620948e-01
  -7.92882393e-01
   9.39802736e-01
  -2.85352028e-01
   9.03468039e-01
  -6.17059377e-01
  -1.68259961e+00
   4.90474413e-01
   6.70623198e-02
   6.72034453e-02
  -7.01771375e-01
  -1.05817403e+00
  -1.94685463e+00
  -6.39011381e-01
   1.12580581e+00
  -8.08423944e-01
  -5.39454127e-01
   6.39782784e-01
   8.72259771e-01
  -1.24063287e+00
  -1.56115918e+00
  -9.98740191e-01
  -6.36398184e-01
   2.58775624e-01
  -9.12804609e-01
  -2.62344406e-01
   8.50016414e-01
   5.09134787e-01
  -7.37233376e-03
  -3.56868853e-01
   8.21387796e-01
  -2.23104730e-01
   1.00038592e+00
  -1.30045592e+00
  -1.66631920e+00
  -2.18263539e-02
  -6.18241695e-02
   1.88991980e+00
  -5.83257482e-01
   9.92101343e-01
  -4.32826793e-01
   5.65090935e-01
   5.61026288e-01
   8.73455584e-02
  -9.10985256e-02
  -1.88536746e+00
  -1.40164007e-01
   7.91270659e-02
  -8.36014217e-01
  -1.58736870e+00
  -8.02128090e-01
  -1.00549060e+00
  -8.84125984e-01
  -1.37820179e+00
   2.34953797e+00
   8.35449705e-01
   3.45380534e-01
   2.84016865e-01
   8.78905676e-01
  -2.75341634e-01
   6.29622668e-02
  -1.84003421e-01
  -1.04912520e+00
   9.40086178e-01
   5.89619009e-01
  -8.84041879e-01
   3.95492997e-01
  -2.33043968e+00
  -8.06089877e-01
   1.05362463e+00
   2.37841631e+00
   2.14759126e-01
  -3.14884666e-01
  -1.60600816e+00
  -1.54672094e-01
  -5.09164661e-01
  -3.63846847e-02
  -2.26112898e+00
  -3.18607946e-01
   8.81255073e-01
   4.08794249e-01
   3.46927953e-01
   1.26306846e+00
  -1.64661187e+00
   1.09917502e+00
   4.61348702e-01
   7.36126991e-01
  -9.75022233e-01
  -2.02062229e+00
   1.13704636e+00
  -2.78844324e-01
   5.89287552e-02
   2.88178287e-01
  -1.87048740e-01
  -6.07901238e-01
   1.56536930e-01
   1.05393604e+00
   2.66217884e-01
   5.42837098e-01
  -7.27377345e-01
  -1.50583976e+00
  -1.08870834e+00
  -5.17275504e-01
   1.11893193e-01
   5.94937032e-01
   5.11850638e-01
   2.74792028e-01
  -2.26454147e-02
  -7.22000853e-01
   9.18682226e-01
   1.47157330e-01
   1.39619089e-01
  -2.13601137e+00
  -6.40505754e-01
  -1.77967609e+00
   3.38673014e-01
   1.60180273e+00
  -8.60207980e-01
  -2.87865484e+00
   7.55159635e-01
  -5.27964266e-01
  -2.64494303e+00
  -1.38634627e+00
  -1.07121305e+00
  -9.92336722e-01
  -1.18964395e-01
  -2.01286163e+00
   9.70365293e-01
  -3.67632333e-01
   1.03714955e+00
   5.52709827e-01
  -7.29911744e-01
  -2.89501945e-01
   2.90401123e-01
  -9.46624212e-01
   6.06729075e-01
   1.31500886e+00
  -9.45766688e-01
  -2.55977075e+00
   7.23404514e-01
  -3.34932470e-01
  -1.03370638e+00
  -1.19469296e+00
  -2.38215427e+00
  -7.99311690e-01
   2.02752998e+00
   6.84423434e-01
   1.03066478e+00
   8.15367805e-01
  -8.43682888e-01
  -2.78746146e-01
  -7.14061750e-01
   8.67395515e-02
  -1.45153613e+00
   3.08098578e-01
  -6.96471906e-01
   3.78384522e-01
   1.69073057e-01
  -6.19935035e-01
  -1.02055337e+00
  -1.13211713e-01
  -5.05749186e-01
   3.08118516e+00
   4.47294623e-01
   1.02421615e+00
   3.64890798e-01
   3.22502089e+00
  -2.33499238e-01
  -1.67215435e+00
  -1.73597512e+00
   2.88664342e-01
   6.45500976e-02
   1.14246421e+00
   1.67123678e+00
   1.29077805e+00
  -4.56358062e-01
  -1.58533059e+00
  -1.31283528e+00
   3.80396219e-01
   6.24922519e-01
  -3.30533353e-01
   5.72686747e-01
   4.14862651e-01
  -3.68120553e-01
  -3.48643839e-01
   1.08068843e+00
  -7.81519718e-01
  -1.00788283e+00
  -6.55883968e-01
   1.87454010e+00
  -2.25592534e-01
  -5.76220915e-01
  -7.04509365e-01
   2.82417460e-01
  -1.52451845e+00
  -6.09007889e-01
  -1.28412550e-01
  -5.51487313e-01
   9.36078871e-01
  -3.92258038e-01
  -1.98140270e-01
   6.51639739e-01
   5.94824132e-01
  -2.63605946e+00
  -9.07193569e-01
  -1.11593223e+00
   1.65258406e+00
   1.22924920e-01
  -4.06348072e-01
   9.34888254e-01
   8.36374577e-01
   1.51501343e+00
  -4.82848914e-01
   6.65030192e-01
   1.67803905e-01
   6.28053098e-01
  -4.39022033e-01
   2.33516895e-01
  -1.36305791e+00
  -1.01418197e+00
  -6.25667748e-01
  -9.29801760e-01
  -1.16291797e+00
  -1.12253516e+00
   1.45681802e-01
   9.98068691e-01
  -2.54997482e-01
  -1.04373615e+00
   3.17465976e+00
  -8.81193762e-01
  -1.04660330e+00
   5.95166869e-01
  -2.93445625e-01
   6.02261498e-01
  -6.52695111e-02
  -1.55336189e-01
  -4.24134309e-01
  -7.46669463e-01
   6.33363014e-01
   3.19593682e-01
   9.08100529e-01
  -6.07749224e-01
   1.25029276e-01
  -1.43119959e+00
   7.26490182e-01
   3.70264059e-01
  -1.34118084e+00
   6.00795341e-01
   1.43926867e+00
   7.11476523e-01
  -1.67007023e+00
  -8.52405965e-02
  -1.77917967e+00
   3.46334329e-01
   8.75419968e-01
   1.52911285e+00
   1.35615946e+00
   1.32020320e+00
  -3.05248422e-01
  -3.34859154e-01
  -2.18970656e-02
  -8.28514550e-01
  -1.70378201e-01
  -5.03827717e-01
  -2.54540910e-02
  -1.12739625e+00
   5.32118222e-01
   6.24455729e-01
   7.08618746e-02
   4.83747192e-01
  -9.67985222e-01
   1.47567561e+00
   6.14357669e-01
   1.43651877e+00
   9.63056564e-01
  -2.00328117e-01
   6.47797318e-01
  -3.54178752e-01
   1.18214166e+00
  -4.52900828e-01
   5.35317728e-01
   2.36014221e-01
   5.36506887e-01
  -1.11322799e+00
  -8.96915235e-01
  -2.89426262e-01
  -1.15177239e+00
  -3.71135113e-01
  -4.42973663e-01
   2.78710930e-01
   6.64033638e-03
   1.18013371e-01
   6.80164816e-01
  -1.65463681e-01
   5.48263513e-01
   6.79448552e-02
   4.96618299e-01
   2.46709038e-01
  -7.61776484e-01
   1.00220125e+00
  -6.12618583e-01
   6.63438775e-01
  -1.92656549e-01
  -4.64318785e-01
  -5.93574637e-01
   1.04636356e+00
   1.97807256e+00
   9.80426053e-01
   8.54850331e-01
  -1.26480490e-01
  -9.92657672e-02
  -2.75065289e-01
   6.70021760e-01
   4.42580161e-01
  -1.78435211e-01
  -8.17221978e-01
   1.52080424e+00
  -1.81389714e+00
   8.77656823e-02
  -2.00615253e+00
  -5.97193539e-01
  -6.99091374e-02
   1.95189572e-01
  -1.27624655e+00
   1.08474308e+00
  -4.53318232e-01
  -6.04364556e-01
  -2.18713028e+00
  -1.84199919e-01
   4.74531966e-01
  -4.95406180e-02
   1.48377942e-01
   2.01705339e+00
   6.47181893e-01
  -1.77186724e+00
  -2.31038791e+00
  -4.36972698e-01
  -9.30733766e-01
   5.04554285e-01
  -5.44268431e-01
  -2.80731437e-01
  -1.44234983e+00
  -4.74911883e-01
  -9.78937116e-01
   1.50894515e+00
  -2.38825270e+00
  -5.72610300e-01
   9.65894474e-01
   1.32245177e+00
   1.80292928e+00
   3.93067195e-01
  -1.85870029e-01
   3.15126298e-01
   2.73759939e-01
   7.94210753e-01
  -1.90964409e+00
   7.70714328e-01
  -3.99616349e-01
   1.03910827e+00
   4.61064180e-01
  -6.27551618e-02
  -5.56254352e-01
   3.71936430e-01
  -2.65673210e-01
  -2.96107626e-01
   5.93523984e-01
   4.94181362e-01
  -1.38978037e+00
  -8.72621560e-01
  -1.27652603e+00
  -4.35670370e-01
  -3.19793296e-01
  -8.85584537e-01
   8.48264814e-01
   1.22363200e+00
   1.28199600e+00
   1.40214072e-01
   1.04481720e+00
   1.78000224e+00
   5.08223795e-01
   8.29411929e-01
   5.67338958e-01
   2.86569744e-01
   5.26724541e-01
   9.30727930e-01
  -1.47756732e+00
  -1.69545258e+00
   1.91171382e+00
  -3.83829161e-01
  -1.62626144e+00
  -8.31302718e-01
  -5.00183302e-01
  -1.68616504e-01
  -2.44903749e-01
  -1.32584531e+00
   1.28482345e-01
  -6.68548128e-01
   7.76721215e-01
  -1.84936131e+00
  -1.49712629e-01
   6.18028509e-01
  -2.53754443e-02
  -1.43364453e+00
  -1.80689242e+00
   9.37912802e-01
  -1.43141203e-01
   1.07513640e+00
  -9.09795064e-02
   1.59184676e+00
  -1.70466220e+00
  -8.25171808e-01
  -6.29354295e-01
  -1.89915511e-01
  -1.05948178e-01
  -5.30271565e-01
   1.30100916e+00
  -1.09861980e+00
  -1.20352373e+00
   8.51162543e-01
  -1.58176780e+00
   8.71399593e-01
  -1.04553672e+00
   6.05089047e-01
   5.38716469e-01
  -3.60855954e-01
  -1.27685605e+00
  -1.40658253e+00
  -1.31824602e-01
   9.54042928e-01
   2.24343635e+00
   6.37097232e-01
  -1.12958533e+00
  -1.03374157e-01
  -4.97403803e-01
  -7.48435426e-02
  -5.22419273e-01
  -1.53696803e-02
  -4.47199546e-01
  -1.54805815e+00
  -9.29425665e-01
  -5.22902404e-01
   1.22294392e+00
   1.32977229e-01
   6.35987358e-01
  -1.07114571e+00
  -5.07680346e-01
  -5.33744106e-01
   2.04986256e-02
  -4.82994125e-01
   9.99515745e-01
  -3.82599442e-01
  -7.71222443e-02
  -4.81376171e-01
   1.16455409e+00
   3.56017898e-01
  -4.72818354e-01
  -1.88893290e+00
  -9.46588741e-01
  -1.27783650e+00
   1.00357748e+00
   9.39202404e-01
  -1.62287905e-01
  -1.82142628e+00
   2.12337916e-01
   4.41724417e-01
  -4.43387935e-01
  -1.13057212e+00
   4.39759251e-01
  -1.15130768e-01
   1.64947075e-01
  -1.79127918e-01
  -1.52306500e+00
   4.28425341e-01
   1.00155647e+00
   1.74201620e+00
  -2.97723425e+00
  -2.36183472e-01
  -6.08297288e-01
   6.25680134e-01
   1.70893574e-01
  -3.67356672e-01
   2.74144947e+00
  -2.08010188e+00
   5.52435402e-01
  -5.70283528e-01
  -1.02438376e+00
  -8.43255528e-01
  -8.33322213e-01
   1.04972222e+00
   3.75189603e-01
  -5.46309710e-01
   9.50387151e-01
  -1.44669900e+00
  -3.21722096e-02
  -1.85656475e+00
  -4.06572844e-01
  -2.22133426e-01
  -2.05630149e-02
  -5.68201352e-01
  -1.47709838e-01
   6.70669953e-01
  -2.11601707e+00
  -1.13697865e+00
   2.64204676e-01
  -3.52487005e-01
   1.03491476e+00
   9.56761734e-01
  -8.21757947e-01
   1.73557770e+00
   8.69779005e-01
  -1.86620896e+00
  -1.56105681e+00
  -1.22210154e+00
  -5.99733771e-01
   5.23824590e-01
   1.58922074e-01
  -2.89841230e-01
  -1.30912266e+00
   1.83378227e+00
   6.40062224e-01
  -1.71382331e-01
  -1.00408952e+00
   6.14439411e-01
   1.48496465e+00
  -2.10183398e-01
  -1.28261250e+00
   1.37013116e+00
   6.41960198e-01
   2.14439848e-01
   1.82371408e+00
  -9.67923295e-03
   8.27620151e-01
  -1.21934664e+00
   1.11416437e-01
   1.41200616e+00
  -3.66043532e-01
   1.22958868e+00
  -9.26796394e-01
   6.44021924e-01
   1.64928555e-01
   1.36800493e+00
   3.63399911e-02
   6.26504878e-01
  -3.86261206e-01
  -2.22848417e-01
  -2.01088396e+00
   5.01011157e-01
  -5.34690666e-03
  -2.12503454e-01
   2.56230935e-01
  -1.30798257e+00
  -8.99128914e-01
   2.11210770e+00
   1.01060301e+00
  -3.07796097e-01
  -2.26237504e+00
   4.89528918e-02
   4.21946104e-01
   4.89588569e-02
   1.83769164e-01
   2.47180452e+00
   6.72192080e-01
  -1.34689736e+00
   3.43055884e-01
  -4.76378285e-01
  -1.02327717e+00
  -3.08286574e-02
   3.49562220e-01
  -1.43909132e-01
   3.02497898e-02
   6.88367660e-01
   7.64559219e-02
  -2.72888396e-01
   1.04371556e+00
  -1.50836403e+00
   2.64856369e-02
   1.15710507e+00
  -9.00420000e-01
  -4.79791834e-01
   1.58008698e+00
  -5.01744451e-01
  -1.42947850e+00
   3.51986032e-01
   7.84049676e-01
  -4.23620223e-01
  -1.66680776e-01
   1.49900102e+00
   6.11099918e-01
   1.97415041e-01
  -5.42111190e-01
  -1.50574179e-01
   2.82237114e-01
  -7.73516774e-01
   2.38791631e-02
  -3.46549881e-01
  -1.71383345e-01
   7.60429648e-01
  -7.19704436e-01
   1.20483337e+00
   6.92967260e-01
  -5.78379787e-01
  -6.89914935e-01
   9.21733310e-02
   3.26611447e-01
   3.89733235e-02
   1.22813079e+00
  -8.84820262e-01
   3.13416544e-01
  -2.10268086e-01
  -7.33115896e-01
   3.18934696e-01
   2.72711078e+00
   1.18193597e+00
  -7.83906067e-01
  -9.45234638e-01
  -1.04592861e+00
   1.89183270e+00
  -4.57786243e-01
  -1.60807250e+00
  -3.82730226e-01
  -1.27952184e+00
  -9.57434140e-01
   2.59079454e-01
  -6.20593360e-01
  -1.16246040e-01
  -1.00952045e+00
   2.49348091e+00
  -5.63768956e-01
  -7.50851499e-01
  -1.34557153e+00
  -4.25396498e-01
   7.52521556e-01
  -2.82095782e-01
  -8.03973059e-01
   3.36534829e-01
  -6.30403261e-01
   1.76369390e-01
   1.72212554e+00
   6.39619015e-01
  -6.38191916e-01
   7.16862080e-01
  -6.91021518e-01
  -2.28024375e-02
  -2.70124442e+00
  -1.14832480e+00
  -2.50741885e-01
   6.97565531e-01
  -1.81345519e-01
   1.20628626e-01
  -4.57334687e-01
  -1.04359602e+00
   2.14083028e+00
   5.90157540e-02
   1.50271130e+00
   1.27417437e+00
  -5.75944375e-01
  -7.60570095e-01
   1.11850249e-02
  -1.94631654e+00
  -5.72069204e-01
  -1.84545718e+00
   1.01756196e+00
   2.46763180e+00
  -8.93854296e-01
  -8.89629590e-01
   7.52934112e-01
   2.40332107e-01
  -7.52721892e-01
   3.64885155e-01
   1.02895701e+00
  -1.55583446e-02
   1.72874523e-02
   1.22935404e+00
   2.48024167e+00
   1.98897071e+00
   1.64253258e+00
   2.21452057e+00
  -2.51525967e-01
  -2.14030398e+00
   1.24452419e+00
   4.76360569e-01
   1.25146593e+00
   2.17051855e+00
   1.28176430e+00
  -3.90419380e-01
  -4.13421587e-01
   1.75295184e+00
  -2.91234610e-01
   7.85042006e-01
   7.55877504e-01
  -5.02190858e-02
  -9.33217774e-01
  -3.44289606e-01
   1.80828761e-02
   1.78897615e+00
  -3.48777085e-01
  -1.56924390e+00
   3.41656203e-01
   6.36977731e-01
   4.50662167e-01
   5.81024230e-02
   1.77336656e+00
   2.07331856e+00
  -7.47265588e-01
  -9.20958801e-03
   9.80853437e-02
   6.44416652e-01
   4.71367139e-01
   2.61252667e-01
  -1.55302982e+00
   4.93084343e-01
   5.16300126e-01
  -1.68788661e+00
   1.09641494e+00
  -5.30106800e-01
  -3.96748127e-01
   3.16681455e-01
   7.78405646e-01
   1.25490363e+00
  -3.89300920e-01
   6.80591917e-01
  -6.82801759e-01
  -5.86221374e-02
   5.45382932e-01
  -3.81460752e-01
  -1.74949944e+00
  -1.37260347e+00
   1.36275082e+00
   8.52544773e-01
  -9.97878797e-01
   5.58864096e-01
   9.19354426e-01
   5.64857694e-01
   1.43447832e+00
   5.82892115e-01
   1.25437366e+00
   2.06215988e-01
  -1.24370916e+00
  -1.92140520e+00
   2.25081014e-01
  -2.22172383e+00
  -5.38628594e-01
   1.45547009e-01
   1.98444477e-01
  -1.12439897e+00
  -4.51182983e-01
  -3.50837232e-01
  -1.53316437e+00
  -3.73829259e-01
   3.25925531e-04
   1.43595345e+00
   1.48247303e-01
  -4.81894080e-01
  -3.35924308e-01
  -1.66897865e+00
   8.53203120e-02
  -9.46251932e-01
   4.56326689e-01
  -1.49249568e+00
  -2.47349668e-01
  -5.66506583e-01
   4.52560980e-01
  -1.65960547e+00
  -5.11449207e-01
  -5.26408660e-02
  -1.16029448e+00
   1.64647058e-05
  -4.25845066e-01
  -4.60214592e-01
   6.08129980e-01
   4.59983791e-01
  -2.86373734e-01
   3.74678648e-01
   1.08060205e+00
   8.38409424e-01
  -8.80032306e-01
  -1.64584247e+00
   4.68796166e-01
   6.94306052e-01
  -7.03344351e-01
   1.42430105e+00
   1.72111573e+00
  -6.72029891e-02
  -8.44182478e-01
  -1.70199249e-01
  -2.08976245e+00
  -4.48388157e-01
  -4.43083512e-02
   1.44333845e-01
   1.30817436e+00
  -4.73529656e-01
   1.13176987e-01
   5.06337247e-01
   1.91094896e+00
  -2.02478006e+00
   9.71221016e-02
   1.44574808e+00
  -1.93456529e-01
  -6.88857988e-01
  -5.50272274e-02
  -5.37382801e-01
  -9.30122881e-01
   3.77355511e-02
  -1.52252916e-01
  -1.42375568e-01
  -5.05604059e-01
   8.70662681e-01
   2.48286710e-01
   5.06305086e-01
   8.88980966e-01
   1.15145463e-01
   1.62009153e+00
   2.46503383e+00
  -9.83508089e-02
  -5.75737485e-01
   1.25395816e-02
   5.81074050e-02
  -3.11371342e-01
  -1.17512971e+00
   9.09372318e-01
  -9.98049280e-01
   4.96649466e-01
  -2.95302632e-01
  -1.33105369e+00
  -3.10403471e-01
  -1.67303987e+00
  -1.60340327e+00
   3.75596353e-01
   1.43422692e-01
  -1.78097522e+00
  -4.09916263e-01
  -3.34132131e-01
   1.73055194e+00
   5.19820806e-02
   3.05920545e-01
  -6.72143416e-02
   4.39532587e-01
  -6.47724901e-01
   9.65231254e-01
  -2.17487490e+00
   1.53549451e+00
   1.24018411e+00
   1.29096821e-01
  -3.13281079e-01
  -4.20014972e-01
   7.88061654e-01
   1.83618296e+00
  -5.64644910e-01
  -2.32231325e-01
  -1.16691694e+00
   3.23991080e-01
  -2.59710842e-01
  -9.81178200e-01
   1.66109521e+00
  -5.79723454e-02
   5.33134170e-01
   8.95297568e-01
   3.47389789e-01
   7.32336598e-02
   4.72108035e-01
   2.03140310e+00
  -8.27766657e-01
  -5.15296563e-02
   8.54448120e-01
  -3.89722956e-01
   2.02408256e+00
  -5.26339361e-01
  -4.25637627e-01
  -1.63147530e+00
   1.82011760e+00
   7.46009378e-01
   3.31826899e-02
   7.97121555e-01
   8.61251750e-01
  -4.13948050e-01
  -1.73508326e+00
  -3.77819262e-01
   8.34830127e-01
  -9.33843968e-01
   7.30258282e-01
  -2.87937810e-01
   9.13855862e-01
   2.30874123e-01
   1.59505024e+00
  -1.34667273e+00
  -9.00968242e-01
   1.33266474e+00
  -1.89885094e+00
   8.66056596e-01
   1.08110379e+00
   2.23104604e-01
   1.70250506e-01
  -6.18092839e-01
  -3.14239047e-01
  -8.43581044e-01
  -7.53878161e-01
  -6.90309674e-02
  -1.04751311e+00
  -1.52645050e+00
  -1.32145611e-01
   7.60777369e-01
   1.12536445e+00
  -1.77785289e+00
  -5.77595379e-02
   4.20714991e-01
   1.14964295e+00
  -1.19655467e+00
  -1.16138749e+00
  -2.28240871e+00
  -1.44693753e+00
   6.50398185e-01
   1.38873493e+00
   1.81632799e+00
  -1.27175356e+00
   5.36331045e-02
  -2.92856822e-01
   1.57004222e+00
   3.46363680e-01
  -1.39391644e+00
   5.53659604e-01
   1.39173308e+00
   9.17286484e-01
  -7.39919970e-01
  -2.65875022e-02
  -6.09625130e-01
  -3.29390262e-03
   7.81598775e-02
  -8.53706701e-01
   1.10794211e+00
   2.09783397e+00
   2.03180806e-02
  -4.02342623e-01
   2.26953843e-01
   5.76903025e-01
  -6.85418825e-01
  -7.51315338e-01
   5.35163686e-01
   1.89340646e+00
   3.38835408e-01
   1.66470476e+00
   5.16910412e-01
   7.26629492e-01
   7.78211594e-01
  -6.69032088e-01
   4.40314531e-01
  -1.45692297e+00
   1.97526382e+00
  -1.25019309e+00
   4.61596557e-01
  -2.57708864e-01
   1.25299274e+00
   2.39800399e-01
  -1.46863489e+00
  -4.61559853e-01
   1.41975591e+00
   7.51405798e-01
   1.31400110e+00
  -6.94137548e-01
   9.61085305e-01
  -5.92092973e-03
  -4.65361457e-01
  -1.52944816e-03
  -1.16050123e-01
   3.81893661e-01
   4.28140024e-02
   1.04684461e+00
   3.76097527e-01
   9.67506716e-01
  -3.89778734e-01
   2.99153135e-01
  -1.51962312e-01
   6.24679120e-01
  -9.20780797e-01
  -8.32383979e-01
   3.85412138e-01
  -1.80942847e-01
  -6.81812327e-01
  -2.80280617e-01
   1.09953207e+00
  -2.06047312e+00
   2.28037014e-01
   2.12467641e-01
  -1.35226457e+00
   3.49225144e-01
  -1.01677767e+00
   1.03747755e+00
   4.73890397e-01
  -9.75021167e-03
   9.77212861e-01
  -1.10775015e+00
   1.17757603e-01
   2.63238320e-01
  -1.62442358e+00
   1.00629686e+00
   1.04497302e+00
   4.02733491e-01
  -8.57483002e-01
   5.26024051e-01
  -9.75129847e-01
   8.04642658e-01
   1.54737408e+00
  -5.06903682e-02
  -8.66939658e-01
   2.15420423e+00
  -4.16690712e-01
   1.32006849e+00
   1.69911409e+00
   4.55228347e-01
  -1.65296828e-01
   1.39657806e+00
  -7.48280711e-02
   9.99581986e-01
   9.48195698e-01
   1.67336287e-01
  -9.14767893e-01
  -1.33642199e+00
  -2.88508136e-01
  -1.20897752e+00
   8.46926145e-01
  -6.15205578e-02
  -1.05346875e+00
   2.34363058e-01
   4.48603073e-01
   8.97600618e-01
   5.69682009e-01
  -9.23941927e-01
   1.10781297e+00
   1.35720297e+00
   8.47772496e-01
  -3.77342214e-01
   4.07972668e-01
  -2.45053729e-01
  -7.29915153e-01
   1.98079235e+00
   1.27227390e+00
   4.13815640e-01
  -5.45242197e-01
   5.67690653e-01
   1.55070855e-01
  -2.74672007e-01
  -2.66854770e-01
   1.53277773e+00
   4.26559656e-01
   3.17236836e-01
  -3.23561201e-01
  -2.37094026e-01
  -1.64187733e-01
  -1.05131708e+00
   6.65160545e-01
  -1.95003585e+00
  -8.16489893e-01
  -5.80160027e-01
   5.26308945e-01
   5.45612907e-01
   7.08099680e-01
  -1.85473326e+00
  -1.24196529e-01
  -2.42780935e-01
   7.02741502e-02
  -7.15585175e-01
  -4.35254505e-01
   5.18505819e-01
  -3.80959014e-01
   9.14894511e-01
  -5.32318762e-01
   1.27967189e+00
  -1.81066989e+00
  -3.58478774e-01
  -4.13643940e-01
  -1.87657446e-01
   3.15815750e-01
  -2.15482500e-01
  -9.93520182e-01
   2.32160021e-01
   1.17634488e+00
   2.95152589e-01
  -1.18967460e+00
  -9.42766510e-01
   1.06260763e-01
  -1.14337582e-01
   1.02276960e+00
  -5.67476837e-01
  -4.08379891e-01
  -1.37436067e+00
  -1.05243195e+00
  -1.47800302e-01
   4.20072431e-02
  -1.10704521e+00
  -7.16111136e-01
   1.11153460e+00
   5.72730940e-01
   1.26759395e+00
   6.34376892e-01
   5.24110651e-01
  -1.51502336e+00
  -4.64113743e-02
   7.87941515e-01
   4.87499582e-01
  -1.02280597e+00
   4.56228500e-01
  -2.80010821e-01
   1.16459921e+00
   1.63598988e+00
   1.26054354e+00
  -9.42446219e-01
   1.55954086e-01
  -3.27027878e-02
   7.48990577e-02
   2.69786451e-01
  -4.64697717e-01
  -4.29271730e-01
   9.04215972e-01
   1.18957919e+00
   2.38523513e-01
  -1.14714608e+00
  -7.85235089e-01
   3.86595778e-01
   7.30112857e-01
   7.59174265e-02
   3.18483409e-01
   1.95450635e-01
  -1.03598493e+00
   2.54169512e+00
   4.91615288e-01
   9.52549865e-01
  -3.28193149e-01
  -1.05095890e+00
  -4.00857166e-01
  -1.78933812e-01
   6.37708773e-01
   7.32268028e-01
   4.32180664e-03
  -1.23782093e+00
  -9.36599813e-01
   4.07931130e-01
  -3.68770479e-02
   3.17070568e-01
   5.06069788e-01
  -3.10100623e-01
   3.21526362e-01
   4.84967318e-01
  -7.48651620e-01
  -5.94361182e-01
  -1.59301723e+00
   2.07893651e-01
   3.78532405e-01
   3.57721301e-02
  -1.21021082e+00
   6.65073213e-01
   9.75292701e-01
   8.74915550e-01
  -2.03689007e+00
  -1.32072390e+00
   9.35903479e-01
  -8.72418363e-01
   7.90870316e-01
  -4.51451756e-01
   1.18049895e+00
   3.80179561e-01
  -7.88014996e-01
  -9.12409633e-01
  -1.16191990e+00
  -1.48527298e+00
   1.59693864e-01
  -3.27898510e-02
   1.69433289e+00
   6.55203010e-01
   1.61581463e-01
  -1.01715697e-01
   9.20726011e-01
   1.00975645e+00
  -5.84320499e-01
   4.74246881e-01
  -2.12497211e+00
   2.25913507e+00
  -2.97333482e+00
  -3.86449442e-01
  -1.05066649e+00
   8.61156716e-01
   1.79529213e+00
  -7.42180380e-01
   2.21211616e-01
   1.50692489e-01
  -1.70971311e-01
   9.39140779e-02
  -3.55753058e-01
  -4.47037994e-01
   7.72109320e-01
   1.15528843e+00
  -8.84155329e-01
   2.17520745e+00
  -4.28950322e-01
   3.18201269e-01
  -7.81747357e-01
  -3.51046588e-02
   2.47421605e+00
  -1.25994768e+00
   1.43568541e-01
  -2.06836525e-01
  -2.63939199e-02
   3.35916218e-01
  -2.82316232e-01
   4.04677667e-01
  -1.13634707e+00
  -7.81441215e-02
   2.67686757e-01
  -2.03415760e+00
  -2.76383016e-01
   5.11830374e-01
  -1.22630380e+00
  -4.66053642e-01
  -1.54781083e-01
  -8.26296086e-01
   5.76498038e-01
  -6.34475951e-02
   1.12671299e+00
   5.05499605e-01
  -5.61860543e-01
   3.74459131e-01
  -1.09504038e+00
   4.94100184e-02
   9.89591667e-01
   3.06565920e-01
   6.87691687e-01
  -3.51950653e-01
   1.19815573e+00
  -2.41832853e+00
  -3.43839793e-02
   1.11053709e+00
  -8.33754313e-01
   4.22582624e-01
  -1.62538602e+00
  -1.12136645e-01
  -5.30513279e-01
  -2.72647708e-01
   1.02536282e+00
   7.75286156e-01
   1.89236983e-01
  -8.34162297e-01
  -1.18958980e-01
   1.06844414e+00
  -5.39096059e-02
  -1.08331852e+00
  -1.48171278e+00
  -1.02430216e+00
  -1.29221634e+00
  -4.48447713e-01
  -8.81021406e-01
   1.74148724e+00
   5.11839775e-01
  -3.17087058e-01
   8.67887485e-01
  -3.05074967e-01
   9.39546237e-01
   7.18075233e-01
   7.35036999e-02
  -6.96354533e-01
  -1.63181326e+00
   3.09329942e-01
   1.16790221e+00
   2.11318441e+00
   1.25696919e+00
  -1.37537798e+00
  -8.00432927e-01
  -2.84141274e-01
   2.15939428e+00
  -3.33008411e-01
  -1.44864493e+00
   1.25243031e+00
  -4.72184606e-01
  -1.75415445e+00
  -7.41589836e-01
   8.40723133e-01
   2.46840051e-01
  -1.25939427e+00
  -9.30143966e-01
   4.06595552e-01
  -6.52311018e-01
  -4.82058265e-01
   5.14823510e-01
  -1.40598819e-01
  -5.94965377e-01
  -7.48336462e-01
   3.44260199e-01
  -5.22748052e-01
   1.31781621e-01
   9.74477391e-01
  -7.20817089e-01
   6.67781623e-01
  -1.80046134e+00
  -7.38839666e-02
  -1.02139833e+00
  -1.29323884e+00
   9.35406993e-01
   1.30633736e-01
   1.45545098e-01
  -6.11741395e-01
  -1.71065570e-01
  -4.09658036e-01
  -1.18332349e-01
  -1.00131992e+00
   3.82452829e-01
   5.75807450e-02
   1.70051563e-01
  -6.40591069e-02
  -6.33844274e-01
  -8.53637369e-01
   1.02234947e-01
   2.20287477e-01
  -1.18483573e+00
  -7.97578768e-01
   8.46358024e-01
   4.97349267e-01
  -1.04780558e+00
   1.04677895e+00
   1.15448806e-02
  -2.72956829e-02
   4.87696886e-01
  -1.86183963e+00
   2.07109159e+00
   8.12782294e-01
   9.29616803e-01
  -8.72943655e-01
  -4.56290244e-01
  -3.62504219e-01
  -1.01943955e+00
  -8.06995561e-01
   1.34272880e+00
   7.57535665e-01
   1.24365952e-01
  -2.65084813e-01
  -1.48855127e-01
  -9.22871303e-01
  -1.91335508e-01
  -1.34105233e+00
   5.22647303e-01
   4.22861031e-01
   2.90645579e-01
  -2.30157477e+00
  -1.61412150e-01
  -1.36042251e+00
  -7.53343818e-01
   1.42196205e+00
  -8.53857948e-01
   8.53179657e-01
  -2.27003032e-01
   3.11242740e-01
   9.53602565e-01
   3.95510213e-01
  -2.85932084e-02
   1.25134933e+00
   7.31520481e-01
   1.02197514e+00
  -5.56396234e-01
   1.60382867e+00
   2.76932762e-01
   7.25556863e-01
  -4.45318325e-01
   1.41405069e-01
   4.91433533e-02
   1.97065951e-01
   4.26086988e-01
   4.75719992e-01
   5.06846629e-02
  -2.63578116e-02
   9.51921483e-01
   9.51976398e-01
  -7.21645828e-01
  -9.85437851e-01
  -6.89793908e-01
   1.07400698e+00
  -3.01253502e-01
  -6.37502700e-01
   1.00630539e-01
  -8.60747898e-01
  -1.57927383e+00
  -3.67100874e-02
  -9.81806137e-01
   5.85379725e-01
  -2.80791995e-01
  -1.18867526e+00
   1.64700759e-01
   9.74065228e-01
   4.37989399e-01
   1.96857386e-03
  -1.50193673e+00
   1.49175039e+00
   9.20692224e-01
   2.41075421e-01
   5.20606575e-01
  -1.72290478e+00
   8.91275027e-01
  -1.00059448e+00
  -2.04961901e+00
   5.00809050e-01
  -5.14253540e-01
  -3.70973941e-01
   5.86934052e-01
   2.71152319e-01
   1.76736167e+00
   4.80266930e-01
  -9.92922032e-01
  -4.31325152e-01
  -6.79012117e-01
   1.39160961e-01
  -1.48129909e-01
  -3.02069080e-01
  -5.02982857e-01
   9.17082663e-01
  -6.48156003e-01
  -1.69069448e+00
  -1.80079532e+00
   1.79215503e-01
  -1.03645087e+00
   2.47319592e-02
  -2.82067911e-01
   2.03141394e-01
   8.48125904e-01
   6.06427089e-02
  -5.96452739e-01
   9.58826945e-01
  -1.79413338e+00
   4.38545426e-01
  -3.38471458e-01
   5.13131106e-01
  -1.12792201e-02
   1.31004184e+00
   4.70028252e-01
   4.23894676e-01
  -6.46254988e-01
   1.58222747e-01
   1.55823152e+00
  -6.48775221e-01
   7.59363157e-01
   2.72460954e+00
  -2.97363198e-01
  -1.10362858e+00
  -9.46941424e-01
   1.78338714e+00
  -2.95942712e-01
  -9.82364188e-01
  -2.09413073e-01
  -2.45021853e-01
   8.20676660e-01
  -1.23325699e+00
  -7.88265717e-01
  -5.31399141e-02
   5.25672002e-02
   1.32834618e-01
  -7.86172343e-01
  -1.98905427e+00
  -5.90723315e-01
  -2.18020268e+00
  -2.09288642e-01
  -7.44947444e-02
   1.96358591e-02
   2.34041607e-01
  -1.51786457e-01
   2.69980925e-01
  -2.95761165e-01
  -1.24691500e+00
   1.52651890e-01
   1.41366314e+00
  -1.48221234e+00
   7.51503426e-01
   9.60265429e-02
  -5.70194733e-01
  -5.79744719e-02
   6.76861084e-01
  -7.41496304e-01
   6.18781908e-01
   6.61582458e-01
   2.70445050e-01
  -5.96490052e-01
   9.20079903e-01
   6.49703927e-01
   3.36838333e-01
  -4.55663522e-01
  -8.26730911e-01
  -8.87388087e-01
   6.36982610e-01
   2.09016390e+00
   4.23858533e-01
   9.69737928e-01
  -2.07953946e+00
   9.44739977e-01
  -1.48256847e+00
   1.07066891e-01
  -1.55478801e+00
  -1.36217107e+00
  -6.44175849e-02
  -1.69317975e+00
   6.94904111e-01
  -4.55695119e-01
  -2.22831416e-01
   1.43639074e+00
  -4.26925502e-01
   8.90132015e-01
  -3.47339752e+00
   1.93141691e-01
  -9.05657501e-01
   1.47755404e+00
   1.35901391e+00
  -3.67818748e-02
   7.50156874e-01
   1.07140494e+00
  -1.27452706e-01
   7.92381284e-01
   2.33782967e+00
  -3.22394447e-01
   1.92801702e+00
  -9.27070442e-01
  -3.69464713e-01
  -6.64944051e-01
   9.55207827e-02
   2.70235952e+00
   1.61662302e+00
  -6.96704191e-01
  -8.83297023e-02
   6.13050421e-01
   9.69217669e-01
   1.74078912e+00
   1.47168568e+00
  -1.19506778e-01
   5.28221400e-01
   2.79318964e-01
  -6.02169997e-01
   5.35218006e-01
  -3.35832464e-02
  -8.53748677e-01
  -4.23869264e-01
  -1.36670969e+00
  -9.81230176e-01
  -1.90229956e-01
  -1.46456897e+00
  -2.97767209e-01
  -9.84561325e-01
   5.61391615e-01
  -4.46885825e-01
   9.76427776e-01
  -3.18395103e-01
  -2.73230749e-01
  -6.55690789e-01
   1.00080783e+00
  -1.22408108e+00
  -6.21144976e-01
  -1.03391758e+00
  -6.46468774e-01
  -4.23810506e-01
   1.77225307e+00
   9.12027483e-01
   1.32538141e+00
  -8.90691014e-01
  -9.43168520e-02
  -4.75545051e-01
  -1.78355962e+00
  -1.24155163e+00
  -3.08132674e-01
   5.22255325e-01
   5.57823524e-01
   2.55250928e-01
  -4.29646975e-01
  -7.85948500e-01
  -8.79903418e-01
  -1.29919317e-01
  -1.86736068e+00
   2.93938436e-01
  -1.78239075e+00
  -2.45873491e-01
   1.30176878e+00
   6.40049777e-01
   1.08393906e+00
  -9.69371475e-03
  -1.05712526e+00
  -1.46074242e+00
   6.14963144e-01
   7.29339921e-01
   8.73930486e-01
  -4.52271291e-01
  -1.33443385e-01
   4.68417872e-01
   7.21969954e-01
   2.61903587e-01
   3.35726247e-01
  -1.30084672e+00
   1.18625247e+00
   4.39469231e-02
  -1.40533225e+00
   1.96642819e+00
  -1.88587169e+00
  -3.06547942e+00
   3.96196341e-01
   7.05386945e-02
   1.37633078e+00
   2.34539524e+00
  -5.35379959e-01
  -1.28761943e+00
  -2.65356306e-01
   1.09952564e-01
   3.27698109e-01
  -7.45303159e-02
  -7.06321526e-02
   5.83788252e-01
   2.17799308e-01
   1.26377519e+00
  -1.50046886e-01
  -9.20638256e-01
  -6.63991715e-01
   3.00512948e-01
  -1.59468028e+00
  -6.50750719e-03
   1.58252791e+00
   2.28767693e-02
  -1.12174590e+00
  -1.97616087e+00
  -7.30002030e-01
   5.65133957e-01
   9.69422730e-01
  -7.34970604e-01
  -1.55930164e+00
  -5.53709332e-01
  -1.85291015e+00
   2.38220801e-01
   1.11135609e+00
  -1.64945887e+00
   5.57248591e-01
   8.13552427e-01
   7.59992232e-01
  -1.21024420e+00
  -1.73239043e+00
  -3.87350588e-01
   1.75133985e-01
  -8.36960164e-01
  -2.10653244e+00
   1.11384255e+00
   1.66682898e+00
   2.39527197e-01
   1.08012361e+00
  -1.40403889e+00
  -4.36088350e-01
  -7.01206600e-01
   5.41211075e-01
  -3.86006039e-01
   8.88227034e-01
  -3.57879463e-01
  -5.29253803e-01
  -1.06815479e+00
   3.82832193e-01
   1.56745295e+00
   3.89532384e-01
   7.07302178e-02
  -9.30798667e-01
   1.46436209e-01
  -1.63593589e-01
  -7.74272810e-01
  -5.21162805e-01
  -5.36530665e-01
   9.01358746e-01
  -8.59290643e-01
   5.87940166e-01
  -2.56995289e-01
  -1.91989123e+00
   2.44396188e-01
  -7.51691510e-01
   6.79666165e-01
  -6.85914721e-01
  -2.84112653e-01
  -1.33958780e-01
  -1.70442711e+00
  -1.25745362e+00
   6.54386203e-01
  -9.32818443e-01
   6.42046849e-01
  -2.04851696e+00
   1.02284435e+00
  -7.63751974e-01
  -4.61098283e-01
   1.88426811e+00
   6.49970644e-01
  -1.01055108e+00
   1.43267854e+00
   1.82887164e+00
  -1.58784355e+00
   9.48082432e-01
   6.41342510e-01
  -1.25816343e+00
   7.38283140e-03
   9.34926938e-01
   6.25532633e-01
   4.13506234e-01
   4.11184871e-01
   1.51611229e+00
   3.31236382e-01
   1.04316182e+00
   9.86631090e-01
  -3.59821842e-01
   8.42657881e-01
   5.68648966e-01
  -7.72139356e-01
   1.05298536e+00
   1.67402453e-01
  -1.45357733e+00
  -2.44013092e-01
  -3.68685109e-01
   4.62395553e-01
   1.48874159e+00
   7.32993458e-01
   1.88342121e-01
   1.09463186e+00
  -3.42800507e-01
   1.49469141e+00
   9.41196245e-01
   5.12273542e-01
   1.48174638e+00
   4.05791032e-01
  -5.98548461e-01
  -2.08774333e-01
  -9.81357863e-01
   1.80312778e-01
   2.89477766e-01
   1.31775063e+00
  -5.04700204e-01
  -1.74936113e-01
   8.81535471e-01
  -1.66706407e-01
  -4.96669952e-01
   5.42679631e-01
  -1.21105688e+00
  -1.97848018e+00
   6.42336966e-01
   1.53349566e+00
   2.12315712e-01
  -8.24854836e-01
  -5.99901742e-01
   2.03874052e+00
   5.90312427e-01
   7.79374860e-01
   7.58638393e-02
   1.32792191e-01
  -2.99305422e-01
   1.38919624e+00
  -7.41970647e-02
  -9.11160108e-01
   2.60606438e-01
  -1.25766184e+00
  -6.35872668e-01
   9.39349985e-01
   5.88258882e-01
  -3.26641597e-01
  -1.29119550e-01
  -8.07158767e-01
  -8.05446784e-01
  -1.95180719e+00
   2.69718166e-01
  -2.85559233e-01
  -7.44068183e-02
  -3.71132200e-01
   1.69775411e-01
   9.23011631e-01
  -1.41112352e+00
   1.13678728e+00
   3.79118259e-01
   9.61866861e-01
  -1.29810039e+00
   8.23166807e-01
   6.27970510e-01
   1.66105767e+00
   1.79044853e+00
  -1.91664300e-02
   2.53305434e-01
   4.86157455e-01
  -2.26491418e-01
  -2.42249449e+00
  -7.46679729e-04
   2.04156596e+00
   7.53366609e-01
   6.06156055e-02
  -2.53983575e+00
  -1.37604727e+00
  -9.90997656e-01
  -9.29574771e-01
   3.77497998e-01
   7.02849246e-01
   2.36192843e-01
   3.83131494e-01
   5.76928203e-01
   8.44963994e-01
   3.99568306e-01
   2.63894839e-01
   1.22572033e+00
   1.25869967e+00
   7.25010304e-01
   3.85915461e-01
  -1.42510771e+00
   1.21995018e-01
  -8.65017669e-01
   9.01094370e-03
   3.57147838e-02
   2.50672186e+00
  -2.33269631e+00
  -4.55508854e-01
  -7.61574516e-02
  -9.45507364e-01
   1.39406867e+00
   1.68657740e+00
   2.79549557e-01
  -1.24082224e-01
  -1.00453058e+00
  -4.32678186e-01
  -3.17803750e-01
   4.53765604e-01
   4.07770471e-01
  -7.20109481e-01
  -8.21050129e-01
   1.90609611e-01
  -1.05834272e+00
   8.24554711e-01
   1.16599178e+00
  -3.05421100e-01
  -1.46516518e+00
  -1.20447147e+00
  -3.45660407e-01
   1.09969523e+00
   9.16653914e-01
  -3.98002369e-01
   1.35806956e-01
   4.45181583e-01
   3.36954783e-01
   6.21330217e-01
   1.91838674e+00
   1.04152442e+00
  -2.74766181e+00
   1.77152594e+00
   2.38854205e-01
   6.18484184e-01
  -2.02127406e-01
   2.60151747e+00
  -1.37135168e-01
   1.48943848e+00
   9.48048335e-01
   2.42735742e-01
  -2.96214326e-01
   1.22995813e+00
   2.09327939e+00
   1.58116637e+00
   1.04862418e+00
  -5.06162591e-01
  -5.94797444e-01
  -9.60824296e-01
  -3.37579996e-01
  -9.17295608e-01
   9.61210139e-01
   1.33474347e+00
  -1.45471445e-01
  -1.01098859e+00
  -5.67117438e-01
   3.44786899e-01
   1.15540292e+00
   1.98709371e+00
  -2.82789014e+00
   4.66122572e-01
   5.01481654e-01
  -6.95156555e-01
   2.01009627e-01
   8.58566725e-01
