  -8.55111813e-01
   3.01610296e-01
   8.99213649e-01
  -1.01296248e+00
   1.43478480e-01
   3.03730071e-01
   4.31458967e-01
  -3.19323025e-02
   8.41271287e-01
   1.43122768e-02
  -5.08478835e-01
   2.81921742e-01
  -6.13921354e-01
   5.54099607e-01
   1.89739267e+00
  -1.51178314e-01
  -3.77339203e-01
   2.32966350e-03
   3.52159798e-01
  -1.55301996e+00
   1.55611493e+00
   1.13964024e+00
   1.66264725e+00
  -8.00269542e-01
  -7.20372594e-01
  -1.33528474e+00
   4.54533261e-01
  -1.62784000e-01
   1.77346821e+00
   1.83246041e+00
  -4.95354716e-02
  -3.18557580e-01
   5.65728141e-01
   1.62301651e-01
   2.17189997e-01
   1.32096659e-01
   1.54390123e+00
   9.48140287e-01
   3.32282692e-01
   7.69935598e-01
   2.32842940e+00
  -1.30584483e+00
  -1.34815318e-01
   8.28509009e-01
   4.84796688e-01
   6.71108761e-01
   4.16723005e-02
  -1.01400988e-01
   1.75015301e-01
   1.75940869e+00
   2.85183014e-02
  -2.14662648e-01
   1.18038337e+00
  -1.34476478e+00
  -4.60564464e-01
  -7.22183391e-01
  -1.74062435e+00
  -1.18945758e+00
   7.35594050e-01
  -1.47040731e+00
  -5.15853478e-01
  -5.51704540e-02
   5.77245436e-01
  -4.40032965e-02
   9.87398510e-01
   9.19179298e-01
  -9.27411558e-01
  -1.01476817e+00
   1.10793115e-01
  -8.63942931e-01
  -2.30791124e+00
  -3.44714883e-02
   4.31426067e-01
   2.08885222e+00
   4.75326170e-01
  -5.60984304e-01
  -7.13330481e-02
  -2.51002263e-01
  -6.58073983e-01
  -1.11280143e-01
   5.31089954e-01
   8.95385616e-01
   1.33954891e+00
   1.19963118e-01
  -1.18878973e+00
  -1.14130221e+00
  -1.47193820e-03
   1.18580879e+00
  -1.57573633e-01
  -1.48688317e+00
   1.28926858e+00
   1.36182324e-01
   1.30303761e-01
  -8.74631948e-01
  -3.94262105e-01
  -4.35938709e-01
  -2.84143607e-01
   9.69894511e-01
   7.34525237e-01
  -2.13892699e+00
  -1.60813700e-02
  -4.27581044e-01
   9.37252327e-01
   1.78849461e+00
  -2.45639483e-01
  -7.35954873e-01
   2.70820990e-01
  -5.47036673e-01
  -4.85809802e-01
   2.92281687e-01
   9.51801930e-02
   1.28695633e+00
   1.22101570e+00
   7.47917307e-01
  -5.98081201e-01
  -8.13539831e-01
   1.20557795e+00
   2.32872831e+00
  -3.92510849e-01
  -2.45334344e-01
  -2.75498444e-01
  -7.47659479e-01
  -1.33554886e+00
   9.48700794e-01
   2.09804447e+00
   6.89672500e-01
  -5.12353405e-01
   2.01008750e-02
  -9.52352228e-01
   6.83294579e-01
  -3.48823675e-01
  -5.86500405e-01
   1.15547392e+00
   1.03586203e+00
   1.38199391e+00
   1.30956316e+00
  -1.48190786e-02
  -6.22404209e-01
   1.00819168e+00
   1.76262444e-01
   3.67468906e-01
  -1.60613648e+00
   8.40286951e-01
  -1.16942778e+00
  -2.04138798e-01
   7.98373879e-01
  -9.82036532e-01
   2.80412411e-01
  -7.68239280e-02
   4.92994134e-01
   9.00047543e-01
   2.60206265e-01
   2.34089556e+00
  -1.79105105e+00
   2.70732483e-01
  -1.76856521e+00
   6.87337521e-01
  -1.30114617e+00
  -7.03380156e-01
  -5.73473880e-01
  -1.77279268e+00
   8.36188345e-03
   6.43482442e-01
   4.13440561e-02
  -7.79241630e-01
  -1.40270948e+00
   4.67483806e-01
   1.07975243e+00
   5.45549250e-01
  -2.12373074e+00
  -6.99149917e-01
   9.69719568e-01
   1.54067075e+00
  -1.28717974e+00
   1.79392258e+00
   4.20253807e-01
  -7.12347138e-01
  -5.93440231e-01
   4.27035196e-03
   4.75368631e-01
  -7.28164115e-01
  -1.23985161e-01
   9.21172780e-01
  -7.98767509e-03
   1.10798313e+00
  -1.22176678e+00
  -1.07209283e+00
   7.84842860e-01
  -5.10972564e-01
  -1.45896548e+00
   8.92168081e-02
  -1.75910090e+00
   1.24818669e-01
   1.79139625e-01
   5.43600941e-01
  -1.57864986e-01
  -7.10057562e-01
   8.23260884e-01
  -9.40387834e-01
  -1.37371092e+00
   2.59326510e-01
  -2.74473456e-01
   3.36183285e-01
  -2.63680356e+00
  -3.73694602e-01
   2.03927085e+00
  -9.13958428e-02
  -2.64717419e-01
   1.34918619e+00
  -1.60839897e+00
  -8.29381816e-01
   1.33505540e+00
   2.77113343e-01
  -6.27688546e-01
   8.24275799e-01
  -3.59956544e-01
  -4.08502649e-02
  -7.98751179e-01
  -4.00440018e-01
   1.26289812e-01
  -2.05655307e+00
  -2.92425614e-01
   2.32982942e-01
  -6.96714912e-01
   1.21635591e-01
   1.10113287e+00
  -1.29086445e+00
  -7.78597499e-01
  -1.70190594e+00
   7.38388673e-01
   1.13934919e+00
  -1.45592749e+00
  -7.90645329e-01
  -8.78964573e-02
  -6.41950280e-01
  -2.39205282e-01
   1.09692817e+00
  -7.33023910e-01
  -1.37263085e+00
  -3.73566105e-01
  -8.61829134e-02
   1.70494380e-01
  -3.51270020e-01
   2.25729061e-02
  -2.16692819e-01
  -4.97046649e-01
   3.21466330e-01
   1.42593725e+00
  -4.31348270e-01
   1.07273653e+00
   6.18389018e-02
  -3.07515914e-01
  -9.94660627e-01
  -3.78564120e-02
   1.74166314e+00
  -3.62195278e-01
   4.00515731e-01
  -8.28429908e-01
   1.11785340e+00
  -1.99604376e+00
  -1.04306975e-01
   1.13106495e-02
  -5.30921926e-01
  -2.27567764e+00
   3.16634036e-01
   7.98277111e-01
  -1.07144476e+00
   2.08625877e+00
  -9.60055780e-01
   4.64038281e-01
   3.74120058e-01
   1.77609281e-01
   2.78491417e-01
  -5.06477346e-01
  -9.03013770e-02
  -7.33215318e-01
   7.33820756e-02
   1.42829454e-02
   1.48388112e-01
  -2.32721687e+00
  -8.06653349e-01
  -1.03888548e+00
  -2.42843638e-01
  -2.19360404e-01
  -4.23580976e-01
   4.63271777e-01
  -1.76169550e+00
   2.78724383e-01
  -4.13385697e-01
  -1.15699702e+00
   3.49114270e-06
   1.76389702e+00
  -1.01833997e+00
   8.20819622e-01
   1.38792065e+00
   1.54840268e+00
  -1.62669501e+00
   8.96485591e-01
  -3.08156157e-01
  -1.54987799e+00
   3.94208954e-01
  -9.61244756e-02
  -3.07526291e-01
   1.17604153e+00
  -1.82792438e+00
   2.45630457e-01
  -9.44374908e-02
   2.45146969e-01
  -2.81469465e+00
  -2.54298422e-01
   4.41659324e-01
  -5.49775282e-01
   9.66203293e-01
   6.52758462e-01
  -5.23886870e-01
   1.82204380e+00
   2.90268344e-02
   1.04879018e+00
  -1.00817529e+00
   6.71368667e-01
   9.46352969e-01
  -3.12239125e-01
  -1.07970581e+00
  -6.89972643e-01
   5.43521343e-01
   1.95406891e+00
  -1.29989194e+00
   9.03178560e-01
  -5.19758956e-01
   3.45904580e-01
   1.29653806e+00
   2.82312594e-02
   9.27408931e-01
   1.81503626e-01
  -8.77630584e-01
  -6.69421581e-01
   2.85605077e-02
   2.98921262e-01
   1.72678769e+00
   8.16107844e-01
  -1.64772896e-01
  -1.83494957e+00
   1.21283828e+00
  -1.66379240e+00
  -5.41178510e-01
   1.52007944e+00
  -3.92654853e-01
  -5.74703097e-01
   4.47891428e-01
  -1.20558167e+00
   1.12677998e+00
   3.89701120e-01
   2.05620967e+00
   2.87074321e-01
  -5.37322588e-01
   6.39770385e-01
   4.83325312e-01
   1.45425667e+00
  -1.37127692e+00
   6.05202957e-01
  -7.89889251e-01
   3.84592787e-01
   7.49005135e-01
   1.15947150e+00
   1.03428066e+00
  -8.32744727e-01
  -1.80231221e-01
   6.97222087e-01
  -6.03035330e-02
  -1.18075690e+00
   6.42941048e-02
  -2.52430292e-01
  -1.26915780e+00
   1.78265784e+00
  -2.50400208e-01
   1.86238626e-01
  -1.06393045e+00
  -9.94232441e-02
  -7.25324047e-01
   1.47322418e+00
   3.59910910e-01
  -1.06023392e-01
   7.72603280e-01
   1.16970957e+00
   3.34998203e-01
   1.32402068e+00
   6.98378130e-01
  -2.40543265e+00
   6.09083864e-01
  -4.34948012e-01
  -6.00945508e-01
  -1.65286939e+00
  -7.17438037e-01
   1.70576911e+00
   6.63017260e-01
   1.22397094e+00
  -6.04560620e-01
   6.04694401e-01
  -1.95278062e-01
  -2.88478514e-01
   1.74903251e+00
  -6.81209736e-01
   7.39728190e-01
  -1.62684096e+00
   7.19744337e-01
  -1.19476232e-01
  -1.23117870e-01
   6.89412887e-01
   5.40138501e-01
  -4.50359726e-01
   1.00208441e+00
  -1.42411395e+00
  -9.34760053e-01
  -2.83758509e-01
  -9.04767518e-01
  -1.07814203e+00
  -1.72298033e+00
  -1.18891570e+00
  -6.72249048e-01
   1.20698939e+00
   2.56906766e-01
   1.63979891e+00
  -3.62751994e-01
   8.66227073e-01
   5.49782431e-01
  -2.47540286e+00
  -7.55363768e-02
  -3.37072844e-01
  -1.13581250e+00
   9.23932771e-01
  -4.48961603e-01
   8.46431878e-02
  -1.62705903e+00
  -4.37535556e-01
   1.28730467e+00
  -6.12857894e-01
  -1.84788426e-02
  -6.22140067e-01
  -4.61555655e-01
  -6.35750787e-01
   4.97503566e-01
  -1.26624264e+00
   2.37529120e+00
   1.08094928e+00
   6.21200686e-01
   4.17549242e-02
  -6.25011670e-02
  -1.58291040e+00
  -6.73682380e-01
  -9.25711261e-01
   5.87688551e-01
   8.31284435e-01
  -1.10477778e+00
  -9.92930350e-01
  -2.40407804e-01
   1.37394976e+00
  -5.64251591e-01
  -4.95148811e-01
   9.39951261e-01
  -2.82382700e-01
   4.31865201e-01
   4.09534266e-01
  -1.75991803e+00
   1.49503191e+00
  -9.32752429e-01
  -1.95801841e-01
  -8.17637423e-01
  -8.10031697e-01
   4.61091065e-01
  -1.81393695e+00
   7.52568468e-02
   2.68245135e-01
  -2.80674318e-01
   5.48787480e-01
  -3.47238786e-01
   1.10667284e+00
   5.04404022e-01
  -7.33611483e-01
   1.41826083e-01
  -5.93727634e-01
   2.70791623e+00
   1.03703502e+00
  -6.84753720e-02
  -9.58169815e-01
  -4.57793129e-01
   6.59855096e-02
   5.76566488e-01
  -7.99590515e-01
  -1.36183130e+00
   4.49149041e-01
  -2.61760659e-01
   1.87406244e+00
   1.40587554e+00
   7.45583031e-01
  -1.81741546e+00
  -1.93845288e-01
   1.64252417e+00
  -2.32212754e-02
  -2.06962411e+00
  -6.31076771e-01
  -6.60169136e-01
   1.17031765e+00
   2.46760653e+00
  -2.00582795e-01
   4.81918377e-02
  -3.17414057e-01
  -1.73714429e+00
  -9.02197312e-01
   9.80312507e-01
  -2.13702211e-01
  -1.43512468e+00
  -2.71931938e-01
   7.38951660e-01
   2.06712993e+00
  -1.64453416e+00
  -1.15422103e+00
   9.69472535e-01
   3.80231833e-01
  -6.83965122e-01
   2.50929630e-01
   1.33139714e+00
   3.12949293e+00
  -1.22134365e-01
  -1.64304229e+00
   1.17381973e+00
  -1.07139494e+00
  -4.47473020e-01
  -1.45174109e+00
   1.08150768e-01
   1.50712913e+00
   4.73686035e-01
   4.59678770e-01
   2.33731564e-01
  -5.54554273e-02
  -2.46135484e-01
   1.21302624e+00
   7.92262931e-01
   1.63838818e+00
  -1.16697179e+00
  -1.34184116e+00
   1.78820061e+00
  -6.36411778e-02
  -3.01081230e-01
  -1.48725624e-02
   1.32219498e+00
   5.17044041e-01
  -2.03132496e+00
  -9.13857828e-01
   1.59943674e+00
  -2.97242696e-01
  -7.41381639e-01
   7.02147106e-02
  -2.38658082e-02
   1.43374704e-01
   9.20278304e-01
  -4.52070945e-01
  -2.15756214e+00
   4.78179879e-01
  -8.05445595e-01
  -5.84543108e-01
   9.19222983e-01
  -1.41184215e+00
  -2.96766659e-01
  -4.31276518e-01
   1.80258408e-01
  -8.72557883e-02
  -5.91547795e-01
   1.39363186e+00
   7.25445852e-01
  -6.24068617e-01
   1.45276932e+00
   2.18830910e+00
   1.33787871e+00
  -1.22775083e+00
  -5.62821594e-01
  -1.03790274e+00
  -6.85578162e-01
   1.37656043e-01
  -3.63258014e-01
   6.52617941e-01
  -4.21540458e-02
  -5.77107680e-01
  -1.72799132e+00
   5.15983095e-01
   8.07302163e-01
   1.28402596e+00
  -1.44730811e+00
   7.11061226e-01
   3.64185010e-01
   5.96096524e-01
   1.78633959e-01
  -7.18640954e-01
   1.42901197e+00
   1.34969022e+00
  -3.40965392e-01
  -2.02094847e+00
  -7.44317653e-01
  -9.05830522e-01
   2.03422887e+00
   2.07500755e-01
  -6.09038773e-01
   1.59817035e+00
  -2.04105879e-02
  -1.91811378e+00
   1.00338889e+00
   2.67546120e+00
   5.14255326e-01
   1.58907290e-01
  -8.30646521e-02
   1.29035002e+00
  -5.36042519e-01
  -7.92572703e-01
  -5.14940583e-01
   2.26536721e+00
   9.89481059e-01
  -5.67699564e-01
  -6.83415788e-01
  -1.55311430e+00
  -8.19015838e-01
  -5.18963067e-01
   5.87285848e-01
   6.99620433e-02
  -6.49141753e-01
  -3.77629512e-01
   2.93469324e-01
  -3.11426529e-01
  -1.15584917e-01
   2.92363405e-01
   2.75473871e-01
   1.40796210e+00
  -8.44704565e-01
  -2.92251234e-01
  -2.16160364e-01
   9.12131361e-01
   1.97212500e+00
   1.04980053e-01
  -9.96904313e-01
   9.26202480e-01
   6.71569631e-01
  -6.56462368e-02
   2.93524481e-01
   9.80124334e-01
  -1.05858167e+00
  -1.73583640e-01
  -5.66216393e-01
  -1.10830541e-01
  -2.52410012e-01
   5.12843764e-01
  -1.12791141e+00
  -7.66300606e-01
  -6.31687008e-02
   6.60639342e-02
   1.09883215e+00
  -2.39434140e+00
  -9.83805745e-01
   1.37389649e+00
  -3.25303884e-01
   1.41989397e+00
   4.72221284e-02
   1.49191218e+00
  -1.55414966e+00
  -9.79384826e-01
   9.31999985e-01
  -2.09412371e+00
  -1.26677890e+00
  -2.34430774e-01
  -6.30536927e-01
  -9.83796612e-01
  -3.58645921e-01
  -7.37142561e-02
   5.14007747e-01
   1.24463193e+00
   6.63924703e-01
   1.10543069e+00
   1.13590858e+00
   1.25711363e+00
   7.42334732e-01
  -3.64388325e-01
  -1.43236394e-01
  -1.71656716e+00
   1.34272067e+00
  -5.32452117e-01
  -5.89885889e-01
  -4.74874892e-01
  -9.55501949e-01
  -1.12442052e+00
  -7.88575984e-03
   1.17794529e+00
   2.58490297e-01
   8.79532690e-02
   1.90989223e+00
  -8.92695703e-01
   1.47746674e+00
   1.35256465e+00
  -3.14418670e-01
  -3.53935267e-01
   1.11656419e+00
  -2.27635668e+00
  -1.97245949e+00
   2.24134923e-01
   2.36094241e+00
   8.11138098e-01
  -9.45880822e-01
   6.60227796e-01
  -6.92800482e-01
   5.90161585e-02
  -4.86636656e-01
   6.38940306e-01
   3.28096023e-01
   3.45060572e-01
   3.32967465e-01
   5.50862055e-01
   6.43710541e-01
  -3.99661026e-01
   1.32542988e+00
   1.03593405e+00
   3.81768891e-01
  -6.82604296e-01
   9.48054794e-01
   1.11274082e-02
   1.22590806e+00
   1.97787291e+00
  -1.95971105e+00
  -1.27397663e-01
   7.59549173e-01
   7.25251726e-02
  -1.88431724e+00
  -1.77013288e+00
   1.93171405e-01
   1.07315827e+00
   6.88067221e-01
   2.58711261e-02
  -3.84943922e-01
   1.10159113e+00
  -8.73124827e-01
  -4.62299520e-01
   6.21793275e-01
  -9.51448912e-01
  -4.58551887e-01
  -5.03673311e-01
  -1.78117892e+00
  -2.67744776e-01
   7.94203184e-01
  -5.00659969e-01
  -6.75742748e-01
  -3.89230700e-01
  -1.41515962e-01
  -1.15995199e+00
  -1.79508876e+00
  -5.65119232e-01
   2.47752204e-01
  -1.01045644e-02
   7.83296557e-01
   1.25059216e-01
   9.90006053e-01
  -1.30096963e+00
   1.82226096e+00
  -3.12689429e-01
   7.04793742e-01
  -1.39825413e+00
  -4.17678234e-01
   1.08313287e+00
   4.74307622e-01
   5.15159051e-01
  -1.76574487e+00
  -7.37261339e-01
   8.52750060e-01
   1.01249784e+00
  -3.17120012e-02
   8.39174249e-01
  -7.67432708e-01
  -7.29310480e-02
  -2.57187242e-01
  -6.59467542e-01
   1.48143547e-01
  -5.46756706e-01
  -1.00346274e+00
  -1.35857016e+00
   1.60274416e+00
  -6.26243951e-01
  -7.44173607e-01
   2.14999610e+00
   1.78856227e+00
  -5.35344919e-03
   5.07740869e-02
   1.76727455e+00
   1.10460931e+00
  -5.16101073e-01
  -6.33264011e-01
  -1.53603554e-01
  -1.24378801e+00
   7.45496929e-01
   8.82511433e-01
   1.09808003e+00
  -1.48143187e+00
  -1.13181495e+00
  -1.07125150e+00
  -2.39195016e-01
   5.57300801e-01
  -4.76202074e-01
  -5.86214695e-01
   1.16559743e+00
  -9.55010915e-02
  -1.82917351e+00
   7.59968510e-01
  -1.02784770e+00
   3.72283329e-01
  -5.70158057e-01
  -8.19594851e-02
   6.90306214e-01
  -1.22606226e+00
   1.50728191e+00
  -1.13630877e+00
   4.91978639e-01
   4.65727127e-01
  -3.16174406e-01
  -1.34371074e+00
  -4.25209526e-01
   1.58993646e+00
   1.46225136e-01
   2.09572675e-01
  -2.32380934e-01
   1.32631069e+00
  -2.13896985e-01
  -3.55497085e+00
   6.67794445e-01
   1.30477739e+00
  -2.62872558e+00
  -5.20319510e-01
  -1.22642782e-01
  -7.72772165e-01
   6.51273974e-01
   3.13137387e-01
   1.18013928e+00
  -1.22869270e+00
   1.78242478e+00
  -5.18337077e-02
   4.44517895e-01
   1.23324059e+00
   1.98816897e+00
  -6.36229689e-01
   4.56683614e-01
  -6.37192102e-01
  -8.43250943e-01
   7.50737269e-01
  -4.49664081e-01
  -9.33316198e-01
   4.10727412e-01
   1.30398132e+00
   8.49068960e-01
   1.14118849e+00
  -6.70794256e-01
  -1.41934503e+00
   1.72232178e-01
   1.47994789e+00
   6.99473767e-01
  -9.21931040e-01
  -1.69592091e+00
   3.17665689e-02
   7.24869001e-01
  -3.83577513e-01
   2.13314091e-01
   7.10483376e-01
   1.46343974e+00
   6.52931751e-01
  -4.79274021e-01
  -2.91898621e-01
   9.38033891e-01
   2.77582732e-01
   7.82513301e-01
  -6.41744651e-03
   7.71652596e-01
  -1.84632449e+00
   7.56613849e-01
  -1.33104169e-01
   6.32998408e-01
   3.75401629e-01
   1.31361629e+00
   8.36101589e-02
   1.79203694e+00
   7.87630242e-01
   7.44229087e-01
   3.69088657e-01
   1.51923279e+00
   2.25451810e-01
  -1.10287351e+00
   5.50653030e-01
   1.09646024e-01
   1.02188645e+00
  -6.58772171e-01
  -1.00428598e+00
   6.79615657e-01
   5.91555386e-01
  -4.07588308e-01
   1.15809333e-01
   8.65031447e-01
  -3.45276867e-01
  -1.17314783e+00
   5.54165890e-01
   2.20012988e+00
  -1.48403517e-01
   9.05442945e-01
  -2.02510904e+00
  -2.07734483e-01
   1.06727048e+00
   2.98984337e-01
  -4.69382876e-01
  -9.86411202e-01
  -1.15256720e+00
  -6.69985022e-02
   1.46603621e-03
  -1.38704595e+00
   1.39667086e+00
  -7.99723598e-01
  -3.13080884e-01
  -1.40147962e+00
  -1.31482581e+00
  -2.87553248e-01
   2.62183134e-01
  -1.98843279e-01
   1.73850990e+00
  -7.06051385e-01
   1.69612253e+00
   1.75818808e+00
  -2.65214504e-01
  -9.34243967e-01
  -3.18865982e+00
  -4.43458777e-01
   8.74638292e-01
   2.32806111e+00
  -3.37249630e-01
  -7.17513975e-01
   2.66549963e+00
  -4.44000105e-01
   1.78498753e+00
   1.11527970e+00
  -1.96671463e-02
   4.90059584e-01
  -1.91956614e-01
   9.84345656e-01
   4.15521354e-01
  -8.12992950e-01
  -2.56826802e-01
  -1.78794081e+00
   6.74537466e-01
   6.83039643e-01
  -5.26942157e-01
   1.35306895e+00
  -1.29522082e+00
   3.12598651e-01
   3.10027383e-01
   2.26752182e-01
   2.61587386e-01
  -5.40623345e-01
   7.29861656e-01
  -7.29536282e-01
  -6.04813684e-01
  -1.42309288e+00
   2.60831104e+00
  -2.21107990e+00
   2.43399478e+00
  -8.05075731e-01
  -1.58511650e+00
   9.42216527e-01
  -1.06561068e-01
  -5.30034497e-02
   1.15777637e+00
   1.56867563e+00
  -7.70338293e-01
  -6.92997395e-02
   8.94066375e-01
   3.20210568e-01
   1.33072109e+00
   1.15475462e+00
  -7.31186736e-01
   1.42479129e+00
  -2.16165721e-01
   1.62871585e+00
   2.19428902e+00
   8.11027672e-01
  -2.02250400e+00
  -1.40208592e+00
  -9.64515834e-01
  -9.71726758e-01
  -1.39105985e+00
   4.96401747e-02
  -1.08140316e+00
  -4.90182104e-01
  -7.83483854e-01
   2.20851558e-01
   1.28033259e+00
  -2.19983865e+00
  -6.76343890e-01
   2.87596298e-01
   9.38688052e-01
   9.70442967e-01
   1.12160941e+00
  -1.26908656e+00
   1.34652093e-01
  -7.74196187e-02
   3.32277509e-01
  -8.96330360e-01
   1.46594115e+00
  -7.25168742e-01
   3.37914633e-01
   3.10114161e-01
  -1.34866147e+00
  -1.36303345e+00
   7.53729258e-01
   1.77046769e+00
   3.60502870e-01
  -6.77325492e-01
   1.05187780e+00
   3.93897194e-01
  -7.14083516e-01
  -3.68564696e-01
  -1.78701552e+00
  -1.32356946e+00
   2.70958269e-01
  -4.13320323e-02
   8.05556611e-01
   2.70705074e-01
  -6.79848799e-01
   1.04889155e+00
  -1.58501983e+00
   2.19645863e+00
   1.30629681e+00
  -1.02436671e-01
  -1.33798146e+00
  -1.32695674e+00
   2.74821129e-01
  -4.90636737e-01
   3.41470647e-01
  -8.84630396e-01
  -4.82798981e-01
  -4.84889382e-01
  -1.48260987e-01
   3.38624972e-01
  -2.87390746e-01
  -1.54439856e+00
   2.86785228e-01
  -1.21545088e+00
   5.21194060e-01
   1.42295631e-01
   1.89212836e-01
   6.74854207e-01
  -4.57284410e-01
  -2.61747388e-02
  -6.81009807e-01
  -6.21026609e-01
   4.58103297e-02
  -8.49824467e-02
  -3.64971295e-02
  -2.89109511e-01
   9.04878726e-01
  -7.09662004e-01
  -1.18709732e+00
   6.43239874e-01
  -1.00380999e+00
  -6.80267235e-02
   1.76949710e+00
   2.17286795e+00
   5.65502247e-01
  -7.31164334e-01
   3.96207297e-01
  -1.24874596e+00
  -5.53380540e-01
   1.07771781e+00
  -9.52781422e-02
  -2.91892168e-02
  -3.94548678e-01
  -1.03502099e+00
   5.85012461e-01
  -4.79465238e-01
   1.11719672e+00
  -1.70458889e-01
  -1.84867424e-01
  -1.36395231e+00
  -9.35900233e-01
   7.25021772e-01
   2.81094334e+00
  -1.35541475e+00
  -1.55418037e+00
  -6.95033034e-01
  -5.76440063e-01
  -9.73106760e-01
  -5.20754753e-02
  -1.53859044e-02
  -1.04456526e-01
   4.34822187e-01
   1.39060935e+00
  -8.65988081e-01
   6.47566572e-01
  -8.12719359e-01
  -2.03053234e-01
  -1.35681276e+00
  -8.22064953e-01
   8.34492325e-01
   4.51742327e-01
   2.84325042e-01
   4.34017867e-01
   1.67709362e+00
  -9.94189102e-01
   4.92700205e-01
   1.79202193e+00
   1.63264324e+00
   1.12866934e+00
   9.10356014e-01
   2.84959885e-01
   2.31987818e+00
   5.38962427e-02
   6.19519739e-01
  -1.06092084e+00
   1.21200179e+00
   9.01640159e-01
   4.49482181e-02
  -4.65413325e-01
   3.28045806e-01
   1.91191149e+00
  -8.55086538e-01
   1.50414681e+00
   1.63716177e-01
  -1.92266145e+00
  -5.39082134e-01
  -2.91735424e-01
  -8.57553472e-01
  -4.36671721e-01
  -1.94013579e+00
   1.58654445e+00
   1.59532413e-01
  -1.41588273e+00
  -3.41552390e-01
   1.64385089e-01
  -4.83072549e-01
  -1.11823877e+00
   4.97156102e-01
  -3.56438427e-01
  -2.34355470e+00
   8.41373669e-01
   1.18345061e+00
   1.35044234e-01
   2.80898796e-01
  -1.45174349e+00
  -4.08745735e+00
  -6.42615664e-01
  -8.93277030e-01
   1.01857002e-01
  -2.64844543e-01
  -6.44726803e-01
  -9.45016527e-02
  -9.64641832e-01
  -5.12631489e-01
  -5.32362863e-01
  -1.27273216e-01
   6.97111039e-01
  -6.88676635e-01
   1.39546210e+00
   2.02587081e+00
   7.56094502e-01
   1.48083825e-01
   7.54602170e-01
  -8.43393157e-02
  -3.65051329e-01
  -1.02200359e+00
  -1.24747983e+00
  -8.19905885e-02
   8.45468087e-01
  -4.59818216e-01
   6.04313817e-01
   1.24017146e+00
   6.62227427e-01
   1.26012426e+00
   4.30986766e-01
   1.02543782e+00
   1.63530885e+00
   1.64930897e-01
  -8.65958671e-01
  -4.52875963e-01
  -3.72200712e-01
   5.24547377e-01
   8.23277879e-01
   2.35545660e-01
  -6.79474392e-01
  -9.91038567e-01
  -4.78616865e-01
   1.69114850e+00
   2.90904602e-01
  -1.30326301e+00
   1.30239598e+00
  -4.35489785e-01
  -1.51810191e+00
   4.58474905e-01
  -4.62304471e-01
   1.47571119e+00
   9.01059015e-01
   1.03119256e+00
  -8.15566003e-01
   1.01248323e+00
   6.37049064e-01
   8.84156799e-01
  -4.02688200e-01
   4.34081662e-01
  -8.11180941e-01
  -6.29382918e-01
   1.18157815e+00
  -5.46834070e-01
  -8.14597814e-01
   7.82334859e-01
   3.76603220e-01
   1.04290292e+00
  -1.24362669e+00
   1.91292380e+00
   6.42322478e-01
  -6.42696709e-01
  -6.25840217e-02
   7.08276148e-01
  -2.00524156e-01
   2.56055112e-01
   1.98034751e-01
   1.24312921e+00
  -1.25934245e+00
  -8.57751806e-01
  -8.27834173e-01
   1.72242461e+00
   5.13414283e-01
  -1.49958408e+00
   1.57975080e-02
   4.74744564e-01
  -1.36142345e-01
  -3.14082357e-01
  -2.50711422e+00
   5.30049365e-01
   1.63006533e+00
  -3.24364179e-02
   8.96363304e-01
  -2.14304711e+00
  -3.12140434e-01
   8.89267995e-01
   1.55471563e-02
   1.63342955e+00
  -1.47886680e+00
  -2.68231554e-01
   5.83894041e-01
   5.60680526e-01
   8.71455682e-01
   6.28430714e-02
   9.13969870e-01
   5.02857374e-01
   1.23232825e+00
  -9.31298436e-01
   3.34604833e-01
   8.20843402e-01
   1.26105512e+00
   1.17905785e+00
   1.43597715e+00
  -1.40358448e+00
   2.19047297e-01
  -1.59829442e+00
  -2.10364440e-01
   3.42956155e-01
   1.41169756e+00
  -4.75172855e-01
   5.92866625e-01
  -1.21379772e+00
   1.58307802e+00
   1.55554002e-01
   1.69594189e+00
  -1.29956130e+00
  -8.46273293e-01
  -1.32326472e+00
   1.53717906e+00
  -8.43149906e-01
  -1.16779745e+00
   4.32613068e-01
  -6.87991831e-01
  -9.30465941e-01
  -9.72918617e-01
  -5.12261637e-02
   1.07925807e+00
  -4.27948991e-01
  -6.45398263e-01
  -2.25701538e-01
  -5.18785665e-01
  -1.38510792e+00
  -2.23524615e-01
  -9.38876128e-01
  -2.74782209e-01
  -4.18073893e-01
  -9.78389936e-02
   7.17119992e-01
  -1.65094657e+00
   6.81064415e-01
   1.97190892e-01
  -8.96089360e-01
  -1.25533264e+00
  -7.34597202e-01
  -8.73674762e-01
  -4.12494644e-02
   4.28506913e-01
  -1.05776650e+00
   5.57152696e-01
   1.26949442e-01
  -4.65733102e-01
  -4.97649289e-01
  -8.34137304e-01
  -4.89639277e-01
  -3.38270265e-01
   2.14547376e+00
   1.48662412e+00
  -4.37674976e-01
  -5.06827634e-01
  -1.20268349e+00
  -1.54184437e-01
   1.16689638e+00
  -1.47123975e-01
   1.68306842e-01
   6.48981802e-01
  -1.24424094e+00
  -1.03351219e+00
   6.43178076e-01
  -4.14806775e-01
  -1.00143764e+00
  -7.95498522e-01
  -1.75002698e-01
  -1.24150257e-01
   7.57165467e-02
   8.82629965e-01
  -8.78919378e-01
  -8.44718553e-01
   1.23848071e+00
  -9.75716042e-01
   4.16953666e-01
  -1.50699350e-01
   2.03864679e-01
   4.07797833e-01
  -5.49160762e-01
   9.97870151e-01
  -1.71114019e-01
   3.13191055e-01
  -1.90711645e+00
   9.03859468e-01
   7.42273558e-01
  -1.51473911e+00
   5.26536344e-01
  -2.10112501e+00
   4.16665491e-02
   2.38697625e-02
   1.55422441e+00
   5.78633736e-01
   1.52146815e+00
  -5.33132029e-01
  -5.02151225e-01
  -9.67068069e-01
  -1.44577621e+00
  -9.13790481e-02
  -1.89683640e+00
   3.46855500e-01
  -7.41509733e-01
  -1.43126505e+00
   1.52022511e-01
  -1.93424248e-01
   8.55024329e-01
   2.39449269e-01
   9.16338907e-01
   5.66579925e-01
   3.82733406e-01
   2.11470895e-01
  -8.28178420e-02
  -7.84222157e-02
   9.02312763e-01
  -5.56939662e-01
   1.30451425e-01
   1.60986795e+00
   3.26266067e-01
  -1.45441439e+00
  -1.07907138e+00
  -7.20693973e-01
   2.24261630e-01
   1.02980788e+00
  -2.39322452e-01
  -7.62759521e-01
  -4.51965598e-01
  -2.24189594e-01
   2.45771141e+00
   3.71951799e-01
   9.71876377e-03
  -1.22269597e+00
  -3.65009538e-01
   1.58038979e+00
  -5.12219230e-01
  -3.22425345e-02
   1.51520712e+00
   9.25145484e-01
  -8.78575271e-01
  -3.22880324e-01
  -4.19305431e-01
   1.14313254e+00
  -2.61063514e-02
   1.17879470e-01
   1.00131793e+00
  -5.36128344e-02
  -7.64093377e-01
  -9.85845009e-01
  -6.89132234e-01
  -5.95288546e-01
   2.25703518e-01
  -7.46529931e-01
  -8.24035105e-01
   1.79234642e-01
  -9.19137716e-01
  -1.78105987e+00
  -9.78643064e-02
  -7.07843746e-01
   8.51630057e-01
   3.53021821e-02
   8.75037728e-01
  -1.18313307e+00
   1.00057647e+00
   1.93300753e+00
  -5.46264970e-01
   2.91472242e+00
   6.00979218e-02
  -8.27503418e-01
   1.23330482e+00
   3.57105887e-01
   6.28648498e-02
  -1.73264636e-01
  -6.78320647e-01
  -3.25874736e-01
  -2.55467049e+00
   4.24674762e-01
   3.26123253e-01
  -1.68849794e+00
  -9.54245472e-01
   5.91034208e-02
  -6.83475863e-01
   1.17852181e+00
  -5.84483134e-01
  -1.13733665e+00
   8.14150615e-01
   3.54465337e-01
   2.34021614e+00
  -1.52916451e+00
  -8.38251249e-01
  -1.19797162e+00
  -1.03352952e+00
   6.27860363e-01
  -1.26561875e+00
   1.49092536e-01
   7.20755784e-01
  -1.62965942e-02
  -2.43410386e-01
   1.39585269e-03
   7.83165888e-02
  -2.98741064e-01
  -3.41019333e-01
   1.47476575e+00
  -6.21520124e-02
  -2.02945430e-01
  -2.15003356e+00
   1.98115589e+00
  -1.52687990e+00
   1.30683330e+00
  -1.43407399e+00
  -9.54396774e-01
  -5.41461600e-01
  -3.22139006e-01
   2.33566572e-01
   7.14040663e-01
   4.53041117e-01
   9.04298614e-01
   1.18243788e+00
   1.41734810e+00
  -7.35504426e-01
  -1.58651066e-01
  -1.30177933e+00
   3.22071402e-01
   2.21274035e-01
  -2.12289539e-01
   3.13286083e+00
   1.54448350e+00
   7.25095323e-01
   9.24621198e-01
   1.38980412e+00
  -2.16630757e+00
  -3.03583251e-01
   3.43457332e-02
  -7.93424932e-01
  -5.40099342e-01
   7.20212932e-02
   5.12905117e-01
   3.27232184e-02
  -6.46342861e-01
  -8.63920031e-01
  -9.66423162e-01
   3.56373200e-01
   1.41808634e+00
  -9.99887109e-01
   1.30711501e+00
   2.24551459e-01
   1.26631604e+00
   3.72063264e-01
  -1.16127044e+00
  -3.39618785e-01
   2.43419631e-02
   3.94162582e-01
   6.74192404e-02
   7.48851043e-01
  -3.50656208e-01
  -7.02896486e-01
  -9.05720163e-01
  -3.33983335e-01
   9.07425127e-02
  -1.71498235e+00
   5.28001859e-01
  -1.06493595e+00
  -1.00246016e-01
  -1.43200181e+00
  -3.54328019e-01
  -1.77350813e-01
   4.22281916e-01
  -5.46049363e-01
  -1.81601664e+00
   3.52263262e-01
   4.67476059e-01
  -7.88608757e-01
  -5.19779004e-01
  -6.10777126e-01
  -9.72244009e-01
   7.23236876e-02
  -2.99432322e-01
  -5.51339123e-01
   2.32905639e+00
   1.98616685e-01
   6.90306921e-01
  -3.92686984e-01
  -5.79516731e-01
  -1.19678965e+00
   1.16194212e+00
   9.98707848e-01
  -1.99241183e-01
   8.81986198e-01
   1.00729985e+00
  -1.87208376e+00
  -2.21910667e+00
  -5.57294362e-01
   3.89324167e-01
   1.57059450e+00
  -8.67474526e-01
  -3.16751037e-01
  -2.85265105e-01
  -3.53300746e-01
   2.54357557e-01
  -4.71326723e-01
  -9.81420921e-01
  -1.39270964e+00
   6.74312546e-01
  -4.84584662e-01
  -6.64028586e-01
   5.09482653e-02
  -8.84647099e-03
   4.75930805e-01
   2.11886331e+00
  -6.35460712e-01
  -5.03423725e-01
  -6.38858928e-01
   1.08849472e+00
  -8.00590074e-01
   1.10374066e+00
  -1.19656858e+00
  -8.30313958e-01
   1.18105706e+00
  -2.26088318e+00
   1.64421271e+00
   6.64422881e-01
   1.89498225e+00
  -1.02650985e+00
   1.18776818e-01
   4.56462510e-01
   1.58764447e+00
  -1.17430828e+00
   1.15722943e+00
   2.76690896e-01
   1.26430365e+00
  -2.87514916e-01
  -5.58323106e-01
  -4.66852848e-01
  -1.59587253e+00
  -5.20078553e-01
   6.06951531e-01
  -7.58571723e-01
   4.24388255e-01
  -7.95268904e-02
  -1.48511283e+00
   3.22890145e-02
   1.14979665e-01
  -5.55001467e-01
   4.35733765e-01
   3.37498045e-01
   8.60447073e-01
  -3.98393614e-01
  -1.08946479e+00
   8.36831380e-01
   1.97076859e+00
   7.57450674e-01
  -3.21859267e-01
   1.66413322e-01
   4.48947401e-03
  -6.40911923e-01
   1.15336145e-01
  -1.28849679e+00
  -1.12312872e+00
   8.22114693e-01
   9.09521535e-01
  -3.07300015e-01
   8.22199202e-01
  -2.16822800e-01
  -1.30995080e+00
   1.28241304e+00
  -2.06542736e-01
  -1.69441158e+00
   6.81755188e-01
  -4.75212775e-01
   1.52636959e+00
  -1.03157229e-01
   9.03941811e-01
  -6.56977008e-01
  -9.71507231e-01
  -1.55340121e-01
   1.99769339e-01
   1.00191499e-02
  -1.56076344e+00
   2.33735371e-01
  -5.45840166e-01
   1.81911257e+00
  -6.92559904e-01
  -2.62079612e+00
   1.47966068e+00
  -1.29796757e+00
   1.59161775e-01
   1.81104842e+00
   1.73204477e+00
  -5.18938651e-01
   7.48713187e-01
  -2.92942978e-01
   2.90889184e-01
  -1.27764075e+00
   1.95595807e+00
  -1.92425519e+00
  -3.18870070e-01
   5.45257202e-01
   1.20022263e+00
   3.12518276e-01
   9.00989891e-01
  -1.74919772e-01
  -3.39070845e-01
   2.52015023e-01
  -2.44420298e-01
  -1.34677385e-01
   1.16324645e-01
   1.00931761e+00
  -1.31457278e+00
   5.96183450e-01
  -6.84333621e-01
  -3.72326226e-02
   3.66636042e-01
   1.65473209e-01
   2.10696283e-01
  -1.87545952e+00
  -1.41643511e+00
   8.27664962e-01
   9.95697045e-01
   1.44766910e+00
   1.10168083e+00
  -8.61225321e-02
  -1.94273551e-03
  -1.75701881e+00
   1.56882751e+00
   1.68713347e+00
   2.11923602e+00
   1.67435607e+00
   4.42050101e-01
  -1.58361829e+00
  -9.81330480e-01
  -5.84530481e-01
  -6.81607737e-01
  -1.94768591e+00
   1.65405593e+00
  -9.85159939e-01
  -1.24618281e-01
   8.04353670e-01
  -1.25092990e+00
   2.13641065e+00
  -1.98178599e+00
  -4.91827014e-01
   2.89084851e+00
   6.11523697e-01
   1.36663502e-02
   2.23170578e-01
  -1.21262383e+00
  -9.23698615e-01
  -2.08517493e+00
   4.29432801e-01
   2.11599287e+00
  -1.30137475e+00
   1.22440112e+00
   1.13666925e+00
   9.40070523e-01
  -1.57304576e-02
  -2.48076898e-01
   9.38747286e-01
   2.65630851e-02
  -7.69201335e-01
  -5.24797340e-01
  -4.74445807e-01
  -8.68491077e-01
   8.53518535e-01
  -1.47089547e+00
  -4.44707934e-03
   8.17001692e-01
  -2.08838814e-01
   7.82933876e-01
  -8.16143876e-01
  -1.10472898e+00
  -1.21341142e+00
  -1.78365746e-01
   1.23988388e+00
  -1.02627887e+00
   4.60644964e-01
  -6.64095471e-01
  -2.25622137e+00
  -5.07901613e-01
  -1.54369947e+00
  -4.35246498e-01
   4.07374995e-02
   1.98294497e-01
   8.38248301e-01
   1.26378640e+00
   2.62291444e-01
   8.36969893e-02
   7.89178638e-02
   1.34647402e-01
  -3.84571026e-01
  -5.90391477e-01
  -5.65380659e-01
   3.80529057e-01
  -3.14555783e-01
   5.13715910e-01
  -6.51096003e-02
  -6.46695639e-01
   8.32435336e-01
   6.36315188e-01
   1.52734351e+00
   2.22664616e+00
   1.75203824e+00
  -1.79133379e+00
  -1.45750117e+00
  -3.73977705e-01
   4.39218748e-01
  -9.68020797e-01
   6.57002931e-01
   4.53709357e-02
  -1.76919709e+00
  -3.20205040e-01
  -7.59695173e-01
  -1.72612343e-01
  -1.22634429e+00
  -2.46975189e+00
   8.13813990e-01
   2.60195523e-01
   6.20060000e-01
  -7.70359888e-01
  -6.82261001e-01
   2.08922496e+00
  -1.54673397e+00
  -2.27815048e+00
  -2.18141158e-02
   8.49517686e-01
   6.86649510e-01
   6.07051506e-01
  -7.62528565e-01
  -3.37987709e-01
  -5.35716702e-02
  -9.21547313e-01
  -1.47441666e+00
  -6.00761415e-01
   6.32756232e-01
   6.13299923e-01
  -1.29638590e+00
  -9.47914733e-01
   4.36205227e-01
  -2.26921897e-01
   3.99332348e-01
  -3.69446312e-01
   1.30452731e+00
  -8.88585844e-01
   3.18197225e-01
  -8.55223864e-01
  -1.91134302e-02
  -1.89820727e+00
   2.27779108e+00
  -4.90963627e-01
   9.48182938e-01
   9.21864039e-01
   3.42321964e-01
  -4.38103803e-02
  -5.95746446e-01
   1.45350196e+00
   7.63740890e-01
  -1.59385785e+00
  -1.06380823e+00
  -5.06819131e-01
   1.78893209e-01
   1.25024388e+00
  -1.01594630e+00
   1.34772057e+00
  -5.67898283e-01
  -8.12477161e-01
   4.69363194e-02
  -5.69516815e-01
  -1.05553509e-02
   3.73171476e-01
   5.80219295e-01
  -7.31478136e-01
  -1.34997518e+00
  -1.71471055e+00
  -1.34754390e+00
   4.38313410e-01
   8.68321027e-01
  -1.83645089e+00
   3.54383646e-01
   9.07828934e-02
   5.48352746e-01
  -2.87901643e-01
   1.94966415e+00
  -2.62161180e+00
  -1.16095188e+00
   1.55049208e+00
   2.54716359e+00
   5.71667005e-01
   1.86897304e+00
   1.25714253e+00
   1.42736586e+00
   3.11137440e-02
   4.41882450e-01
   4.19070140e-01
   1.95214661e-01
   5.95371622e-01
   8.10587191e-02
   3.09425222e-01
  -4.05003480e-01
   6.09224695e-01
  -9.96064649e-01
   1.53443019e-01
  -6.95037171e-01
  -1.62862975e+00
   4.22730578e-01
  -1.07457509e+00
   1.41784969e-01
   4.06933807e-01
  -1.02588188e+00
   6.11473274e-01
   2.61609065e+00
  -9.84523996e-02
   7.91317273e-01
  -5.16791109e-01
  -3.56058451e-01
   3.18757960e-01
   2.59526707e-01
   3.36348463e-01
   4.12231487e-01
   2.88006923e+00
   7.05032018e-01
   4.54765721e-01
   8.52598584e-01
  -3.40830214e-01
   9.38534239e-01
  -7.92535919e-01
  -1.03045715e+00
  -1.53298044e+00
  -7.13072946e-01
  -1.47397175e+00
   1.37476890e+00
  -2.83086449e-01
  -3.77992229e-01
   8.19823913e-01
  -4.57802787e-01
  -5.70672519e-01
  -8.44453840e-01
   2.45907000e-01
  -3.67019144e-01
  -1.30582201e-01
  -1.18231921e+00
   6.83908828e-01
  -6.91438583e-01
   1.92490328e+00
  -8.51280370e-01
   8.72426871e-01
   5.87931312e-01
  -5.04808832e-01
   2.72393119e-01
   5.42965220e-01
  -2.21906899e+00
   1.70146742e+00
   7.10106916e-02
  -2.55510672e+00
   1.99030252e+00
   5.21798973e-01
   1.25060637e+00
   6.61302969e-01
  -3.92559224e-01
  -1.88484562e+00
  -9.53205340e-01
   2.62790601e-01
  -5.91373526e-01
   4.49412446e-01
   2.08477505e-01
  -3.24179426e-03
  -7.97770119e-01
   1.86253847e+00
  -3.48503558e-01
   8.83605851e-01
   6.29851516e-01
  -1.49765813e-02
   8.72476314e-01
   1.09876363e+00
  -1.57660895e+00
   1.15355975e+00
  -1.94403657e+00
   7.83485000e-01
   3.04978614e-02
  -1.33463398e+00
   3.74926884e-01
   4.50404517e-01
  -5.98391893e-01
  -5.65746758e-01
  -2.68968152e-01
   1.17813790e+00
  -1.99581848e+00
   8.80855304e-02
  -1.59633690e+00
   1.26771459e+00
  -1.52963234e+00
  -7.73440568e-01
   3.30599180e-01
   7.13871345e-01
   6.49222341e-01
   9.75004671e-01
  -4.26301171e-02
  -8.55295245e-01
   6.34531485e-01
   2.39816897e-01
  -8.38990857e-01
  -7.43888623e-01
  -9.29203813e-02
  -6.04863307e-02
  -1.62703921e-01
  -1.13647048e+00
  -1.56381955e+00
   1.32085850e+00
  -3.65775382e-01
   1.48886045e+00
   1.23167197e+00
  -2.97429077e-01
  -8.12257001e-01
   4.88461014e-01
  -4.83702946e-01
  -6.57089250e-01
   2.94647372e-01
   5.37532655e-01
  -7.55049816e-01
   4.48846478e-01
  -8.08165723e-01
   3.50908450e-01
   3.60923884e-01
   2.46709716e+00
   2.01295436e+00
   8.55491873e-01
   2.73666912e-01
  -4.99052594e-01
  -1.02035161e+00
   8.68623039e-01
  -3.43418740e-01
  -4.96280642e-02
   1.60921257e-01
   1.24230982e+00
  -3.63437245e-01
   2.82164338e-01
   1.79484733e-01
   1.70805862e-01
  -7.07739462e-01
   8.61397982e-01
  -1.10800548e-01
  -4.27123519e-01
  -3.14799904e-01
   1.52755209e+00
  -1.82537718e-01
  -5.49914341e-02
   4.67867036e-01
   1.48458415e-01
   5.33113830e-01
  -3.93713597e-01
   7.94542116e-01
   1.00791823e+00
  -7.28165524e-01
  -1.16893284e-01
  -1.31471437e+00
  -9.72638919e-02
   4.81929727e-01
   7.07794632e-01
  -5.47479783e-01
   6.04192441e-01
   7.37222013e-02
   1.29848608e+00
  -1.30385571e+00
   5.16383643e-01
   2.96562815e-01
   9.34453310e-01
  -3.39178780e-01
  -1.11522655e+00
   4.38241553e-01
   3.20988904e-01
   9.78870003e-01
   5.45399952e-02
  -1.40695244e+00
  -1.01006231e+00
   4.40474487e-01
   1.83534537e-02
  -1.28212986e+00
  -9.53856307e-01
  -6.71122373e-02
   1.08649158e+00
  -6.26359816e-01
  -1.59519624e+00
  -6.12523872e-01
   1.06698843e+00
  -1.24553450e+00
   1.03470511e+00
   1.09056410e+00
   2.28573559e+00
  -5.85988991e-01
   4.69124454e-01
  -6.63663712e-01
  -1.39024203e+00
  -2.12589346e+00
  -1.96961964e+00
   1.07424839e+00
  -2.08053372e-01
  -4.11348260e-01
   1.41829214e-01
   2.86126100e-01
  -7.38427804e-01
   3.90996749e-01
  -2.95728820e-02
  -1.27339681e+00
   1.36720610e+00
  -1.48489567e+00
   3.85868973e-01
  -4.60614441e-01
   1.41516910e+00
   1.50645167e+00
   1.17281387e+00
   2.35654638e-01
  -7.25564591e-01
   5.26889457e-02
   1.53521538e-01
  -1.59665500e+00
   5.11582840e-01
   1.08759834e-01
   2.22245145e-01
   4.28471185e-01
   2.10873048e+00
   5.38823014e-01
  -5.54858765e-01
   2.51559344e-01
   8.55425419e-01
   1.96519700e+00
  -4.87728378e-01
   2.35099295e-01
  -1.00988748e+00
  -1.15728604e+00
   5.57202727e-01
  -7.89985407e-01
  -1.35394950e+00
  -9.98667962e-01
  -3.94170684e-01
   4.46748211e-01
   1.16499923e+00
   1.51203136e-01
   2.28296259e-01
   2.33054028e+00
  -1.03315360e+00
  -2.80151236e-01
   1.11109561e+00
   1.09745920e+00
  -1.78768212e+00
  -1.08278777e+00
   1.90687422e+00
  -8.86631617e-01
   8.51328053e-01
   1.27792725e-01
  -2.55161015e+00
  -3.76068884e-01
   1.08367346e+00
  -7.42866262e-01
  -4.44207992e-01
  -1.04495293e+00
   2.00141972e-01
   1.40925523e+00
   1.24056860e+00
   2.32397125e+00
   5.35000225e-01
   2.36319127e-01
  -1.53100563e+00
  -7.64924423e-01
  -1.57226285e+00
  -3.38683560e-01
   2.58120033e-01
   2.10607989e-01
  -1.06507618e+00
   8.18328056e-01
  -1.78639189e+00
  -2.75736012e-02
  -1.43621360e+00
   1.26647672e+00
  -8.30765370e-01
  -9.79905592e-01
  -4.34650090e-01
  -1.00686980e+00
  -6.41644864e-01
  -1.06545060e-01
   1.12696716e+00
  -1.01019842e+00
   2.15973695e-01
  -1.76792914e-01
   7.08304112e-01
  -3.25642980e-01
   2.22504140e+00
   2.32455181e+00
  -7.97278120e-01
   7.12564623e-01
  -2.64196405e-01
  -2.93891406e-02
  -2.05584968e+00
   8.57199988e-01
   3.51285314e-01
  -1.33613094e+00
   1.07570571e+00
  -8.46377182e-01
  -5.82038914e-01
   5.93990323e-01
   3.97079592e-01
  -1.26875177e+00
   2.36615850e+00
   2.24862292e+00
   5.30706576e-01
  -5.05206957e-01
   7.30810152e-01
  -9.55918307e-01
   2.50423441e-02
  -5.43835753e-01
  -4.56670498e-01
  -3.65177858e-01
   2.57632810e-01
   3.15443766e-01
  -1.79551680e+00
   6.21050948e-01
  -1.06052641e+00
  -2.90358749e-01
   2.53786191e-01
   5.79161802e-01
   5.86295297e-01
   8.22568637e-01
  -1.57121887e+00
  -8.56892925e-01
   5.01360749e-01
  -1.45942914e+00
  -7.08603388e-01
  -6.17556434e-01
  -1.01752178e+00
   4.54973730e-01
   1.75954782e+00
  -8.88594283e-02
   4.79593459e-01
  -8.34355943e-01
  -3.39846418e-01
  -2.86151515e-01
   1.54143290e-01
  -3.80565167e-01
  -7.51834320e-01
   1.56019075e+00
   6.56987389e-02
  -1.09843036e+00
   8.05365064e-01
  -1.32689877e+00
   1.96797818e-01
   4.76172497e-01
   8.49787111e-01
  -1.75557232e+00
   8.70752093e-01
   1.25465961e+00
   3.42407490e+00
   2.05628853e+00
  -6.74197813e-02
   6.88796003e-01
  -4.53721770e-01
   9.41883360e-01
   9.01771178e-01
   9.46134596e-01
  -6.27530997e-01
   1.33863340e+00
  -1.04631003e+00
   1.56025287e+00
   1.31353264e+00
   1.67012112e-01
  -8.14742573e-01
  -3.69484536e-01
   1.44036771e+00
   2.41407980e-01
  -8.64517792e-01
  -4.89691821e-01
  -2.63404835e-02
   4.20928093e-01
  -5.63513454e-01
  -5.45490849e-01
   1.16047804e+00
   2.12897322e+00
   1.44647915e-01
  -1.31712335e-02
  -5.16123021e-01
  -1.18639592e+00
   1.29306420e+00
   9.91824060e-02
  -2.85618726e+00
  -9.02949064e-01
  -1.08380714e+00
   3.88893186e-01
   1.61745739e+00
   5.99289943e-01
  -1.77884140e-01
  -7.61049958e-02
   6.24329179e-01
  -2.22017011e-01
   4.97786968e-01
   1.25525928e+00
   7.99998929e-01
  -5.01833056e-02
  -6.59171416e-01
   5.60422542e-01
  -1.13804473e-01
   2.00290911e+00
  -9.79412145e-01
  -2.02918252e-04
  -1.17703811e+00
   1.74954274e+00
   1.61802510e-01
   1.34850347e+00
  -1.16499683e+00
  -2.12947925e-02
  -1.98245526e+00
  -1.13419849e+00
   1.30080114e-01
  -5.20658177e-01
   8.04729145e-01
   1.02209939e+00
  -1.08839728e+00
   5.38338805e-01
  -4.93940411e-01
  -1.69948825e+00
   1.10266663e+00
  -1.64101119e-01
   1.17000435e+00
   7.33914815e-01
  -6.17824627e-02
   8.99188409e-02
  -2.55913687e-01
  -8.06770796e-01
   5.90981330e-02
   3.29060606e-01
   9.58714591e-01
   1.23938081e+00
  -3.56824563e-01
   8.60130435e-02
  -9.88584457e-01
  -4.33718088e-01
  -3.45629129e-01
  -3.91501992e-01
   6.08622105e-01
  -1.98820784e-01
  -4.58013444e-01
   1.72833075e+00
  -8.29925838e-01
  -1.62107533e+00
   8.45450796e-01
   2.57922246e-01
   6.28842617e-01
   7.75668807e-01
   7.58060637e-02
  -1.85980109e+00
  -1.28994179e+00
   3.18295836e-01
   1.29093046e+00
  -1.18693718e-01
   2.30814479e-01
  -2.58064710e-01
   1.69015347e-01
  -2.05258524e-01
   5.02592079e-02
   5.45645420e-01
   1.26631741e-01
   1.23801991e+00
   3.69264744e-01
  -2.45128429e-01
   2.45543159e-01
  -2.68898203e-02
   1.13215246e+00
  -3.04437937e+00
  -1.00255027e+00
   3.01875692e-01
  -7.91919456e-01
   5.28176040e-01
  -7.73277294e-01
  -3.47812124e-01
   7.83994371e-01
  -9.65645975e-03
  -7.09249530e-01
   9.01528858e-01
   5.81602214e-01
  -5.22246259e-01
   1.73337277e+00
   1.52481535e+00
   7.42865856e-01
   1.38548714e-01
   4.51183724e-02
  -1.07672226e-01
  -4.35315369e-01
  -1.69000306e+00
   7.61407434e-01
  -1.45321535e+00
  -4.59333985e-01
   9.59506969e-01
   6.53391826e-01
   8.22156617e-01
  -5.84015147e-01
  -1.85087897e+00
  -8.92923301e-01
   8.04725184e-01
  -1.09729693e+00
   3.89175097e-01
   1.12327954e+00
  -1.92842325e+00
   3.63173498e-01
   5.87593888e-01
   4.65651526e-01
   6.96896412e-02
  -6.77530504e-01
   8.99608551e-01
  -1.91916120e+00
   4.82032464e-01
  -2.05048051e+00
   1.81206977e+00
  -1.16064577e+00
   7.48778036e-01
   1.18143379e-01
   1.86155860e+00
  -1.09901725e+00
   1.25015306e+00
  -7.50212475e-01
  -3.78784686e-01
   3.78247515e-01
   1.69403756e-01
  -1.00285021e+00
   7.65404975e-01
   1.44599476e+00
  -7.29495134e-02
   7.52889635e-01
   3.05251880e-01
  -1.92392906e+00
   7.29174951e-01
  -2.87275456e-01
  -9.70499526e-01
   6.21984842e-01
  -1.35734584e-01
   5.53291186e-01
  -2.49931568e+00
  -6.08235570e-01
   6.01475639e-01
   5.19291470e-01
  -1.35250120e+00
   1.64880696e+00
  -1.24147275e+00
   3.97159271e-02
   7.01912399e-01
  -9.98002839e-01
  -4.14112977e-02
   1.51315758e+00
  -1.44588798e+00
   6.15181122e-01
   3.83556009e-01
  -8.11225881e-01
  -6.22786453e-01
   5.21617989e-01
   2.76126566e+00
  -1.56064762e+00
   5.45972740e-01
   6.82682163e-01
  -6.47549853e-01
   3.77428182e-01
   3.97768655e-01
  -5.53148586e-01
  -1.34662308e+00
   3.66860214e-01
  -1.17047415e+00
   4.37771819e-01
  -7.27955913e-01
   4.86806280e-02
   1.04952895e+00
   1.05531360e+00
  -3.49665171e-02
  -1.03948953e+00
   9.92596026e-01
   1.73408513e-01
   2.34618142e-01
  -5.71501226e-01
   4.50631128e-01
  -7.06825975e-01
  -1.87631198e+00
  -1.03032539e+00
  -3.39082289e-01
   4.74260662e-01
  -1.61609895e+00
  -9.40795762e-01
  -1.36354419e+00
  -2.67844316e-01
   1.38195464e-01
  -6.65584569e-01
  -5.74378914e-01
   6.81267495e-01
  -8.60724272e-01
   2.40791358e-01
   8.85978975e-02
   1.52063112e+00
   4.84014426e-01
   9.35633182e-01
  -1.37751449e+00
  -1.41944835e-01
   1.06936962e+00
   8.36405250e-01
   3.67342981e-01
  -4.77548659e-02
  -2.80117347e-01
  -4.94036671e-01
  -1.43304563e+00
  -1.93217926e-01
   7.57269247e-01
   1.95001028e-01
  -5.04293499e-01
   1.23946263e+00
  -3.08822913e-02
   1.20697675e+00
   2.70662581e-02
  -4.59155636e-01
  -7.58907820e-01
  -2.79151378e+00
  -4.93949313e-01
  -1.82457197e+00
   4.66779959e-02
  -2.02130449e+00
   1.27476571e+00
  -1.54478208e-01
   2.03131714e-01
   1.17727477e+00
  -1.49466243e-01
   8.65559892e-01
  -6.95586919e-01
   5.72301796e-01
  -1.36537005e+00
  -2.40895334e-01
  -3.63611365e-01
  -1.03154147e+00
   7.23365836e-01
  -6.02510016e-01
  -8.04271407e-01
   8.63922191e-01
   1.20224595e-01
   1.57057492e+00
  -1.22867078e-01
  -1.69456096e+00
   3.85736788e-01
   5.02858126e-01
   8.73466666e-01
  -6.41868642e-01
  -9.75214769e-02
   7.44017341e-01
   1.93374298e+00
   1.01638780e+00
   2.37357672e-01
   1.06005044e+00
   1.68765310e+00
  -1.79016484e-01
