 -2.24069029e-01
  1.62927698e+00
  6.97432296e-01
  9.86852365e-01
 -2.75937209e-01
  2.19092579e+00
  1.89599762e+00
 -1.00970020e+00
  6.64708589e-01
  5.79636630e-01
  9.90210525e-01
  1.58367399e+00
  1.42665026e-01
  9.57628574e-01
 -1.34846532e-01
 -2.56994806e-01
  1.50911834e+00
 -6.53514800e-01
 -1.88603903e+00
 -9.05608260e-01
 -8.38688552e-02
 -1.18753863e+00
 -9.21879562e-01
  1.38710083e+00
 -6.19184437e-01
  3.42608266e-01
 -2.65968802e-01
  3.85762575e-02
 -5.60507114e-01
  7.61644196e-01
  1.60580966e+00
  2.29930699e+00
  2.91101407e-01
 -8.46125237e-02
 -5.80485960e-03
  1.57764798e-01
 -1.69426861e+00
 -7.73685370e-01
  2.27889497e+00
  2.60391398e-01
 -9.70138155e-01
 -1.96146778e+00
  1.22809308e+00
  1.21779941e+00
  3.01718593e-01
 -2.54375373e-01
  6.97479923e-01
  1.56964883e+00
 -9.42060077e-01
  6.37368295e-01
  4.16881799e-02
  2.37581136e+00
  9.48068438e-01
 -1.50920372e-02
  2.90239353e-01
 -1.12947113e+00
  1.35814013e+00
 -1.02023112e+00
  4.31786288e-01
  2.57238235e-01
  6.34255510e-01
 -2.61001420e+00
  4.90334102e-01
  1.18424147e+00
  1.42192399e+00
 -1.18038326e+00
  2.21086100e+00
 -6.74055443e-01
  5.18133002e-01
 -5.43804211e-01
  4.92056591e-01
  1.40024114e+00
  2.50714489e-01
 -1.73598451e-01
 -1.56884271e+00
 -4.69911060e-01
 -1.00330497e+00
 -5.68621739e-01
 -2.07940370e-01
  1.22404794e+00
 -7.87242487e-01
  1.22129335e+00
 -9.26057239e-02
 -7.05447074e-01
 -1.05444184e+00
 -8.10795387e-02
 -1.68778896e+00
  8.22466809e-03
  7.49897470e-01
  5.83976497e-01
 -5.27151320e-01
  1.96509795e+00
  1.04809472e+00
 -1.22701620e+00
  1.50124227e+00
  1.87445658e-02
  8.30276550e-01
  4.06138545e-01
  1.05385091e+00
 -4.44231020e-01
  1.43948378e+00
 -8.76374172e-02
  8.91058532e-01
  2.79430230e-01
 -2.49457738e-01
 -1.92396273e+00
 -1.30068848e-01
  1.39525308e-01
  9.92213091e-02
 -8.27776364e-01
  8.88387037e-01
  2.98271766e-01
  2.84800027e-01
  7.80246531e-01
  1.25284604e+00
 -5.80838516e-01
 -8.52639274e-01
  8.12493234e-01
 -8.58731886e-01
 -3.36965264e-01
 -2.31847797e+00
 -1.52136735e+00
 -5.48780277e-01
 -6.96890878e-01
  7.59554093e-01
 -3.64530704e-01
  4.45539185e-01
  4.09374617e-01
  1.21138604e+00
  9.17788820e-01
 -1.14590468e+00
 -6.29594361e-01
 -2.02682696e+00
 -7.59531787e-01
 -1.96241180e-01
  5.98205576e-01
  8.30161061e-01
  1.49942619e+00
  1.19039496e+00
 -9.59099733e-01
  2.89295763e-01
 -8.17287699e-01
  1.20501453e-01
  2.51209895e-01
 -1.31699949e+00
  3.92615340e-01
  6.34914469e-01
  9.89360777e-01
 -1.14820350e+00
 -6.69302861e-01
  1.27379442e-01
 -4.75400962e-01
  1.22586035e+00
 -9.96547882e-01
  7.31757559e-01
  8.43588140e-01
  2.70676721e-01
 -4.47101252e-01
  3.36791271e-01
  2.33024511e-02
  7.78724848e-01
  1.15485681e+00
  1.65242757e+00
  7.65065252e-02
 -1.94618242e+00
  5.85560353e-01
  7.88736495e-01
  1.58104853e+00
 -3.32121005e+00
 -1.61168996e+00
  2.63370471e-01
 -9.67684300e-01
  9.51721953e-02
  1.27728926e-01
  1.77506540e+00
  4.14043514e-01
 -2.85102895e-01
 -3.38648218e-01
  4.83781553e-01
  1.53431444e+00
 -1.71090692e+00
 -1.49180415e+00
  5.96358309e-01
 -7.42553681e-01
  2.52182677e+00
  6.61598167e-01
 -3.63957662e-02
  6.18663708e-01
  2.12534057e+00
  3.14074741e-01
  1.12220495e+00
  1.51899066e+00
 -1.05727052e-01
 -6.37472505e-01
 -1.30626985e+00
 -1.73670883e+00
 -2.72716860e-01
  1.61167749e+00
  8.60571689e-01
 -2.25207586e-01
  1.33838404e+00
  1.80967781e+00
 -2.44891516e-01
 -1.78117865e-01
  4.43120971e-01
 -2.75764725e-01
  2.35904136e+00
 -2.05250629e+00
 -1.94607496e+00
  1.11929975e-01
 -1.41937048e+00
 -1.62098402e+00
 -3.33386099e-01
  3.65014221e-02
 -2.28909959e-01
  9.56258652e-01
  2.39829654e+00
 -1.08640574e+00
  1.60152824e+00
 -6.58441070e-01
  1.25742117e+00
 -1.23202538e+00
  1.35056222e+00
 -3.07443219e-01
  5.07488539e-01
  1.12072619e+00
  2.61974450e-01
  2.02286775e+00
 -6.54655049e-01
  4.64150328e-02
 -6.44194031e-01
  1.30460759e+00
 -8.00241158e-03
 -2.35702770e-02
 -9.48729247e-01
  8.46688082e-01
 -5.39451152e-01
 -4.30241021e-01
 -2.43636429e-01
  9.60592974e-01
  2.60808051e+00
 -7.30445042e-01
 -2.28113943e-01
 -6.26785639e-01
  6.90166889e-02
  1.21934233e+00
 -9.51250084e-01
  6.72098755e-01
 -1.22980474e+00
 -8.60053172e-01
 -2.72789879e+00
 -1.97321708e+00
 -4.95912459e-01
  1.93747094e+00
 -1.49970810e+00
 -2.69316886e+00
  4.04663432e-01
 -4.52508177e-01
  7.23742129e-01
  5.07701606e-01
  1.22551848e+00
 -1.46568819e+00
 -1.44878261e-02
  1.32613168e-01
 -1.74717808e-02
  1.72684784e-01
  2.71805824e-01
  1.77403228e+00
 -1.00650393e+00
 -1.39378059e+00
 -1.03559834e-01
  1.81427352e-01
 -7.99043767e-01
  3.95075871e+00
  4.89592973e-01
 -9.26974107e-02
  1.59298693e+00
  1.82461308e+00
 -3.34791179e-02
  4.16286556e-01
 -1.00830922e+00
 -6.49144800e-01
 -8.65829688e-02
  1.04095765e+00
  4.52628238e-01
 -7.78090660e-01
 -1.72869124e+00
  1.42591439e-01
  5.11518797e-01
  4.10149624e-01
 -1.08785162e+00
 -1.33158978e+00
  5.86115405e-01
  1.11361559e+00
  1.28684379e-01
 -1.33235895e+00
 -9.55208065e-01
 -1.74630650e+00
 -8.50743286e-01
  8.62408049e-01
  5.73511247e-02
  2.86024365e-01
  9.75892628e-01
  3.68915508e-01
 -1.12839281e+00
 -1.34055206e+00
  9.21182164e-01
  1.41180756e+00
 -1.73286964e+00
 -1.29779843e+00
 -1.69340757e+00
 -5.28637002e-01
 -8.96909636e-02
  7.86468313e-01
  8.01956996e-01
  9.42520347e-02
  9.13643711e-01
  4.08104478e-01
  1.02154970e+00
  2.27121743e+00
  1.84399179e+00
  1.34440450e+00
  4.83653257e-01
  2.45653925e-01
  1.55474880e+00
  2.33297015e-01
 -1.84031439e+00
 -5.14307844e-01
 -8.83812839e-01
 -1.69533348e+00
  1.09301344e+00
 -2.43005717e-01
 -2.43012912e-01
 -8.94151244e-01
  2.58843961e-01
  6.25370180e-01
 -2.25921989e+00
  1.52347147e+00
  6.95802466e-03
 -2.44938484e-01
  2.71366351e-01
  8.38925323e-01
  7.27344079e-01
 -5.17999922e-01
 -7.17687229e-02
 -9.54589333e-01
  2.63583231e-01
 -5.62198104e-01
  1.29779856e+00
 -7.49964371e-01
  3.23536825e-01
 -1.03190166e-01
 -3.34364839e-01
 -1.40153300e-01
 -4.12443255e-01
  4.44291675e-01
  3.22911495e-02
  1.22828504e+00
  7.71149360e-01
 -8.79307461e-01
 -1.45437435e+00
 -1.67611920e+00
 -7.64445151e-01
  7.92879909e-01
 -1.32058131e-01
  8.62152806e-01
 -3.15423091e-01
 -5.00636297e-01
  4.16792613e-01
 -2.58183057e+00
  7.29817269e-02
  8.04178317e-01
 -9.14546690e-01
  5.89723667e-01
 -7.74212478e-01
 -3.18673587e-01
 -9.62731987e-01
 -8.41625187e-02
 -4.15371059e-01
  5.58714055e-01
  1.94306088e+00
 -2.27798044e-01
 -5.10485071e-01
  1.21741466e+00
 -2.43319919e+00
  2.14093379e+00
  1.04519107e+00
 -3.30263202e-01
  2.10854593e-01
 -4.31327355e-01
 -2.58732449e+00
  3.74308404e-01
  2.83045587e-01
 -9.97785236e-01
 -1.09222260e+00
 -8.87840354e-01
 -6.73549808e-01
  6.49493674e-02
  4.95790920e-01
  5.77479792e-01
  9.70252001e-01
 -4.24828974e-01
  5.42755994e-01
  1.64544102e+00
 -1.65872671e-01
  5.26920308e-01
 -3.28296993e-01
  2.94114733e-01
 -1.44621564e-01
 -8.58560307e-02
  5.92081452e-01
 -8.26123646e-01
 -3.59375777e-01
 -4.74699431e-01
 -1.31277210e+00
  1.68226651e+00
  8.07422189e-02
  8.81888833e-01
 -5.94259449e-01
 -5.95821756e-01
 -5.25542175e-01
 -2.61890831e+00
 -6.19675208e-02
 -6.89743265e-01
 -1.95350754e+00
  6.12765685e-01
 -8.02763304e-01
  1.33236676e+00
 -1.13846159e+00
  1.90799442e+00
 -9.25144127e-01
 -1.98003317e+00
 -1.26546506e+00
  1.74333839e+00
  1.48912282e+00
 -5.92992876e-01
 -7.34183889e-01
  1.40054112e+00
 -1.81444294e+00
 -4.16691198e-01
  4.68118119e-01
  2.66948661e-01
  1.10091919e+00
 -1.02575766e+00
 -1.73951376e+00
  1.61677876e+00
 -1.26038171e+00
 -1.25130367e+00
 -1.86580444e-01
 -2.16739143e-01
 -3.91877061e-01
  2.72477951e-01
  1.50104632e-01
 -5.45711054e-01
  3.42988414e-01
 -1.61413770e-01
 -1.48232635e-01
 -8.90606699e-01
 -1.02287624e+00
  3.26924292e-01
 -7.75459272e-01
 -9.55258830e-01
 -1.09359702e+00
  5.20124775e-01
 -2.36217588e-01
 -1.17258853e+00
  2.30383991e-02
  1.10525501e+00
 -7.16415763e-01
  9.83036793e-01
 -8.61249230e-02
  1.26643374e+00
  2.18263457e-01
 -1.13610993e+00
  5.14164851e-01
  9.59868251e-01
 -1.61192825e-01
  1.94492107e-01
 -1.87948531e+00
  3.62130840e-02
  8.03453358e-01
  8.57594469e-01
 -7.78380249e-01
  1.04640601e-01
 -4.33411481e-01
  3.00303151e-01
  2.90254213e-01
  1.67380759e+00
  1.50930315e+00
  1.11523814e+00
  1.14356107e+00
 -2.88027206e-01
 -1.30482250e+00
  1.92655693e+00
 -6.70820434e-01
  5.05477322e-01
 -2.25290183e+00
 -9.82491858e-01
  6.04814447e-01
  1.70619242e+00
  4.66367797e-01
 -6.53970963e-01
 -6.67297671e-01
 -5.59900762e-01
  1.55482318e+00
 -1.51736382e+00
 -1.21262589e-01
 -2.82596266e-01
  2.68267227e-01
  1.33332316e-03
 -1.75509298e+00
 -4.91471199e-01
 -9.56952424e-01
  5.34962456e-01
  4.39309340e-01
  6.51102088e-01
  1.75388715e+00
  1.30248079e+00
  1.09981249e+00
  1.65455302e+00
  7.24890379e-01
 -4.84664390e-01
  4.47630443e-01
 -4.90257936e-01
 -2.71578210e-01
 -3.76748339e-01
 -2.01130927e+00
 -9.92111028e-01
  1.20688109e+00
 -4.75857472e-01
  6.17482307e-02
  9.51432984e-01
  1.45695371e+00
  7.02355821e-02
  7.55586576e-01
  1.02739629e+00
  1.76102148e-02
  6.95897527e-01
 -6.86381226e-01
  1.81020970e+00
 -4.71442305e-01
 -1.05348447e+00
  7.83430989e-01
 -1.51972317e+00
  3.77682185e-01
 -1.17939448e-01
 -3.44599284e-01
 -7.15189014e-01
  7.61012494e-01
 -9.16559293e-02
 -1.57419470e+00
  2.37611738e-01
 -2.33251319e-01
  6.82124323e-01
 -6.23265130e-01
  1.45787307e+00
  9.40649351e-01
  3.94538914e-01
 -7.77073472e-01
 -2.39467434e+00
 -4.24305040e-01
 -6.50264249e-01
  1.97696543e+00
 -9.36664396e-01
  2.53870484e+00
 -6.83270422e-01
  3.72961950e-01
  2.60445906e-01
 -1.26373215e+00
 -8.02130843e-02
  2.38410730e-01
  4.06749463e-01
  8.16348507e-01
 -3.17890951e-01
 -4.05842890e-01
 -6.69741718e-03
 -1.69086416e+00
 -5.45830853e-01
  3.45963911e-01
  1.43188025e+00
  3.81907277e-02
  4.80005584e-01
 -6.08961199e-01
  4.00896380e-02
 -4.74426577e-01
 -2.75896615e-01
 -1.44332279e+00
 -8.36514591e-01
  6.70307639e-01
 -3.46707856e-01
  7.88566240e-01
 -7.55474257e-01
 -1.23875751e+00
  1.02708076e+00
 -1.06998298e+00
 -1.22808735e+00
 -2.46835159e-01
  6.48707976e-01
  2.25225757e+00
 -2.69043034e-01
 -7.78967395e-01
  1.79004470e+00
  1.66232154e-01
  7.53310756e-01
 -8.10715747e-02
 -9.88155256e-01
  1.16522540e+00
 -1.38134115e+00
 -7.92481803e-01
  1.16817897e+00
 -1.89404656e+00
 -3.39709281e-01
 -9.84572735e-01
 -3.22015822e-01
  9.63233123e-01
  1.81881015e+00
 -1.15985240e+00
  3.02852377e+00
 -4.31225138e-01
  1.27097113e-01
  2.07738158e+00
 -8.44024520e-01
 -7.07911529e-01
  1.62018675e+00
 -2.79138770e-01
 -8.01620731e-01
 -2.38495275e-01
 -5.54485309e-01
 -4.72086648e-01
  4.42084694e-01
  4.65956713e-01
 -1.54836407e+00
 -1.74936803e+00
 -1.22835381e+00
 -2.00663365e+00
  1.00264919e+00
 -4.30556355e-01
  9.04300359e-01
 -1.28603487e+00
 -1.28502613e+00
 -8.17500068e-01
 -5.43975625e-01
  1.54207169e+00
  2.46887268e-01
 -1.37993249e+00
 -3.04991647e-01
 -1.08122862e+00
 -2.32587136e-01
  2.05311516e+00
 -8.48656373e-01
  3.77845623e-01
  3.62318551e-01
  2.38651421e-01
 -2.80065206e-01
  5.15466757e-01
  1.88245951e+00
  4.06511614e-01
 -4.77117329e-02
  4.97695255e-01
 -5.56262276e-01
  1.45488481e-01
 -1.62752645e+00
  2.11176418e+00
  1.01295990e+00
 -3.32723575e-01
 -1.02924456e-01
 -4.67948823e-01
 -7.97152270e-01
  6.63869081e-01
 -2.10297434e+00
  2.35180282e-01
 -5.04922868e-01
 -1.10386396e+00
 -1.91703087e+00
 -5.41672900e-01
 -6.09272258e-01
  5.85934815e-01
 -4.54301289e-01
  1.07065462e+00
 -7.99904932e-01
 -1.10593047e+00
  3.29245117e-01
 -1.90419504e+00
 -3.58117863e-01
  4.35765961e-01
 -7.17612636e-01
 -9.04818862e-01
  9.28839039e-03
 -1.67160716e+00
  9.22782966e-01
  2.71489484e-01
  4.99891303e-02
  6.46152321e-01
  9.85362133e-02
 -9.57590345e-02
 -1.34297438e+00
  1.42925213e-01
 -2.11904771e+00
  9.88833374e-01
  5.10359390e-01
  3.19835829e-03
 -3.83743887e-01
  7.91187779e-01
 -6.65104480e-02
 -1.78725093e-01
  3.96190840e-01
 -2.25956410e-01
 -5.32433760e-01
 -1.05650451e+00
  8.65338826e-01
  5.39862923e-02
 -6.98669149e-01
  8.17822135e-01
  4.42118952e-01
  1.95013723e+00
 -3.09797928e-01
 -8.67125958e-01
 -1.24801927e+00
 -5.69654546e-01
 -4.31444687e-01
  6.60885787e-01
 -3.69027793e-01
 -2.53878580e-01
 -4.84661336e-01
  1.03983137e-01
 -2.49248329e-01
 -2.28875237e-03
  8.25165339e-01
 -2.09683740e-01
 -5.25601648e-01
  9.57902898e-01
 -7.53157607e-01
 -3.17265985e-01
  1.22017940e+00
  6.54624805e-01
  7.76262161e-03
  6.70427803e-01
 -1.94588198e-01
 -3.01415386e-02
 -9.76686968e-01
  3.37390466e-01
  3.07886923e-01
 -8.77261596e-01
 -1.42041139e-02
  1.16864636e+00
 -8.98951644e-01
  1.07127402e+00
 -8.80074903e-01
 -4.12829569e-01
  2.30749508e-01
  4.38809366e-01
 -1.11331347e+00
  1.79059685e+00
  4.50899195e-01
 -2.03229070e+00
  4.22855233e-01
  4.47349072e-01
 -1.71945110e-01
  2.06646246e-01
  1.19534485e+00
  9.73780988e-02
  1.10606901e+00
 -1.08194525e-01
 -1.71685664e+00
  1.26524551e+00
  6.09664344e-01
  1.48666360e+00
  6.60700133e-01
  3.89292112e-01
 -4.71643411e-01
 -1.60172036e+00
  4.46288231e-01
 -5.85759847e-03
  1.35908951e+00
  7.88700216e-02
  2.16623489e-01
 -1.45924164e+00
  4.64320137e-01
  1.05287331e+00
  5.23713280e-01
  1.03936359e+00
 -5.95703016e-01
 -1.96156798e-01
  2.91728439e-01
  1.15751478e-01
  2.78558848e-02
  2.26390122e-01
 -4.66855080e-01
 -1.02226508e+00
 -6.18297130e-01
  1.21352914e+00
  8.25265293e-02
 -5.79463086e-01
  8.77921924e-01
 -2.35445444e-01
 -3.60792608e-02
 -1.18889182e+00
 -8.25069709e-01
  1.12432147e+00
 -6.67529482e-01
 -2.95346666e-01
  1.06334312e+00
  3.89284214e-01
 -5.64071151e-01
  1.45318609e+00
  3.59975433e-01
  1.85748960e-01
 -1.89212688e+00
  1.73998486e+00
 -3.68127683e-01
 -9.19506150e-01
  6.50797757e-01
  1.42531088e+00
  9.74099079e-01
  5.77590475e-01
  4.01153125e-03
  9.24608511e-01
 -5.16447748e-01
  7.25684224e-02
  3.00850625e+00
  4.81950430e-01
 -5.19582153e-01
 -4.65688554e-01
 -4.55323018e-01
 -4.45698616e-01
  3.10418331e-01
  1.56614509e+00
 -3.76946313e-01
 -1.11006770e+00
 -4.44252082e-01
  9.93119742e-01
  1.54139932e+00
 -4.61051650e-01
  4.61357773e-01
 -9.90201686e-01
 -7.49823077e-02
  1.88756225e+00
  6.17268194e-01
 -3.66694622e-01
  1.34293542e-01
  2.67674980e-01
 -6.93632857e-01
  2.86820155e-01
 -5.62028823e-01
  4.23790481e-01
  2.45675175e-01
 -8.38564539e-01
 -1.02562559e+00
 -5.42649822e-01
  8.02081055e-01
 -6.13297578e-01
 -1.16628743e+00
 -2.16831398e-01
  1.65403032e-01
  1.42075440e+00
 -1.02719535e+00
 -1.20828542e+00
  1.33726129e+00
 -1.24506473e+00
  1.33811348e+00
 -1.11407884e+00
 -7.47867669e-01
  1.57619771e+00
  1.36692648e+00
 -2.10031452e-01
 -6.38701405e-01
 -1.64850913e+00
 -1.37860651e+00
  1.55714116e+00
  6.48438204e-01
 -7.05832183e-01
  8.82130474e-01
  1.02503620e+00
 -4.34686287e-01
  3.97020712e-01
 -2.28395600e-02
  1.76900583e+00
  1.15295074e-01
 -4.69730256e-01
 -1.19943799e+00
 -2.17911517e-01
 -1.69411775e+00
 -7.41006083e-01
  1.43180755e-01
  1.20751076e-01
  1.35914644e+00
 -1.94339680e+00
 -1.13936474e+00
 -1.59596732e+00
  4.44870110e-02
 -1.76907157e+00
  1.00199565e+00
  6.13888587e-02
 -1.53455654e+00
 -6.94834345e-02
  6.27628047e-01
  7.31195065e-01
 -5.20249873e-01
 -1.73235157e+00
  4.76953046e-01
 -1.01949680e+00
  3.00544885e-01
 -1.36272423e-01
 -3.76808431e-01
 -4.85462135e-02
 -1.57724410e+00
 -5.60420462e-01
 -7.85437156e-01
 -2.40433060e+00
 -7.65422432e-02
  9.35456390e-02
  8.34780353e-03
 -1.38634847e-01
  1.02108234e+00
 -1.03469344e+00
  1.46852890e+00
  8.57783187e-01
 -3.29121597e-01
 -1.43224806e-01
  1.34867699e+00
 -9.12049035e-01
 -1.34691407e+00
 -1.01845899e+00
 -1.87094895e+00
 -5.87408364e-02
  5.96887022e-01
 -3.59168917e-01
  1.07696936e+00
  1.46121598e-01
  1.21234886e+00
  2.15352082e-02
  2.22330423e-01
  5.73561367e-01
 -2.06784730e-01
  1.76859851e+00
  6.32822514e-01
 -3.38703293e-01
  3.32987273e-01
  1.31133910e+00
 -2.90321784e-01
  1.67213607e+00
  2.14966868e-01
  1.84514375e+00
 -1.26207690e+00
  8.48172841e-01
  5.67029240e-01
  4.07845376e-01
 -1.38797147e+00
 -3.43604754e-01
  4.77230564e-01
 -1.07261224e+00
  7.08630502e-01
  8.76471699e-01
  1.12295018e-01
  4.97406670e-01
 -1.99487365e+00
 -1.34522628e+00
  2.92474850e-01
  3.16278229e+00
 -2.51742242e-01
  2.65587472e-01
  6.48195639e-01
 -4.08515597e-01
 -1.35547492e+00
 -8.89336245e-02
  1.41678469e+00
  1.13572447e-01
  7.42802259e-01
  1.02457046e+00
 -9.75491522e-01
 -2.36649986e-01
  1.26960615e+00
 -6.59890104e-01
  2.07724516e+00
  3.23996519e-02
 -6.39624145e-01
 -2.81547278e-02
 -1.06629322e+00
 -6.19844363e-01
  2.19718265e-01
  1.03900784e-01
 -1.27343951e+00
  6.44125813e-01
 -5.76172357e-01
 -1.70629429e+00
  9.33436760e-02
 -9.91321655e-01
 -2.22485273e+00
  2.89231326e-01
  1.45988452e+00
 -1.11288689e+00
  9.00289472e-01
  2.82755763e+00
 -1.52111445e-01
 -1.29771380e+00
  4.50564258e-01
 -2.01144313e+00
 -2.05356093e-01
  3.62373788e-01
  1.16827993e-01
  4.51971128e-02
  6.69783184e-01
 -2.62893973e-01
 -1.95095294e-01
 -6.00335484e-01
  9.64629873e-01
 -9.22676738e-01
  7.34370377e-01
 -6.16003484e-01
 -7.70149597e-02
  7.91830721e-01
 -1.14268649e+00
 -4.71439479e-01
  9.81869653e-01
  2.98372200e+00
 -7.19261776e-01
 -3.74416792e-01
 -1.13683692e+00
  5.40056743e-02
 -1.11069650e+00
 -2.29500157e-01
 -3.39728246e-01
 -3.41822351e-01
 -9.21287781e-02
 -9.43241843e-01
 -3.13895097e-02
 -3.52804815e-01
 -6.01375895e-02
  1.20659552e+00
 -8.80769286e-01
  9.46728059e-01
  4.36362202e-01
 -3.66779051e-02
 -1.03587507e-01
 -2.45186550e+00
  8.38048539e-01
  1.04393075e+00
 -6.50103439e-01
 -5.80281323e-01
  1.27355833e+00
 -8.91115060e-01
 -1.30321199e+00
  3.04009172e-01
 -6.77762209e-01
  1.08591398e+00
 -5.91401562e-01
 -9.27706623e-01
 -2.90454308e-01
 -1.28234154e+00
 -1.10637463e+00
 -7.90526448e-01
  2.97455858e-01
  1.30032575e+00
 -4.18649357e-01
 -3.30047006e-01
 -4.93410506e-01
  6.16367690e-01
 -2.02000818e-01
  7.23230806e-01
 -1.17055144e+00
  1.61640058e-01
  7.62126150e-01
 -9.57967592e-01
  1.35086268e-01
 -1.98083879e+00
 -6.24443217e-01
  1.63859839e-01
 -3.34239481e-02
  8.45023061e-01
  8.05514811e-01
 -4.35074024e-01
  6.96259442e-01
 -1.83725387e+00
  2.01047267e+00
 -7.25142783e-01
 -9.89481374e-01
  9.45730891e-01
  8.36736539e-01
  2.86315504e+00
  1.30726419e-01
 -4.53928294e-01
 -9.30379236e-01
 -3.10516955e-01
 -1.86684368e-01
 -1.06662211e+00
 -5.30966969e-01
 -1.61835766e-01
  1.26970927e+00
  2.23575318e+00
 -1.18469810e+00
  9.49484579e-03
 -1.54469588e+00
 -9.69101908e-01
 -7.97117030e-01
  1.13311363e+00
 -1.51658400e+00
 -1.38911090e-01
  1.33263631e-01
 -7.13519284e-01
  1.59133117e+00
 -3.63106310e-01
  1.09146621e+00
  8.12237477e-01
  1.10760458e+00
 -1.56998364e+00
  1.52267202e-01
 -8.09404201e-01
  1.93200655e-01
  7.86981351e-01
  9.37505111e-01
 -7.94862604e-01
  2.00402489e+00
 -1.12807070e+00
  8.73558844e-01
 -1.52475936e+00
 -3.39277783e-01
  8.46856131e-01
 -7.40080487e-02
 -1.80097514e-01
 -1.52507473e+00
  2.31251672e+00
 -1.62603250e+00
 -3.82522431e-01
  1.06923771e+00
  1.05407591e+00
  9.95229940e-01
  1.15988312e+00
 -8.28946107e-01
  2.05115583e-01
  3.57111676e-01
  6.50230542e-02
 -9.82683883e-01
 -1.79789996e+00
  1.43982605e+00
  1.80333193e+00
 -1.28513443e+00
 -1.69979361e+00
  6.58126702e-01
  9.59901998e-01
  3.58802625e-01
  5.69196219e-01
  1.34402478e-01
  3.62991529e-01
  7.67422793e-01
  1.27818007e+00
  9.24488721e-03
 -5.22552283e-01
 -5.06734099e-01
 -5.68102495e-01
  7.42830733e-01
 -3.59724345e-01
  1.31443602e+00
 -8.23708862e-01
 -1.29771615e-01
  3.88365381e-01
 -4.50161490e-01
  7.16789598e-01
  5.28129914e-01
 -7.29900303e-01
 -8.99509674e-01
 -1.67777322e+00
  5.08028142e-02
  1.22968508e+00
  4.25111308e-01
 -5.20515362e-01
 -1.21498526e-01
 -2.30200605e+00
  1.47810841e-01
  2.83844034e-01
  1.11602038e+00
  8.04874614e-01
  9.19455067e-01
  9.89068319e-02
 -3.01497542e-01
  2.45456843e-01
 -1.26372164e+00
 -3.12913016e-01
  2.68012752e-01
 -1.61935777e+00
  1.19566807e+00
  1.91086865e-02
 -8.29147842e-01
  2.53057974e-01
  8.26856215e-02
 -7.64278735e-01
 -4.52802225e-01
 -2.18155021e+00
  9.06441890e-01
 -7.02400638e-02
 -1.96753171e+00
  3.90184416e-01
 -1.30220103e+00
 -4.06802421e-01
  9.07855299e-01
  1.28602303e-01
  5.21958432e-02
 -1.78097661e+00
  2.35050289e-01
  3.66517896e-02
  8.37324883e-01
  8.86411229e-01
  1.07926228e-01
  1.99564656e-01
 -1.01967289e-01
 -4.56524871e-01
 -1.34678185e+00
  2.00942780e+00
 -7.52778062e-02
 -2.26121408e+00
 -3.82556829e-01
 -7.96555393e-01
 -2.54314297e-01
 -4.43191934e-01
  3.81625037e-01
  3.64794528e-02
  5.21088239e-01
 -5.76119383e-01
 -5.14928133e-01
  8.76672907e-01
  9.16242690e-01
 -1.18554585e+00
  1.07485125e+00
  7.71960121e-02
 -7.38541661e-01
  1.49909619e-01
  1.63233881e+00
 -2.09556132e+00
  4.32899329e-01
  8.88136491e-01
 -1.55882122e+00
 -1.48502936e-01
  1.19136628e-01
 -1.41961812e-01
 -5.57787494e-01
  1.36903735e+00
  8.35544493e-01
 -6.79152122e-02
 -2.15630351e+00
  1.20502210e+00
 -2.11459165e+00
 -1.85084304e-02
  2.88931054e-01
 -8.20007080e-01
  1.68917881e+00
  7.26344877e-01
 -4.95856444e-01
 -3.31154158e-01
 -1.18576739e-01
  9.42037415e-01
  2.85224860e-01
 -1.31115815e+00
  1.99783352e+00
  5.97044920e-02
  9.73463771e-01
  7.84735348e-02
 -1.16782875e+00
  1.52454582e+00
 -7.64682344e-01
 -8.82189088e-01
 -9.17583589e-01
 -8.46052332e-01
  9.65921791e-01
  8.83947092e-01
 -9.86898971e-01
  1.12307661e+00
 -1.03362423e+00
 -7.87880160e-01
  9.45943519e-01
 -8.33412822e-01
 -8.79016011e-03
  2.14925204e+00
  7.71542064e-01
 -6.80679170e-01
 -2.78823187e-01
  4.11338409e-01
  1.37413927e+00
 -1.07143525e+00
  7.98556565e-01
 -4.65256062e-01
  1.15838493e-01
  7.06964769e-01
  1.44554387e+00
 -4.45484092e-01
 -6.89245010e-01
 -2.59152975e-01
 -4.42388240e-01
  1.66755298e+00
 -1.58988071e-01
  9.32276989e-01
  4.33588724e-01
  1.92994640e+00
 -1.08657440e+00
  2.88457447e-01
  3.61877842e-01
  7.41222054e-01
 -7.29816889e-01
 -5.33873188e-01
  5.64398020e-01
 -2.57157900e+00
  1.17497346e+00
 -8.53622541e-01
  1.06808746e+00
 -5.02567870e-02
  7.08509823e-01
  5.01347065e-01
 -1.05301782e-01
 -1.45333164e+00
  5.48858167e-01
  6.02189937e-01
 -2.33095198e-01
  6.12258069e-01
 -4.53169991e-01
 -7.11374925e-01
 -7.93618589e-01
  4.96068863e-01
 -2.80594877e-01
  1.26022039e+00
  2.81062810e-01
 -7.50813158e-03
  8.46195842e-01
  2.12169506e-01
  2.05606991e+00
  1.25047372e+00
 -1.39027688e+00
 -8.63294389e-02
  2.47281214e+00
  8.40075341e-02
 -1.82614762e-01
  9.29322382e-01
  1.79433264e+00
  5.92710079e-01
 -7.05642219e-01
  2.14360586e+00
 -5.15927597e-01
 -1.09078885e+00
  1.11295354e+00
 -4.76071816e-01
 -1.06509617e+00
 -6.50631011e-01
  1.21202231e+00
  3.28523933e-01
 -3.85860072e-01
 -2.78146564e-01
  8.12766335e-01
 -2.38927438e-01
 -2.06410331e+00
  1.49935384e+00
 -6.73106836e-01
  6.44680683e-01
  1.74875163e+00
  9.90810486e-01
  3.31986063e-01
  7.64509952e-01
  1.88202591e+00
 -1.19801535e+00
 -5.26851901e-01
 -2.22000031e+00
 -6.44942892e-01
  2.08746442e+00
 -4.40317797e-01
 -1.48165502e+00
 -1.55209731e+00
  6.01396044e-01
  1.68763624e+00
 -1.78273760e+00
  5.76599339e-01
  2.40867694e-01
 -3.95734226e-01
  1.33722515e+00
  4.11170582e-01
  4.63422616e-01
 -2.30455282e-01
 -6.79927646e-01
 -1.31706308e+00
  1.29002190e-01
 -4.01541728e-01
  5.57436825e-01
 -7.96861022e-01
 -5.83052842e-05
 -8.66563582e-01
 -1.40733250e+00
  1.04872386e+00
  1.83598212e+00
 -8.44327506e-01
  4.85216777e-01
 -7.84251997e-01
  7.00845872e-01
  9.89668174e-01
  3.62978719e-01
  5.35780328e-01
  2.80221186e-01
  4.58373032e-01
 -2.11053423e-03
  4.05062177e-01
  1.12887864e+00
  2.14380641e-03
  5.20652537e-01
  1.01349536e-01
 -1.40870300e-01
  1.15554798e+00
 -9.47147455e-01
 -1.59892172e+00
 -4.40023846e-01
 -2.02194852e+00
  2.11267856e-01
  1.08165345e+00
 -1.74522788e+00
  2.14984168e-01
 -1.07652569e+00
  7.24862029e-01
 -2.26002710e-01
 -2.14560806e+00
 -6.54611473e-01
  8.28626688e-01
 -2.88501746e-01
 -4.79900083e-01
 -6.91526593e-01
  8.98072673e-02
  1.48234520e+00
 -6.19944818e-01
  8.67388977e-02
 -1.13859532e+00
 -1.21767235e-01
  1.01060050e+00
  3.40892597e-01
  3.06862640e-01
  3.11254503e-01
  1.28786367e+00
 -2.56513196e-01
 -1.04893498e-01
  1.78653224e+00
 -8.51172593e-01
  3.76187508e-01
  2.64145124e-01
  3.05101132e-01
  1.30496259e+00
  9.85504441e-02
 -1.05867562e+00
 -3.77302878e-01
 -1.49016671e+00
 -3.97195086e-01
 -2.09781449e+00
 -3.38841301e-01
  2.36550953e-01
 -5.91146101e-01
  5.65041109e-02
 -1.44257335e-01
 -3.81330030e-01
  2.47598703e-01
 -4.71380798e-01
  2.21270940e+00
  4.23755339e-01
  1.25164153e+00
 -2.23722354e+00
 -2.17153486e-01
  2.00188501e+00
  5.03185629e-01
 -1.95849485e+00
 -1.03873818e+00
 -3.16230258e-01
 -1.15030547e+00
  2.27881320e+00
  1.69084083e-01
  1.01949201e-01
  9.37550999e-01
  1.87467842e+00
 -8.20107495e-01
 -7.22005704e-01
 -1.97994995e+00
 -4.63749836e-01
  3.51437426e-01
 -4.47735031e-01
  2.05951443e-01
  1.10566685e-01
 -1.77521655e+00
  7.89968401e-01
  1.36900372e+00
  7.48775237e-01
 -6.86490588e-01
 -5.12958521e-01
 -4.11715296e-01
  2.43233763e+00
  1.31280680e+00
 -5.63354487e-02
  3.71301001e-01
  2.06272911e+00
 -6.12281109e-01
 -3.48520605e-01
 -1.73760786e+00
  6.09891181e-01
  4.71940519e-01
  6.53536474e-02
  2.91469262e-01
 -2.29388137e-02
  2.07364548e+00
 -1.26117793e+00
  2.33725447e-01
 -2.37492928e+00
  3.32034943e-02
  1.02803264e+00
 -6.57513583e-01
 -1.84654810e+00
 -8.22822193e-01
 -8.48091524e-01
 -1.77955174e-01
 -1.45311314e+00
  1.39894041e-01
  1.25893494e+00
  1.61916103e-01
  1.42960730e+00
  1.90898303e+00
  7.69330776e-02
 -5.79343537e-01
 -1.99567726e-01
  4.45692583e-01
 -5.77055170e-01
  1.88126033e+00
 -1.08845394e+00
  9.98538878e-01
 -5.54480003e-01
 -3.54603784e-01
  8.29429683e-01
  7.19007492e-02
 -9.14199633e-01
 -2.57575620e-01
  9.63765037e-03
  7.43225337e-01
  1.14755735e-01
 -1.01570088e+00
 -1.61403965e+00
 -1.46409967e+00
  1.32191096e+00
  3.07874323e-01
 -5.14953165e-01
  1.28070706e+00
  1.29152258e-01
 -3.02656559e+00
 -1.48594891e-01
  5.20855884e-01
  6.95703574e-01
 -5.75368952e-01
  9.87756237e-01
  6.12034733e-02
 -1.67906159e+00
  3.42155570e-01
 -1.39429133e+00
  3.96773460e-02
  2.22919705e+00
 -2.62017940e-01
 -1.71248690e+00
 -1.27570241e+00
 -5.93393740e-01
 -5.33661000e-01
 -2.13356544e-01
  1.08663613e+00
 -1.02997315e+00
 -5.78393780e-01
 -3.21186040e-01
 -1.37162845e+00
  1.11841863e+00
  3.88478584e-01
 -8.49810869e-01
 -1.89777995e+00
  4.89704535e-02
  6.36693443e-01
  1.61471863e+00
 -1.45687704e+00
 -4.27211806e-01
  4.95881874e-01
 -8.66664695e-01
 -6.27162863e-01
  1.10781295e+00
 -2.15524597e+00
 -8.51434780e-01
  7.32538388e-01
  7.17582235e-02
  4.00261632e-01
  4.41638808e-01
 -5.44371873e-01
 -9.46981325e-01
 -2.26235727e+00
  3.70958279e-01
  7.81737894e-01
 -4.55790717e-01
  1.59839465e+00
 -6.29502788e-01
  8.50158791e-01
 -1.32587251e+00
 -9.83526685e-01
  1.30378222e+00
 -2.92284200e-01
 -9.28194905e-02
  4.78852354e-01
 -8.36446971e-01
 -1.76883914e+00
 -2.69906928e-01
 -3.53063910e-01
 -1.19391178e+00
 -2.55378850e+00
 -6.46325792e-01
  5.31965124e-01
 -5.58787714e-01
 -3.10874699e-01
  1.15545486e+00
 -1.44431160e+00
 -5.01124430e-02
  1.15331990e-02
 -1.44840608e+00
  9.64472382e-01
  9.97469771e-02
  9.97967462e-01
 -1.20574264e+00
 -1.60670555e+00
 -9.55504872e-02
 -6.31629462e-01
  1.25623241e+00
 -3.82353414e-01
  7.40275936e-01
  1.66462374e+00
 -1.03845326e-01
  4.80223099e-01
 -4.27156454e-01
  8.41649012e-01
  7.05156540e-01
  9.59582210e-01
  5.65730230e-01
 -5.36355316e-01
  8.56049320e-01
 -5.98822126e-01
  6.53912367e-01
  1.40156041e+00
  1.54516979e+00
  9.78781401e-01
 -3.15332899e-01
 -2.17761801e-01
  1.15475729e-01
 -8.34575533e-01
 -2.35929006e+00
  7.18752068e-01
 -8.12276116e-01
  5.49370706e-01
  3.33565491e-01
  3.35317114e-01
 -7.99364996e-01
  2.90475561e-01
  9.71113559e-01
  2.06388908e+00
 -5.18573208e-01
 -1.07271711e+00
 -2.78063223e-01
 -4.39901849e-01
  7.34123002e-01
 -1.31004222e-01
  2.40446613e-01
  4.68993238e-01
  1.33422520e-01
 -2.19814673e-01
  5.45159194e-01
 -2.00244465e+00
 -7.05657177e-01
  2.77142175e-02
 -8.15941810e-01
  4.82121192e-01
  8.30714337e-02
 -6.01777772e-02
 -1.14938597e+00
 -7.02090135e-01
  1.15894396e+00
  5.25482824e-01
 -1.66752934e+00
  5.79766043e-01
 -2.14514283e-01
  2.60009792e-01
 -1.10073095e+00
  4.85179407e-01
 -4.01615270e-01
 -1.41208664e-01
 -1.00310386e+00
 -2.97588652e-01
  1.07180411e+00
 -3.23135712e-01
  1.78661722e+00
 -4.01267144e-01
  1.45487458e+00
 -1.81277517e+00
 -5.91579178e-01
  3.03565247e-02
 -1.55988982e+00
 -3.33184259e-01
  5.04525295e-01
  1.53692205e+00
  9.14509838e-01
 -3.20474792e-01
  4.22600539e-01
  5.61036490e-01
  9.77292458e-01
 -4.01522865e-01
  9.97169709e-01
 -1.58921721e+00
  3.07357286e-01
  3.87002926e-02
 -7.23180116e-01
 -9.68793269e-01
 -7.47109811e-02
 -1.74571005e-01
 -1.01436859e+00
  1.44027445e+00
 -5.67263504e-01
  2.27881750e-01
 -3.26184033e-02
  9.08070637e-01
  2.61774718e-01
 -3.29427479e-01
 -1.51661238e+00
 -6.63569800e-01
 -1.48906789e+00
 -9.93487297e-01
 -6.23128314e-01
  1.37459312e+00
 -3.31678101e-03
  9.46797404e-01
 -2.36973206e+00
 -3.05125454e-01
 -1.51953686e+00
  3.28965229e-01
  1.22449308e+00
  7.83918559e-02
  5.24843508e-01
 -1.50105707e-01
 -1.08187561e+00
  8.33489525e-01
 -8.70538595e-01
  8.28086690e-01
  3.50049712e-01
 -1.50721819e+00
 -1.48231631e+00
  1.22319879e+00
 -1.00282999e+00
  1.20800082e+00
 -9.41020771e-01
  6.45850104e-01
 -1.57103687e+00
  1.27822748e+00
 -1.50405919e+00
  9.10231301e-01
 -1.61425436e-01
  1.28210934e+00
  6.29966454e-01
 -1.43082049e-01
 -9.37690566e-01
  2.11383591e+00
  3.93987477e-01
 -1.87048406e+00
  1.00430961e+00
 -2.45245940e+00
  2.71985193e-01
 -1.64724016e-01
 -5.17833053e-01
 -1.03243423e+00
 -7.17958418e-01
  2.77452391e-01
  4.62100811e-02
  2.83356550e-02
 -2.08831237e+00
  1.15126886e+00
  9.38431300e-01
  1.31880303e-01
  4.60758117e-01
  1.00288268e-01
 -2.14931430e-01
 -2.32312728e-01
 -9.93578333e-01
  6.44353940e-01
  2.08729334e-01
  1.54899278e+00
  3.41543740e-01
  1.33015146e-01
  6.23839264e-01
  2.45481685e-01
  2.76511336e-01
  2.86093287e-01
 -1.41817788e+00
  7.19914475e-01
 -1.94415349e+00
 -8.54318905e-01
  1.91462744e-01
  5.25055040e-01
 -1.38440578e+00
 -3.18546479e-01
  8.09167174e-01
 -2.44014855e-01
  1.40537743e-01
 -1.57347057e+00
 -3.48178493e-01
  7.16260874e-01
  4.14446351e-01
 -2.03094142e+00
 -1.17284755e+00
  7.27171843e-02
 -2.55747363e+00
 -1.81866268e+00
 -4.98716249e-01
  1.03369378e+00
  1.95643426e+00
 -4.77055242e-01
 -1.95366101e+00
 -9.22602505e-01
  5.67409836e-01
  2.84285473e-01
  2.81953530e-01
  3.75373087e-01
  4.70981917e-01
 -1.23640530e+00
  1.55737553e+00
 -5.93570037e-01
  9.85132098e-03
 -1.13770755e+00
  9.51314777e-01
  1.05312329e+00
 -2.44148082e-02
  4.50986253e-01
  3.63214660e-01
  2.13535718e+00
 -6.73428532e-01
 -1.80748292e+00
 -3.83143713e-01
 -9.85526315e-01
 -4.95113370e-01
 -6.00124954e-01
 -1.53137630e-01
 -1.13833562e-01
 -5.12836056e-01
  4.40362715e-01
  2.46855890e-01
  1.10153532e+00
 -1.98542350e+00
 -3.43988700e-01
 -1.08432380e+00
  7.43581983e-01
 -3.13200847e-01
  8.01369914e-01
  7.81765919e-01
  1.52843887e+00
  1.54015955e-01
  7.88403237e-01
  2.66243687e-01
 -1.39780282e+00
  1.78676167e+00
 -8.14883480e-02
  9.45142040e-01
 -6.95757012e-01
  1.45307620e+00
 -1.19979198e+00
  3.91250408e-02
  4.60177174e-01
  1.35611452e-01
  5.56187785e-01
 -2.84199674e-01
  2.09265583e+00
 -5.48294583e-01
 -2.00356675e+00
  2.89658117e-01
  3.54228502e-01
 -1.04678619e+00
 -1.28794319e+00
  1.13501210e+00
 -1.10787528e+00
 -1.80148756e-01
  4.46038007e-01
  4.42607814e-01
  1.51795561e-01
  1.95060809e+00
  8.83699219e-02
  1.39672298e+00
 -3.31706803e-01
  1.03513282e+00
  7.06712531e-02
  2.46508415e-01
  2.18471177e+00
  4.42816230e-01
 -1.27803461e+00
 -8.77185581e-03
  1.85177762e-01
  5.07390275e-02
 -1.75571907e-01
  9.67542882e-01
  4.20290167e-01
 -1.07468003e+00
  8.71205492e-01
  2.55580151e-01
 -4.60295934e-01
  2.47556074e-01
  2.25995547e+00
 -6.24189411e-01
  8.31564549e-01
 -6.00716868e-01
 -1.28955376e+00
 -1.88956432e-01
 -1.11149163e+00
 -1.65895136e+00
  6.19195957e-01
  4.43331728e-01
  1.11512521e+00
  4.47702470e-01
  1.60469174e-01
 -2.06685970e-01
  6.86527264e-01
  6.77352826e-01
 -1.50638124e+00
  2.98746731e-01
 -4.65737559e-01
 -1.28493530e+00
 -2.85151024e-01
  1.27942948e-01
 -1.84511149e+00
 -2.24104565e+00
 -1.06697692e-01
 -1.29808790e+00
  1.19635975e+00
  4.90615876e-01
  9.58042358e-01
  1.04495366e+00
  1.06923926e+00
  7.12359332e-01
 -1.23426338e+00
  3.78679974e-01
  1.34409539e-01
  1.37547910e+00
  8.04325629e-01
  3.91315707e-01
 -5.70461006e-01
  5.40013494e-02
 -4.34154815e-01
  6.68649378e-01
  8.05646851e-01
 -4.53638666e-01
  1.51521263e+00
  2.20789462e-01
  8.14562892e-01
  6.33461552e-01
 -1.43152478e-01
  2.54669823e+00
  9.25827411e-01
  1.02594674e-01
 -1.05522855e+00
  1.19442452e+00
 -1.23590869e+00
 -1.61598721e-01
  8.83872022e-01
  7.74567234e-01
  4.54587581e-01
 -2.37857016e-01
 -7.41927386e-01
  8.17672148e-02
  9.69134073e-01
  9.70635481e-01
  2.20888613e+00
 -1.90920023e-01
 -3.98760046e-02
 -5.77748291e-01
  8.32131140e-01
 -6.00770863e-01
  2.81232956e-01
 -2.47800868e+00
 -1.07526860e+00
  4.62800955e-01
  7.90932440e-01
 -1.04758402e+00
  8.01936391e-01
  2.60784314e-01
  1.93722271e-01
  6.92675248e-01
 -8.46000514e-01
  3.12075981e-01
 -6.30984375e-01
  3.31280051e-01
  9.86863832e-01
 -8.93290962e-01
 -1.33777293e+00
  4.82116877e-01
  5.48701101e-01
 -1.22328669e-01
  1.13292190e+00
  2.54162295e-01
 -2.35553154e-01
 -8.83448578e-01
  1.41595759e+00
  3.24984910e-01
  1.95648902e-01
 -8.44384930e-01
  6.25021444e-01
  9.57179619e-01
 -1.81406145e-01
 -2.04503225e+00
 -7.86924075e-01
 -8.39338293e-01
 -4.38254111e-01
  1.32796177e+00
  1.38394019e+00
 -4.77932645e-01
 -8.97671226e-01
  1.93545740e+00
 -1.25617172e+00
 -6.75231359e-01
  3.54936883e-01
 -4.12578497e-01
  5.62123921e-02
 -3.31225652e-01
  5.69389301e-01
 -6.74985097e-02
 -1.05066789e+00
 -3.11280120e-01
  6.38142539e-01
 -1.74144327e-01
 -8.08459453e-02
 -8.57427815e-01
 -1.17245918e+00
 -5.92519657e-01
  1.39307793e+00
  6.13330349e-01
 -1.47693825e-01
  4.14317975e-02
 -9.63282102e-01
 -3.31907264e-01
  1.20032885e+00
 -4.95621441e-01
 -4.48123541e-01
 -6.46548869e-01
  1.20289910e+00
 -8.04338376e-01
 -2.67792131e-01
 -3.89791413e-01
  8.73605312e-01
 -1.92743509e-02
  6.48845467e-01
  3.47812966e-01
 -8.16738143e-01
  1.46958592e+00
  4.80886961e-01
  9.68585384e-01
 -8.82365855e-01
  1.63339211e-01
 -9.40800932e-01
 -8.92713521e-01
 -2.51399887e-01
 -6.65771437e-01
  1.09160472e+00
 -1.44208558e+00
  7.38155890e-01
  3.58159928e-01
  9.78019460e-01
  1.11387260e+00
  1.13956535e-01
  7.34809864e-01
 -1.31590755e+00
  5.96482042e-01
 -1.14346185e+00
  9.39131751e-01
  2.90301753e-01
  1.49806325e+00
  7.03061831e-01
  9.06333670e-01
 -7.61756032e-01
  7.61853950e-01
 -1.22961667e+00
 -2.07038302e-01
 -1.72001244e+00
  9.65311445e-01
 -1.16664807e+00
 -5.96315535e-01
  1.90772481e+00
 -4.61981017e-01
 -7.48551408e-01
 -2.17785415e-01
 -4.35157462e-01
 -5.94474947e-02
  4.63629298e-01
 -6.13832615e-01
 -3.15482635e-01
  6.61434683e-01
  6.57838976e-02
  2.27941252e+00
  1.50623633e+00
  2.45161725e+00
  8.24193530e-01
  1.45463210e+00
 -3.73490274e-01
 -5.38706230e-01
 -1.59522823e+00
  1.57282291e+00
 -4.31176488e-02
  8.29902645e-01
 -2.56683859e-01
  5.76876024e-01
 -8.21800472e-01
 -4.31871028e-02
 -1.35729923e+00
  1.05021031e+00
 -5.59321739e-01
 -1.34698353e+00
 -6.70140610e-01
  1.12302029e+00
  8.00530158e-01
  2.11650857e-01
 -1.49925000e+00
  1.10879565e+00
 -1.12653541e+00
 -4.11271687e-01
  1.52106810e-01
 -1.30323132e+00
  8.56908703e-01
 -1.88481197e-01
  1.36272613e+00
 -1.85177857e+00
  4.93887012e-02
  4.29223358e-01
  7.10940950e-02
 -1.41956471e+00
  1.60059803e+00
  1.33208981e-01
 -8.46928008e-01
 -2.05400800e+00
 -1.22834410e+00
  5.52485867e-01
  1.11557645e+00
 -2.31029485e+00
  5.73096652e-02
  2.25558508e-01
  3.50525744e-01
 -9.10294594e-01
 -3.80739440e-01
  4.09681103e-01
 -6.28964076e-01
  9.77732968e-01
  6.59773271e-01
  1.65902314e+00
 -5.37930746e-01
 -9.91591342e-01
 -8.70338382e-01
 -2.35051931e+00
  9.69245369e-01
 -1.15867363e-03
 -8.20474707e-01
 -3.74460917e-01
  3.65790247e-01
  6.35123379e-01
  1.84023410e+00
  1.03006808e+00
  7.06547290e-01
  1.41858386e+00
 -1.26804458e+00
 -5.40055670e-01
 -5.26712244e-01
 -1.74559631e-01
 -1.01991654e+00
  3.68395217e-01
  1.41811689e-01
 -2.51596453e+00
  1.16489252e+00
  3.58694551e-02
 -5.61103534e-01
  1.44520441e+00
 -7.81238725e-01
 -1.29090713e+00
 -4.38894166e-01
 -5.97275443e-01
 -1.32474863e+00
  8.64607575e-01
  1.59300691e-01
 -6.14955316e-01
  3.83034428e-01
 -4.20690594e-01
 -6.07037114e-01
 -2.05066995e+00
  5.31311810e-01
  4.80675553e-02
 -3.09389871e-01
 -1.37901842e+00
  9.25001665e-01
 -1.20331055e+00
  2.51526617e-01
  4.94403952e-01
 -4.25759553e-01
  9.92075574e-01
  4.04307627e-02
 -6.04308065e-01
  7.62477033e-01
  2.30539122e-01
  1.93583102e+00
  1.00161229e+00
  1.22478258e+00
 -4.62747835e-01
  2.30125358e-01
 -3.00204539e-01
 -1.63120922e-01
 -1.15054578e+00
 -2.62502260e+00
  1.49412076e+00
 -2.11780935e+00
  4.72785623e-01
 -1.20672159e+00
 -6.90714072e-01
 -1.33933860e-01
  1.63631441e-01
  5.09405233e-02
  4.85918625e-01
  3.06557872e-01
 -9.92203541e-01
 -1.48761298e+00
 -2.07634850e-01
  1.76095750e+00
 -1.05728365e+00
  1.10431634e+00
  1.53603083e-01
 -8.19334138e-01
  1.25553730e-01
  5.73118016e-02
  1.74884437e+00
  1.22216713e-01
 -1.24288300e+00
  9.40276919e-02
 -9.15175944e-01
  6.16642332e-01
  2.41773346e-01
  6.66619626e-01
  4.20610727e-01
  1.31879254e+00
 -1.70975242e+00
 -2.29442583e-01
 -1.02733212e+00
 -9.13747584e-01
  8.38935326e-02
 -4.66718840e-01
  1.19634095e+00
  2.00282980e-01
 -3.29611923e-01
 -7.14889983e-01
  9.99982656e-03
 -2.42163282e-01
 -2.04548534e-01
 -1.35003251e-01
  9.47685899e-01
 -7.41454739e-01
 -6.67259704e-01
  1.19643094e+00
  1.53508574e+00
  1.37012472e+00
  1.78331776e-01
  6.46961119e-01
  1.01976723e-01
 -1.15863748e+00
 -4.99194930e-01
 -1.82703851e-01
  7.17258142e-01
  8.11317074e-01
 -1.55193293e+00
  8.63787156e-01
 -2.75627386e-01
  2.07346453e+00
  1.79187009e-01
 -8.87111199e-01
  3.40489762e-01
  8.32178600e-01
 -1.66689720e+00
  2.60698620e-01
 -9.78500321e-01
  7.80613767e-01
  5.61593742e-01
 -4.27518275e-01
  6.22805622e-01
  5.54888661e-02
  7.23207728e-02
 -1.91893869e+00
 -4.89808465e-04
  4.92161995e-01
  5.99879188e-03
  4.50664905e-01
  1.13464372e+00
 -3.41724894e-01
 -1.04367826e-01
 -6.77406513e-01
 -1.00123735e+00
  1.82031515e-01
  7.58021187e-01
 -6.04840847e-01
  1.55991887e-01
  3.13661439e+00
  2.25585023e-01
 -9.16110972e-01
 -2.20800915e+00
 -7.76246175e-01
  2.18416247e+00
 -3.59257576e-01
 -4.65190254e-01
  9.48609859e-01
 -1.03375727e-01
 -1.06842596e+00
  1.78044909e-02
  1.01269302e+00
  9.22278205e-01
 -4.51286098e-01
 -1.16392972e+00
  1.05069135e-01
 -1.35387154e+00
  1.26272081e+00
  7.12054042e-01
  1.07935941e+00
 -9.17580520e-01
 -6.54394165e-02
 -6.57784569e-02
  9.13589806e-01
 -3.05410313e-01
  4.08778144e-01
  8.76898464e-01
 -1.49961742e+00
  9.82045462e-01
  3.85513155e-02
  8.93599912e-01
  2.37358518e+00
  2.29574829e+00
 -7.44123247e-01
  1.22222605e-01
  9.29376360e-01
 -5.74893616e-01
  1.52506285e+00
  5.25056771e-01
  1.25090078e+00
  1.11492238e+00
 -7.33613531e-01
  1.95240586e+00
  8.53003642e-01
 -1.05030235e+00
 -2.30212282e-01
 -1.64832263e-01
  1.93061295e+00
  1.09548830e+00
  1.53943492e+00
 -8.37350539e-01
  5.82727924e-01
 -3.78279933e-01
 -4.82850952e-01
  3.79317871e-01
  1.37514232e+00
 -2.24256632e-01
 -8.78544643e-02
 -1.29867222e+00
 -3.91720824e-01
  9.03061814e-01
 -7.14005951e-01
  1.86004116e+00
  5.06386076e-02
 -4.45993578e-01
  3.61284306e-01
 -5.66059465e-01
 -6.04792736e-01
  1.47031336e+00
  2.52441915e+00
 -1.33053098e-01
  3.19773606e-01
  3.74950109e-01
  1.53827836e+00
 -7.22248418e-01
 -1.88966909e-01
 -1.82900729e+00
 -1.02919607e+00
 -1.01573822e+00
 -1.25559082e+00
  7.89424349e-01
  7.34615553e-01
  6.05133207e-01
  1.99917127e+00
 -1.40597081e+00
  3.60558828e-01
 -7.71231962e-01
 -8.63330692e-02
 -1.93710892e+00
  1.25090925e+00
 -6.54832859e-01
  3.99768773e-01
 -3.26657788e-01
 -1.82993948e-02
 -2.05633528e-01
 -1.00183227e+00
  2.04388270e-01
  5.01068857e-02
 -3.31837637e-01
 -6.43949591e-01
  3.08828988e-01
  4.56057563e-03
 -1.07041856e+00
  9.67160408e-02
 -6.72341403e-01
  5.42899735e-01
 -1.14357329e+00
  2.00652793e-01
  1.05250357e+00
  3.81475351e-01
  9.64677300e-01
  9.07578549e-01
  1.22326195e+00
 -7.46018258e-01
  4.52485340e-01
  7.29893586e-02
  1.30871016e+00
  5.19308071e-01
 -1.21905161e+00
  8.50311326e-03
  9.85141230e-01
  7.12573841e-01
  1.82333965e-01
  1.89935509e+00
 -8.54168751e-01
  4.37595956e-01
 -5.87425497e-01
 -4.59252705e-01
  4.87768895e-01
  5.91719965e-02
 -7.41789539e-01
 -1.22675055e+00
  5.62771711e-02
  4.84404772e-01
 -7.52689543e-01
  1.42726096e+00
  3.98325234e-01
  1.03489340e-01
  7.49664947e-01
 -1.19350400e+00
 -2.93011120e-01
 -1.62463259e-01
  1.78180972e+00
  1.71305261e+00
  5.32846610e-01
  2.93551900e-01
  1.19655999e+00
 -3.20268559e-01
 -1.15389413e+00
 -1.31128611e+00
 -5.96793829e-01
  5.93396556e-02
  6.52054745e-01
  9.87407347e-01
  1.48346744e+00
  4.87023704e-01
  9.84118465e-01
 -2.96990520e-01
  7.71049305e-01
  6.10113194e-01
  1.07242148e+00
 -1.61411437e-01
 -1.81231644e+00
  2.23043614e+00
 -1.94187626e+00
  4.93627170e-01
 -1.56311587e-01
  1.21002867e+00
 -1.66335185e-01
  1.31167634e+00
  3.86183503e-01
 -1.81836769e+00
 -9.17147841e-01
 -2.79882237e-01
  9.85163142e-01
  4.89618062e-01
  5.89450023e-02
 -9.22919807e-01
 -9.15038877e-01
  1.07454467e+00
  6.05224703e-01
 -4.40312919e-01
  1.58370985e+00
 -5.98505085e-02
 -1.04384626e+00
  5.85221729e-01
 -1.45366906e+00
 -1.04566341e+00
 -1.66725664e-01
 -3.66199417e-01
 -2.62206080e+00
  6.10938602e-01
 -1.95057733e-01
  6.26662346e-01
 -1.54326060e+00
  2.28662699e+00
  7.92744382e-02
 -2.68811847e-01
 -4.78689516e-02
 -1.29231084e-01
  4.48121391e-01
 -9.42214333e-01
  1.97724988e-01
 -8.39192171e-01
 -3.42377853e-01
  1.20310787e+00
  1.50140888e+00
  1.12736038e+00
  2.11838037e+00
 -3.39221989e-01
  3.23723600e-02
  7.79340688e-01
  1.52354701e-01
