  -1.41488541e+00
  -4.29156715e-01
   1.34574799e+00
   1.60789198e+00
  -1.98181747e+00
   5.81025868e-01
   1.39450701e+00
   3.45706640e-01
  -1.38426949e-01
  -3.05254371e-03
   6.86000926e-01
  -1.03376957e+00
   8.14223823e-01
   8.09643671e-03
   1.01733598e+00
  -6.43754300e-01
   1.02720912e+00
  -1.72927361e-01
   2.05195458e-01
  -4.46396067e-01
  -2.03711831e-01
   6.86363593e-01
   1.33109290e+00
   2.04014708e+00
  -9.24434497e-01
  -1.75530753e-01
   7.45269566e-01
  -5.36301160e-01
  -5.36829868e-01
  -3.19314780e-01
   1.83037749e-01
   9.51494870e-01
   1.66995734e+00
   1.05614295e-01
  -1.94547409e+00
   5.90458564e-01
   1.38641595e+00
   3.93534362e-01
   4.57918745e-01
   8.58633397e-01
   1.00541324e+00
  -7.20370471e-01
   3.64849968e-01
  -5.56115156e-01
  -1.28427995e+00
  -5.49074794e-01
   1.60441995e+00
  -1.50416945e+00
   4.31457499e-01
  -6.41697800e-01
  -3.63659683e-02
   1.43236697e+00
  -7.43223103e-01
   6.78303225e-01
   5.08132102e-01
   3.42354619e-01
   9.46404533e-01
  -1.47068146e+00
   4.93346634e-01
  -4.49098210e-02
  -1.04260125e+00
  -5.43409633e-03
   1.39081216e-01
   6.43418426e-01
   1.28664334e+00
   8.31637407e-01
   1.51498219e-01
   5.25781264e-01
  -1.58259443e-01
  -1.61789130e+00
   9.93053782e-01
  -6.63297775e-01
   1.48085532e+00
  -9.19025840e-01
  -2.44177446e-01
   2.89106233e-01
   4.83932706e-01
  -1.67811738e+00
   6.59338779e-01
   1.00238934e+00
   3.70948256e-01
  -8.25403795e-01
   1.09850047e+00
   8.92238532e-01
   2.85358290e-01
   5.48076880e-01
   6.71067448e-01
   6.57612957e-01
  -2.61066394e-02
   2.03988085e-01
   6.14530547e-01
  -1.49989149e-01
  -3.82320685e-01
  -1.27304535e+00
   5.05403109e-03
   1.22342421e+00
  -4.91503910e-01
   5.98769795e-01
  -3.51254124e-01
  -1.05257924e-01
  -4.93944101e-01
   4.12789050e-02
   5.73953052e-02
  -1.17356719e+00
   8.22134385e-01
   8.08322653e-01
   8.16284527e-01
  -7.39017590e-01
   2.85351644e-01
  -5.86588105e-02
   3.67194517e-01
   1.05819340e+00
  -1.03869867e-02
   6.28688495e-01
   5.63363850e-01
  -7.26864057e-01
   1.54222852e+00
   9.12562974e-01
   1.35751936e-01
  -2.27032039e-01
   1.74089786e+00
  -1.48343066e+00
   1.40915693e+00
   3.19228703e-01
  -4.29600080e-01
   2.95098594e-01
  -1.66950313e-01
  -6.19690267e-01
   2.05301676e+00
   1.10051550e+00
  -1.35261864e+00
   1.28104843e+00
   9.59288503e-01
  -3.81647531e-01
   4.80729501e-01
  -7.86896652e-01
  -1.53870397e+00
   5.06296922e-01
   5.41957879e-01
  -2.29492912e+00
  -1.34145167e-01
   8.23251673e-01
   1.91078780e+00
   1.50634405e-02
   8.05122309e-01
   4.04052317e-01
  -1.54257225e+00
  -1.12943944e+00
  -7.85723624e-01
   1.10860938e+00
  -1.74765237e-01
   1.08893077e+00
   6.84074068e-01
   9.66715313e-01
  -8.67403174e-01
   6.19565112e-03
  -6.78784422e-01
   9.15463818e-02
   5.86172000e-01
   4.49456503e-02
  -2.76364492e-02
   1.00585048e+00
  -2.23155127e-01
  -1.86507580e+00
  -4.60223206e-01
   6.83176317e-01
   1.35683179e+00
  -9.99891488e-01
  -9.65507935e-01
  -3.72659819e-01
   1.37229554e+00
   4.03964233e-01
   1.17047865e+00
   1.77398327e+00
  -5.79145785e-01
  -6.94902135e-01
  -8.78347705e-01
   9.96319127e-03
   1.20278853e+00
  -2.51329643e+00
  -7.86622390e-01
  -1.46861328e-02
  -7.82440780e-01
  -6.41047540e-01
  -6.06402539e-01
   5.31810269e-01
  -2.10061006e+00
   9.83157799e-01
   8.25094999e-01
  -5.24279275e-01
  -1.98440707e-01
  -2.12049927e-01
   2.36151067e-01
   4.10891491e-02
   7.18102111e-01
  -9.77706261e-01
   1.41216027e+00
  -1.15384833e+00
   8.83364302e-01
  -4.38382885e-01
  -1.52674822e+00
   2.50323383e+00
   4.61078239e-01
  -4.20823879e-01
   1.53732995e+00
   8.71034552e-01
   1.19880640e-01
   8.53303032e-01
  -5.19915596e-02
   6.23684110e-01
   6.51720085e-01
   1.87478313e+00
   2.70792307e-01
  -2.17439078e+00
  -2.11253462e+00
   1.08810812e+00
  -1.54723495e+00
  -5.52088439e-01
   1.20532787e+00
   6.06422290e-01
   1.58427844e+00
  -3.97395235e-01
  -9.51679768e-01
   8.53554669e-01
   1.90867544e+00
   2.23315196e+00
   5.99410225e-01
  -6.50964511e-01
   2.89673943e-01
   1.30417229e+00
  -7.71415365e-02
   1.10079491e+00
   1.40809772e+00
   1.57025838e+00
   4.37029421e-01
  -9.01835204e-02
   8.81222931e-01
   1.11206053e+00
  -1.63167342e+00
  -4.34131593e-01
   5.61811352e-01
  -2.51741698e+00
  -1.70114682e-01
  -1.79724290e+00
  -5.74695401e-01
   7.52247088e-01
   2.07500205e-01
  -3.16857248e-01
   8.66395374e-01
  -3.56751480e-01
   7.74813284e-02
  -2.79146222e-01
   1.02280053e+00
   1.28081308e+00
  -1.19777524e+00
  -8.79183254e-01
  -1.89130720e+00
  -8.89255953e-02
   5.63157964e-01
  -1.11909050e+00
   5.11846792e-01
  -1.32476729e+00
  -4.93718168e-01
   7.59879195e-01
  -1.32784899e+00
   8.85072227e-02
   7.82799979e-01
   1.21950772e+00
   4.03551498e-01
  -1.06738127e+00
  -1.93144841e+00
   4.84696040e-01
   8.20593308e-01
  -2.81137795e-01
   9.47257581e-01
   3.30942632e-01
  -3.68400667e-01
  -3.97306066e-01
   4.70393046e-01
  -4.96175650e-01
  -1.60162160e+00
   1.44831951e+00
   1.10513155e+00
  -1.07495078e+00
  -1.52024908e+00
   1.57448333e-01
  -5.31755650e-01
   6.15253683e-01
   3.41041300e-01
   2.14208876e+00
   5.16480805e-01
   1.25212184e+00
  -1.51129749e+00
  -8.61140516e-01
  -3.41325662e-01
   1.40926687e+00
   8.27687728e-03
  -5.98224574e-01
  -6.67225176e-01
  -3.80850814e-01
   1.26488784e-01
   1.38439890e+00
   3.58935008e-02
   9.30792719e-01
  -1.07522495e+00
   5.80862839e-01
   7.32100367e-01
  -2.60939837e+00
   2.57515867e-01
  -2.14597336e+00
  -8.85640706e-01
  -6.77375402e-01
  -2.25416000e+00
   1.30094390e+00
  -1.89341886e-01
   1.37169839e-01
  -2.38491501e+00
  -1.47395703e+00
   6.55161680e-02
   4.73407486e-01
   6.13364459e-01
   6.84071537e-01
  -9.00866541e-01
  -8.73231785e-02
   3.41683442e-01
   9.23065128e-01
   1.07717083e+00
   8.13699941e-01
  -1.92586118e-01
   8.91138854e-01
   1.70637412e+00
   5.68316000e-01
  -8.27709582e-01
  -2.35671505e-01
  -1.80204165e-01
   1.08537557e+00
  -4.28194045e-02
   4.27847109e-01
  -1.46745828e+00
  -1.72777213e+00
   1.58438479e+00
   2.77637093e+00
   1.59265557e+00
  -4.29649900e-01
   3.01899564e+00
  -4.31426488e-01
  -1.07721626e+00
  -1.52634799e-01
   1.73232298e+00
  -2.42405398e-02
  -6.57335765e-01
   2.33955210e-01
  -1.97092336e-01
   5.67228833e-01
   1.57651997e+00
  -9.06427030e-01
   2.77467159e-01
  -5.05933196e-01
   5.49619211e-01
   1.64532255e+00
  -9.32369550e-02
  -9.71359139e-01
   1.11426808e+00
  -1.14239304e+00
  -1.61100545e+00
   7.44898988e-01
  -7.95524210e-01
   8.69184381e-01
  -8.46733895e-01
  -4.82770766e-01
  -3.20221086e-01
  -1.77459517e-01
   5.01516351e-01
   1.24127710e+00
   6.06024860e-01
  -2.30380574e-01
   1.67115027e-01
  -1.18678485e+00
   1.21735108e+00
   1.04384645e-01
   1.25968120e+00
  -1.14646841e+00
  -1.53143588e+00
  -1.23407409e+00
  -6.25182133e-01
   1.46694589e+00
  -7.19642693e-01
   2.74931773e-01
   6.60809259e-02
  -3.65673338e-01
  -1.19689539e+00
   7.94042264e-01
  -3.37883713e-01
  -2.65481983e-01
   1.20372727e+00
   1.31840287e-01
   1.05924617e-02
   1.66070479e-01
  -2.13814938e-01
   1.12429393e+00
  -7.35037777e-01
  -7.75249348e-01
   7.86777643e-01
  -5.70194614e-01
  -1.28614802e-01
   4.40093334e-01
  -1.96864002e+00
  -1.58322198e+00
   1.24921875e+00
   2.13061534e-01
  -4.89023620e-02
  -7.41885074e-01
   1.48457590e+00
   4.35593658e-01
  -1.18029206e+00
   6.57833331e-01
  -1.53423972e+00
   1.53798306e+00
   1.58361020e+00
  -1.32998374e-01
  -7.14187829e-01
   1.31110168e+00
   1.86303970e+00
   2.75182506e-01
   1.41888987e-01
  -4.47410387e-01
  -3.65836905e-01
   9.25795338e-01
   1.55292357e+00
  -9.17706502e-01
  -7.37044282e-01
  -1.00516436e+00
   1.64072214e-01
  -6.66403088e-01
  -4.59010597e-01
  -1.24586897e+00
   1.06912931e+00
  -1.14354716e+00
  -4.63396902e-01
   5.20865406e-01
  -1.71763475e-01
  -5.71415320e-01
  -9.47689162e-02
   7.18626437e-01
  -1.23042182e-01
  -1.91461915e+00
  -1.13863994e+00
  -4.08834681e-01
   6.22268450e-01
   1.40704968e-01
   1.14569363e-01
   3.31318811e-01
  -5.26512464e-01
   8.63223117e-02
  -1.25669316e+00
   1.04628093e-01
   8.70605859e-01
   1.22819729e+00
   7.60365816e-02
  -4.37568944e-01
   1.01655730e-01
  -1.58707389e-01
  -2.20228397e-01
   3.56953921e-01
  -2.20516587e-01
  -6.67483099e-01
  -2.97368942e-01
  -4.33665430e-02
  -5.06643219e-02
   3.90382680e-01
  -1.32665743e-01
  -1.52684079e+00
   1.14037235e+00
  -1.31195520e+00
   6.44029671e-01
   5.58394527e-01
   2.06003830e-01
  -1.29189303e+00
  -1.48261816e+00
  -6.39100962e-01
  -7.19157821e-01
   1.35589818e+00
   8.80583525e-01
  -2.93931494e-02
   1.48625566e-01
  -2.60020439e-02
  -7.28689848e-02
   2.93523342e-01
   1.60587486e+00
   7.91607148e-01
  -6.46982134e-01
   3.59108492e-01
   1.91117172e+00
   1.13570568e+00
  -1.57087898e+00
  -5.34035093e-01
  -1.37967700e-01
  -4.22519121e-02
  -3.47285684e-02
  -8.21062255e-01
  -3.99790608e-02
   7.83488617e-01
  -3.58848575e-01
   1.67508884e+00
   1.33471807e+00
   1.01329995e+00
  -1.47512745e-01
  -7.16204585e-01
   1.61944427e+00
  -9.37889201e-01
  -2.13108370e-02
  -6.34863159e-01
  -3.21874193e-01
   7.27555534e-01
  -1.51265252e+00
   2.62347036e-01
   5.58887891e-01
   1.16393028e-01
   6.52166142e-01
  -7.75129547e-01
  -3.12014603e-01
  -5.04999900e-01
   1.04408757e-01
   9.33737470e-01
  -1.07792944e+00
  -7.10195571e-01
  -1.54405778e+00
   1.02132033e+00
   8.77115765e-01
   6.03740705e-02
  -7.76379843e-02
   4.53728187e-01
  -1.26805733e+00
  -8.07383117e-01
  -2.85576687e-01
  -1.36536392e+00
  -1.07346796e+00
  -3.62343025e-01
   1.62088516e+00
   1.77362591e+00
  -6.48513082e-02
   3.67258815e-01
  -1.43927827e-01
   6.31337267e-01
  -3.68521097e-01
   7.63572440e-01
  -2.20524855e-01
  -9.26514602e-01
  -1.16707297e+00
  -3.72026368e-01
   6.57642686e-01
  -6.76964886e-01
   2.44032944e+00
  -1.20015309e-01
  -4.75731124e-01
   1.65138023e+00
   7.95837465e-01
   1.67601709e+00
  -1.71343924e+00
  -4.61013884e-02
  -1.18884141e+00
   7.25312353e-01
   1.50036079e+00
  -9.87329967e-01
   8.62502752e-01
  -5.06761786e-01
   7.94126995e-01
   1.18015746e+00
   1.08532123e+00
  -1.70473092e-01
  -4.28743689e-01
   6.00055187e-01
   4.40907345e-01
  -6.89652888e-01
  -4.13883687e-02
  -7.66790378e-01
  -1.13712720e+00
  -3.59462682e-01
  -8.71439775e-02
   1.18877413e+00
  -8.18893093e-02
  -9.33897425e-02
  -1.01336561e+00
   9.55690430e-01
   3.55623511e-02
   5.87137788e-01
   6.65051226e-01
  -1.56764669e-01
  -2.07310682e+00
  -6.31997979e-02
   1.67438162e+00
   2.74744611e-02
   8.65688734e-01
  -1.78276415e+00
  -2.42260884e+00
  -3.35112769e-01
   2.06784103e-01
  -1.72352176e-01
  -9.98765848e-01
  -1.53889657e+00
   5.34319713e-01
  -7.47970414e-01
  -1.90344654e+00
  -5.81880621e-01
   1.16576471e+00
   2.66558921e+00
  -1.05724299e+00
  -2.03931084e+00
   1.76088581e+00
  -2.51349257e-01
  -1.00859895e+00
   2.76283212e-01
  -1.27818602e+00
   8.14005153e-01
  -6.59985211e-01
   1.66344134e-01
   1.54896365e-01
  -2.47339366e-01
   2.73535766e-01
   1.02907131e+00
  -5.93556413e-01
  -2.39198000e-01
  -5.57934692e-01
  -1.36697905e+00
  -1.26843937e+00
  -2.90685523e-01
   1.85516447e-02
  -3.64376968e-01
   2.41670134e-01
  -1.37689476e+00
  -2.08301823e-01
  -4.05691401e-01
  -7.45933831e-01
   3.33509786e-01
  -1.97630014e+00
  -5.66176599e-01
   3.56725220e-01
   8.03334559e-01
   1.57394611e+00
   1.58227343e+00
   9.63080311e-01
   2.38402101e+00
  -8.98712909e-01
   8.07274685e-02
   1.08882493e+00
  -4.16251994e-01
   1.21798148e+00
   5.01409144e-01
  -7.02077730e-01
  -3.61876539e-01
   1.19162592e+00
   4.38910020e-01
  -2.54379536e-01
  -3.60721096e-01
  -1.80762617e+00
  -8.02325960e-01
   7.07474512e-01
   6.41759355e-03
  -1.72513912e-01
  -1.98691955e+00
   6.79274741e-01
  -5.86700641e-01
  -2.25943574e+00
   3.95763627e-01
   7.64863143e-01
   5.17745307e-01
  -1.14871704e+00
  -2.40545386e-01
   6.04720197e-01
  -1.57767054e+00
  -2.68264473e-01
   2.13109557e+00
   5.04715348e-01
  -4.03426898e-01
   3.18780299e-01
  -1.07017452e+00
   1.25557088e+00
   4.50022620e-01
  -8.50637447e-01
  -5.91254671e-01
  -4.13845660e-01
  -3.30645778e-01
  -6.45685357e-01
   5.16750991e-01
  -6.00712874e-01
   6.52277100e-01
   6.78386048e-01
  -1.14654580e+00
  -5.73775034e-01
  -2.76211494e-01
   9.57984381e-03
   2.35069180e-01
   9.81895447e-02
  -1.00220663e-01
  -9.20220449e-01
  -1.03851428e+00
  -1.07288269e+00
  -1.51320727e+00
  -4.83975157e-01
   1.24177559e+00
  -1.57825151e+00
  -2.58068487e-01
   8.67155258e-01
   1.78233680e+00
   9.62892819e-01
   4.16213317e-01
   2.58555459e+00
   7.97698965e-01
   5.88126525e-01
   8.62951893e-01
   6.63819305e-01
   7.65506667e-01
   9.83449455e-01
   5.05941990e-01
  -3.09236028e-02
  -2.33024623e-01
   1.14672888e+00
  -8.53956750e-01
   5.20069558e-01
  -5.39025764e-02
   3.63279840e-01
  -1.32034331e+00
  -1.18097990e+00
   1.65923140e-01
  -4.04641756e-01
   8.45703901e-02
  -1.76689838e-01
  -1.52894688e+00
   7.10892986e-01
   6.57012695e-01
   1.35989976e+00
   1.57734776e-01
  -1.82072483e-01
   1.24599700e+00
   5.37967700e-01
  -4.56045250e-01
  -8.51587400e-01
  -1.97809320e-02
  -7.13443340e-01
  -2.50062519e-01
  -6.25482397e-01
   1.34333709e-01
   3.99754343e-01
  -2.14870865e+00
   8.36900847e-01
  -2.61498501e-01
   1.77582892e+00
   3.51322673e-01
  -1.21678603e+00
  -8.01047198e-01
  -1.40351851e+00
  -1.07997558e+00
  -9.61631589e-01
  -6.12684355e-01
  -6.85053020e-01
  -1.67333764e+00
  -1.22372959e-01
   6.16408374e-01
  -6.30856827e-01
   3.45734970e-01
   6.13045267e-01
   1.36019537e+00
   1.53017052e+00
   3.69040762e-01
  -1.01475717e+00
   2.13262446e-01
  -1.13424277e+00
   2.20595955e+00
   1.61947467e+00
   7.82861275e-01
   7.48582938e-01
   1.75913403e+00
   4.39725814e-01
  -7.85485501e-01
   1.35447938e+00
  -4.34883513e-01
   4.49381001e-02
   2.77921883e-01
   1.05680368e+00
   1.85005455e-01
  -1.64763322e+00
  -5.41011091e-01
  -8.57080333e-01
  -1.20449084e+00
   6.45312048e-01
   1.47343433e+00
  -8.74841325e-01
   9.92514296e-02
   1.74873220e+00
  -1.01560593e+00
  -3.33233168e-01
   1.33004002e+00
  -1.39757091e+00
  -4.53631857e-01
   2.06929115e+00
   1.94186968e+00
   1.88724724e+00
   4.67780169e-01
   5.23960287e-02
  -4.61183788e-01
   1.17379500e+00
  -4.30518922e-03
   1.17055110e+00
   3.79740354e-01
  -8.89714546e-01
  -6.16263290e-01
  -3.08482875e-01
   1.13345120e+00
  -1.28890617e+00
   1.17996748e+00
   9.75739400e-01
  -2.19656104e-01
   1.37796346e+00
   7.38755489e-01
   5.89339749e-01
  -5.50698783e-01
   1.61036180e+00
   4.77165566e-01
   1.19738361e+00
  -3.12276414e-01
   2.23566230e-01
  -4.56038798e-01
  -2.38074600e-01
  -4.86404307e-01
   1.56053906e+00
   2.06170848e+00
   2.97439212e+00
   7.30195178e-01
   1.29158681e+00
   1.53693126e+00
   2.51149741e+00
  -1.15272718e+00
   7.06331805e-01
  -1.95954423e+00
  -4.50553299e-01
  -2.67990380e-01
   2.67659825e-01
   7.47422368e-01
   1.30380035e+00
   2.42464464e-01
  -4.19366153e-01
  -1.05210821e+00
   7.56792943e-01
   2.64542802e-01
  -7.61469070e-01
  -1.44667492e+00
   5.70547154e-01
  -1.64271118e-01
  -2.78159912e-02
   2.23083922e+00
   1.17271977e+00
  -7.16707355e-01
  -7.58998978e-01
  -6.24926518e-01
   6.26663065e-01
   4.22835042e-01
   2.88805211e+00
  -1.25086740e+00
  -2.98330830e-01
  -1.10498713e+00
   1.14388003e-01
  -2.10722133e+00
   2.50818955e-01
   4.92730544e-01
   1.11600789e-01
   1.25827639e+00
   7.98375144e-01
   7.31082192e-01
  -3.18226391e-01
   1.51362799e+00
  -2.12541773e-01
   8.07023344e-01
   2.56949234e-01
   1.69437290e+00
   1.62349510e+00
   5.42136945e-01
  -1.08045752e+00
  -1.80472387e+00
   1.45823555e+00
   1.86957875e-01
   2.53175290e-01
  -1.30901817e-01
  -7.31288155e-01
   4.08244918e-01
   8.91789285e-01
  -4.26382323e-01
  -1.25653888e+00
  -1.04140034e+00
  -8.31719303e-01
  -7.20545653e-01
  -5.55075848e-01
   4.12167585e-01
   2.36761792e-01
   2.38553639e-02
  -7.64657939e-01
   1.73064697e+00
   7.51509648e-01
   5.44096205e-01
   1.25457509e+00
  -3.00737669e-01
   6.22845560e-01
  -7.79418876e-01
   1.27836234e+00
  -3.62769435e-01
  -1.56500023e+00
  -9.74282941e-01
   6.98359575e-01
   1.19649897e+00
  -1.60337751e+00
   7.63364743e-01
  -8.77900939e-02
  -1.60751671e+00
  -1.58517667e+00
   5.32699763e-01
   3.29713982e-01
   1.22188634e-01
  -2.57411871e-01
   5.34157131e-01
  -5.29042663e-01
  -1.45701786e+00
   1.28344530e+00
  -9.85261567e-01
  -6.90610660e-01
  -1.43317348e+00
   6.57686003e-01
   5.62505087e-01
  -2.31922887e-01
  -7.35209314e-02
   1.71611474e+00
   1.59797596e-01
   4.04695333e-01
   5.10456912e-01
  -2.88898008e-01
  -1.41177080e+00
   7.10518547e-02
  -1.08432244e+00
   7.74909406e-01
  -2.01605251e-01
   4.06975404e-01
   1.55268119e+00
  -7.74735446e-01
  -1.27663668e+00
   1.69424667e+00
  -9.78090602e-01
  -3.94959661e-01
  -1.02113792e+00
   1.49693891e+00
   7.89957790e-02
   7.62346121e-01
   1.58819904e+00
  -9.35122685e-01
   1.96086355e-01
  -2.74570258e-01
   1.14930484e+00
  -2.12981409e+00
  -2.00050634e-02
  -4.00251794e-01
   6.25548328e-01
   1.52779473e+00
   7.66320990e-01
  -9.36436528e-01
   2.77210570e-01
  -4.06105265e-01
  -1.90219112e+00
   7.55174351e-01
   2.89822159e-01
  -8.67814553e-01
   1.54789326e-01
  -1.06994160e+00
  -1.33711724e+00
   1.04683782e+00
  -2.37425748e-01
   5.89664669e-01
  -1.48082166e-01
   2.02237511e+00
  -1.40552264e+00
  -7.33645856e-01
   1.87146882e-01
   4.58896932e-01
   1.46898826e+00
   9.59499100e-03
  -4.23992671e-02
   1.49667896e+00
  -3.36011982e-01
  -1.08915208e+00
  -8.57282898e-02
  -3.15288462e-01
  -1.84114505e+00
  -1.65763915e+00
   1.67334235e+00
   4.10711478e-01
   3.58752075e-01
   4.02738791e-01
  -8.68936526e-01
  -1.61979996e+00
   4.44282120e-02
  -2.47733387e+00
  -5.29116467e-01
  -3.08409380e-01
   1.46051518e+00
   6.30714557e-01
   1.90881754e+00
   6.80061156e-01
   8.53633912e-01
   5.27050878e-01
  -1.56147033e+00
   3.21878930e-01
   6.25046850e-01
   3.47129386e-01
  -1.36047267e+00
  -1.20439302e+00
  -6.86656035e-01
  -1.46341842e+00
   4.10902088e-01
   6.97866555e-01
  -1.36096582e+00
  -1.52876199e+00
  -6.58694721e-01
  -1.05907678e+00
  -4.04181636e-01
   1.00701471e+00
   5.38009133e-01
   2.36696168e-01
   1.59704411e+00
  -1.01165935e+00
   1.11379624e+00
  -1.48570210e-01
  -1.13294605e+00
  -3.57537842e-01
   1.72965881e-01
  -4.05397473e-01
  -1.74738403e+00
   1.57452632e+00
   5.44989829e-01
  -4.03294137e-01
   4.59909147e-01
  -2.31667433e-01
   8.50710610e-01
   1.33401467e-01
   1.13399176e+00
   2.60214802e-02
   6.37186778e-01
   1.67173794e+00
  -8.45205514e-01
   4.87594542e-01
  -8.87484770e-01
  -5.20418277e-01
   2.20300723e+00
  -6.11848188e-01
   1.29448130e-02
   1.15896847e+00
   8.46835452e-01
   1.44272631e+00
  -1.18536886e+00
  -1.52196865e+00
  -1.44057446e+00
   4.36805243e-01
   2.90896069e-02
   1.34507586e+00
  -3.12029615e+00
  -9.04591186e-01
   3.20350526e-01
   1.38580378e-01
  -7.64258802e-01
   7.70100400e-01
  -1.17342313e+00
   1.89815295e-01
   2.17462448e+00
   5.61611330e-01
   1.49261188e+00
  -2.96442483e-01
   2.87099056e-01
   1.18986298e+00
   1.01350549e+00
   2.78007981e-01
  -1.71256535e+00
   2.29438026e-01
   4.15821066e-01
   7.86499262e-01
   1.29591471e-01
   5.28254335e-02
  -1.47923235e+00
   1.10047790e-01
   8.22405072e-02
   2.20351334e-01
   9.86528397e-01
  -7.40140962e-01
  -1.06976649e+00
   5.42302808e-01
   5.46064588e-01
  -1.02723241e+00
   2.39090745e+00
  -9.41121800e-01
  -1.20804765e+00
  -2.90493293e-01
  -1.14546624e+00
  -9.42804779e-02
  -9.07147531e-01
   1.00999733e+00
  -1.48239323e-01
   2.66414408e+00
  -3.67256087e-01
  -8.37245667e-01
   5.21147605e-01
   1.36350220e+00
   5.78669574e-01
   1.11847213e+00
   6.00745509e-01
   5.76383751e-01
   2.85387255e-01
   4.79414331e-02
  -1.61102429e+00
   2.04938614e+00
   6.72014624e-01
   4.11183546e-01
  -7.74954734e-01
  -1.09404426e+00
   1.43394078e+00
  -6.22442441e-01
   3.91398444e-01
  -1.49699524e+00
  -4.39947671e-01
   4.19171795e-01
   1.90357269e+00
   1.56882202e+00
  -6.12803005e-01
  -1.09126432e+00
  -4.06573999e-01
  -6.61682092e-01
  -3.60560760e-01
   1.08164384e+00
   3.78110792e-01
  -4.49536253e-01
   1.55077188e+00
  -7.49648919e-01
  -9.15999397e-01
  -2.80906579e-01
   5.61894318e-01
   9.59031304e-01
  -1.02325719e+00
   9.54358289e-01
   2.08601834e+00
  -1.02564500e-01
  -1.02112494e+00
  -5.99668817e-01
  -8.20896754e-01
  -2.06439326e+00
   5.39135302e-01
   3.15848932e-01
   3.54154961e-02
   7.52273900e-01
   1.10565434e+00
  -2.30754794e+00
   1.22093522e+00
   4.14725221e-01
   4.02950898e-02
  -1.23252846e+00
   1.40028713e+00
  -1.51538199e+00
  -9.04110369e-01
   1.28786230e+00
   4.52181670e-02
   4.82214270e-02
  -2.62570084e-01
   6.66997534e-01
   1.46637104e+00
  -1.35904140e-01
  -3.41354800e-01
  -5.78224325e-01
  -6.33216472e-01
  -1.35549504e-01
  -4.22015313e-01
  -4.44569681e-01
  -1.48626559e+00
  -7.83127798e-01
  -1.46278700e+00
  -1.87729824e+00
  -1.32115260e+00
   1.31518184e+00
  -6.00022779e-02
   9.26241551e-02
   9.23227839e-01
  -1.47244524e+00
  -3.64185210e-01
  -1.32267171e+00
   9.92659315e-01
   1.62709039e+00
   4.01086570e-01
   8.38720782e-02
   4.01682118e-01
  -1.25635026e+00
   5.30522524e-01
  -4.47777379e-01
   3.27757550e-01
   2.51363778e-01
  -6.93929814e-01
   1.22587292e+00
  -4.25031382e-01
   7.65449166e-01
   3.07777230e-01
   3.86516398e-01
   3.92017970e-01
  -1.54101709e-01
  -1.22224914e-01
  -2.22003087e+00
  -1.69359306e-01
  -2.08383924e-01
   2.60465580e-02
  -3.73763093e-03
   1.33759244e+00
   5.69961898e-01
   4.94003088e-02
   9.06920027e-01
  -1.29301308e+00
  -4.46834169e-01
   1.70205885e-01
   1.66839094e+00
  -1.23097091e+00
  -1.47030508e+00
  -5.72953315e-01
  -5.20286624e-01
   1.69073830e+00
  -2.36677927e+00
  -2.99526902e-03
   5.20368509e-01
   4.27981636e-01
   2.34537812e+00
  -1.75671038e-01
  -8.41261460e-01
  -6.94807935e-01
   1.16088568e-01
  -2.52730424e-01
  -6.37072829e-01
   3.19783498e-01
  -1.72234350e+00
  -1.30322655e+00
   9.89832444e-01
   3.12032870e-02
  -1.91315223e+00
   4.42411252e-01
  -1.41232690e+00
   8.69228028e-01
   1.20861576e-01
   6.28969510e-01
   7.61732875e-01
  -9.77227503e-02
  -9.97151583e-01
   4.28738319e-01
  -2.48611263e-02
  -1.14746904e+00
  -2.74264079e-01
  -7.53435389e-01
  -3.79580329e-01
  -1.29543904e+00
   1.25597413e+00
   1.40191210e-01
   4.61325692e-01
   1.17677390e+00
  -1.64194513e+00
  -8.84609669e-01
   1.19566613e+00
   3.78909751e-01
  -5.44843067e-01
  -1.28474500e+00
  -2.84925175e-01
  -9.36259826e-01
  -7.08092900e-01
   2.25866840e-02
  -5.61100294e-01
  -4.85076955e-01
   8.30093357e-02
  -2.36108589e+00
   2.23249521e+00
  -1.32803012e-01
   1.28845872e+00
   5.69759646e-01
  -3.07398530e-01
  -1.17558677e+00
   7.19731364e-01
   4.96447044e-01
   1.44325699e-01
   4.33389539e-01
   8.42753399e-01
  -8.24393328e-02
  -7.55777417e-01
  -6.37551220e-01
   8.21135401e-01
  -6.86007667e-02
   2.29820231e-01
  -1.57905120e+00
  -6.14201745e-01
   2.90853066e-01
  -5.06639176e-01
  -4.67800752e-01
  -1.85321864e+00
  -2.96455424e-01
   3.92455972e-01
   1.05598936e+00
   4.85236885e-02
   2.08784287e-01
  -3.10136340e-01
  -2.68675915e-01
  -1.37566035e-01
   4.10612967e-01
  -6.79818435e-01
  -6.29054827e-01
  -3.28573264e-01
   2.79809739e-01
  -1.08327688e+00
  -1.59433856e+00
   7.69292844e-02
   1.41766102e+00
  -9.32384376e-01
  -5.96379883e-01
   1.57456037e-01
   2.88456832e-02
  -2.99142703e+00
   7.35844183e-01
  -1.07867377e+00
   1.19960301e+00
  -6.42527433e-01
   1.97713929e-01
   2.88475577e-01
  -5.70403321e-01
  -1.87004280e+00
  -2.58932144e-01
   8.74351961e-02
   8.80663252e-01
  -1.56966206e-01
   6.74000736e-01
   1.69306573e+00
  -1.91188714e+00
  -1.31278328e-01
   2.77144132e+00
   9.98590373e-01
  -1.37146705e+00
  -1.97890208e+00
   1.67431254e+00
   9.04360142e-01
   1.38472379e+00
  -3.76441134e-01
  -1.64193631e-01
  -1.28271617e+00
   2.86561566e-01
  -4.37709475e-01
   1.05137947e+00
   2.09423366e-01
   7.43144403e-01
   5.87407940e-01
  -8.66054241e-01
   1.48944920e+00
   8.52184082e-01
  -2.60095496e+00
   1.05298593e+00
  -1.08540402e-02
  -3.05619354e-01
  -3.38698837e-01
  -9.31799603e-01
   1.90564261e+00
  -8.57536710e-01
  -1.17084153e+00
   3.84537641e-01
  -1.28739811e+00
  -9.20711393e-02
  -9.68732825e-01
  -6.55957833e-01
  -1.00063496e+00
  -2.02056664e-01
  -8.66425164e-01
   7.87732345e-01
   1.90611747e-01
  -1.80174367e+00
   3.49558502e-01
   7.74552212e-01
  -5.66893724e-01
   1.15096254e+00
   8.99385400e-01
  -1.21491411e-01
  -4.72644386e-01
  -4.14282297e-01
   4.35870964e-01
  -1.78360425e-01
   1.15985954e+00
   2.14781664e-01
   5.04834923e-01
   3.74828077e-01
  -1.33714212e+00
  -1.73386204e-01
  -1.62005246e+00
  -1.22380748e+00
  -4.58028286e-01
   5.83652492e-01
   3.18706789e-01
  -1.13523609e+00
  -2.60822841e-01
  -3.52545502e-01
   7.62894781e-01
  -4.20548533e-01
   1.21059865e-01
  -1.36861200e+00
  -1.64950355e-01
  -3.46102363e-01
   3.57972165e-01
   1.50435216e+00
   7.65560638e-01
   6.98928551e-01
   3.82825551e-01
   6.78916614e-01
   1.37754240e+00
  -1.34958729e-01
   2.05363689e+00
  -7.59532399e-01
  -9.94022965e-01
  -1.47067069e+00
   4.39182754e-01
  -2.46500205e-01
   8.52971144e-01
  -8.67729377e-01
  -6.00653111e-01
  -7.10986318e-01
  -6.48834176e-01
  -1.21335664e+00
   3.66787074e-01
  -1.24780423e+00
   4.20270713e-01
  -1.45622831e-01
  -3.75821441e-01
   6.19195633e-01
   4.65342829e-01
  -1.86675045e+00
  -8.66757091e-01
   1.03976331e+00
  -2.22843385e+00
   2.19899361e+00
   1.90376033e+00
  -3.51853233e-01
  -1.10786455e-01
  -4.31082710e-01
  -4.14953716e-02
   1.71165857e-01
   9.26840384e-01
   9.98086627e-01
   1.41577837e+00
  -1.30589113e-01
  -9.82664806e-02
   2.92834467e-01
   8.56334846e-02
  -8.82845473e-01
  -5.08749781e-01
   5.56374650e-01
  -1.24306767e+00
  -8.09677498e-02
  -2.62236954e-02
   6.50325749e-01
   6.49326636e-01
   3.51553530e-01
  -1.39760187e-01
   6.18058551e-01
   6.25095436e-01
  -6.42696352e-01
   4.11364545e-01
   4.48506270e-01
  -8.43244807e-01
  -8.26317996e-01
  -1.31672345e+00
   1.14391234e+00
   2.13970546e-01
   2.91973147e-01
  -1.69311871e+00
  -7.57527639e-01
   1.31536431e+00
   7.90293437e-02
  -2.66141712e+00
  -7.25602823e-01
  -1.18693451e+00
  -3.09174326e-01
  -1.30778721e+00
  -9.40346571e-01
  -2.31026196e-01
   8.89804835e-01
  -1.61074577e+00
  -7.28956439e-01
   1.18503675e-01
   1.55928398e+00
  -2.38801082e-01
  -9.46289948e-01
  -9.64166494e-01
  -1.55616954e+00
   4.32803208e-01
   1.88568649e-01
  -6.26850014e-01
   5.79768344e-01
   3.28036469e-01
  -7.70558541e-01
  -5.92606879e-01
   1.51957912e-02
  -2.60300939e+00
   4.53709985e-02
   4.68942998e-01
   6.86539141e-01
  -8.02681804e-01
   2.60364763e-02
   2.97397036e-01
   5.15666478e-01
  -1.30598794e+00
   5.83333814e-01
   2.34809735e+00
   5.45560037e-01
  -2.98638349e+00
   1.13763510e+00
   1.98998262e+00
   1.19004365e+00
  -1.09173396e+00
   1.18750409e+00
  -4.91033510e-01
   1.88773929e-01
   3.76824935e-01
   3.55862797e-01
   2.80762489e-01
   7.55417063e-01
   1.37767406e+00
   1.66421764e-01
   2.65101683e-01
  -1.25049446e+00
  -8.98295596e-01
   1.05139732e-01
  -5.38002510e-01
   1.25975682e+00
  -5.97044771e-01
   5.66874911e-01
   1.34417136e+00
   1.25144234e-01
  -1.30945592e+00
  -7.93242962e-02
  -8.85853554e-01
   3.78151673e-01
  -2.65772979e-01
  -5.17055040e-01
  -8.64166003e-01
   1.44820089e+00
   2.54260924e-01
  -6.19706331e-01
  -1.01058181e+00
  -3.84657318e-01
   5.69225579e-01
   2.80309432e-01
  -1.27406969e+00
  -3.47939305e-01
  -1.08873684e-01
  -1.09354487e-01
  -4.66887779e-01
   2.73719016e-01
   1.29175181e+00
  -5.77570189e-01
   1.50366938e+00
  -1.22454483e+00
   1.59214068e+00
  -8.83370437e-01
   4.88899107e-01
  -4.57813164e-01
   1.36882516e+00
   2.95665223e-01
   5.96680676e-01
  -3.85951900e-02
  -7.86577669e-01
   6.01661433e-01
  -1.73990526e-01
  -1.96271285e+00
   2.66036676e-01
  -1.20941830e+00
  -1.18352440e+00
   2.65191898e-01
   3.39410333e-01
   6.50032444e-02
   2.77261700e-01
  -3.76159276e-02
  -9.93333247e-01
  -1.38366291e-01
  -9.83049119e-01
   1.43420305e+00
  -1.07776696e+00
  -1.18894181e-01
  -7.62600993e-01
  -2.43655486e+00
  -7.94565271e-01
   7.63049535e-01
   2.39381124e+00
  -6.70812248e-01
   3.92780329e-01
  -1.39487474e+00
   9.94095827e-01
   1.02904693e+00
  -6.10132578e-01
   3.38131102e-01
  -6.83205968e-01
  -2.10291953e-01
  -4.10752471e-01
   3.99914695e-01
  -4.23086797e-01
  -5.90718533e-01
   8.99057282e-01
  -1.07562496e+00
   4.09620366e-01
   1.58973208e+00
   1.61336579e+00
  -1.53172888e+00
   1.35619249e+00
  -4.64266959e-01
  -9.79380057e-02
   6.62433842e-01
   2.46178437e-01
  -2.08569660e-01
   2.18166014e-01
  -4.41019857e-01
   6.61429151e-01
   3.20039638e-01
   7.63994853e-02
  -2.22399832e+00
  -6.67867590e-01
   9.63988357e-02
  -2.69234827e-01
   1.43685134e+00
  -1.93435374e+00
  -1.51769534e+00
   2.89803300e+00
   2.14735214e-01
   5.34559570e-01
   1.45616935e+00
  -4.22712030e-01
  -7.82786581e-02
   1.05453172e+00
  -4.57014955e-01
   4.84398266e-01
  -1.72324670e-01
   7.44752792e-01
   5.99165192e-01
  -8.67256048e-01
  -1.15242249e+00
  -8.49611077e-01
   1.17966573e+00
   1.00431137e+00
  -1.90624782e+00
  -5.01773393e-01
   1.05434581e-02
  -8.41831174e-01
   9.79091048e-01
   3.27660942e-02
  -5.46525838e-01
   2.66907133e-01
   1.36434644e-02
   2.14304962e+00
  -1.67042221e+00
  -6.45145717e-01
   7.96129480e-02
   8.62501372e-01
   7.29423867e-01
  -4.29459157e-01
  -3.36083655e-01
  -4.29432785e-01
  -5.29294933e-03
   3.25276178e-01
  -9.53195924e-01
  -7.94574674e-01
   1.63835206e+00
   4.15228347e-01
  -4.00082973e-01
   1.42290809e-01
   1.72790622e-01
   1.23441344e+00
  -3.90677412e-01
   4.78216715e-01
  -6.69574696e-01
  -4.99513040e-01
   7.83990157e-01
  -1.05497275e+00
  -3.88403250e-01
   4.38431017e-02
  -1.98970230e+00
  -1.44729183e+00
  -2.41409944e-01
   4.58631780e-01
   1.45213183e+00
  -4.43267737e-01
   1.01839378e+00
   1.85439138e-01
   1.26818230e+00
   2.98692769e-01
  -9.66840874e-01
  -2.11860411e+00
  -7.38308896e-01
   3.91677618e-01
   6.49156012e-01
  -8.80908967e-01
  -2.07216622e-01
   4.18188218e-01
   1.30890151e-03
   2.11673024e+00
   2.60279986e-01
   1.37204845e-01
   7.67637896e-01
   4.23920567e-01
  -1.31693424e-01
  -1.99842028e+00
  -8.15013253e-01
   4.67002221e-01
  -9.24995352e-01
   8.14507898e-01
   8.61159029e-01
  -2.40829481e-01
   1.58186539e-01
  -3.79942894e-02
  -1.33691011e+00
   3.77905128e-01
   1.65117375e+00
  -2.50864363e+00
   7.08073213e-01
  -8.37959139e-02
  -3.54637738e-01
  -1.30991202e+00
   3.06325442e-02
  -1.98903776e+00
   8.24381719e-01
   8.92563751e-01
   3.40339601e-01
  -7.51948212e-01
  -1.28457525e+00
  -4.38741265e-02
   8.24307930e-01
   6.62738532e-01
  -6.95749636e-01
   1.48739873e-01
  -1.35733822e-02
  -1.23694190e+00
   3.96466348e-01
  -1.63635416e-02
  -4.63755768e-01
   9.45161498e-01
  -1.26900857e-01
  -2.79472344e-01
  -9.46859629e-03
  -9.85109875e-01
   2.85366297e-01
  -1.17218477e+00
   4.10002893e-01
  -2.04439140e+00
  -4.59451720e-03
   1.63438418e+00
   1.39291965e-01
  -2.83633990e-01
  -1.28428928e+00
  -8.60568618e-01
   7.33530323e-01
   5.19641355e-01
  -1.75756589e+00
   7.82306931e-01
  -4.26839227e-01
  -9.64047954e-01
   1.00774891e+00
  -1.58818839e+00
  -1.77856505e-01
   1.28603969e+00
  -2.05941355e+00
  -5.60518186e-01
  -8.80104116e-01
   7.49627836e-01
   2.23175811e-01
  -4.35084918e-01
  -7.83495874e-01
   5.58545096e-01
   5.63803411e-01
  -3.67768201e-01
   1.20340644e+00
  -1.60930279e+00
   1.49927407e+00
   1.49371925e-01
  -5.65435182e-01
   1.82123331e+00
  -5.94251481e-01
  -1.63237103e+00
   8.19999308e-01
   1.15892741e+00
   1.83026645e+00
  -2.12556375e-02
  -3.59644605e-01
  -5.67160214e-01
   2.01863002e-01
   8.84182113e-01
  -1.56689004e-01
   9.65967821e-01
  -6.91662898e-01
   1.06590045e-01
  -1.47140279e-01
   1.92360664e+00
   5.67807543e-01
   4.54829114e-01
  -1.45834699e-01
   2.35072013e-01
   4.15983363e-01
   2.47328654e-01
   1.21602945e+00
  -1.02067667e+00
   7.35651732e-01
  -3.71230024e-01
   1.28412479e+00
  -8.50293378e-01
  -8.26422634e-02
   1.00794379e+00
   1.88809769e+00
   4.58439384e-01
  -1.47192128e+00
   4.28280403e-02
   5.12647840e-01
  -1.21049491e+00
  -9.15935303e-01
   5.85271784e-01
  -7.97935638e-01
  -9.02045808e-01
  -1.47279350e+00
  -1.56714768e+00
   1.55302515e-01
  -1.24392828e+00
   1.25405167e+00
   2.58097164e-01
  -1.86146779e-01
   3.17855157e-01
   1.23404433e+00
  -8.35686164e-01
  -3.41900244e-02
   3.45088611e-01
   3.86902668e-01
  -6.97019929e-01
  -4.38019045e-01
   5.11157042e-01
   5.58781490e-01
  -1.84394640e+00
   5.50152490e-01
  -1.10020034e-01
   2.27589551e+00
  -1.29585792e+00
   1.42725272e+00
  -1.38031884e+00
  -2.37209230e-01
   7.51292133e-01
  -1.31733273e+00
   7.53449776e-01
  -8.58190350e-02
  -1.28198085e+00
  -1.52840865e+00
  -4.56610013e-01
   1.01592349e+00
  -1.87474685e+00
  -6.57167294e-01
  -1.19870517e+00
   5.83613704e-01
  -3.29856172e-02
   1.24268398e+00
  -4.06643588e-02
   1.84845491e+00
  -1.14765221e+00
   1.26212744e+00
  -1.18103573e-01
  -1.08483586e+00
   5.83011149e-01
  -2.60177885e-01
  -8.70536417e-01
  -1.01869494e-01
   1.31125165e+00
  -1.62670972e-03
   2.16966195e+00
   2.14175479e-01
  -3.09601079e-01
  -6.95180706e-02
  -8.75830517e-01
   1.96032243e+00
   2.46884588e-01
   3.69564203e-01
   1.77126260e-01
   4.84360460e-01
  -4.64948764e-01
   1.50689051e+00
   9.05787397e-01
   6.09888247e-01
   6.49609363e-01
   6.31627284e-01
   1.84343577e+00
   4.37816248e-01
  -1.39808007e-01
  -6.67724534e-01
  -2.97315590e-01
  -4.31799107e-01
   9.60455699e-01
  -9.15126055e-01
  -7.58881269e-01
  -1.93883104e+00
  -8.86376812e-01
  -4.45000264e-01
  -1.09199638e+00
   6.44118155e-01
   1.32043844e+00
  -7.92686585e-01
   1.62389451e-01
   3.30852034e-01
   1.23197335e+00
  -1.16155402e-01
  -1.73243629e-01
  -1.25868837e+00
  -1.96955656e+00
   6.65257592e-01
   9.09554203e-01
  -1.64778240e+00
  -5.01786220e-01
  -1.09078157e+00
  -2.94539614e-01
   3.81511123e-01
   1.26093132e+00
   1.74336775e+00
   9.02015886e-01
  -1.69423367e-01
   1.00352008e+00
  -1.18861186e-01
  -1.27975002e+00
   9.19091833e-01
  -5.60445464e-01
  -2.70360359e-01
  -1.87931680e+00
   9.16747501e-01
  -1.64675355e-01
   2.18956902e+00
  -7.21426501e-01
  -8.86578222e-01
  -3.79811575e-01
  -7.13004066e-01
  -1.31000453e-01
  -1.03335837e+00
   9.09387910e-01
   1.25875033e+00
   2.24972700e+00
   2.43161294e+00
   9.31788969e-01
   5.20259260e-01
   8.18596015e-01
  -1.22869198e-01
  -6.16503469e-01
  -9.50557803e-01
   6.77558695e-01
   9.49645691e-01
  -1.09415106e+00
   7.87582137e-01
   1.19905875e+00
   3.33497154e-01
   6.20000362e-01
  -2.21198422e+00
  -3.66076540e-01
  -1.08025213e+00
   1.19338705e+00
  -1.24862013e+00
  -9.29112460e-01
   4.60878089e-01
   1.81068796e+00
  -1.00043796e+00
  -1.50079750e+00
   4.90297877e-01
  -1.04592197e+00
  -1.66231954e-01
  -3.32066684e-01
   9.10979338e-01
  -3.23387451e-01
   9.98582775e-02
   1.95282490e+00
  -1.48778861e+00
  -1.20993598e+00
   7.70510959e-01
  -1.84246361e+00
   8.95531566e-01
   7.78610999e-01
   7.57211769e-01
   9.04209147e-01
   1.44332409e+00
   7.48052789e-01
  -1.31930420e+00
   3.02573530e-01
  -1.15975551e-01
   9.84653032e-01
  -1.36278218e+00
  -3.93546516e-01
   8.52535170e-01
   5.67941463e-02
   1.98272328e+00
   3.35615736e-02
  -1.10248106e+00
  -2.03587738e+00
   5.76769729e-01
   1.59615712e-01
   1.85447963e+00
  -8.83243105e-01
  -1.23082593e+00
  -1.28753731e+00
  -1.17780086e+00
  -6.20620947e-01
  -1.70697252e+00
   1.26885146e+00
  -2.98938288e-01
  -8.28306968e-02
   1.33221071e+00
  -7.84722150e-01
  -9.09842643e-02
   8.02059999e-01
   1.29348244e-01
  -1.17707147e-01
   1.31279058e+00
   1.09159152e+00
   3.15496913e+00
   7.88068106e-01
   4.41879393e-01
  -6.47720762e-01
  -4.87202468e-01
  -1.41439961e+00
   3.97218070e-02
   6.53108976e-02
  -1.33297963e+00
  -3.26487891e+00
  -4.17692078e-01
   1.09796362e+00
   4.51250431e-01
  -1.38507896e+00
  -1.29575914e+00
  -1.40171656e+00
   2.13077821e-01
  -5.89883555e-01
   1.23762453e+00
   1.38795385e+00
   1.56235110e+00
   2.57720627e-01
  -9.86094079e-01
   2.90416998e+00
   1.44387970e+00
  -5.20699156e-01
  -1.27139749e+00
   1.98976089e-01
   5.35743947e-01
   3.96840788e-01
   4.75585725e-02
  -1.10429835e+00
  -6.93520289e-01
   1.20900393e+00
   5.20637624e-01
   6.53519855e-01
  -4.06766832e-01
   2.94390474e-01
   1.47456024e-01
  -1.99794248e+00
   9.75061858e-01
  -3.94149396e-01
  -1.55512587e+00
   4.17162079e-01
   4.97819672e-02
   3.63054597e-01
   1.67611411e+00
  -8.22435222e-01
  -7.14131648e-02
   8.61769662e-01
  -2.08093155e+00
   5.95238980e-01
   4.34219989e-01
  -5.29226452e-01
   3.79982132e-01
  -6.23106316e-01
   1.27352788e-01
  -1.18011000e+00
  -1.62250904e+00
   9.23252662e-02
  -7.04053453e-01
  -1.24808742e+00
  -1.64567314e+00
   2.25314943e-01
  -5.93989613e-01
  -9.34002032e-05
   5.73398996e-01
  -1.31874624e+00
  -5.56917593e-01
  -8.42006194e-01
  -1.53837946e+00
   1.90866056e+00
   1.23338925e-01
   2.37231190e-01
  -4.01053984e-01
  -4.53440920e-01
   1.02255048e+00
   7.29129474e-01
  -8.30089192e-01
   6.19123688e-02
   8.17310648e-01
   6.75929398e-01
  -1.35425357e+00
   8.62163496e-01
   2.41703749e-01
   1.29690135e+00
   4.13252330e-01
  -3.32940758e-01
  -6.76309148e-01
  -2.10633917e-01
   1.28787810e+00
   2.20828514e-01
  -6.70293206e-01
   5.66540213e-01
  -6.51244638e-01
  -2.02509976e-01
  -5.31845842e-01
  -4.41351194e-01
   9.81663608e-01
   1.89247553e+00
  -1.47710372e-01
  -2.56073117e+00
  -7.42064670e-03
  -2.32203283e-01
   1.39544968e+00
   6.43727527e-01
  -1.79902526e-01
  -9.35378362e-01
  -5.65881275e-01
  -7.75951772e-01
   1.40050710e+00
   1.31831954e+00
  -6.38793192e-01
   4.59598628e-01
  -1.29907764e-01
   1.03492472e+00
   6.14734958e-02
   9.05021562e-01
   1.25608309e+00
   7.58674472e-01
  -1.07037560e+00
  -1.37892794e+00
   8.31390365e-02
  -4.89725719e-01
   1.24308756e+00
   8.03336761e-01
  -1.15093578e+00
  -2.58796210e+00
   8.27823726e-01
  -1.76624616e-01
  -1.74159086e-01
   5.85539838e-02
   1.51686691e+00
  -2.60058209e+00
   1.62683171e+00
   3.78517344e-02
   1.12843755e+00
  -5.34297686e-01
   2.24550397e+00
   5.24372452e-01
  -5.95771665e-01
  -3.89212385e-01
   6.02513886e-01
   2.64543313e+00
  -1.22200779e+00
  -6.13274748e-01
   3.75423326e-01
  -9.93627907e-01
   1.90132068e+00
   9.79778742e-02
  -2.58961244e-01
   4.66414923e-01
  -8.64338872e-01
  -2.00507167e-01
  -7.29220175e-01
  -4.06467416e-01
   1.21395457e+00
  -9.20652510e-01
  -4.55594022e-02
  -9.96240235e-01
   4.40050996e-01
   1.51670605e-01
   5.11961920e-01
  -7.18527391e-01
  -1.67299127e+00
  -1.23219310e+00
  -1.26086322e+00
  -1.87872953e+00
  -1.49009577e+00
   7.92446172e-01
   2.21683748e-01
  -2.95688780e-01
  -2.31511492e-01
  -5.54259533e-01
   2.30645188e+00
  -1.87655080e-01
   4.82381281e-01
   7.72087853e-01
   1.98301555e+00
   7.01720127e-01
   1.19580130e+00
   2.71148085e-01
  -8.36702090e-01
   3.86536511e-01
  -1.32096608e+00
   1.30737811e+00
   5.29420143e-01
   8.05176121e-01
   3.98019815e-01
  -1.02594281e+00
  -5.13972851e-01
   3.47339282e-01
   5.48428289e-03
  -4.22378659e-01
   7.56081145e-01
   8.87483745e-01
  -1.99192072e+00
   9.36766247e-01
  -1.40899345e+00
   1.60716756e+00
   6.01409739e-01
  -5.74232246e-01
  -1.13624345e-01
  -2.74002431e-01
   6.50699551e-01
   1.02644317e+00
   4.10587999e-01
  -3.63293153e-01
   1.19105043e-01
  -5.66846446e-01
   2.04290675e+00
   6.32121792e-01
  -1.27220967e+00
   2.68116168e+00
  -2.68882359e+00
   6.59106947e-01
   1.36825355e-01
  -8.53114157e-01
  -1.26415835e+00
  -1.97493593e+00
   8.17274426e-01
   2.31021071e+00
   1.41084416e+00
   6.23050500e-01
  -1.17826704e+00
  -1.82226224e-01
   3.96881965e-01
   1.14612563e+00
   8.61794391e-03
  -2.71940830e-01
   1.35040934e+00
   2.16561038e+00
   6.13867764e-01
  -7.12893023e-01
  -1.35282886e+00
  -2.70769901e-01
  -5.24894126e-01
  -7.95751510e-01
   1.61222551e+00
   7.70254939e-01
  -1.20877576e+00
  -4.30088010e-01
  -2.45600235e-01
  -2.81861625e-01
  -3.79102659e-01
  -1.14048417e+00
  -1.18072988e+00
   3.44295097e+00
  -1.03811172e+00
   4.14915959e-01
   7.65891975e-01
  -1.32828369e-01
  -6.60416783e-01
  -2.08529006e-01
  -1.15261040e+00
  -1.71157034e+00
  -1.10868693e+00
   3.82144173e-01
   6.33478303e-01
   1.15084463e-02
  -3.45631611e-02
   1.45620697e+00
  -7.47219069e-01
   1.29994068e+00
   1.20587088e-01
  -4.05416195e-01
  -8.50662260e-01
  -8.28402977e-01
  -4.52288264e-01
  -3.78691756e-01
  -9.31054921e-02
  -1.07935781e+00
  -3.07627306e-01
   1.84058393e-01
  -1.81936441e+00
   9.40644811e-01
  -2.47217630e-01
   1.89309113e-01
   4.11533400e-01
   5.05682043e-01
   9.04901107e-01
   1.01199112e+00
  -3.02319377e-01
  -6.26285504e-01
   7.43791093e-02
  -5.47272065e-01
   1.10374059e+00
  -9.86294418e-01
  -6.76247390e-01
  -7.25453889e-01
   5.82024092e-01
   3.57947525e-01
  -1.40363467e+00
   2.86847673e-03
  -2.17447536e-01
   8.58008698e-01
   4.98734216e-01
  -6.69423834e-01
   5.70375705e-01
   8.27341958e-01
   2.20890144e-01
   1.11203291e-01
  -8.13751748e-01
  -2.63333875e-01
  -1.28444497e+00
  -1.95422603e+00
  -1.72067602e+00
   1.41836918e+00
  -1.11142768e+00
  -4.43793151e-01
  -2.30301271e+00
  -6.21810493e-01
   1.12365661e+00
   3.29629479e-01
   6.37695398e-01
  -1.50649952e+00
   1.25038927e+00
   3.19662593e-01
  -1.07946499e+00
   5.66648870e-01
   9.39770515e-01
   1.09394531e+00
   1.08476308e+00
  -2.93650768e-01
   2.43502108e-02
   1.95992664e+00
  -1.33882022e+00
   9.29655773e-01
   7.51706635e-01
   6.35913880e-01
   9.76258661e-01
   4.43850718e-03
  -3.39256518e-01
   8.81996989e-01
  -1.86640117e+00
   8.16431684e-01
   1.17655091e-01
  -1.62783093e+00
  -9.15609733e-01
   7.85546749e-01
   7.42231228e-01
  -1.79230101e+00
   5.33676346e-01
   1.29334573e+00
   1.22063621e+00
  -9.13108272e-02
  -3.76008193e-01
   7.54481292e-01
  -9.04161476e-01
  -1.00765431e+00
  -2.40611754e+00
   3.74626807e-01
  -2.54202246e-01
  -1.03581384e+00
   6.55628944e-02
   1.65150281e+00
   1.37522090e+00
   1.53454713e-01
   9.87653804e-01
  -5.18304908e-01
  -7.40784027e-01
  -1.32263786e+00
   9.83680170e-01
   6.05146470e-01
   1.04068818e+00
  -2.79011295e-01
   3.03092141e-01
  -4.92018425e-01
   1.33367537e+00
  -4.17469239e-01
  -1.22462245e+00
   1.88080265e+00
   3.44464413e-01
  -6.45228370e-01
   2.42397384e-01
  -3.74734023e-01
  -1.50271633e+00
   1.73414390e-01
   1.75291559e-01
  -4.87405047e-01
   2.50525365e-01
   1.02334121e-01
  -2.55224094e-01
  -1.06953896e+00
   2.09328901e+00
  -1.04491842e+00
  -5.75500362e-01
   7.83478923e-01
   6.69178268e-01
  -2.20204183e-01
   2.28948670e+00
  -1.42749357e-01
  -1.10998778e+00
   3.23877418e-03
  -6.05648868e-02
   3.43572303e-01
   2.05000139e-01
   8.41342355e-01
  -1.25688834e-01
   8.47083588e-01
   7.95806255e-02
   3.88794343e-01
   8.77676937e-01
   5.91299072e-01
  -1.08236454e+00
  -2.02239954e+00
   1.62411433e+00
   1.11993668e+00
  -5.97321853e-01
   6.75871499e-02
   1.77183807e-01
  -1.04958366e+00
  -1.17239108e+00
  -1.42167977e+00
   1.35416527e+00
   1.19882269e+00
  -1.31008119e-02
  -2.35842858e-01
   9.81902758e-01
  -5.06800521e-01
  -7.23147649e-01
  -1.25955241e+00
   1.34280454e+00
   4.12088578e-01
  -5.90193136e-01
   1.25324118e+00
   5.00511994e-01
  -1.06998353e+00
   7.19569804e-01
   4.77591163e-01
  -7.30717719e-01
  -7.65166011e-01
   2.98910682e-01
  -2.80996878e-01
   5.63679103e-02
   5.21998800e-01
  -8.11853936e-01
   7.84450644e-01
  -2.15436235e+00
   3.68983815e-01
   5.86699352e-02
  -6.43341638e-01
  -5.66665241e-01
  -2.59042012e-01
  -6.40686386e-01
   7.33838067e-01
   1.08203264e+00
  -2.90145687e-01
  -1.99467067e+00
   7.36752024e-01
  -8.36328616e-01
  -2.27219271e-01
   1.27028559e+00
  -1.35051244e-01
   1.84292274e-01
   1.31608160e+00
   7.34302702e-01
   1.17890791e+00
   1.99471989e+00
   3.07525182e-01
   1.41046939e+00
   6.13794470e-01
  -9.83054027e-01
   9.16151175e-01
  -9.82641171e-01
   2.46747122e-02
  -1.02106343e+00
  -1.00882341e+00
   7.25338368e-02
  -7.50344006e-01
   9.65211802e-01
   8.59301845e-01
   7.26700140e-01
  -1.29286932e+00
  -2.12455792e+00
  -1.21817163e+00
  -1.95709681e+00
  -3.27014850e-01
   5.30338552e-01
   1.42631382e+00
   6.95246343e-01
   9.39312745e-02
   1.25013871e+00
  -1.59556950e+00
  -2.47502837e-01
  -1.90749327e+00
   1.66039157e+00
  -2.72172328e-01
  -1.41307340e-01
