   1.68191565e+00
  -1.17542907e+00
   4.28007891e-01
   8.77783384e-01
   1.48104083e+00
   3.18392659e-01
  -7.18989935e-01
   1.80927748e+00
   4.76287348e-01
  -1.11259325e+00
  -7.93186236e-01
  -3.42331818e-01
  -1.02889472e+00
   1.58961130e+00
   3.88955116e-01
  -4.18242811e-01
  -7.57855216e-01
  -3.43777788e-01
   3.04633325e+00
   9.32361839e-01
   4.90456913e-01
  -9.91264473e-01
   3.29303621e-01
  -6.16589075e-02
  -2.14465499e+00
  -8.85719739e-01
  -7.65635573e-01
  -2.26101734e+00
   1.56878884e-01
   7.29475099e-01
   7.63707013e-01
  -1.35961348e-01
  -8.70299600e-01
   3.61496977e-01
   3.76172346e-01
   3.62177761e-01
  -1.03998532e+00
   1.05263699e-01
  -8.13011472e-01
   1.03912122e+00
   9.66687024e-01
  -3.27999115e-01
  -1.18002179e-02
   1.60572063e+00
  -2.90242617e-01
   5.02841455e-01
  -6.92481795e-01
  -1.45409466e-01
  -1.28479343e+00
  -1.07659168e+00
   6.11865777e-01
   8.44335327e-01
   9.42819687e-01
  -2.31955262e+00
  -6.67373067e-01
  -1.26151054e+00
   1.81168910e-01
   5.10386941e-01
  -3.13261985e-01
   4.98469895e-01
  -8.69254655e-01
  -1.60887078e+00
  -9.60723599e-01
  -6.67830110e-01
  -1.63390865e+00
  -1.52026303e+00
  -2.49814137e-01
   6.14594078e-01
  -1.54270673e+00
  -8.75106612e-01
   2.46936812e+00
  -6.05483722e-01
  -1.29227958e+00
   5.46190157e-01
   5.37846857e-01
  -7.71147262e-02
  -1.76860129e-01
   1.80597377e+00
   8.71580335e-01
   4.72113099e-01
  -2.22611654e+00
  -3.24761290e-02
   1.85422205e+00
   1.09420564e+00
  -1.07889763e+00
  -1.89476880e+00
  -5.84395521e-01
  -1.80909200e+00
   1.57563598e+00
   1.72849985e-01
  -1.78751088e+00
   9.47405826e-01
  -9.59311781e-01
  -2.00937879e-01
   3.78813416e-01
   2.47278744e+00
  -1.95259178e+00
   4.87392724e-02
  -1.06474089e-01
   1.26304814e+00
  -8.11436461e-02
   1.46667557e+00
  -8.10258544e-01
  -2.06210740e+00
  -6.57671346e-02
  -5.97414859e-01
   3.46890153e-01
   2.32433721e+00
  -6.60316127e-02
  -1.49011282e+00
  -7.57585922e-02
  -6.16154914e-01
  -1.17708230e+00
   2.15905192e-01
  -3.36866481e-02
  -7.24498781e-01
   1.24888022e+00
  -8.01428073e-01
  -1.29616910e-01
  -1.22040212e-02
   1.68667329e+00
   1.08706526e+00
  -1.25724367e-01
   9.70039819e-01
   2.81835337e-01
  -8.10917383e-01
  -4.46720762e-01
  -5.36119509e-01
  -1.70475235e+00
  -6.04708698e-02
   2.23143083e+00
  -1.09672569e+00
   1.23555427e+00
  -2.32258013e-01
   9.07709173e-01
  -8.77567963e-01
  -1.36073504e+00
   8.33477925e-01
  -3.03166342e-01
   3.24686734e-01
  -5.26625039e-01
   1.15491302e+00
  -1.47937000e-01
  -3.92745580e-01
   1.32130692e+00
   1.54916994e+00
  -2.18435929e+00
   3.98870874e-01
   1.05148626e+00
   9.94352711e-01
   1.73386302e-01
   8.76358373e-01
  -1.46023330e+00
   4.35439900e-01
  -1.00429223e-01
   6.53125992e-02
   8.15339080e-01
   2.02278980e-01
   1.78814459e+00
  -2.31232666e+00
   4.19595282e-01
  -1.34269667e+00
   4.50436766e-01
   1.41554337e+00
  -1.07566624e+00
  -5.99633949e-01
  -6.73803846e-02
   5.73164475e-01
  -6.75418945e-01
   1.26600954e+00
   6.31724968e-01
   6.39054070e-01
  -1.15556724e+00
   5.35246830e-01
  -3.15867710e-01
   2.69108768e-01
   7.33929423e-01
  -3.01913533e-01
   9.30517595e-01
   1.66596553e-01
  -1.69153420e+00
   7.82124808e-01
   6.81751621e-01
  -3.38111696e-01
  -2.11652602e-01
   9.17281283e-03
   2.42665039e-02
   1.50355551e+00
   2.81268290e-01
  -6.74488734e-01
   1.92584331e-01
  -1.62969400e+00
   1.78454612e+00
  -9.96935077e-01
  -2.39268319e-01
   1.24707045e+00
   1.03299066e+00
   7.88399496e-01
   7.58056714e-01
  -1.72724028e+00
   1.91430924e-01
   1.52210314e+00
  -4.60846487e-01
  -9.22555749e-02
  -3.89934406e-01
  -1.26711258e+00
   6.01931157e-01
   1.01985490e+00
  -1.72819696e+00
   1.67385590e+00
   1.83283995e+00
   1.59091836e+00
   1.51934326e-01
  -4.13067736e-01
   7.55571189e-01
   8.36865563e-01
   2.34375580e-01
  -1.33573931e+00
   1.38405025e+00
   4.09330233e-01
  -2.07691972e+00
  -4.53577797e-01
   1.20950840e+00
   1.06851323e+00
   2.63377956e-01
  -8.01275117e-01
  -9.03751369e-01
   5.05598325e-01
  -1.15410651e+00
  -1.47940020e+00
   3.85833068e-01
   1.44237081e+00
  -8.15797158e-01
   4.06305590e-01
  -8.28062449e-01
  -1.09157904e+00
   6.91899977e-02
   1.84243611e+00
  -2.87056732e+00
   1.10258893e-01
   1.44641422e+00
   5.89627194e-02
   1.49778260e+00
  -8.09970601e-01
   5.55051832e-01
   1.61671355e+00
  -9.34592764e-01
   6.58116025e-01
   1.34459121e+00
   8.09039449e-01
  -2.65334379e-01
   1.95258164e+00
   2.84807708e-01
   2.79412182e-01
   1.27347135e+00
   1.12886481e+00
  -6.94348028e-01
  -8.89413888e-01
  -4.71007288e-01
  -3.00921847e-01
   8.85788014e-01
   9.21992746e-02
  -1.19427886e+00
   2.86454181e+00
  -1.11505155e-01
   1.76066136e+00
   4.68915264e-01
  -1.32022788e+00
  -1.56778926e+00
  -1.21831005e+00
  -1.26038928e-01
  -5.13136407e-01
   1.61874229e+00
   2.79832010e+00
   1.52941248e-01
  -1.81730456e-01
  -1.70715164e-01
   7.93257167e-01
   9.65852587e-01
   6.41257487e-01
   1.37208487e+00
  -2.21876188e-01
  -3.12824360e-01
   4.55038183e-01
   7.18998485e-01
   2.97539607e-01
   1.23251965e-01
  -3.62678161e-01
   7.62120405e-01
  -7.33619230e-01
  -5.08495912e-01
   2.23410185e+00
   1.20225182e-01
   3.21908293e-01
   2.93704830e+00
  -2.24210649e-02
  -1.96858359e+00
  -1.51115724e+00
   1.08196522e+00
  -1.49987890e+00
   5.78423663e-01
   5.63072578e-01
   1.12704649e-01
  -7.65966041e-02
  -2.84691660e-01
   6.67218588e-01
   5.06807451e-01
  -1.79190152e-01
  -1.37460875e+00
   2.35032584e-01
  -5.50948347e-01
   5.06038411e-01
  -3.03783987e-01
  -1.45662609e-01
  -3.50644236e-01
   9.01271113e-01
   1.80743106e+00
   1.01035194e+00
  -3.09988225e-01
   5.53389200e-01
  -3.22061470e-01
  -1.24788736e+00
   4.12974284e-01
  -1.07653305e+00
   1.24755519e-01
   5.21143996e-01
   7.93225568e-01
  -1.32185075e+00
  -7.04009933e-01
  -4.26883159e-01
   9.42668853e-01
   1.63737833e-01
  -7.01393381e-01
   1.34683577e-01
   1.83248592e+00
   2.85214368e-01
   1.08106875e+00
  -2.41655655e-01
  -2.36439371e-01
  -4.40084111e-01
   6.21748483e-03
  -1.24347128e+00
  -2.60429799e+00
   1.79405946e-01
   5.45426628e-01
  -7.00953517e-01
   1.01911298e+00
   4.10070360e-01
  -1.06210806e+00
   5.51357530e-01
  -9.60823946e-02
  -5.52918693e-01
   8.59875638e-01
  -3.52278136e-01
   2.33966173e-01
   8.62913284e-01
  -1.04425911e+00
   1.48232776e-01
  -8.49912019e-01
   1.11639366e+00
  -5.80494450e-01
  -1.63495754e+00
  -1.77362724e-01
   8.76878605e-01
   2.21093386e-01
   1.11039063e+00
   8.57233883e-01
  -2.41553306e+00
   7.07593829e-01
  -1.19308617e+00
   1.75660983e+00
   9.62856263e-01
   3.17614531e-01
   1.30861504e+00
   7.28471526e-01
  -1.56463098e+00
  -1.28619951e+00
  -1.10055652e+00
  -3.33555138e-01
  -8.35115189e-01
  -1.25512241e+00
  -8.14056964e-01
   7.80338201e-01
  -6.09734339e-01
   1.14166804e+00
   2.05863105e-01
  -6.98237616e-01
   2.84288700e-01
   8.52392741e-01
   1.29331377e-01
   2.55271786e+00
  -3.27208370e-01
  -5.23026931e-01
   2.05872373e-01
  -1.18992051e-01
   8.76397519e-01
   7.13752057e-01
   8.50972940e-01
  -1.07547951e+00
  -1.01171796e+00
   8.48502627e-02
   8.78969415e-01
  -6.52270254e-01
  -5.03205437e-01
   8.10570058e-01
  -2.14694366e+00
  -1.90743152e-01
   2.49215676e-01
   2.48287110e-02
  -1.58829439e+00
   1.41748674e+00
   2.17678593e-01
   1.19643657e+00
   1.31635439e+00
  -8.86573055e-01
   6.52582227e-01
  -1.06441717e+00
  -9.36239236e-02
   1.59264963e+00
  -1.04709045e+00
   1.12249725e+00
  -2.41523972e-01
  -1.19778578e-01
   9.86721141e-02
  -9.51170323e-01
   4.40077910e-01
   8.67699795e-01
   5.12205888e-02
  -4.37077224e-01
  -1.83548378e+00
  -6.27765789e-01
  -4.87694162e-01
   7.14014501e-01
  -1.50352754e+00
  -1.66907930e+00
   6.83089078e-01
   2.05459257e+00
   2.98169079e-01
   1.83194569e-02
   1.35921920e+00
  -3.37675005e-01
   4.81171115e-01
   6.07326088e-01
  -1.84882046e+00
   2.75186589e-01
   6.31784264e-02
  -4.71436683e-01
  -3.11587240e-01
   2.95392923e-01
   7.89091237e-02
  -1.08828384e+00
   7.20786896e-01
  -7.11580881e-01
   1.46963203e+00
  -1.13135005e-01
   6.49418534e-01
  -2.54280319e+00
  -3.67634116e-01
  -1.70133803e-01
   1.60289370e+00
   3.16934957e-01
  -1.04968246e+00
  -1.58178670e+00
   4.96473908e-01
  -2.69924830e-02
  -4.15601615e-01
  -1.06665571e+00
  -6.15617269e-01
   7.58509175e-01
   7.09199951e-01
  -5.82211092e-01
  -1.80031156e+00
   2.93888041e-01
  -5.40205662e-01
  -7.38832217e-01
  -8.96182577e-01
   7.13181147e-01
   7.05825497e-01
  -1.03048887e+00
   1.91469549e-01
  -1.11256478e-01
  -5.39957163e-01
   9.18996825e-01
  -1.65837322e+00
  -9.94671600e-01
   7.79494542e-01
   4.87137109e-02
  -8.83289731e-01
   3.04074205e-01
   5.57488054e-01
   3.44885049e-01
   7.82839707e-01
  -2.03986022e-02
  -8.99038252e-01
   1.25366823e+00
   1.62346909e+00
   1.10969630e-01
  -9.83859519e-01
   1.13417066e+00
  -2.87295430e-01
   9.03466254e-01
   2.67037958e-01
   8.75647374e-01
  -2.09054549e+00
  -1.52212418e+00
  -4.17046983e-01
  -1.29083388e+00
  -9.88236753e-01
  -3.39304850e-01
   4.91387352e-01
   1.50356246e+00
  -5.62981029e-01
  -1.43932213e+00
   2.36609897e+00
   6.04295468e-01
  -1.47364289e-01
  -3.35343404e-01
   3.71480514e-01
  -8.68792887e-01
  -1.86601329e-01
  -7.83140041e-01
  -5.55662010e-01
   6.51187484e-02
  -1.19075614e+00
   1.34809324e+00
  -5.86590643e-01
   2.75891935e-01
   6.31884741e-01
  -2.63562808e-01
   4.52591062e-02
   1.45719760e+00
   2.23458093e-01
  -1.95571637e-01
   4.09520655e-01
   6.26070304e-02
   6.11845203e-01
   1.23895143e-01
  -3.30141549e-01
   5.27826350e-01
  -4.38370885e-01
  -1.51304851e+00
  -8.41138471e-01
   1.19249286e-01
  -9.38158735e-01
  -2.00518890e+00
   7.92272705e-01
   1.86094975e-01
   2.57436246e-01
  -1.64194696e-01
  -1.34238209e+00
   4.05767530e-02
  -7.74053529e-01
  -5.40012808e-01
   8.74125510e-01
   3.13584149e-01
  -2.05775404e+00
  -3.63579429e-01
  -2.63976555e-02
   1.78237921e-02
  -3.44715517e-02
  -6.51507656e-01
  -1.95746774e-01
   4.13435231e-01
   4.14886646e-01
   9.41852771e-02
   2.47969977e+00
   1.10208175e-01
  -5.99875033e-01
  -1.27399227e+00
   9.03664416e-01
  -1.32564233e-01
  -5.18125809e-01
   2.34491365e+00
  -1.77479486e-01
  -1.82701182e+00
   2.98334651e-02
  -1.78122581e+00
  -1.52346038e-01
   3.61544511e-02
   1.00004829e+00
  -3.53297784e-01
  -4.99505497e-01
  -2.17242446e+00
   1.75736442e+00
   7.86594863e-01
  -2.47699322e-01
   6.40169936e-01
   1.11634864e+00
  -1.70849193e+00
  -3.46504271e-01
   1.43840481e-01
   1.12965671e+00
   4.11969470e-01
  -8.39641799e-01
   1.04667681e+00
  -1.27165659e+00
  -4.18156874e-01
   3.25906239e-01
   1.53581494e+00
  -9.62046777e-01
  -1.74168331e+00
   3.09249744e-01
  -1.22080315e+00
   1.25469185e+00
   3.36170986e-01
  -5.16633957e-01
   1.07003194e+00
   2.44959530e-01
  -4.44501537e-01
   1.96788267e+00
   1.14089629e+00
  -5.12307773e-01
  -3.29185688e-01
   2.51202188e+00
  -6.49725502e-01
   2.29289100e+00
   5.95662138e-01
  -1.78588007e+00
  -4.27163253e-01
  -7.36476827e-01
   4.84803063e-01
  -4.66262945e-01
  -1.18742198e+00
   2.29535129e-01
  -1.16447921e+00
   3.09995883e+00
   2.37115509e+00
  -4.73934001e-01
  -4.36353485e-01
   2.92036351e+00
  -7.72679478e-01
  -4.00790064e-01
   1.09609494e+00
  -8.84867759e-01
   2.23349499e-01
  -1.97970133e-01
   4.21598173e-01
   4.49196508e-01
   3.82012771e-02
  -1.86071869e-01
  -3.83089310e-01
   1.13455792e+00
   6.69471695e-01
  -2.15312124e+00
   6.90452273e-01
   8.74918026e-02
  -2.79045219e-01
  -1.00710333e+00
   8.38558194e-01
  -1.17086074e+00
  -9.76974363e-01
   8.77648797e-01
   1.40427418e+00
   1.17390388e+00
   7.93845185e-01
  -7.82804848e-01
  -1.61103519e+00
  -4.04441219e-01
  -8.30805632e-01
   2.13411042e+00
   2.22091069e+00
  -9.28330371e-01
  -4.72940914e-01
   7.00481628e-01
  -2.35989472e-01
   7.71483151e-01
  -4.33912800e-01
   1.34036323e-01
  -7.54585423e-01
   1.04579774e+00
  -9.37840753e-01
   2.60245019e-01
  -3.15501969e-01
  -1.42915203e+00
  -1.29282518e-02
   2.47304441e+00
  -7.07320400e-01
   5.74750764e-01
   2.04338456e+00
  -8.96159425e-01
  -9.42827166e-03
   2.47859505e+00
  -3.75087663e-01
  -9.80964906e-01
   1.20700527e+00
   1.20439494e+00
  -1.15069249e-01
  -3.15981155e-01
   7.46306458e-01
   3.07379824e-01
  -2.92208229e-01
   7.20257299e-01
  -3.41584309e-01
  -5.06159329e-01
   1.67939383e-01
  -5.17434307e-01
  -4.11833645e-01
   8.38438723e-01
   6.73341153e-01
  -8.61134894e-01
  -4.68862012e-01
   6.32958488e-01
   5.69987182e-01
   4.30543299e-01
   5.92396661e-01
   1.04455095e+00
  -5.73689742e-01
   8.27879104e-01
  -9.89754628e-01
  -1.61076708e+00
  -9.88860585e-02
   8.43426481e-02
  -2.16075811e+00
   2.17248547e+00
  -2.47147126e-01
   1.24868635e+00
   9.11947138e-01
   1.00669094e+00
   2.97126438e-01
  -2.03350093e+00
  -1.09869530e+00
  -2.66992395e+00
   1.90147092e+00
  -5.52125791e-01
  -4.60242431e-01
   2.29255766e-01
  -6.27820995e-01
  -1.35789865e+00
  -7.24505151e-01
  -6.08610917e-02
  -1.26515333e+00
  -1.52315010e+00
   9.61233305e-01
   5.11813697e-01
   3.23392157e-02
   1.29600090e-01
   1.53495964e+00
   3.92016445e-01
  -1.31318237e-01
   6.31824241e-01
  -5.15769765e-01
   1.72223750e+00
   6.42038033e-01
  -1.06489085e+00
  -5.23065499e-01
  -4.11441210e-02
  -2.28990319e+00
   3.83535878e-01
   9.78062764e-02
   2.21126716e+00
   1.28783041e+00
   4.08354493e-01
  -1.20883475e+00
   2.04782440e-01
   1.39759462e-01
  -4.80648377e-01
  -1.20687464e-01
  -3.16044501e-03
  -2.74255536e-02
   8.03133399e-01
  -1.87580614e+00
   6.82598691e-01
  -1.30490171e+00
   1.22661114e-01
  -1.67197387e+00
   4.59597912e-01
   1.97265975e+00
   2.13084870e+00
  -1.47682678e+00
  -8.85524188e-01
   9.86320129e-01
  -1.40369165e+00
  -1.10089748e-01
   9.96098915e-01
   2.02213737e+00
  -3.94515875e-01
  -2.72243617e-01
   2.78976294e+00
  -1.24752710e+00
   1.12261695e+00
  -1.10294257e+00
   1.49995012e+00
  -7.03606849e-01
  -5.42096568e-01
  -1.06010729e+00
  -1.21012491e+00
   1.46686754e-01
   5.19244817e-01
   2.37546032e-01
  -1.86854743e-01
  -4.05873562e-01
   3.07075717e-01
  -5.34672971e-02
   1.11765129e+00
  -4.97332407e-01
  -2.62594013e-01
  -8.83278962e-01
  -1.27631213e+00
  -6.91503769e-01
  -6.77939391e-03
   4.20617834e-01
  -1.35892801e+00
  -1.20374183e+00
   1.38498599e+00
   2.88804141e-01
  -8.05080184e-01
  -9.07576088e-02
   1.54284633e+00
  -6.43761917e-01
  -7.58658055e-01
   2.68182557e-01
   1.66803123e-01
   1.54860335e+00
   7.50450386e-01
   4.42312334e-01
   8.03766563e-01
   1.72714410e+00
  -1.19575360e+00
   1.72211630e+00
  -7.62153793e-01
  -1.46077326e+00
   3.25430693e-01
   1.82501565e+00
  -1.11183956e+00
  -1.58396424e-01
  -1.78620644e-02
   4.81499464e-02
   4.77917464e-02
  -1.21101912e+00
   1.21094589e-01
   1.57579979e+00
   1.11079766e-01
  -7.27530132e-01
   1.84855349e-01
   7.15139021e-01
  -8.14983951e-01
   4.69213051e-01
  -1.94048183e+00
  -1.49986793e-01
  -1.49656503e-01
  -1.20575038e+00
  -1.66409808e+00
   4.46874440e-02
  -1.59187788e-01
  -1.19515027e+00
   3.08986132e-01
  -1.24609549e+00
  -8.97985216e-01
   1.28147932e+00
   1.28230451e+00
   1.98854170e-01
   5.59277285e-01
  -1.86255419e+00
   1.74849208e+00
  -2.65119376e-02
   1.09608504e+00
   4.46220444e-01
   6.19429745e-01
   1.36676467e-01
  -4.96318189e-01
  -1.35621241e+00
   6.10995540e-01
   1.56358292e-01
   4.95258092e-01
  -1.54121644e+00
   4.35272015e-01
   2.10422552e+00
   9.11221804e-02
   1.57600900e-01
  -1.78242309e-01
   1.19556485e+00
  -4.25427030e-02
  -2.90852980e-01
  -2.78853804e-01
  -2.98094903e-01
   1.61733432e+00
  -2.81055228e+00
   2.79841185e-01
   3.45442623e-01
  -6.24858505e-01
  -9.28883022e-01
   1.50311188e+00
  -1.30926342e+00
   6.53648734e-01
  -9.96976866e-01
  -5.60501298e-03
   1.21559896e-01
   5.56048032e-01
  -1.54532862e-01
  -1.20350871e+00
  -5.98032924e-01
  -7.64134682e-01
   1.44146587e+00
  -9.44069005e-01
   1.21613199e+00
   1.69515854e+00
   2.55673682e+00
   8.32202310e-01
  -8.83880380e-01
  -1.65027469e+00
  -8.61641234e-01
  -3.40051755e-02
  -1.13229642e+00
  -3.10147794e-01
   1.07995646e+00
  -2.63558751e-01
   7.92348828e-01
   1.72316762e+00
  -1.34582986e+00
  -1.61280702e-01
   4.05345703e-01
  -2.00366056e+00
   6.56962051e-01
  -1.96872727e-01
   7.82455208e-01
  -1.09318880e+00
  -1.61644561e-02
   1.06711752e-01
  -1.35367663e-01
   3.41990401e-01
  -8.87296304e-01
  -1.17298209e+00
   4.05228561e-01
   5.43940436e-01
  -8.87775994e-01
   1.13149229e+00
   8.14306546e-01
   2.95260883e-01
   1.03153560e+00
   2.27996426e-01
   4.44167543e-01
   6.29697645e-02
   8.69581083e-01
   1.34294220e+00
   1.14040698e+00
  -1.54700438e+00
   7.19545711e-01
  -4.43642729e-01
   1.79237722e+00
  -1.49737402e-01
   6.08221780e-01
   3.35242451e-01
   1.10731475e+00
   1.05140285e-01
  -3.81171380e-01
  -1.42261392e+00
   5.20436958e-01
   8.37213666e-01
   9.89331626e-01
  -7.27674467e-01
  -5.02379957e-01
  -1.97553256e+00
  -9.92619160e-01
   1.13885278e+00
   2.58860690e-01
  -3.14180838e-01
   2.21915786e-01
  -9.58105779e-01
  -1.07497068e+00
  -7.43441388e-01
   2.02447191e+00
  -1.30046511e+00
   1.32797044e-01
   9.86800011e-01
  -1.84449083e-01
  -2.38484614e-01
   1.86474282e-01
   8.65894642e-01
   5.70571225e-01
   1.26217153e+00
   2.51089479e+00
  -4.58867113e-01
  -1.87093099e-01
   1.95033276e+00
   3.33211280e-01
  -9.23876030e-01
  -1.92840388e+00
  -2.61355244e-01
   4.05665022e-03
  -2.97595805e-01
   1.12041902e+00
  -1.28085293e+00
   9.85765687e-01
   1.01287810e+00
  -7.76311763e-01
  -1.67540993e+00
   1.00059168e+00
   4.01380354e-01
  -2.67075202e-01
  -5.04901631e-01
   2.68143513e-01
   1.46975034e-01
   5.50500927e-01
  -1.30332176e+00
  -1.79408164e+00
   7.34607546e-01
   1.75540809e+00
   4.24943533e-01
  -2.46928196e-01
   1.69901075e-01
  -9.18153483e-01
  -1.35644247e+00
  -5.56660583e-01
  -3.24754672e-01
  -6.02368525e-01
  -3.57613531e-01
  -6.92693947e-01
   9.67181160e-01
   4.98277664e-01
   1.82318245e-01
   1.04362849e+00
  -9.01095357e-01
  -3.44549279e-01
   9.07633875e-01
  -1.00760697e+00
   1.93221044e+00
   2.29245542e-01
   6.36766563e-01
  -2.47076955e-01
   9.85264311e-03
   2.35675937e+00
  -1.34957968e-02
   6.80114701e-01
   2.21148157e+00
  -2.55131235e-01
  -2.76118045e-01
  -2.14835912e+00
  -6.27586862e-01
   8.80411327e-03
   8.70211638e-02
  -4.54762783e-01
   1.67559094e-01
   8.11313435e-01
  -6.79773622e-01
   1.49797845e+00
  -1.35673369e+00
   6.64960351e-01
   6.57017522e-01
  -2.82076734e+00
  -9.32079407e-01
   7.01833006e-01
  -4.06145303e-01
  -5.82451673e-01
  -3.50135543e-01
   4.92127422e-01
  -3.39676603e-01
   9.86770196e-01
   5.00913089e-01
   4.03494557e-01
   6.52309587e-01
   3.32401296e-01
  -7.81132042e-02
   6.61344821e-01
  -7.67979308e-02
  -2.80211718e-01
  -6.87432622e-01
  -1.51771680e+00
   3.41257836e-01
  -1.40392141e+00
   1.11934302e+00
   2.05365284e-01
  -2.16216104e-01
  -8.22192013e-01
  -3.13850190e-01
   1.11493087e+00
   1.20381548e+00
   1.52613847e+00
  -1.20689739e+00
  -1.15841881e+00
  -1.54106840e+00
   1.81929799e-01
   1.79155326e+00
   9.24943701e-01
   6.37982921e-01
   1.44567628e-01
   4.21564593e-01
  -1.29904243e-02
   5.23152823e-01
   7.06163110e-01
  -9.43455083e-01
   5.90109942e-02
  -8.16947364e-01
   1.00942938e+00
   1.13682817e+00
   1.04763834e+00
   4.72100708e-01
   1.42090141e+00
   2.00981943e+00
   1.64687318e+00
   4.54912051e-01
   1.12924907e+00
  -2.11681231e+00
   9.78752716e-01
  -8.83887722e-01
  -4.86790480e-01
   2.08446250e+00
   1.28171648e+00
   6.79192937e-01
   1.61845262e+00
  -2.20340877e+00
  -4.58512485e-01
  -1.43023963e-01
   2.81367021e-01
  -1.01439188e-01
   1.91456621e-01
   4.60423360e-01
  -1.15981471e+00
   1.54063388e+00
   7.36992286e-01
  -3.72093961e-01
  -8.90520759e-01
   6.65035137e-01
  -4.73207033e-01
   8.72073582e-01
   4.92517502e-01
  -1.29618342e+00
  -1.62749718e-01
  -3.06449200e-01
  -1.13841798e+00
   5.28649727e-01
  -1.15250284e+00
  -7.51169684e-01
  -9.82351093e-01
   1.32505107e+00
  -5.79997366e-01
   3.34615958e-02
  -7.89391082e-01
  -7.19293974e-01
  -1.64089116e+00
   1.08207443e+00
   3.44252663e-01
  -1.30535405e+00
   1.11949978e+00
  -4.63694734e-01
   3.46498172e-01
   1.13062886e+00
  -8.82944732e-01
  -5.44432206e-01
   7.08760846e-01
  -1.06145150e-01
  -1.43975446e+00
   7.72970849e-01
   1.03703879e-01
   2.49707457e-02
  -1.08966279e-01
  -3.73613536e-01
   8.20605311e-02
  -1.06131774e+00
   2.00174162e-01
   3.28602047e-01
   2.14864594e-01
  -1.75353165e+00
  -4.10923830e-01
   6.00766094e-01
   4.99253422e-01
   8.69294468e-01
   1.26407469e-01
   1.55244677e+00
  -1.64941944e-01
  -4.50771215e-01
   1.04344047e+00
  -1.13375715e+00
  -6.66287116e-01
   4.72988361e-01
   2.04729787e+00
   1.20173312e+00
  -1.20547992e+00
   6.58422025e-01
   9.28856110e-01
  -4.71382745e-01
  -9.21006197e-01
  -5.45500395e-01
  -4.04142918e-01
  -6.28662244e-01
   4.11152422e-01
   1.46215584e+00
  -6.38854692e-01
  -7.86925407e-02
   4.03215142e-01
  -1.09097569e+00
   1.78654165e-01
   8.27395200e-01
   8.47878109e-01
   5.14390152e-02
  -1.10392380e-01
   3.28496806e-01
  -1.67466146e-01
   6.88675511e-03
   1.04569619e-01
  -6.42955788e-01
  -1.39252703e+00
   1.09277023e+00
  -1.23169804e+00
  -7.16762762e-01
   2.01819665e-01
  -2.94797007e-01
   5.72122548e-02
  -2.80682074e-01
  -1.64594042e+00
  -1.27892934e-01
  -1.29572415e+00
  -4.02750886e-01
  -1.06327378e+00
  -7.01523195e-01
  -1.05855756e+00
   1.27322790e+00
   1.14791643e+00
   6.99518370e-01
   1.84848491e+00
  -6.65911189e-02
  -3.98427038e-01
  -1.49329724e+00
  -1.02549828e+00
  -1.16740318e+00
  -1.63344011e+00
   1.10653873e+00
  -6.27986726e-01
   1.24750098e+00
  -8.77709588e-01
  -3.73883985e-01
  -2.28242898e-01
   1.66504509e+00
   1.11742259e-01
  -1.34338578e+00
   6.08860031e-01
  -8.60338337e-01
   5.51713399e-01
   6.69772454e-01
   7.43828038e-01
  -1.21207306e+00
   7.25729805e-01
   8.16306086e-01
  -3.83045125e-01
  -4.88849584e-01
   7.04809249e-01
   1.86448352e-01
  -2.41063593e+00
   6.27294426e-01
  -1.00996567e+00
  -1.26618087e+00
   9.65962607e-01
   4.45550166e-01
   4.22174262e-01
   1.58740944e+00
   4.43196927e-01
  -4.96363023e-01
  -1.03061555e+00
  -7.81431953e-02
   1.77111092e-02
  -1.27276122e+00
  -4.07849581e-02
   5.29127765e-01
   4.57995051e-01
  -1.11067164e-01
  -5.10682285e-01
  -2.88463913e+00
  -8.13264792e-02
  -4.37383305e-01
  -5.25838457e-01
   1.19083363e-01
   2.64426461e-01
  -1.34184659e+00
   1.89416699e-01
   1.50444790e-01
   1.60955862e+00
   5.99961966e-01
  -9.32874565e-01
   6.15862634e-02
  -2.06431715e+00
   5.66376801e-01
  -1.73424585e-01
   1.43605991e+00
   1.51259482e+00
   3.61997701e-01
  -1.09349989e+00
   5.87363872e-01
  -4.64401171e-01
  -9.18431588e-01
  -8.96464827e-01
   2.85997141e-01
   2.95808289e-02
  -1.26371102e+00
  -6.61212424e-01
  -1.06083521e+00
  -1.64527697e+00
  -7.36869327e-02
  -3.79200296e-01
   2.16628283e-01
  -7.50698388e-01
  -6.50291504e-01
  -1.00685205e+00
  -5.23480899e-01
   8.97790493e-01
   9.98137593e-01
   1.42904491e-01
  -6.60320872e-01
   6.79969694e-01
   2.55549677e-01
  -1.49259374e+00
  -6.91494466e-01
   7.39181678e-01
   9.49142654e-01
  -1.08124244e-01
  -1.20229150e+00
   8.79422214e-01
  -1.75313744e-01
   2.29351322e+00
  -9.05760632e-01
  -2.85586494e-01
   7.40556775e-01
  -4.74390926e-01
  -5.66291557e-01
  -1.09434153e+00
  -1.45575551e-01
   1.58769802e+00
  -7.13218161e-01
  -4.01686179e-01
  -2.23510078e+00
  -6.16571380e-01
   2.88784082e-01
   6.02187938e-01
   3.94609444e-01
   8.35908177e-01
   6.39537712e-02
   3.84859138e-01
  -8.81608112e-01
  -4.59803088e-01
  -1.19901820e+00
  -7.30078118e-01
  -1.61629082e+00
  -6.13982164e-01
  -1.72376262e+00
  -9.72079573e-01
   3.68600141e-01
  -8.14100387e-01
  -8.23429326e-01
   9.49350566e-01
   4.49574485e-01
   7.97242349e-01
   5.27066764e-01
   3.08999430e-01
  -1.36092900e+00
  -5.20036132e-02
  -1.68162768e+00
   5.68346355e-01
   1.48362993e-01
   1.92543106e+00
   1.01066875e+00
  -5.23999988e-01
  -6.29236069e-01
  -1.38082999e-02
   3.32098809e-01
   4.81863949e-01
  -1.10643382e+00
  -3.11882293e-01
   6.77480339e-01
  -6.05229376e-01
   3.27982259e-01
  -1.02958761e+00
  -6.32297887e-01
  -1.03505411e+00
  -3.16783555e-01
   6.78817963e-01
  -2.24156211e+00
  -8.01861558e-01
   7.32951880e-01
   7.58132947e-01
   7.40206016e-02
   1.49740902e-01
  -2.09950832e-01
   8.06580794e-01
  -1.34464961e-01
  -2.03517939e+00
   4.36457080e-01
   1.74219093e+00
  -2.99042852e-01
   4.04206493e-01
   6.44174226e-01
  -2.50213788e+00
  -2.26275031e-01
   4.54750623e-01
  -8.38901350e-01
   7.83504683e-01
   5.85014973e-01
   3.23976069e-01
   6.06537939e-01
  -9.87065785e-01
   3.88860508e-01
  -7.26296824e-01
   8.43174480e-01
  -2.36623485e+00
   3.49572288e-02
  -2.99885896e-02
   1.60825046e+00
  -5.68078968e-01
   2.12981377e-01
   7.44735177e-02
  -5.16421377e-01
  -7.88559576e-01
  -5.24806169e-01
   1.53927908e+00
  -4.88299682e-01
   6.52035825e-01
   8.17271320e-02
  -1.17572769e+00
  -6.15418129e-01
   1.94517586e-01
  -8.91322559e-03
   1.32473271e-01
  -6.29840536e-01
   2.43700593e-01
   1.72829720e+00
  -3.46174722e-01
  -1.47400404e+00
  -2.94900538e-01
  -7.32121693e-02
   3.57213232e-01
   9.91199002e-01
   1.25212028e+00
   2.14723207e+00
   2.17553099e-01
   1.15699268e+00
  -2.14853380e+00
  -5.21211476e-01
   1.40602828e-02
  -5.19855135e-01
   1.51077780e+00
  -1.67645512e-01
   1.81455705e+00
  -8.16222598e-01
   3.69749047e-01
  -2.79711191e-01
  -4.32028342e-01
   7.77341841e-01
  -5.09530865e-01
  -6.23497975e-01
  -4.97476101e-01
   1.30366071e+00
   3.49842024e-01
  -1.01886675e+00
  -7.54732780e-01
  -2.43949918e+00
   1.95384676e-02
   3.27329655e-01
  -1.23321109e-01
  -1.71644569e-01
   8.35218220e-01
  -6.77952013e-01
   3.73838998e-01
  -9.80084939e-01
   2.36401117e-02
   2.44049018e-01
  -7.06016789e-01
   2.42176675e-01
  -9.52998706e-02
   1.17813620e+00
  -5.63186033e-01
  -1.71442452e+00
  -6.66371153e-02
  -1.44258369e+00
   9.43526409e-02
   2.11703221e-01
  -4.65642990e-01
  -1.33162526e+00
  -8.18743837e-01
  -1.09323134e+00
   9.26448049e-01
  -1.14309452e+00
   9.53038945e-01
   1.07757108e+00
  -2.79390644e-01
   8.16784461e-01
   1.15215781e+00
  -1.75075060e+00
  -5.15058136e-01
  -3.85051208e-02
  -6.85973335e-01
  -2.47924012e-01
  -1.62848521e+00
  -1.08461226e+00
  -4.13195201e-01
   1.55178331e-01
  -1.72159796e+00
  -2.54730827e-01
   2.90760609e-01
   6.28917688e-01
   1.24506176e+00
   4.80135965e-01
   1.85103208e-01
  -1.01362361e+00
  -9.22988088e-01
   3.79956104e-01
   1.15105230e+00
  -6.00629408e-01
   4.81850146e-01
  -2.09111470e+00
  -6.05413077e-01
   1.50071745e+00
   2.95317306e-01
   1.22042754e+00
   1.31161343e+00
  -1.05894080e+00
  -8.07703442e-01
  -3.71074221e-01
   6.12048154e-01
  -3.62054932e-02
   5.03352757e-01
   1.21049192e+00
  -7.85968381e-01
   2.03857504e-01
   4.84823613e-01
  -1.23937927e+00
   9.66215679e-01
   3.15308629e-02
  -6.25347768e-01
   1.15118482e+00
   5.98586091e-01
   2.39949071e-01
   2.29769586e-01
   3.61938303e-01
   1.90826432e+00
   1.82212264e+00
  -1.15248444e+00
  -1.83045214e+00
   3.21570444e-01
  -1.36794092e+00
   1.03488924e+00
  -2.26937971e+00
   3.47001316e-01
  -1.46077097e+00
  -1.02592715e+00
   8.12746350e-01
  -1.83485796e+00
  -6.28967930e-01
   9.12462615e-01
  -6.55752044e-01
  -2.41906424e-01
   6.54380148e-02
   1.34947272e+00
   7.66784087e-01
  -8.61415065e-01
   3.64756292e-01
   9.89394800e-01
  -2.81141081e+00
  -9.92596987e-01
  -6.01203498e-01
   1.29741498e+00
  -7.13856546e-01
  -1.24724179e+00
   3.66491412e-01
   3.38074029e-01
   7.05580131e-01
   4.58375948e-02
  -1.63488874e+00
  -8.02937893e-01
  -2.42681992e-01
   3.53516842e-01
  -3.34624414e-02
  -6.07918274e-01
   2.20843780e-01
  -2.84000440e-01
  -8.90032939e-01
  -1.26050391e+00
   7.56026121e-01
  -9.93510251e-01
  -1.43327183e+00
   6.86892779e-01
  -3.03410677e-01
  -6.45290137e-01
   6.06035814e-01
   1.00072967e+00
   1.62517257e+00
   5.93051949e-01
   8.52399723e-01
   1.69550424e-01
  -2.73019452e+00
  -1.27624299e+00
   8.62727931e-01
   1.17267762e+00
  -3.34283187e-01
   9.30719571e-01
  -5.47766295e-01
  -4.40445574e-01
  -1.21847814e+00
  -3.35944481e-01
   4.19911477e-01
  -6.59528768e-02
   2.05272250e-01
   1.08050863e+00
   1.80508127e-01
  -1.06784055e+00
   6.72760149e-01
  -6.79821516e-02
  -1.42714213e+00
  -3.27511141e-01
  -2.27542551e-01
  -3.07924221e-01
  -1.57776656e-01
   9.77178796e-01
   1.26764123e+00
  -1.05629827e+00
   6.31198004e-01
  -3.72720092e-01
  -9.82132016e-01
  -3.58105748e-01
  -4.41159627e-01
  -4.57256256e-01
  -4.59314456e-01
   6.48201209e-01
  -3.71575371e-02
   2.78449672e-01
   1.70718262e+00
   4.88735062e-01
   3.90019465e-01
   7.21899009e-01
   9.85494723e-01
   4.27693882e-01
   1.00119067e+00
  -2.55225190e-01
   1.34339307e-02
  -4.42317468e-01
  -4.39175341e-01
   4.98136253e-01
  -9.97227969e-01
  -4.71698133e-01
   1.55069203e-01
   4.52433570e-01
  -2.24188984e+00
   1.38683636e-01
   1.61774613e+00
  -4.54636486e-01
  -1.60828510e-01
  -4.01829352e-01
   1.04527795e+00
   2.95009674e-02
  -1.44325647e-01
   3.54524445e-01
  -9.39759181e-01
  -9.22255505e-01
  -3.28926253e-01
  -8.97438433e-01
   1.26300758e+00
   3.89740719e-01
   6.49463705e-01
  -3.42414429e+00
   4.88773125e-01
   1.25691724e+00
  -4.03969529e-01
  -4.92860966e-01
  -1.92943418e+00
  -2.78172610e-01
   1.23082295e+00
   5.43715709e-01
   1.03717465e-01
   3.18508824e-01
   9.44209771e-01
   1.64598055e+00
  -2.01429268e+00
   2.28424108e+00
   1.59840768e-01
  -6.27741772e-01
   1.69030186e-01
  -5.64747681e-01
  -2.56122804e-01
  -4.48503753e-01
  -1.73140208e-01
   1.33685331e-01
   8.23772650e-01
   2.03717165e-01
  -6.07405038e-01
  -1.51668200e+00
  -1.31857491e-01
  -1.78063441e-01
   9.23974007e-02
  -4.08649878e-01
   7.82455963e-01
  -1.09263256e+00
  -1.10215348e+00
  -1.03211493e+00
  -2.36152768e+00
   1.65560003e+00
  -5.81699880e-01
  -7.42870610e-01
   4.80097283e-01
   5.66804103e-01
   4.98650344e-01
   9.41689198e-01
  -2.06734720e-01
  -7.06299375e-01
  -1.33447338e+00
   8.10112287e-01
   2.00340254e-01
  -1.99654413e+00
  -4.72706274e-01
  -8.11179584e-02
  -3.64289382e-01
  -2.04944413e+00
   9.44515385e-01
  -4.87639990e-01
   4.62584268e-01
   4.17371959e-01
   1.54745198e+00
   8.08830346e-01
   5.66535828e-01
  -2.27703661e+00
   4.43395883e-01
  -1.68329259e+00
   9.42897930e-01
  -1.83619986e+00
  -1.78595659e-01
  -2.97766525e-01
  -4.89288015e-01
   1.16023604e+00
   5.89108764e-01
  -1.42934268e+00
   7.91236513e-01
  -2.85800095e-01
  -1.46490552e-01
  -1.09552043e+00
   2.22514472e+00
   3.78604213e-01
   1.01875939e+00
   1.19265551e+00
   1.55353282e+00
   6.66787400e-01
  -3.63407684e-01
  -3.25020011e-01
  -8.60818089e-01
  -6.51225520e-01
   5.80335751e-01
   1.62529324e+00
   2.87427357e-01
   2.72029195e-01
   1.23861115e+00
   1.93392042e-02
  -7.94967711e-02
   8.29298204e-01
  -2.14982198e-01
  -1.14090992e+00
   8.93824979e-01
  -1.17936850e+00
   5.49631007e-01
   9.76559706e-01
  -7.32697765e-01
   2.60771600e-01
  -4.80887774e-01
  -1.18519758e-01
  -6.58813811e-01
  -2.30831275e-01
  -1.30923824e+00
   7.14336621e-01
  -2.59851546e-01
  -7.11728992e-01
  -1.44825145e+00
  -3.51121105e-01
   6.35827618e-01
  -3.59853010e-01
  -5.48821684e-01
  -6.77743651e-02
  -2.03179807e+00
  -8.99095121e-01
   4.66624466e-01
  -1.51136446e+00
   2.92368366e+00
  -7.57399344e-01
   1.78003349e+00
  -6.47042469e-01
   1.04720752e+00
   8.64919346e-01
  -1.42355893e+00
   1.58294699e+00
  -1.10086006e+00
   5.63406937e-01
   4.29718356e-01
   9.37331153e-01
  -7.57531757e-02
   1.05384833e-01
   1.66852743e+00
  -5.61660103e-01
   5.82600110e-01
  -1.08876453e+00
  -6.90206345e-02
   2.31968231e+00
   4.52740539e-01
   1.33229395e+00
   9.47844390e-01
  -3.95914507e-04
  -4.08360459e-01
  -2.93354198e-01
  -4.89094880e-01
  -2.55103573e-02
  -1.84542501e-01
  -2.29507202e-01
  -6.29865199e-01
   2.91999385e-01
   1.50086130e+00
  -7.92969525e-01
  -1.24191815e-01
   2.45550099e+00
   9.82284317e-01
   1.44312066e+00
  -3.36466598e-01
  -8.50652343e-01
   5.24052957e-02
   2.68974453e-01
  -5.31824896e-01
  -3.67430889e-02
   2.57752647e+00
  -2.18945466e+00
   2.17001272e-01
  -5.67041882e-01
  -1.13175243e-01
   8.58406764e-01
   1.13157306e+00
  -7.78673785e-01
  -7.74294760e-01
   8.81940397e-01
   1.46806773e+00
   3.36566688e-01
   2.87277133e-01
  -8.96024383e-01
   6.22699318e-03
   1.27133591e+00
   2.69580038e-01
   1.44311861e-01
  -7.61778675e-01
  -5.80681719e-01
   1.88336040e-01
  -2.20712206e-01
  -1.20628746e+00
  -1.19292373e+00
  -8.25336901e-01
   1.35634404e+00
  -1.65924006e+00
   1.91577338e-01
   3.57218853e-01
   6.13496335e-01
  -4.88684051e-01
  -1.22116226e+00
   8.96645568e-01
  -1.37796414e+00
   2.07954265e-01
   2.27716282e-01
   9.32613163e-01
  -2.12143655e+00
   2.84467381e-01
  -4.80033316e-01
   6.62987027e-01
  -2.60524210e-01
   6.64729110e-02
  -5.16148788e-01
   6.24911391e-01
   6.64220042e-01
   5.93290538e-01
  -1.03082799e+00
  -9.05033656e-01
  -7.35196952e-01
   2.06606245e+00
  -8.79841021e-02
   8.98580394e-01
   1.18990749e-01
  -1.00525297e-01
  -5.30731514e-01
   9.17643492e-01
   5.43244281e-01
   6.43427205e-01
  -6.50488961e-02
  -6.90736844e-01
   1.12681782e+00
  -5.05741254e-01
   1.14077222e+00
   1.51216393e-01
  -7.81220671e-01
  -7.25711205e-01
   9.31187654e-01
  -1.32278546e+00
   1.19796535e+00
   1.75186143e+00
  -2.75688440e-01
   1.85149534e+00
   1.27516065e+00
  -3.40472681e-01
   7.83894386e-01
   5.35149620e-01
  -1.41221091e-02
  -6.96942711e-01
   5.77294477e-01
  -1.98012544e-01
   4.99283029e-01
   3.69195051e-01
   1.33397865e+00
  -8.72782449e-01
   1.60584301e+00
  -1.42661331e+00
  -3.40057399e-01
  -2.11598882e+00
  -5.87770036e-01
  -1.22835100e+00
  -6.58191848e-01
   5.13964061e-01
  -9.94447888e-01
  -1.00418976e+00
  -1.65364276e+00
   1.03178111e+00
   4.81314806e-01
  -1.06629614e+00
  -9.36645528e-02
   1.02740859e+00
   3.78591665e-01
  -1.53190665e+00
  -3.66632094e-01
   2.41135145e-02
  -2.67361717e-01
   5.32333252e-01
  -7.96960955e-01
   2.64694028e-01
   5.35509930e-01
   4.63640360e-01
   1.96941439e-01
  -3.53894729e-03
   5.99153252e-01
  -1.03368194e+00
   5.61580518e-01
   1.22312312e+00
   4.51109960e-01
   2.19716867e-01
   1.39947268e+00
   1.83926168e+00
   1.39787666e-01
   3.36022808e-01
   1.47748989e-01
   3.62647254e-01
   4.19164241e-01
  -1.24393113e+00
  -3.50176455e-01
  -1.76780041e+00
  -4.50058046e-01
  -1.87993874e-02
   1.33438385e+00
  -2.01913623e+00
   4.01434616e-01
  -1.08099245e+00
  -6.74069347e-01
  -2.65412388e-01
   3.75086842e-01
   2.25908308e+00
   2.82938509e-02
  -6.66297249e-01
  -7.87229498e-02
   2.08355647e+00
  -1.17950732e+00
  -3.75421445e-01
  -1.30754734e+00
   2.51991220e-01
   2.21173737e+00
  -2.51565065e+00
  -8.03956009e-01
   4.88893217e-01
   2.67866592e-02
   5.38415228e-01
  -2.05610164e-01
  -8.36632195e-01
  -7.99021655e-01
  -9.97430556e-01
   2.07260883e-01
  -4.60403336e-01
   2.90798176e-01
   5.48624845e-01
  -2.16519437e+00
  -6.01635525e-01
   1.35386727e+00
  -6.00333138e-01
  -1.43645127e+00
   1.34535592e+00
   7.42458978e-01
  -4.09369807e-01
   2.48271964e-01
   8.27566162e-01
   1.41571291e+00
  -5.66148133e-01
  -5.97203452e-01
  -1.36469016e+00
   1.55993798e+00
   3.11344089e-01
   1.52621428e-01
   8.59710363e-01
  -5.91183733e-03
   4.78242729e-01
   8.84319218e-01
   6.02238518e-01
   1.27797132e+00
   9.19053843e-01
   4.82497420e-01
   4.59082820e-01
  -4.67140842e-01
  -8.99927004e-01
  -8.63242403e-01
  -6.36327334e-01
  -1.36386571e+00
  -1.03973572e+00
  -9.37288594e-01
  -7.61377023e-01
   1.49805932e-01
   7.86482514e-01
   1.46656956e+00
   7.90474114e-01
  -1.44006270e+00
   8.49781057e-01
  -5.40444452e-01
  -7.07070780e-01
  -7.45660515e-01
   5.62708065e-01
  -4.78980371e-01
  -5.33101596e-01
  -1.59581646e+00
   1.40587576e+00
   1.45823235e+00
   9.90065796e-01
  -2.64609256e-01
   2.43143196e-01
  -1.48009582e+00
   8.91556627e-01
  -2.54208556e-01
   1.20046127e+00
   1.84648485e+00
   9.52345171e-01
  -3.68895437e-01
  -6.63193854e-01
   1.09915547e+00
   1.30675171e+00
   1.16015888e+00
  -1.34812805e+00
  -5.31383684e-01
   8.70599091e-01
  -1.27769204e+00
  -5.75252489e-01
  -1.81462424e+00
  -1.89557973e+00
  -1.26581168e-01
   9.33311346e-03
  -5.85988658e-01
  -2.36729437e-01
  -7.05787429e-01
  -7.18588999e-01
  -5.49447990e-01
   7.01584948e-01
  -8.91652036e-01
  -7.37460037e-01
   5.56829931e-01
   1.03321982e-01
  -1.17779963e-02
  -1.97123648e+00
  -5.95787126e-01
  -1.23030445e+00
   1.25603752e-01
  -5.87635859e-01
  -2.16145072e-01
  -2.31440893e-01
   1.32949902e+00
  -7.23741620e-01
   2.64564711e+00
  -6.61048462e-01
   4.88608867e-01
   8.33755430e-01
  -3.84046417e-01
  -5.74730385e-01
   7.50436801e-01
   5.72146542e-01
  -8.84595085e-01
   3.12402141e-02
   5.37617079e-02
   7.93262409e-01
  -7.02880711e-02
  -7.75314297e-01
  -4.45257516e-01
   1.13036134e+00
  -1.93031591e+00
   1.60037464e+00
   6.70171257e-02
   1.46756773e+00
  -1.93799606e+00
   4.02568820e-01
   3.79168750e-01
   8.69206462e-01
   4.77105128e-01
  -1.28732612e-01
   1.40070927e-01
  -1.34719685e+00
  -2.25108055e-01
  -6.58473231e-01
   2.47157666e-01
  -1.16682654e+00
  -1.11047719e+00
   2.98039742e-01
   5.20262365e-01
  -1.47916016e+00
   1.15579202e+00
  -7.45739223e-01
  -3.64292060e-01
   3.66813526e-01
  -4.98301857e-01
  -1.26172018e+00
  -1.84746816e-01
  -6.54187484e-01
   1.78615971e+00
  -8.42729677e-01
  -3.89551960e-01
   8.64078597e-02
   2.22281653e-03
   9.53666651e-02
   8.48899469e-01
  -1.06273832e+00
  -4.84706493e-01
   8.20227551e-01
   2.80048149e-01
  -9.98696444e-01
  -1.21689146e+00
   3.98166860e-02
   8.04668093e-01
  -1.29261943e+00
   6.74595199e-01
  -1.99102195e-01
   2.40255809e-01
  -6.07616306e-02
   8.59737064e-01
  -4.87744025e-01
  -1.25468861e+00
  -5.02382467e-01
   2.35396084e-01
   2.74149950e-01
   1.85696836e+00
   7.13613687e-01
   1.21041507e+00
   3.65634264e-02
   1.07632415e-01
   9.11637576e-01
  -1.81424652e+00
   4.71513476e-02
  -6.42115387e-02
  -9.04385824e-01
   5.66767315e-01
  -5.70011402e-01
  -4.22033939e-01
  -8.61896776e-01
   1.87328493e+00
  -1.45517542e+00
   3.43829180e-01
  -2.23514784e-01
  -3.32412778e-01
  -5.50888170e-01
  -7.65287395e-01
  -1.65302875e+00
   1.56998297e+00
  -3.04437136e-01
  -1.29515565e+00
   1.58928213e+00
   1.32510996e+00
   6.77668731e-01
   3.82791774e-02
  -2.05764980e-01
   1.38114008e-01
   1.31345835e+00
   1.01669594e-01
   1.18878480e-01
  -8.14839002e-01
  -9.96991940e-01
  -4.56063312e-01
   2.38528991e-01
   2.47765011e-01
  -6.27782493e-03
   6.21245720e-02
   3.77924586e-02
   1.09979601e+00
  -1.23697309e+00
  -4.15576172e-01
   1.09152190e+00
  -1.55042427e+00
   1.59915810e-01
   4.74655471e-01
  -1.82011208e-02
   9.28515501e-01
   4.70895777e-01
   4.69879278e-01
  -5.39685588e-01
   4.45228619e-01
  -2.99241888e-03
  -6.81697072e-01
   5.76382516e-01
   4.79432450e-01
   2.63016960e-02
  -2.32409705e+00
   6.93330057e-01
  -2.32904091e-01
  -9.59684362e-01
   1.06544049e+00
   3.74754278e-02
   7.77855798e-01
   1.15800217e+00
   3.37556778e-02
   8.40241690e-01
   1.64088475e+00
   1.85978004e+00
   9.20769390e-03
  -2.90467114e-01
  -1.21738891e+00
  -1.43099912e+00
  -1.14827918e+00
  -3.68897269e-01
   6.87782104e-01
   7.09135017e-01
   5.33169357e-01
   4.20710210e-01
  -2.31890116e-01
  -4.71161769e-01
   2.63851017e-01
  -2.41261960e-01
   1.33763485e+00
  -9.61672379e-01
  -1.04186033e+00
  -2.07150749e+00
  -1.17869536e+00
   7.08977575e-01
   7.06429042e-01
  -1.83220317e+00
  -4.55525589e-01
  -7.46968892e-01
  -2.04299991e+00
  -1.06992285e+00
  -3.60223572e-01
  -5.96751844e-02
   6.56525091e-01
   3.30934766e-01
   9.79368447e-01
  -4.83336380e-01
  -4.67346703e-02
  -7.84036979e-02
  -3.02548744e-01
  -2.24986780e+00
  -9.15888545e-01
  -2.72103849e-01
  -5.50896353e-01
  -8.22808939e-02
  -6.60768951e-01
   1.17286492e+00
   1.98853912e-01
   3.98311785e-01
  -8.10950397e-01
   2.02189039e-01
  -9.77963573e-01
   9.00613140e-01
   3.70428470e-01
  -7.36863792e-01
  -2.15447734e-01
  -1.93174473e-01
   2.19792003e-01
   1.70213937e-01
  -1.68875818e+00
   2.73888656e+00
   6.54851745e-01
   1.90983348e+00
   4.30132032e-01
  -7.19729928e-01
   3.02022774e-01
  -1.53429059e+00
   5.39379361e-01
  -6.65591930e-01
  -2.50158303e+00
  -2.08946030e-01
   7.42048810e-01
  -7.18486595e-01
   5.96505446e-01
   1.58876793e+00
  -3.95359254e-01
  -2.50445233e-01
   5.09391802e-01
  -1.13427964e+00
  -5.08867440e-01
  -3.41819559e-01
  -1.64516514e-01
  -1.06436854e+00
  -7.88742486e-02
  -1.83232188e+00
   7.80039379e-01
  -5.25735943e-01
   3.24144810e-01
  -4.08436513e-01
   2.45580025e-01
  -1.08058060e+00
   9.41016085e-01
   5.44857146e-01
   9.64733119e-01
   5.62837806e-01
   1.94470793e+00
  -8.21742845e-01
  -1.60359549e+00
   1.76791552e+00
   1.08281002e+00
   8.61439983e-01
  -8.09649771e-01
   4.07232193e-01
  -1.03863526e+00
  -6.92653618e-01
  -7.03752769e-01
  -5.61096198e-01
  -7.38475478e-01
  -1.48929098e-01
   4.33022734e-03
   1.53666238e-01
   1.12573958e+00
   1.13934177e+00
  -3.93710337e-01
  -1.54354711e+00
  -1.54809870e+00
  -1.94067350e-01
  -5.96254312e-02
   1.61547047e-01
  -1.70143517e+00
   9.51719739e-01
  -1.26409215e+00
   1.53080087e+00
  -2.28637990e-01
   2.94331135e-02
  -7.62810642e-01
  -6.34525404e-01
  -2.27323806e+00
  -6.33333225e-01
   8.18786324e-01
  -1.36306668e+00
   1.24067879e+00
  -2.08545482e-01
  -1.56227953e+00
   1.67258121e-01
  -5.66574740e-01
   1.27572370e+00
   8.39834202e-01
   5.21810987e-01
  -9.31267381e-01
  -2.74555658e-01
  -5.57087696e-01
  -7.14789908e-01
  -2.42068094e+00
   1.78315895e-01
   1.29591319e+00
  -1.55213575e+00
  -8.83722867e-01
   1.42436403e+00
  -8.20466170e-01
  -1.11722167e+00
   8.16520119e-01
  -7.68771317e-01
  -1.14020749e+00
   1.32718710e+00
  -5.89139353e-01
  -1.49856135e-01
   2.90888215e-02
   8.96060511e-01
   9.33085911e-01
   8.99501847e-01
   1.60100063e-01
  -9.00488286e-01
   8.30277512e-01
  -6.33879220e-01
  -1.55352497e+00
   1.63430739e-01
   1.77377802e-01
   1.03188848e+00
  -1.96178244e+00
   9.48837638e-02
   1.46871358e+00
  -9.13397398e-01
   9.71078797e-01
   8.77561436e-01
   1.49558385e-02
  -1.64408438e+00
  -1.14998956e+00
   7.81933495e-01
  -8.24544175e-01
  -5.00554345e-01
   3.96858571e-01
   8.79639620e-01
  -8.70550636e-01
  -1.40357671e+00
  -2.65414901e-01
  -1.64173765e+00
   6.69227875e-01
  -4.67545516e-01
  -1.80413712e+00
   4.11757137e-01
  -1.73716360e-01
   7.61059274e-01
  -4.20675054e-02
   3.65165279e-01
  -2.82911392e+00
  -7.37814321e-01
   6.44033756e-01
  -1.00706859e+00
  -1.03628898e-01
   2.00830392e+00
   9.03083014e-02
   3.98503421e+00
   3.01552827e-01
   8.20947067e-01
  -1.55236407e+00
   3.20880459e-01
   1.37609770e+00
   2.05660968e+00
  -5.92973661e-01
  -9.82284525e-01
  -1.92736215e-01
  -4.48956242e-01
   3.83521201e-01
   6.14383144e-02
  -2.72811580e+00
   1.07863679e+00
   1.25437502e+00
  -5.28161417e-01
  -4.41424900e-01
   8.28608032e-02
  -5.93291497e-01
  -3.52393017e-01
  -1.95532447e+00
  -9.07438202e-01
  -1.45208800e-02
  -2.01801591e+00
  -1.71545235e-01
  -2.33748826e-01
   1.11510480e+00
  -2.91839840e-02
  -3.52778421e-01
  -2.90719516e-01
  -1.41862925e+00
   4.80547465e-01
   8.84729755e-02
   7.10495428e-01
   4.19665682e-01
   2.42662355e+00
  -3.78762227e-01
  -1.12884130e+00
  -1.40938084e+00
  -6.89684620e-02
   4.45611529e-01
   1.18909584e+00
   1.39818538e+00
  -1.03470774e+00
  -3.57964527e-01
   6.75723033e-01
  -7.74039069e-01
   6.44090389e-01
  -8.82407319e-02
   1.07886681e+00
  -1.03956790e+00
  -7.29120647e-01
  -8.18575108e-01
   9.23646279e-01
  -1.07234060e+00
   1.84720676e+00
  -2.31748793e+00
  -2.60141594e-01
  -3.66113007e-01
  -9.25638937e-01
  -3.55865631e-01
   1.49969539e+00
  -2.86623029e-01
   5.18659855e-01
  -2.86744750e-01
  -4.53550391e-01
   2.37382255e+00
  -3.09050606e+00
   4.41596408e-01
  -3.34954618e-01
   9.40370778e-01
   5.40730676e-01
  -1.29862740e+00
  -1.00689280e+00
  -5.22182539e-01
  -1.13811270e+00
   7.39782371e-01
   1.47064603e-01
  -1.76418183e+00
   1.03480864e+00
   6.34096150e-01
   8.45686814e-01
  -3.25030199e-01
   6.74793695e-02
  -4.86731076e-01
   1.24474306e+00
   1.48649563e+00
  -1.12932973e+00
  -1.03851042e+00
  -7.79611907e-01
   4.45916670e-02
   4.41422537e-01
   2.49910755e-01
   2.08099176e+00
   1.00119110e+00
  -3.90908703e-01
  -2.08531906e-01
   1.44497753e-01
  -2.44138985e-01
   7.71173326e-01
