  -1.19163923e+00
  -4.56143494e-01
  -1.96969244e-02
  -7.23578789e-01
  -1.59569875e+00
  -2.95949831e-01
  -1.83695590e-03
  -1.58910324e+00
   9.33878646e-01
   2.39137762e+00
   1.02650531e+00
   2.22770816e-01
   1.23945659e+00
   1.12498339e-01
   4.02131010e-01
   4.03127639e-01
   1.29926895e-01
   1.29460183e-01
   9.44505575e-01
  -1.46410688e+00
   1.26645327e+00
  -8.44077185e-01
   5.80281129e-01
   1.75161286e-01
  -3.08902117e-01
  -1.72486850e-01
  -1.08824669e-03
   4.03899511e-01
  -9.63172467e-01
  -3.19913035e-02
  -6.28636275e-01
  -8.59485166e-01
   1.48894250e+00
   1.01648567e+00
  -3.40450556e-01
  -1.74514069e+00
   1.26104642e+00
  -5.25395784e-01
  -7.29539356e-01
   2.38200678e-01
   6.32413221e-01
   5.66534031e-01
  -5.09725804e-01
   3.27062430e-01
  -1.37961350e+00
  -1.77067892e+00
   3.81808509e-01
  -8.04502277e-01
   4.91934565e-01
   4.25401042e-01
   7.20442787e-01
   2.59635484e+00
   9.58554264e-01
   1.35097977e-01
  -9.76514582e-01
   6.26839465e-03
   1.65513990e+00
  -1.52121589e+00
  -7.28422858e-01
   1.94370471e+00
  -4.65681136e-01
   2.11644716e-01
   7.74543743e-01
  -6.23358802e-01
  -6.67306027e-01
   1.11874107e+00
  -1.16508789e+00
   3.17655385e-01
   2.44484292e-03
   3.16320737e-01
  -1.13862450e+00
  -3.70743607e-01
   3.98477364e-01
  -6.76029476e-01
  -2.36571042e+00
   4.93012966e-01
  -1.66002541e-01
  -1.09834741e+00
  -9.74195684e-01
   5.14062531e-01
  -2.83594576e-02
  -2.54824173e+00
   6.74403352e-01
  -1.50676010e-01
   2.82108432e-01
   1.13460029e+00
  -1.63223881e+00
   5.02574628e-01
   2.43542255e+00
  -1.19608265e+00
  -1.03086955e-01
   2.00408622e-01
   4.17637483e-01
   9.61479769e-01
   1.18295764e+00
   5.08499792e-01
   7.44071791e-01
   1.90381630e+00
   4.60640568e-01
   1.88887701e+00
  -1.82511605e+00
   4.14931791e-02
  -7.62525578e-01
  -5.16472454e-01
  -1.11114879e+00
  -3.86431305e-01
   1.53440663e+00
  -7.30813674e-01
   6.55308047e-01
   1.47456255e+00
   5.14040570e-01
  -1.53023635e+00
  -1.06079219e+00
  -8.02937067e-01
  -3.50031340e-01
  -1.94634475e-01
  -6.03866929e-01
  -1.87200383e-01
  -5.02001573e-01
  -5.31662597e-01
   6.01179042e-01
  -1.60089493e+00
   8.46438199e-01
  -1.04126098e-01
   1.78589178e+00
  -5.81987577e-01
  -1.43842790e+00
   1.65907783e-01
  -1.36034713e-01
   2.16159994e-01
   2.33919678e-01
   5.97856775e-01
   3.09547321e-01
   1.34848406e+00
   4.06629999e-02
   1.60846876e+00
   5.21909068e-01
  -2.40117213e+00
  -5.82461983e-01
   4.33900054e-01
   9.89936571e-01
   3.37194038e-01
   5.16840020e-01
   1.12523286e+00
   2.84108317e+00
  -4.10826272e-01
  -7.44304688e-01
   4.11259042e-01
  -1.65247797e-01
  -8.65745395e-01
   3.20196220e-01
   2.64262225e-03
   3.36456432e-01
   9.52093196e-01
   1.82096457e+00
   2.03216861e+00
  -3.52399023e-01
  -7.05762529e-01
   5.80766296e-01
  -1.12107888e+00
   1.15648911e+00
  -3.70058380e-01
   1.24515735e+00
   4.07991200e-01
  -1.76298650e+00
   1.56989809e+00
   8.53591405e-01
   7.71318629e-01
   3.11907102e-01
  -3.76877146e-01
   9.98858794e-01
   1.70893261e-01
   1.67757738e+00
   4.02309659e-01
  -3.12540274e-01
  -3.95280238e-01
   1.00138272e+00
   1.68677563e+00
  -8.10001431e-01
   3.21112234e-01
  -7.32708573e-01
   1.28164919e-01
  -7.07023897e-01
  -1.13674718e+00
  -1.27740384e+00
   1.17317822e+00
   2.15410670e-01
   3.14357759e-01
   1.04679494e-01
   4.36812812e-01
   8.10384433e-01
   8.00333581e-01
   1.26433241e+00
  -3.83122573e-01
   2.32894436e-01
   2.71901261e+00
   1.14386847e+00
  -4.93934462e-01
   1.31530293e-01
  -6.26068900e-01
  -7.94983101e-01
   5.51938794e-01
  -7.03851431e-01
   4.20077229e-01
  -1.02241419e+00
   4.18903733e-02
   1.44879418e-01
  -4.05689480e-01
   1.66213415e-01
  -2.79323648e-01
   3.54088293e-01
   2.04156389e-01
   9.97908294e-01
   3.83044489e-01
  -7.00411309e-01
   4.25302678e-02
   4.37583229e-01
   9.87287067e-01
  -8.56391558e-01
  -1.19783430e+00
   5.03613049e-01
   9.16404786e-01
   3.35018840e-01
   1.42524440e+00
  -1.36014188e+00
   1.48828502e+00
   4.66980351e-01
  -1.60983912e-01
  -7.58426169e-01
   1.93821050e+00
  -3.65993107e-01
   2.40176635e+00
  -5.49338513e-01
   5.61051796e-01
  -1.09030607e-01
   1.32992797e+00
   1.33463480e-01
  -1.67223356e+00
   2.16223704e-01
  -2.16188688e-01
  -1.14552307e-01
   8.51299418e-01
  -7.52030451e-01
   1.14013128e+00
  -9.96440877e-01
   9.55748283e-01
  -1.54031482e-01
  -1.43636083e+00
   2.58024248e-01
  -1.84044950e-01
   3.55130923e-01
   1.04245613e+00
  -2.48433611e+00
  -1.00695987e+00
  -1.59380630e-01
   3.19326165e-01
  -7.72660404e-01
   3.79601288e-01
  -2.76177327e-01
  -7.76329206e-01
   4.19654308e-02
   3.09425042e-01
   8.36672191e-01
   2.49228211e-01
  -6.57452280e-01
  -4.17649940e-01
   8.87808446e-01
  -1.29182119e+00
   1.66157592e+00
  -2.32808937e-01
   6.78012817e-02
   1.80996499e-01
  -1.42100971e-01
  -1.38154218e+00
   3.39811184e+00
  -2.01907488e-01
  -1.37756383e+00
  -2.76600871e-01
   2.38321234e+00
   4.19897955e-01
  -2.08865143e+00
  -8.01052029e-01
  -4.79239268e-01
  -3.75039785e-01
   7.18273256e-01
  -9.64119600e-01
   1.37987038e+00
   2.10991607e+00
   8.66248100e-01
   1.57196214e+00
  -1.70689092e+00
  -7.04849491e-01
  -1.08207172e+00
  -1.85765055e-02
  -9.20865554e-01
  -1.01263472e+00
   4.74294596e-01
   4.63192454e-01
  -1.53508716e+00
   6.99844146e-01
  -6.43697292e-01
   1.23979641e+00
  -6.21772131e-01
   1.68258730e+00
   1.12203479e+00
   1.15016736e+00
   3.10443183e-01
  -1.29847476e+00
  -2.54338731e+00
   1.93882231e+00
   9.25524353e-02
  -5.81226036e-01
   2.83797367e-01
  -1.23698638e-01
   2.25706205e-01
  -6.78914092e-01
  -1.28781351e+00
  -7.19724511e-01
   5.16623841e-01
   7.63243067e-01
  -1.54212425e-01
   1.46063196e+00
   4.13684220e-01
   6.12830180e-01
  -1.31758957e+00
   1.88615765e+00
  -1.96559280e+00
   1.55986526e+00
  -2.36178104e+00
   2.86440613e+00
  -5.42506150e-01
  -1.10642419e+00
  -9.24362429e-01
   1.20598466e-01
  -4.27039903e-01
   9.18686141e-01
  -8.63709243e-01
   2.65721680e-01
  -1.36846671e-01
  -1.29817907e+00
   2.46174239e-01
  -6.14886252e-01
   4.25140127e-01
  -9.15906901e-01
   9.14194270e-01
   7.45846964e-01
  -2.64352514e+00
  -2.68074720e-01
   7.53652317e-01
  -9.36618584e-01
  -3.83684530e-01
   1.89718923e+00
   2.80208458e-01
   5.25328460e-01
  -1.48516073e+00
   1.54328368e-01
   1.44670653e+00
   9.80329292e-01
  -2.29014409e-01
  -7.29039044e-01
   8.22602421e-01
  -9.27134932e-01
   7.71382214e-02
   1.37517284e+00
  -7.31713276e-01
   4.49685888e-01
   1.32571592e+00
   1.77831115e+00
   8.95138333e-01
  -6.29868415e-01
   3.74425571e-02
   1.58999063e+00
  -2.80472403e-01
  -1.02938859e+00
  -1.25169760e+00
  -8.57291051e-01
   1.54604241e+00
   4.08254397e-01
   1.45130434e+00
  -3.59399907e-01
  -6.29215601e-01
   1.79045160e+00
  -9.34749445e-02
  -1.49546366e-01
   7.10636114e-01
   8.87007486e-01
  -1.21925650e-01
  -1.38710392e+00
  -1.60638929e+00
  -6.58036158e-01
   1.86347120e+00
  -2.35886192e-01
  -3.88917864e-01
  -4.59313337e-01
   8.74142129e-01
  -8.27117058e-02
  -1.43930853e+00
   1.06187502e+00
  -1.14517986e+00
  -9.33307260e-01
   2.66243205e-01
  -9.37519291e-02
   2.06345545e+00
  -9.84621927e-01
   5.90013186e-01
   1.67829889e+00
  -9.47362149e-02
  -1.59179532e-01
   8.43019015e-01
   6.38907676e-01
  -4.43659916e-01
  -1.80555434e-01
   2.42123266e-01
   4.31153810e-01
   2.81433743e-01
   1.63611964e-01
   9.97194987e-01
  -2.35665359e-01
   1.56321099e+00
  -1.70044872e+00
   2.26027919e-01
  -3.42154842e-01
  -5.87141112e-01
   3.31540434e-01
  -3.82244325e-01
  -4.96086466e-01
  -8.27837272e-01
   1.42359346e+00
   4.68750103e-01
   1.64390171e-01
   1.07107494e+00
   1.94448539e+00
  -1.30565173e+00
  -1.83230252e+00
   3.57349473e-01
   1.28672868e+00
   8.16303795e-01
  -6.28596356e-01
   1.09121864e+00
  -1.81468413e+00
  -3.25094140e-01
  -2.53123314e+00
  -1.95566551e+00
   1.07359453e-01
  -4.97361413e-01
   2.18804974e+00
   1.40740983e+00
  -2.39755893e-01
  -7.84864916e-01
   2.39831177e+00
  -2.92307350e-01
  -1.01667412e+00
  -3.07588316e-01
   4.94070394e-01
   1.84324669e-02
   7.74945432e-02
   5.41297124e-01
   1.41121152e+00
  -1.02988312e+00
  -2.65171752e-01
  -1.13033867e+00
  -9.59233645e-01
   9.57432572e-01
   1.74804106e+00
   4.15031769e-01
   8.68241830e-01
  -3.89107641e-02
  -9.16325199e-01
  -9.47996563e-01
   2.40962746e-01
  -1.06308857e+00
  -1.18161588e+00
  -4.40033240e-01
  -1.33307191e+00
   9.51364545e-01
   4.05022494e-01
   6.76597678e-01
   3.56785071e-01
  -2.53212290e-01
   8.89138549e-01
   1.89223325e-02
  -1.17037886e+00
  -1.16906550e+00
   6.26586406e-01
  -4.86840737e-01
  -2.11218561e-01
   3.81909855e-01
  -3.27765146e-01
  -4.97421517e-01
  -4.33641432e-01
  -6.57418558e-01
   1.07717452e+00
   4.06004374e-01
  -1.82707945e+00
  -6.99725008e-01
  -2.41625207e-01
   1.80137168e+00
  -9.08715142e-01
  -6.66936195e-01
  -9.10435045e-01
   9.01371845e-01
   5.18166375e-01
   2.04731815e-01
   1.38524117e+00
  -2.29744884e+00
  -9.44515278e-02
   1.03310628e+00
   5.24383698e-02
  -1.21573295e+00
  -2.75344107e-01
  -1.09100273e+00
  -8.75987206e-01
  -3.03615654e-01
   3.85609046e-01
  -5.76539627e-01
   3.34170267e-01
  -1.68256653e+00
   7.31933905e-02
  -1.27477429e+00
  -1.03073314e+00
   4.12615030e-01
   2.38533260e-01
   1.92527473e-01
  -2.08837283e-01
   4.36984680e-01
   1.55615004e+00
   3.99149611e-01
  -1.32498271e+00
  -4.37164211e-01
  -5.33571693e-01
   1.69878788e+00
   3.90780796e-01
   1.49500104e+00
  -1.94214377e-01
  -8.71453233e-02
   2.60305355e+00
  -1.45973481e+00
   6.66271694e-01
  -1.76213310e+00
  -9.69690771e-01
  -9.71637777e-02
  -8.10161068e-01
   5.58656687e-01
   3.44199108e-01
  -9.61974178e-01
  -6.24749462e-01
  -3.79792814e-01
   7.81242125e-02
   1.86065318e-01
   2.27945610e+00
   1.16393703e-01
   1.26620683e+00
  -2.09282234e+00
   6.47179683e-02
  -6.97049389e-02
  -1.20400185e+00
  -5.28546078e-01
   2.01589098e+00
  -5.91610303e-01
   8.31840640e-01
  -2.12648117e-01
   1.78926346e+00
   8.10498814e-01
   1.40751520e-01
  -7.45800367e-01
  -8.15661857e-01
  -1.09808475e+00
   1.82448034e+00
  -1.58742503e-02
  -1.06954752e+00
  -4.35995008e-01
  -1.08076708e+00
   9.05670707e-01
   1.50837073e-01
  -3.83155684e-01
  -2.03206465e-01
  -7.41725144e-01
  -1.18924925e+00
   4.81012711e-01
   1.43138956e-01
  -3.44095355e-01
   1.37723546e+00
  -1.38115563e+00
   6.34068195e-01
   7.15357348e-01
   1.74493602e-01
   2.54359130e-01
   1.05788720e+00
   8.38174815e-01
  -1.66264169e-01
   9.83755774e-01
  -9.92767667e-01
  -1.80683238e-01
  -1.25914362e-01
  -1.66305470e+00
   1.75182473e+00
   2.05054863e-01
  -1.62420431e-01
  -8.25131198e-01
  -2.51582921e+00
  -6.38467677e-01
  -8.41625441e-01
   8.58743234e-01
   1.57940586e-01
  -4.70051438e-01
   6.47450671e-01
   8.54209004e-02
  -2.47165639e-02
  -6.22256153e-01
   1.04919977e+00
   1.07730552e+00
  -1.04078655e+00
  -1.13321774e+00
  -1.16416407e+00
   2.33966730e+00
  -1.65368359e+00
  -1.46099934e+00
  -3.49509459e-01
  -9.97126615e-01
  -9.69262110e-01
   6.56331742e-01
   4.22683827e-01
   5.66478653e-01
  -1.86993802e-01
   1.02379283e+00
   3.68841675e-01
   1.12541637e-01
  -5.15624590e-01
  -2.55211280e-02
   1.94765630e-01
   8.83644989e-02
  -6.91593286e-01
   5.81690193e-01
   1.38018463e+00
  -1.00458763e+00
   3.59427874e-01
  -3.89329853e-01
  -3.51926018e-01
  -2.02785749e-01
   9.82391995e-01
   3.91640297e-01
   2.70047581e-01
  -1.60795952e-01
  -1.98455873e+00
  -1.09013740e+00
   5.38002160e-01
   7.62136122e-01
   1.77648527e+00
   1.53271744e+00
  -4.25676522e-01
   3.47416069e-01
  -4.07634636e-01
  -1.97667581e-01
   2.57924338e+00
   1.12430709e-02
   8.35459937e-01
  -1.94048564e-01
  -1.10069830e+00
   9.24167067e-01
   1.01876617e+00
  -1.30162629e-01
   7.42145454e-01
   1.43661465e+00
  -3.58610785e-02
   1.28126197e+00
  -2.78193660e-01
  -5.48874711e-01
   1.36303770e-01
   1.75762129e-01
   3.04908709e-01
   6.50391777e-01
   1.35718763e+00
  -3.29065919e-01
   7.43299448e-01
   4.83120790e-01
  -3.30761016e-01
  -1.25784619e+00
  -5.41759036e-01
  -6.61592552e-01
  -1.15669313e+00
  -5.80273769e-02
  -1.05942546e+00
   2.00999962e-01
   1.35810460e+00
   9.13361533e-01
   5.89764795e-01
   9.86834936e-01
  -7.99023516e-01
   1.38120287e+00
   3.45356662e-01
  -2.59457105e-01
   1.75403636e+00
  -2.70845164e+00
  -1.22825134e+00
  -1.47320145e-01
  -7.79637651e-02
   4.91593073e-02
  -1.50000200e+00
   1.50333781e+00
  -1.38089975e+00
  -1.00737760e-01
  -2.55766521e-01
   4.81925990e-01
  -1.91368811e-01
   2.95724977e+00
   9.17329456e-01
   8.12501797e-01
  -2.64093455e-01
   1.28773131e-01
   2.45310806e+00
   7.63931669e-01
  -1.80654410e+00
   8.69572260e-01
  -2.00085105e+00
   1.62795114e-01
   2.35205768e+00
  -7.52813977e-02
  -2.30632784e+00
  -7.57722702e-01
   9.21223121e-01
   1.16849134e+00
  -2.95586584e-01
  -4.64518230e-02
   4.80192090e-01
  -1.22457024e+00
   1.01231987e+00
   1.15373707e+00
   6.72094842e-01
  -6.00534654e-01
   1.69529872e+00
   1.73766532e+00
   1.71049762e+00
   1.75600655e-01
  -3.27848167e-01
   3.97717147e-02
   1.28843293e+00
   2.42976744e+00
   1.57918797e-01
  -1.44096074e-01
  -1.48876817e+00
  -3.42949987e-01
  -3.84395002e-01
   4.99062017e-01
   7.69172648e-01
  -7.20300380e-01
  -1.33173394e+00
  -6.22182623e-01
   1.18276217e+00
   7.73164100e-01
  -4.20938648e-01
   3.54305977e-01
  -2.26484998e+00
  -3.68470248e+00
  -4.72005612e-01
   1.61711820e+00
  -4.20543583e-01
   9.54766968e-01
  -3.37655979e+00
  -5.66065403e-02
  -6.95046765e-01
  -9.77388775e-01
  -2.55143308e-01
  -3.37799813e-01
  -1.08777295e+00
  -3.41353697e-01
   1.70713078e+00
  -1.72260258e+00
  -1.35514709e+00
   1.09164545e+00
   4.12978789e-01
  -6.68383696e-01
  -6.80740360e-01
   1.03954185e+00
   7.26465443e-01
   2.67643880e-01
   4.10396873e-02
  -2.07699438e-01
   5.47498324e-01
  -8.96080300e-01
  -1.42436507e-01
   2.07053857e-01
   6.02275780e-01
   1.69591991e+00
  -6.32259173e-02
   2.07033089e+00
  -2.53795777e-01
  -9.77641892e-02
   9.48142803e-01
  -1.50757581e+00
   5.57561430e-01
   5.62407451e-01
  -5.07448839e-01
  -7.17755617e-02
   9.91076010e-01
  -6.75471231e-01
  -4.81061462e-01
   6.94451388e-01
  -4.38323037e-01
  -1.13600731e-01
   3.86471088e-01
  -1.40525236e+00
   1.02666968e+00
  -7.84294609e-01
   3.66535368e-01
  -1.39182772e-01
   4.02621145e-01
  -1.03901633e+00
  -1.23809128e+00
   3.12378558e-02
   9.72227838e-01
   1.83474758e-01
  -1.14227923e+00
  -4.97007266e-01
  -1.31354516e+00
  -2.66453739e-01
   7.78580829e-01
   8.02902926e-01
   7.11860431e-01
   1.04290762e+00
   2.27723653e+00
  -1.20231838e+00
  -3.59923951e-01
   3.72518002e-01
  -6.99276098e-01
   2.25522229e-01
   1.26326183e+00
   9.52880769e-01
   3.11395251e-01
  -2.56045040e-01
   7.69828945e-01
   1.42502964e+00
  -6.86945222e-02
   1.35790859e+00
   7.21391397e-01
   4.33832924e-01
  -1.25579386e+00
  -5.22792830e-01
  -9.70540868e-01
  -1.31550532e+00
  -6.12691173e-01
  -1.08193453e+00
   8.28359018e-01
   9.10754396e-01
  -7.61933285e-01
  -5.71934688e-01
   1.20595649e+00
   6.33644153e-01
  -6.36218479e-01
   6.89023811e-01
  -6.23792210e-01
   1.36728203e+00
   3.03581283e-01
   3.56441813e-01
  -5.99457261e-01
  -1.23858547e+00
  -2.00182587e+00
  -1.46558205e-01
   1.25129008e+00
  -6.24932888e-01
  -6.23606291e-01
  -7.87491396e-01
  -8.48426105e-01
   1.07084413e+00
   7.97581135e-01
  -1.49529747e+00
  -1.87089224e+00
   1.79400337e+00
  -1.32501029e+00
   5.24197983e-01
   4.28807037e-01
  -9.40539686e-02
   3.60497162e-01
  -1.02968007e+00
   4.95123120e-01
   4.19500784e-01
  -2.23239179e-01
   6.27726050e-01
   1.18968820e+00
  -7.64654490e-01
   6.24962321e-01
  -1.88103280e+00
  -1.60592421e+00
   2.91213932e-01
  -4.14055982e-01
   1.24525171e+00
   4.81195093e-01
  -4.98070262e-01
  -2.67264200e+00
  -2.17242517e-01
   2.95062477e-01
   7.82744017e-02
   3.16517031e-01
   1.79553665e+00
  -1.28245703e+00
   9.98901145e-01
   5.60230513e-01
  -7.06340088e-01
   5.38147153e-01
   1.24055690e-01
  -1.01761025e+00
   1.00618843e+00
   1.73048396e+00
  -7.07777062e-02
  -1.84542466e-01
   1.35757420e+00
  -2.56302588e-01
   1.00157971e+00
   8.40930940e-01
   2.39406082e-01
  -5.02235928e-01
  -1.67607409e-02
  -5.27103968e-02
   5.28309198e-02
   8.27611772e-01
   6.51970664e-02
   4.89433328e-01
   5.80684992e-01
  -8.94055568e-01
   1.33299619e+00
   4.54314003e-01
  -1.54781558e+00
   1.10820136e+00
   1.80080706e+00
   3.84083726e-01
   1.42243603e+00
   4.67777481e-01
  -5.94509663e-01
   5.39787359e-01
  -1.52091798e+00
   8.54733911e-01
  -1.21186818e+00
   2.67662809e-02
   1.42660823e+00
   2.24063899e+00
  -2.58810545e-01
  -3.35725162e-01
   1.13341024e+00
   1.30514991e+00
  -3.38912806e-01
  -3.20385934e-01
  -2.49628044e-01
   5.29301819e-01
   1.01043889e+00
  -9.33785529e-02
   1.03618886e+00
  -1.15515235e+00
  -9.40030657e-01
   1.78518561e+00
  -5.97675524e-01
  -7.28836308e-02
   8.55224100e-01
  -5.07298158e-01
  -2.27894359e-01
  -8.03952647e-01
   4.13259025e-01
  -7.31795933e-01
   4.62441352e-01
   1.21095023e+00
   4.11214639e-01
   1.19215134e+00
   4.38144789e-01
  -7.26901777e-02
   2.87099420e-01
  -1.34783542e+00
   4.37256424e-01
  -1.28101756e+00
   5.45922682e-01
  -1.33747446e-01
  -1.10193318e-01
  -3.91458473e-01
  -6.37875837e-01
   9.40289698e-02
  -3.79824579e-01
  -2.45713649e+00
   5.75847018e-02
   8.74289938e-01
   1.78046227e-01
   6.22683380e-01
  -9.22611817e-01
  -8.75974201e-01
   7.67246938e-01
   4.58958761e-01
  -5.43089534e-01
  -3.01035326e-01
  -7.54480841e-02
   2.31930109e-01
  -4.72939018e-01
  -3.43313062e-01
  -2.38494413e-01
   3.22738788e-01
  -1.01736541e+00
  -1.56482079e+00
  -7.15294756e-01
  -3.87195244e-01
  -9.00436226e-01
   1.72397338e-01
   2.18818537e+00
   4.38041754e-01
  -8.87301690e-01
  -4.15437189e-01
  -1.48281870e+00
  -1.19214384e+00
   1.08099180e+00
   8.78609098e-01
  -1.66129965e-01
   1.33656402e+00
   2.55045493e-01
   6.97885698e-01
  -1.27715178e+00
  -1.26138271e+00
   5.57277312e-01
   7.75137128e-01
  -7.38853109e-01
  -1.06189355e+00
   2.57881227e-01
  -6.44975787e-01
   1.86023897e-01
   6.15847482e-01
  -2.05841962e-01
   5.21472129e-01
   1.73846908e+00
   2.01431633e-01
  -1.27374011e+00
  -1.29762404e+00
  -7.77499389e-01
  -1.73342555e+00
   1.25962596e+00
   9.48527888e-01
  -1.29781383e+00
  -7.90182916e-01
   9.77219041e-01
   3.45856968e-01
  -6.89132495e-01
   7.16134362e-01
   2.67520144e+00
   1.17837124e-01
  -2.85219315e-01
   1.76208661e+00
  -8.98942203e-01
   7.70384954e-01
   8.18401089e-01
   1.12972756e+00
  -8.11824617e-01
   5.77975058e-01
  -9.58849586e-01
  -2.30284800e-01
  -1.69605185e+00
  -2.14308715e+00
  -2.48406727e-01
   2.15575301e+00
  -1.03428555e+00
   3.00792039e-02
   1.83576860e+00
  -3.84155621e-01
   4.05821033e-01
  -1.36055698e+00
   1.36394068e+00
   1.54548692e+00
  -7.44928787e-01
   8.92248226e-01
  -5.85742415e-01
   2.19248881e-01
   5.66745217e-01
  -9.19230648e-01
   4.68323229e-01
   4.20210614e-01
   2.45512441e-01
  -6.93497675e-02
   2.49433050e-01
  -1.50096002e-01
  -1.95422480e+00
  -1.03161748e+00
   1.05446823e-01
  -1.18828243e+00
   4.83865039e-01
   6.21410336e-01
  -6.63253944e-01
   3.77376919e-01
  -1.66330565e+00
  -8.79024697e-01
  -1.58746052e+00
  -5.66354250e-01
  -5.18259983e-01
   4.32868647e-01
  -2.00599560e+00
  -5.11785539e-01
  -1.38479796e+00
  -2.59848736e-01
   6.67580217e-02
  -6.88185289e-01
   9.86472542e-01
  -1.36873703e+00
  -6.26359693e-01
  -2.23766594e-01
   1.10673144e+00
   3.50465208e-01
  -4.26605083e-02
   1.47391271e+00
  -1.02574470e-01
   1.11182440e+00
   1.37727595e-01
   9.42645235e-01
  -7.29160070e-01
   4.32064634e-01
  -6.20767326e-01
   1.79102828e+00
  -5.13283204e-01
   5.29865332e-01
   1.27546942e+00
  -1.13432148e-01
  -9.29209219e-01
  -1.21707025e-01
  -5.58729077e-02
  -8.00980140e-01
  -3.62223290e-01
   5.71757828e-01
   6.17920510e-01
   4.58987341e-01
  -1.35547314e+00
   4.32771557e-01
  -1.30024305e-01
  -4.81104345e-01
  -1.93391549e-02
   4.98322450e-01
   1.16026373e+00
   1.09544897e-01
  -1.26472678e+00
   1.22202331e+00
   1.03025128e+00
  -3.10202273e-01
  -1.38515227e+00
   1.14842444e+00
  -1.53746962e+00
  -4.56174479e-01
   1.17810285e+00
  -4.76697466e-01
   3.03151737e+00
  -1.77205101e+00
  -1.12514797e+00
  -3.47826890e-01
   4.51882286e-01
   1.77488186e+00
  -8.42114337e-01
   5.59410312e-01
  -8.71683354e-01
  -4.37101189e-01
   1.05924052e+00
  -9.41080394e-01
  -1.82451394e+00
  -7.84579688e-01
   7.99086171e-02
  -1.13669893e-01
   5.51833225e-01
  -6.52950516e-01
   9.07141609e-01
   2.36307955e-01
  -1.18675012e-01
   1.07424005e+00
   4.66522609e-01
   1.49228070e+00
   5.60242032e-01
  -5.94090509e-01
   1.97421182e+00
   6.50913249e-01
  -1.75834453e+00
  -1.65636100e+00
   1.99405392e+00
  -2.30067292e-01
   8.61381327e-01
   8.35467799e-01
  -5.84425935e-01
   5.18066185e-01
   3.68344024e-01
  -3.03037022e-01
   1.24945058e-01
  -8.08106345e-01
  -6.04738389e-01
   7.77939781e-01
   1.07145718e+00
   1.69462127e-01
   5.36699693e-01
   1.52320069e-01
  -6.99164078e-01
   2.09078573e+00
  -6.85196767e-01
  -1.12641496e-01
  -1.43289347e-01
  -1.72064868e+00
   1.25476331e+00
   5.08791786e-01
   8.01172144e-01
  -6.56274147e-01
   7.81236791e-01
  -1.76813395e+00
   2.14364746e+00
   1.30183540e-01
   1.19729254e-01
   3.98593671e-01
   4.78282662e-01
   7.36413609e-01
   6.97106192e-02
   5.04278932e-01
   1.07620762e+00
  -1.68821144e+00
  -1.39298395e+00
  -1.20424790e+00
   9.28987739e-01
  -1.48913778e+00
  -6.69015653e-01
  -4.84164506e-01
  -1.90831723e+00
   1.81230217e-01
  -1.17003226e-01
  -2.15988685e-01
  -8.13378215e-01
  -1.22270577e+00
   5.52263761e-01
   1.81365020e+00
   8.48068162e-01
   1.19498607e+00
   6.54786449e-01
   3.15498423e-01
   4.87946751e-01
   8.81589543e-01
  -1.24290074e+00
  -1.59576365e-01
   7.30209375e-02
   3.52013175e-01
   9.90447899e-01
   6.62585336e-02
   1.27797913e+00
   1.50545295e-02
   2.18101928e+00
  -1.14716710e-01
  -2.10079818e-01
   2.11047632e-01
  -1.45275524e+00
  -8.70673507e-02
   1.41216704e+00
   1.11173053e+00
   2.53803815e-01
   1.12504399e-01
  -3.42698485e-01
   7.32006938e-01
   2.08842832e-01
  -3.98032760e-01
   1.94129696e+00
  -2.61582788e-01
   1.85058594e+00
  -3.60693611e-01
  -3.52191375e-01
  -1.55307468e-01
   9.12060034e-01
  -6.60800930e-01
   3.58364343e-02
   6.52682542e-01
  -1.21799493e+00
   1.21979887e+00
  -1.46630842e+00
  -2.31896020e+00
   5.98932708e-01
   2.34718154e+00
  -1.38026342e+00
  -2.44315284e-01
  -9.90161297e-02
  -1.57302910e+00
  -1.26813052e+00
  -5.35490674e-01
   1.58130208e+00
  -8.03780736e-01
   1.01937961e+00
  -1.46224979e+00
  -1.86438366e-01
   1.08018224e+00
   1.03335707e+00
  -7.59726815e-01
  -6.22895956e-01
  -6.26031530e-01
  -4.76857880e-01
  -2.08860560e-02
   3.69837525e-01
  -7.77263166e-01
   7.89406106e-01
   6.12101132e-01
   2.09824910e-01
   6.66423312e-01
  -2.01074490e-01
  -2.17941005e-01
   1.37324111e+00
  -2.03783004e+00
   7.38578519e-01
   1.83482240e+00
  -1.46324947e-01
  -2.40874894e-02
  -2.96975788e-01
   5.11674078e-01
  -6.57927286e-01
  -1.25834799e+00
  -4.77767324e-01
  -1.55478333e+00
  -1.89635666e+00
  -5.32177113e-01
   1.80199143e-02
  -3.35494900e-01
   1.25740971e+00
  -1.07186690e+00
  -7.47439243e-01
  -5.88061048e-01
  -7.94520654e-01
   4.47558345e-02
   1.05926666e+00
  -8.81578208e-02
   3.17267222e-01
  -3.08323196e+00
  -1.62521126e+00
  -1.70492674e-02
   2.67310522e-01
  -5.92692729e-01
   4.47451018e-01
   1.97542840e+00
  -5.87433308e-01
  -2.16446046e+00
  -1.44252229e+00
  -2.44971568e+00
  -9.85278831e-02
  -1.02760692e+00
  -6.94936139e-01
  -5.69211085e-01
  -1.61644401e+00
   6.78344627e-01
  -1.28373158e-01
   3.19404951e-01
   1.23835136e-01
  -1.83829299e+00
   9.55389281e-02
   1.04056489e+00
  -9.24733736e-01
   4.50040527e-02
  -1.59418885e+00
  -1.09785665e+00
   5.59980789e-01
   2.09631210e+00
  -1.36624977e+00
   7.16089238e-01
  -1.05525198e+00
   2.77542003e-01
   5.88808574e-02
  -1.36547200e+00
  -6.86576680e-01
  -1.46202759e+00
   1.07073261e+00
   1.40065573e+00
  -7.80545003e-01
   5.63488747e-01
  -5.59077901e-01
   9.80201524e-01
   6.01106385e-01
   5.83867123e-01
  -4.16108848e-01
  -1.80574201e-01
  -8.41746257e-01
   1.26717853e+00
  -4.80688437e-01
   2.35256197e+00
   5.91357417e-01
  -9.97348488e-01
   1.50839751e+00
   1.80207987e-01
   1.80459306e+00
   5.38678026e-01
  -3.97227399e-01
   2.42798562e-01
   2.53614334e-01
   1.35737671e-01
   1.04257418e+00
  -1.81034480e+00
  -1.49548089e+00
  -1.28898139e+00
  -1.28770118e+00
   1.43164632e-01
   1.03913344e+00
  -1.66887429e-01
  -1.33552678e+00
   1.52980613e-02
   4.43483636e-01
  -1.76426164e-01
  -1.65375321e-02
  -1.85458394e+00
   1.02942793e+00
   1.66925873e+00
  -5.88441843e-01
  -1.55143458e-01
  -1.86681717e-01
  -4.41087050e-01
   4.52940909e-02
   1.45923247e+00
   1.50145266e-01
  -5.38401685e-01
   7.40029653e-02
   8.93758429e-02
  -6.74033017e-01
  -2.18722373e-01
  -5.94464839e-01
   7.61886165e-01
   1.58789931e+00
  -8.97624947e-01
   1.27082967e+00
  -6.82523155e-01
  -7.44152860e-01
  -6.78478483e-01
   2.57526295e-01
   6.46578006e-01
   1.05699283e-01
  -1.65598388e-03
   1.24630768e+00
  -6.96381074e-01
  -6.91443609e-01
  -7.51776288e-01
  -6.80466307e-01
  -4.87953711e-01
   9.91727001e-01
   1.37460878e+00
   5.82214698e-01
  -5.29238773e-01
  -5.88205414e-01
  -1.37326588e+00
  -1.94863884e-01
   7.37483315e-01
   1.11821122e+00
   1.44163860e+00
   1.46183344e+00
  -2.34862749e-01
   9.97102633e-01
  -1.84791529e+00
   2.14001161e-01
  -7.03328866e-01
   1.05713323e+00
  -3.92100682e-02
   1.35355256e+00
   1.72173777e-01
   1.59152470e+00
   1.62140447e-01
  -1.25516928e-01
   2.07832889e-01
  -9.15070508e-01
  -8.85078890e-01
   6.48476734e-01
  -9.21472530e-01
  -1.04510970e+00
  -1.83684002e+00
  -4.73515751e-01
  -3.89922058e-02
  -2.75665179e-01
  -1.04165874e+00
   9.46632016e-01
  -8.36994754e-01
  -2.25307521e+00
  -6.45037745e-02
   1.07727061e+00
  -1.88759792e-01
  -5.96953160e-02
  -4.67423081e-02
  -1.08134128e+00
   3.27634819e-04
  -1.72594765e-01
   1.19382982e-01
  -5.67700140e-01
  -9.40317482e-01
   9.14998220e-01
   2.84404089e-01
   1.42031447e-01
   2.03634069e-01
  -6.53934326e-01
  -2.82283771e-01
  -8.62646007e-01
   3.83581627e-01
  -5.17360879e-01
   4.86796060e-01
   1.58744388e+00
  -4.45737973e-01
  -3.50572002e-01
  -1.88711960e+00
   3.94215228e-01
  -1.21249434e+00
  -6.56894616e-01
  -8.02860494e-01
   2.01718149e+00
  -5.07062452e-02
   1.19375119e+00
   4.85230341e-01
   1.11486493e+00
   7.47643631e-01
  -2.08007449e+00
   2.11920546e+00
   6.48731241e-01
   7.29360285e-02
  -3.84184331e-01
   9.94830930e-01
  -1.53686178e+00
  -4.46114588e-01
   9.50998099e-01
  -3.37671442e-01
   2.26212368e-01
  -5.72859755e-01
  -1.63336248e+00
  -6.26213915e-01
  -3.92641687e-01
  -2.14032861e+00
  -1.54147217e+00
  -6.60571510e-01
  -6.59422893e-01
  -6.17409704e-01
  -2.31657195e-02
  -7.99724887e-01
   8.58232758e-01
   7.82131426e-01
   3.91384476e-01
   7.72821239e-01
   1.46936837e-01
   4.29572633e-01
   4.83326636e-01
  -5.42674605e-02
   7.84218194e-02
  -1.29013695e-02
   5.13091733e-01
   9.61299432e-01
  -2.21255054e-01
   5.03389527e-01
   7.42545140e-01
   4.80016028e-01
   2.83120365e-01
  -7.90753195e-01
   4.36934170e-01
  -3.19188707e-01
   1.29153962e+00
   1.49206198e+00
  -3.54957028e+00
   2.93980169e-01
   4.68799521e-01
   6.23680570e-01
   2.67068068e-03
  -2.32463893e-01
  -9.43998242e-01
  -1.05408448e-01
   9.72962079e-01
   7.28535599e-01
  -7.25710321e-01
   1.51578029e-01
   4.47744617e-01
   5.72994263e-01
   3.57560512e-01
   6.05489714e-01
   2.47967390e+00
  -4.92413804e-01
   3.14666131e-01
   5.06932795e-01
  -5.78539679e-01
  -7.41848584e-01
  -1.36883241e-01
   3.84442660e-01
  -1.15054671e+00
  -1.42138042e-01
  -5.93152640e-01
   2.90412247e-01
   1.63511022e+00
  -9.24517469e-01
   2.88906707e-01
   2.15343938e-01
  -4.46195595e-02
  -1.85958442e-01
  -2.00595226e+00
   1.04452870e+00
  -1.56563456e+00
   8.44384185e-01
  -1.28549382e+00
  -1.36260574e+00
   7.34430981e-01
  -8.52870676e-02
   1.23954878e-01
   3.11542662e-01
   6.34948789e-02
   2.05465534e+00
  -4.61598361e-01
  -1.13940596e+00
  -1.40055134e+00
   2.24791165e-01
   2.93862249e-01
   2.10017480e+00
  -2.14276912e+00
   3.02912166e-01
   4.97378785e-01
   1.30889892e+00
  -1.88607940e+00
   1.38158107e+00
   7.58197555e-01
   8.00855217e-01
  -1.12514432e+00
   5.56290543e-02
   2.69692624e-01
  -2.99686629e-01
  -1.30714046e+00
   2.88365278e-02
   3.01186819e-01
  -6.99906355e-01
   9.37291810e-01
   1.46981254e+00
   3.25931294e-02
  -7.91649964e-01
   1.03250543e+00
   2.31275375e-01
   9.98656089e-01
  -1.43707003e+00
  -1.50545230e+00
  -3.07814641e-01
   7.97151426e-02
   1.80070190e+00
  -1.71229294e-01
  -9.34854311e-02
  -8.68278984e-01
  -9.82736966e-01
   7.50837685e-01
  -4.71685699e-01
   1.23730531e+00
   1.39234733e+00
  -1.57623448e+00
   1.15289414e+00
   1.10401228e+00
   2.88792016e+00
  -8.46662388e-01
  -2.68779435e-01
  -1.38099138e+00
  -2.18647796e-01
  -5.28724432e-01
   8.19827334e-01
   6.37213838e-01
  -7.47109244e-02
  -1.00607930e+00
  -3.39703518e-01
   5.03344661e-01
   1.19267804e+00
   2.03078610e-01
  -6.22674702e-01
  -7.41389799e-01
  -1.04610304e+00
   1.16110130e+00
   2.31693273e+00
  -7.44945476e-01
   1.14851192e+00
   1.10526090e+00
   8.96273054e-01
  -9.89960473e-01
  -7.60740261e-01
  -1.06347233e+00
  -1.84427974e+00
   5.98835450e-01
   1.14635144e+00
  -3.54318363e-01
   7.41435031e-01
  -4.89482536e-01
  -1.99203873e+00
  -6.84210284e-01
   1.86697896e-01
  -1.78053634e+00
   2.09965226e-01
   5.08303520e-02
  -6.47575511e-01
  -9.82677207e-01
   3.15523421e-01
   1.22280383e+00
   2.58891721e-01
  -2.58035800e-01
   6.01586467e-02
   1.29603944e-02
  -5.29931839e-01
  -6.74938270e-01
   1.01693991e+00
   1.20006665e+00
  -1.33765106e+00
  -8.95085800e-02
  -1.54832881e+00
  -9.30449122e-02
  -9.51028851e-01
   1.44275436e+00
   6.44085098e-01
   7.88116155e-01
  -1.69053256e+00
  -3.38131602e-01
  -5.07456387e-01
   1.13508430e-01
   2.21683179e-01
   6.22017564e-01
   6.13603973e-03
  -1.08665883e+00
   6.34960527e-01
   5.87041104e-02
   1.72888954e+00
   5.50288441e-01
  -1.57259435e+00
  -3.76161977e-01
   1.15056690e+00
  -1.69781125e-01
   6.75875112e-01
  -6.15696948e-02
  -1.36560431e-01
  -2.09877314e+00
  -2.04064237e-01
   1.39066049e+00
   1.88054880e-02
   2.80974261e+00
   6.04689915e-01
  -4.89090862e-01
  -8.46251447e-01
   1.07743310e+00
  -1.34552579e+00
   4.70844928e-01
  -3.41741743e-01
  -3.80151573e-01
  -7.00630562e-01
   1.79583982e+00
  -7.64895566e-01
   8.30457229e-01
  -5.74060865e-01
   9.47813308e-02
  -7.66864824e-01
  -6.55844815e-01
   1.96703078e+00
  -5.11925215e-01
   1.57609739e-01
   1.27929436e-01
  -5.08177538e-01
  -2.34802573e-01
  -7.99629550e-01
   3.41882549e-01
   7.00393209e-02
   1.44435985e+00
  -5.90523441e-01
   1.18108202e+00
   9.55547872e-02
   7.94444414e-01
   3.30340103e-01
   2.14034926e-01
  -1.95049867e-01
  -4.17258902e-01
   1.12868809e+00
   2.95743673e-01
  -7.80554375e-01
  -1.98469709e+00
   1.59019248e+00
   8.87724923e-02
   3.13338831e-01
  -5.66520324e-01
   3.29346219e-01
  -1.88869361e+00
   1.03778798e+00
  -1.20924157e+00
   8.63507811e-01
   1.20822951e-01
   5.04166016e-01
  -5.53328551e-01
   8.74406390e-01
  -2.77055184e-01
  -1.44121037e+00
  -8.80453020e-01
  -1.56611944e+00
  -9.27116291e-02
  -2.12978532e-01
   2.20213430e-01
   3.26975468e-01
  -6.96298751e-01
  -1.92074754e+00
  -3.35985936e-01
   5.71999611e-01
   1.10431038e+00
  -3.53696082e+00
  -5.92386053e-01
  -7.45543159e-01
   1.81101713e+00
  -6.05762314e-02
   1.95772993e+00
  -5.76964140e-01
  -1.18877894e+00
   3.72634027e-01
   4.93767534e-01
   2.27168115e-01
  -5.84565514e-01
  -1.41713012e+00
   1.01725292e+00
   4.52792648e-01
  -4.03690440e-01
   2.64750013e+00
   7.13485436e-01
  -1.26540022e+00
   7.22242500e-01
  -7.83348992e-01
   3.42267876e-01
   6.62435712e-01
   5.15471594e-01
   3.26808177e-01
  -7.31650632e-01
   7.71325957e-01
  -6.92087612e-01
  -6.99128731e-01
  -2.30776931e+00
  -3.15893618e-01
   1.14825584e+00
  -8.62095437e-01
  -2.30729301e+00
   8.04784212e-01
   9.03595654e-01
  -3.55241443e-01
  -1.25807153e+00
   8.95312084e-01
   1.28049237e+00
  -3.82206573e-01
  -2.55413756e+00
  -3.85462339e-01
  -1.38966076e+00
  -1.73637583e+00
   2.31826829e+00
   1.98458447e-01
   2.06768518e-01
  -1.47436997e-01
   1.82550619e+00
  -8.04844182e-02
   1.19815042e+00
  -1.11135591e+00
  -8.15199742e-01
  -1.33887557e-01
   6.33156937e-01
  -1.68210485e+00
   9.06049131e-01
  -3.43249210e-01
   7.55390026e-01
   4.79866044e-01
  -5.12120251e-02
  -4.14970353e-01
  -5.20397836e-02
   9.76490616e-01
   6.19613079e-01
   4.86493604e-01
  -8.60541478e-01
   9.81550528e-01
  -1.48627775e+00
   2.11849251e-01
  -7.88925388e-01
   6.03505684e-01
   8.71919102e-01
  -6.17526080e-01
   8.74640622e-01
   4.65271430e-01
  -1.92874382e+00
  -4.49319850e-01
   9.52388707e-01
   1.29462506e-01
   2.33233802e+00
   8.23481885e-01
  -1.56142600e+00
  -7.24239529e-01
   1.62426682e-01
   8.04849859e-01
   1.82836028e+00
  -1.19472960e+00
   1.09386754e+00
   1.58332677e+00
  -5.43979750e-01
  -2.96949859e-01
   8.38580956e-01
  -1.39146262e+00
   2.05678445e+00
  -1.02109391e-01
   5.47956096e-01
  -1.12703541e+00
  -1.73721159e-01
  -1.91685941e-01
  -3.85484698e-01
   1.95870371e-01
  -1.90496055e-01
   6.96803455e-01
  -1.61251404e-01
   2.39656252e-01
   7.18436738e-01
  -4.03180392e-02
   6.18869500e-01
  -2.07594971e-01
   7.52981021e-01
   1.49671847e+00
   1.34510201e+00
   3.85495952e-01
  -2.22180142e+00
  -2.19977043e+00
   2.68674622e-01
  -6.82684350e-01
   5.68629589e-01
  -1.90694858e-01
   1.17108059e+00
   8.43317489e-01
   2.42802479e-01
  -1.45994401e+00
   2.43290996e+00
   1.30755412e-01
   9.15293604e-01
  -6.65449083e-01
   2.73220551e-01
   3.75127342e-01
  -1.45020370e+00
   5.41608737e-01
  -8.67688013e-01
  -5.45576071e-01
   9.29375252e-01
   1.01186982e+00
   1.43172321e+00
  -7.61990125e-01
  -8.21920543e-01
  -2.41322183e+00
   3.39094028e-01
  -5.82819074e-02
  -1.13227894e+00
   6.27659433e-01
  -1.52064120e-02
  -2.49368775e-01
   7.75589918e-01
   7.50666402e-01
  -6.46226388e-01
   2.83809421e+00
  -2.16486767e-01
  -1.82758182e-02
  -5.71386168e-01
   3.78639981e-01
   1.02952450e-01
   1.89804646e-01
   2.98190750e-01
   1.12378439e-01
   6.51015840e-01
  -1.33279941e-01
  -5.78361378e-02
  -1.23641252e-01
  -9.10476062e-01
  -9.64682409e-01
  -1.86559168e-01
   6.63921907e-03
   1.54137353e+00
  -1.04165824e+00
   8.38939969e-01
   1.57636321e-02
   2.76832259e-01
   6.80622318e-01
   1.56980206e-01
   2.82151665e-01
  -1.12752469e+00
   7.02986087e-01
  -4.94113470e-01
   1.82073109e+00
   8.57085214e-01
  -1.45918043e+00
   6.51685676e-01
  -6.24969335e-01
  -4.59486198e-01
   2.83391929e-01
  -1.40391424e-01
  -9.23165606e-02
   3.69668097e-01
  -3.18104287e-01
  -3.38789947e+00
   3.71375878e-01
   3.11995703e-01
   1.67305896e+00
   1.27214000e+00
  -7.14296865e-01
  -2.33719418e+00
   1.32633856e+00
   2.17254877e-02
   9.38955379e-01
   6.56441350e-01
  -1.17335890e+00
  -7.66621971e-01
   5.37849721e-01
  -1.05526223e+00
   9.03871706e-01
  -1.44434466e+00
  -9.51550288e-01
   1.94047481e+00
   2.61208149e+00
   1.39263999e+00
  -1.91366907e+00
   3.45437408e-01
  -9.61583982e-02
  -6.88752903e-01
  -8.97960504e-01
   5.81394884e-01
  -1.30662777e+00
  -4.92937714e-01
   1.37622696e+00
   7.25948582e-01
   2.18319156e-01
   1.59750507e+00
   8.49454372e-01
  -4.65536832e-01
   1.34874613e+00
   7.78374748e-01
  -9.92618689e-01
   1.71508433e+00
  -4.02740353e-01
   1.40888448e+00
  -7.40528683e-01
  -1.92046174e-02
   1.22150434e+00
  -1.01285009e+00
   1.51769558e-01
   2.36558367e+00
   1.58507902e+00
  -8.49387344e-02
  -5.89626113e-01
   7.74345282e-01
   7.86616333e-02
  -1.41111001e+00
  -1.70409200e-01
  -9.01233069e-01
   5.46564469e-01
  -9.03619035e-01
  -9.15940944e-01
   1.25764992e-01
  -1.07270296e+00
  -2.20659472e+00
  -9.33102929e-01
  -4.33419983e-01
   7.81506626e-01
   1.02444020e+00
  -1.04399374e+00
   1.00128416e+00
   5.41650102e-02
   9.62235519e-01
  -1.46731982e-01
  -1.83639390e+00
  -9.47830593e-01
   2.05854422e+00
  -3.08927282e-01
  -2.62679435e+00
  -6.44835859e-01
  -2.72451330e-01
  -1.38411436e-01
  -1.69592540e-01
   3.79950432e-01
  -2.91293578e-01
  -1.14748531e+00
  -4.13054533e-01
  -3.05937312e-01
  -2.27441877e-02
  -8.92456045e-01
   1.00208235e+00
   1.22490166e+00
   2.19136131e-02
  -7.63626688e-01
   6.77193269e-01
  -2.26148858e+00
  -1.25881553e+00
  -1.31653886e-01
  -1.35423934e+00
  -2.89810649e-02
   2.97403650e-01
  -1.59969806e+00
  -6.88983051e-01
   9.97522986e-01
   3.54492694e-01
  -5.13124257e-01
   1.02633234e-01
  -3.32574941e-01
  -1.29993218e+00
  -2.92142965e-01
  -5.38691700e-01
   1.02655729e-01
  -7.35681242e-01
  -3.88384836e-01
   5.49325888e-01
  -1.22948733e-01
  -1.95230278e+00
  -7.26969091e-01
   3.63771565e-01
   1.38876978e+00
   1.55826156e+00
  -7.32729030e-01
   2.35220681e+00
   1.15155811e+00
  -3.61825953e-01
   1.75584372e-01
   4.89283742e-01
  -2.58253195e+00
  -1.12031272e+00
   1.95037042e+00
  -1.54655462e+00
  -5.41347950e-02
   8.58441131e-02
  -1.14667143e+00
   1.28794813e+00
  -8.91883197e-02
  -7.45483344e-01
   4.44350940e-01
  -2.32205752e-01
  -1.18407468e+00
   1.01219041e+00
  -7.31696996e-01
  -1.12388009e+00
   1.36322094e+00
   6.11682114e-01
  -7.52193268e-01
   7.05331438e-01
   1.04874313e+00
   1.60717576e+00
  -6.05525858e-02
  -9.86255042e-01
   5.47810796e-01
   1.10411990e+00
   4.21645014e-01
   1.78001666e+00
  -1.69969996e+00
  -3.54836796e-01
  -2.51073456e-01
   3.89068990e-01
  -6.82729605e-01
  -8.81859523e-01
  -1.92885298e+00
  -8.51953637e-01
   6.86425520e-01
   1.00632279e+00
   1.38871679e-01
   9.28388302e-01
   2.55986626e-01
  -2.78033007e-01
   8.22001726e-01
   1.93058519e+00
   1.73611487e-01
   3.25437645e-02
  -2.67305165e-01
   7.04922767e-01
   5.46384845e-02
  -2.25189301e+00
   6.04374162e-02
   6.01866446e-02
  -4.84891436e-01
  -1.06247397e+00
  -6.35590100e-01
   1.62752023e+00
  -6.74248289e-01
   1.44868954e+00
  -1.15917424e+00
   1.13917293e+00
  -1.42916867e+00
   1.04706165e-01
   4.01397900e-01
   1.83173294e-01
  -1.00855551e-01
  -1.02742394e+00
   9.91704081e-01
   2.77837054e+00
  -1.79244522e+00
   5.32390823e-01
   1.17267596e+00
   3.81285421e-01
   7.87720582e-01
  -8.87049740e-02
   1.64115788e+00
   1.73888515e+00
  -5.86212454e-01
  -6.47830670e-01
   2.55282542e-03
  -5.13848014e-01
  -1.46229271e+00
   1.91324741e-01
   4.89626751e-01
  -5.69116824e-01
   8.79328795e-01
  -2.79208266e-01
   1.38302624e-01
  -6.23872132e-01
   6.05549619e-01
  -4.49919601e-01
   5.55011904e-01
   8.45868443e-01
   7.63289189e-01
  -1.65156913e+00
   1.45988358e-01
   4.75849794e-01
  -2.98311754e-01
  -1.21288864e-01
  -1.09819713e-01
  -8.55044034e-01
   4.19294101e-01
   1.45688038e+00
  -6.00332225e-01
   2.82109960e-01
   1.59144809e-01
   3.43473155e-01
  -6.38288775e-01
  -9.05016017e-01
   7.00589060e-01
   8.81020254e-01
   3.84541574e-01
   2.28891009e+00
  -1.09846101e+00
   1.04208374e-01
  -1.06969446e+00
   1.48612058e+00
   4.16846771e-01
   1.06226708e+00
   1.56139306e+00
  -1.07771959e-01
  -1.19374992e-02
  -2.35219275e+00
   1.69674518e-01
  -2.29756132e-01
  -4.79814577e-01
  -1.76279029e-01
   8.51299927e-01
  -1.12639115e+00
  -2.16238612e-01
   8.75653950e-01
  -9.86099943e-01
  -4.83065151e-01
   2.98135420e-01
   8.39886198e-01
  -7.18179498e-01
   1.53276117e+00
   8.49113065e-01
   8.73051726e-01
   8.51617049e-01
   4.22470678e-01
  -1.72755789e-01
  -1.79530734e+00
  -2.06457277e-01
  -1.37439181e+00
   3.94737429e-01
   4.14828288e-01
   2.11850522e-02
  -1.09477497e+00
   3.22894151e-01
   2.51719200e-01
  -1.62955760e+00
   6.91705616e-01
   6.90984955e-01
   4.28486514e-01
   4.52704076e-01
   2.98527583e-01
  -1.30491193e+00
   3.87587115e-01
   1.30665042e+00
   1.07244095e+00
  -7.90622813e-01
  -2.74536631e-01
  -8.37111143e-01
   4.44421318e-01
  -9.23779978e-01
   1.39980217e+00
   1.61835574e+00
   6.33742276e-01
   5.18769737e-01
  -1.24064129e+00
  -4.95134812e-01
  -7.99490504e-01
   1.17485792e+00
  -2.69713833e-02
   1.10265508e+00
  -1.09277029e+00
  -1.76464629e-01
  -1.23907254e+00
  -2.50623161e+00
   7.64397580e-02
   4.76991729e-01
  -1.76660781e-01
  -1.15637080e+00
  -9.07623491e-01
  -1.24696544e+00
   3.80334067e-03
  -2.59728122e-01
   1.10832722e+00
   1.91755213e+00
  -4.53913800e-02
  -7.56446444e-01
   2.46174666e+00
  -7.68621537e-01
   2.31130373e+00
   6.56033347e-01
  -3.53584760e-01
   4.86562319e-01
   2.06198623e-01
  -5.11044846e-01
  -6.15149697e-01
   3.17707270e-01
   3.90317275e-01
   1.47260708e-01
  -4.20219687e-01
   5.79746449e-02
   1.37387290e-02
   1.40841463e+00
   4.84813417e-01
   1.13635497e-01
   2.28510623e+00
   1.25574120e+00
   3.99778492e-01
   1.68530921e+00
   8.28125702e-01
  -1.57179565e-03
  -6.49721780e-01
   1.54672278e-01
   5.01303233e-02
  -6.99282864e-01
  -4.70291457e-01
   1.40218881e+00
   1.29173514e+00
  -5.80329772e-01
  -9.03993208e-01
   3.28410666e-01
  -2.20740216e+00
   2.64301470e-01
   8.60468042e-01
  -8.68512430e-01
   1.66154328e+00
  -9.03265967e-01
   3.74378529e-01
  -3.53793186e-01
   5.61967760e-01
   1.51407167e+00
   2.51149767e+00
  -1.01407325e-01
  -9.43138413e-01
  -8.11734570e-01
  -8.55219158e-01
  -1.10108822e+00
   3.67549898e-01
   2.12681627e+00
  -3.63982867e-02
  -1.33119165e+00
  -7.47054229e-01
   1.11076517e+00
  -4.55344896e-01
  -2.91883533e+00
  -1.94829322e-01
  -1.28572145e-01
  -9.79995503e-01
   7.12135702e-01
   1.76738980e+00
  -8.66280252e-03
   2.01277017e+00
  -1.39812187e+00
  -3.90021837e-02
  -2.03949314e+00
   4.97714109e-01
  -4.60260809e-01
  -7.16577710e-02
  -1.03574629e+00
  -4.58754904e-01
   3.05143242e-01
  -5.32132120e-02
   8.60560174e-01
   3.64547699e-01
   8.14839680e-01
   4.17954100e-01
   2.37240023e-01
   1.20234816e+00
  -3.91380866e-01
   7.54316650e-02
  -5.95237278e-01
  -6.71010012e-01
   3.52041664e-01
   6.74798387e-01
   2.37599333e-01
   2.04736630e-01
   1.77052232e+00
   1.12580145e+00
  -1.53101535e+00
  -1.63441099e-01
  -1.18658136e+00
  -2.79239718e-02
   1.04481361e+00
   8.71301427e-01
   1.26290629e+00
   2.38905255e-01
   2.67725384e-02
   5.13748458e-01
  -2.45967993e-01
  -4.77479357e-01
  -9.23361279e-01
   1.42696620e+00
  -7.95972871e-01
   8.82792776e-01
  -8.73363607e-01
   8.74794970e-01
   2.84558895e-01
  -8.72315975e-01
  -6.42234447e-01
  -2.22839710e-01
  -1.97128012e+00
  -5.68460949e-02
  -1.54627232e+00
  -1.16099605e+00
  -1.52820215e+00
  -6.27230714e-01
   9.67738483e-01
   3.18299349e-01
   1.12034552e+00
   2.17815013e+00
   1.92441910e-01
  -2.01168402e+00
   2.80224593e-01
   2.34823160e-01
  -1.16822553e+00
   1.55591870e+00
  -2.73359766e-01
  -2.12779104e+00
   4.20412364e-01
   8.90766420e-01
  -2.43724899e+00
  -1.08004016e+00
  -7.96756017e-01
   1.62480813e+00
  -5.10315559e-01
  -1.66480764e-01
  -1.03908789e+00
   2.24117984e+00
  -6.58681481e-01
  -7.12649192e-01
   1.44338675e+00
   1.15422771e+00
  -1.19423987e+00
  -2.13602918e+00
   1.55059211e+00
   1.61124623e+00
  -1.88117367e+00
   4.10342923e-01
   1.65492470e-01
   1.48261821e+00
   2.63904973e-01
   5.58125012e-01
  -2.51402106e-01
   9.45268864e-01
   1.56990233e-01
   1.73832144e+00
  -8.80064567e-01
   1.02228519e-02
  -1.07033726e+00
  -6.78455729e-01
  -2.76958848e-01
   2.45579430e-01
  -8.37815553e-01
  -5.41199209e-01
  -4.81417397e-02
  -3.91808704e-01
   1.21987506e-01
   4.00826257e-01
   1.07125506e+00
   9.85161942e-01
   2.44613405e-01
   4.47514385e-01
   5.65498695e-01
   4.91135717e-01
  -1.16817632e+00
   6.82406134e-01
  -1.85292504e+00
   1.01988182e+00
   4.97677446e-02
  -8.68246125e-01
  -1.44998749e+00
  -7.17198670e-02
   1.37062783e+00
  -7.80632752e-01
  -3.84551581e-01
   6.80597260e-01
   4.65868794e-01
  -2.92422623e-01
  -5.27214728e-01
  -6.60850692e-01
  -1.55865744e-01
  -6.79500844e-01
   9.87647285e-01
  -4.52787385e-01
  -9.48712678e-01
  -3.64619430e-01
  -5.55746439e-01
  -1.06894286e+00
  -2.34959207e+00
  -1.32710194e+00
  -2.21753800e+00
  -1.10845152e+00
  -8.02848310e-01
   1.66729426e+00
  -1.62784231e+00
  -1.36956968e+00
  -5.49679120e-01
  -3.54767719e-01
  -1.65303822e+00
  -8.51808229e-01
  -5.73176560e-01
   2.96453721e-01
   1.43907030e-01
   1.41653005e+00
   3.73962556e-01
   5.57675362e-01
   1.38798351e-01
  -2.41531522e-01
   1.03129357e+00
   1.40305441e+00
   1.56927267e+00
