   5.97935362e-01
  -6.65573231e-01
  -6.51654374e-01
  -1.18479080e-01
  -2.12121463e-01
   5.90336600e-01
  -1.50477320e+00
   1.41522128e+00
   1.26593887e+00
   2.43746456e-01
   1.37352216e+00
   2.53389467e-01
  -8.06441785e-01
  -3.47419157e-01
  -1.89334913e-01
  -1.66506435e-01
   2.57895314e-01
   5.39147099e-02
  -1.99536588e-01
  -1.97431208e+00
  -1.21238800e+00
  -2.94914198e-01
  -5.12268527e-01
   1.67057717e+00
  -1.53706052e+00
   1.34056059e+00
  -1.10207011e-01
  -8.36935672e-01
   7.67099458e-01
  -8.85194735e-01
  -1.12609451e+00
   1.37087972e+00
  -1.99501880e+00
  -4.74329768e-01
  -1.95686471e+00
   2.67427862e-01
  -3.76370284e-01
   1.88631961e+00
  -2.72998547e-01
   1.75444900e+00
   5.22646059e-01
   5.18655939e-01
   1.92478597e+00
   7.16335762e-01
   6.06135070e-01
  -6.99074960e-01
  -1.26348379e+00
   8.07653479e-01
   1.49875329e-01
  -1.81496229e+00
   4.74027688e-01
  -9.82374835e-01
   1.00603362e-01
  -5.16483310e-02
  -3.33369568e-01
  -1.19105911e+00
  -2.94341405e-01
  -7.78461078e-01
  -1.41481681e+00
   4.15918951e-01
   2.71698647e-01
   1.63299536e+00
   1.46423301e+00
   1.05054945e+00
  -6.52077474e-01
   8.75731006e-01
   7.48673832e-01
   6.72587013e-01
   9.06761998e-02
   7.77007166e-01
  -9.36247138e-01
   2.05546657e-01
  -2.05818885e-01
  -3.35139844e-01
  -3.17536580e-01
   4.90096261e-01
  -9.96141230e-01
   5.95171072e-02
   5.44159641e-02
   2.32724532e-01
   3.75497773e-01
  -5.47629175e-01
   4.06217459e-01
  -7.24973821e-01
  -1.87915792e+00
  -2.71658183e-01
  -8.61368175e-01
   1.19805953e+00
   1.15770874e+00
  -2.23452060e-01
  -5.30248057e-01
  -3.47171557e-01
  -1.93898138e+00
  -2.81384621e-01
  -1.28660750e+00
   8.20845595e-01
   1.67007324e-01
  -1.90577559e+00
  -2.36180586e+00
   9.98978164e-01
  -3.03726704e-01
   1.35479646e+00
  -2.83065707e-01
   1.81172041e+00
  -5.83263746e-01
  -1.06746159e+00
  -1.83754388e+00
  -1.77283408e+00
   2.24750646e-01
   2.97625705e-02
   5.80298669e-01
   1.54345500e-01
   4.34490308e-01
   5.00095701e-01
  -5.73227600e-01
   1.66830246e+00
  -7.81056899e-01
   1.13571465e-01
   1.88813287e+00
  -3.70078124e-01
  -2.97142492e-01
   1.39980723e+00
   4.95312367e-01
   9.61905874e-01
   7.22197329e-01
   5.47849442e-01
   6.42357332e-01
  -3.16180714e-01
  -8.68949251e-02
   1.32820940e+00
   5.91702549e-01
  -6.75891616e-01
   1.33307541e+00
   1.06525176e+00
  -1.91094482e-01
  -5.90730494e-01
   1.69894393e+00
  -5.78893966e-01
   4.94295454e-01
  -7.76923347e-01
  -1.86243270e+00
   1.31716509e+00
  -5.76885485e-01
  -1.51517684e+00
   1.63158345e+00
  -2.75647675e-03
   2.64420709e-01
  -4.57558655e-01
   4.89736738e-01
   3.08650502e-01
   1.10882840e+00
   1.49429153e+00
   8.41925468e-01
   1.84904333e-01
   7.21011423e-01
  -2.28662354e-01
   1.75402552e-01
  -1.33884285e+00
   1.30828287e+00
  -6.82703532e-01
   1.21543116e+00
  -5.11340070e-01
  -4.37494954e-03
   1.06234598e-02
   1.32938104e+00
  -1.50222676e+00
  -1.36478352e+00
  -1.85240580e-01
   8.83067133e-01
   3.87293218e-01
   7.87949503e-01
  -3.23557021e-01
  -6.95919036e-01
   4.72738501e-01
   2.51056448e-01
  -1.10475125e+00
  -1.98322363e+00
  -1.58035795e+00
   1.84190287e+00
  -8.04003076e-01
   1.41229338e+00
   1.34556263e+00
  -5.04458964e-02
   2.01713739e-01
  -1.42726220e+00
   1.77589944e+00
   1.69041104e+00
   1.88503890e+00
  -1.46360715e+00
   1.72187946e-01
  -1.55728604e+00
   4.90490009e-01
   2.83092945e-01
  -4.02720620e-01
   1.73247907e+00
   5.04922656e-01
   6.30370960e-03
  -8.21810324e-01
  -2.92379117e-01
   7.96479366e-01
  -8.18323415e-01
   2.10021973e-01
   7.53649405e-02
   2.28456600e+00
  -6.28143801e-01
  -5.78336717e-01
   6.28028517e-01
   1.14488610e+00
  -4.80096631e-01
   7.79638080e-01
   1.81765614e-01
  -4.65328673e-01
   7.14682769e-01
  -1.12920644e+00
   2.67126701e-01
  -7.59012020e-01
  -1.74550027e-01
  -1.39512640e+00
  -1.30431841e-01
   5.36805267e-01
   5.83167115e-03
  -6.11869358e-01
   1.86901530e+00
   1.50958714e+00
   7.93915136e-02
  -1.98940634e-01
  -1.16219392e-01
  -2.97286601e-01
   9.97583105e-01
   4.31335971e-01
   9.97353049e-01
   9.45028789e-01
  -1.11302273e+00
  -4.63136343e-01
  -1.06403267e-02
  -3.78869870e-01
  -2.80030815e-01
  -6.89309017e-02
   8.85073218e-01
  -1.70559562e+00
  -4.35239089e-01
   9.96364674e-01
  -1.13354208e+00
   1.48842758e+00
  -4.18786113e-01
  -3.05384878e+00
  -2.52411685e-01
   4.72814870e-01
  -1.74892370e-01
  -1.45326720e-01
   1.41540241e+00
  -2.34725443e-01
   4.65972581e-02
  -9.73087409e-01
   2.02928686e-01
   4.69249822e-01
  -1.65684578e+00
   7.71788575e-01
   2.36220548e+00
   1.94795999e+00
  -2.49058846e-01
   1.29414586e+00
   4.22426292e-01
  -3.13305566e-01
  -7.61838528e-01
  -4.93454777e-01
   6.52580469e-01
  -5.09703768e-01
  -3.96255906e-01
  -6.51222977e-01
  -1.26175009e-01
  -7.45676641e-01
  -7.41287809e-01
  -7.90446607e-01
  -7.74252569e-01
  -1.11184971e+00
  -2.38066227e-01
  -2.70407462e-01
  -6.39890699e-01
  -1.12198931e+00
  -1.11249261e+00
  -4.70176830e-01
   2.08985722e+00
  -7.87808083e-01
  -3.59347775e-01
   7.17205172e-02
   5.63227018e-01
   1.75962032e+00
   5.75807342e-01
   1.52056865e+00
  -6.30286370e-01
  -1.64465754e+00
   2.76961856e-01
  -2.70348846e-01
   9.87972287e-01
   1.46613214e+00
   1.12470167e+00
   1.03471677e-02
   9.51874077e-01
   9.61250561e-02
   4.73407707e-01
  -8.60757815e-01
   1.33846034e+00
   5.86209897e-01
   9.61921173e-01
  -1.49621820e+00
   9.42251604e-01
   3.04448002e-01
   6.46168769e-01
   1.44018416e-01
  -6.76206679e-01
   1.56336932e+00
   4.76398140e-01
   6.26567339e-01
  -1.97503354e-01
   5.02241180e-01
  -5.79083826e-01
   1.61808244e+00
  -9.00060379e-01
   5.94329024e-01
  -6.04789017e-01
   2.99910600e-01
   3.27142605e-01
   1.68181714e-01
  -9.33224296e-01
  -1.79674681e+00
   3.46162053e-01
  -9.96901808e-01
   1.07249423e+00
  -4.50020338e-01
   9.08582094e-01
  -1.17145094e+00
   1.96177488e+00
  -1.77449380e-01
   9.70808237e-01
   3.13723595e-01
   1.13352367e-01
   5.72828134e-01
  -3.84619030e-01
   1.42314176e+00
  -1.35755789e+00
   1.11278937e-02
   1.03012269e+00
   9.59091057e-01
  -1.34748986e+00
  -2.69922700e-01
   4.43400291e-01
  -3.45732855e-01
  -4.55043908e-01
   4.91805296e-01
  -1.54352233e+00
  -4.59381692e-01
  -1.73324418e+00
   2.04516935e+00
   8.33706922e-01
  -1.47645345e+00
  -3.60814679e-01
  -1.32727434e+00
   1.58957040e+00
  -7.24417498e-01
   6.69151685e-01
   7.94501097e-01
   1.63596036e-01
   5.99293686e-01
   8.43439384e-01
  -2.10893002e+00
   1.57180647e-01
   6.44267198e-02
   1.13418732e+00
   1.66620823e-01
   1.30211086e+00
  -7.30742513e-01
  -9.04947101e-01
   8.69765819e-01
   1.10425430e+00
   1.24086133e+00
   1.61854751e+00
   1.83461333e+00
  -1.36048989e+00
   1.69176801e+00
   1.16566049e+00
  -4.84615891e-01
   4.33577301e-01
  -3.37301945e-01
   5.22763250e-01
  -8.60180898e-01
  -1.54087291e+00
  -9.81885258e-01
  -1.60911474e+00
   1.48468580e+00
   9.18898741e-01
   4.03189156e-01
   2.04338018e-01
  -1.95511241e+00
   9.85432933e-01
  -9.52617482e-01
   1.86082659e+00
   4.93774116e-01
   5.31070149e-01
  -4.04460738e-01
   1.83284149e-01
   1.11768525e+00
  -5.03974085e-02
   1.70957324e+00
  -1.78226196e+00
  -2.02809483e-02
  -1.59941699e-01
  -3.95301221e-01
   1.63044979e+00
  -1.42916325e+00
  -1.22407802e+00
  -1.50509870e+00
   3.66607435e-01
   6.18095642e-01
  -3.82151087e-01
  -1.17450234e+00
   6.15652237e-01
  -1.60177212e+00
   1.57777437e+00
   7.73398103e-01
  -1.59920509e+00
   8.55622371e-01
  -2.94197676e+00
   1.10992012e+00
  -3.57854356e-01
   1.57329831e+00
  -1.33640536e+00
  -4.16562803e-01
   1.92661272e+00
   6.14278627e-01
   1.60190331e+00
  -1.89737101e+00
  -1.97204427e+00
  -8.26376775e-01
  -2.75349593e-02
  -5.55786070e-01
  -4.92023598e-01
   1.89859046e-01
   2.05910745e-01
  -1.64129131e+00
   1.62472670e+00
  -3.06640476e-01
   3.99121388e-01
   3.22912487e+00
   2.02222611e+00
  -1.69365483e+00
  -4.33629099e-02
  -1.12045952e-01
  -7.32672279e-01
   4.13234508e-01
   4.38428515e-01
  -7.44348072e-01
   5.86917434e-01
   2.05400642e+00
  -1.45818711e+00
   1.31722942e+00
  -2.86534888e-01
  -6.01185560e-02
   6.81311826e-02
  -2.94883073e-01
   1.17570783e-01
   3.82786154e-01
  -9.60006356e-01
   1.42731749e+00
   1.38647783e+00
  -6.98433784e-01
  -4.01575669e-01
   9.11260227e-02
  -5.13381646e-01
   1.27193525e-02
   9.65105874e-01
  -9.58394175e-01
  -1.31697937e-01
   4.40886833e-01
   4.21411251e-01
   6.22084977e-01
   1.69727075e+00
  -3.97837931e-01
   6.85407750e-01
   1.61724691e+00
   6.34067621e-01
  -4.80058422e-01
   7.79363830e-01
   1.18547038e+00
   1.74643698e+00
   7.95341862e-01
  -1.48027798e+00
   1.31358832e+00
   1.66537717e-01
  -3.84443171e-01
   1.69914638e+00
   9.80568840e-01
  -5.32880329e-01
  -1.84783308e-01
  -1.25555867e+00
  -2.38263166e+00
  -6.44973465e-01
  -6.54331460e-01
  -1.13544806e+00
  -8.32897847e-02
   1.18460676e+00
  -5.58258720e-01
   2.63458904e-01
   1.42828073e+00
   2.60697494e+00
  -4.31361529e-01
   1.48729917e+00
   1.54022462e+00
  -9.04391351e-01
   1.86446144e+00
   5.10627142e-02
  -1.67484880e+00
   1.58409988e+00
   7.65235733e-02
   5.87995809e-01
  -1.18188492e+00
  -1.27437400e+00
   6.32518804e-02
   1.59294128e+00
  -8.48221683e-01
  -1.92219939e-01
   4.38528098e-01
  -7.58759904e-01
   9.81382253e-01
  -1.11347634e+00
   1.09683643e+00
  -1.05926545e-01
   1.02539708e+00
  -1.35333415e-01
  -1.56438511e+00
   1.31926011e-01
   1.18588362e+00
   5.06243974e-01
   6.17567009e-01
  -5.43919861e-01
   4.19392816e-01
   8.88866702e-01
  -8.31124841e-01
  -1.41571898e+00
  -5.19789362e-01
  -1.25131942e+00
   8.44664952e-03
  -4.16990978e-01
   3.61595945e-01
  -7.27834003e-01
   4.20641124e-01
  -1.61224518e+00
  -1.91740011e+00
   3.99673509e-01
  -6.47477989e-01
  -8.10546986e-01
  -6.94759428e-01
  -1.04799703e+00
  -6.93406480e-02
   6.58267317e-01
  -3.39238996e-01
  -4.28131026e-01
   1.19825551e+00
   2.17855009e+00
   5.05520067e-01
  -7.16231254e-01
   7.88597155e-01
   2.97804357e-01
  -4.95711848e-01
   4.68786218e-01
   8.07764926e-01
  -4.32787401e-01
  -6.01675527e-01
   2.91227296e-01
  -1.68859423e+00
  -1.73593705e-01
   4.38521072e-01
  -2.78485095e-01
  -4.73492591e-01
  -1.34446904e+00
  -1.15205539e+00
  -1.07462024e-01
  -1.09950218e+00
  -8.78761034e-01
  -2.04621760e+00
  -7.01601784e-01
   4.15620860e-01
   2.23276090e+00
  -3.16937264e-01
   5.37010287e-01
  -1.04656952e+00
   3.12555021e-01
  -4.62368845e-01
  -1.35425328e+00
   4.67801269e-01
   3.59500002e-01
   1.08980445e-01
   1.18688592e+00
  -5.15427987e-01
  -6.95328955e-01
   3.43598774e-01
   7.02640784e-01
  -1.24213764e-01
  -1.04071175e-01
  -9.79904878e-02
   6.94735526e-01
  -8.22938351e-02
  -6.85726714e-01
   1.07141736e+00
   1.37713154e+00
   1.54815361e+00
   1.65426311e-02
   2.63581590e-01
  -7.51381092e-01
   2.73960430e-01
  -1.22350329e+00
  -9.74477424e-01
   2.18587876e-01
   2.74482095e-01
   6.12860909e-01
  -4.93279587e-01
   1.25701816e+00
  -1.01677514e+00
   8.90003310e-01
   2.70676699e-01
  -7.06272723e-03
   3.75188861e-01
  -1.02475219e+00
  -1.83268879e+00
  -1.22365514e+00
   9.21635537e-01
  -8.23818473e-01
  -6.23296290e-01
   5.36529988e-01
  -2.08589057e-01
   1.08666049e-01
   9.29255956e-01
  -1.69868224e+00
   2.53044989e-01
  -1.90125529e+00
   2.74871287e-01
   1.16161753e-01
  -5.01666411e-01
   1.84738657e-01
   6.29957178e-01
   2.25194907e+00
  -9.44654625e-01
   6.00444124e-01
   1.30625802e+00
   6.33539033e-01
   4.97529078e-01
   8.22828113e-01
   6.66573857e-01
   1.45075357e-01
   3.09970421e-02
   2.34697425e+00
  -6.00588823e-01
  -3.58614693e-01
  -1.64653539e-01
  -1.58946212e+00
   9.96422412e-01
  -1.64455076e+00
  -2.09614109e-02
  -7.08868756e-01
  -6.84830708e-01
  -4.46236000e-01
   5.21011070e-01
  -1.00120685e+00
  -1.55375372e+00
   3.26521774e-01
  -1.62258543e-01
  -1.19029117e+00
  -9.10472755e-01
  -3.11354868e-01
   1.26554923e-01
  -4.41657793e-02
   6.66697145e-01
   6.93308060e-01
   2.83333343e-01
  -7.73288361e-01
  -4.21263579e-01
  -5.20843223e-01
  -8.92647464e-01
  -6.55028476e-01
  -2.49344076e+00
   7.39076344e-01
   5.22834919e-01
  -9.55536793e-01
   1.86941629e+00
  -3.28923660e+00
  -1.66503673e-02
  -7.33813304e-01
   1.63047920e+00
  -9.26974662e-01
   5.92788608e-01
   8.39562041e-01
   1.85168546e+00
  -1.77683773e-01
   1.30136516e+00
   5.96729202e-01
  -1.02712795e+00
   3.95487210e-01
  -9.02219136e-01
   3.49467022e-01
  -8.69099117e-01
  -4.89773288e-01
  -1.50183308e+00
   1.34176899e+00
  -3.33629096e-01
   4.96289123e-01
   1.39434429e+00
  -9.39183554e-01
  -1.04770965e-01
   4.33931952e-01
  -2.75366918e+00
   1.60513725e+00
  -4.89131220e-01
  -7.67560506e-01
  -1.35745784e+00
   5.06812171e-01
  -6.08402946e-01
   2.46645973e-01
   1.83250873e+00
   3.53678088e-01
   5.53854551e-01
   1.39728119e+00
   8.12076133e-01
  -2.50800574e-01
   2.71464091e-01
   9.53512989e-01
  -7.71007164e-01
  -6.08555730e-01
   1.11316475e+00
  -3.25444006e+00
  -2.11077009e-01
   1.63610623e+00
  -2.58312684e-02
  -6.93238808e-01
  -6.98568270e-01
  -4.87233713e-01
  -5.57430689e-01
  -1.03837111e+00
  -1.78604525e+00
  -1.10512377e+00
  -1.84524806e+00
  -6.66899570e-01
  -7.02842935e-01
   6.26987928e-01
  -3.70655820e-01
   3.95165534e-01
  -1.08624555e+00
  -1.57999414e+00
   2.14810609e+00
   3.14380074e-02
  -9.12459102e-01
  -4.64305483e-01
   9.27211009e-01
   3.65237121e-01
  -1.41861426e+00
  -5.27164176e-01
  -1.05077022e+00
   1.32790730e-01
   1.32066784e+00
  -1.95014082e-01
  -1.23990514e+00
   1.30041554e+00
  -1.82118283e+00
  -9.78049170e-01
   2.12820898e-01
  -5.85087437e-01
  -1.26650063e+00
   6.58355902e-01
  -2.45518458e+00
  -1.16608314e+00
   1.21762497e-01
   9.67003727e-01
   5.87888899e-01
  -1.74011969e+00
   1.57911182e+00
   3.73666484e-01
   2.28239191e-01
  -1.18357635e-01
   8.14477311e-01
  -1.58178558e+00
   2.53917477e-01
  -1.76380316e+00
  -2.71674759e+00
   1.27808061e+00
  -1.39698110e+00
  -1.98673444e-01
   1.48185391e-01
   7.73125264e-01
  -1.54614316e+00
  -7.42079864e-01
   1.07145037e+00
   4.72182172e-01
   4.37487953e-01
  -5.98973588e-01
  -9.75328387e-01
   9.10228306e-01
   1.06021209e+00
  -1.20619630e-01
  -1.13195487e+00
   5.27852455e-01
   3.74362847e-01
   1.13093571e-01
  -1.57406672e+00
   6.20150301e-01
  -1.44011737e+00
   3.15405723e-01
  -1.25451234e+00
  -8.15369947e-01
   1.46893643e+00
   7.63296365e-01
  -7.58700180e-01
  -8.61494597e-01
   6.52419501e-03
   1.53414546e+00
   7.55404528e-01
  -3.79399581e-01
   3.97023621e-02
  -5.49759639e-01
  -1.83379822e-01
  -3.17323560e-01
   1.04155768e+00
   8.68381832e-02
  -1.00055250e-01
  -9.65353841e-01
  -7.62788507e-01
  -9.96470492e-01
  -1.31616287e+00
   1.92185745e+00
  -6.97091722e-01
  -1.19720796e+00
  -6.96846073e-01
  -2.58747377e-01
  -2.19877077e+00
  -1.35455449e+00
  -3.41731165e-01
   2.29935143e-01
   1.08839812e+00
  -7.44811847e-01
   1.07163046e+00
   1.02128698e+00
  -1.29534042e+00
  -8.58561389e-01
   3.28984238e-01
   1.59325003e+00
   2.25646078e+00
   5.80540020e-01
   5.48130540e-01
  -3.59833025e-02
   5.82905611e-01
  -1.18520992e-01
   3.00509199e-01
   2.07356024e+00
   1.31106954e+00
   7.86934776e-01
  -8.95656610e-01
  -1.83562740e+00
   1.07944606e+00
   2.15455476e-01
  -6.95188471e-01
  -3.31712879e-01
   8.14584340e-01
   4.41393791e-01
   4.14241677e-01
  -6.49998779e-01
  -3.94376645e-01
  -7.67297998e-01
   5.33427502e-01
  -1.97716427e+00
  -1.13264879e-01
   1.15972640e+00
   1.40041083e+00
  -1.98290655e+00
   5.99910285e-01
  -7.97890790e-01
  -6.56729338e-01
   3.32311852e-01
  -9.00373152e-01
  -1.15471118e-01
   2.33438761e-01
  -1.81181408e+00
   1.16408045e+00
   1.26710153e+00
  -7.77540702e-01
   6.28097479e-01
   2.96844564e-01
   3.49375821e-01
   5.36676170e-02
   5.97436238e-01
   1.94857494e-01
  -1.53822529e-01
   4.18306116e-01
   6.42671130e-01
   1.56207349e+00
  -1.07085449e+00
  -1.63434740e+00
   2.40962100e-01
  -1.01736143e+00
  -4.06568071e-01
   1.51396410e+00
  -2.22942352e-01
  -8.98049086e-01
  -1.14303695e+00
  -1.07921903e+00
   1.95020017e+00
  -1.69371986e-01
  -2.07817516e+00
   9.34047943e-01
  -5.73000859e-01
  -3.69845796e-01
   2.05018216e+00
  -3.56196809e-02
  -1.78469707e+00
  -4.17842352e-01
   1.08946582e-02
  -4.60350553e-01
  -2.28428974e-01
  -4.11267200e-01
  -5.77980863e-01
   8.03011225e-01
   5.33943456e-01
  -6.31785413e-01
   4.67927259e-01
  -6.15105023e-01
   7.47423766e-01
  -1.10740720e-01
   1.53434552e+00
  -1.07150957e+00
   8.52938882e-01
  -1.60445564e+00
  -1.09487171e+00
  -1.08080957e+00
   7.50671589e-01
  -1.57848524e+00
   5.10241892e-02
   7.26299668e-01
   3.52104393e-01
  -2.19827154e+00
  -1.39242620e+00
   1.44554020e+00
   9.80510187e-01
  -1.36624898e+00
  -5.73200765e-01
  -7.35733807e-01
   1.13195935e+00
  -6.39874296e-01
  -4.62606690e-01
   2.74086208e-01
  -3.78663370e-01
  -2.05733054e+00
  -4.14121543e-01
  -2.83088431e+00
   7.08980980e-01
   1.05097463e-01
  -7.36059949e-01
  -8.32048379e-01
   6.90548074e-01
   1.07033753e+00
  -3.20850993e-01
   1.62734175e+00
   2.86749428e-01
  -1.47645161e+00
   1.08883589e+00
   4.39741847e-01
   7.69499800e-01
  -6.51866627e-01
   3.84568289e-01
  -5.96697909e-01
   1.78663642e+00
  -8.11761778e-01
   5.23395997e-01
  -7.02229350e-01
  -2.36275933e-01
  -1.18968666e+00
   2.10615025e-01
   4.72235372e-01
   1.60701208e+00
  -7.88990731e-01
   8.25632819e-01
  -4.15394488e-01
   8.92259897e-02
   1.68428699e+00
   1.19857523e-01
  -1.62597070e+00
  -5.31098373e-01
  -1.05685827e+00
   5.08431913e-01
   1.16597431e+00
  -3.05449354e-01
  -2.79124172e-01
  -2.62929066e+00
  -1.13652708e+00
   1.94496375e-01
   6.38132083e-01
   8.86328458e-02
   6.45155316e-01
   8.60665777e-01
  -2.67486002e-01
   2.66429280e-01
   2.72321054e-02
   1.27139133e+00
  -1.27319247e+00
  -1.21507760e+00
   1.44640932e+00
  -1.23347848e+00
   1.10783795e-01
   6.01337451e-01
  -1.95530670e-01
   6.60770658e-01
  -1.29669687e-01
  -8.72961256e-01
  -9.39085643e-01
   4.48593688e-01
   8.72383745e-01
  -4.88102324e-02
   6.57332456e-01
  -6.90200853e-01
   1.04244761e+00
   3.35033524e-01
  -7.38579351e-01
   4.65934859e-01
   1.36522035e+00
  -4.23547725e-01
   7.16296017e-01
  -9.45605959e-01
   4.07177825e-01
   3.15442465e-01
  -5.64771283e-02
   8.98758463e-01
   7.53848736e-01
  -1.08640542e+00
  -1.50442046e+00
  -2.30346782e+00
  -8.88781445e-01
  -1.81447347e+00
  -1.43896128e+00
   1.06679921e+00
   1.78921225e-02
   5.92559043e-01
  -1.48735183e+00
   1.57052848e-01
   1.01859308e+00
  -3.55362593e-01
  -2.53785256e-01
   1.29304085e+00
  -4.48230377e-01
  -5.50609659e-01
  -9.15655542e-01
  -1.55635073e+00
  -1.47528329e+00
   7.03521975e-01
   4.21336248e-01
   5.40827695e-01
   1.51403836e-01
   3.35169821e-01
  -1.06846643e+00
  -5.28407763e-01
  -8.56694255e-01
  -6.64566747e-01
  -1.24410621e-01
  -3.52017730e-01
  -8.09577610e-01
   1.24466024e+00
  -7.74755992e-01
  -2.41021755e-01
   4.87558214e-01
   7.70431872e-01
   1.60971838e+00
  -1.29074440e+00
   1.42446439e+00
   6.27399941e-01
   6.88498134e-01
   1.75400386e+00
  -5.31467503e-01
   1.13170638e+00
   5.68413623e-01
  -7.85494419e-01
   3.88463455e-01
  -1.33714170e+00
   4.52936744e-01
  -1.18008177e+00
   2.21091984e+00
   1.92260819e+00
  -1.52418054e+00
  -1.03576290e+00
   1.14051075e+00
  -1.03402201e-01
  -4.88375705e-01
  -6.93444533e-01
  -4.91805961e-01
  -5.13977106e-01
   5.98279459e-02
   7.16650111e-01
   3.33730281e-01
   2.03797957e+00
   3.11165742e-01
   5.71715005e-02
   5.57349915e-01
  -6.75588702e-01
   2.44346108e-01
   1.40629489e-02
  -1.38015456e+00
  -8.27996960e-01
  -1.49977513e-01
   1.14521594e+00
   5.85790904e-01
   9.44348911e-02
   3.67279348e-01
   6.75473041e-01
   1.61397682e+00
   9.01617996e-01
   1.53802097e-01
   8.64921538e-01
  -3.45339718e-01
  -6.73240643e-02
  -3.85562148e-01
  -1.28560800e+00
   2.06704714e+00
  -2.23150605e-01
  -4.30123273e-02
   1.54350107e+00
   9.10397195e-01
   8.48663608e-01
  -1.50994218e+00
  -9.44661862e-01
  -2.43230161e+00
  -1.09744848e+00
   3.45575540e-01
   9.36635049e-01
  -4.53797224e-01
  -1.25651143e-01
  -5.88948141e-01
  -7.64201098e-01
  -1.15593491e+00
  -6.21864007e-01
  -1.56308243e-02
   2.82840443e-01
  -1.35747179e+00
   1.02984391e+00
   1.60295756e+00
  -8.44538211e-01
   1.31902178e+00
  -8.98348153e-01
   4.89756730e-01
   8.07415517e-01
  -7.28096382e-01
   2.25300114e+00
   5.50695677e-01
  -2.87764376e-01
   1.23287114e+00
  -1.26390675e+00
   1.46305093e+00
   7.89984367e-01
  -1.80799274e+00
   1.46726121e+00
   1.11506504e+00
  -1.00543495e+00
  -9.35587979e-02
   1.29739180e+00
   6.33504430e-01
   3.34342929e-01
   1.01105156e+00
   2.76576991e+00
   5.15460569e-01
  -5.93123550e-01
   4.22965615e-02
  -3.51993403e-01
   1.80333866e+00
  -1.37088892e+00
  -3.29142019e-01
   4.92514261e-01
   1.11310085e+00
  -2.07200937e+00
  -6.31418304e-01
  -1.58669379e-01
   3.24925073e-01
  -4.23800406e-01
  -3.33888482e-01
   1.48683531e+00
   1.15781244e+00
  -1.79346383e-01
   4.99557930e-01
   1.84203302e-01
   8.41016542e-01
  -4.67242602e-01
   6.75398097e-01
  -8.46817277e-01
   9.77125270e-01
  -2.41945817e-01
  -1.30833797e+00
   1.41302678e+00
   3.39649476e-01
  -8.51022522e-02
  -1.16902099e-01
   9.23779467e-01
   1.98874791e-01
  -1.49814829e+00
   8.63838986e-01
  -4.32486412e-01
   1.79815712e+00
  -3.78185288e-02
  -7.95700821e-01
  -7.84037445e-01
   9.84578476e-01
  -1.24762604e-01
   9.02114908e-01
   1.27837856e+00
  -9.06794608e-01
  -1.21449864e+00
   9.91332426e-01
  -1.81955317e-02
   1.73869999e+00
   1.59059250e+00
   1.29673316e+00
   6.96621118e-01
  -9.48474258e-01
  -1.76057656e-01
   1.26260494e+00
   2.95758487e-01
   5.33200994e-01
  -1.39981695e-01
  -1.14647010e+00
  -6.38425520e-01
  -1.10591792e+00
  -5.44996103e-01
  -1.21540447e+00
  -5.80914331e-01
  -6.48811520e-01
  -1.45192310e+00
   1.48055522e+00
   1.19159740e+00
   3.35555389e-01
  -3.67252863e-01
   5.98919203e-01
   2.14509776e+00
  -9.20725317e-01
   1.56746154e+00
  -6.53630531e-01
   1.02475712e+00
  -4.54400812e-02
  -1.26789010e-01
  -7.65465588e-01
  -5.70986969e-01
   7.49708774e-01
   1.33955260e+00
  -4.21615491e-01
  -6.83461601e-01
   2.59782869e-01
  -1.58767291e-01
  -1.20225272e+00
   2.63502142e-01
  -1.11287943e+00
   6.08707538e-02
   6.09573480e-01
   3.72804425e-01
  -1.73831406e+00
  -1.85594918e+00
  -2.11895861e+00
  -1.46462835e+00
  -1.93658359e+00
  -2.47734494e-01
  -3.64465763e-01
   2.59312730e-01
  -9.71795933e-01
   3.55702305e-01
  -7.19259744e-01
  -7.15946847e-01
   1.01472376e-03
  -7.41415292e-01
  -1.08287096e+00
   1.26770366e+00
  -8.45772934e-01
  -4.10339956e-01
  -1.43539712e+00
  -1.43321850e+00
  -2.69100756e-01
   8.07153541e-01
   7.59127807e-01
  -5.26643438e-01
  -4.87040505e-01
   3.37405547e-01
   4.14822030e-01
   2.43206322e+00
   1.21337595e-01
  -2.14768716e-03
   1.05386911e+00
  -1.00951083e+00
   1.80513286e-01
   5.67137273e-01
  -1.35898163e+00
   1.10086002e+00
  -1.14571997e+00
  -1.63167276e+00
   6.82662265e-02
  -4.62461690e-02
   1.46493249e+00
  -2.49589684e+00
   3.84838016e-01
  -2.90064275e-01
  -1.67930916e-02
  -1.39695273e+00
   7.23404963e-01
  -7.02483593e-01
   5.50566008e-01
  -3.03327569e-01
  -3.49064986e-01
  -1.56084299e+00
  -1.54631796e+00
  -4.36875971e-02
  -1.18410865e+00
  -1.15303700e+00
   1.92718826e+00
   9.01295833e-01
   2.21376588e-02
   4.39427244e-01
  -1.03986825e+00
  -1.11535499e-01
   6.45177545e-01
  -4.54701083e-01
   2.00189432e+00
  -7.89098611e-01
   4.74570256e-02
  -1.24897463e-02
   4.99323254e-01
   1.46649821e+00
   8.84600633e-01
   1.72447168e+00
   2.15408373e-01
  -3.10965810e-01
   8.32320975e-01
  -1.71812670e+00
  -9.45502675e-01
  -3.13247274e-01
   1.98472513e+00
  -7.09681030e-01
  -1.16906065e+00
  -6.98331119e-01
  -7.90666451e-01
   1.04370912e+00
  -2.07429452e+00
   1.36193573e+00
  -6.82792959e-01
   4.97900081e-01
   1.65380070e+00
  -1.27981102e+00
   8.93025267e-01
   1.20400982e+00
  -1.69757673e+00
  -6.60196301e-01
   1.73380023e+00
   1.95030512e+00
  -9.64837924e-01
  -4.39841211e-01
  -8.81190500e-01
  -6.68697704e-01
   2.55969469e+00
  -1.45032594e+00
   2.77359542e-01
   9.62946835e-01
  -7.83979899e-01
  -4.95759108e-01
   3.13716402e-01
  -5.74372783e-01
   5.73607291e-01
  -1.05416439e+00
  -1.45265990e+00
   7.33560388e-01
  -2.78741998e-01
   1.07380718e+00
   8.01269355e-01
  -3.23870787e-01
  -7.81958736e-01
   2.91826456e-01
  -3.69015038e-01
  -3.48024399e-01
   8.03741126e-01
  -8.73655873e-01
   1.25392220e-01
   1.00095086e+00
  -1.06095680e+00
  -3.56770166e-01
  -1.20155129e+00
  -7.02673646e-01
   1.59608213e-03
   5.49394867e-01
   1.08969616e+00
   7.07137253e-01
  -2.40660069e-01
  -6.23227492e-02
  -1.57613212e-01
  -1.05350482e+00
   8.38636781e-01
   3.52229012e-01
  -8.62477435e-01
   1.69694748e+00
   8.81178821e-01
  -1.63818821e-01
  -9.97412298e-01
  -2.36753768e-01
  -9.18077286e-01
  -4.02641708e-01
  -7.76096087e-01
  -1.09293269e+00
   8.81785689e-01
   1.74992412e+00
   3.18107747e-01
   8.44763208e-01
   2.77911933e-01
  -6.78067050e-01
   1.27365269e+00
  -4.59842772e-01
  -2.16473479e-01
  -2.17667372e-01
   1.39527025e+00
  -7.19779115e-01
  -9.22162646e-01
  -6.08890255e-01
  -6.27008955e-01
  -1.64673975e+00
  -1.28348016e+00
  -9.68699606e-01
  -6.05892638e-01
   4.06057431e-01
  -3.88866594e-01
   2.93927425e-01
   1.58220843e+00
   2.41664825e-01
  -5.79985396e-01
   1.06728885e+00
  -6.26708532e-02
  -3.36691948e-01
  -9.99257429e-01
   4.05306971e-01
  -4.26131175e-01
   6.65999658e-01
  -1.24327471e+00
  -5.63102581e-01
  -1.01639921e+00
   1.72758569e-01
  -8.27927083e-02
   1.17309678e-01
   3.40019518e-01
  -6.63622920e-01
   1.27399504e+00
  -7.72057596e-01
  -1.05145010e+00
  -1.19692658e+00
   1.81861873e-01
   7.44007994e-01
  -1.16161212e+00
  -5.80404711e-01
   2.01368252e-01
   1.52483834e+00
  -8.17096350e-01
   2.84814216e-01
   2.99508055e-04
   7.72435246e-01
  -3.93194487e-02
   2.08495777e-01
  -7.21138343e-01
  -2.18604326e-01
  -8.15877729e-01
   5.23424665e-01
  -4.81290301e-01
   1.28864386e-01
  -7.96318759e-01
  -3.63249346e-01
  -4.05995425e-02
  -1.85607757e-01
  -3.77823111e-01
   9.53152161e-01
   1.57652644e+00
   1.15555669e+00
   1.23355860e-01
  -2.08929094e+00
   1.40213798e+00
  -7.55020131e-01
   5.44147003e-01
   1.40701722e-01
   1.21595452e+00
   6.41351183e-01
   9.70937179e-02
   6.88961018e-01
   2.70228540e-01
  -1.19434128e+00
  -8.66228015e-01
   4.26579791e-01
   5.42524216e-01
   1.65957429e+00
  -9.69106609e-01
  -1.72668292e+00
  -2.66960453e+00
   3.48599243e-01
  -9.58773321e-01
   4.29498050e-01
  -1.68225280e+00
  -8.43865563e-01
  -1.29247715e+00
   4.67272506e-01
  -2.12053800e-01
  -5.97164913e-01
   2.18351202e-01
   3.43640336e-01
   2.94818713e-01
   7.97460897e-02
   1.09456314e+00
  -3.25953110e-01
  -1.53587297e+00
  -8.56777906e-01
   8.59545802e-01
  -1.94216611e+00
  -9.26704704e-01
   1.51911530e-01
  -1.09258131e-01
   5.69483066e-01
  -1.33710832e+00
  -8.11995170e-01
   2.71262560e-01
   1.75208980e+00
  -2.74222119e-01
  -6.08847714e-01
   8.16740601e-01
   2.37645120e-01
  -8.13139527e-01
   5.29345714e-02
   3.64674820e-01
   7.15596214e-01
  -4.34850002e-01
   2.31147344e+00
   8.61544521e-01
   1.05046061e+00
   4.64202369e-01
  -1.63436687e+00
  -6.18190986e-02
  -1.29780021e+00
  -4.06423259e-01
  -8.01121374e-02
   2.08992131e-02
  -1.28549208e+00
   1.17024515e-01
  -3.35931865e-01
   3.00390671e-01
   4.22809203e-01
  -4.86505857e-01
   6.56065317e-01
   7.25240684e-01
  -5.40993091e-01
  -1.70910492e-01
  -1.93233512e+00
  -5.81320959e-01
  -1.15286655e+00
  -2.95027806e-01
   3.52040415e-01
   2.20332963e-03
  -8.20380215e-01
   6.98769425e-02
  -4.36838538e-01
  -9.16966242e-02
   1.37133458e-01
  -1.08590052e+00
   2.63128960e+00
   6.97258608e-01
   1.46834470e+00
   6.05117895e-04
   1.27090944e+00
   8.23076702e-01
   4.81529582e-01
   1.29668218e+00
  -2.80845479e-01
  -1.05498349e+00
  -8.23895436e-01
   1.28510922e-01
  -7.04068761e-01
   9.22966884e-01
  -1.01339992e+00
  -4.62156987e-01
  -8.07538982e-01
  -9.58042294e-01
   9.54981820e-01
   1.73621487e-01
  -3.68054073e-01
  -1.62712716e+00
   4.95287083e-02
   5.05320909e-01
  -5.98923702e-01
  -2.24671229e-01
   1.62112223e-01
  -5.65862487e-02
   2.62477798e-01
   8.23163566e-01
   3.85226677e-01
   6.24157558e-01
   1.28322747e-01
   1.09047703e+00
   1.21795881e+00
   2.67638564e+00
   9.74142424e-02
   3.40360705e-01
   1.05278658e+00
   2.51080263e+00
   7.17818328e-01
   5.90394877e-01
  -8.59180391e-01
  -9.86863022e-01
  -3.68571489e-01
  -3.60678864e-01
   1.08453740e+00
  -8.23367585e-01
   8.77745103e-02
   5.30018765e-01
  -1.40094135e-01
  -2.08051057e+00
   1.34966864e+00
   3.04059443e-01
  -2.40336744e+00
   9.51563407e-01
   7.13932011e-01
   1.51500707e-01
   2.73087957e-01
  -2.78031220e+00
   9.66253953e-01
  -4.01764174e-03
   9.04543448e-01
  -3.56362311e-01
   1.72298007e-02
   1.42560072e+00
   1.85646566e-01
  -6.98011029e-01
  -3.84826573e-01
   3.54743446e-01
  -7.62103819e-01
  -4.56650674e-01
  -3.64383756e-01
   9.45139077e-01
  -1.96757295e-01
   1.49872470e+00
  -1.40312395e+00
  -6.93215803e-01
  -6.72782471e-02
  -2.80762423e-01
  -9.94079708e-01
  -1.98954202e+00
   6.80762783e-01
  -8.97109897e-02
   6.36019094e-01
  -2.64240059e+00
   6.48701373e-01
  -1.11210082e+00
  -8.27101940e-01
  -8.94959992e-01
   1.64466577e+00
   1.47201223e+00
  -3.12026572e-01
  -1.09281924e+00
  -9.74162250e-01
   1.12065947e+00
  -9.44292491e-01
   7.43129746e-01
  -1.37622676e+00
   6.80186149e-01
  -8.16080708e-01
   1.75378552e+00
  -1.91912730e+00
  -1.53014933e+00
  -1.34629831e-01
  -2.07553904e+00
   2.44317993e-02
   1.05787769e+00
   2.30964593e-01
   1.59930951e+00
   1.31175728e+00
   1.32892887e+00
   8.97166156e-01
   5.97332410e-02
   1.13233250e+00
   8.32758030e-01
  -5.22059928e-01
  -7.98049474e-01
  -1.66983151e+00
   5.03305065e-01
   2.16050813e-01
  -3.31690408e-02
  -3.77380398e-01
  -7.64373257e-01
   1.50067745e+00
  -1.22389979e+00
  -2.28393773e-01
   3.25776404e-01
  -2.11478379e-01
  -3.36423144e-01
   2.19607652e-01
  -1.11438528e+00
   1.65336321e-01
   1.28132729e+00
  -4.00613220e-01
   5.34645926e-01
   9.85208650e-01
  -1.38232140e+00
  -2.82166584e-01
  -1.25942639e+00
  -4.29605734e-01
  -4.74061338e-01
   3.08020810e+00
  -7.04832378e-01
  -8.13060742e-01
   1.07616284e+00
   4.64370316e-01
  -3.03430139e-01
  -4.40804337e-01
  -6.68527881e-01
  -2.73486496e-01
  -1.26067590e+00
  -1.05598236e+00
   2.02529161e+00
  -8.39947012e-01
   4.04470139e-01
  -6.09998945e-01
   1.31504005e+00
   4.55814845e-01
   2.58880915e-01
  -2.36143634e-01
   7.93745871e-01
   1.15105486e+00
   1.10208484e+00
   1.35130566e-01
   9.83338789e-01
   5.67225081e-01
  -3.10296045e-01
  -1.61253086e+00
   9.30870278e-02
   1.46739425e-01
  -1.85176809e+00
  -1.01191580e+00
  -2.66102841e-01
  -1.52745645e+00
  -5.56550071e-01
   3.34908677e-01
  -9.28091121e-01
  -2.50405002e+00
  -1.06132098e+00
   5.08578263e-01
  -5.85941100e-01
  -1.51241626e+00
   8.49999776e-01
  -1.22656710e-01
  -7.01311857e-01
   3.86318315e-01
  -5.33493805e-01
  -1.25098320e-01
  -4.50522985e-01
  -1.11902820e+00
  -1.29793307e-01
  -7.29638596e-02
   2.85717061e-01
  -6.89376802e-02
  -9.65725992e-01
   1.79312781e+00
   4.68053203e-01
   9.44233464e-01
   8.00228231e-01
   3.23908954e-02
   1.80961771e+00
   1.37526993e+00
   2.98684138e+00
  -2.79256399e-01
   6.64907546e-01
   1.61847665e+00
  -3.12899269e-01
  -2.26962298e-01
  -7.36401888e-01
   1.37616840e-01
   1.09233188e+00
  -7.26873553e-01
   1.96828684e+00
  -2.23018253e+00
   4.67216033e-01
   8.34600584e-01
  -6.43191344e-01
   1.96753120e+00
   1.52392870e+00
   9.67372430e-01
   6.98505552e-01
  -1.89133778e+00
   8.12831406e-02
   2.67718866e-01
   2.59927210e-01
   2.05786581e+00
   1.39732459e+00
  -1.12728712e+00
   1.28167631e+00
   5.65487457e-01
  -1.02286594e+00
  -1.99766923e+00
  -4.33900523e-01
  -2.51758567e-01
  -7.63013819e-01
  -1.03562869e+00
  -5.45402136e-01
   2.60210014e-02
   8.44043416e-02
  -1.32245382e+00
   8.45163854e-02
   6.49725499e-01
   8.72276181e-01
   1.07227416e+00
  -9.85571224e-02
  -2.41074297e+00
  -6.41593176e-01
  -4.21791807e-01
   6.63502458e-01
  -8.87080692e-02
  -9.91327744e-01
  -1.11321646e+00
  -2.09444355e+00
  -2.20411865e+00
   2.49031621e-01
  -1.99617951e-01
  -8.93089093e-01
  -2.47533010e+00
  -2.35874498e-01
  -3.22366502e-01
  -6.08414557e-01
  -2.21269467e+00
  -1.34500914e+00
  -6.12120325e-02
   8.14074178e-01
  -6.87366485e-02
   7.26467037e-01
   1.89440566e-01
  -1.41046141e+00
  -6.15429964e-01
  -5.52567063e-01
  -6.97802064e-01
  -1.12613700e+00
   4.67436462e-02
   1.10257240e-01
  -5.76640687e-01
   2.74011271e-02
  -1.24617763e+00
  -2.81054806e+00
  -7.93093025e-01
  -1.74790544e+00
  -1.47124977e+00
   3.00817091e-01
  -6.88425692e-01
  -1.66885632e+00
   1.07797872e+00
  -5.84161938e-01
   3.34681593e-01
   3.42389068e-01
  -7.20958828e-02
   1.31253385e+00
   3.17053836e-01
   8.17942422e-01
   4.61741039e-01
   5.32924546e-01
  -7.52014142e-01
   1.40663456e+00
  -2.87953440e-01
   3.64192980e-01
  -3.75830326e-01
  -1.27884666e+00
   2.50023544e-01
  -7.23131108e-01
   9.10121348e-01
  -1.18319856e+00
   7.59116575e-01
  -3.32538822e-01
  -7.39604932e-01
   1.20488901e+00
   3.24794078e-01
  -8.60552704e-01
  -1.05111351e+00
  -4.91046971e-01
   7.18251491e-01
  -7.75290500e-01
  -7.18830927e-01
  -9.27772399e-01
  -1.93534455e-02
   1.12405819e+00
  -7.00664936e-01
   1.46506741e+00
   1.04496417e+00
  -5.85672491e-01
   1.19726206e+00
   1.59786767e+00
  -4.48466929e-01
   1.35245102e+00
  -1.34939131e+00
  -3.23201392e-01
   1.23879871e+00
  -4.93571069e-01
  -3.47504908e-01
  -7.71405176e-01
   2.10960455e+00
  -6.87324931e-01
   1.04675706e+00
  -1.73391379e+00
  -1.31333553e+00
  -6.95086737e-01
  -2.92694908e-01
  -1.92359764e+00
   4.22264632e-01
  -8.05519459e-01
  -4.74974542e-01
   1.95351149e+00
  -3.62500928e-01
   1.16591848e+00
  -2.27233299e+00
   9.51099564e-01
  -4.99000090e-01
   5.39113076e-01
  -3.11874538e-01
  -2.00135911e-01
   2.98531376e-01
   2.34278645e+00
   2.39170267e-01
  -6.43900623e-01
  -4.40540512e-01
   8.84715684e-02
   4.84091854e-01
   1.72212066e+00
  -9.92029964e-01
  -5.28993349e-01
   1.19857829e+00
  -7.93405063e-01
   1.61406406e-01
  -5.37958636e-01
  -1.07154187e+00
   6.87595333e-02
  -1.66053948e-01
   2.23487992e-01
   7.14380579e-01
  -1.65494332e+00
  -1.63617708e-01
   7.88455179e-01
  -9.30036437e-02
   2.81282779e-01
   1.21414020e+00
  -8.76813065e-02
  -1.78260237e-01
  -1.02100159e-01
   1.50016508e-01
   7.24726377e-01
  -8.75543733e-01
  -2.15501118e-01
  -5.08103629e-01
   3.10827193e+00
   2.91491079e+00
   9.55557145e-01
  -1.16618001e+00
   1.64955020e+00
  -9.42189674e-01
   1.52007083e+00
   1.35197905e+00
  -1.58058894e-02
   1.92782160e-01
   6.04251687e-01
   2.22425768e-01
   1.32787968e+00
  -1.08970977e+00
  -5.18159897e-01
   1.84335212e-01
  -1.12864773e+00
   1.35380763e+00
  -2.49598013e-02
  -1.05682768e+00
   4.03366366e-01
  -1.13774454e+00
   1.03877532e-01
   9.54071472e-01
  -2.01565577e+00
   2.42334101e+00
   1.43938076e-01
  -5.17059398e-01
  -3.38445814e-02
   2.25624476e+00
  -1.66902286e+00
   3.94994160e-01
   1.11062978e+00
  -1.05346624e-01
   7.96670306e-01
   1.35653337e+00
   2.86165157e-01
  -7.55846587e-01
  -4.28993740e-01
   9.86756355e-01
  -6.57885732e-01
   3.57894065e-01
  -7.50567246e-01
   5.74476230e-01
   1.79240566e+00
   6.84048279e-01
   3.43122010e-01
   3.29270355e-02
   5.82978104e-01
  -1.05832493e+00
   1.61525973e+00
  -1.64219690e+00
   6.10440189e-01
   1.45702910e+00
   5.98773982e-01
  -7.48779456e-01
  -2.10591788e-01
   1.03948993e+00
   1.91349300e-02
  -1.32323777e+00
   3.72865260e-01
   1.73670474e-02
  -6.46558702e-01
  -3.12066985e-01
   1.07500758e-01
   8.05045221e-01
   1.09463579e+00
  -5.68236527e-01
   9.22374780e-01
  -5.62439397e-01
   1.16375392e-01
  -1.49171114e+00
  -2.88055715e-02
  -1.56023093e+00
   3.02353212e-01
  -1.37039298e+00
   1.30650145e+00
  -9.71998949e-01
  -5.11703613e-01
   6.93895601e-01
  -2.99718186e-01
  -4.80542502e-01
   8.98128534e-01
  -6.63105966e-01
   1.48646366e+00
  -1.09676356e+00
  -4.34117942e-01
  -1.15427839e-01
  -3.56399600e-01
   1.70864553e+00
  -5.32552863e-03
  -1.50409219e-01
  -1.01148342e+00
  -7.61843437e-01
   1.01256115e+00
  -7.12974150e-01
   4.42384581e-02
  -7.53414231e-01
  -8.49655328e-01
   8.42526804e-02
  -1.32440307e+00
   1.12601222e+00
   9.87592360e-02
  -1.48794585e+00
  -7.82822422e-01
  -7.00082151e-01
  -9.68709656e-01
  -1.28803208e+00
  -6.41758461e-01
  -1.17902428e+00
  -3.72865850e-01
   3.87337190e-01
   3.39963394e-01
   1.44520239e+00
   4.00301554e-01
   1.26121813e+00
  -1.78151245e-01
   9.07345303e-01
   6.48505697e-02
  -4.75485791e-01
   6.50823748e-01
  -5.16496357e-01
  -1.05853312e+00
  -2.07502669e-01
  -1.42519650e+00
  -2.05392252e-01
  -3.42035152e-01
   5.58247333e-01
  -1.50989057e-01
   2.87281320e-01
  -2.30961334e-01
   7.23583941e-01
   1.44106066e-01
   5.16742211e-01
   4.17065677e-02
   4.69683757e-01
  -9.65562714e-02
   3.44584329e-01
   1.79562452e+00
   9.23962385e-01
  -4.00840587e-01
   4.31813962e-01
  -2.81659667e-01
  -8.29786408e-01
  -2.41154467e-01
  -9.93333450e-01
  -1.03600015e+00
  -1.34022007e+00
  -1.57981377e-01
   5.09319036e-01
   7.35231695e-01
  -4.54902919e-01
  -4.29084398e-01
   1.06427432e+00
   1.47166616e+00
  -1.09789921e+00
   9.32080148e-02
   1.62422820e-01
  -7.48016916e-01
  -1.03966625e+00
  -9.66947325e-01
  -1.63715928e-02
   8.46026317e-02
   8.18334023e-01
  -3.19283587e-02
   1.60928025e+00
  -3.96421801e-01
   1.64115030e+00
  -7.65411198e-01
  -7.31457851e-01
  -6.52018604e-02
  -8.85770612e-02
  -4.09586207e-01
   9.51969082e-02
  -2.89117704e-01
  -2.52272103e-01
  -1.11254240e+00
   1.75884483e+00
  -2.48703540e+00
   1.57578028e-01
  -2.05172916e+00
   6.18569641e-02
  -1.98351725e-01
  -4.74272469e-01
   2.27947722e-01
   1.00295100e+00
  -3.45708153e-01
   1.28604350e+00
   2.22293369e+00
  -9.93025476e-01
   5.64515768e-01
  -8.19114869e-01
  -5.59446612e-01
  -4.11534648e-01
  -3.40613062e-01
   6.12028074e-01
  -1.11430026e-01
  -1.42468547e-01
   1.06889558e+00
   1.15019643e+00
   9.52597279e-02
  -1.96923025e-01
   1.19854820e+00
   1.16772527e-01
  -1.56655362e+00
   6.63773242e-01
  -6.73852336e-02
   2.22303695e+00
  -1.22425504e-01
   8.82299490e-01
   9.16750382e-01
  -3.01332111e-01
   7.67177211e-01
  -4.67532300e-01
   4.74941259e-02
  -1.55204314e+00
   4.99316910e-01
  -3.86077294e-01
   4.43062815e-01
   6.26113630e-01
   4.67228699e-01
  -8.01981608e-01
   1.86147484e-01
   4.56686956e-01
   1.09417429e-01
  -2.87062482e-01
   2.79928867e-01
  -2.00336915e+00
  -1.95266875e+00
  -3.57604170e-03
  -1.94883066e-01
  -2.07058374e+00
   1.38233583e+00
   2.17972454e-01
  -1.34296394e-01
  -5.18241009e-01
   1.82735699e-01
  -6.87774144e-01
   1.48357140e+00
  -1.43198285e+00
  -8.25872354e-01
  -1.58055778e+00
  -5.77435677e-01
  -6.67866678e-02
   1.12909627e+00
  -5.90954092e-01
  -8.68808978e-02
   3.52530919e+00
  -4.53251725e-01
   1.43266616e-01
  -4.22447088e-01
  -9.53668189e-02
  -2.75706469e-01
   2.14886333e-02
   1.42358216e+00
  -1.12897417e+00
  -1.74846144e-02
   5.89075259e-01
  -2.37738590e+00
   8.73892991e-01
  -1.74941520e+00
   9.50444691e-01
  -6.27095435e-01
  -3.14963037e-01
   8.37413557e-01
   3.07074749e-01
  -8.39995540e-01
   3.67798008e-01
   1.55848601e+00
  -9.71861398e-01
  -1.55376959e+00
   6.12176157e-01
  -7.81860162e-01
   1.79297189e-01
   1.13150262e+00
   8.15610591e-01
  -2.73563693e-01
   9.75362552e-01
  -1.81235086e-02
   5.60774690e-02
   1.29501058e+00
  -3.85538540e-01
  -1.41372586e-01
  -1.24282097e-01
   7.09330646e-01
  -3.57955931e+00
   6.11612388e-01
  -1.58693445e+00
   8.67863725e-01
   4.74224449e-01
  -2.05168720e-01
   2.33618165e-01
  -1.71988925e+00
  -1.00826151e+00
   6.29765017e-01
  -1.47699588e-01
  -7.16365005e-02
   1.61343725e+00
   2.75153056e-01
   2.79472008e-01
   2.57782624e-01
  -1.22288084e+00
  -2.04896025e+00
  -1.28366403e+00
   7.69635848e-01
   5.92041669e-01
   1.26701826e+00
   9.37522825e-01
   1.78285162e+00
  -3.29333992e-01
  -6.38201786e-01
  -1.03392431e+00
   5.65133993e-02
  -7.86493853e-01
  -6.66482300e-01
  -1.41366091e-01
  -3.33502709e-01
   1.36097291e+00
  -6.83299320e-01
  -2.63539854e-01
   1.28838175e+00
   8.92089160e-02
  -1.16954249e+00
  -1.64543349e-01
   6.21030617e-01
   2.64901188e+00
  -3.66101151e-01
  -6.24787342e-01
  -1.63441710e-01
  -8.30234408e-01
   1.05077947e-01
   4.51546934e-03
  -3.95452071e-01
   1.72144563e+00
   2.21618054e+00
  -2.62242175e+00
  -1.64716316e+00
  -6.20112919e-01
   3.01202081e-01
  -3.89285705e-01
  -7.17419573e-01
   7.86359902e-01
   6.63233285e-01
  -8.26267433e-01
   9.22814741e-01
   4.83809060e-01
  -6.76847947e-01
  -1.16766625e+00
   5.82230358e-01
  -2.01937961e+00
  -1.73848960e+00
  -3.82607453e-01
   9.66940831e-01
   7.33952888e-01
   1.04631466e+00
   1.77329806e+00
  -4.83582843e-01
  -2.49166945e+00
  -7.81336700e-01
   1.00806112e+00
  -8.86611104e-01
  -1.38105184e+00
   5.81887547e-02
   2.64678019e-01
   2.00279242e-01
   5.09526395e-01
   1.99400409e+00
   1.84979533e+00
  -1.28954665e+00
   8.88183655e-01
   1.53425923e+00
  -4.63048877e-01
  -9.54014121e-02
   2.56722455e+00
  -1.50920889e+00
  -9.34818593e-01
   3.24882078e-02
   5.67711643e-01
   1.17949367e+00
  -5.17527488e-01
  -2.02044811e-01
  -4.75001125e-01
  -4.63669746e-01
  -2.68966234e-02
   5.57779999e-01
   1.34394276e-02
  -1.48386882e-01
   1.17378781e+00
   4.19769258e-01
   1.87256276e+00
   1.42583167e+00
  -3.17330908e-01
   7.73884565e-01
   2.48313893e+00
  -2.93398373e-01
   6.18961826e-01
  -1.16989908e-01
   6.56749195e-01
  -5.72196739e-01
  -1.50676564e-01
  -1.46540740e+00
   1.90153458e+00
  -7.94669052e-01
  -1.27179768e+00
   4.35692862e-01
   6.62943225e-01
   5.74749487e-01
  -2.94106088e-01
  -7.48851510e-01
  -2.81527001e-02
   1.55157917e+00
   1.53467536e+00
  -1.72519001e-01
  -9.38614569e-01
  -6.87252765e-01
   6.63131927e-01
   7.60293463e-01
   5.89897624e-01
  -1.20539758e+00
  -1.02853883e+00
  -1.41528269e+00
   7.05076118e-01
   5.71639459e-01
   2.78435688e+00
  -9.53661336e-01
   5.72413981e-01
  -5.37824805e-01
  -3.46416312e-01
   3.18999380e-01
  -1.11926004e+00
  -3.63141413e-02
   3.71087025e-01
   7.98159903e-01
  -1.65220164e+00
  -1.89183782e-01
  -5.99136949e-01
   9.74748144e-02
   7.39999315e-02
  -6.81554157e-01
  -1.45612051e+00
  -8.52798757e-01
   2.56499177e-01
   1.11827839e-02
  -3.61702291e-02
   3.27678288e-01
  -7.67211130e-01
   1.89214976e-01
   6.55525353e-02
  -1.95940226e+00
  -1.53268092e+00
  -2.38876551e-01
   4.49000942e-01
  -2.89811841e-01
   5.80873881e-01
  -9.03585498e-02
   1.17000992e+00
   6.58514164e-01
  -5.69819293e-01
   3.89340709e-01
   5.21969589e-01
  -1.47263906e+00
   2.54713539e-01
   4.89420965e-02
  -1.36345455e+00
   1.36325589e+00
  -5.81027398e-01
   2.05140897e+00
   1.96909476e+00
  -2.03911962e-01
   1.98630832e-01
   2.80714686e-01
  -9.74035029e-02
   6.00615087e-01
  -1.62069522e+00
   8.05888338e-01
   4.56063693e-01
   8.82450413e-01
   1.86137844e+00
  -2.38001420e+00
  -5.37163253e-01
   1.96779899e-01
  -5.57210089e-01
   4.55587533e-01
  -1.22139774e+00
   2.78642148e-01
  -5.49478860e-01
   3.86813107e-01
  -1.83939317e+00
   2.53844568e-01
  -1.86282979e+00
  -9.05283406e-01
  -2.00173563e-01
  -1.80414360e-01
   5.95483417e-01
  -4.33524540e-01
  -3.98532728e-01
   2.51776305e+00
   2.88991555e+00
  -2.63004149e-01
  -4.42751627e-01
   2.44127660e+00
   6.58808733e-01
   1.09537778e-01
   2.91973855e-01
   2.54629020e-02
   2.92670392e+00
   2.30741155e-01
  -1.72898610e+00
   9.43166242e-01
   1.06390020e+00
   4.48677323e-01
  -9.06679371e-01
  -6.00207219e-01
  -2.82363449e-01
  -9.05241797e-02
   4.96097013e-01
  -1.57777648e-01
  -8.24405832e-01
   2.93617638e-01
  -1.34190728e+00
  -7.40558249e-01
  -1.91148080e+00
  -1.39403077e-01
   1.14022709e-01
   4.45521451e-01
   1.06976982e+00
  -4.26102678e-02
   1.50266332e-01
   6.67996773e-01
   1.59946666e+00
  -5.37456181e-01
  -1.27342931e+00
  -7.39541096e-01
  -1.44034374e+00
   1.08151244e+00
   2.60474227e-01
   1.31517823e+00
   5.90390865e-01
  -7.92798228e-02
   2.09810528e+00
  -1.29797816e+00
  -1.36389262e+00
  -6.36635510e-01
   2.82526873e-01
   2.06109429e-01
  -2.40591061e-01
  -1.55197612e+00
  -8.40042391e-01
   2.58252331e-01
  -1.19020673e+00
  -6.95812400e-01
   1.46204338e+00
  -1.04305946e+00
  -6.45821681e-01
   1.66126221e-01
