   1.51678750e-01
  -1.06912262e+00
  -1.53548340e+00
   1.33134909e-01
  -2.50219480e-01
   8.88550383e-01
   4.56633145e+00
   1.64788728e-01
   1.24471059e-01
   1.00324666e+00
   5.82064291e-03
   8.23992059e-01
  -1.68513143e+00
  -2.01460428e+00
   7.85410312e-02
   1.58366568e+00
   1.86704420e-01
  -1.31289781e-01
  -1.10704725e+00
   8.86005708e-01
  -7.53817446e-01
  -1.82016116e-01
  -1.28132377e+00
  -6.09335641e-01
  -1.34272628e-02
  -6.45151367e-01
   1.13703204e-01
  -9.04344213e-03
   9.74307878e-02
   1.39280419e+00
   9.72646335e-01
  -1.10582743e-01
  -7.55981576e-02
  -5.65728225e-01
   2.35061459e-01
   7.49807065e-01
  -5.24089332e-01
   5.18464583e-01
   4.47563533e-01
   5.26161282e-01
   4.94646140e-01
   4.88075147e-01
  -2.45514645e-01
  -1.04813586e+00
  -1.46658091e+00
  -9.44735250e-01
  -1.02064533e+00
  -4.69974564e-03
   1.15585286e+00
  -2.87371651e-01
  -1.62450089e+00
  -6.00127833e-01
  -1.06650033e+00
  -1.72437445e-01
   4.04023686e-01
  -8.14477858e-01
   1.17871730e+00
  -7.32593696e-01
  -1.30150723e-02
  -1.03736592e+00
   2.83752242e-01
  -1.47294667e+00
   1.37440051e+00
  -1.06888147e-01
  -1.68990069e+00
  -1.93976340e+00
   1.61380574e+00
   1.12773171e-01
   2.05952810e-01
   1.42304662e-01
  -1.73361790e-01
   2.30608916e+00
   4.70602359e-01
   7.80529226e-01
  -7.10231727e-01
   4.05122313e-02
   1.29087910e-01
  -1.36490078e-01
   1.01713688e+00
  -1.76315551e+00
   4.89576721e-01
   1.27983554e-01
   5.62014349e-01
  -1.53053666e-01
   5.05245852e-01
  -6.55207148e-01
  -1.93072204e+00
   1.42972319e-01
  -2.41470588e+00
  -2.27009681e-01
  -1.10821556e-01
   9.25902781e-01
  -1.88144500e+00
   7.34907311e-01
  -2.70568176e+00
   5.43206675e-02
  -1.34244129e+00
  -7.79603042e-01
   9.10339375e-01
  -1.89392155e+00
   2.04520993e-01
  -1.17570253e+00
   2.05914490e+00
   1.13532416e+00
   2.16736142e-02
  -1.03435535e-01
  -3.54298711e-01
   5.52375578e-01
  -4.56934892e-01
  -3.07059013e-01
   1.92475069e-01
  -1.13221938e+00
  -1.60597659e+00
   2.44564856e-01
   2.81511440e-01
  -6.73367512e-01
  -5.73366864e-01
  -3.40929112e-03
   7.50493732e-01
   7.42714274e-02
  -6.16800379e-01
  -1.25875702e+00
   7.88495211e-01
  -1.34872333e+00
  -7.11858586e-01
   2.15747211e+00
  -1.30980633e-01
  -9.16474608e-01
  -6.05390484e-01
  -1.40556560e+00
   1.59070745e+00
   1.10656781e+00
  -2.11979046e+00
  -5.64354359e-01
  -1.38253440e-01
  -5.13140930e-01
  -1.87718805e+00
   1.18934749e+00
  -2.19092464e+00
  -4.49397098e-01
  -2.82711551e-01
   1.63844905e+00
  -7.84608680e-02
  -9.27327654e-01
  -1.74868347e+00
   2.43506765e+00
   8.60251948e-01
  -9.96379876e-01
   3.24695620e-01
  -1.84586301e+00
  -2.03083217e+00
   1.59818980e+00
   6.59642511e-01
   1.29480748e+00
   2.80163661e-01
   1.03718197e+00
  -8.95338625e-01
  -5.21301662e-01
  -9.48319802e-01
  -9.40952999e-01
  -5.06521976e-01
  -1.42397832e+00
  -6.26067721e-01
   2.19613709e+00
  -2.37632806e-01
  -7.45067774e-02
  -5.16086465e-01
  -1.98658983e+00
   1.45078817e-01
   2.65615109e-01
   8.00822977e-01
  -3.72802180e-01
  -3.13083565e-01
  -4.28808573e-01
  -2.50041769e-01
  -4.08959514e-01
   1.17073805e-02
  -1.84270743e+00
  -2.71764410e-01
  -1.87207251e-01
  -2.13025048e+00
  -3.99175084e-01
  -3.77734715e-02
  -4.55089274e-01
   1.39493365e+00
  -1.90310824e+00
   1.71066149e+00
   1.05286180e+00
   1.06801482e+00
   8.38360426e-01
   2.91522486e-01
   8.18861571e-01
  -6.25249418e-01
  -4.96040403e-01
  -2.61209853e-04
   9.03687401e-02
  -9.35421497e-01
  -3.06677726e-01
  -9.93268256e-01
   2.33091095e+00
   8.01307669e-01
   2.76462979e-01
  -1.08739236e+00
   1.19570756e-01
   1.40390036e+00
   5.71954542e-01
   2.44058633e+00
  -1.51781803e-01
   4.35289115e-01
  -1.86239209e+00
  -7.62163166e-02
  -4.25766594e-01
   3.54576116e-01
  -4.31641300e-01
   1.29560982e+00
   1.57777238e+00
   5.75994079e-01
  -2.32782427e+00
  -1.51250467e-01
   1.02182731e+00
   5.90518034e-01
  -3.95709166e-01
   9.60142730e-02
  -3.97102121e-02
   4.86140510e-01
   7.11665186e-02
  -2.59915600e-01
   1.60408363e-01
  -2.30581290e-01
   2.40717431e-01
  -1.09981963e+00
   6.13566360e-01
   7.48581435e-01
  -2.93664429e-01
   1.43665992e+00
   1.69691061e+00
   1.75678755e+00
   1.76262805e+00
  -2.52657117e-01
  -6.32108361e-01
   9.00298480e-02
  -7.05352686e-01
   5.68123417e-01
  -9.28526899e-01
  -3.22497239e-01
   2.13171350e-01
   1.58859692e+00
  -1.12349584e+00
   2.19474127e+00
   5.55147879e-01
   2.09211689e-01
   4.91808873e-01
   5.51244731e-01
   4.82568687e-01
  -4.57360223e-01
   6.79155406e-01
   1.81504166e+00
   1.02008386e+00
  -1.08166165e-01
  -1.76169768e-01
   1.27023060e+00
   6.96624667e-01
  -3.15947012e-01
   2.21216642e-01
   1.13778040e+00
   1.02226554e+00
   1.75290298e-01
   2.50652675e-01
  -1.32750163e+00
  -3.36969243e-01
  -1.68095273e+00
   5.68590617e-01
   6.23529004e-01
   5.85772368e-01
  -1.14106535e+00
  -3.15866868e-01
   3.61954972e-01
  -9.96767457e-01
  -1.37406898e+00
  -1.87299075e+00
   2.36773982e+00
  -9.24065983e-01
   7.91203251e-01
  -1.37218881e+00
  -9.83696918e-01
   2.02336817e+00
  -6.71820044e-01
   1.61427245e+00
   5.72998873e-01
  -1.09259656e-01
  -6.72874122e-01
  -7.45137812e-01
   1.63360167e+00
   2.05855733e+00
  -2.65251301e-01
  -1.09132259e-01
   5.53170792e-01
   1.29371586e+00
  -3.91876571e-01
   1.27092038e+00
  -1.45873784e+00
   2.17305474e+00
  -5.72381771e-01
  -5.09147797e-01
   3.81347072e-02
   6.20832477e-01
   1.10549728e+00
   9.56253248e-01
   3.69316590e-02
   1.03001751e+00
  -7.09002096e-01
   1.20548100e+00
  -7.54869097e-01
   3.85929690e-01
   1.85062527e-01
  -1.22721339e+00
  -1.98220462e+00
  -6.10253423e-01
   1.09329234e+00
   7.69342702e-01
  -8.95493370e-01
   1.71656397e+00
  -9.46512018e-01
   5.36914392e-02
  -1.64777893e-01
  -1.23635610e+00
   5.65611153e-01
  -2.29532083e+00
  -6.97012281e-01
  -1.06621341e-01
  -1.53623580e+00
   1.61143394e-01
  -4.70671131e-02
   1.50872574e+00
  -8.33464453e-01
  -1.06932504e+00
   2.51436172e+00
   7.06714648e-01
   9.39420056e-01
  -1.11429809e+00
   5.61177319e-01
   5.01522449e-01
  -1.78594551e-01
  -1.39869738e+00
   6.48223788e-01
  -6.68717903e-01
  -1.04466310e+00
  -9.49641615e-01
   1.01835536e-01
  -2.22667508e+00
   4.37029783e-01
  -1.47844629e+00
   5.54589382e-01
  -1.02039887e+00
  -2.67164209e-01
  -5.63839281e-01
   7.10503045e-01
   1.06385042e-01
   3.60952602e-01
  -1.51892963e-02
  -1.31439330e+00
  -1.12369456e+00
  -5.29320037e-01
   9.65505648e-01
   1.97595786e-01
   1.02675171e+00
   5.40822610e-01
  -1.80891840e+00
   5.72333824e-03
   9.32752680e-01
  -2.04259389e-01
   5.51001000e-01
   8.45847831e-01
  -3.99722592e-01
   1.49631641e+00
  -5.89736678e-01
  -1.14355367e-01
   1.27567955e+00
   1.80345408e+00
  -4.17875896e-02
   7.74011325e-02
  -1.02130160e-01
  -1.80808859e+00
   5.54151305e-01
   4.35386969e-01
   2.10484305e-01
   9.53570207e-01
  -6.78630475e-01
  -4.96918014e-01
   1.09977084e-02
   9.62644416e-01
  -6.45826289e-01
  -2.22360117e-01
   6.58587288e-01
  -3.18248239e-01
  -1.36613985e+00
   1.58188395e+00
  -4.16225595e-01
   3.30194183e-01
  -3.70901443e-01
   7.28840329e-01
  -7.74568196e-01
   7.27990292e-01
  -8.63877966e-01
  -5.14361844e-01
  -7.35447873e-02
  -1.78345778e-01
  -3.09619173e-01
   5.57179573e-01
  -1.24668708e+00
   7.87953349e-01
   6.29518080e-01
  -1.24331071e+00
   4.66305158e-03
   6.09306453e-01
   1.62211141e-01
  -5.36889016e-01
   1.05668211e+00
   1.41024796e+00
  -6.41678375e-01
  -1.36292251e+00
  -8.53277664e-01
  -1.94380366e+00
  -9.70612770e-01
  -1.37991593e+00
   1.22757685e+00
  -2.13034796e+00
   3.68434449e-01
   1.75780046e+00
   1.98079928e+00
  -1.66544902e-01
  -1.35971869e+00
   1.84777905e+00
   8.87916499e-01
  -6.63710556e-01
   3.05097534e-01
  -3.42050132e-01
   1.34955402e+00
   7.82056363e-01
   1.24017380e-01
  -1.03298268e-01
   1.03652151e+00
  -1.66324619e+00
  -5.39626756e-01
  -1.67368509e+00
  -5.19940411e-01
  -1.14927596e+00
  -2.73753968e-01
  -2.19068128e-01
   9.79092735e-01
   3.13094271e-01
  -2.73944016e-02
  -1.48879590e+00
   3.97929857e-01
   5.58153136e-01
  -6.38602448e-01
  -1.06178909e+00
  -6.09928525e-02
  -5.86539448e-01
  -1.89851141e+00
  -2.12353083e+00
   2.61783314e-01
   5.25528724e-01
  -1.31846017e-01
  -2.05711308e+00
  -6.16628034e-01
  -1.77608298e-01
   1.70167910e+00
   3.33842852e-01
   1.25204524e+00
   4.94772374e-01
   1.12153939e-01
   1.66217303e+00
   6.92643784e-01
   1.30414117e-01
   6.06758311e-01
  -6.09527871e-01
   1.57350488e+00
   3.00280802e-01
   2.92841126e-01
   3.71800248e-02
  -1.43652107e+00
  -1.67717219e-01
   1.71457459e-01
   7.77258235e-01
  -2.32492344e+00
  -3.98103782e-01
   4.86864376e-01
  -4.87942656e-01
  -4.79201306e-01
   2.04180372e+00
   5.27764303e-01
  -3.46697450e-01
  -1.51578220e+00
  -4.68522601e-01
  -1.43928580e-01
   9.08229101e-01
  -7.49684980e-01
   5.46849816e-01
   1.14307051e+00
  -1.10314072e+00
   8.07593778e-01
  -4.72726538e-01
   1.11643377e+00
  -1.22638117e+00
  -9.50729413e-02
   1.23623853e+00
   1.38576998e-02
   1.19449434e+00
  -1.70093858e+00
  -1.10872220e+00
  -4.69996891e-01
  -1.53855317e+00
   6.57205864e-02
   1.95927907e-01
   7.99120743e-01
  -1.58722025e-01
   6.36405472e-03
   1.28458829e-01
  -1.19616907e+00
   1.06654701e-01
  -7.18251175e-01
   4.52062927e-01
  -5.60104200e-01
  -1.30068856e+00
   1.55512799e+00
  -4.29058812e-01
   1.84498039e-01
   6.64950634e-01
  -2.96915825e-01
   1.83458661e-01
  -3.03152094e-01
  -5.68234828e-01
   1.43613461e-01
  -8.53233612e-01
   1.18073653e+00
   9.84002504e-01
   8.13186165e-01
  -8.00272820e-01
   3.26844928e-01
  -5.19796514e-01
  -8.75483689e-01
  -3.46087221e-02
   1.01969823e+00
  -2.12909669e-01
   5.51015579e-01
   1.55766820e-01
   1.99344614e-01
   2.63367859e-02
  -8.47765286e-01
   7.58027386e-01
   7.32438391e-01
   4.64789647e-01
   3.03666306e-01
  -2.23233982e-01
  -5.63869063e-01
   1.06834481e+00
  -2.20902814e-01
   5.40478225e-01
  -6.60871798e-01
   1.14358037e+00
  -7.19427051e-02
  -1.63098132e-01
  -1.13326931e+00
  -2.13572659e+00
  -7.25658697e-02
  -1.50185153e+00
   9.79649992e-02
   2.49647356e-01
  -4.46313348e-02
   7.16526645e-01
  -9.05673863e-01
   7.56664268e-02
  -8.79701792e-01
   3.02435512e-01
   1.61047629e+00
  -1.08872641e+00
  -9.46285699e-01
   1.85612685e-01
  -1.25485619e+00
   4.30174097e-02
   5.80554577e-01
   5.27026826e-01
   6.08164067e-01
  -1.82361341e-02
   2.39077967e-01
   7.39267158e-01
  -1.30773775e-01
   1.19592013e+00
  -5.30238642e-01
  -1.27699959e+00
   4.74040836e-01
  -2.77392647e-01
  -1.13760089e-01
  -6.53178643e-01
  -4.10461637e-02
  -8.55628157e-01
  -7.16162295e-01
   1.28679668e+00
   5.23336671e-01
  -1.40286563e+00
  -1.02492448e+00
   6.93370727e-01
   2.97218104e+00
  -1.13674978e-01
   1.19058460e+00
   7.18347563e-01
  -1.21739621e+00
   1.18342815e+00
  -2.87105387e-01
   4.74075179e-01
  -3.51805960e-01
   2.22335171e+00
   3.05713532e-01
   3.90424447e-01
  -2.45142765e-01
  -1.36740667e+00
  -5.32311574e-01
   1.07790933e+00
  -3.85513784e-01
   5.64897864e-01
  -4.24597417e-01
   9.72317716e-01
  -6.05512734e-01
   1.37511732e+00
  -1.10451759e+00
  -8.19424737e-03
  -1.83883767e+00
   1.78676106e+00
  -4.93515159e-01
  -7.55716985e-01
   8.21586054e-01
  -1.24379055e+00
  -3.56479642e-01
   3.05846619e-01
  -6.42836770e-01
   5.58481297e-01
  -2.35568874e-02
  -1.72829420e+00
  -5.79411521e-01
  -4.43331353e-02
  -1.11569044e+00
   2.48580011e-01
   2.21758665e+00
  -1.61589681e+00
   3.77683636e-01
  -1.46040427e+00
   7.12210445e-01
  -6.14556675e-01
  -1.61154696e+00
  -6.66548384e-01
  -1.10095449e-01
   1.30272921e+00
   1.25129466e+00
  -1.14816416e+00
   6.33985111e-02
   2.46272091e-01
  -5.32934640e-01
   1.33276370e+00
   1.10213826e+00
  -1.38859457e+00
   9.95620464e-01
  -5.53281734e-01
   6.03093701e-01
   1.26328665e+00
   2.01515046e-01
  -4.21648247e-01
   4.60311512e-01
  -9.08108918e-01
   7.69798742e-01
   4.60662600e-01
  -1.37022575e+00
  -7.93246965e-01
   5.89554536e-01
  -8.00288816e-01
  -3.18718807e-01
  -7.15737974e-01
  -2.31850411e-01
  -3.40466971e-01
   3.21590798e-01
  -6.12242881e-01
  -8.95870675e-01
   1.67220657e+00
   7.92802645e-01
  -8.90457803e-01
   6.27002310e-02
  -7.85786547e-01
  -3.15845265e-02
   5.90386987e-01
   1.71263188e+00
   9.43929709e-01
   1.32776104e+00
  -1.17973949e+00
  -2.70903676e+00
  -2.66310248e-01
   1.40873179e-01
  -6.16555552e-01
   1.62041485e+00
   3.69067484e-01
   2.12979825e+00
  -2.96047302e-01
  -3.17419478e-01
   2.21774190e+00
  -2.83463819e-02
   1.41355309e+00
  -1.04768954e+00
  -8.56453316e-01
  -2.37223159e-01
   1.30333107e+00
   4.85400898e-01
  -1.17124655e+00
   1.59785710e+00
  -1.30100295e+00
  -4.06101061e-01
   1.16962768e-01
  -5.71133509e-01
  -1.91785636e-01
  -1.07039454e+00
  -4.05341681e-01
   9.34361227e-01
   1.24909864e+00
  -1.50392976e+00
   4.04348716e-01
   1.52961109e+00
  -9.63923024e-01
  -1.84691764e+00
   2.81087707e-01
  -1.68015460e+00
  -4.03080217e-01
   1.89869474e-01
   3.76070574e-02
   1.62824842e+00
   6.47185748e-01
   2.25196824e-01
   2.52213793e+00
  -1.04710785e+00
   8.47110736e-01
  -1.36865115e-01
  -1.12683131e+00
  -1.51179390e+00
  -2.17451731e-01
   1.73442681e+00
  -1.66238032e-01
   1.03001462e+00
  -8.70907974e-01
  -3.52942411e-01
  -4.09503513e-01
   1.33465038e+00
  -1.06765422e+00
   1.00987268e-01
  -1.19044680e+00
  -2.68826598e-01
  -3.26219669e-01
   2.26917376e+00
  -4.28888973e-01
   4.18720677e-01
  -5.70116798e-01
  -5.34290934e-01
   2.87489235e-01
   8.05902170e-01
   2.18900107e-02
   1.40623029e-01
  -1.51397993e+00
   1.18913455e-01
  -1.16080206e+00
  -4.62734068e-01
   5.34005097e-01
   8.23468718e-01
  -9.08705228e-02
  -2.33803785e+00
  -6.27911706e-01
   1.53208194e-01
   4.07547007e-01
  -8.24799521e-01
   2.36818650e-01
  -6.06808307e-01
   1.08314963e+00
   7.06323716e-02
  -1.19350380e+00
  -2.90984762e-01
  -5.32357058e-01
  -1.14069336e+00
  -1.53666995e+00
  -1.27294353e+00
  -6.57116579e-01
  -1.72971271e+00
  -1.35331290e-01
   1.06361168e+00
  -3.11450768e-01
   1.98529558e+00
   1.45521863e+00
  -1.01963011e+00
   9.26844197e-01
  -7.58281307e-01
   1.51630348e+00
   1.22551273e+00
  -4.07676828e-01
  -1.95835222e-01
   1.22643151e+00
   4.97788489e-01
  -3.09069639e-01
   3.66469034e-02
   2.25058288e-01
   8.16829447e-01
   2.19079050e-01
  -4.48646667e-01
   8.63480901e-02
  -1.48715863e+00
  -3.48209504e-01
   3.19521398e-01
  -6.84430810e-01
  -1.21196139e+00
   1.46973712e+00
   1.75559251e-01
  -9.26930334e-01
  -2.29306454e-01
  -1.88779274e+00
  -2.35583973e-01
   2.87798606e-01
   1.00417312e+00
  -3.25500397e-01
  -1.33098039e+00
   1.70043140e-01
  -3.93178745e-01
  -9.64324826e-01
   1.47408376e+00
   9.17691624e-01
  -2.09652370e+00
   1.62807247e-01
  -5.63382021e-03
  -1.72697568e-01
   8.14222151e-01
   2.18649604e+00
  -5.33840805e-01
   1.24496681e-01
  -2.21536351e+00
   2.27051482e-01
   1.64006140e-01
  -1.86665531e-01
  -4.26707051e-01
  -6.55627345e-01
   1.42413048e-01
  -9.31555519e-01
   1.00513233e+00
   1.99891510e-01
   5.78265222e-01
   1.56840463e+00
  -1.92633317e-01
   7.35920089e-01
   6.95897794e-01
  -7.14177688e-01
  -2.25194871e+00
  -9.96877994e-01
  -7.58100707e-01
  -1.48214938e+00
  -1.19047793e+00
  -1.07986438e+00
   1.40905488e+00
   3.25405533e-01
   5.74781043e-01
  -7.35406330e-01
   2.93327010e-01
  -1.24348718e+00
   6.79500024e-01
   1.36353963e+00
   1.15896370e+00
  -3.78444387e-01
  -1.09714198e+00
   1.80947489e+00
   5.71219828e-01
   1.32121069e+00
   6.98150503e-01
   1.31523191e+00
   6.80377175e-01
   2.05662858e+00
   7.84059841e-01
   1.70621231e-01
  -6.99588913e-01
   6.59506439e-02
   1.01449201e+00
   5.34735715e-01
   5.92964994e-01
  -1.28696743e+00
   1.04435529e+00
   2.26067390e+00
  -4.53073199e-01
   1.80315002e+00
   2.79097157e-01
  -1.45730797e+00
  -1.92174657e+00
  -1.55939802e+00
  -9.98643966e-01
   4.42287002e-01
   9.09013241e-01
   6.38508223e-01
   7.58649970e-01
  -2.46961004e-01
  -4.35547611e-01
  -4.31932008e-01
  -9.30270268e-01
   8.52705910e-01
  -5.30314912e-02
  -5.02284937e-02
  -6.12340367e-01
   1.81808131e+00
  -5.32923041e-01
   9.19068175e-02
  -8.44084595e-01
   4.89340166e-01
  -1.22800837e+00
   2.44132488e+00
  -7.38617500e-01
  -1.91787366e-02
  -1.81892594e+00
   1.17050962e+00
   8.13912100e-01
   6.87875119e-01
  -5.54217417e-01
  -4.67500877e-01
  -2.54596218e-01
  -2.49371464e-02
  -1.18001694e+00
   7.26034074e-01
  -5.45994804e-01
   6.16404192e-01
  -1.57999058e+00
   2.13809114e+00
  -1.48842536e-01
   8.79597722e-01
   8.23207757e-01
   3.94306443e-01
   6.46288752e-01
  -1.27377663e-01
  -1.82484035e-01
   1.04310076e-01
  -1.15829653e+00
   1.35044609e+00
   8.27286574e-02
  -3.41436587e-01
  -1.79300605e+00
  -1.66140331e-01
  -1.10395791e+00
  -3.53573278e-01
   1.74604069e+00
  -9.72952284e-01
   1.68257420e+00
   2.98888380e-01
  -5.61411690e-01
  -1.10522061e+00
  -6.98424148e-02
  -9.18378328e-01
   1.77682583e-01
  -1.02297475e+00
  -1.58026277e+00
   5.41648613e-01
  -9.40252883e-01
  -8.80711528e-01
  -1.14322727e+00
   4.79067710e-01
  -6.32263461e-01
   1.88170326e+00
  -3.03667582e-01
   7.29275147e-02
  -2.61701976e-01
  -6.72829748e-01
  -1.60201925e+00
   8.85852287e-02
   2.77461029e-01
  -1.09929583e+00
  -1.02411374e+00
   3.14195122e-01
  -1.02432849e-01
  -2.51196817e-01
   9.79731814e-01
   1.65904656e-01
  -1.49142072e-01
  -6.39525700e-01
  -4.13277995e-01
  -3.91088347e-01
   4.78295176e-01
  -5.33578777e-01
   1.02514387e+00
   1.70909815e+00
  -1.34304564e-01
   1.72113673e+00
   3.23896383e-02
   9.44518567e-01
  -5.74642481e-01
  -2.77332399e-01
   1.32868782e+00
   9.78149307e-01
   4.82702872e-01
   7.49120270e-01
   5.71657039e-01
  -8.27547537e-01
  -1.38087716e+00
   5.19346179e-01
  -4.39040264e-03
  -7.09904137e-01
  -4.16395709e-01
  -7.55091493e-01
  -7.14852274e-01
   3.90237703e-01
   2.07186246e-01
  -2.02891448e-01
  -1.75459660e+00
  -1.92115996e+00
   6.90652466e-01
   1.27296731e-01
   1.15445290e-01
  -1.00953182e+00
   8.40441426e-01
   1.77421778e+00
  -1.57273683e+00
  -3.19997061e-01
  -1.59095870e+00
  -1.95076127e-01
  -4.29242333e-01
  -2.20858764e-01
   5.65990456e-01
   6.84698164e-01
  -2.17082600e-01
   1.06689288e-01
   5.57937661e-02
  -4.38173077e-01
  -1.61653534e-01
  -4.04260149e-02
  -1.25786432e+00
   7.91854404e-01
  -4.08904615e-01
   4.37666344e-01
   2.74759611e-01
   9.06580029e-01
  -4.18035367e-01
   2.00226471e-01
  -1.39997292e+00
   2.56937317e-01
   6.31929282e-01
   6.49846476e-01
  -8.23568164e-01
   8.96416951e-01
  -9.98296120e-01
  -6.48736664e-01
   1.02880429e+00
  -3.75142015e-02
   6.75779235e-01
   7.94578217e-03
  -1.05273113e+00
   1.48557044e+00
  -2.27989559e-01
  -1.35410857e+00
  -1.78081221e-01
  -1.43629279e+00
   1.52209320e-01
   2.63403400e-01
   1.00433386e+00
   1.56113113e+00
   3.59524996e-01
  -1.75150620e+00
  -1.21970199e-01
   1.14189570e+00
  -9.95786754e-02
   1.18191412e+00
   3.52875958e-01
  -2.40922543e-01
   1.38538072e-01
  -2.63764644e-01
  -9.48336246e-01
  -2.74965919e-01
  -7.88609014e-01
  -1.06298545e+00
   4.87775411e-01
  -1.06616551e+00
   4.12904082e-01
   2.39757523e-01
   1.83862790e+00
  -7.09628898e-01
   5.72328372e-01
  -2.40506511e+00
  -1.02279235e+00
  -6.21638820e-01
   1.57337939e-01
  -3.23384590e-01
  -1.94641373e+00
  -3.77102412e-01
   3.10198623e-01
   8.09652557e-01
  -1.26072923e+00
   3.66032473e-01
   1.56971732e+00
  -3.13152633e-01
   8.71443198e-01
   7.09977369e-02
  -1.44137666e+00
   9.48649414e-01
   2.94075202e-01
   4.05223763e-02
   5.09244987e-01
  -1.14755014e-01
  -5.68176515e-01
   8.53422340e-02
  -2.92214674e-01
   5.91178797e-01
   6.90393344e-01
   3.14474114e-01
   1.76232850e+00
   2.67034347e-01
   9.26441037e-01
  -1.08150650e+00
  -7.41707388e-02
  -2.94234710e-02
   8.35532022e-01
  -4.43711894e-01
   1.60400536e+00
  -6.96068014e-01
   4.44671014e-01
   1.82067158e+00
   7.64971010e-03
   3.45330684e-01
  -3.38948876e-01
   7.52783078e-01
  -7.96896337e-01
  -2.08164936e+00
   1.97634114e-01
  -1.03853077e-01
  -6.95491764e-01
   4.25310510e-01
   3.20360319e-03
   1.06168380e-01
   6.17805898e-01
  -1.25138788e+00
  -1.02896300e+00
   4.51102428e-01
  -2.33268504e-01
  -1.00151686e+00
  -1.86501742e+00
   7.30581826e-02
   7.56184659e-01
   1.17858165e+00
  -2.22818332e-01
   1.00562534e+00
   1.00263656e+00
  -2.16951070e+00
   4.40253159e-01
  -1.65469931e+00
   3.18675380e-01
  -7.50858515e-01
  -7.89507564e-01
  -1.16601607e-01
  -2.22446604e+00
  -1.89327812e+00
   1.03745056e+00
  -4.30786522e-01
  -1.19251955e+00
  -1.92700309e+00
   1.93510090e+00
  -9.93607769e-01
   1.39299639e+00
   6.82020038e-01
  -1.51865455e+00
  -2.88378641e-01
   1.10461081e+00
  -8.43127319e-01
   1.36914621e+00
   5.51568793e-01
   6.10110166e-01
   1.24817801e-01
   2.28983020e-01
  -1.43429535e+00
   7.82011858e-01
  -2.74130337e-01
   1.69663990e+00
   2.10542957e-01
  -9.04982710e-01
  -1.30379694e+00
   1.02848113e+00
  -6.75973807e-01
   1.11029160e+00
  -1.60760460e+00
  -2.57999806e-01
   3.52352461e-01
  -5.93810953e-01
   8.45817847e-01
  -1.53698632e+00
  -3.96387819e-01
  -1.76599504e+00
  -1.77974040e+00
  -2.72524750e-01
  -3.68028875e-01
  -1.98425337e-01
  -5.89349600e-01
  -1.11961633e+00
  -1.56727316e+00
  -1.30496886e+00
  -2.33068201e-01
   3.51285771e-01
   1.85130863e+00
   2.84803363e-01
   2.18599853e-01
  -4.37875520e-01
   1.12653303e+00
   2.34734025e+00
  -2.24336423e-01
   7.26633531e-01
   6.51310484e-01
  -5.17686214e-01
  -1.11257643e+00
  -6.52038881e-01
   7.32587822e-01
   8.13886667e-01
  -2.36401627e+00
   1.11831367e-01
   1.05008465e+00
   7.49941622e-01
  -1.47424831e+00
  -3.63264417e-03
  -7.01253273e-01
  -6.17843363e-01
  -1.61798515e+00
  -1.04262247e+00
   2.26977209e+00
   1.52063458e-01
   6.23026650e-01
  -2.36884665e+00
   5.15864497e-02
  -1.64565323e+00
  -1.01030924e+00
   9.88534262e-01
   4.24428982e-01
   7.02239381e-01
   7.41944330e-02
  -7.40519385e-01
  -1.29613586e+00
  -5.68762352e-01
  -6.24397823e-01
  -9.52214045e-01
  -2.19406701e+00
   1.30040136e+00
  -1.13851331e+00
  -8.41452306e-01
   2.44420636e-02
  -4.17212117e-01
  -1.15770180e+00
   3.57609655e-01
  -9.70237408e-01
  -1.09022649e+00
  -5.81395935e-01
  -5.35768896e-01
  -2.10471367e-01
  -4.98483198e-01
  -3.77911262e-01
  -1.20640824e-02
  -8.52614617e-02
   5.02879939e-01
  -1.61711060e+00
   6.96123723e-01
   2.15042124e+00
  -1.34075671e+00
  -9.12361783e-01
   2.77958934e-02
  -5.51591970e-01
   2.33566155e-01
   8.50188761e-01
   9.83485901e-02
  -1.00632571e+00
  -3.67637591e-01
  -1.32308662e+00
   1.09130628e-01
   7.57653150e-01
  -1.06617516e+00
  -3.94589830e-01
   6.16788929e-01
  -1.98257559e-01
   4.87278403e-01
  -1.09863422e+00
   1.55261753e+00
   2.23470938e-02
   1.47651088e+00
   2.55057595e-01
  -8.40011202e-01
   2.20847704e-01
  -1.61545127e+00
   1.04030882e+00
   1.46403329e+00
  -1.92029303e+00
  -1.47313942e+00
   1.75458066e+00
   1.23774071e-01
  -1.52267146e+00
   1.01142735e+00
   2.77645793e-02
  -5.31799030e-01
  -5.45366265e-02
  -1.37638454e+00
   9.88769301e-01
  -2.51431302e-01
  -1.29796477e+00
   5.58240339e-01
  -8.67901831e-02
  -6.95894306e-01
  -5.49122915e-01
   6.42719851e-02
  -8.63197560e-02
  -7.91536972e-01
  -1.54717373e+00
  -1.93130829e-01
  -3.20382708e-01
  -1.13743538e+00
   1.43823680e+00
  -1.11392973e+00
   9.66327055e-01
  -8.73124802e-01
   4.27078058e-01
   9.11689634e-01
  -9.56927654e-01
   1.56374763e-01
  -3.36244860e-01
  -2.88276099e-01
  -6.15503865e-01
  -8.69884396e-02
   2.85236218e-01
   1.74322672e+00
  -8.42175833e-01
  -6.02796997e-01
   3.24303629e-01
  -1.05409953e+00
   1.89772719e+00
  -2.84716505e-01
   5.29402790e-01
  -1.04422603e+00
   5.38592162e-01
  -2.40538414e-01
  -1.60107401e+00
   1.24756044e+00
  -2.02907665e-01
   1.48808313e+00
   5.51878054e-01
  -2.31972110e+00
  -4.58674413e-02
  -1.70399172e+00
  -2.87294061e-02
  -7.28416900e-01
   8.81285181e-02
   9.38620351e-02
  -6.80072159e-01
   6.41295749e-01
  -4.59668668e-01
  -1.41942097e+00
   2.43066371e-01
   2.26266750e+00
   7.94484089e-01
   1.66307317e+00
  -3.41668282e-01
   1.55836865e+00
  -4.45685017e-01
  -8.51452139e-01
   3.35244456e-01
  -8.46308524e-01
   1.49038737e+00
  -5.97371047e-01
   1.04857064e+00
  -6.34452568e-01
  -7.37740298e-01
   2.73523143e-01
   8.80918994e-01
   1.54103924e+00
   9.94185975e-01
   2.24733997e+00
   3.99762847e-01
  -1.82487550e+00
   5.44266512e-01
   5.63107364e-02
  -1.44658716e-01
  -4.00244481e-01
   9.98079047e-01
   2.22074950e-01
  -1.01585372e+00
  -1.44544069e+00
  -9.72478358e-01
   3.84228753e-01
  -1.15388407e+00
  -7.18960186e-01
  -2.03823986e+00
  -8.48598304e-01
  -2.16592803e-01
   9.34739104e-03
   1.84800636e+00
  -5.22693686e-01
  -3.95645507e-01
   1.51408160e+00
   8.94144053e-01
  -8.52119107e-01
   8.94879342e-02
   1.36414857e+00
   3.45576765e-01
   1.83284003e-01
  -2.31848504e-01
  -5.60643895e-01
  -3.11666211e-01
  -5.92645531e-01
   4.78889883e-01
  -1.21315234e+00
  -7.01529212e-01
  -5.59022117e-01
  -4.91141961e-01
  -9.48218796e-01
   5.73967256e-02
   8.63237783e-01
   1.97409633e-01
   6.56680074e-02
  -2.76321684e-01
  -1.52414036e+00
   1.57289362e-02
   1.50111951e-01
   2.85193371e+00
   2.01127836e+00
  -1.27295095e+00
  -7.85777304e-01
  -9.93154635e-02
   8.18240267e-03
  -7.64809130e-01
  -8.84857997e-01
  -1.81320783e+00
  -1.33503440e-02
  -6.17988420e-01
   1.37541745e+00
   6.21462382e-01
   1.03183383e+00
  -7.95865698e-01
  -9.11447457e-01
   2.59557099e+00
  -1.21353403e-01
  -7.26602392e-01
   1.13302504e+00
  -1.43429569e+00
   1.48030168e+00
   4.72720805e-01
  -1.47200904e+00
   1.56516786e+00
   2.41292910e-01
   1.70048889e+00
  -4.17342712e-02
  -4.82543748e-01
   1.45317685e+00
  -1.76132827e+00
  -7.86674467e-02
  -8.71860399e-01
   2.19689407e-01
  -1.49720329e+00
  -1.35876555e+00
  -1.28445984e-01
   6.04774443e-01
   8.08054972e-01
  -2.55585492e-01
  -2.01507193e+00
   6.63687869e-01
   6.57598127e-01
  -3.73557418e-02
   1.65470311e-01
  -6.32436108e-01
   8.66798552e-03
   2.66003174e+00
   2.30955031e+00
   4.38511951e-01
   5.81161835e-01
  -5.51390046e-01
  -1.78550084e+00
   8.74217395e-01
   7.73637396e-01
  -6.38368999e-01
   9.43497515e-02
  -1.22447498e+00
  -1.09507087e+00
   8.83163908e-01
  -5.89774528e-01
   4.36343802e-01
  -9.41714293e-01
  -1.66984937e+00
  -4.30511534e-01
  -1.50557947e+00
  -1.39746176e+00
   1.46017326e+00
   1.98321069e-01
  -8.83780166e-01
  -2.08007770e+00
  -6.21384700e-01
  -1.15619602e+00
   1.39619812e-01
  -1.15517527e+00
  -3.20035558e-01
   1.48256044e+00
   7.82527220e-01
   1.85212277e+00
  -4.59824794e-01
   5.90676550e-01
  -2.04703892e+00
  -1.28968130e-01
   6.44164798e-01
  -3.24734503e-01
   3.34039270e-02
  -2.02767072e-01
  -1.65933246e+00
  -4.97532258e-01
  -2.22933202e-01
  -1.04927218e+00
   3.52248483e-01
   2.54135138e-01
   2.28646056e+00
  -2.27555148e+00
  -3.49675741e-01
  -1.96859472e-01
  -8.09543826e-01
   1.42525399e+00
   1.72254720e+00
   4.12357866e-01
  -9.14247600e-01
   4.19354291e-01
   9.50106329e-01
  -1.52427204e+00
   2.03234758e+00
   3.26152754e-01
   1.19556740e+00
  -9.41529979e-01
  -1.04908645e+00
   8.07697308e-01
   1.23964050e+00
   5.79230825e-01
  -3.11865229e-01
  -5.01444786e-01
  -1.06954972e+00
  -2.97421248e-01
   6.59533255e-01
  -1.17833892e+00
  -1.09238269e+00
  -1.08745250e+00
  -1.18236229e+00
  -7.56193110e-01
   8.98556488e-01
  -7.23216780e-01
  -7.48765278e-01
  -1.35548042e+00
   1.76474725e-01
  -4.27936120e-01
  -1.53288991e+00
   7.76199014e-01
   8.14515047e-01
   4.03739265e-01
   6.74707357e-02
  -1.11605612e-01
  -1.32481713e+00
  -7.61352428e-01
  -1.91063364e-01
   2.50238986e+00
  -1.99701624e+00
   1.30639563e+00
  -4.94694316e-01
  -2.54067777e-01
  -1.58251615e-02
  -5.18810024e-01
   5.45594927e-01
   2.91690771e-01
   1.51970119e+00
   9.38256236e-01
  -2.39656781e+00
  -3.10970581e-02
   2.18235267e-01
  -6.52958207e-01
  -5.81110048e-01
  -1.10524032e+00
   2.52967380e-01
   3.23544493e-01
  -1.23102055e+00
  -7.28112811e-01
   6.29434579e-01
   3.68821979e-01
  -6.90591546e-01
   1.83678074e-01
   4.71509255e-01
  -1.14545017e+00
   6.82402075e-02
   1.39922428e+00
   7.44689139e-01
  -4.35423740e-01
  -3.35314233e-01
  -1.21154321e+00
  -9.89226824e-01
  -2.41939319e-01
  -7.90083926e-01
  -4.99828750e-01
   3.30855565e-03
   1.01055283e+00
  -1.32751886e+00
   2.03060423e-01
  -3.04550486e-01
   8.89886213e-01
   6.79447633e-02
   4.50554001e-01
  -7.25759770e-01
   1.63129151e+00
   1.31703960e+00
   1.70203910e-01
  -1.56410206e+00
  -7.52953906e-01
   1.06666359e+00
  -3.50483932e-01
   6.59698301e-01
  -3.77642939e-01
   9.51491047e-01
   3.46617893e-01
   7.61756376e-01
  -1.27174804e+00
   1.23227575e+00
   8.03500584e-01
   7.83011588e-02
  -3.37479865e-01
  -1.17276051e+00
  -2.90243742e-01
   7.80870466e-01
   5.52356916e-01
  -5.15054013e-01
   1.13983803e+00
   4.71052283e-01
   5.23483391e-01
  -1.34925133e+00
   1.26587830e+00
  -9.92774658e-01
   4.65945756e-01
  -7.72663029e-01
  -1.30331981e+00
  -7.78864473e-01
  -1.70170603e+00
   1.55274988e+00
   1.50839774e+00
   1.62220215e+00
   1.30024220e+00
   2.19374634e-01
  -1.78702628e+00
   1.18515583e-01
   6.96272081e-01
  -3.16585430e-01
  -5.51353519e-01
   4.79460497e-02
  -1.76694199e-01
   4.91266124e-01
  -2.48781566e-01
   5.72506436e-01
  -1.24524782e+00
   1.41068998e+00
   2.04845602e+00
   1.41304632e+00
   8.44098111e-01
   4.27148721e-01
  -1.39806066e+00
  -7.11148826e-01
   3.68185798e-01
  -2.25134786e-01
   9.07800602e-01
   3.33924854e+00
  -1.82767026e-02
   1.68443048e+00
   6.02693794e-02
   7.44775602e-01
  -1.74403949e+00
  -3.21955571e-01
   8.72384416e-01
   2.74327675e-01
   1.38430223e-01
   1.67294709e+00
   1.13009818e+00
   6.64725334e-02
   6.67101920e-02
  -6.70395763e-01
  -1.04180622e+00
  -3.26866117e-01
  -1.34390100e+00
  -1.11346214e+00
  -1.96709780e-01
   2.83254309e-01
   1.24240404e+00
   7.24836847e-01
   9.82395307e-01
   3.24488051e-01
   5.61042345e-01
  -5.90511607e-01
  -1.47055890e+00
   1.82953971e+00
  -6.25372499e-01
  -2.65507657e-01
   2.80565835e-01
   1.13953547e+00
   4.32287230e-01
  -1.65413187e+00
  -1.25822444e+00
  -1.51769388e+00
   2.73272347e-01
  -3.83860251e-05
  -3.82223122e-02
   2.07313748e+00
   1.92980180e-01
   2.22599712e+00
  -5.38000035e-01
   1.06792480e+00
   1.44418926e+00
   1.34936196e+00
   1.11330376e+00
   6.64064794e-01
   9.65969566e-02
   1.87865198e+00
  -1.28696147e+00
   1.71241662e-01
  -2.06839036e-01
  -4.94809013e-01
  -4.78813773e-01
  -8.03147343e-01
  -1.29925415e+00
  -1.72609083e-01
  -9.43317552e-01
   4.84178919e-01
  -2.26364510e-01
   3.29569377e-03
  -2.32142733e-01
  -2.57018196e+00
  -4.47387998e-01
   1.28086015e+00
  -2.56247467e+00
   1.95218680e-01
   3.98985729e-02
   1.07666181e+00
  -8.95402278e-01
  -8.76973360e-01
  -1.29267244e-01
   2.80157272e-01
  -3.10831525e-01
  -1.38669852e+00
   8.55972502e-01
   1.52095001e+00
  -1.22252141e+00
   8.05954807e-01
  -1.50930881e+00
  -5.17720403e-01
  -9.92942820e-01
  -1.88294795e-01
  -5.93698883e-02
  -6.84394644e-01
  -1.03392206e-01
   2.09180589e+00
  -1.71698389e+00
  -4.11207388e-01
  -2.27468109e-01
  -4.73101195e-02
   1.17888394e+00
  -2.81563207e+00
   4.60349080e-01
  -1.28118834e+00
  -6.11303488e-01
   1.78845847e-01
  -6.19810294e-01
   9.98281051e-01
  -7.05856834e-01
  -8.84819921e-01
   9.39226196e-01
  -1.09201952e+00
   8.47322599e-01
  -4.01217919e-01
   8.63356227e-01
  -9.15067561e-01
  -1.63223295e+00
   1.14536634e+00
   3.38015472e-01
   1.26930191e-01
  -4.13645222e-01
   2.75202466e-01
  -1.60348051e-01
  -6.93332512e-02
   2.43962754e-01
  -1.94279597e+00
   6.95742092e-01
  -1.70339183e+00
  -5.38449725e-02
   9.89488108e-01
   3.45005193e-01
  -1.22836423e+00
   8.70914924e-02
   5.62748555e-01
  -1.48204575e+00
   1.26708681e+00
   1.03177768e+00
  -1.45368441e+00
  -4.60422341e-01
  -1.46465715e+00
  -2.69137631e-01
  -8.92746176e-01
  -4.70580384e-01
  -1.39305666e+00
  -1.46996304e+00
   7.06292193e-01
   9.37677436e-01
  -7.02587772e-01
  -2.10926653e+00
   2.82579986e-01
   2.58773798e-01
   1.04293862e+00
   1.44804488e+00
  -1.10372975e+00
  -1.57852153e+00
  -4.81701520e-01
   7.74205291e-01
   6.24940969e-01
  -1.63981958e+00
  -7.56242329e-01
  -9.44952981e-01
  -5.26415903e-01
   2.04037405e+00
  -1.57943247e-01
   5.80543363e-01
  -1.21029449e+00
   2.83344626e+00
   5.25464982e-01
  -1.28424998e+00
   1.17056963e+00
   6.41701217e-01
   5.50318147e-03
   5.75413579e-02
  -1.14470622e+00
  -2.19008232e+00
   1.51333142e-01
   3.38294400e-01
  -2.64469728e+00
   5.39731086e-01
  -6.64575219e-01
  -9.64818833e-01
  -4.87561332e-01
  -1.55381900e+00
   7.95981985e-01
  -2.70667746e-01
   6.91169921e-01
  -3.70844323e-01
  -1.42204048e+00
  -8.10176721e-01
  -2.53716444e-03
  -7.58068877e-01
   1.05336754e+00
   2.81528140e-01
  -8.54702032e-01
   4.22949201e-02
  -9.44567049e-01
  -2.83253460e-01
  -1.55410449e+00
  -1.24655863e+00
   1.13390280e+00
   9.21963423e-01
  -1.26213382e+00
   4.39686349e-01
  -4.77316409e-01
   1.39610446e-02
   4.79021810e-01
  -3.80059719e-01
   2.06211442e-01
  -1.04594690e+00
  -7.40240000e-01
  -4.73142484e-01
   3.17933414e+00
  -5.63834827e-01
  -1.92192472e+00
  -1.63300797e+00
  -1.63816730e-01
  -1.28018432e+00
   1.66542436e-01
  -6.15690980e-01
   1.37173089e+00
   4.53147267e-01
   2.64827884e+00
  -4.73638941e-01
  -9.47574749e-02
   6.29925771e-01
  -4.41388844e-02
   3.54927522e-01
  -1.34366111e+00
   9.09837907e-02
   2.22230872e-01
  -3.44139943e-01
   1.33433017e+00
   6.21830876e-01
   1.64949832e-01
   2.62117357e+00
   1.01470584e-01
  -9.30664864e-01
  -5.34342517e-01
   3.27137047e-01
   1.22774166e+00
   1.01882887e+00
   3.30514555e-01
  -1.15192474e-01
   1.43893242e+00
  -3.04910966e+00
  -1.19476699e+00
  -1.33988203e+00
   7.35468087e-01
  -1.09326621e-01
   7.10814535e-01
  -1.69924835e+00
   2.77889908e-01
   3.25548487e-01
   1.24696675e+00
   1.29383907e+00
  -5.10751676e-01
   1.30671422e-01
  -5.60489729e-02
  -4.77560038e-01
   1.63569062e+00
  -5.91543698e-01
  -1.74406804e+00
   1.02621158e+00
   1.25156950e+00
  -4.56065515e-01
   1.17616690e+00
  -1.95520579e-02
  -5.06311587e-01
   2.77705551e-01
  -2.33012670e-02
  -2.57678953e-01
   6.25491920e-01
  -6.18506837e-01
   1.72021974e+00
  -2.34498728e-01
  -4.91808799e-02
  -1.75376194e-01
  -2.89340262e-01
  -1.03673660e+00
  -1.04204787e+00
   1.14303830e+00
   1.17008704e+00
  -2.30628311e-01
   3.24828948e-01
   1.86788494e+00
  -2.59647233e-01
   1.12095315e+00
   1.42516387e+00
  -1.18344311e+00
   1.05679863e+00
  -2.61915859e-02
  -9.36299038e-01
  -1.06704567e+00
  -8.93532176e-01
  -3.90998892e-01
  -1.06808637e+00
  -1.73566927e-01
  -3.17947296e-01
  -1.50084067e+00
  -4.55678029e-01
  -1.51926438e-01
  -8.05213950e-01
  -5.70293541e-01
   2.94330000e-01
   9.56460322e-02
   3.57657819e-01
   8.86455353e-01
  -1.33015372e-01
  -1.12888309e+00
  -4.58982913e-02
  -4.13856363e-02
  -8.56559038e-01
  -1.93497963e+00
  -8.49144325e-01
  -3.14044027e-01
  -1.43201976e+00
  -1.81632113e+00
  -8.56315386e-01
   6.01908424e-01
  -1.72958368e-01
   7.51428880e-01
   1.57203587e-01
  -6.19707624e-01
   5.13678550e-01
  -2.32851372e-01
  -4.51967226e-04
   7.43506304e-01
  -1.38614474e+00
   1.61621197e+00
   1.61394535e+00
   1.40788070e+00
   7.17886421e-01
   1.12071283e+00
   8.51950921e-02
  -1.09557700e+00
  -5.66493340e-01
  -2.11147472e-01
  -5.94597437e-01
  -1.66110866e-02
   1.58131847e-01
   5.47723602e-01
   1.52799000e+00
   2.83828576e-01
   9.29689441e-02
   6.95489776e-01
  -1.72698553e-01
  -7.19361235e-01
  -4.46761851e-01
   1.06772995e+00
  -9.82723630e-01
   3.28346755e-01
   1.09138811e+00
   1.49492977e+00
  -3.41598243e-01
  -3.46349847e-01
  -1.02644562e+00
  -6.13175366e-01
   6.58142611e-01
  -1.04149483e+00
  -1.89574399e-01
   1.54551510e-01
  -4.20938516e-01
  -1.59554765e+00
  -1.27792472e+00
  -4.58959339e-01
  -9.94709998e-01
   5.43221331e-01
   1.39831331e-01
   2.01149052e+00
  -1.16551203e-01
   6.50846031e-01
   4.03189709e-01
   5.09332201e-01
   1.69764723e+00
  -1.05172551e+00
   2.50789773e+00
   3.16025886e-01
  -2.27659801e+00
   6.74151155e-01
   1.94435040e+00
  -2.65519635e-01
  -9.03626471e-01
  -2.26183700e-01
   6.56478126e-01
   1.20751920e-01
  -7.69251375e-01
  -2.19953592e+00
  -5.26619878e-02
  -1.33753639e+00
   1.62283099e+00
  -2.80154535e-01
   4.72837766e-01
  -1.96003151e-01
  -1.33723613e+00
   1.41834092e+00
   1.52290762e+00
  -8.23633945e-01
   3.39669962e-01
   5.44439268e-01
   7.86771359e-01
   1.80123049e-01
   2.80305819e+00
  -2.62197566e-01
  -7.13036205e-02
   9.48442144e-01
  -1.18575184e-01
   8.13599255e-02
   2.18152583e-01
   1.83900350e+00
  -1.86389269e+00
  -8.56019814e-01
  -2.28368188e-01
  -4.35295682e-01
  -2.05693009e-01
  -3.98245115e-01
   1.23296587e+00
  -2.15620152e+00
   2.31409065e+00
  -3.65082877e-01
   2.25806421e+00
  -2.15557127e+00
   1.11061633e-01
  -8.21029821e-01
  -4.35965201e-01
  -1.50720285e-03
  -3.09103232e-01
   1.77360476e+00
   1.26422281e+00
   4.29987346e-01
  -1.43857189e+00
   9.95778033e-01
  -9.08904795e-01
   1.10119827e+00
   2.74071341e-01
   4.00732248e-01
   3.03094672e-01
  -1.04602274e+00
  -2.05889764e+00
  -1.52469722e+00
   5.46247150e-01
  -6.35365592e-01
   1.18901899e+00
  -1.88954293e-01
  -6.16700372e-01
   1.88922999e+00
  -1.31169503e+00
   5.63895597e-01
   1.10384316e+00
  -5.35019280e-01
   8.47655485e-01
  -1.15385332e+00
  -4.49099666e-01
  -1.95500169e+00
   2.42414304e+00
   7.33702574e-01
  -8.53175683e-01
   8.93221918e-04
  -1.25248695e+00
  -1.66250156e+00
   3.14418473e-01
   5.33426816e-01
   7.33577247e-01
  -1.47280351e+00
  -4.33783920e-01
  -1.04877568e+00
  -4.78138789e-01
  -7.02467876e-01
  -1.22457388e+00
   7.36511524e-01
  -5.11733783e-01
  -4.24063091e-01
  -4.22438402e-01
   1.81925926e+00
  -3.34820472e-01
   5.42326930e-02
   1.05935164e+00
  -6.36731997e-01
  -1.26879248e+00
   2.55482317e-01
   4.01432320e-01
   1.61752180e+00
  -3.86922487e-01
  -6.04986151e-01
  -1.82796581e+00
  -6.16422800e-01
  -8.56625906e-01
  -1.76433783e-01
   3.50396100e-01
  -5.04083120e-01
  -8.32735597e-01
  -2.77726692e-01
  -5.57009694e-03
  -8.33051891e-01
  -2.15036307e-01
  -4.88722721e-01
  -3.31050098e-01
  -2.87680020e-01
   8.34081250e-01
   8.65058098e-01
  -2.75524822e-01
  -1.72317413e+00
  -6.67231940e-01
  -6.35746650e-01
   1.35500264e+00
   3.36473113e+00
   1.18049880e+00
  -1.51962201e+00
   1.37701413e-01
  -8.19801844e-01
  -4.25438004e-01
  -4.12561897e-03
   1.27978777e-02
   5.70444916e-01
  -9.29645901e-01
  -7.20938064e-03
   7.05577279e-01
   1.86116835e+00
  -2.20454809e+00
  -1.48425335e-01
   1.29260982e+00
   5.14853926e-01
   2.57387648e-01
  -7.58172156e-01
  -1.72395819e+00
  -9.64486413e-01
   1.87839384e+00
  -7.80805238e-02
   5.71658541e-01
   3.56188808e-02
  -1.51790403e+00
  -7.25977660e-01
   3.27996520e-01
   4.28924663e-02
  -9.26764740e-02
   3.50610473e-01
  -5.18963302e-01
  -1.16707591e+00
   7.60553306e-02
  -2.51364291e-01
   4.72377594e-01
  -6.37673017e-01
   2.32362233e+00
  -7.77657458e-01
   4.08251978e-01
  -2.79526474e-01
   7.79652171e-01
   4.82545731e-02
  -4.17274872e-01
   1.42834694e+00
   5.37764398e-02
  -3.28364395e-01
   1.26760940e+00
  -2.77585208e-02
   2.03983297e+00
  -1.90464344e-01
  -8.15188251e-02
   2.56276065e-01
   1.53235504e+00
   4.00587256e-01
  -1.77941855e+00
   5.03823380e-01
  -6.74575209e-01
   9.01555068e-01
   1.88114129e+00
   4.58404146e-01
  -6.05283363e-01
  -1.89085080e+00
   4.80133963e-01
   6.29465120e-01
   4.73501188e-02
   4.42908184e-01
  -8.09339354e-01
   5.72136273e-01
   7.86713715e-02
  -1.48965947e+00
  -1.83989825e-01
  -4.62315676e-01
   3.30103923e-01
   1.83560993e-01
  -9.49117407e-01
  -5.39887081e-01
   1.15616823e+00
   1.23881782e-01
   1.20730126e+00
   3.75180597e-01
   8.34244493e-01
   3.33856440e-01
  -1.72426199e-01
  -3.58143545e-01
   2.99923049e-01
  -8.02004435e-01
   7.18103188e-01
   3.16729547e-01
   1.46131042e+00
  -1.09404304e+00
   1.90075603e-01
   2.07359361e-01
   6.65776539e-01
   7.30307021e-01
   5.29802935e-01
   1.34947053e+00
   1.81268887e+00
  -4.81767163e-02
   1.40474090e+00
   9.55864153e-01
  -2.46780622e+00
   1.15207805e+00
  -9.92355944e-01
   2.31399165e+00
  -8.21311002e-01
  -1.42121119e+00
   7.59624747e-01
  -3.67540150e-01
  -1.56855779e+00
  -7.13751503e-03
   9.28312705e-01
   6.45202211e-01
   1.62383773e+00
   5.90225769e-01
   1.11357008e+00
  -1.39419702e+00
  -1.04002068e+00
  -1.19886389e+00
  -3.03895898e+00
  -3.66177966e-01
  -1.86944811e+00
   4.59531201e-02
   2.50152729e-01
   2.06129052e+00
  -1.73299050e+00
   1.02275551e+00
   2.07849948e-02
  -5.92855464e-01
   9.37058443e-01
  -1.61226089e+00
   3.80490923e-01
   2.01725914e+00
   3.83351954e-01
  -1.10387084e+00
  -7.06166879e-01
  -1.07815918e+00
  -3.66989057e-01
   1.20952019e+00
  -6.70171478e-01
   5.94647929e-02
   1.62554096e+00
   2.37412644e-02
   1.74913960e+00
   1.01019345e+00
   1.60739784e-01
  -1.15699564e+00
   4.76486557e-01
  -1.20212923e+00
   2.19430724e+00
   8.35771441e-01
  -1.23547813e+00
  -1.22105478e-01
  -2.29610256e+00
   3.27541808e-01
   3.60061889e-01
   2.33969287e-03
  -1.43160916e+00
  -8.35999683e-02
  -6.11248984e-01
  -8.00647194e-01
   3.28072207e-01
  -1.21106731e+00
  -1.15024868e+00
  -8.35290219e-01
  -1.35440947e+00
  -1.45700496e+00
  -1.29225002e-01
  -1.38256900e+00
  -1.50087258e+00
   4.68509015e-01
  -8.60955622e-01
  -7.16899954e-01
   1.39367751e+00
  -2.96374093e-01
   4.84106618e-01
  -1.20857536e+00
   6.07397356e-01
  -9.67438642e-01
   1.60912260e+00
  -8.47730713e-01
  -5.12160214e-01
   1.80042712e+00
  -9.72242863e-01
  -2.32539141e+00
   2.00082263e+00
  -8.50399116e-01
   9.99471993e-01
   1.54357810e+00
   1.41829135e-01
  -1.18237678e+00
  -1.70358806e+00
  -9.53528301e-01
  -1.09028399e+00
   9.58009972e-01
   2.93504062e-01
   1.28553305e+00
  -4.97427712e-01
   1.06247081e+00
   9.02541465e-01
  -2.38936668e-01
   1.64376920e+00
   2.45792889e-01
  -1.46491058e+00
  -1.11804480e+00
  -8.57700067e-01
  -8.11383347e-01
  -7.76211668e-01
   4.49527280e-01
   3.56090954e-01
  -5.86268409e-01
   1.08423782e-01
  -7.00008629e-02
   9.85526721e-01
  -3.42874702e-01
  -4.18192779e-01
  -1.39381018e+00
  -4.64769610e-01
  -1.85764210e-02
   1.06854035e-01
   1.05945392e+00
   1.12953557e+00
   3.46881299e-01
  -1.21836842e+00
   4.02400470e-01
   9.67495775e-03
  -7.46676396e-01
   1.48206124e-01
   4.58498270e-01
  -4.45889290e-01
   1.58602079e+00
   2.85873164e-01
  -9.55268478e-01
  -8.40802133e-01
  -2.20625695e-01
  -8.10870849e-01
  -3.84358500e-01
  -2.92567822e-01
  -2.13520427e-01
  -8.69454909e-01
   1.15329500e+00
  -3.17258977e-01
   5.86876461e-01
  -8.38190566e-01
  -1.47831785e-01
  -7.56337572e-01
  -1.65871793e+00
   1.12735262e+00
   4.74851200e-01
  -2.55002894e-01
   9.44443148e-01
  -1.23726444e+00
  -1.97530693e-01
   3.07200599e-01
  -8.85976750e-01
  -5.99813269e-01
   1.38782121e+00
  -7.10906014e-01
  -3.71064681e-01
   1.09827270e+00
   1.72221058e+00
   1.08085792e+00
  -9.93366546e-01
   8.89499428e-02
   7.67653671e-02
   7.12065073e-01
  -1.02886361e-01
  -1.06206625e+00
   5.87375548e-01
  -9.89662180e-01
   2.38947770e+00
   2.14818619e-01
  -5.41503983e-01
  -8.31558747e-01
  -4.42862341e-01
  -4.03028525e-01
  -6.24504922e-01
  -1.79270290e+00
  -1.51623441e+00
  -5.88933583e-01
  -3.18693905e-01
  -1.06464495e+00
  -1.03980989e+00
   1.32187404e+00
   1.32629508e+00
  -9.28694062e-01
   1.74092798e+00
  -1.38700500e-02
   5.41543647e-01
  -1.10631028e+00
   4.76219334e-01
   5.19375393e-01
   3.52756238e-01
   4.52765966e-01
  -1.17109448e+00
  -1.43012866e-01
  -1.77496401e+00
  -1.46589621e+00
   2.70650571e-02
  -9.90690942e-01
   1.28987454e+00
   7.09459657e-02
   1.22762461e+00
  -6.30664031e-01
  -1.05659989e+00
  -1.89467200e-01
   4.19987696e-01
  -4.19288545e-01
  -1.38329573e+00
  -4.26754708e-01
  -1.51754780e-01
   1.83990985e-01
  -8.37487939e-01
  -1.34658876e-01
  -4.82746523e-01
   8.51440717e-01
  -6.32388066e-01
  -8.11057950e-01
  -4.04610920e-02
  -1.04738208e-01
  -1.41097368e-01
   7.58425771e-01
  -2.18826505e-01
  -1.94221815e-01
   2.39228034e-01
  -2.08278625e-01
  -1.83869090e+00
   1.44350666e+00
  -1.75869310e+00
  -1.67540438e+00
   4.33146142e-01
   1.75523259e-01
  -4.99544660e-02
   1.03619659e+00
  -1.35883744e+00
   1.71323846e+00
   1.25522902e+00
  -8.36697419e-01
  -2.05607068e-01
  -1.08916270e+00
   8.92214441e-01
  -4.59745324e-01
  -9.77743525e-02
   6.60870030e-01
  -6.46394421e-01
   5.82178180e-01
