   1.29181622e+00
   9.82268156e-01
   2.28073714e-01
   1.37220774e-01
   2.66902005e-01
   5.57482759e-01
  -1.59452797e+00
   2.52658606e-01
   5.75450193e-01
   7.10328830e-01
   8.02669580e-01
  -1.10359400e+00
  -7.14563630e-02
  -4.66877012e-01
  -1.73298348e+00
  -7.43154377e-01
   1.50491083e+00
  -5.51350267e-01
  -2.73138781e-01
   1.17302699e+00
  -4.45563138e-01
  -7.27978783e-01
  -1.29669580e+00
  -1.42562151e+00
   4.94656184e-01
   9.73244039e-01
  -3.19909895e-01
  -1.84088040e+00
  -5.25007431e-01
   3.74476190e-01
   1.20983491e+00
   4.84070790e-01
  -1.45620352e+00
  -1.45567138e-02
  -4.69379694e-01
  -1.14098813e-01
  -3.38713617e-01
  -5.54930328e-01
   2.83723293e-01
   8.51701255e-01
   1.47111341e+00
   1.07351685e+00
   1.05685351e+00
  -4.60703334e-01
   1.43722685e+00
   3.12037002e-01
  -1.02230060e+00
  -7.15433559e-01
  -1.68132147e-02
   4.32861954e-04
  -2.51207027e-01
   6.50039171e-01
  -2.72767198e-01
   3.77504286e-01
   1.26840578e+00
   9.81321640e-02
   4.62005435e-01
  -2.48025137e+00
  -5.26996772e-01
   5.20155053e-01
   2.16654902e-01
  -6.36259692e-01
  -1.76657862e+00
  -1.56459028e+00
  -3.88007698e-01
   6.33326504e-01
  -6.04680557e-01
   2.83253288e-01
   7.50031389e-01
  -1.13241233e+00
  -1.99607086e+00
   1.39622055e+00
  -1.78232720e+00
  -1.05254020e-01
  -5.67950294e-01
  -2.70100479e-01
   1.08588616e+00
  -2.82598094e-01
   4.03363833e-01
  -1.98158654e+00
   6.77315814e-01
  -1.81174646e+00
  -6.50624792e-01
  -4.65009037e-01
   2.13490550e-02
  -1.28354409e+00
  -3.63242674e-01
   5.60763018e-01
   8.24289345e-01
  -1.29181182e-02
  -2.16864674e-01
   5.61629991e-01
  -7.82290069e-01
  -5.35765298e-01
  -3.47057332e-01
  -1.92387523e-01
   2.80143975e-01
  -3.86594062e-01
   8.93811947e-01
  -1.95436061e+00
  -7.80322384e-01
   1.39108236e+00
   1.03621641e+00
   3.33209991e-01
  -1.10486955e+00
  -9.85299495e-01
   8.17534261e-01
   1.47210568e+00
  -2.96607871e-01
   4.24688557e-01
  -4.77232767e-01
  -2.07454078e+00
  -1.57771011e+00
   6.81327129e-01
  -1.22689203e+00
  -5.74008317e-01
   1.04541862e+00
   4.80745335e-01
   1.67386083e+00
  -1.88578549e+00
  -5.36971311e-01
   1.77857228e+00
   1.26183820e-01
   2.10836898e+00
  -9.00838108e-01
  -3.13459692e-01
  -1.00791301e+00
   1.14519763e+00
  -3.25743815e-01
  -1.97114872e+00
  -1.29211241e-01
   9.47571826e-02
   1.78728423e-03
  -8.89908423e-03
   1.04380001e+00
   7.81196143e-01
  -5.52967240e-01
   1.01079353e-01
   5.29582718e-01
  -2.49209016e+00
   1.17278834e+00
   1.38457032e+00
  -1.45807289e+00
   8.13524363e-01
  -1.32891348e+00
  -4.44146745e-01
  -1.51389104e+00
   1.47772146e+00
  -7.69198878e-01
   1.54756983e+00
  -1.22823269e+00
  -9.00182530e-01
   8.97973049e-02
   1.22877750e+00
   1.55929404e-01
   4.90124152e-01
   1.10970831e+00
   1.84970491e+00
   1.98279564e-01
   5.95351572e-01
  -7.77771069e-01
   8.02826783e-02
   8.35509810e-01
   6.96922131e-01
   3.46667074e-01
   4.95022469e-01
  -6.28415229e-01
  -7.66068880e-01
   1.28456754e+00
   1.92273491e-01
   4.55220844e-01
   5.59707743e-01
  -6.29045564e-01
  -9.72845320e-01
   1.12468202e-01
  -8.69846143e-01
   7.71139333e-01
  -2.40688383e+00
  -8.19148350e-02
   1.60193730e+00
  -2.87498116e-01
  -1.03423137e-01
   1.06683211e+00
   4.65828692e-01
   1.11995310e+00
  -1.18473968e-01
   9.33957344e-01
  -1.10895069e+00
  -8.66767588e-02
   2.46914582e+00
  -1.75528991e+00
   1.43077019e+00
   1.29944500e+00
  -6.45217176e-01
  -8.11387960e-01
  -4.52944891e-01
   5.40783206e-01
  -3.15165937e-01
   7.70742190e-01
   7.40871385e-01
  -1.43878616e+00
   5.23703146e-01
  -5.87949957e-01
   1.44926637e+00
   1.94868770e-01
  -2.20200640e-01
   2.18731011e+00
   2.47476069e-02
   6.29197120e-01
   1.27622951e+00
   7.11577724e-03
  -1.67884055e+00
   8.86007899e-01
  -1.42406933e+00
   5.68892272e-01
  -1.60128306e-01
   6.70773449e-01
   4.23565590e-01
   6.67725949e-01
   1.64825275e-01
   1.06276056e+00
  -2.55272799e-01
   6.55223914e-01
  -3.28398621e-01
  -1.33029043e+00
   9.98302708e-01
  -1.24901751e+00
   5.71941349e-01
   3.03864618e-01
  -1.03100572e+00
   3.49366995e-01
   1.26967971e-01
   9.79702143e-01
  -1.09778806e+00
   1.16146379e+00
   1.05068031e+00
  -2.59477007e-01
   2.81626334e-01
   1.85487615e+00
   2.45182222e+00
  -8.37423929e-01
   3.79365990e-01
   4.54733163e-01
   4.20985432e-01
  -4.11799393e-01
  -8.51835473e-01
   9.99001149e-01
   5.84270784e-01
  -3.12902855e-01
  -1.67591785e-01
  -8.07681083e-01
   6.53977187e-01
  -5.83762108e-01
  -1.41754671e+00
   7.20036745e-01
  -2.00029520e-01
  -7.08815708e-01
  -1.01520164e-01
   1.36034605e+00
   7.24543552e-01
  -5.84352585e-01
   1.02369296e+00
   3.74695445e-01
   1.42858458e+00
  -3.08890232e-01
   5.59892801e-01
   1.83006590e+00
  -8.88242663e-01
   7.77118404e-01
   2.91348437e+00
   9.60085339e-03
  -3.75534720e-01
  -2.38727403e-01
  -6.06460461e-01
  -5.55070681e-01
   8.86194933e-01
   1.55381959e+00
   3.16301079e-01
   7.63968317e-01
  -4.14458838e-01
   9.78847429e-02
  -3.65718289e-01
  -1.33531291e+00
  -7.97003179e-01
   1.65044824e-01
  -7.10507153e-01
   3.87603140e-01
  -4.65507202e-01
   7.75948003e-01
  -4.14506459e-01
   2.50216009e-01
   1.32440161e+00
   3.77312014e-01
   8.02533686e-01
   4.20352895e-01
  -1.79525392e+00
   3.53492560e-01
   1.19025886e+00
  -9.46594165e-01
   1.13668110e+00
  -6.25558205e-02
  -1.73576803e-01
  -4.27139047e-01
  -9.13260026e-01
  -1.29795006e+00
   3.76710000e-01
   1.97281644e-01
   1.07099336e+00
   2.36184372e-01
   1.40643571e-01
   1.85837563e+00
   2.08438491e-01
   1.51028242e+00
  -1.03617948e-01
   2.74171235e-01
  -9.03034157e-01
   8.34428689e-01
   1.27904873e+00
   1.71266177e+00
  -2.22992171e-01
  -1.83590220e-02
   2.26108148e+00
  -3.86971574e-02
   6.38080350e-01
  -1.24343919e+00
   6.62337656e-01
   1.30229349e-01
   1.30556014e+00
  -9.63402893e-02
  -1.53872998e+00
  -3.61424691e-02
   7.58284584e-01
   1.02990564e+00
   8.50964484e-01
   1.60695208e+00
   1.19149367e+00
  -7.89311711e-01
   2.74410493e-01
   5.58310217e-01
  -1.35821933e+00
  -2.80269624e-01
  -1.21521467e+00
  -2.51970714e+00
  -1.02682108e+00
   1.72388436e+00
   3.14966707e-01
  -7.87618465e-01
   6.47280893e-01
  -6.89979746e-01
   2.29065612e+00
   8.70799022e-01
   1.01739308e+00
  -9.08650411e-01
   1.08040665e+00
   1.27601951e-01
   5.74397754e-01
  -1.74152129e-01
   1.08467123e+00
   3.51612747e-01
   3.33218475e-01
  -1.50877800e+00
   1.15562340e+00
  -1.77714807e+00
   7.46376718e-01
  -1.43000990e+00
   5.92934261e-01
  -1.20818657e+00
   7.28513175e-01
  -1.91806323e+00
   3.99896129e-01
  -2.13660786e+00
  -1.62273291e+00
   6.43493325e-02
   1.82259785e+00
  -5.86657440e-02
  -4.53572165e-02
   7.95142559e-01
  -1.36511387e+00
   4.99867784e-01
  -1.48735792e-01
  -7.81470129e-01
  -6.39729810e-01
  -2.01905118e+00
   9.42503174e-01
   1.62473365e+00
   8.75332136e-02
  -7.58879820e-02
   3.55570459e-01
   6.39387942e-01
   2.84445693e-02
  -7.58884369e-01
   2.19206297e-01
   1.81039679e+00
  -1.46070849e+00
   8.16329127e-02
  -8.73179193e-01
  -9.57390967e-01
   1.68474369e+00
   1.04055194e+00
  -5.46643948e-01
  -1.06413493e+00
  -1.11044249e+00
  -9.26609183e-01
   1.91461745e+00
  -1.46585667e-01
   5.62003654e-01
  -7.90817142e-01
   5.36532124e-01
  -1.14701326e+00
  -1.27247059e-01
  -1.66293768e-01
   4.49286018e-01
  -5.44378786e-01
   1.06763292e+00
  -4.82837469e-01
   1.88259710e+00
  -1.58321466e+00
   2.49642532e+00
   1.12865865e+00
  -5.62624263e-01
  -9.06807631e-01
   1.66172978e+00
  -1.45253584e+00
   1.20686064e+00
   1.06039286e+00
   1.12231916e+00
  -1.73844439e+00
   1.11577334e-01
   4.09592839e-01
   7.45575664e-01
  -6.09421837e-01
   7.43362589e-01
  -9.09497924e-02
   5.79523102e-01
  -2.06583852e-01
   1.21039062e+00
   8.11818482e-01
  -1.24840666e+00
   5.93168711e-01
   3.15790665e-01
  -6.24627620e-02
  -2.46314362e+00
   3.42365871e-01
   8.88727598e-01
   5.90165794e-01
  -1.47438246e+00
  -1.58984104e+00
  -9.17738671e-01
  -2.64291157e-01
  -5.63326956e-01
  -2.41152654e+00
  -2.58539529e-01
   1.36992260e+00
  -5.08835547e-01
  -1.43152550e+00
   8.48537597e-01
   8.54696244e-01
   2.02450563e+00
  -5.41885513e-02
   6.45467672e-01
   8.83785138e-01
  -2.25132712e+00
  -2.21022720e-01
   5.11654138e-01
   3.48033301e-01
  -9.90236123e-02
  -1.91371316e+00
  -4.94399709e-01
   5.26097041e-01
   1.67615417e+00
   2.18107564e-01
   3.75720519e-01
  -7.43883138e-01
   2.28834914e+00
  -5.97933380e-01
   4.13992429e-01
  -4.53716886e-01
   1.25957599e+00
   9.38704450e-01
  -9.93408633e-01
   1.69900379e+00
   1.60949180e+00
   7.33179131e-01
  -9.76312904e-02
  -6.03280607e-01
   4.03638553e-01
   8.39349629e-01
   8.06248511e-01
   5.01419262e-01
  -1.53640286e+00
   4.22805308e-01
   1.84018010e+00
  -6.47935249e-01
  -6.59467341e-01
   3.51884273e-01
  -1.00423204e+00
  -5.16550623e-01
  -3.03210571e-01
  -1.52150000e-01
   5.19290529e-01
  -7.29592280e-01
  -5.76064042e-01
  -9.44754368e-01
   5.62492177e-01
   8.90405373e-01
   1.57284280e+00
  -1.29538585e+00
   3.25146082e-02
  -3.31725535e-01
  -9.26098179e-03
   3.83029512e-01
  -1.42447732e-01
  -8.01575989e-01
   8.16272487e-01
  -1.27394495e-01
  -1.29550075e+00
  -2.22358902e+00
   1.19023917e+00
  -1.07514153e+00
   4.37616920e-01
   1.11714388e+00
   1.18359812e+00
  -2.07112868e+00
  -9.01439851e-01
  -5.76430889e-01
   1.61785284e+00
  -1.06679420e+00
  -8.78595507e-01
  -1.61079934e+00
  -1.40573076e+00
  -7.37493427e-01
   7.13227254e-01
  -9.04347235e-01
   6.54370722e-01
  -4.70468367e-01
   7.59914270e-01
   1.38421674e+00
   6.12147762e-01
  -5.23250868e-01
   5.93694275e-01
  -2.80256526e-01
   2.55203930e-01
  -4.34213663e-01
  -7.97355961e-04
   8.50163730e-01
  -1.70730805e+00
  -5.63291103e-01
  -1.18896787e+00
  -4.81786498e-02
   4.59816357e-01
  -4.58691871e-01
  -7.57992419e-02
   1.95765446e-01
  -2.97887686e-01
  -1.17915768e+00
   1.49451823e+00
   1.16488346e+00
  -8.97624376e-02
   1.00979900e+00
   4.20993797e-01
  -4.92911053e-01
   7.16525620e-01
   7.37972620e-01
   1.27346335e+00
   1.95075342e-01
   1.78542438e+00
   3.17159481e-01
   5.41214029e-01
  -4.01831936e-01
  -1.57011425e+00
  -1.40631689e-01
  -4.24999213e-01
  -1.96686973e-01
   1.22373632e+00
  -1.10433542e+00
   5.31089718e-01
   3.90970476e-01
   1.16105233e+00
  -7.57610236e-01
   2.21378115e+00
  -3.92786649e-01
   4.99433115e-01
   5.30883738e-01
   1.22121479e-01
   3.47293500e-01
   1.47766614e-01
  -5.40970241e-01
   5.91032911e-02
   2.75586611e-01
   2.46696167e-01
  -3.44838719e-01
  -8.49284172e-01
   5.36145374e-01
  -1.73852943e-01
  -2.86529187e-01
   1.46489203e+00
  -6.53306797e-01
  -3.69091669e-01
  -5.94347988e-01
   5.15153809e-01
   6.22398175e-02
   1.83135186e-01
  -2.77672748e-01
  -1.79847108e+00
   1.33285320e+00
   2.11641200e+00
   1.23664223e+00
   3.80952190e-01
   4.64323110e-01
   1.14104752e+00
   3.10039664e-01
  -1.61505346e+00
  -4.19869154e-01
  -2.76307493e-01
  -3.94462089e-01
   1.55081758e-01
   2.24229575e+00
  -1.30382046e+00
  -1.85581022e-01
  -6.88315852e-02
  -2.17381664e+00
  -7.17464521e-03
   2.45493578e-01
   3.26555705e-02
  -1.18482949e+00
  -6.41009031e-01
   4.39521047e-01
   1.79308414e+00
  -6.87461579e-02
   2.05922265e-01
  -1.02542351e+00
  -6.08242263e-01
  -5.71362512e-01
  -1.02670182e+00
  -9.59116604e-01
  -9.14476785e-01
  -4.42030975e-01
   5.16658167e-01
  -1.97898794e+00
  -4.12608784e-01
   3.39775653e-01
  -1.75046762e+00
  -1.21794395e+00
  -2.03151579e-01
  -2.68726793e-01
   8.73317407e-01
  -2.51578862e-01
   1.10139774e+00
  -3.04210954e-01
   8.93742681e-01
   8.90111178e-01
  -4.31361774e-01
   8.81531743e-01
  -1.49348978e+00
  -1.60931979e-01
   6.03534237e-03
   7.05019192e-01
  -5.99735749e-01
  -1.30083396e+00
  -3.10631159e-02
   2.65366349e-02
  -1.05563319e+00
  -4.77737622e-03
   5.34202079e-01
  -5.65598862e-01
   1.51794130e-01
  -1.03473082e-01
  -1.29299354e+00
   2.02045857e-01
  -1.16998499e+00
  -2.02221714e-01
  -1.97553911e+00
   7.29065060e-01
   4.38036170e-01
  -9.41139530e-01
   4.91978998e-01
  -4.71151522e-01
   3.76236544e-01
  -1.12123370e+00
   3.47659646e-02
   6.21123130e-01
  -6.37675822e-01
   1.08514158e-01
  -1.60276474e-01
  -4.80415425e-01
   4.00954794e-01
  -5.34011355e-02
   1.01332289e+00
  -2.74735703e+00
   3.70221612e-01
  -3.15278945e-01
   3.23707525e-01
   1.61657949e+00
   1.00210397e+00
  -7.96047544e-01
  -2.92630550e-01
  -1.35557802e+00
  -2.23034645e-01
   3.12097924e-01
   3.01595860e-02
   9.06795820e-01
  -9.83790985e-01
  -1.00216418e+00
   7.43020029e-01
   3.73677801e-01
  -1.36214505e+00
   1.51039488e+00
   2.96943412e+00
   2.22971609e+00
  -4.37167374e-01
  -8.29951674e-02
   1.59632677e+00
   5.44009822e-01
   3.24112947e-01
   1.30824983e+00
   6.87937069e-01
   1.06792367e+00
  -4.03079881e-01
   8.59966228e-01
   3.04509260e-01
   8.73228162e-02
   1.14857143e+00
   9.95126278e-01
  -1.56143154e-01
   1.50471288e-01
   2.70341967e-01
   1.61345863e+00
   1.41028250e-01
   1.45474524e+00
  -1.07127909e+00
  -2.62267122e-01
   1.10420084e+00
  -3.45582067e-01
  -1.27782830e+00
  -8.72124722e-01
  -1.76924498e+00
   2.50445334e-01
   1.89528038e+00
   7.39048404e-01
   1.09416256e+00
   7.38721900e-01
  -3.78274204e-01
  -5.01532964e-01
   6.98820710e-01
  -3.56051277e-01
   3.59769517e-01
  -6.38179546e-01
   8.23727191e-01
   4.62027847e-01
  -1.98241447e+00
  -7.87200441e-01
   1.23051147e-01
  -3.91850991e-01
   1.03710574e+00
   9.50123383e-01
  -9.68863315e-01
  -1.17934082e+00
  -8.61033286e-02
  -9.25905768e-01
   8.57325888e-01
  -1.44167956e+00
   2.23447012e-01
  -7.75190538e-01
   2.00482753e-01
   7.53477197e-01
   1.03998236e+00
  -1.35105504e+00
  -4.03549071e-01
  -2.12189896e-01
   2.41423387e-02
  -1.59372110e+00
   1.57274250e+00
  -1.35034412e+00
  -7.00088486e-01
   6.12541985e-01
   2.80540585e-01
  -4.78845460e-02
  -1.85788199e+00
   1.23102172e+00
  -9.54546655e-01
  -1.13977872e+00
  -2.24714500e-02
  -9.05036344e-01
  -1.16594313e+00
   5.22250231e-01
  -1.13215558e+00
  -5.05807470e-01
  -4.85031731e-01
   8.71051795e-02
   1.08164970e+00
   9.06658862e-01
  -1.67805066e-01
  -9.37054213e-01
   2.70901805e-01
   1.44534035e+00
   1.39876628e+00
  -1.21879105e+00
   1.15052191e-01
   2.59303588e+00
   3.32683470e-01
  -4.61951932e-01
   1.04299816e+00
   1.05074835e+00
  -4.35458573e-01
   1.83691338e+00
  -2.19426739e+00
   1.24736504e+00
  -7.04011009e-01
   6.94862472e-01
   8.08021721e-01
  -1.80091584e+00
   7.04197923e-02
  -1.62765837e+00
   6.50480856e-01
  -5.35992303e-01
  -1.33583169e-01
  -9.58856139e-02
   1.66575612e+00
   3.19630494e-01
   1.89543842e+00
   2.25858606e-01
   2.93261799e-01
   2.25267687e-01
  -1.25475401e+00
  -1.23089924e+00
   8.98595982e-01
  -7.46155456e-01
  -9.29189487e-01
   1.16174407e+00
  -2.26970329e-01
  -3.34147409e-01
  -9.06595726e-01
  -6.01116346e-01
   1.26882667e+00
  -1.19438936e-01
   1.42405823e+00
  -4.99418918e-01
   1.81591682e-01
   1.73340491e+00
  -1.10485523e+00
   6.07862665e-01
   2.73143304e-01
   3.31539834e+00
  -5.62942192e-01
   3.23341495e-01
  -1.57149103e-02
  -6.11128270e-01
  -1.57022769e+00
   1.23053315e+00
  -5.48108923e-01
   2.02846639e+00
  -9.69076066e-01
   2.57148001e-01
  -1.44336977e-01
   1.22322884e+00
  -4.27311717e-01
   6.19053958e-01
  -1.46396752e+00
  -7.56857720e-01
   1.49731353e+00
   3.55054294e-01
   2.15296414e-01
   6.96336305e-01
   5.61411126e-01
   3.24886976e-01
  -2.28855088e+00
  -9.89961611e-01
  -2.39949408e-01
  -7.25508183e-02
   5.29083059e-01
  -4.65159603e-01
   4.77462067e-01
  -6.87235412e-01
  -9.41368629e-01
  -1.12180946e-01
  -4.65200845e-01
  -1.92553021e-01
  -9.08326456e-01
   1.39490177e+00
   6.87172416e-01
  -1.09269123e+00
  -1.02548584e+00
  -8.63913546e-01
   1.14708488e-01
   3.80921816e-01
  -1.34510224e+00
   1.33778052e-01
  -1.72468975e+00
  -6.88686680e-01
   1.12968395e+00
  -1.19386682e+00
   2.34660041e-03
   2.05306594e-01
   1.51740220e+00
  -7.43094311e-02
  -6.74898469e-02
   3.67831030e-01
   1.90021657e+00
   7.77560754e-01
   1.27120944e+00
  -6.37374395e-01
   1.87073361e-01
  -3.25045657e-01
  -8.44564946e-01
   1.32119886e+00
   1.72668981e-02
  -8.66023745e-01
  -3.95601207e-01
   1.22548650e+00
   6.62913003e-01
   6.76245854e-01
   1.07059984e+00
   1.60082016e+00
   4.14855005e-01
  -9.45948762e-01
  -2.18006297e-01
  -1.49009046e+00
  -4.74893645e-01
   1.16621572e+00
   5.62808504e-01
   9.38030825e-01
   7.37036976e-01
   7.16860910e-01
  -8.54421642e-01
   8.09801429e-01
   1.04813990e+00
  -1.56148335e-01
  -7.88560541e-01
  -2.43587327e-01
   2.97376945e-02
  -4.25600897e-01
   7.43178412e-02
  -3.06480883e-01
  -1.86056669e-01
  -5.23993987e-01
  -2.02318807e+00
   2.10025441e-01
  -1.16483662e+00
  -8.79186663e-01
  -7.55623780e-01
  -4.68588516e-01
  -1.20108455e-01
   1.32417329e+00
   7.82076388e-01
  -1.41650478e+00
  -1.27220066e+00
   4.96621660e-01
  -1.33535411e+00
   3.13071013e-01
   7.94425057e-01
   1.18348852e+00
   2.23891007e+00
  -5.92634226e-01
   3.35464390e-01
  -1.48268137e+00
   1.13579904e+00
   9.67856901e-01
   7.62373781e-01
   1.98533545e+00
  -4.48924536e-01
  -2.83576386e-01
  -7.33558838e-01
  -9.82234245e-01
   2.74173520e-01
   2.44310005e-01
   4.50754024e-01
   1.24957816e+00
  -4.62473593e-01
  -1.58555381e+00
   6.65083624e-01
  -5.95177051e-01
  -1.36437847e+00
  -6.60186858e-01
   1.93041011e-01
  -8.45132698e-01
   1.66255687e+00
  -3.26927865e-01
   9.74503955e-02
   2.01716325e-01
   2.75338282e-01
   5.63082653e-01
   3.93707824e-02
  -1.10300352e+00
   4.52806879e-01
   1.46315642e-01
   5.59220094e-01
   2.87877511e-01
  -1.46819030e-01
   8.23777713e-02
   3.75592199e-02
   3.05694939e-01
   9.52710101e-02
   1.35638861e+00
   4.46475841e-01
   7.89001258e-02
  -8.22629790e-01
   7.42354451e-01
  -1.35980505e+00
  -6.80568365e-01
  -1.11061169e+00
  -7.31055656e-01
   1.19247346e+00
   9.46035519e-01
  -3.26624848e-02
   2.21890168e+00
  -4.62357686e-01
  -2.00687491e+00
   8.81189324e-01
  -9.42403379e-01
  -3.10313445e-01
   5.21822649e-01
  -7.13052879e-01
  -3.78872879e-01
  -3.91907886e-01
  -1.04079741e+00
   2.05897754e-02
  -1.02005776e+00
  -2.11002435e-01
   2.43245063e-01
  -1.41870379e+00
   7.75208052e-01
  -6.43511964e-01
   4.78272495e-01
   8.49414068e-01
   6.51717608e-01
  -2.65315959e-01
   1.27868103e+00
   1.12451416e-01
  -9.78130133e-01
   8.83596421e-01
   7.02302734e-01
   7.03125793e-02
  -2.22390537e-01
  -4.72516783e-02
   3.35009909e-01
  -7.82206068e-01
   3.72686222e-01
   6.86507425e-02
  -2.13344364e+00
  -2.94901168e+00
  -1.02914032e+00
  -5.59618079e-01
   3.58714280e-01
   1.90830381e-01
  -4.19293075e-02
   3.84206414e-01
   2.22378086e-01
   8.84139109e-02
   3.48401365e-01
  -4.06314042e-01
  -4.15437113e-01
  -2.70075227e-01
  -8.04348903e-01
  -2.80399557e+00
   3.26379915e-01
  -3.72785709e-01
  -8.43563198e-01
  -1.16398409e+00
   9.64412669e-01
  -6.65337145e-02
   5.78051229e-01
  -1.94192128e-01
  -8.52393513e-01
   1.49167316e+00
  -6.20888985e-01
  -7.47513586e-01
   1.28681142e+00
  -5.11511483e-01
   8.17253184e-01
   5.46453531e-01
  -2.87720614e-01
  -6.08947182e-01
   6.72689255e-02
   7.91876656e-01
   7.35034627e-01
   3.14816524e+00
   3.89292753e-01
   1.07723495e+00
   8.70895045e-01
  -8.75621758e-01
  -1.72626584e+00
   2.98846020e-01
   4.87598492e-01
   2.08474818e+00
   5.97217475e-01
  -2.04531062e-01
   1.30881014e+00
  -8.35212576e-01
  -1.42506936e+00
  -2.55459434e-02
   2.12343563e-01
   3.85273324e-02
   1.07398765e-01
   1.41485107e+00
  -2.75453603e-01
  -5.60431347e-01
   1.42090108e+00
  -8.45799651e-01
  -1.27834384e+00
  -5.93804255e-01
   1.26121761e+00
  -4.52619562e-01
   5.14319754e-01
   4.97640103e-01
  -1.72917290e+00
  -2.92556254e-01
   4.67365548e-01
  -1.41825459e+00
   5.21878476e-01
  -1.18823213e-01
  -8.43570591e-02
   5.75964586e-01
  -8.57372029e-01
  -1.03947519e+00
  -5.96843910e-01
  -6.29975971e-01
   2.97229906e-01
   1.26666912e-01
  -6.91743569e-03
   2.14671881e+00
   3.34370128e+00
   6.70656250e-01
  -9.22680329e-02
   5.34946850e-01
   1.84642159e+00
  -6.42204518e-01
  -6.76924559e-01
  -8.50674488e-01
  -8.61475926e-01
  -5.04538625e-01
  -3.85802460e-01
  -5.89723950e-01
   1.01548788e+00
  -1.23869021e+00
  -8.46460216e-01
   1.03136469e+00
   1.07737074e-01
  -2.18770782e-01
   2.62766282e-01
  -2.12220306e-01
   4.41875516e-02
   6.42695688e-01
  -1.34705754e+00
  -5.05266383e-01
   4.88689490e-01
  -2.50241599e+00
   3.25618503e+00
  -4.33977027e-02
  -3.21895767e-01
   1.42402479e+00
   3.24539048e-01
   2.07196678e+00
  -6.87130560e-02
  -4.74309264e-01
  -4.66376558e-01
  -1.75488103e+00
   6.88322598e-01
   1.59608624e+00
   1.96583588e-01
   1.70203412e+00
   2.04575904e+00
  -5.30588236e-01
  -3.22390740e-01
   3.88980884e-01
  -2.86658329e-01
   1.09467223e+00
  -1.95951400e+00
   5.10784750e-01
   7.16539251e-01
  -8.15028326e-01
   8.13581045e-01
  -5.93678315e-01
  -6.43817324e-01
   8.67146087e-01
  -2.52706527e+00
   7.31122090e-01
   4.72827864e-01
  -3.40098784e-01
  -1.86364128e-02
  -1.05500022e+00
  -7.19088323e-01
   4.59066614e-01
   9.00278711e-02
  -8.56873346e-01
   7.57996735e-01
   1.38207696e+00
  -3.70950625e-01
   1.45890786e+00
   8.36439053e-01
  -1.72565483e+00
  -2.55876340e-01
   2.59090115e-02
   7.69827754e-01
   8.16483254e-01
   9.78937836e-01
  -1.04544558e+00
  -1.14425733e+00
  -1.48161318e+00
  -4.95957752e-01
   2.91883720e-01
  -8.70522414e-01
   8.15772842e-01
  -2.87971788e-01
  -1.07031811e+00
  -1.94284518e-01
   2.38929662e-01
  -1.43314380e+00
  -8.35924959e-01
   8.88344475e-01
  -2.43834047e+00
   2.91132301e-01
  -1.09672395e+00
   2.13602967e+00
  -1.21118233e+00
   6.99373026e-01
  -1.96621061e-01
  -2.76070584e-01
  -4.40083786e-01
  -3.75748595e-01
  -1.27874964e+00
   5.13418424e-01
  -7.07297696e-01
   1.50504250e+00
   1.27398172e-02
  -1.23425597e+00
  -4.55558410e-01
  -2.32917479e-01
   1.01094443e+00
   1.17134233e+00
  -1.65229471e+00
  -1.00707008e+00
   1.26393976e+00
   1.03348432e-01
  -5.85063478e-02
   4.61682799e-01
   5.46498427e-01
  -9.42325269e-01
   2.81229268e+00
   8.62306656e-01
  -2.96990213e-01
   2.25494274e+00
  -1.64824505e-01
   1.29252549e-01
   8.73718596e-01
  -9.34454501e-01
   2.55544757e+00
  -8.37167644e-01
   1.08555813e+00
   4.07541380e-01
  -8.03278091e-01
  -1.68819222e-01
   6.93946217e-01
  -1.73379544e-01
   2.60252096e-01
   1.00798536e+00
  -1.07507883e+00
  -1.03512012e-01
   2.46882335e-01
  -1.55333642e+00
  -2.55352206e+00
   1.00025002e+00
  -7.14822785e-01
   4.36479879e-01
   9.34950158e-02
   5.63661785e-01
  -1.24915022e+00
  -8.94105813e-01
  -1.10628518e+00
  -1.35396651e+00
   1.73952453e+00
  -3.98305037e-01
   1.83772264e+00
   4.38265831e-01
   5.46771087e-01
  -9.71341884e-02
  -2.87882395e-03
  -1.49765535e+00
   1.38076866e+00
   1.87911038e+00
  -6.81702331e-01
  -1.26059108e+00
  -4.73331070e-02
  -9.82418784e-02
   1.02495976e-01
  -3.73369635e-01
  -4.78445090e-01
  -5.26170072e-01
   3.30833595e-01
  -3.29952868e-01
   1.50745577e+00
  -6.12808495e-01
   1.08255009e+00
  -2.79015180e-01
  -1.75985468e+00
  -8.82832102e-03
   3.81157731e-01
   7.42711807e-01
   6.41343883e-01
  -1.10660300e+00
   8.20455990e-01
   1.57047401e-02
  -2.39900258e-01
  -2.22951905e-01
  -1.05324817e-01
  -2.22391842e-01
   1.36735608e+00
  -1.66313181e+00
   1.91176296e+00
   1.49655821e-01
  -7.99954499e-02
   1.01820103e+00
   1.96885998e+00
  -3.35481530e-01
   6.30651034e-01
  -3.69343207e-01
   3.30179115e-01
   1.13321421e+00
  -1.94776651e-01
   1.22185204e+00
   1.33227111e+00
  -1.34191555e+00
   6.95297190e-01
   6.97564310e-01
  -7.90375177e-01
   1.80189821e-01
   7.12042811e-01
  -1.14541792e+00
   1.70414029e+00
  -4.40627069e-01
  -2.09662187e+00
  -6.05634880e-02
   7.60237559e-01
  -1.55267020e+00
   1.14513988e+00
   1.69295108e+00
  -1.05866967e+00
  -6.30488444e-01
  -3.96847900e-01
   6.84405384e-01
   4.18667332e-01
  -1.54405141e+00
  -3.89181262e-01
   1.22044102e+00
   8.45487064e-01
   6.72865624e-01
  -5.36810972e-01
  -3.16382903e-01
   1.07583633e+00
   3.29419787e-01
   5.95037623e-02
  -5.20158653e-01
   7.44871175e-01
  -4.66375324e-01
   2.17704267e+00
   2.80986926e-01
  -1.53301242e+00
  -9.59043115e-01
  -1.67787256e+00
   2.79223529e-02
   2.20386302e+00
   1.28605230e+00
   2.17264882e+00
   1.75977118e+00
  -1.40941150e+00
   4.10321128e-01
  -1.43878777e+00
   8.42189376e-01
  -7.83503831e-01
  -3.43473702e-01
  -5.51218674e-01
   5.69862418e-01
  -1.82799890e+00
   7.02197631e-02
  -6.51676468e-01
  -1.88917572e-01
  -7.54457327e-01
  -5.11833857e-01
   6.39089116e-01
  -2.11773906e+00
   1.03026332e+00
  -1.32244713e+00
  -2.43233246e+00
   6.08382823e-01
   1.36662095e+00
  -3.44807878e-01
  -1.49442782e+00
  -6.73277518e-01
  -5.01991964e-01
   5.19259885e-01
   2.84322628e+00
   6.35488547e-01
   4.78584561e-01
  -1.21592912e-01
  -6.00743935e-01
   1.88613691e-01
   2.35630353e-01
  -5.49481386e-01
   4.31476272e-01
  -1.48123263e+00
  -1.75292192e+00
  -2.06947374e-01
   2.03672125e+00
  -1.08905843e+00
   1.03928676e+00
   1.13310610e+00
   8.99026348e-01
   2.61522648e-01
  -1.14942748e-01
   8.89726854e-02
  -5.42358780e-02
  -3.45408582e-01
   6.97579421e-01
   6.39359574e-01
  -1.87211030e-01
  -9.59453877e-01
  -3.58510044e-01
   5.59745984e-01
  -7.07211062e-01
   7.73384143e-02
  -7.81428955e-02
   1.31066482e-03
  -6.56757941e-02
  -1.45508843e-03
  -6.27882271e-01
  -1.15959875e+00
  -4.24073569e-01
   1.35886838e+00
  -3.18213353e-01
   7.30432296e-01
  -2.72406706e-01
   3.58355471e-02
   1.54989222e-01
   2.55073812e-01
   1.91913691e+00
  -3.57942273e-02
   2.17674886e-01
  -2.55289964e-01
   2.06492921e-01
   1.43894323e+00
  -2.77796079e-01
  -2.56980658e-01
   9.36444572e-01
   1.60004862e+00
  -1.58006307e+00
  -6.69748118e-02
   1.37388082e+00
   1.97253744e+00
   8.00128037e-01
   1.04430200e+00
  -4.62619502e-01
  -9.51897906e-01
   3.72139865e-01
   3.68700410e-01
   8.90679726e-02
   6.20274488e-01
   1.84070867e+00
   7.28059051e-01
   4.23277651e-01
  -8.00034848e-02
  -2.92066872e-01
   3.03145159e+00
  -1.40269913e+00
  -8.72494228e-01
   1.25481018e+00
   5.68675274e-01
   5.68077819e-02
  -1.03677685e+00
   1.41272717e+00
   1.17919845e+00
   7.15060273e-01
   1.18611626e+00
   3.17126028e+00
   8.40331354e-01
  -3.40460512e-01
   7.48123948e-01
   1.08026198e+00
  -1.27524947e+00
   1.74041363e-01
  -6.21994254e-01
  -4.79576521e-01
  -1.92964119e+00
  -2.77802239e-01
   1.25654739e+00
  -5.83247343e-01
  -2.45069930e-01
  -1.73532705e-01
   9.45968207e-02
   2.18555881e+00
  -7.95313447e-01
   4.06748301e-01
   3.68207702e-01
   2.58746004e+00
   1.16118999e+00
  -7.05226789e-01
   1.20175553e+00
  -1.42938279e+00
   1.23917435e+00
   3.15249522e-01
  -2.43238996e-01
  -3.73982002e-01
  -6.62930566e-01
   3.75650941e-01
   1.60413011e+00
  -7.99933023e-02
   6.39731713e-01
  -9.80097287e-01
  -1.72542935e-01
   4.34433122e-01
   3.58236215e-01
   2.49582290e+00
  -6.74090867e-01
  -7.54644050e-03
   4.76713395e-01
  -8.36448747e-01
  -8.68516147e-02
  -7.31558342e-01
  -1.18057488e+00
  -6.72167871e-01
   8.72777254e-01
  -1.28252558e+00
   1.81636499e-01
   1.90644570e+00
  -2.23906844e+00
  -1.35402918e+00
   9.29226155e-01
   5.45089636e-01
  -3.12627888e-01
   3.53853756e-01
   1.06920052e+00
  -3.09470685e-01
   1.77214437e+00
  -1.44046596e+00
  -5.65811130e-01
   6.60165239e-02
  -5.36350936e-01
  -2.54869570e-01
  -3.66542829e-01
   1.81824409e+00
   2.19119210e+00
   3.48393516e-01
  -1.02550192e+00
  -1.97840497e-01
   1.75444950e+00
   1.70672504e+00
   2.65894213e-01
  -2.70557562e-01
   1.62771841e-01
   2.17969273e+00
  -2.64071031e-01
   1.70641002e+00
  -1.14756480e+00
   1.82812612e-01
  -1.53481963e+00
  -1.11948214e+00
  -2.51371560e-01
   1.29064201e+00
  -9.16948593e-01
  -1.47620043e+00
  -1.65998017e-01
   1.76902990e+00
   7.43428982e-01
  -3.83167927e-01
   5.52769902e-01
  -4.08886319e-01
   8.06651472e-01
  -7.59218920e-01
  -9.28810503e-01
   2.18661701e-01
   1.16228932e+00
  -2.90543611e-01
  -6.65984514e-01
  -1.93783260e+00
   1.97172547e+00
  -9.41093296e-02
   1.05818819e+00
   1.32397391e-01
  -2.35211003e+00
  -6.40984428e-01
  -2.32643467e-01
  -1.42147240e-01
  -4.00471801e-01
  -1.75700063e+00
  -6.09733878e-01
  -6.09944721e-01
   5.32607125e-01
   2.17772921e-01
  -2.06766359e-01
  -1.14439978e+00
  -6.21111480e-03
  -2.62256162e-01
  -1.67725704e+00
   5.87650150e-01
   4.70718086e-01
   1.58209723e-01
   5.81128963e-01
  -1.41611295e-01
  -1.32800362e+00
  -1.12075658e+00
  -4.82426488e-01
   1.37763796e+00
  -2.72443871e-01
  -6.74223099e-01
   2.98467733e-01
   3.51438061e-01
  -1.31738797e-01
  -2.22238112e-02
   4.86576068e-02
   8.34534508e-01
  -1.28913500e-01
  -1.26348128e-01
  -1.21912048e+00
  -2.34246488e+00
   7.50540773e-01
  -2.52836570e-02
  -3.16150249e-01
  -1.17089537e+00
  -4.55640581e-01
  -1.34624619e+00
   1.09988013e+00
  -1.21154840e+00
   3.33188091e-01
  -1.75884242e-01
   1.88498241e-01
   4.95822956e-01
  -5.40984274e-01
  -4.04676268e-01
   7.21337234e-01
  -3.51824636e-01
   1.46857753e+00
   9.38073609e-01
   1.28959519e+00
   6.22903049e-01
  -3.11968874e-01
  -4.08964109e-01
  -2.13166097e+00
  -2.76716754e-01
   8.50675485e-01
   1.15565373e+00
  -7.46042671e-01
   8.65961507e-01
   3.88997746e-01
  -2.91041630e-01
  -2.52314704e-01
  -4.39007510e-01
  -9.71724772e-02
  -3.60461528e-01
  -1.59505193e-01
  -6.49037754e-01
  -1.42173621e-01
  -1.71043234e+00
   3.93495874e-01
  -6.28830664e-01
   4.47665730e-01
   6.77665023e-01
  -3.02264851e-01
   1.64558588e-01
  -7.16393086e-02
   9.90028682e-01
  -4.90828182e-02
  -5.16151029e-01
   6.31863281e-01
  -4.84392042e-01
  -2.81404461e+00
  -7.70468235e-01
  -8.96201638e-01
  -1.60277126e-02
   2.09270145e+00
   2.11009724e-02
   3.11237103e-01
  -8.42625559e-01
  -9.33968502e-01
  -9.91058902e-01
   1.07073479e+00
  -1.38959019e+00
   2.86059511e-01
  -1.91358449e+00
  -1.52189686e-02
   1.38160053e+00
  -1.14685697e+00
   6.32897440e-02
   8.74573121e-01
  -2.81691304e+00
  -8.56779569e-01
   8.29100058e-01
   2.21789050e+00
   4.33330733e-02
   6.68916262e-01
  -4.15152308e-01
   7.87282669e-01
   6.78766902e-01
  -1.59619488e+00
  -1.20992164e+00
  -1.49916919e+00
  -6.55544260e-01
  -1.40968879e+00
   9.42889023e-02
  -9.77059052e-01
  -2.91338844e-01
   2.89099721e-01
  -1.92296666e-01
   5.13989801e-01
   5.82839619e-01
  -1.15543010e+00
  -1.86115819e-01
   4.04811004e-01
  -2.28368408e+00
   1.12710371e+00
   3.12918641e-01
  -5.48889780e-01
  -6.57797559e-02
   4.67105655e-01
   5.99693632e-01
   8.89196664e-01
  -8.07811002e-01
  -1.47744094e-01
   1.17794352e+00
  -1.51160685e+00
   4.22436917e-01
  -6.11277793e-01
  -1.24171571e+00
  -9.43456689e-01
   5.52228032e-01
  -1.81014794e-01
  -9.95610060e-01
  -1.98450173e+00
  -1.17243157e+00
  -7.31727075e-01
   6.28245007e-01
   5.99357390e-02
   8.71017745e-01
  -7.05085637e-01
  -3.74838718e-01
   1.56732348e+00
  -1.42897934e+00
  -3.81348289e-01
   3.97717801e-01
   1.24607856e-02
  -4.79163111e-01
  -5.04071925e-02
  -3.86659637e-01
  -1.79584205e+00
   2.55952099e-01
  -8.56944634e-01
  -8.60974523e-02
  -4.37772073e-01
  -8.36126456e-01
   3.09595604e-02
   1.14248368e+00
   3.40434946e-01
   6.40279582e-01
   7.24990306e-01
  -3.65928808e-01
  -1.18250559e+00
  -2.06188645e-01
  -2.16821478e+00
   6.93483857e-01
   9.82194916e-01
   2.44254985e-02
  -1.73826470e+00
  -4.31119133e-01
  -4.08529261e-03
   6.95352853e-01
   1.88083834e+00
  -1.09360171e+00
   4.38227430e-01
  -2.93465723e+00
  -7.12660222e-01
  -1.73845227e-01
  -2.11083749e-01
  -3.05832843e-01
   4.26013215e-02
   5.94212322e-01
   6.07511802e-01
  -6.68876811e-01
   6.75600206e-01
  -6.35484631e-02
  -1.59711310e+00
  -6.59316663e-01
   5.02898593e-01
  -3.57716823e-01
  -1.03124728e+00
  -1.87869113e+00
  -4.28998873e-01
  -1.39758706e+00
   6.71706985e-01
   1.59978999e-01
   2.23030678e+00
   2.23158291e-02
  -1.95661878e+00
   9.53202384e-01
   1.01424698e-01
   1.84024457e+00
   2.26566739e+00
  -1.40911664e+00
   4.68809758e-01
  -1.48970500e+00
   9.62342966e-01
  -1.05271958e+00
  -7.07018122e-01
  -8.06295410e-02
   5.29141582e-02
  -8.45962465e-01
  -1.27952986e-01
  -1.80430855e+00
   9.05050394e-01
  -1.02383288e+00
  -1.66488378e+00
  -6.42668263e-01
   1.75661631e-01
   1.39760025e+00
   3.54494641e-01
   9.89620631e-01
   1.30254902e+00
   3.98926432e-01
   3.39653082e-01
   6.86803564e-01
  -5.38238897e-01
  -8.01432887e-01
  -9.19891511e-02
  -7.59007487e-01
   6.98932668e-01
  -1.54670010e-01
  -1.84625661e+00
   8.29198429e-01
  -1.62728469e-01
  -3.08117778e-01
   1.43162889e+00
   1.82112276e+00
  -3.12515242e-01
  -2.09169301e-01
   8.31335530e-01
  -4.42424371e-01
  -3.26058486e-01
   1.35883420e+00
  -1.59218014e+00
  -5.58363010e-01
  -7.36078511e-01
   1.73144785e+00
   1.58599200e+00
   1.06639176e+00
  -1.73837347e+00
  -5.58098529e-01
  -1.84902175e-01
   1.01411655e+00
  -1.18744095e+00
   1.30391334e+00
   2.50430574e+00
  -1.62800274e-01
   3.24304008e-01
  -1.07163909e+00
   7.23963056e-01
  -2.36053713e-01
  -6.55113618e-01
  -5.29876605e-01
   9.25814531e-01
  -1.63821986e-01
  -8.81588021e-01
   1.51127201e+00
  -1.51802254e+00
   1.28246287e+00
   4.03612004e-01
   8.98741265e-01
   1.32109206e+00
  -1.09769411e+00
  -1.30261024e+00
   6.92255809e-01
   6.60604179e-01
   1.60811659e+00
  -1.42732836e-02
  -1.77890311e+00
   1.31480827e-01
  -8.39794389e-01
  -1.56539450e+00
   1.91578928e+00
  -1.20456017e+00
  -7.23643846e-01
  -1.35723736e+00
   1.38851679e+00
   1.14299976e+00
  -3.47559647e-02
  -3.18338698e-01
   7.74120905e-01
   1.29135535e+00
   1.49664353e+00
  -5.57679134e-02
   1.65152268e+00
   1.78662617e+00
   4.56998172e-01
   1.05787409e+00
   7.35331711e-01
  -1.61038289e+00
  -4.15198038e-01
  -1.03616732e+00
   3.72326020e-01
   2.28145190e-01
  -3.58284542e-01
  -3.36986061e-01
   9.86545104e-01
   8.35901712e-01
  -1.22501092e-01
   1.17730119e+00
  -6.92406550e-01
   1.19177452e+00
   3.84208225e-01
   7.32253613e-01
  -2.68840151e-01
   5.52966518e-01
  -5.13747602e-01
  -1.83643922e+00
  -3.50909583e-01
  -3.73596164e-01
  -2.19566541e+00
  -4.60710130e-01
   2.24834904e-01
  -5.17888418e-02
  -7.64999618e-01
  -2.15993368e-01
   6.05596173e-01
  -1.24529948e+00
  -1.86396204e-01
  -1.67086661e-01
  -2.33702923e-01
  -7.63514520e-01
   1.59642936e+00
   8.94496834e-01
   4.80871463e-01
  -1.10877576e+00
  -4.07412529e-02
   1.53902262e-01
   3.37873304e-01
  -1.88444743e+00
   1.35684543e+00
  -1.96970545e-01
   2.75574216e-01
   1.63828292e+00
   7.37013502e-01
  -1.02810225e+00
   3.35752466e-01
   9.15336431e-01
   5.99375916e-01
   8.20370128e-01
   6.96700906e-01
   6.67088006e-01
   6.91539752e-01
  -1.04741648e-01
   3.23492130e-01
   8.77573005e-01
   1.17974040e+00
   9.81753080e-01
   8.43582073e-01
  -1.00324335e+00
   1.17561499e+00
  -1.06739945e+00
  -6.94638253e-01
  -6.43174636e-01
  -1.03930945e+00
   3.59257983e-01
  -6.76411328e-01
   1.96998358e+00
   9.35483437e-01
   1.92445108e+00
  -1.13329948e+00
  -2.54203514e-02
   1.23541188e-01
   2.07109180e-03
   1.85083457e+00
  -2.01624717e+00
  -7.07196887e-01
   7.23946711e-01
  -1.43206469e+00
   1.04338591e-01
  -1.82947064e+00
  -1.86341132e+00
   8.72058675e-01
   1.11433958e+00
   6.51931669e-01
  -4.16800672e-01
  -9.71391059e-01
   7.89557326e-01
   2.18907140e+00
   7.60426332e-01
  -1.03573857e+00
  -8.20928178e-01
  -3.43358016e-01
  -4.54664304e-01
  -1.53938619e+00
   3.76594607e-01
  -8.18898454e-01
   9.87265657e-01
   1.75213874e+00
  -2.15583904e-01
   8.39270192e-01
  -8.30299245e-02
   3.68338789e-01
   8.18564380e-01
   1.16009238e+00
  -1.66863336e-01
   1.23980678e+00
   5.17213970e-01
   4.37593877e-01
   1.17118247e+00
  -9.79431950e-01
   4.84262978e-02
   8.33381712e-01
  -1.40047669e+00
   8.58269228e-01
  -7.53920343e-01
   1.00150484e+00
  -3.98559914e-02
   2.11463483e+00
  -8.07321856e-01
   2.53791882e-01
   2.16637856e+00
  -1.15639909e-01
  -3.42434708e-01
  -1.51893675e+00
  -7.85155049e-02
   1.21932870e+00
  -1.00192039e+00
   7.95029175e-01
   4.94035538e-01
   1.14055834e+00
  -5.17820502e-01
   4.98676959e-02
  -1.53590892e-01
   5.95802047e-01
   2.43460213e-01
  -5.77485764e-01
  -1.65504687e-01
  -4.16768594e-02
   1.20213829e+00
   1.59369465e-01
   5.12690133e-01
   1.89863353e+00
  -2.16303734e+00
   1.16053905e+00
   8.08437858e-02
  -6.32556077e-02
  -1.27298047e+00
  -1.41615771e-01
   3.40460940e-01
   1.70006963e-01
  -2.92728752e-01
  -1.08316069e+00
  -2.40485139e-01
  -5.74005998e-01
  -6.16595663e-01
  -3.17324589e-02
   1.04944616e+00
   2.33863506e-01
   2.87354373e-01
  -5.00816171e-01
  -1.02626014e+00
  -6.10222477e-01
  -1.77037762e+00
   1.96092961e+00
   9.41667044e-01
   7.23508904e-01
  -6.92436248e-01
   4.86955450e-04
   1.11889803e-01
   1.10226220e-01
  -8.46492601e-01
  -1.66986773e+00
  -6.00175155e-03
   4.80876924e-01
  -8.04501336e-01
  -1.56889044e+00
   4.53467050e-01
  -9.57769640e-02
  -1.53434578e+00
  -5.15666191e-01
  -4.81818605e-01
   4.82064325e-01
  -1.41959785e+00
   8.50740597e-01
  -3.85579471e-01
   3.79218233e-01
   2.50948435e-01
   9.96706817e-01
  -8.93776601e-01
   1.12166924e+00
   2.48643015e+00
   1.05206687e+00
  -2.08608799e+00
   4.39166592e-01
   4.74759772e-01
   2.53776387e-01
   1.99424966e+00
   1.03042336e+00
   1.24080872e+00
   6.17261763e-01
   2.31899383e+00
  -9.49607705e-01
  -5.99723303e-01
  -1.16917759e-01
   3.04465431e-01
   1.88249565e+00
  -1.26367805e+00
   2.61786660e-02
   1.28201185e+00
   2.99279203e-01
   4.17504113e-01
   4.22828524e-01
  -1.55591265e-01
   1.22474606e+00
   2.30224933e+00
  -2.75581029e+00
   8.09979269e-01
   6.21165868e-01
   8.37006880e-01
   5.29860731e-01
   1.96809042e+00
  -1.06347865e+00
  -4.34888136e-01
  -3.33958491e-02
  -4.08677466e-01
   1.08645295e+00
  -4.46833063e-01
  -4.27417862e-02
  -1.99505513e-01
  -5.71426085e-01
  -4.21006323e-01
   2.22592909e-02
  -2.41789121e-01
   1.22208010e+00
  -1.72682104e+00
  -1.87211622e+00
  -1.01664166e-01
   2.22091629e+00
   1.89224611e+00
   4.22898642e-01
  -1.05593739e+00
  -3.63200335e-01
   1.50231975e-01
  -2.08115056e+00
  -6.43265221e-01
  -5.63262129e-01
  -5.75874778e-01
  -5.12560404e-01
   1.21587519e+00
  -1.22181790e+00
  -1.07648529e+00
  -1.14101480e-02
   1.78544558e+00
  -3.97488017e-01
   2.16903851e+00
   9.62011937e-01
  -2.17852688e-01
  -9.37951771e-01
   3.22738362e-01
  -6.33388075e-01
   7.54864523e-01
  -3.55001862e-01
   2.79044684e-01
  -1.20133770e+00
   8.01298881e-01
   1.64796774e+00
   4.97780534e-01
   2.11302173e-01
  -1.58907582e+00
  -4.23500940e-02
   9.96954861e-01
   1.51350373e-01
   5.29172400e-02
  -4.55596204e-03
  -1.35186926e+00
  -1.60455501e+00
  -4.86063819e-01
   6.19171242e-01
   4.75678805e-01
   1.41024933e+00
   1.21184641e+00
   2.51613887e-01
  -1.59560839e-01
  -2.63031773e-01
  -6.64479526e-01
  -1.61599978e+00
   6.90734810e-01
   1.69592079e+00
  -2.19235759e+00
  -1.20638594e+00
   2.26389851e-01
   1.20102072e+00
   4.41301283e-01
  -1.54116287e+00
   1.32171308e+00
   5.84587929e-02
   2.43414693e-01
  -4.11071359e-01
   3.47330104e-02
   8.77072205e-01
   4.67345516e-01
  -1.95198021e+00
  -1.03069777e-01
  -1.20730323e+00
  -9.04468476e-01
   5.94423268e-01
   2.12183514e-01
   6.27278118e-01
  -8.06922161e-01
  -1.11725766e+00
  -4.67408671e-01
  -9.10527210e-01
  -1.53339711e+00
  -3.51068899e-02
  -1.16593832e-01
  -3.68731604e-01
   1.66932776e+00
  -1.31844460e-01
   6.53487443e-02
   1.45505476e+00
   3.43320371e-01
  -1.61418357e+00
   7.31187183e-01
   1.33509539e+00
  -8.93652312e-01
  -6.38640920e-01
   9.71308673e-01
  -2.07492816e+00
  -9.69528502e-02
   1.72353679e+00
  -2.23109596e-01
   1.61464134e+00
   1.81991947e-01
   1.03400332e-01
   3.27836235e-01
   2.17140691e+00
   9.97197772e-01
  -1.12493164e+00
  -7.76994703e-01
  -1.96269243e-02
  -8.50498635e-02
  -4.91292937e-01
  -1.49624733e+00
   1.01888662e+00
   1.24719570e+00
  -3.50379827e-01
  -6.07623109e-01
   1.25309930e-02
   8.49389681e-01
   2.00997854e-01
  -5.38374150e-01
  -1.50293654e+00
   1.91024264e-01
  -4.58918756e-01
  -5.67116123e-01
   7.02374313e-01
  -2.17146988e-01
   9.87485218e-01
  -8.91272104e-01
   5.13972519e-01
  -3.21592312e-01
   1.48193130e+00
   1.88488731e-02
   8.42600484e-01
  -1.92576668e+00
   5.54644786e-01
  -1.11711576e+00
  -6.43515627e-01
   4.16571002e-01
  -6.27464251e-01
   6.68543460e-01
   1.21399720e+00
   6.45255611e-01
   1.51699023e+00
  -1.02639160e+00
  -4.50669307e-02
  -8.70997787e-01
  -5.07628710e-01
   3.68347987e-02
   5.96904335e-01
  -2.35860631e+00
   1.05356116e+00
   4.88494519e-01
   6.50571634e-01
  -3.33248227e-01
   1.55285468e+00
   2.16012688e+00
   8.50266374e-01
   1.49861116e+00
  -1.05461833e+00
  -1.03816795e+00
  -4.82540745e-01
  -2.32184769e-01
  -5.44241514e-01
  -1.42099506e+00
  -1.60960635e+00
  -3.29209674e-03
  -1.72212801e+00
   1.06699772e+00
  -6.38969755e-02
  -7.63438374e-01
   1.98571197e-01
   7.97115486e-01
   7.84106497e-01
  -1.86305279e-01
  -9.83570677e-03
  -2.83666808e-01
   8.02638982e-02
   1.97843758e+00
  -8.55870346e-01
  -2.12314498e+00
   2.94501254e-01
   5.81268020e-01
   3.39389714e-01
   1.17664692e+00
   1.01616759e+00
   5.03074015e-02
   1.84656920e+00
   2.23723435e+00
  -1.03518207e+00
   7.00967264e-01
  -1.01963241e-01
  -1.55789071e-01
   3.76976367e-01
   2.24572871e-02
   3.40568982e-01
  -2.20420651e+00
  -1.29328724e-01
  -2.73807276e-01
   1.33937635e-01
   1.74540957e+00
  -1.45204813e-01
  -1.01326338e+00
   3.00081314e-01
  -1.63555089e+00
   3.04454087e-01
  -3.80843853e-01
   9.85272408e-01
  -1.39611298e-01
  -6.02794960e-01
   7.41005502e-01
  -3.18724528e-01
   4.74884361e-01
   2.37458884e-01
  -1.16489573e-01
  -1.26081523e+00
   1.17392347e+00
   1.20745852e+00
   5.10306634e-01
  -1.56600384e-01
   3.84805050e-01
  -7.59788740e-01
  -1.33578196e+00
   2.17899714e-01
  -1.29184063e+00
   1.24475572e+00
  -2.09394228e+00
   1.39476642e+00
   6.28190487e-01
   6.22882546e-01
  -9.19400108e-02
   1.16843845e+00
  -1.51692561e+00
   1.47805897e+00
  -1.80600765e-01
  -6.92010909e-01
  -5.01104109e-01
   1.36837244e+00
   2.36207427e+00
   2.15080104e+00
  -1.25558142e+00
  -2.80574086e+00
  -2.49586536e+00
  -1.12727469e+00
  -7.27192273e-01
   1.69334008e+00
   3.72920905e-02
   2.01822501e-01
  -7.29664107e-01
  -6.09699966e-01
  -4.56160022e-02
   1.28762211e+00
  -3.30950917e-01
  -1.82241741e-02
   4.62048184e-01
  -1.00308778e+00
   5.64955010e-01
  -9.53430955e-01
  -3.97716337e-01
  -4.48261548e-01
   2.69775789e-01
  -1.94782763e+00
   1.00950171e-01
  -4.54694083e-01
  -1.57390333e+00
  -6.25861117e-01
   1.28635180e-01
  -6.59369384e-01
   7.47756457e-01
   2.26395736e-01
  -1.34341005e+00
   4.62582856e-01
  -3.92430938e-01
   2.47945393e+00
  -7.36481405e-01
   3.24648801e-01
  -6.25910269e-01
   8.52108524e-01
  -2.52682063e-01
   2.96949290e-01
   2.38642098e+00
   4.63436127e-01
   4.68055859e-01
   3.53749283e-01
   3.11582596e-01
   6.73567820e-01
   6.57053824e-01
   5.25184390e-01
   1.35435167e+00
  -1.10924940e+00
  -2.02888127e-01
   9.55675839e-02
  -7.62497259e-01
  -1.19517346e-01
   5.81953354e-01
  -1.33937254e-01
  -7.88175991e-01
   3.68555087e-01
   7.70823016e-01
  -7.89930886e-01
   1.88801415e-01
  -7.17881382e-01
   1.64244409e+00
   1.51639494e+00
  -3.91324857e-01
  -1.43667858e-01
  -2.42762332e-01
   7.31182972e-01
  -7.92153058e-01
  -2.04233048e+00
   7.14637385e-01
  -1.09484527e-01
  -1.92396982e+00
   7.03941254e-01
  -5.31029657e-02
   5.35367482e-01
  -1.09839505e+00
   2.51014701e+00
  -3.85251465e-01
   1.29255198e+00
   2.74271580e+00
  -8.13404935e-01
   6.62229911e-01
  -9.96897033e-01
   1.29987721e-02
   6.86900376e-01
  -9.60171939e-02
  -1.04167799e+00
   5.43687938e-01
  -2.44220838e-01
   1.22700791e+00
   1.24069178e+00
  -9.15538867e-01
  -6.41374373e-01
   2.14637902e-03
  -2.26639117e-01
  -2.80895810e+00
  -1.62246108e-01
  -4.96617978e-01
  -2.35440833e+00
  -4.03994427e-01
  -1.86237115e+00
   1.09139061e+00
  -1.52914472e+00
  -1.01137390e+00
  -3.62959300e-01
  -1.57114229e-01
   2.50289047e+00
   6.85277994e-01
   1.23452872e+00
   4.71112449e-01
   4.52447812e-01
  -9.08659386e-01
   1.74572404e-01
  -7.19210478e-01
   4.61787623e-01
  -5.74622440e-01
  -3.51162927e-01
  -4.68027310e-01
   2.72871598e-03
  -1.26164245e+00
  -9.50287455e-01
  -1.04184197e+00
   9.44089120e-01
  -9.51582307e-01
  -5.76633420e-01
  -1.75869878e+00
   6.78882280e-01
   1.13416411e-01
   1.40248158e+00
   9.34749955e-02
   9.43151352e-01
   9.30384148e-03
  -8.27432633e-01
  -3.40379611e-01
   8.73397063e-01
   1.32501577e+00
  -1.61552553e+00
