   4.75199708e-01
   6.37366532e-01
   2.47333346e+00
  -2.44171687e+00
   1.58677274e+00
  -1.15075231e+00
   1.81345835e+00
   5.33854471e-01
   1.79757892e-01
  -2.81502051e-02
   2.01790348e+00
  -8.05420066e-01
  -1.78628360e-01
   7.22664118e-01
  -9.33219554e-01
   2.84586758e-01
  -4.69856961e-01
   1.77273422e+00
   3.75042343e-03
   1.38039844e+00
  -3.02882933e-01
  -3.74291450e-01
   3.36465882e-01
   1.29267877e+00
   3.09808123e-01
   8.44305122e-01
  -2.97664346e-01
   2.17605079e-01
  -5.10062648e-01
   9.16752915e-01
   1.03293992e+00
  -7.72372720e-01
  -1.80935124e+00
   8.50344553e-01
  -9.20183145e-01
   1.08357345e+00
   8.25061929e-01
  -3.65942132e-01
   1.15335917e+00
  -1.22918253e+00
  -4.65370283e-01
  -9.07572593e-01
  -2.68409664e-01
   8.68565087e-01
   4.34153185e-01
  -1.37135975e+00
   1.43530103e-01
   1.12481388e+00
   4.32991885e-01
   3.46104113e-01
   4.12754075e-01
   1.61469947e+00
  -7.94401220e-01
   2.30591243e+00
   3.06907011e-01
   1.11398999e+00
  -1.52725831e+00
   4.57757385e-01
  -2.15909839e-01
  -1.62329829e+00
  -1.01549728e+00
   2.09479359e+00
   5.85029288e-02
  -5.12786803e-01
   2.17418756e+00
  -4.37607846e-02
  -5.99573400e-01
  -2.50565131e+00
   1.23740611e+00
  -1.44787503e+00
  -2.34148221e-01
   5.13328108e-01
  -5.72819611e-01
   7.03701827e-01
   1.03799207e+00
  -5.05708168e-01
  -1.51607453e+00
   5.32200052e-01
   6.84973090e-01
  -8.09681741e-01
   1.89107887e-01
  -4.13775606e-02
  -2.12224845e+00
   1.64993591e+00
   5.48026379e-01
  -6.41014632e-01
  -1.12153954e+00
   2.32898647e-01
  -7.08336709e-01
   9.96734386e-01
  -1.03394083e+00
   1.54853147e+00
  -1.00564805e+00
   6.59121972e-01
   2.10376987e-01
  -5.90195309e-01
  -4.54918039e-01
   5.18188826e-01
  -1.24470134e+00
  -2.53460219e-02
  -2.17122540e-02
   4.18066270e-01
   3.27430447e-01
  -1.17623169e+00
  -7.76671667e-01
  -4.85644565e-01
   1.53289482e+00
   2.05082183e-01
   5.13619102e-01
   1.09870166e+00
   8.47525334e-02
  -7.91921414e-01
   9.25515276e-01
  -2.16803544e-01
   2.48220644e-01
  -7.56454491e-01
  -1.07098317e+00
  -2.79213402e-01
   6.84378068e-01
  -1.64362190e+00
   2.25146746e+00
  -2.66206105e-01
   1.06259245e+00
  -2.28843898e-01
   1.91224665e-01
   8.71813983e-01
   1.50235543e-01
  -1.66515982e-01
  -6.54135901e-01
  -8.44544953e-02
  -3.30980214e-01
  -1.39169677e-02
  -1.58721145e+00
   2.10615368e-01
  -2.16144184e-01
   3.20632752e-01
   5.99567687e-01
  -1.90326392e+00
  -5.59100998e-01
   9.20135703e-02
  -1.43406019e-01
   6.94230129e-01
  -2.09189477e+00
  -6.62543808e-01
  -2.89782910e+00
   3.90445007e-01
   1.15783811e+00
   5.98117241e-01
   6.43903048e-01
  -9.01423151e-01
   7.63031427e-01
   5.72544927e-01
   8.79838696e-01
   1.23262891e-01
   7.43730080e-01
  -2.10587344e-01
   1.98521802e+00
   8.64093989e-01
   5.30522479e-01
  -3.08433001e-01
   9.42368212e-01
  -3.92319827e-01
  -1.07595555e+00
  -1.72042430e+00
   9.98380623e-01
   2.26476502e-01
  -1.72129189e-02
   6.32168981e-01
  -2.27044947e-01
   4.05551690e-01
   3.36630954e-01
  -1.60802499e+00
   8.83253928e-01
  -3.62833311e-01
   2.21106823e-01
  -2.65231628e-01
   1.64032242e+00
   8.28988665e-01
   2.10235265e-01
  -1.04842755e+00
  -1.76804637e+00
  -2.07747204e-01
  -8.15962995e-03
   9.17576412e-01
   1.10652366e+00
   1.00479510e-01
  -5.52369105e-01
   4.48193621e-01
  -1.50678395e-01
  -2.12694996e+00
  -1.86879233e-01
  -4.94095633e-01
   5.60793133e-01
  -2.83159480e-01
   1.28809071e+00
  -1.45597796e+00
   4.74506864e-01
  -5.86547845e-03
  -8.58640899e-02
   2.18828700e-01
   5.81801817e-02
  -4.91928606e-02
  -2.36317736e-02
  -7.69357632e-01
  -1.54493077e+00
  -1.03295455e+00
   1.07500003e+00
   6.13726276e-01
  -4.07176699e-01
  -1.49206470e-01
  -4.43255150e-01
   1.09422609e+00
   1.91776854e-01
   1.29131619e+00
   1.58240037e+00
  -1.27272280e+00
   1.06456827e+00
  -1.32112301e+00
  -1.15355238e+00
  -3.85128328e-01
  -7.17027078e-01
  -8.41005614e-02
   5.42785336e-01
   4.34089135e-01
  -2.41247033e-01
   9.27834328e-02
   6.49371487e-01
  -1.87091915e-01
  -1.66801315e+00
  -5.46901798e-01
  -8.77436922e-01
  -1.12313748e+00
  -2.43983095e-01
  -9.03754034e-01
  -7.27998464e-01
   2.13378698e+00
  -1.09668075e+00
   4.92686609e-01
  -1.47569653e-01
   1.97836525e+00
  -6.60110968e-01
  -1.25982289e+00
  -7.01209376e-01
   1.65871776e+00
   2.44545194e+00
  -2.14086618e+00
   1.66832927e-01
  -1.10001795e-01
  -1.74573924e+00
  -1.10369911e+00
   7.45822518e-01
   5.19494016e-03
   5.72957084e-01
  -7.77806665e-01
  -9.20142168e-02
  -7.65950959e-01
   1.05605445e-01
   2.59396465e-01
   1.58520964e+00
   5.24577038e-01
  -5.85696150e-01
   1.58785862e+00
   1.13133676e+00
   1.06577540e+00
  -8.16770606e-01
   5.20327990e-01
   5.96233133e-01
  -1.65213925e+00
   6.34168870e-01
   1.00003680e+00
   5.56123853e-01
  -3.10346853e-01
   8.81459269e-01
  -1.38523214e+00
   3.91300359e-01
  -4.86247073e-01
   9.72254458e-01
   1.51025226e+00
   4.94947384e-01
  -9.98161656e-01
  -1.76582308e+00
   4.23117465e-01
   1.28555706e+00
  -6.89781869e-01
  -1.27366934e+00
   1.20099473e+00
   1.36549688e+00
  -1.10858170e+00
   1.19232411e+00
   1.11483592e-01
  -1.76414162e+00
  -2.15533939e-01
  -2.47575482e-01
   5.23222732e-01
   5.11435143e-01
  -2.88211188e-01
   7.76157787e-01
   1.80220646e+00
  -6.97817687e-01
  -1.62705364e+00
  -5.88842722e-01
   5.80935496e-01
  -4.47733234e-01
  -3.54702159e-01
   1.04507752e+00
   1.31605423e+00
  -9.92653032e-01
   2.68044278e-01
   1.93180347e+00
  -6.48039937e-02
   5.31534067e-02
   2.36529710e-01
   1.02121388e-02
   1.34335823e+00
  -9.44294339e-01
   1.47743831e+00
  -7.19588870e-01
  -4.11711973e-01
   1.80163785e+00
   3.11644407e-01
  -3.60653099e-01
  -4.00833958e-01
   1.11621819e+00
   1.84836325e-01
  -6.18297727e-02
   1.37683099e-01
  -3.43157201e-01
  -7.61632384e-01
  -2.21891869e-01
  -1.08282384e+00
   6.53076883e-01
  -1.80355996e+00
   4.57288595e-01
   2.11379756e-01
  -1.62235350e-01
   3.80004151e-01
  -2.09619052e-01
   1.48660014e+00
   2.30496346e+00
  -2.23295513e-01
   1.50879989e+00
  -5.04791427e-02
  -5.63251202e-01
   2.36607735e-01
  -6.74384792e-01
  -1.69332944e-01
  -5.41876309e-01
   1.71556671e+00
   1.76488880e+00
   1.66699288e+00
   4.59074866e-01
   1.14143721e+00
  -1.30493795e+00
   5.78389114e-01
  -7.57805153e-01
   8.95128421e-01
  -9.86462755e-01
   4.08978171e-01
   7.13305564e-01
   1.50468655e+00
  -6.57039839e-01
  -7.10674201e-01
  -1.94878425e+00
  -7.53861576e-01
  -2.69271286e-01
   1.47611967e+00
   1.73051751e+00
   1.53577773e-01
   1.22042527e+00
  -6.67986611e-01
  -2.38264707e-02
  -7.54146867e-02
  -3.99845560e-01
   5.97832257e-01
   3.33653893e-01
  -1.05894429e+00
   4.79043188e-01
   4.74595460e-01
  -7.74693039e-02
   2.92197647e-01
   7.45512223e-01
   8.87437322e-01
  -3.75407232e-01
  -4.73328303e-01
  -6.69225843e-01
  -1.43738221e+00
   1.54611154e+00
  -2.17707613e-02
   1.64804874e+00
  -1.26147996e+00
  -7.49480474e-01
   1.55121128e+00
   1.65570166e+00
  -3.53202736e-01
   8.71985324e-01
  -6.22735484e-01
  -1.97528831e-01
   5.95999553e-01
  -2.09199771e+00
  -1.46693279e+00
  -9.81872438e-01
  -1.74636114e+00
   1.83825206e+00
   1.28302814e-01
  -6.22215692e-01
   1.17228226e+00
  -2.16891340e+00
  -2.40154450e-01
  -1.54981036e+00
  -2.32223559e+00
  -1.65517527e+00
  -3.37759265e-01
  -2.76058737e+00
  -1.52667069e+00
   1.02461497e+00
  -1.01386507e+00
  -1.42218229e-01
  -2.00743747e-03
  -4.72798392e-01
  -4.31545432e-01
  -1.18886721e+00
  -5.16447500e-01
   4.40077146e-01
   3.99737575e-01
  -1.48355777e+00
  -4.76203634e-01
  -6.05013468e-01
  -3.24750695e-01
   5.92757707e-01
  -9.35081489e-02
  -2.46690041e-01
  -7.60092525e-01
  -1.38574196e+00
   8.08236972e-01
   1.96667297e+00
   5.21009138e-01
   1.32781272e+00
   1.71207047e+00
   1.16216637e+00
  -8.48069920e-01
   6.37052237e-01
  -1.15819878e-01
  -1.37366840e-01
  -1.58152149e-01
  -3.01937967e-01
   1.35924478e+00
   3.00977984e-01
  -2.23666868e-01
  -1.89675829e+00
   1.01369636e-01
  -5.94705133e-01
  -1.66654432e-01
  -1.37259852e+00
  -7.05073941e-01
   3.71274866e-01
  -9.61060484e-01
  -6.68022216e-01
   4.08058430e-01
   2.10694884e+00
  -1.92299255e-01
  -2.94838354e-01
   8.98141887e-01
   1.05815972e+00
   8.23131448e-01
  -5.21453851e-01
   7.81817263e-01
   7.56658005e-01
   2.09727335e+00
   5.05950919e-01
  -5.84492769e-01
   1.22001712e+00
   8.90256217e-01
  -8.72407668e-01
  -2.35256215e-01
   1.19676453e+00
  -1.80146459e-01
  -5.30562018e-01
   1.12340120e+00
  -6.85212963e-01
  -4.62564427e-01
   1.27094532e-02
   1.15146972e+00
   4.36403609e-01
   7.36498585e-01
  -1.99776784e+00
  -8.16623373e-01
  -4.71203142e-02
  -1.51074725e+00
  -8.49985169e-01
   1.01514738e+00
   9.71769556e-01
  -2.19725667e-01
   5.00772120e-01
   5.13423805e-01
   4.79770095e-01
  -4.61923331e-01
  -7.02269943e-01
   8.66682177e-02
   4.57548017e-01
   9.27247589e-02
  -4.68567484e-01
   1.08682060e+00
   3.20959432e-01
  -6.71280243e-01
   2.47346506e-01
  -2.01394637e-01
  -1.15167000e+00
   1.16871287e-02
  -1.85350551e-01
   1.04341925e+00
   2.36165970e+00
   7.01898311e-01
  -6.86409596e-01
   1.15805687e+00
   1.35679789e+00
  -1.69592439e+00
   5.44167889e-01
   1.07136783e+00
   1.00222791e+00
   5.75367257e-01
   9.64006472e-02
   5.71180781e-02
   1.80189330e-01
   1.55201066e-01
   1.63502746e-01
   3.35734442e-01
  -1.01531064e-01
   8.58207557e-01
   1.74953573e+00
  -1.56728257e-01
   4.96541105e-01
  -1.65522206e+00
   6.93676957e-01
   1.03176567e+00
   2.97782908e-01
   4.81220865e-01
  -4.19140195e-01
   1.74874720e+00
   1.36823621e-01
  -3.51346708e-01
  -4.30012147e-01
   7.08043832e-01
  -7.46438832e-02
   1.12186340e+00
   6.55080667e-01
  -1.36634346e+00
   1.01301847e+00
  -7.41060973e-01
  -5.90918405e-01
   9.89938929e-01
  -2.33301922e+00
   1.32088512e+00
  -3.07257941e-01
  -4.21857946e-01
   2.52340807e-01
   4.14427349e-01
  -1.57646431e-01
   1.10709609e+00
  -3.75145491e-01
   1.64630759e-01
   8.22249125e-01
  -1.16494912e+00
   1.51774687e+00
   2.94393894e+00
   4.45666269e-01
   7.31312187e-01
   5.68004560e-01
   1.70124597e+00
  -8.60625743e-01
  -1.25175228e+00
  -1.85459234e+00
  -1.16918202e+00
  -5.95251347e-02
   1.46991695e+00
   4.59795819e-01
   5.26269796e-01
  -2.82897032e-01
   1.11723069e+00
   1.63051912e-02
  -1.15632078e+00
   1.84164216e+00
   1.08498289e+00
   1.87467671e+00
  -6.52347763e-01
  -7.43802767e-01
  -8.35719030e-01
   3.08880729e-01
  -4.03314492e-01
  -7.01269737e-01
  -1.10765126e+00
   2.50943886e+00
   1.83885000e+00
  -4.93996644e-01
   6.46331780e-01
  -4.09809942e-01
  -1.61642556e+00
  -1.38121473e+00
  -1.36102490e+00
  -1.84205408e-01
   3.82331329e-01
   3.44534245e-01
  -1.68606820e+00
   1.73069296e+00
   1.31884201e+00
   5.01544578e-01
  -1.88552018e+00
  -7.01195703e-01
   1.27306059e-01
  -1.28799625e+00
  -7.90678546e-01
  -1.04485989e+00
   1.67185930e+00
   7.12993415e-02
   1.29121522e+00
  -1.10809518e+00
  -6.79792147e-01
   1.40872543e+00
   1.69839344e+00
  -1.33508266e-01
   6.05737299e-01
  -4.21585644e-01
   3.26886638e-01
  -5.51373833e-01
   4.52878060e-01
  -9.68023123e-02
   9.22683053e-01
   9.08261037e-01
  -6.00863479e-01
  -7.96289442e-01
  -6.98405283e-01
  -2.83541341e-01
   3.05627005e-01
  -1.96197662e-01
  -3.60925407e-01
   1.91568895e-02
   2.48587211e-01
  -1.98931267e+00
  -5.23454800e-01
   2.80208712e-01
   3.37568105e-01
  -1.25762246e+00
  -6.40534760e-01
  -9.94529020e-02
   1.94456800e+00
   1.17990476e+00
   1.05330992e+00
  -6.96034183e-01
  -2.22462216e+00
  -2.60403953e-01
   8.44943435e-01
   2.38407859e-01
  -2.09419245e-01
  -9.57338035e-01
  -7.97532810e-01
   8.36428908e-01
  -1.46200003e-01
  -3.05020434e-01
  -5.27320368e-01
   1.94845873e+00
  -1.01275698e+00
  -1.21070579e+00
   2.15392654e+00
   2.67946563e+00
  -4.70813135e-01
   1.68811803e-01
  -1.62106428e+00
   4.00216095e-01
  -9.33732940e-01
   1.50575614e+00
  -3.17026369e-01
   4.32479827e-01
  -1.29762353e+00
   2.22530558e-01
  -1.27574291e-01
  -3.92487674e-01
   1.49085701e+00
  -3.00270863e+00
   2.10128096e-01
  -7.79544596e-02
  -3.27350467e-01
  -4.34340036e-01
  -3.75537833e-02
   1.05775287e-01
  -3.10484508e-01
  -2.45421184e+00
   4.92049259e-02
  -4.76922147e-01
  -1.45335922e-01
   2.24897215e-01
  -7.98349006e-01
  -6.28716719e-01
  -4.89633076e-01
   4.31445697e-01
   1.07749410e-01
   9.64182321e-01
   5.80539015e-01
   5.15548151e-01
   2.58303434e-01
   1.37518068e+00
  -3.35875740e-02
  -4.75385522e-01
  -1.37055479e+00
   1.01465503e+00
   1.15599496e+00
   1.52079609e+00
   1.74510647e-01
  -6.30682343e-01
  -2.58728050e-01
   1.41999385e+00
  -4.08240773e-02
  -2.94520680e-01
   1.17320648e+00
   3.24661453e-01
  -2.82732810e-01
   6.18148113e-02
  -6.10511996e-01
  -2.99294816e-01
  -3.96886456e-01
  -8.94534002e-01
   2.02654163e+00
  -8.80776612e-01
  -1.93300215e-01
   1.08930226e+00
  -1.20496088e+00
  -5.30476121e-01
   6.73440262e-01
   1.07940587e-01
  -5.77034135e-01
  -6.20000262e-01
  -4.57471893e-01
   3.90067913e-01
  -6.45807655e-01
   8.20004377e-01
  -8.74581515e-01
  -3.24665925e-01
  -1.17617472e-01
  -6.71747052e-01
  -1.64253818e+00
   1.59776095e+00
  -1.56561542e+00
  -1.94094519e+00
   7.15130759e-01
  -1.26379797e+00
   4.74552856e-01
   2.15275993e+00
  -1.10862713e+00
   1.37043103e+00
   1.20317023e-01
   7.88996106e-01
  -1.40439147e+00
  -4.32890916e-01
  -2.76607748e-01
  -3.10199148e-01
   1.90939484e-01
   1.21694915e+00
   2.16238974e-02
   4.60917113e-01
   9.03636596e-01
  -1.67415627e+00
   4.44243539e-01
   9.62635495e-01
  -7.60330893e-01
   5.67361244e-01
   7.75603289e-01
  -1.24711219e+00
  -4.18305316e-02
  -1.43668026e+00
   7.47928713e-01
   3.95190400e-01
  -8.61442851e-01
  -9.16061146e-02
  -2.31412225e+00
  -7.74132483e-01
   6.90211902e-01
  -3.88445486e-01
  -1.57121080e-01
   2.84582466e+00
   2.43293459e-01
  -2.00421966e-01
  -1.87959719e-01
   6.19282066e-01
   1.12906972e+00
  -2.04004595e+00
  -1.40429910e+00
   5.69790105e-01
  -1.22951907e+00
  -1.51938396e+00
   1.57104978e+00
   4.87527041e-01
   1.20253500e+00
  -5.19398082e-01
   1.38253438e+00
  -3.96614735e-04
  -8.95976347e-01
  -1.42245922e+00
   5.43569806e-01
   6.13862954e-01
   4.22493689e-01
   5.26694579e-01
  -1.66218292e-01
  -9.17890929e-01
   3.87221928e-01
   3.27109897e-01
   2.73398292e-01
  -6.01903172e-01
  -1.66728652e+00
  -1.74831914e-01
   1.49420687e+00
   5.03686796e-01
   1.67740955e+00
  -7.97635599e-01
   1.20696651e+00
   1.67036864e-01
   4.01939213e-01
  -2.37513816e-01
   8.32792712e-01
   2.44471576e-02
   1.28517463e-01
   7.34737979e-01
  -1.33872275e+00
   2.90655544e-02
   1.73329443e-01
   1.83038142e+00
   6.29528085e-02
   3.70790560e-01
  -3.33539818e-01
   9.38252839e-01
   3.59375284e-01
  -3.94658609e-01
  -1.14411196e+00
  -1.12045124e+00
  -1.76528287e+00
   8.59878102e-01
  -4.47942293e-02
  -1.80935627e-02
   1.05394808e+00
  -1.21531153e+00
   2.41114628e-01
   1.24396726e+00
   7.59035775e-01
   1.03221038e+00
  -1.12095100e+00
   5.76140674e-01
  -7.74137418e-01
  -8.27496374e-01
  -8.34959598e-01
  -7.10795759e-01
   1.92881932e+00
  -1.22815872e+00
  -5.43718441e-01
  -1.81579928e+00
  -1.86224235e-02
  -2.03642153e+00
   1.04903472e+00
  -6.50235159e-01
   1.26919901e+00
  -7.77232206e-01
   7.42036558e-01
   8.67344248e-01
   1.01382266e+00
   1.43372478e+00
  -1.29468256e+00
  -1.11033538e-02
  -9.00903070e-01
   1.68860287e+00
  -1.34437275e+00
   7.70663720e-01
  -7.28527879e-02
   4.94314213e-01
  -5.94851985e-01
  -1.46969862e-01
  -4.86817436e-02
   1.39955835e+00
  -1.37737491e-01
  -5.77260886e-02
  -9.72187904e-02
  -1.76866302e-01
   3.10957762e-01
   9.42965822e-01
  -3.30748603e-01
  -2.65899007e-02
   7.79872185e-01
   1.52567427e+00
   1.07261236e+00
  -8.00230247e-01
   1.14390994e+00
  -1.37072205e+00
  -1.05538301e+00
   8.63546371e-01
  -1.34163235e-01
  -1.00971530e+00
  -7.04526469e-01
  -1.85753654e-01
  -3.50386198e-01
   5.92394756e-01
   1.47393289e+00
  -3.57738394e-01
   1.87698588e-01
   3.10827621e-01
   9.35941653e-01
   2.42256668e-01
   5.19326982e-01
   4.63948584e-01
   4.77705882e-01
  -1.33416405e-01
  -1.25330434e+00
   4.13359748e-01
   8.90603958e-01
   8.89175465e-01
   8.34397697e-01
   1.31126142e+00
  -5.89863595e-01
   5.37906314e-01
   8.86757309e-01
   1.93276496e+00
   2.04995394e+00
   2.77630542e-01
   9.96900661e-01
   1.72065758e+00
  -5.85902735e-01
  -9.61767172e-02
  -1.72221717e+00
   6.41554615e-01
   5.59371392e-01
   1.35976687e-01
  -7.60887109e-01
  -9.02189488e-01
   1.41886881e+00
   1.53736093e+00
   8.34282149e-01
   4.05818911e-02
  -2.87493487e-02
  -1.54531362e+00
  -6.83038093e-01
   1.88382942e+00
   2.19043196e+00
  -1.57917053e-01
   5.61416903e-01
   1.73120682e-01
  -5.53539639e-02
  -1.57309221e+00
  -1.43007815e+00
  -9.74864141e-01
   9.66465132e-01
  -1.12998437e+00
  -7.64301911e-01
   1.80849769e+00
  -1.00908974e+00
   6.30650379e-01
  -8.46271767e-01
   1.27834432e+00
  -1.16641726e+00
   1.09341216e+00
   1.80284231e-02
  -1.30887472e+00
  -7.34240337e-01
  -5.90413588e-02
   7.73569012e-01
   3.17028106e-01
   5.27784710e-01
  -1.06176513e-01
  -2.09272348e+00
  -9.98654532e-01
  -2.04853527e+00
  -1.61377208e+00
  -7.64702535e-01
  -8.76612550e-01
   1.37948436e+00
  -3.25485146e-01
   2.30265436e-01
  -1.42816833e+00
  -6.06262324e-01
  -3.78405751e-01
   1.32603603e+00
   1.23362939e+00
  -2.97950504e-03
  -1.06101726e+00
   1.23814380e+00
  -1.10105329e+00
   5.28146410e-01
  -7.38459161e-01
  -9.41792641e-02
  -1.12651007e+00
  -6.02190607e-01
  -3.64530074e-01
  -5.88802271e-01
   8.40151473e-01
  -1.46548100e+00
   9.81046074e-01
  -1.39146623e+00
   4.04900941e-02
  -3.36429403e-01
  -8.96706575e-01
  -2.65130156e-01
  -8.89905162e-01
   4.03858654e-01
   7.65490799e-01
  -1.22438235e+00
  -1.07267572e+00
   1.05871742e+00
   9.37797391e-01
  -1.63456099e+00
  -1.22898253e+00
  -1.60949197e-01
   2.71067335e-01
  -1.58272295e+00
   5.85834525e-01
  -5.64197894e-01
  -1.33058811e-01
  -1.30734306e+00
  -8.21101582e-01
   1.77294227e-01
   8.99295865e-01
  -1.29827252e+00
  -7.89057193e-01
   7.04426592e-01
   8.38775173e-01
   3.50275978e-01
   1.24503168e+00
  -8.34740689e-01
  -2.53335857e+00
  -1.36753379e-01
   9.76061455e-01
  -1.21905531e-01
  -1.20356455e+00
  -2.71191813e-01
   1.04834279e+00
  -1.08051345e+00
  -4.32609963e-01
   1.99757710e-01
   7.54364430e-01
   8.61366293e-01
  -1.13430526e+00
   4.20537987e-01
  -5.34035852e-01
  -7.43532511e-01
  -1.71568215e+00
  -1.16930136e-01
   3.65294799e-01
   4.41680241e-01
   3.16372511e-01
  -1.06369191e+00
  -1.54661057e-01
   2.17125591e-01
   1.52533990e+00
   3.08383962e-01
   1.35835197e+00
   7.64101853e-02
   7.28846228e-02
   1.10046822e+00
  -1.11798300e+00
  -3.68347537e-01
   1.60298885e-02
  -6.62781777e-01
   2.77751166e-01
   1.79701707e-01
  -7.60911896e-01
  -1.85464221e+00
   1.59673477e+00
  -4.74813312e-01
   1.00875575e+00
   1.62232480e+00
   5.97961522e-01
   7.05172794e-01
  -8.09040977e-01
   9.44738255e-02
   8.09725124e-01
  -1.76184038e+00
  -1.09149954e+00
  -1.60046182e-01
   2.61493488e-01
  -7.36788186e-01
   1.11355848e+00
  -1.47551452e+00
  -6.01359559e-01
   8.07456947e-01
  -7.21740066e-02
   6.94527296e-01
  -1.34728348e+00
  -6.35463429e-01
  -9.93217421e-01
   4.62845805e-02
   6.36797552e-01
  -3.77469058e-01
   2.26011473e-01
   8.75848194e-01
   5.01117309e-01
   5.35680611e-02
   1.08613677e+00
   1.12262847e+00
   2.44953783e-01
  -4.62561922e-01
   1.86489202e-01
   5.25395819e-02
   1.47764174e+00
  -1.20275879e+00
  -8.71799094e-01
   1.78370696e+00
   1.32368933e-01
  -2.21923222e-01
   2.12895604e-01
  -9.68551035e-01
   3.07883890e-01
   2.97879965e-01
  -6.19817347e-01
  -1.76825121e+00
   3.77214401e-01
   4.44970240e-01
  -6.15685350e-01
  -2.40891283e-02
   1.52611092e+00
   8.50995278e-01
  -8.67199030e-01
   7.53582794e-02
   9.62264408e-01
   8.12272272e-01
   4.58454220e-01
   4.82488553e-01
  -2.26978023e+00
  -1.87025148e+00
   7.41489440e-02
   5.99302516e-02
   9.99085406e-02
   2.12962840e+00
   5.23843129e-02
   2.83530346e-01
  -1.92890016e+00
  -5.77191931e-01
  -5.49755519e-01
  -1.08552307e+00
  -8.46479975e-01
   9.17903014e-01
   1.23667706e+00
  -1.83321764e+00
  -1.90414839e+00
  -1.10377192e+00
   1.53749358e+00
  -8.13080733e-01
  -1.36861022e+00
  -3.48919004e-01
  -1.37099673e+00
   1.05079708e+00
   1.46677244e+00
  -1.63605309e+00
   5.66969118e-01
  -5.38240695e-01
  -5.53887632e-01
  -1.34913756e+00
   2.19507089e-01
  -1.44216353e+00
   1.42463077e+00
  -3.55340503e-02
   4.52006465e-01
  -9.48597960e-02
   1.35650721e+00
   6.04603149e-02
   5.95231625e-01
  -8.28169693e-01
   9.81463611e-02
  -8.62406683e-01
  -6.89664248e-01
   1.15314901e+00
  -4.38385228e-01
   6.05024429e-01
  -4.36232594e-01
   1.78833760e+00
   7.89534647e-01
  -3.85403127e-01
   1.13194572e+00
  -1.05435058e-01
  -9.27418246e-01
  -6.83617955e-02
   9.54045925e-01
   3.06747691e-02
   1.31526006e-01
  -4.10173854e-01
   9.03937479e-01
   2.46343691e-01
  -1.07238877e-01
  -4.51720798e-02
  -5.85001964e-01
   9.49839801e-01
   1.43256327e+00
   1.66327134e-01
   6.35536059e-01
  -4.35613602e-01
  -2.28952900e-01
  -3.27710914e+00
   1.32996775e+00
   2.84104181e-02
   3.80094872e-01
   1.89613232e+00
   5.59706255e-01
   1.86750250e+00
  -1.17523522e+00
   1.10087083e+00
   1.31078749e+00
   1.95395341e+00
   2.51532001e-01
   2.45731042e-01
   1.63955261e+00
   1.49364006e+00
   1.78222851e-01
  -9.67207067e-02
   1.03002342e+00
   5.43217306e-01
   6.59766093e-01
  -3.75681716e+00
  -4.89797252e-01
  -9.47238747e-01
   2.01318305e+00
  -8.39965650e-01
  -8.37979248e-01
  -5.99833564e-01
   6.64106847e-02
   6.03620125e-01
  -1.50617149e+00
   8.09251495e-01
  -5.49772948e-02
   1.47943732e-01
   9.68696476e-01
   8.06272343e-01
  -8.63169731e-01
   1.35110602e+00
  -3.11922579e-01
  -3.05801351e+00
  -9.93391080e-01
  -6.77868408e-02
   2.51720973e+00
   2.88892054e-02
   1.49718350e+00
   9.19757357e-01
  -2.61403295e-01
  -2.13167014e-01
   5.38979987e-01
   7.37725501e-01
  -2.52252302e-02
  -5.49068559e-01
   6.40299206e-01
   4.78629990e-02
  -1.70441316e+00
   1.18836551e+00
   4.65842178e-01
  -3.96604119e-01
  -1.75923578e+00
  -1.02146809e+00
  -2.24048291e-02
   4.76388796e-01
   7.76961589e-01
  -6.26641587e-01
  -2.39925441e-01
  -3.05909584e-01
   1.20442644e+00
  -7.52656412e-01
   1.52013547e+00
  -5.93211767e-01
   5.15054839e-01
   6.46596468e-02
   2.27367922e-02
  -1.41404598e+00
  -4.11926445e-02
   7.17090630e-01
   6.41224230e-01
  -2.54322241e-01
   3.56177194e-01
   9.59706861e-01
  -1.58505388e+00
   4.45611524e-01
   1.27879804e+00
  -1.23966480e-02
   1.93854200e+00
  -1.04246708e+00
   5.44642685e-01
  -1.14013432e+00
   1.14357852e+00
   9.40542502e-01
   8.03610914e-01
   5.85690953e-01
  -1.45001446e+00
   1.01217255e+00
   1.11236058e+00
   8.11462737e-01
  -5.19416365e-01
  -1.11018123e+00
  -7.76912612e-01
  -1.18031454e+00
  -2.28496810e-01
  -1.22968265e+00
  -8.35904845e-01
   4.01839599e-01
  -2.71492061e-01
  -8.91986239e-01
   1.57180198e+00
   3.54021104e-01
   1.76272259e+00
  -4.08372208e-01
  -1.03444688e+00
  -3.97066239e-01
   2.46280851e-01
   8.15731824e-01
  -8.42539065e-01
   1.41600170e+00
  -3.08089932e-01
   9.02360298e-01
  -1.18938527e+00
   4.58869594e-01
   1.34212222e+00
  -9.48874814e-01
  -1.11545884e+00
   2.32826908e+00
  -3.37598428e-02
  -3.99193447e-01
  -2.84965578e-01
   1.27881687e-01
   6.81446384e-01
  -1.79754925e-01
   4.52996230e-01
  -2.34863862e+00
   3.30332439e-02
  -3.90967669e-02
  -2.11742351e-01
  -2.22214510e-01
  -1.97336839e-01
   4.15940314e-01
   1.31718705e+00
  -4.47733194e-01
   3.49919196e-01
  -1.65826028e+00
   1.84743021e+00
   1.88514494e-01
  -4.31179054e-01
  -6.60932687e-01
   5.53826575e-01
   1.55905664e+00
   6.02096517e-01
   1.90300021e-02
   4.07705407e-01
   1.20382282e+00
  -4.31812830e-01
   1.30958938e+00
   6.67764137e-01
   2.39115060e+00
  -8.34637799e-02
   1.71919707e+00
  -2.92743390e+00
  -2.56106082e-01
  -3.99382351e-01
   1.58697197e-01
   2.26059362e-01
  -1.05061567e-01
  -1.74123654e+00
   2.39429918e+00
  -7.57016168e-01
   1.85872054e-01
  -7.04397093e-02
  -6.57483411e-01
  -1.35642204e+00
  -3.71016949e-01
   9.85634439e-01
  -5.71566586e-01
   1.42388351e+00
   4.75186345e-01
   8.78212656e-02
   4.24936543e-01
  -5.96246993e-01
  -6.69277886e-01
   4.87887262e-01
   8.31762625e-01
   6.38212583e-01
   2.73933974e-01
   1.01612084e+00
   1.76442659e+00
  -1.42644164e+00
  -2.68775899e-01
   1.27935497e-01
  -6.02303205e-01
   5.89605419e-01
  -1.00965623e+00
  -2.06850526e+00
  -2.99664137e-01
  -1.16783932e+00
   7.39478439e-02
   1.27148567e+00
  -1.08020513e+00
   3.13166536e-01
  -6.16628753e-01
  -1.08509944e+00
  -4.34712403e-01
   4.13826457e-01
   1.48548154e-01
  -1.01491224e+00
  -5.54044636e-01
   7.85275575e-01
   6.22659676e-01
  -8.78413207e-01
   3.30756404e-01
   2.02280885e-01
  -3.40057250e-01
   5.87057269e-01
  -4.45830294e-01
  -9.90908060e-01
  -2.66055140e-01
   1.74220885e-01
  -1.74086722e-01
   1.12761028e+00
  -4.59250504e-01
   1.38645264e+00
  -7.92142054e-01
  -9.53272105e-01
   1.81505517e-01
   5.79739539e-01
  -3.63169499e-01
  -4.22203739e-01
   2.40287740e-01
   2.01698923e-01
  -7.74866053e-01
   8.80599845e-01
   8.27305840e-01
  -4.22059048e-01
  -1.20476058e-01
   3.90490296e-02
   9.90800076e-01
   5.67832401e-01
   2.02012888e-01
  -6.33737770e-01
  -6.40751522e-01
  -4.85505608e-01
  -1.67647391e-01
   2.41143569e-01
   7.68578461e-01
  -9.03876049e-01
   9.62201131e-02
   7.36258225e-02
   7.98077950e-02
   3.67638588e-01
  -3.26610947e-02
  -7.82059408e-01
   1.37374830e+00
   9.25498201e-01
   5.48389307e-01
  -2.54198805e+00
  -1.94692478e-01
   2.10901339e+00
   7.72880558e-01
   3.89644321e-01
   1.03451809e+00
   1.96003720e+00
  -9.99881884e-01
  -1.98302319e-01
   5.94475155e-01
   4.75309658e-01
   7.67983965e-01
   1.33916256e+00
  -3.69220428e-01
  -5.46216152e-01
  -1.29847114e+00
  -9.39068022e-01
   2.13578106e-02
   2.08588359e-01
   6.37985153e-01
  -1.00748319e+00
   4.21007371e-01
   6.13234486e-01
  -9.78297041e-02
  -2.59064620e-01
   1.13032382e+00
  -3.80112173e-01
  -3.40481287e-01
   6.85054319e-01
   2.13368270e+00
   4.32931228e-01
   1.02343609e+00
  -6.00487002e-01
  -5.60785035e-01
  -1.80519635e+00
   1.76715779e+00
  -8.93065872e-01
  -1.26443828e+00
   1.05261477e-01
   5.97233478e-01
  -3.73630239e-01
  -1.01011025e+00
   7.93025447e-01
   7.13297266e-01
   2.37331320e-01
   1.90174836e+00
   1.05493429e+00
   1.27948268e-01
   1.60257591e+00
   9.36456277e-01
   5.61038665e-01
   3.49643165e-01
  -1.08095245e+00
   1.57980106e+00
  -1.60328329e+00
  -1.19726732e+00
  -1.62048842e+00
   3.64191307e-02
  -9.83468677e-01
  -6.46318223e-01
   1.60559277e-01
  -1.42382159e+00
   4.06526404e-01
  -2.47805131e-01
  -7.44235951e-01
   4.29865152e-01
  -8.31586305e-01
  -5.75337695e-01
   1.50565076e-01
  -7.62734470e-01
   2.07854416e-01
  -1.47559504e+00
   4.92101314e-01
  -2.04673493e-01
  -5.78600084e-01
   9.79866601e-01
  -2.57207776e-01
   1.11074946e+00
  -4.11514512e-01
  -3.82526331e-01
   2.26709739e-01
   5.47540570e-02
  -4.23727829e-01
   1.21242046e+00
   6.71890674e-01
  -5.40793551e-01
  -5.18416755e-01
   5.77898419e-02
   8.06198309e-02
   3.10861295e-01
   3.48035191e-01
  -1.42647686e+00
  -7.61304322e-01
  -2.93228913e-01
  -1.19645132e-01
  -2.37163533e+00
  -7.32623869e-01
   8.57698124e-01
   1.16379044e+00
  -3.78828655e-01
  -1.37343092e-01
   3.50116573e-03
  -1.15402273e+00
  -1.14921927e+00
   2.98298950e-01
  -1.81848415e-02
   2.09874487e+00
  -2.98216724e-01
  -1.59419376e+00
  -1.10966094e+00
   7.15122434e-01
   1.68211246e+00
   1.22596130e+00
  -1.45367278e+00
  -1.27352553e+00
  -9.67288879e-02
  -1.43032080e-01
  -1.05570857e+00
  -1.65555000e+00
  -1.60529750e+00
  -9.77613230e-03
  -9.38196222e-01
   1.54407694e-01
  -1.22815046e-01
  -1.93346521e+00
   1.08403090e-01
  -6.23627445e-01
   3.19210673e-01
   1.55312849e-01
  -8.24627954e-01
  -1.65122960e-01
   5.53398982e-01
   1.99287748e+00
  -7.33332286e-01
   7.00297564e-01
   2.43372853e-01
  -1.13722599e+00
  -8.59062016e-01
   7.47751109e-01
   9.99499372e-01
   5.65556490e-01
  -3.25291117e-01
   9.21761598e-01
   5.88755772e-01
   1.38760892e+00
   9.44059204e-01
   1.79365462e-01
  -6.46529791e-01
  -1.29844529e+00
   6.73850015e-01
   1.99184375e+00
  -3.16411659e-01
   1.31023396e+00
   1.19715240e-01
  -6.06512413e-01
   1.52345508e-01
  -7.27574532e-01
   7.62100317e-01
  -1.72029359e+00
   9.04662038e-02
  -1.53891717e+00
  -2.77652444e-01
   7.78361425e-01
   3.11107211e-01
   1.37990993e+00
   2.56877950e-01
  -1.77769895e+00
   2.32634906e+00
  -1.77989390e+00
   2.57622620e-01
   2.24680906e+00
   1.11900833e-01
  -5.85362444e-01
   9.75244844e-02
   7.38495382e-01
  -4.82080275e-01
   1.86990404e-01
   1.65529716e+00
   1.41433214e+00
   5.40069675e-01
   9.18130336e-01
   5.44793124e-01
  -8.02557906e-01
   4.15799057e-02
   1.43206096e+00
  -2.90950592e-01
  -6.01732716e-01
   1.54064325e-01
   9.21456958e-01
   6.83349742e-01
   1.24956236e+00
  -4.37205385e-01
  -3.66042922e-01
  -3.28818383e-01
   1.43047530e-01
  -1.72364446e+00
  -7.92656729e-01
  -5.31989237e-02
  -1.77613021e-01
   1.30488000e-02
   5.54934386e-01
  -3.06775030e-01
   4.56428195e-01
  -1.13315977e+00
  -2.80131101e+00
  -6.46457493e-01
   2.88206040e-01
  -1.18601596e+00
  -1.28788260e+00
   7.32668133e-01
  -2.41978291e-01
   2.03474137e+00
   1.72640271e-01
  -1.69428748e-01
   2.93947374e-01
   1.02242582e+00
  -1.28344366e+00
   5.76250538e-01
   1.46331561e-01
  -9.90742406e-01
   1.23497664e+00
   2.10622823e+00
  -2.54734557e-01
   3.81060415e-01
   6.55442736e-01
  -9.29950214e-01
  -3.35407271e-01
  -1.15375747e+00
   2.15849443e-01
   5.64669609e-01
  -5.13858058e-01
   1.07371690e+00
  -9.05182446e-01
  -2.13505181e+00
   6.22538823e-01
  -1.11171051e+00
   6.77696168e-01
  -3.29042466e-02
   9.02010531e-01
   9.05094074e-01
   2.23285434e-02
  -1.64985457e-01
  -3.89875938e-01
  -1.36121505e-01
   1.88344700e+00
   3.70202785e-01
   1.69895429e-01
  -4.38315305e-01
  -3.74761120e-01
   1.93998069e-01
  -1.21802251e+00
   1.15086419e+00
  -1.06846986e+00
  -2.65421069e-01
   5.59138631e-02
   4.24098064e-01
   1.19144948e-01
   2.50031119e-01
  -9.40401570e-01
   4.97053163e-01
   2.57799070e-01
   7.13671838e-01
   1.81420006e+00
   2.65373691e-01
  -1.62856834e+00
   3.69821299e-01
  -1.49588105e+00
   4.36315083e-01
  -1.03881936e+00
   1.21704638e+00
   6.99745253e-02
  -1.10320800e-01
   1.95946833e+00
   1.34731360e+00
  -6.26978965e-01
  -1.09704879e+00
  -1.15810007e+00
   2.86287809e-01
  -6.09940239e-01
  -9.77446621e-01
   3.66386623e-01
   9.49028572e-01
  -2.92167870e-01
  -4.23069281e-01
   1.38122796e+00
  -8.13013391e-01
  -9.65805849e-01
   1.79560670e-01
   9.56291851e-01
   1.39781120e-01
  -3.56613475e-01
   1.46183237e+00
  -9.50813208e-01
  -1.02666214e-01
   7.74371449e-01
   2.35737456e+00
  -7.20217643e-01
  -1.96918306e-01
   2.13356744e-01
   1.04801869e+00
  -1.00736111e+00
  -1.37095878e+00
  -1.14714906e+00
   5.98438654e-01
   1.73028136e-01
   1.70147077e+00
   3.43041820e-01
   5.75306849e-02
   3.24572754e-01
  -9.23039761e-01
  -9.66575622e-01
   2.59440217e-01
  -1.90331910e+00
   4.40390569e-01
   2.50212596e-01
  -8.60688811e-01
   8.37223431e-01
  -1.55953935e+00
   7.86771500e-01
  -4.31416932e-01
   1.06091078e+00
  -6.55593890e-01
   7.51837088e-01
   1.67509983e+00
   7.15797371e-01
   1.41501104e-01
   3.85106999e-03
  -6.40191018e-01
  -1.09155246e-01
   8.64130126e-01
  -5.11915911e-01
   6.87719611e-01
   1.30438751e+00
   1.11730019e+00
   5.43455558e-02
  -5.24020188e-01
   4.53602302e-01
   2.54281874e-01
  -1.40920388e+00
  -1.20441059e-02
  -5.65996527e-01
   4.50442167e-01
   1.41722618e+00
  -5.62678794e-01
  -6.14910866e-01
   1.41654967e-01
   7.07898098e-01
  -7.00986189e-01
  -1.10018903e+00
   1.73854435e+00
  -4.84134566e-01
  -8.56441213e-01
  -1.54313295e+00
  -5.37993533e-01
  -9.74830157e-01
  -8.67492837e-01
   3.31507094e-01
   1.00682647e+00
  -2.57068506e+00
   4.15531827e-01
  -1.42612569e+00
  -8.29885149e-01
  -2.89349235e-01
  -4.59825674e-02
  -5.51664679e-03
  -5.05096454e-01
  -1.56737589e+00
   6.60784806e-01
  -2.00935632e+00
   1.56394489e+00
  -4.46474817e-01
   4.50681670e-01
  -3.01239738e-02
   2.07688649e+00
   1.96056488e+00
  -1.30771326e+00
  -1.08686110e+00
  -6.81974179e-01
   6.49512186e-02
   7.41440704e-01
  -6.14926563e-01
  -3.63614691e-01
   1.42207108e+00
  -1.69337330e-01
  -4.83604290e-02
   5.96489469e-02
  -1.01791159e+00
   5.83952434e-01
   2.89417430e-01
   2.32400032e-03
   2.70693601e-01
   3.09146172e-01
   6.52986433e-01
   7.71932958e-01
  -9.20041151e-02
  -1.10804735e+00
  -5.65961661e-01
   4.48014918e-01
  -7.08023087e-01
  -3.91997656e-01
  -1.08478764e-01
   6.19592091e-01
  -1.35997329e+00
   1.61874286e+00
  -1.03607855e-01
  -1.22719423e-02
  -8.80899839e-03
  -7.21965280e-01
  -3.69106865e-01
  -8.14247348e-01
  -2.81882104e+00
  -1.29670055e+00
   1.35021019e+00
   1.15517804e-01
   8.31045625e-02
  -1.39634028e+00
   7.67330052e-01
   6.24535572e-01
   2.33232845e-01
   2.10742914e-01
  -1.17400581e+00
  -1.69527875e+00
  -1.17519919e+00
   2.16268743e-01
   5.54929002e-01
   3.72069297e+00
  -2.08075897e-01
   5.79212526e-01
  -1.18113996e+00
   1.24268060e-01
  -1.66834398e+00
  -1.31785141e+00
  -1.46137023e+00
   1.41396634e+00
   1.00433222e+00
  -1.21822699e+00
   8.34730229e-01
  -5.90870410e-02
  -2.52141665e-01
  -2.36069029e+00
  -1.13063188e+00
  -1.32108379e+00
  -5.20557528e-01
   4.67919170e-01
  -5.94913032e-01
  -2.34441138e-01
  -7.38378416e-02
  -1.69467610e+00
   2.42313451e-01
  -4.81412871e-01
  -4.73621408e-01
   8.23396739e-01
  -6.61918793e-01
   1.97877653e-01
   2.03507970e+00
   5.41893930e-02
   2.64144748e-01
   1.09069527e+00
  -6.12647807e-02
  -1.76857642e+00
   3.23829226e-01
  -2.29314868e+00
   7.62521648e-02
  -9.75868700e-01
  -8.41623725e-01
  -1.37080426e+00
   8.14042733e-01
  -4.90003631e-01
  -9.64876540e-01
   2.74147146e+00
   3.70596967e-01
  -4.24137864e-01
  -9.09611530e-01
  -7.02113025e-01
   2.33811456e-01
  -1.02189403e+00
   1.26593033e-01
   5.55892825e-02
   1.71739179e-01
  -4.97743638e-01
   1.16865311e+00
   2.14713805e-01
   3.34591010e-01
   1.19926535e+00
  -1.50929681e+00
   1.53219538e-01
   1.15466127e+00
   5.20719776e-01
  -3.78192202e-01
  -5.89146244e-01
   1.68669703e-01
   1.33599745e+00
  -6.32994637e-01
  -1.58088207e+00
   5.26401254e-01
   9.38403887e-01
  -1.89104588e+00
   2.07124390e-01
  -7.69597996e-01
  -1.96234894e-01
   5.18146301e-01
   2.23811485e-01
   1.07562335e-01
   6.00737250e-01
  -9.41892649e-01
   3.00408478e-01
   1.06257613e+00
   1.36901429e-01
  -1.20398992e+00
   7.42164820e-01
  -2.69341683e-01
  -3.33153716e-01
   1.02702034e+00
  -1.42529434e+00
   7.61556674e-01
   4.46819319e-01
  -4.03893185e-01
  -5.01000309e-01
   4.00267370e-01
  -4.21782257e-02
  -6.23036103e-01
   1.24347608e+00
   1.24034611e+00
   1.83760421e+00
  -1.83242281e+00
   7.42496583e-01
  -2.00071461e+00
  -2.79003391e-01
  -2.36101601e-01
   7.98066517e-02
   1.90011869e-01
   2.90042617e-02
   5.56878703e-01
  -6.89942065e-01
  -1.18230945e+00
  -1.50733811e-01
   3.15095119e-01
  -6.10226195e-01
  -3.57216340e-01
  -1.45171429e+00
   7.82688087e-01
  -3.30035113e-01
  -7.03506908e-01
  -9.00564176e-01
   7.79186172e-01
   3.72788925e-01
  -8.16431378e-01
  -1.66310164e-01
  -3.17794973e+00
  -3.61597044e-01
  -4.15227087e-01
   5.64087329e-01
  -3.23549862e-01
   1.69579593e-02
   4.28922366e-01
   9.50289284e-01
   1.12763605e-01
   7.32272665e-01
  -1.05060791e+00
  -8.07864872e-01
   2.94823151e-01
   3.52925516e-01
   6.61947507e-01
  -1.48245488e+00
   2.51692676e-01
   7.71373449e-01
   2.02019479e+00
   1.22166933e+00
   8.10201946e-01
  -2.38915141e-01
   5.55293605e-01
  -1.52494928e+00
  -4.92133253e-01
  -1.13269823e+00
   1.13265125e+00
  -9.41056073e-02
   5.05107680e-01
   2.45200259e-01
  -8.98638150e-01
  -1.17033497e-01
  -1.03151739e+00
   2.03116205e+00
  -3.79740043e-01
   5.55230075e-01
  -1.39239306e+00
   4.29149154e-01
   2.87120253e-01
   5.09027826e-01
   2.48928503e-03
   7.35563063e-01
   2.45943377e-01
   6.87168484e-01
   6.78020572e-01
  -1.11161947e+00
   6.21516587e-02
  -3.01178331e-01
   2.33632894e+00
   1.12155879e+00
  -5.74318623e-01
   6.25541961e-01
  -1.43304532e+00
   8.25566891e-01
  -4.94341153e-01
  -5.98682651e-01
  -9.11131813e-01
  -9.14582585e-02
  -5.99659035e-01
  -3.52832870e-01
   1.63134873e-01
   7.24736229e-01
   2.74160756e-01
  -2.82717643e-01
   4.51929742e-01
  -1.32093117e+00
   2.75593775e-01
   6.97825732e-01
  -3.49240747e-01
   7.67767110e-01
   6.85388050e-01
   6.88281730e-01
   5.94371989e-01
   4.90244820e-01
   4.32513425e-01
  -4.08133463e-01
   1.77371219e+00
  -7.21956051e-01
   2.60810612e+00
  -2.17752572e-01
  -9.10177810e-01
  -9.86530015e-01
   8.05610037e-01
   1.10207570e+00
   2.74949757e-01
  -2.92254885e-01
  -4.96133791e-01
  -1.06713904e+00
  -1.38500494e-01
  -1.51145861e+00
  -4.57013481e-01
   1.00615900e+00
   3.86263379e-01
  -8.10277457e-01
  -7.47553716e-01
   3.30398031e-02
  -4.86612178e-01
   8.62902566e-01
   2.05611972e+00
   9.41908582e-01
  -1.75971465e+00
   4.38730157e-01
  -9.35649823e-01
   7.70492342e-01
   6.70423872e-02
  -2.49059756e-01
   1.09613012e+00
  -4.93466745e-02
  -6.86860575e-01
   2.80201211e-01
  -1.32600178e+00
   1.18021265e+00
   1.41427513e-01
   4.30917520e-01
  -1.30813428e+00
  -9.49427470e-01
   4.57090449e-01
   9.89438547e-01
  -1.13252895e+00
  -4.60837619e-01
  -8.54491495e-01
  -8.69457329e-01
   2.03915650e+00
   1.23775124e-01
   1.90403873e+00
   8.05307556e-01
   1.04430472e+00
  -4.37031333e-01
  -1.44138395e+00
  -1.22678885e+00
  -1.95679423e+00
  -1.43894488e+00
  -7.42199309e-01
  -8.73856046e-02
   3.99981441e-01
   1.22936299e+00
   1.30145856e+00
   1.11414530e+00
   1.39589925e-01
  -2.87576678e-01
  -7.16899864e-01
   1.36173137e-01
  -2.24151670e+00
   5.98494798e-03
  -1.09504735e+00
  -7.94855496e-01
   3.28071541e-02
  -7.45793244e-01
  -1.61172364e+00
  -1.45006995e+00
   1.51676850e+00
  -1.20232867e+00
   9.84883966e-01
   1.46888081e+00
   1.54304281e+00
  -3.88580928e-01
   1.68946220e+00
   1.10278672e+00
  -2.70058650e-02
   1.04160587e+00
   9.82889309e-01
  -6.02518500e-01
  -1.53036777e-01
  -1.17913785e+00
   1.65956443e+00
  -5.11222161e-01
   7.13172680e-01
  -8.31705011e-01
   2.17546193e-01
   1.19411087e-01
   9.24921791e-01
   1.45373539e-01
  -4.49381012e-01
  -1.55210075e-01
   8.80908095e-01
   7.63300177e-01
   3.41990903e-01
   1.75572071e+00
   1.58790728e-01
  -7.39362346e-02
   5.49034840e-01
  -8.24524847e-01
   1.71603592e+00
   1.46521451e+00
  -5.51404016e-01
  -5.55283268e-01
   5.39902623e-01
   1.30277519e+00
  -2.40757947e+00
   1.19015523e+00
   1.56108949e+00
   2.20672199e+00
  -7.07008648e-01
  -8.70386576e-01
   1.43495393e+00
   4.12446042e-01
  -3.16169629e-01
  -5.35335694e-01
   1.55877702e+00
  -2.51203373e-01
  -1.54692263e-02
  -8.65711232e-01
  -1.33177354e-01
   1.72312483e-01
  -7.33879998e-01
  -1.95369884e+00
   1.48215051e+00
  -1.47170096e+00
  -1.18444248e+00
   1.72261798e+00
  -1.17119922e+00
  -4.93283124e-01
  -1.70120046e+00
   1.44689784e+00
   4.53605888e-01
  -9.46605003e-01
  -1.56455197e+00
   1.36589817e+00
  -5.85425282e-01
   1.81072327e+00
   7.71025275e-01
   4.88305402e-01
   7.88078617e-01
   1.82074858e+00
  -7.77881744e-02
   3.94310870e-01
  -4.07647989e-02
  -1.20120692e+00
  -4.49213361e-01
  -1.02116703e+00
   3.23782345e-01
   7.33751823e-01
  -6.65781035e-01
   7.04687268e-02
  -8.32791999e-01
   8.71482833e-01
   1.63924670e+00
  -1.65498388e+00
   8.57851604e-01
   1.28960850e+00
  -4.67054121e-01
   1.10906535e+00
  -1.10496999e+00
  -5.22720534e-01
   5.26241776e-01
   1.84797336e+00
   6.31496408e-02
  -7.58931138e-01
   1.99117675e-01
  -2.90592600e-02
  -1.96363980e+00
   1.39892889e+00
  -4.40269111e-01
   5.25079186e-01
   1.47927269e-01
   8.81946780e-01
   2.14495910e+00
   1.33713047e+00
   4.07613310e-01
   1.00055803e+00
   4.81279437e-01
   1.17168702e-01
   2.28563278e-01
  -1.50563042e-01
   8.94529619e-01
  -1.33767054e+00
  -2.26227284e-01
   7.20563860e-01
  -2.40333655e-02
   5.89683972e-01
   6.72727089e-01
  -2.46398483e-01
  -1.96631173e+00
  -1.18515538e-02
  -6.40719437e-01
   1.42350010e+00
   2.90060801e+00
   9.18516090e-01
  -5.46486131e-01
   8.76981907e-01
  -1.04842487e+00
  -1.60668262e+00
  -6.51986411e-01
  -2.19383398e-01
  -1.11134635e+00
   1.61833797e+00
  -7.69710260e-01
   1.59025187e+00
   1.27070919e+00
  -6.03771868e-01
  -5.69378290e-01
  -4.32408391e-01
   1.00902920e+00
   6.64995733e-01
  -3.76341379e-02
  -4.97240646e-01
   6.94104718e-01
  -8.41683549e-01
  -9.54542405e-01
  -1.70043270e+00
  -4.54941446e-01
  -1.28425370e+00
   7.09076293e-01
   2.44574080e-01
  -1.33442954e+00
  -3.37069460e-02
   1.09925104e-01
   5.55291520e-01
   4.87048961e-01
  -1.39141735e+00
   2.36610161e-01
  -6.31765773e-02
   8.68828101e-01
  -3.96262611e-01
   4.41312416e-01
   1.49105019e-01
   6.46220804e-01
  -2.60891245e+00
  -8.44293096e-01
  -2.43763774e+00
  -1.47749446e+00
  -1.18245063e+00
  -4.17196670e-01
   4.05500663e-01
  -1.16866891e-01
   5.69061048e-01
   2.44161191e-01
  -1.25121571e+00
  -8.57311234e-01
   4.87548665e-01
   1.88638022e+00
  -1.10244623e+00
  -4.40807626e-01
   1.67795334e+00
  -2.54784428e-01
   1.44757784e+00
  -7.52806473e-01
  -3.25354341e-02
   3.08780980e-01
  -6.19632146e-01
  -3.21950776e-01
   1.10114003e+00
  -5.19418989e-02
  -3.39761234e-02
   6.25370082e-01
   9.78931564e-01
  -4.24939779e-01
   8.21344965e-01
  -1.88520907e-01
  -1.72983027e-01
   4.08700891e-01
   5.37611388e-01
   8.76641276e-01
   1.71699559e+00
  -9.69921150e-01
   7.54924654e-01
  -4.35416529e-01
   1.09563327e+00
   1.67857927e-01
   9.45441707e-01
  -4.46417030e-01
   8.60846002e-01
  -1.70337501e+00
  -5.96210348e-01
   3.59524580e-01
   2.02863629e+00
   7.02696407e-01
   1.07957467e+00
   8.91700990e-02
  -1.99875705e-01
   1.41140172e+00
  -2.00111278e-01
  -1.51706349e+00
  -3.41943071e-02
  -1.72294151e-01
  -1.32198824e+00
  -1.78758573e+00
  -2.29371915e-01
  -2.21194482e+00
  -5.04529483e-01
  -1.78472964e+00
   9.25052505e-01
  -1.54379784e+00
  -1.18927386e+00
   2.26185926e-01
   9.01265230e-01
  -2.17784277e-02
   1.44645527e+00
  -8.29374563e-01
  -9.05891990e-01
  -1.64206528e+00
  -3.28300990e-01
   1.07987851e+00
  -4.59594971e-01
   2.19975262e-01
  -1.23069018e+00
  -1.33020918e+00
  -6.45331883e-01
  -1.75307515e+00
   3.30529992e-02
  -5.16496701e-01
   9.90696282e-01
  -1.99243620e+00
  -7.73428805e-01
  -1.33270201e-01
  -1.97850791e+00
  -6.46083563e-01
  -1.91456914e-01
  -1.52992754e-01
  -1.45079599e-01
  -7.28373430e-01
  -4.09507813e-02
   4.16233955e-01
   1.36823498e+00
   1.08412542e-01
  -4.73034713e-04
   5.20260478e-01
  -1.88787968e+00
   6.94666347e-01
   9.67469471e-01
  -2.64615936e+00
  -3.03170842e-01
   1.19077974e+00
   7.22384491e-01
   9.20518759e-01
   1.96920879e-01
  -2.07697632e+00
  -9.19209999e-01
  -1.02517980e+00
  -4.66173992e-01
  -1.37926336e+00
   6.83265629e-02
   9.86318327e-01
  -1.51005823e-01
  -5.64254912e-01
  -6.88460109e-01
  -1.42887228e+00
  -2.47052636e-01
   1.07455357e+00
  -1.22093161e+00
  -1.10592565e+00
  -4.98492961e-01
   1.87790964e-02
   1.02921582e+00
   7.19630095e-01
   1.46862817e+00
   8.91995296e-02
   6.93715700e-01
   2.05036278e+00
  -1.09133237e+00
  -1.61808681e-01
   8.25730346e-01
  -5.45494161e-01
   9.15492994e-01
   1.18897333e+00
  -1.67444082e+00
   1.10881690e+00
   1.73924965e+00
  -1.29480856e-01
   6.89706110e-01
   1.00703427e+00
  -2.92170995e-01
   1.75232131e+00
   2.89164183e-01
   2.32107915e-01
  -1.28768640e+00
   1.55300550e+00
   8.39153236e-02
  -1.61729224e-01
  -2.00355215e-01
  -4.84551072e-01
   3.27395696e-01
   9.15542596e-01
  -9.89551341e-01
  -2.72542332e-01
  -2.05469262e-01
   9.19646253e-01
  -2.42173917e-01
  -7.50274002e-01
   3.01310248e-01
  -4.09701741e-02
  -9.90062594e-01
  -9.29998334e-01
  -1.73134827e+00
   2.97864751e-01
  -2.30478418e+00
   1.30757101e+00
   1.97842497e-01
  -3.51263541e-01
   1.16528195e+00
   2.54627579e-01
   1.58084113e+00
   1.23504978e+00
   4.18381549e-01
  -5.70419158e-01
  -5.95897383e-01
   8.23425387e-01
   1.70862784e-01
   3.59994190e-01
  -3.26439722e-01
  -9.72184599e-01
  -5.34939552e-01
  -1.98167012e+00
  -2.34499597e+00
   2.79691686e-01
   2.09400428e-01
  -7.63003580e-01
   3.11073992e-02
  -1.46150636e+00
  -5.87944208e-01
  -6.60159669e-01
  -6.08650222e-01
