  -1.96399606e+00
   3.11297553e-01
   5.29995347e-01
  -3.78450973e-01
  -8.70027209e-01
   9.66609558e-01
   9.97169542e-01
  -3.98804194e-01
  -1.90795048e+00
  -5.60656952e-01
   6.95493582e-01
  -9.39259433e-01
   4.46476618e-01
   3.47681533e-01
  -6.15802655e-01
   1.31878845e+00
  -9.10539117e-01
   4.82746396e-01
   3.22618303e-01
  -6.32333991e-01
  -2.15925882e+00
   1.04271732e-01
  -6.43748325e-01
   3.74290671e-01
  -4.31306531e-01
   1.06340396e+00
  -5.82305861e-01
   6.30189128e-01
   2.19195238e-01
  -1.09590649e-01
  -1.16046148e+00
  -2.24680251e-01
  -1.34594280e+00
   1.15714011e+00
   1.60746415e+00
  -1.34020066e+00
  -8.86006922e-02
   1.05001191e-01
   1.34171795e+00
   7.95096498e-01
   1.03681071e+00
  -1.09539617e+00
   1.42041582e+00
   1.60219213e+00
   1.26954941e-02
  -2.53156013e+00
  -3.48427510e-01
  -7.72873583e-01
   1.37928270e+00
   4.53095468e-04
   4.56845716e-01
  -1.49698832e-01
  -4.72410787e-01
  -1.91064124e-01
   1.28828550e+00
   1.15027189e+00
   5.18637416e-01
  -1.09704536e-01
  -6.84807608e-01
   8.98501865e-01
  -1.64371727e+00
  -6.83089674e-02
  -1.48512539e+00
   4.50568733e-01
  -8.83080642e-01
   9.50482968e-01
  -2.13211541e-01
  -1.61432615e+00
  -7.13996548e-01
   1.14199315e-01
  -4.13170136e-01
   1.69559984e+00
   1.47979585e+00
  -3.86362768e-01
   1.21589469e+00
   7.02371830e-01
  -5.59900579e-01
   9.30593837e-01
  -6.91097013e-03
  -8.01569617e-02
  -1.86437254e+00
   1.12409039e+00
  -7.13653312e-01
   1.30204164e-01
  -1.10544784e+00
  -1.70868116e-01
   5.19381561e-01
  -4.73199811e-03
  -4.15184343e-01
   1.01805398e+00
  -5.14583272e-01
  -4.64140975e-01
  -3.17756467e-01
  -2.22782654e-01
   1.04040284e+00
  -9.59735462e-01
   5.00942006e-01
   4.74945867e-01
   6.71152391e-01
  -1.86302780e+00
   2.05874480e+00
   1.94428156e+00
   9.68400168e-01
  -3.51832390e-02
   1.03032866e+00
   6.70836288e-01
  -8.03718839e-01
   5.35605537e-01
  -1.51455540e+00
   4.99486693e-02
  -1.51637649e-01
  -6.86762181e-01
  -1.07354511e+00
   6.52725594e-02
  -1.02453403e-01
   1.10139001e+00
   7.23238726e-01
  -7.85312583e-01
   1.45821671e-01
  -1.13039500e+00
  -7.36787931e-02
   8.69904995e-02
   3.12068114e-01
   1.98199973e+00
   1.31723510e-01
   1.60561762e+00
   5.32499696e-01
   2.38630361e-01
  -6.81424388e-02
   7.76484684e-01
  -3.69153889e-01
   1.67009714e-01
   1.93818688e-01
  -1.99531387e-01
   2.36552344e-01
   8.19982928e-01
  -9.65088317e-01
  -2.20833112e+00
  -1.07039791e+00
   9.58071229e-02
   9.40750630e-01
  -1.55895524e+00
  -6.49442956e-02
  -1.75737262e-01
  -9.35998036e-01
   2.33163509e+00
  -6.89426055e-01
   6.66542283e-01
  -4.94113426e-01
  -9.91750001e-01
   2.25694696e-01
  -1.65686627e-01
   2.34339709e-01
  -7.05296297e-01
  -2.60185349e-01
   6.26716904e-02
   1.15398088e+00
  -1.58583263e+00
  -6.07953432e-01
   7.47030661e-01
  -1.61338851e-01
  -2.08948467e-01
   4.05164439e-01
  -8.81590438e-01
   1.07493018e+00
   1.15223595e+00
   6.93458370e-01
  -9.43433774e-01
   3.93663484e-01
   8.31316311e-02
   6.57741974e-01
   5.78114691e-01
  -9.45548850e-01
  -4.30593350e-01
  -8.65374975e-01
   9.05964246e-01
  -1.44606869e-01
  -1.23311406e+00
   1.41571082e+00
  -4.35684587e-01
  -3.35871028e-01
  -2.59963987e-01
  -5.38833630e-01
   2.57266089e-01
  -4.84186018e-01
  -7.00581036e-01
  -1.18834892e+00
  -1.52924424e+00
   1.70217344e+00
  -8.40556569e-01
  -6.69695225e-01
  -7.76695162e-01
   9.11887273e-01
   1.29750845e+00
  -5.29611061e-02
   3.97246479e-01
  -1.19876399e+00
  -3.45208136e-01
  -3.34820253e-02
  -1.13526626e+00
  -1.39843038e-01
   1.60977908e+00
  -4.17008256e-01
   5.98159782e-01
  -2.37729034e-01
   9.40520200e-01
  -3.00463886e-01
  -4.32372791e-01
   5.94077874e-01
   1.23767141e-01
   1.38670719e+00
  -2.75338714e-02
   8.41336862e-02
   2.99854091e-01
  -1.16471494e+00
  -5.73312053e-01
   3.21659074e-01
   1.23211414e+00
   2.41646202e-01
  -1.92338034e-01
  -4.99874335e-01
   7.49067299e-01
   2.43103261e-01
  -5.10822142e-01
  -3.52106213e-01
  -6.34680885e-01
   9.08035357e-01
  -1.62970327e+00
  -9.01034241e-01
   1.29149840e+00
  -1.29208546e+00
   2.76885886e-01
  -6.30837491e-01
  -1.97449315e-01
   1.47959925e-01
  -8.55697033e-01
   1.10736218e+00
   7.44562189e-01
  -2.03157516e+00
  -1.22701168e+00
  -3.98512195e-01
  -7.94131837e-01
  -4.54436740e-02
  -1.73360706e-02
  -1.25379990e+00
  -2.08361959e-01
   1.34291088e+00
  -9.58445025e-01
   4.91940171e-01
   3.08603272e-01
  -3.84962794e-01
   1.35308395e+00
   4.66861035e-02
   2.08114477e-01
  -2.68440795e-01
  -5.68272094e-01
   7.28102326e-01
  -2.49791470e-01
  -1.53147283e+00
  -8.75559243e-01
  -1.20748477e+00
   5.93902577e-01
   4.21370719e-01
   1.81061666e+00
  -8.23256683e-01
   7.72921710e-01
  -7.64648207e-01
  -1.52573814e+00
   6.20256325e-01
   1.85538370e+00
   2.29026512e+00
  -4.27555476e-01
   4.22230738e-01
   4.74108078e-01
   1.74262315e-01
  -2.76799001e-01
  -8.37125762e-01
  -1.61950437e+00
   5.76039047e-01
   4.32675631e-01
   1.39469898e+00
  -4.71314663e-01
  -1.64560601e+00
  -4.04417284e-01
  -1.25492129e-01
  -1.96582340e+00
  -2.97483690e-01
   1.92892156e+00
   2.72663166e-01
  -1.15039162e-01
  -1.09612219e+00
  -2.51180836e-01
  -1.52147170e+00
   3.45495231e-01
   6.67420671e-01
   1.48565813e+00
  -1.21340250e+00
   7.99234790e-01
   3.45889270e-01
  -9.44296091e-01
  -1.68648148e+00
  -2.38085907e+00
   3.60112923e-01
  -1.85891848e+00
  -1.38608473e+00
   1.04737969e+00
   4.18352542e-01
  -1.37759464e+00
  -1.31262875e+00
  -1.58775930e+00
  -7.63258913e-01
  -1.64979278e+00
   7.70343571e-01
   1.42716573e+00
  -6.61431330e-01
  -7.95758304e-02
  -2.20042588e-03
   9.35095973e-01
   4.63420420e-01
  -5.20078253e-02
   5.33373894e-02
  -3.29246405e-02
  -7.02120599e-01
   1.01402327e+00
  -1.07276752e-01
  -4.00600311e-01
   5.40536425e-02
   2.09417761e+00
   9.16798709e-01
   1.14641217e+00
  -7.27477002e-01
   1.18874206e+00
  -1.49190996e+00
   1.67607786e+00
   3.89379578e-01
  -8.91991500e-01
  -1.70958069e+00
   6.85476134e-01
   1.56772192e-01
  -1.62065759e+00
   8.60793357e-01
  -2.11269375e+00
  -1.01893496e-02
   3.59823710e-01
   5.95881301e-01
   6.90089257e-01
  -6.36499943e-01
  -4.21806575e-01
   2.21046849e-01
   1.25089484e+00
   3.63369822e-01
   1.58605759e+00
   9.86806029e-01
   5.05880015e-02
  -2.16830462e-03
  -1.49545162e+00
   1.18418698e+00
   9.14491733e-01
   6.62819284e-01
  -1.69611107e+00
   6.62481238e-01
  -7.07611829e-01
  -8.09443793e-01
   1.15866936e-01
   1.52987862e-01
   1.93622130e-01
   8.09580556e-01
  -1.00482430e+00
  -1.21626589e+00
   8.64645628e-01
  -2.09297951e-01
  -2.63737603e-01
  -9.59201299e-01
   1.17661505e+00
   1.82888722e+00
  -1.75265100e-01
  -2.43643214e+00
  -8.92529162e-01
  -3.64256648e-01
  -1.03155075e+00
  -3.20635030e-01
  -1.57875574e+00
  -2.47985796e-01
  -6.39559018e-01
   3.52199677e-02
  -9.22368841e-01
   1.24696064e-01
   1.10903403e+00
  -1.16969041e-01
   8.08566544e-01
   1.59724821e+00
  -9.09023310e-01
  -2.44264220e-01
   1.25706881e+00
   6.16774554e-01
   5.93762463e-02
   1.29456618e+00
   7.66012792e-01
  -1.58613911e+00
   1.43980720e+00
  -8.39367308e-01
  -6.79129519e-01
  -1.53283513e+00
   4.20681341e-01
   4.83482747e-01
   4.72932968e-01
   1.17446493e+00
   1.47717243e+00
   8.64164742e-01
   1.26514457e+00
  -6.08098168e-01
   3.18582492e-02
  -5.38887530e-02
  -9.95005904e-01
  -2.18219377e+00
   4.46685320e-01
   9.06858769e-01
   6.29500635e-01
  -1.47755708e+00
   8.19086487e-01
   3.12139072e-02
   1.00688242e+00
   5.75066427e-01
  -5.86388946e-01
  -7.07531874e-01
   7.75830594e-01
  -8.11914084e-01
  -1.38470037e+00
   8.47247268e-01
   1.35492714e+00
  -6.37080514e-02
   4.48600559e-01
   1.82927653e+00
  -2.06425151e-01
  -3.92133224e-01
  -6.80967575e-01
   9.12022998e-01
  -2.21420980e+00
  -6.25531553e-01
  -8.88862388e-01
  -1.43728151e-01
  -4.81749847e-01
   3.37786401e-01
  -1.18268223e+00
  -9.15239430e-01
   6.00188379e-01
   7.30867043e-01
  -2.00812372e+00
  -6.04135775e-01
  -1.14156797e+00
  -4.09506648e-01
   6.20073546e-01
  -2.05088669e+00
  -3.55284258e-01
   7.38112950e-01
   1.57190712e+00
  -3.35750826e-01
   9.53777490e-01
  -3.09273683e-01
  -1.56125770e+00
  -2.49888691e+00
   4.99328456e-01
  -4.24897027e-01
   9.71966587e-01
  -5.52882720e-01
   7.02765883e-01
  -4.75563332e-01
   3.98109714e-01
   9.61642563e-01
   1.52042084e-01
   1.42359946e+00
   4.34346827e-01
  -8.61633748e-01
  -1.34593706e-01
  -1.69602359e-01
   3.95624050e-01
   1.25518279e+00
  -5.43940437e-01
  -7.55344760e-01
  -7.17567725e-01
   2.04776107e-01
  -8.50851962e-01
   1.54652465e+00
  -1.78337958e+00
  -6.47980977e-01
  -4.83142928e-01
  -1.33121250e+00
   2.24302372e+00
  -8.19201403e-01
  -4.25518695e-01
  -8.11937863e-02
  -1.12314420e+00
   7.79958676e-01
  -1.47035891e+00
   9.40773372e-01
   5.76914980e-02
   1.69318803e-01
   6.59434780e-01
  -1.72414880e+00
  -1.97904665e-01
  -1.07209860e+00
   1.96304623e+00
   6.81832960e-01
   2.54162806e-01
   4.34523703e-01
   8.62517621e-01
  -4.47845865e-02
  -1.18819404e+00
  -3.79196756e-02
  -5.19955024e-01
  -2.44360668e+00
   5.53649719e-01
   1.24549315e+00
  -1.10071551e+00
  -9.02319945e-01
   1.26603579e-01
   2.10375151e-01
  -7.22326626e-01
   1.97051619e-03
  -3.48790743e-03
   7.66232439e-01
  -1.41476885e+00
  -4.99256596e-01
  -6.57835047e-01
  -5.78767846e-02
  -8.37079887e-02
   7.06552881e-01
   1.35547733e-01
  -5.34303253e-01
  -1.07311852e+00
  -1.27715907e+00
   1.64247763e+00
   1.56554397e+00
  -1.26778333e+00
  -1.13735128e+00
  -8.81817655e-02
   9.15393152e-01
  -5.76175965e-01
   7.27487168e-01
   9.21915994e-01
   2.69830749e-01
  -2.09050919e-01
  -1.96850503e-01
   3.31544667e-01
  -4.53305198e-01
  -4.52517919e-01
  -6.68407123e-01
   1.26793182e+00
   1.04364322e+00
   4.55794635e-01
   1.83529602e+00
  -3.73914877e-01
  -1.84017602e+00
  -3.30915876e-01
  -8.35287129e-01
  -5.60543641e-01
   3.01093274e-01
   4.99434370e-01
  -6.58706111e-02
   1.25766962e+00
   1.18761717e+00
  -2.66356755e-01
   8.82522168e-01
  -7.82951349e-01
   5.32554278e-01
   5.11369481e-01
  -1.96700237e-01
  -4.71905403e-01
  -4.91363505e-01
  -1.24365725e+00
  -1.69530354e-01
  -1.87594764e-01
  -4.53717808e-01
  -3.41287832e-01
  -9.59010218e-01
  -1.17395698e+00
   1.46627100e-01
   1.65980864e+00
   1.49647183e+00
   1.78873378e-01
   2.49422334e-01
  -3.80767543e-01
   9.97807074e-01
  -1.03251185e+00
  -2.01572675e-01
   1.30776341e+00
   5.52653077e-01
  -1.13411600e+00
  -7.98084182e-02
   1.36776734e+00
  -2.65687353e-01
   1.48924592e+00
   1.76055996e+00
   1.02508024e+00
  -1.14701272e+00
   1.30104071e+00
   6.33411611e-01
   1.04996551e+00
  -2.00384675e+00
  -1.25001320e+00
   1.56332356e+00
   1.47679022e-01
  -1.58329754e+00
   2.38712683e-01
  -1.56728024e+00
  -9.30491007e-01
  -5.43979649e-01
  -2.02420845e+00
  -6.10540365e-01
   2.73488129e-01
  -2.17870235e+00
   3.68460518e-01
   1.16200988e+00
   9.19213711e-01
   9.31829492e-01
  -7.81722321e-01
  -4.82345876e-01
  -2.15449950e+00
  -9.02417053e-01
   1.87460000e-01
  -2.82551851e-01
  -1.22646957e-01
  -1.26599754e+00
   9.91643417e-01
   1.41245593e+00
  -2.01538392e+00
  -4.55847162e-01
   4.27210930e-01
   6.28502568e-01
   1.24394834e+00
  -1.58859035e-01
  -6.60174477e-01
   5.06949307e-01
   8.48650024e-01
  -9.52330600e-01
  -5.35099399e-02
   6.55246582e-01
   2.66825239e+00
  -1.89116730e+00
   1.45411672e-01
   1.09777699e+00
  -1.50699965e+00
   9.25633658e-02
  -1.03304630e-01
  -8.16726458e-01
   7.74909359e-01
  -2.23759533e+00
  -1.10712807e+00
  -3.19845860e-01
   1.15443839e+00
  -1.00171676e+00
   2.18279138e-01
   7.36522996e-01
   5.82721483e-02
   3.90051477e-01
   1.26652283e+00
   3.51042608e-01
   3.98262148e-01
   2.70744773e-01
   2.67717773e-03
   9.17228282e-02
   3.69535738e-01
  -1.62923989e-01
  -3.84938273e-01
   2.58409677e-01
  -6.44892109e-01
   2.88465933e-01
  -1.46938210e+00
   9.31483021e-01
  -7.67772259e-01
   8.38746152e-01
   6.91085510e-01
   1.34212287e-01
   3.05071594e-02
   2.17391121e-01
   1.11245858e+00
  -4.58646991e-01
   5.25865241e-01
   1.24871159e-01
  -6.83036262e-01
  -7.76232322e-02
  -7.15377211e-01
  -1.72604573e+00
   8.64733089e-01
   4.37858833e-01
  -9.75291001e-01
  -7.73587499e-02
   1.07048352e+00
   8.85149419e-01
  -4.61839848e-01
   7.04036633e-01
   3.73438615e-01
   5.82897527e-01
  -5.00811687e-01
  -1.22425792e+00
  -9.68674544e-01
  -1.03965638e+00
   2.25346430e+00
  -9.61136508e-01
   1.04106896e+00
  -3.75569632e-01
  -1.40843172e-01
   3.78204958e-01
  -1.18676600e+00
  -1.45754939e+00
   4.02829209e-01
  -3.13742354e-03
   8.35863286e-01
   8.22189869e-01
  -2.94037149e-01
  -8.96680642e-02
   3.05067524e-01
  -1.06944475e-01
  -1.34471516e+00
   4.02002374e-01
  -8.98728363e-01
  -3.06790877e-02
  -1.29384506e-01
  -1.06732048e+00
   5.13426337e-01
  -4.69311461e-01
   9.99670786e-01
  -3.20373886e-02
   4.41570536e-01
   5.76439981e-01
  -6.86408490e-01
   3.45575783e-01
  -1.42711581e+00
   6.87365259e-01
   1.22910363e+00
   2.46397289e-01
   1.13043242e-01
   1.81914496e+00
  -2.78088465e-01
  -3.46601475e-01
  -3.50103520e-01
  -1.18855073e+00
   9.30093517e-01
   3.95623790e-01
  -6.12462718e-01
   1.10391619e+00
   4.57099561e-01
   1.86353296e+00
  -1.02447264e-01
  -5.85751484e-03
   2.52284887e-01
  -1.01869863e+00
   1.83444135e+00
  -7.76838085e-01
   2.71334456e+00
  -5.51414371e-01
   3.68289025e-01
  -3.29574249e-01
   7.62912254e-01
   1.64156278e-01
  -5.21136565e-01
   1.19442187e+00
  -5.87706911e-01
   2.87311927e+00
  -2.60039922e-01
  -4.41256338e-01
  -9.14531954e-01
   1.22920871e+00
   1.41618191e+00
  -5.34466975e-01
   7.64454436e-01
   3.51915774e-01
   3.52349256e-01
   5.08457039e-01
   1.31014627e+00
  -2.16358295e+00
  -6.27696605e-01
  -2.98481923e-01
   1.71187612e+00
   1.50950055e+00
  -6.29390740e-01
   1.98258809e+00
   9.89685476e-01
  -8.35857715e-01
  -9.68290648e-01
   7.44060996e-01
   1.52467809e+00
   6.02834286e-01
   3.10971819e-01
   2.15613844e+00
  -4.25642415e-01
  -2.85246903e-02
  -2.17433586e-01
   1.16945856e+00
   3.46223026e-01
   1.70798788e+00
   2.13096032e-01
   1.73566412e+00
  -2.27894899e+00
  -7.69812358e-01
   3.19455017e-01
  -6.21175979e-03
   7.62946729e-01
  -1.37022489e+00
   7.43808306e-01
  -7.30283480e-01
  -1.58240504e+00
   5.95005297e-01
   1.32861190e+00
   1.49079488e+00
   6.41246709e-01
  -3.25256657e-01
  -7.15262234e-01
  -2.21824122e+00
  -5.05238666e-01
  -1.48680826e+00
  -5.08779797e-03
  -2.12332324e-01
   7.84023245e-01
   1.36757693e+00
  -1.54118132e+00
   9.15711982e-02
  -3.01449357e+00
   2.54496094e-01
   1.07110169e+00
  -2.72782435e-01
  -2.07720440e-01
  -1.18145106e+00
  -7.76899066e-01
  -9.32734418e-01
   1.19707622e+00
  -1.82719155e+00
  -1.33090584e+00
  -2.42719070e-01
  -7.58629485e-01
   9.45208274e-02
   7.61167938e-01
   9.42099656e-01
  -4.25328098e-01
   4.87974222e-01
  -8.47117665e-01
   2.16435419e-02
   2.73889251e-01
   1.57849745e+00
  -2.62318117e-01
  -1.07368379e+00
  -3.84404538e-01
   4.50460512e-01
  -5.85714341e-01
  -7.65232284e-01
  -7.79993783e-01
  -6.34964743e-02
   7.19179969e-01
   6.05311210e-01
   1.56138344e+00
   9.86116722e-01
   1.47277904e-01
  -7.96893779e-01
  -1.73144329e-01
  -1.98283445e-01
  -8.33747103e-01
  -2.10544131e+00
  -2.26670828e-01
  -8.83475940e-01
  -7.12151772e-01
  -5.09684260e-01
  -4.51269499e-01
   1.92934810e-01
  -4.27740497e-01
   1.04345689e+00
   4.65962963e-01
  -8.03198021e-01
   6.92226867e-01
   1.64259148e+00
   3.08561096e-01
   1.54124861e+00
   5.96185247e-01
  -9.18169586e-01
  -7.95152890e-01
  -3.80838728e-02
   3.29546923e-01
  -1.60893615e+00
   6.11558517e-01
   1.02170445e-02
   4.64594245e-01
   1.27291692e+00
  -3.25242037e-02
   4.05002998e-01
   5.82814802e-01
  -9.48152369e-01
  -1.16038912e+00
   9.32756900e-01
   3.28547573e-01
   3.49536713e-01
   5.14196945e-01
  -5.40704285e-01
  -1.23393877e+00
  -5.27236417e-02
  -7.21672542e-01
   1.56427446e+00
  -1.71523115e-01
   5.47204703e-01
   3.17823178e-01
  -5.17019470e-02
   1.94653880e-01
   1.04306788e+00
  -8.35592157e-02
  -3.33901433e-02
   1.12954946e+00
   6.24721849e-01
  -5.19025323e-02
   1.38948824e-01
  -6.95834499e-02
   6.19442658e-01
   7.59079389e-02
   5.72573780e-01
   7.26446705e-01
  -4.11307432e-01
  -1.24447425e+00
   1.23892307e+00
  -6.69905212e-01
  -3.98944001e-01
   4.22764709e-02
  -3.72537310e-01
  -9.01790087e-01
   9.94740449e-02
   1.14738156e+00
  -1.08205694e+00
   4.28379996e-01
   2.07673629e-01
   2.36215594e-01
   8.24886213e-02
   6.29847481e-01
   1.42674405e+00
  -3.55154320e-01
   2.07439162e-01
  -6.67652148e-02
  -6.87402195e-01
   8.90521899e-01
  -3.16802226e-01
   7.33047617e-01
   1.10891321e+00
   2.28787033e-01
   2.76884914e-03
   7.03845913e-01
  -1.37524773e+00
  -8.63488893e-01
   2.55139207e+00
   1.26592219e+00
  -8.67491720e-01
   1.15563360e+00
   1.72210696e+00
   1.73381541e+00
   4.37507916e-01
  -4.09360901e-01
  -1.18143084e+00
  -1.18710001e+00
   1.81673373e+00
   2.34753977e-01
   1.73320324e-01
  -2.43935434e+00
   2.86679747e-01
   1.15144304e+00
   2.22974297e-01
   7.83777062e-01
  -3.69146569e-01
   1.14485970e+00
  -4.12498368e-02
   4.28635254e-01
   1.28492817e-01
  -7.49029618e-01
   8.35333656e-01
   1.62279838e+00
   2.53567475e-01
  -1.53898850e+00
   9.58913673e-01
  -9.27903700e-01
   1.30302715e+00
   1.68201468e+00
  -3.27085368e-01
   1.62534926e-01
   1.06055635e+00
  -1.07975280e+00
   1.20696485e+00
  -2.15664343e-01
  -2.33837571e-01
  -1.08446596e+00
   1.76521838e-01
   1.30183813e+00
  -2.99335771e-02
   6.55558778e-01
  -1.54955555e-01
  -4.31253217e-01
   1.17221555e+00
  -1.02826027e+00
  -3.58885959e-01
  -5.84666717e-01
  -6.50080273e-01
   2.68213535e-01
  -4.83715258e-01
   3.98388900e-01
   9.02707952e-01
  -2.73103082e-01
   2.54738718e-01
   3.99540417e-01
  -7.52638443e-01
  -3.20737563e-02
  -7.13947677e-01
   9.50541721e-02
   1.11648289e-01
   2.93895110e-02
  -8.88238210e-01
  -2.33894838e+00
  -8.89689867e-01
   8.58676421e-01
  -3.30452860e-01
   2.82830570e-01
   1.36902845e+00
  -1.42698782e-01
   4.73807190e-01
  -1.00355384e+00
  -9.23175037e-01
   1.51914568e+00
   7.61503927e-01
   6.89375333e-02
  -3.85356088e-01
   9.23130695e-01
   1.27144825e+00
   4.67832230e-01
   2.44183134e+00
  -5.18936640e-01
   4.80817779e-01
   9.05864963e-01
   5.63166091e-01
   1.36111761e+00
   8.01168604e-01
   1.11111298e-02
   3.75888855e-01
  -1.13509077e+00
  -1.16287577e+00
   8.53456030e-01
   7.32352590e-01
   4.55836342e-01
  -3.10126027e+00
   1.62818330e+00
   4.99751938e-01
  -7.04563517e-02
   1.17657077e+00
  -5.62896958e-01
  -2.13739524e+00
   2.64979882e-01
  -1.04569530e+00
  -4.05555669e-01
   2.32057446e-01
   4.68452176e-01
  -1.48093076e+00
  -3.26992799e-02
   4.00241265e-01
  -3.88420070e-01
   2.46563518e-01
   7.68311368e-01
  -1.06037652e-01
   9.28755617e-01
  -1.69531671e+00
  -3.78182117e-01
  -6.98067860e-01
   1.90819696e-01
   1.17496332e-01
   1.25614212e+00
   1.38583462e-01
  -7.73661864e-01
  -1.39984797e+00
  -5.85724486e-01
   3.42941949e-01
  -4.33372484e-01
   7.05996459e-02
  -1.08017042e+00
  -1.56632222e+00
   7.28007235e-01
   2.78292488e-01
  -1.21077615e-01
   5.54634763e-01
   7.38187491e-01
   3.69325165e-01
   1.01850718e+00
   1.62236129e+00
  -2.08890963e+00
   3.68415505e-01
   2.56609540e-01
  -1.51569604e+00
  -1.94015453e-01
  -6.20757611e-01
   1.99374736e+00
  -6.49838415e-01
  -2.02531356e+00
  -6.86386841e-01
  -1.21448176e-01
  -1.18921438e+00
  -2.98049369e-01
  -7.15391692e-01
  -9.67411853e-01
   2.25454766e-01
  -6.42784907e-01
   1.71311277e-01
  -2.12630679e-01
   1.39739660e+00
  -5.74537270e-01
   5.19840174e-01
  -2.77618547e+00
  -1.92875697e+00
  -1.10550721e-01
  -8.70545426e-01
   1.36829841e+00
   2.97271271e-01
  -1.92504529e+00
  -7.79282782e-01
   1.43010353e+00
  -7.85248739e-01
   6.78430944e-01
   1.32281063e+00
  -3.74480613e-01
   3.08932971e-02
  -7.43389644e-01
  -1.26052936e+00
  -1.30958786e+00
   8.58604596e-01
  -1.46016403e+00
   9.13026472e-01
   8.21302522e-01
   1.41416689e+00
   6.65490551e-01
   5.88867838e-01
   7.41140529e-01
  -2.36980635e-02
   2.06271039e-01
   5.48612139e-01
  -3.36316017e-01
  -4.60730104e-01
  -3.21998551e-01
  -1.77791523e-01
  -1.83881316e-01
   6.18846428e-01
   3.30748134e-01
   1.34212755e+00
  -1.48834370e+00
  -1.33804513e+00
  -4.25104929e-01
  -1.82885436e+00
  -7.29683728e-01
  -8.82137405e-01
   5.83217642e-01
   1.60745728e-01
  -1.83801607e+00
  -1.37584190e-01
   1.08352008e+00
   1.33705369e-01
   1.37045215e+00
  -7.00088378e-01
   1.29048340e-01
  -1.29372033e-01
  -1.57034481e+00
   1.81112040e+00
   3.56867762e-01
  -8.45197747e-01
  -9.47128885e-03
   4.51760644e-01
   2.09295594e+00
  -2.19793491e-01
  -1.02801811e+00
  -5.36184622e-01
  -7.75829172e-02
  -4.10102272e-01
  -3.13083343e-01
   3.92341530e-01
   7.23923595e-01
  -1.69248570e+00
   2.04603894e+00
   1.78967966e+00
   1.37903945e-01
  -1.33485392e-01
  -3.08973392e-01
   1.24112370e+00
  -5.21484159e-01
   1.61872908e+00
  -1.79605153e+00
  -7.66540422e-01
   1.26816422e+00
   1.24411478e+00
  -5.29769225e-01
   7.31057511e-01
   3.62771829e-01
   9.18786004e-01
  -5.82820719e-01
  -2.27330497e-01
  -7.38951722e-01
  -1.08650004e+00
  -1.96823449e+00
   3.33063489e-01
  -1.39996641e+00
  -2.34415066e+00
   1.62647481e+00
  -1.55268649e+00
   4.48845302e-01
  -1.05972248e+00
  -1.25182191e+00
  -6.47611606e-01
  -7.38713289e-01
   9.90832013e-02
  -3.85697708e-01
  -1.28820571e+00
   9.11033088e-01
   2.04532683e+00
   1.09810421e+00
  -7.74127525e-01
   8.60102035e-01
  -2.54013656e+00
   1.01247799e+00
  -9.20829698e-02
  -1.04137117e+00
   5.92963155e-01
  -1.17707728e+00
  -8.63632920e-03
   1.68210027e+00
   1.15201537e-01
  -2.24427773e-02
  -7.73237499e-01
  -1.16537017e+00
  -1.76890083e+00
   2.14182843e+00
  -9.44665452e-02
  -1.96181053e+00
   6.82802836e-01
  -2.40548961e-01
  -5.16012321e-01
  -1.84860109e-01
   1.17865609e+00
   2.22053461e-01
  -9.76161394e-02
   1.46105141e+00
  -1.87885858e-01
   2.49569635e-01
   1.96804459e-01
   6.91525509e-01
   2.62569562e-01
   1.81865213e+00
   2.36838632e-01
   3.92224506e-01
  -4.83405447e-01
   1.40816158e+00
  -2.16245990e-01
  -7.11217153e-01
  -3.21583697e-01
   3.31385710e-01
  -1.47818637e-01
   1.62802312e+00
   7.99310759e-01
   1.62539209e+00
  -6.85450327e-01
   7.76346679e-01
   3.64483077e-01
   1.03432481e+00
  -2.22097324e-01
  -2.08426860e-02
  -1.80878255e+00
  -1.06251120e+00
  -1.53743991e+00
   1.42720532e+00
   8.30802154e-01
   1.06364739e+00
  -2.90881470e+00
  -5.07568946e-01
   1.61677610e+00
   7.83697408e-01
   3.55604431e-01
  -6.34102058e-01
   2.63900672e-03
  -1.21696928e+00
  -2.32123480e+00
   7.37344625e-01
   2.07183690e-01
   1.83368655e-01
   2.99242676e+00
  -7.90664741e-01
   2.59952938e-01
   4.88078003e-01
   2.13469195e-01
   7.81196520e-01
  -6.97419324e-01
  -1.21845316e-01
  -1.35536741e+00
  -4.76703141e-01
  -1.08284102e+00
   4.26371610e-01
  -1.22837237e+00
  -5.93799251e-02
  -1.91455020e-02
  -1.02110815e+00
  -1.99112195e+00
  -1.17319546e-01
  -1.05053904e+00
   2.61125571e-01
  -4.99396059e-01
  -9.66422993e-01
  -4.58594379e-01
   4.45352281e-01
   1.20914331e+00
   1.64905023e-01
   1.96724983e-02
   3.96702222e-01
  -3.02562967e-01
  -1.25044694e-01
   4.55467915e-02
  -4.96404251e-01
  -3.15214863e-01
  -5.34337216e-01
   8.78787649e-01
  -7.67316694e-01
   5.86854093e-01
   6.81455845e-01
  -1.22822892e-01
  -9.31383339e-01
   1.31868890e+00
   1.30953537e+00
   5.85584197e-02
  -2.76142080e-01
   5.79106100e-02
   6.55325685e-01
   1.58992750e+00
  -1.46637168e-01
  -2.09449898e-02
   2.55073708e-01
   1.47824684e+00
  -1.77953209e+00
  -7.69941739e-01
   1.75417289e-01
  -1.57585611e+00
   1.51612727e+00
  -5.67127014e-01
   1.49719469e+00
   1.27424987e+00
   2.66475283e-01
   2.71145243e-01
   5.79006211e-01
  -7.71461113e-01
   6.82369617e-01
   1.25979293e+00
  -1.64131937e+00
  -2.63744111e+00
  -4.54105774e-01
   7.04550500e-01
  -1.05942047e+00
   9.58080412e-01
  -5.27286512e-01
   4.90396670e-01
   3.53706556e-02
   3.54723337e-01
   6.16208368e-02
  -5.92465931e-01
   9.43361511e-01
  -8.84801919e-01
   1.44951947e+00
   7.58294271e-01
   4.38369242e-01
   1.53651354e+00
   5.65057888e-01
   4.07481401e-01
   1.52766130e-01
   5.76044883e-01
   5.95147714e-01
  -8.43740479e-01
   9.03971768e-01
  -7.83622992e-01
  -9.53175390e-01
  -2.37981491e-01
  -2.07138967e-01
  -3.84961977e-01
   1.10909883e+00
   1.88581992e+00
   6.54369933e-01
  -8.69329772e-01
   8.86472659e-01
   1.76833594e+00
   8.65395698e-01
   9.03592075e-01
   9.77294850e-01
  -1.00436200e+00
   5.13516854e-01
  -6.00053919e-01
  -1.87317438e+00
  -1.88342265e+00
   1.48913382e+00
   5.69252313e-01
   5.68692231e-01
   6.26155172e-01
   8.87821454e-01
   9.92433525e-01
   1.37891276e+00
  -1.19002642e+00
   8.13446978e-01
  -5.94438922e-01
   1.82900449e+00
   8.00839476e-01
  -1.11413453e-01
   4.42950353e-01
  -6.82785675e-01
  -1.93282200e+00
   2.02735754e-02
   3.01419918e-01
   3.68817515e-01
   7.75749777e-01
   3.77702620e-01
  -3.45868874e-01
   2.07178847e+00
  -2.17451468e+00
   9.66482074e-01
   2.16148486e-01
  -1.55589963e-01
   1.41495367e+00
  -5.02568848e-01
   4.79686958e-01
  -5.19548914e-01
   1.47145213e-01
  -1.12151140e+00
   3.22884776e-01
   2.09673436e-01
  -7.76138668e-01
  -5.44645885e-01
   2.48696296e+00
   1.08482770e+00
   2.12267074e-01
   6.16106391e-01
   6.71871972e-01
   2.28530157e-01
   1.69198580e+00
   3.13839777e+00
  -1.99210445e-01
  -5.56986053e-01
   1.43872167e+00
   9.25162159e-01
  -9.39342939e-01
   1.31373822e+00
   6.96817323e-01
   1.37280918e+00
   6.75381098e-01
   3.76815149e-01
   7.33899934e-01
   1.27826550e+00
   1.26397163e+00
   2.59577430e-01
  -1.19792363e+00
  -2.62961000e-01
   9.68072813e-01
   2.08028088e-01
  -2.00079223e+00
   9.38870014e-03
  -1.51711453e+00
   1.89131922e-01
   3.99177887e-01
   5.44802416e-01
   4.67236167e-01
   1.22951175e+00
   5.01737099e-01
   2.79928758e-01
   1.98568941e-01
  -2.06155951e-01
   3.84279967e-01
   3.09836815e-01
  -7.86507542e-01
   9.78403526e-01
   4.64081886e-01
   1.51339680e+00
   7.31177378e-01
  -1.73824823e-01
   1.37399281e+00
  -9.24214308e-01
  -4.50009805e-01
   8.37449523e-01
  -1.46538752e+00
   8.10626457e-01
   7.01830584e-01
   5.75749860e-01
   9.68565110e-01
   1.23121030e-01
   1.16519877e+00
   1.06287714e+00
   1.60295366e-02
   4.84991228e-01
   1.54086720e+00
   1.10609764e+00
   9.74647663e-01
   1.97172149e-01
   2.44812336e+00
  -1.44198370e+00
  -1.17106416e+00
   2.62452211e+00
   1.51546702e-01
  -4.95623978e-01
  -8.80395278e-01
  -1.33379849e+00
   8.74470037e-01
  -1.72136202e+00
   4.80279161e-01
   1.63083562e+00
  -1.51012918e+00
   5.56447088e-01
   5.12157233e-01
   4.56971437e-01
   2.04940575e-01
   1.94725029e+00
   4.95401473e-01
  -1.62130284e+00
  -3.09260582e-01
  -9.51291502e-01
  -8.75623567e-01
  -5.72639750e-02
   7.98869984e-01
   2.97607199e-01
   6.61389658e-01
  -2.37253853e-01
   1.49317464e+00
  -1.29226761e+00
   9.75639467e-01
  -6.86756562e-01
  -1.95777232e+00
   1.04165519e+00
   2.15744719e-01
   9.55492955e-02
   9.05183730e-01
   5.93243619e-01
   8.16166906e-01
   1.37242296e+00
   8.42299381e-02
   2.26960027e-01
  -4.65374073e-01
   1.46171021e+00
   6.98277474e-01
  -5.94153410e-01
   1.78779667e+00
  -8.79373218e-01
  -1.31810669e+00
   4.81469302e-01
  -7.00268472e-02
  -3.60657528e-03
  -9.88359671e-01
  -6.61574978e-01
   4.82530131e-01
   5.70048100e-01
   4.98738189e-01
   8.24826324e-01
   6.16913961e-01
  -8.90390090e-01
  -4.69751664e-01
   2.08754734e-01
  -7.44901616e-01
   3.29604808e-01
   7.31028147e-01
   2.87678865e-01
   8.79759549e-01
  -4.94133543e-01
  -1.30728492e-01
  -1.55907579e+00
   9.08779714e-01
   9.93091484e-01
   4.80560317e-01
  -7.95625601e-01
   2.07739408e+00
   3.55512933e-01
  -9.82726895e-02
  -1.72372865e-01
  -2.47454605e+00
   7.75262025e-01
  -1.09632217e-01
   3.02707309e-01
   1.65725026e+00
  -1.50028132e+00
   8.02471546e-01
  -1.52422470e+00
  -8.26151852e-01
  -5.02151641e-01
   5.62108549e-01
  -5.44245697e-01
   1.66039977e-03
   9.48878440e-01
   2.15753856e+00
   2.90512260e-01
   2.09867023e-01
   4.31849748e-01
   9.76549146e-01
   6.15312220e-01
  -1.21857646e+00
   1.36503571e+00
   1.39345158e+00
  -1.19975597e+00
  -1.39569115e+00
   1.58540879e+00
  -1.74892461e-01
   5.64025327e-02
   2.25796946e-02
   3.60814676e-01
   2.35154571e+00
  -1.08437288e+00
   1.08696767e+00
   6.27946386e-01
   9.88420835e-01
   8.61649696e-01
   1.01002892e+00
   1.31998483e+00
  -7.20714841e-01
  -3.39498365e-02
  -2.52441299e-01
  -1.85028169e-01
   1.92447088e+00
  -2.28470913e+00
   2.43273653e-02
  -3.23731854e-01
  -1.53320945e+00
   2.65534323e+00
   6.84388508e-01
  -3.69374784e-01
   1.04813585e+00
   7.10892742e-02
   1.14420667e+00
  -5.38947584e-01
  -1.05469654e+00
  -2.88998497e-01
  -1.28589465e-01
  -9.28341795e-01
   2.96184927e-01
   8.47687720e-01
  -1.04071179e+00
   6.42851973e-01
   3.13404250e-01
   8.94264747e-01
  -9.23629434e-01
   1.12019246e+00
  -4.84290816e-01
  -1.64554570e+00
  -1.03732691e+00
  -1.61414837e+00
  -6.36871324e-01
   8.37949309e-01
   1.94088128e+00
   1.16129728e+00
   1.81521013e-01
  -3.21221259e-01
   1.12122795e+00
  -1.31761711e+00
  -1.15444791e+00
  -1.23364199e+00
   2.94624907e-01
  -7.34472615e-02
   5.25223116e-01
   8.22880196e-01
  -2.88626577e-02
   1.09186822e+00
   6.08423576e-01
   3.63755260e-01
   5.09399635e-01
  -1.34364098e+00
   9.06926499e-01
  -7.40862569e-01
  -4.62433993e-01
   5.02831517e-01
  -6.83489558e-01
  -1.43610491e+00
   4.59164541e-01
  -2.92326350e+00
   7.54305907e-01
  -4.05637033e-01
  -2.24236277e-01
  -8.26803065e-01
   3.25249979e-01
  -8.95272628e-01
  -8.16647596e-01
  -1.19624512e+00
  -4.64385244e-01
  -6.54640953e-01
  -1.37915029e+00
  -1.09330173e+00
  -7.79905267e-01
  -4.66034588e-01
   2.75573650e-01
  -3.40192181e-01
  -6.48702851e-01
  -8.71877256e-01
  -7.68199332e-01
  -8.36692405e-01
   1.00546771e+00
  -1.26318123e+00
   9.79911099e-01
   3.45702000e-01
  -6.67228797e-01
   1.08909973e+00
  -2.15276008e+00
  -2.76846926e-01
   1.99884819e+00
  -1.06430538e+00
   7.26683106e-01
  -2.36212728e-01
  -7.39086715e-01
   1.03344028e+00
  -5.53302797e-01
   1.03624037e-01
  -1.08141686e-01
   5.62062334e-01
   7.94911867e-01
   4.88466535e-01
   1.98701093e+00
   5.20953392e-01
   3.68443995e-01
   6.60554252e-01
   5.10511732e-02
   4.13564601e-01
  -1.54377582e+00
   9.87336578e-01
  -2.37511771e+00
   1.24857470e+00
  -7.37916504e-01
  -6.88498580e-01
  -3.67407629e-01
  -1.31521455e-01
  -1.44520012e+00
   1.00697419e+00
   1.33362358e-01
   1.55491243e-01
   4.54814119e-01
   3.35402730e-01
  -4.38606526e-01
   1.14804129e+00
   1.00371878e+00
   1.13131420e+00
  -5.49678307e-02
  -1.13068709e-01
  -3.24845062e-01
   2.36825641e+00
  -8.34022303e-01
   1.78969557e+00
  -3.22978186e-01
   1.60289826e+00
  -2.96944137e-01
   3.57226614e-01
  -8.32191004e-02
   8.20568052e-01
  -1.31116815e+00
   4.14337176e-01
   2.24985374e+00
   4.29895250e-01
   8.87387635e-01
  -1.17026241e+00
   6.91655453e-01
  -2.83735188e-01
   2.16021156e+00
   1.66099364e-01
   6.99290771e-01
  -1.57853718e+00
   5.93982936e-01
  -1.73448702e-01
  -1.05685804e+00
  -2.25316274e-01
   8.80450970e-01
   5.37471961e-01
  -7.10330196e-01
  -6.83207434e-01
  -1.39270874e+00
  -1.27707633e+00
   1.10754515e+00
   1.72876523e+00
  -7.52439478e-01
  -5.41163835e-01
  -4.68609364e-01
   1.47505918e-01
  -1.02607556e+00
   9.80201289e-01
  -9.17877660e-01
   3.64781833e-02
  -2.20617764e+00
  -8.38129969e-01
   2.49310432e-01
   5.93795453e-01
  -7.06912073e-01
   1.20375449e+00
  -1.22454122e+00
   1.29948018e+00
   3.38606016e-01
   1.57862311e+00
  -8.93960845e-01
  -6.80698111e-01
   7.71102395e-01
  -6.85059772e-01
   2.12824373e-01
  -7.44756225e-01
  -1.22972870e+00
  -1.24326014e+00
  -9.67657402e-01
   3.19495700e-02
   4.78181520e-01
  -1.39367276e+00
   2.80513922e+00
  -5.92380557e-01
  -4.21602811e-01
  -1.60493946e+00
   1.06139433e-01
   4.40504002e-01
  -1.72972351e+00
   7.94076317e-01
   1.08583626e+00
  -8.38333964e-01
   2.57148098e+00
   9.80853512e-01
   9.25789938e-01
   9.71497831e-02
  -3.66641350e-01
   8.49261510e-01
  -1.26692756e+00
  -1.19420605e+00
  -2.19391577e-01
  -1.96940474e-01
   1.10685081e+00
  -9.71701375e-01
  -2.19571175e+00
  -4.64620790e-01
  -5.29207028e-01
   1.06448550e+00
   2.68040048e-01
   7.89002504e-01
  -1.72239091e+00
   6.23555952e-01
  -2.08487879e+00
   1.23961180e+00
   8.05260297e-01
   2.28469294e-01
   7.63867867e-01
  -1.58707957e+00
   6.58818717e-01
   2.18829005e-02
  -4.55511268e-01
   3.95399249e-01
   1.60262231e-01
   2.07430886e+00
   9.71916055e-01
  -8.96182701e-01
  -9.44487601e-01
  -3.49137706e-01
   8.12167810e-01
   6.63606318e-01
   1.02041470e+00
  -3.67084557e-01
  -3.26467485e-01
  -4.11188936e-02
  -9.22679331e-01
  -2.23992073e+00
   2.04789275e+00
   5.51223414e-01
   5.86579429e-01
   1.13096152e+00
   1.39119931e+00
   2.56296841e-01
  -8.29148709e-01
  -1.43966813e+00
   1.68245099e+00
  -8.60970615e-01
   1.81315807e+00
   2.60472255e-01
  -2.08038112e-01
  -7.04277499e-01
  -1.54662164e+00
  -6.40432755e-01
   3.27082809e-01
   6.24164859e-02
   2.13123081e-01
  -9.87663267e-02
  -1.47384898e+00
  -4.14990999e-02
   2.46187544e-01
   2.28020568e+00
   1.10574430e+00
   1.81345834e+00
   1.24088516e+00
   1.03519745e+00
   1.57726342e-01
  -1.89069873e+00
   6.47749033e-01
   2.83540158e-01
   1.10769830e+00
   1.90820929e+00
  -1.37976214e-01
   2.46468184e-01
   9.25237933e-01
   3.57718423e-01
  -2.24231476e+00
  -9.64892936e-01
  -2.19318164e+00
  -2.52895652e-01
   6.65140319e-01
   7.30382887e-01
   5.49271307e-01
   1.85980341e-01
  -2.65939371e-01
  -6.68400048e-01
   3.42790273e-01
  -1.15566453e-01
   8.73651415e-01
   1.44883540e-01
  -9.44212678e-01
   6.13996931e-01
   8.21904439e-01
   3.08183342e-01
  -4.21876773e-02
   7.58874284e-01
  -7.10968366e-01
  -1.31725635e+00
  -9.70572319e-01
   2.88028047e-01
   4.51114226e-02
   1.32334298e+00
  -2.19733193e+00
   1.94722807e-01
  -3.42140487e-01
   4.27408583e-01
   1.32462489e+00
   1.23823828e+00
   4.83055410e-01
   2.87390391e-01
  -7.41597525e-01
  -7.73994737e-02
  -1.77123742e-01
  -6.81299700e-01
   4.73934238e-01
   4.37878791e-01
  -1.17880448e-01
   1.27878777e+00
  -5.96079527e-01
   2.18467557e-01
  -1.31815066e+00
  -8.91005393e-01
   1.12782657e+00
  -3.07117326e-01
   9.96009363e-01
   1.54538032e+00
  -2.95438636e-01
   2.05456983e+00
   5.67873710e-01
  -5.96596708e-01
  -1.36347022e+00
  -2.17672479e-01
   9.87098924e-02
   3.95401427e-01
   7.61882721e-01
  -9.42601774e-01
  -1.36528616e+00
   1.39413829e+00
  -2.18598751e+00
  -2.84960938e-01
   8.05292615e-01
   1.75654781e+00
  -1.78492725e+00
  -1.60505642e+00
   8.08674618e-01
   1.15468149e+00
   1.26989148e+00
   1.34059620e+00
  -9.20072327e-01
  -3.89788530e-01
   8.70207582e-01
  -1.89153652e+00
  -2.58207153e-01
  -6.55639361e-01
  -9.93961768e-01
   2.78075064e-02
  -5.30639848e-01
  -1.32213959e+00
   1.14536236e+00
   6.31209997e-01
  -9.36783129e-01
  -1.02074453e-01
  -7.76980481e-01
  -5.30920570e-01
   1.82268915e+00
  -7.34957306e-01
  -7.96592148e-01
   1.26847362e+00
   3.02730926e-02
   1.55673882e+00
   1.29151561e+00
   1.27333920e+00
   3.77668730e-01
   7.61476113e-01
  -1.05602055e-01
  -1.23760438e-01
   3.80985471e-01
   1.31704722e-01
  -1.27866953e+00
  -2.80249394e-01
  -5.01147371e-01
  -2.49675973e+00
  -7.85693266e-01
   1.84768070e+00
   1.21138476e+00
  -4.14378841e-01
  -6.02802349e-01
   2.69495084e+00
  -6.77718639e-01
   2.20618097e+00
   1.52160859e+00
   8.23106463e-01
   1.30576708e+00
  -2.63544025e-01
  -1.31633720e+00
   1.51175900e+00
   2.98571978e-01
  -9.59789823e-01
  -4.46712220e-01
  -1.52106294e-01
   9.25498538e-01
   6.38525995e-01
   2.33062509e-01
   2.77123479e-01
  -1.31149716e+00
  -4.23235990e-01
  -1.19374703e+00
   5.64050193e-01
  -3.50804147e-02
  -9.94941249e-02
  -5.54803981e-01
   2.50313374e+00
   2.66782395e-01
  -7.35454105e-01
  -9.75003385e-01
   7.77390961e-01
  -1.22379711e+00
  -4.63688833e-01
   9.62372524e-01
   3.45598600e-01
   6.83140361e-01
  -9.95908388e-01
   5.12579812e-01
   4.04028104e-01
  -1.85395081e+00
   1.56485586e+00
  -1.04881311e-01
   6.97173988e-02
   3.42078359e-01
  -2.09062606e+00
  -1.00875976e+00
   3.44334725e-01
   3.50270620e-01
   1.54661416e-01
  -2.40013786e+00
  -1.06938390e+00
  -2.35646941e-01
  -2.66398863e+00
  -1.60833874e+00
   1.78029492e+00
  -2.32778495e-02
  -9.04151120e-01
   1.07181599e-01
   9.54249704e-01
   1.82728892e+00
  -5.51271967e-01
  -3.84466709e-01
  -7.23952362e-01
  -2.16060413e-01
  -4.68847723e-01
   4.13376098e-01
  -1.28790870e+00
  -9.22035832e-01
  -1.47519974e+00
   3.48504910e-01
   2.83265349e-01
   8.00659576e-02
   2.49859084e+00
   2.07089682e-01
   9.16279890e-01
  -1.26315291e+00
   7.22123323e-01
   1.11881827e+00
  -4.84532397e-01
  -8.61983932e-01
   5.49352095e-01
  -3.59621590e-01
   6.15146781e-01
   1.14033355e-01
   3.43180096e-01
   1.26036225e+00
  -1.03821513e-01
   9.17025991e-01
   2.01207110e+00
  -1.06348289e+00
  -1.91921643e+00
   4.85781878e-01
   8.93463402e-02
   1.16441424e+00
  -1.13172606e+00
   1.32057119e+00
  -1.11708019e+00
  -1.53117086e-01
  -2.03700316e-01
   1.26797540e+00
   8.81087302e-01
   1.02666317e+00
  -3.56187463e-01
   9.95446333e-02
  -7.86110576e-01
   3.59440007e-01
   1.71339909e+00
  -2.94067211e-02
   5.30033279e-01
  -2.91962627e-02
  -7.88183296e-01
  -3.05128626e-01
   1.11233076e+00
   3.86781303e-02
   3.07563505e-01
   4.94158326e-01
   7.12304432e-01
  -9.37737183e-01
   9.02954883e-01
  -1.50792378e+00
  -7.16540699e-02
  -1.74867970e+00
   1.02682534e+00
  -8.39519904e-01
  -7.54450496e-01
   5.17734804e-01
   2.34519766e-01
  -1.60332221e+00
  -1.33930743e-01
   9.17491662e-01
  -1.42074835e+00
  -1.13920689e+00
   3.74801184e-01
   7.94544497e-01
  -5.51613035e-01
   1.23553457e+00
   1.15375609e+00
  -9.06174502e-01
   4.76982541e-01
   9.18092333e-01
   1.51821860e-01
  -4.77454417e-01
   2.73678061e-01
   5.85355021e-01
  -1.03650122e+00
  -1.89468968e+00
  -2.47635203e+00
   8.78711661e-01
  -1.56270419e+00
   2.08604718e+00
  -7.89978293e-01
  -1.71708485e+00
  -3.21771023e-01
   1.34747776e-01
  -2.22875168e-01
  -3.21713258e-01
  -1.16129183e+00
  -3.62076329e-01
  -4.45338101e-01
   6.57267399e-01
  -1.24371607e-02
   1.15220682e-01
   1.32163864e+00
  -6.17868129e-01
  -1.58600591e+00
  -6.17731974e-01
   2.44717756e+00
   1.33370233e+00
   1.56154334e+00
  -3.10225912e-01
   4.47054663e-01
   3.83531409e-01
   1.43089128e+00
  -6.38277645e-01
  -1.39730197e+00
  -1.27959261e-01
  -1.13224668e+00
  -6.42328268e-01
   9.35342898e-01
   9.85499562e-01
   8.06321093e-01
   4.01261513e-01
   4.93915441e-01
  -9.35613261e-01
   3.55522531e-01
   5.53474048e-01
   8.97102882e-02
   7.32227338e-01
  -6.49555945e-01
  -1.68559090e-01
   2.27745050e+00
  -5.30999734e-02
  -2.24123877e-01
   1.05546655e+00
  -1.31704111e+00
   3.04388438e+00
  -8.59129265e-01
   8.83298857e-01
  -8.72665393e-01
  -1.75673776e+00
   7.61359727e-01
  -6.33846720e-02
  -2.28353165e-01
   5.10389368e-01
   6.59296576e-01
   7.04442086e-01
   1.59056673e+00
   2.07424622e+00
  -1.44450483e+00
  -1.50429671e+00
  -3.15856801e-01
   4.32031960e-01
  -2.21381505e-01
  -5.88998440e-01
   6.80199992e-02
  -1.25471759e+00
   1.84243915e+00
  -1.09259736e+00
   1.06649984e+00
   1.95814727e-01
   1.53554909e+00
  -1.32886963e+00
   6.38966331e-01
  -2.13704268e+00
   6.36056764e-01
   1.55354844e+00
  -2.79137664e+00
   1.58179545e+00
  -1.64588389e-01
  -8.12025256e-02
   8.79925145e-01
   1.54351633e+00
  -9.48923200e-01
  -1.95897446e-01
   2.11161427e-01
  -8.54985194e-01
   9.05429823e-01
  -2.48318162e-01
  -3.05044368e-01
   1.10054748e-01
  -1.10842549e+00
   2.21785917e+00
  -1.72453721e+00
   1.07113383e-01
   1.37722260e-01
  -4.61496136e-01
   8.92184244e-01
  -7.08709047e-01
   3.47519128e-01
   8.33051778e-01
  -1.42448740e+00
   1.49860217e-01
  -4.44909090e-01
  -5.30244148e-01
   1.46487634e-01
   6.19082407e-01
  -4.04913751e-01
   1.40863071e+00
  -3.80271329e-01
   1.14168900e+00
   1.67229155e-01
  -2.06550734e-01
   2.29035987e+00
  -4.96201729e-01
   5.48639823e-01
  -1.06090100e+00
   4.58843378e-02
  -1.17242699e+00
   9.75601933e-01
  -8.25273636e-01
   1.12144572e+00
   1.01031886e+00
   8.11790309e-01
   3.12983403e-01
   1.18054273e+00
  -2.66052324e-01
  -2.13819566e-02
  -1.81146863e+00
   2.84061189e+00
   2.59563392e-01
   9.16744888e-03
   2.03179116e-01
   1.22857596e+00
   8.97689202e-02
   4.63518301e-01
   5.96948437e-01
   7.85508794e-01
   5.85088105e-02
  -4.30901432e-01
   1.27643811e+00
   1.50543846e+00
   3.10243078e-01
  -2.62631186e-01
  -7.83736840e-02
  -5.04160160e-02
  -1.25684387e+00
  -5.79971417e-01
   3.46988988e-02
  -1.74354376e+00
  -1.94537267e+00
  -1.21077376e+00
   5.74953325e-01
  -3.74003275e-01
   1.09078192e+00
   1.36589736e+00
   5.27024591e-01
  -1.29623340e-03
  -5.51159897e-02
   5.63744026e-01
  -3.20743805e-01
   1.09762514e+00
  -4.22025371e-01
  -9.98441636e-01
   2.06581295e+00
   1.87343746e+00
   1.23227311e+00
  -1.07524694e-01
  -5.30079528e-01
  -1.93897578e-01
   2.24728476e-01
  -4.99050408e-01
   1.48135333e+00
  -1.91689851e-01
   1.73500858e-01
   1.05654824e+00
  -4.95583436e-01
   5.34593552e-01
  -1.53488100e+00
  -3.89741049e-01
   8.72979908e-01
  -1.65234731e+00
   3.15156062e-01
  -4.91126598e-01
   5.21711080e-01
   3.48814791e-01
   1.00744473e+00
   1.30710192e+00
  -1.55490985e-01
   6.62712116e-01
   1.08127868e+00
  -2.62319821e-01
  -6.97815439e-01
   7.58087453e-03
  -1.03367763e-02
   6.58876159e-02
   8.03866166e-01
   1.78437995e+00
   9.47362537e-01
   9.02028290e-01
   2.40302555e-01
   1.24006298e+00
   5.12200811e-01
   2.82597679e-01
  -2.99478882e-01
  -5.27854346e-01
  -2.51116462e-01
   8.85093362e-01
  -1.19818777e+00
   2.77207323e-01
  -9.34083260e-01
   3.62565084e-02
  -1.52696298e-01
  -3.96120612e-01
  -3.10676291e-01
  -1.40333993e-01
  -3.16609036e-01
  -4.80429194e-01
   1.01619830e+00
   1.64546684e+00
  -1.06338772e+00
  -5.97329659e-01
   4.66304764e-01
   1.25733201e-01
   3.03069358e-01
   2.25857257e-01
   9.29418897e-01
  -1.35174642e+00
  -8.91405656e-02
  -1.51571870e+00
  -2.04622323e-01
  -9.55683561e-01
   1.20715086e+00
   1.01162237e+00
  -1.39141103e+00
  -4.88394816e-01
   1.58457357e-01
  -1.10556579e+00
  -4.01389745e-01
  -6.79397006e-01
  -2.82598435e-01
  -9.47098006e-03
  -5.12180513e-01
   1.48960103e-01
  -1.10359874e+00
   5.95294249e-01
  -2.00578262e+00
   1.50584169e-01
   1.29310388e+00
  -3.53748606e-01
  -9.59163796e-01
  -8.48988881e-01
   1.04136684e+00
  -2.68311563e-01
  -9.54116437e-01
   1.16673892e+00
   9.70888057e-01
  -6.08840023e-01
   1.25782594e+00
  -1.16156245e+00
   5.35919906e-01
  -2.58110638e-01
   1.56822870e+00
  -5.62187073e-01
   1.62759147e+00
   9.26144848e-01
  -6.82763316e-01
  -3.17683743e-01
   5.70288236e-01
   6.34049541e-01
   1.85914451e+00
  -1.79272135e+00
   1.12887956e+00
  -2.54726540e-01
  -2.76669040e-02
  -8.47228552e-01
  -4.59099538e-01
  -6.87429074e-01
  -1.66529742e+00
  -1.29602477e+00
   3.25923928e-02
   1.82827751e-01
   1.96079392e-01
  -6.47095493e-01
  -9.53286038e-01
   4.19674526e-01
  -1.92825669e-01
  -1.89560898e-01
   9.60882956e-01
   3.90071726e-01
   2.58419740e+00
   7.52329061e-01
   6.30828749e-01
   7.60045178e-01
   9.78039825e-01
  -1.34392650e+00
  -9.47918662e-01
   5.04822853e-02
  -1.98528985e+00
  -1.09147851e+00
  -3.59228195e-01
  -5.26857204e-01
  -7.21121265e-01
   3.70596265e-01
   9.99375094e-01
  -2.25321594e-01
   1.80086867e+00
   1.02581274e+00
   8.47057320e-02
  -4.86601128e-01
   1.65459229e+00
  -1.09575218e+00
   6.09369913e-01
   9.62764290e-02
   1.05762801e+00
   2.44721064e-01
   3.73257007e-01
  -2.31219844e-01
  -1.68272234e+00
   5.79202099e-01
  -1.69691393e+00
   1.29697216e+00
  -6.27384926e-01
  -6.90236356e-01
   7.78919598e-02
   4.02392246e-01
   1.31378921e+00
   8.24690856e-01
   2.06141990e+00
   1.63013777e+00
   1.37985519e+00
   9.08527736e-01
   2.23239167e+00
  -1.72014838e-01
   6.02845215e-01
  -2.57136706e-01
  -8.86826577e-01
   7.71506899e-01
   1.95594215e+00
  -9.61586707e-01
   1.47751893e+00
   7.97015728e-01
   3.11862325e-02
  -2.99386528e-01
  -1.52391780e+00
   2.66397731e+00
  -1.68006453e+00
   4.29100419e-01
  -4.85212560e-01
  -1.17925017e+00
   5.64086348e-01
   2.26191920e+00
  -1.44384258e+00
  -1.91099698e+00
   1.10235625e-01
   8.73101967e-01
  -1.80495449e+00
  -7.55774426e-01
