  1.82752742e-03
 -9.41808875e-02
  3.44348956e-03
 -1.00182661e+00
  1.53460730e+00
 -3.43718512e-01
  9.66942761e-01
  3.98307033e-01
 -4.49908646e-01
  1.65606185e+00
  7.22902498e-01
  1.48427101e+00
 -1.39815408e-02
  4.42698368e-01
  1.38448371e-02
 -1.04755721e+00
 -6.93025826e-01
 -5.87025607e-01
 -1.05611220e+00
 -1.69823289e+00
 -3.06495802e-01
  5.05673910e-02
  1.33091273e+00
  4.47597867e-01
  8.77033815e-01
  1.60766208e+00
  9.31708102e-01
 -8.45850020e-01
  1.66445334e-01
  1.15626477e+00
 -3.89634863e-01
  1.04808644e+00
 -1.15938616e+00
  1.22680560e+00
 -8.35195528e-02
  3.25995709e-01
 -5.89565853e-01
  7.83246452e-01
 -5.10971273e-01
 -9.37182464e-01
 -3.97939768e-01
 -2.07897984e-01
  1.53935489e+00
  9.04132458e-01
 -9.92370578e-01
 -1.15109261e+00
  6.06357225e-01
  4.89229625e-01
 -4.16487931e-01
 -1.01061816e+00
  3.74913468e-01
 -1.03306210e+00
  3.30332057e-01
  8.00535551e-01
  9.56832613e-01
  1.02500839e+00
  1.69298827e-01
  4.70783457e-01
 -1.18607439e+00
  7.51470300e-01
  4.20816832e-01
  1.60802902e+00
 -1.27201942e-01
  8.01910820e-01
  2.27525304e-01
  5.88173275e-01
 -1.93700611e+00
  5.27817671e-01
 -9.50082792e-01
  1.99611351e+00
 -5.07943798e-01
  1.82294084e-01
 -2.29970621e-03
  5.53182890e-01
  1.19626607e+00
  6.96461090e-01
 -4.81038838e-01
 -5.21072812e-02
  1.13681470e+00
 -1.22613814e+00
  1.64759251e-01
  1.52111003e+00
  8.69891288e-01
  4.39687571e-01
  1.08872031e+00
 -4.29087116e-02
 -9.06218154e-01
 -7.98220270e-03
 -7.09612114e-01
 -3.86262597e-01
  1.05732269e+00
  2.11859003e-01
  1.11031805e+00
 -7.82369306e-01
  1.12448241e+00
  2.13640306e-01
 -3.31108607e-01
  2.82593578e-01
  5.85908849e-01
  1.00207589e-01
  2.38919248e-01
  8.90531761e-01
  2.29981964e+00
 -1.16132441e+00
 -2.09199184e-01
  1.01895075e+00
 -1.29381604e+00
 -4.29934107e-01
  5.44200689e-02
 -2.40190856e-02
 -8.54289096e-01
  9.96215905e-01
 -5.62635573e-02
  1.09406852e+00
 -4.67157605e-01
 -7.20814647e-02
  8.20628568e-01
  1.30114480e-01
  5.39604375e-01
 -3.22317910e-01
  6.34569700e-01
  1.95754701e-01
 -4.81451402e-01
  9.78549842e-01
  4.91531701e-01
 -7.60765358e-01
 -3.03574904e-01
 -7.34054791e-01
 -3.67697427e-01
 -7.29102038e-01
 -1.31717579e+00
  1.93409600e+00
  3.46206218e-01
  1.05240748e+00
  1.25302814e+00
  1.05951274e+00
  4.20557218e-01
 -2.16620354e-01
  8.21284974e-01
 -9.35831400e-01
 -2.08641818e+00
 -1.88784284e+00
  9.74469878e-01
  1.13352565e+00
  1.59266951e+00
  4.10951540e-02
 -1.26535263e+00
  6.94330055e-01
  7.37818193e-02
  1.37064213e+00
  6.73959408e-01
 -1.91426841e+00
 -6.24261147e-01
  5.94239306e-01
 -8.48045612e-01
 -8.18806054e-01
  6.20337232e-01
  1.76200602e+00
  3.79755511e-01
 -8.92479254e-01
  3.72985426e-01
 -1.28436087e+00
  5.42217964e-01
 -4.89823517e-01
 -2.86801919e-02
 -7.43112451e-01
 -1.79542350e-01
 -9.22332747e-01
 -2.20456045e+00
  7.44538557e-02
  2.06236335e-01
 -6.95121656e-01
 -4.55580959e-01
 -1.87737932e+00
 -1.91403853e+00
 -2.14425319e+00
 -1.46644767e+00
  1.09169833e+00
 -1.22413766e+00
  1.28826391e+00
  1.71898968e-01
 -9.51984625e-01
  1.32800175e+00
 -1.30589123e+00
 -1.84168219e+00
  2.99012756e-01
  7.61485080e-01
 -1.08667386e-01
  1.82487038e-01
 -3.33318599e-01
 -2.31300044e-01
 -3.59186132e-01
 -5.38300068e-01
 -8.01674277e-02
  5.70584627e-01
 -2.95941423e-01
 -6.83730061e-01
 -6.58329346e-01
  1.00852607e-01
 -2.70870717e-01
 -8.18695777e-01
 -1.43112153e+00
 -2.78432902e-01
 -9.09747440e-01
 -4.24652890e-01
 -1.52438997e+00
  4.79179416e-01
 -8.36171094e-01
 -6.53963020e-01
 -1.24398138e+00
 -4.61808478e-01
 -5.77108097e-01
 -6.93707964e-01
  4.34875843e-01
 -1.38509826e+00
 -1.75813742e-02
  1.11636420e+00
 -2.87835692e-01
 -1.49302278e+00
  2.49503402e-02
 -1.51524114e+00
  9.63038856e-01
  3.32387086e-01
 -4.55596007e-01
  1.39533524e-01
  9.27608732e-01
 -1.23547884e+00
 -1.76772471e+00
 -5.66026473e-01
  4.18179473e-01
  1.31060473e+00
  8.96046801e-02
  3.72679795e-01
  2.95291073e-02
  6.29386514e-03
 -2.25199044e+00
 -2.89397041e-01
 -1.52936537e+00
 -9.40462817e-02
  3.03507243e-01
  5.46242605e-01
  5.75137185e-01
  2.53952378e-01
 -2.14751334e+00
 -6.17521164e-01
 -8.70426201e-03
  6.36917865e-01
  3.61200076e-01
  3.51328067e-01
  1.23670028e-01
 -7.39993359e-01
  8.15353659e-01
  3.95911000e+00
 -2.54717270e-01
 -2.83028398e-01
  7.46510097e-01
  2.71335254e+00
 -1.47103877e+00
  7.99999537e-01
 -1.76837506e+00
  8.18174227e-01
  1.20521456e+00
 -7.65281471e-01
  1.49844579e+00
 -8.84215661e-01
 -2.29765918e-01
 -2.09041854e+00
  1.21967637e+00
  5.90555978e-01
 -7.90527555e-01
 -8.33912079e-01
 -2.15176237e+00
 -1.04479642e+00
  6.85378994e-01
 -1.43641006e+00
  3.07708342e-01
  1.59679017e+00
 -1.78071144e+00
 -1.56589325e-01
 -1.04064380e+00
  1.52958159e+00
 -3.91180949e-01
 -1.59206943e+00
 -3.25258798e-01
  2.34994446e+00
  1.31836958e-01
 -5.58006807e-01
  5.67484900e-02
 -5.12663342e-01
 -9.20024405e-01
  1.41833965e+00
  1.11666435e+00
  4.16695452e-01
 -2.48513984e+00
 -1.07903147e-01
 -1.17684107e+00
  2.01879070e+00
  9.35054300e-01
  1.09765345e+00
  3.13896333e-01
 -1.11343952e+00
  1.90926024e-01
  1.67632899e+00
 -4.14193309e-01
 -6.62983147e-01
  7.09640669e-01
  3.21075047e-01
  2.25068723e-01
  1.69354300e+00
 -2.19007875e-01
  1.10707141e+00
  1.18959590e+00
 -7.91134444e-01
 -1.57926711e-01
 -8.65594858e-01
  5.21385721e-01
 -8.07598171e-01
  5.20358380e-01
  5.01556100e-01
  2.84524743e-01
 -6.06920148e-01
 -2.05311995e+00
  4.46782675e-01
 -1.34465841e+00
 -6.45829531e-01
 -5.70137214e-01
 -1.39199497e+00
  3.28854830e-02
 -1.02313875e+00
 -5.49652760e-01
 -2.10303944e+00
  6.08775674e-01
 -2.56957015e+00
 -7.34039822e-01
  3.44634213e-02
 -5.15148834e-01
  4.50762949e-01
  7.21131654e-01
  9.34140120e-01
  1.71551677e+00
 -1.42224347e+00
 -1.45914349e+00
  1.63787526e+00
 -5.09076939e-01
  1.25033791e+00
  2.52008181e-01
  1.55544431e+00
 -1.08318594e+00
  1.61429621e+00
 -1.95289702e+00
 -2.48183130e-01
  3.13936014e-01
  1.30558018e-01
 -3.85211982e-01
  6.45838682e-01
 -7.65128244e-01
  1.56899976e-01
 -1.67985622e-01
 -5.24235559e-01
 -3.63178032e-01
 -3.07703095e-01
 -9.14601080e-01
  2.30506542e-01
  9.87698724e-01
 -6.08288945e-01
  1.51803823e+00
  6.46193004e-01
  4.18617083e-01
 -6.95888074e-01
 -5.23228199e-01
 -5.59201583e-01
 -6.02919381e-02
 -4.64235877e-01
  6.41102670e-01
 -1.13767608e+00
 -4.26776274e-02
 -2.30042134e-01
  2.22513519e-01
  1.92142202e-01
 -1.12606279e+00
 -1.75173462e+00
 -5.70105538e-01
 -2.12433497e+00
  1.50418846e-01
 -7.42432708e-01
 -8.09481625e-01
 -3.06729128e-01
 -1.05249152e+00
  9.45268538e-01
 -9.61864321e-02
 -1.20685491e+00
  1.59286592e+00
  5.85356004e-01
 -6.64645696e-01
  4.50979289e-01
 -1.40161913e+00
  2.39001291e-01
 -4.84242922e-01
 -4.40367458e-01
 -8.48517523e-01
  1.99766316e-01
 -1.31048096e+00
  1.29758785e+00
  4.71662024e-01
  3.52112018e-01
 -3.68882576e-01
 -2.62740803e-02
  1.09369081e+00
  1.01181653e-01
 -6.93976826e-01
 -8.62680232e-01
  1.16723288e+00
 -1.40966566e+00
  4.52575216e-01
  1.86875937e+00
 -9.18963275e-01
  6.63007991e-01
 -2.43630538e-01
  5.44274309e-01
 -7.65999360e-01
 -9.55123840e-01
 -2.52469425e+00
  6.27184138e-01
  2.09704073e+00
  1.63553309e+00
  4.45136447e-01
  9.54206729e-01
  1.81026616e+00
 -1.50585669e+00
  1.92319972e-01
 -1.78022544e-01
 -8.86321366e-01
  1.16799287e+00
  6.70268105e-01
  1.92868434e-01
  1.20739698e+00
  8.69489275e-01
 -1.16182531e+00
 -1.19802697e+00
 -3.58571168e-01
 -7.56151251e-01
  1.41343165e+00
  2.33311073e-01
 -5.86567857e-01
 -1.49368967e+00
  6.52263764e-01
 -4.87221777e-01
 -1.11596738e+00
  1.73234305e+00
  8.71207684e-01
 -1.25502845e+00
  5.43493593e-01
 -4.87116791e-01
 -4.54022429e-01
  2.28633154e-01
 -3.18091246e-01
 -2.02039461e+00
  1.39622645e+00
 -2.48538169e-01
  1.12230679e+00
  1.22972766e+00
 -1.74710147e+00
 -1.12824141e+00
 -4.95582656e-01
 -3.19135328e-01
 -3.60240712e-01
  9.91168320e-01
 -2.60195471e-01
 -1.40801829e+00
  1.06752795e+00
  5.16281217e-01
  4.63910761e-01
 -3.88036569e-02
  3.50068485e-01
  4.05718171e-01
 -1.37585912e+00
  3.91019430e-01
  1.87048268e+00
  1.55646394e-01
  1.26560661e+00
 -1.62824696e-01
 -1.65341967e+00
  5.75722498e-01
 -1.63694111e+00
 -9.74527856e-01
 -2.55666720e-01
  1.79386833e-03
 -5.77189841e-01
 -2.31982536e-01
  1.95958969e+00
 -1.50387326e+00
  2.34864224e-01
  1.59041372e+00
 -1.71503613e+00
  4.86712776e-01
 -1.37442829e+00
 -3.00560042e-01
  5.68002088e-01
  1.34616090e+00
 -1.95085469e+00
  8.54922250e-01
  9.40529791e-01
  1.23225538e-01
  9.26161830e-02
 -2.85059996e-01
  8.09460295e-01
  7.26627993e-01
 -5.55730630e-01
  1.42910249e+00
 -2.76938865e-01
  2.73592354e-01
  3.85862867e-02
 -4.51762196e-02
 -1.28874587e+00
  1.44103650e-01
  6.84290142e-01
  1.77012343e+00
  2.92406019e-01
 -2.53395702e-01
  5.31470299e-01
 -1.42124098e-01
 -3.82424494e-01
  1.63717285e+00
  1.36316989e+00
  4.51621377e-01
 -1.02596528e+00
  5.86995726e-02
  2.43786916e-01
 -1.37717700e+00
  5.65329949e-01
  3.71607429e-01
 -1.24767199e+00
 -1.58699250e-01
 -7.33491384e-01
  4.22503821e-01
  1.80684968e+00
 -2.93828103e-01
  3.61317325e-01
 -6.08381384e-01
 -2.11364788e+00
 -8.98022990e-01
  8.71051783e-02
 -6.10097862e-01
  7.10313214e-01
  1.27973671e+00
  2.59814317e-02
  6.41195398e-01
  1.64774719e+00
  1.33852235e-01
 -2.32541078e-01
  1.14431788e+00
 -8.42175751e-02
  2.73106496e-01
 -6.89070041e-01
  8.71372243e-01
  2.68487987e-01
  1.62893762e+00
 -1.53499120e+00
  4.35177030e-01
  4.89642190e-01
 -1.40584405e+00
  4.66562914e-01
  5.77740067e-01
  8.80429166e-01
  2.02713745e+00
  7.78926108e-02
  3.33627193e-01
  4.52714798e-02
  1.16380456e+00
 -1.06741558e+00
 -4.12642697e-01
 -7.85085435e-01
 -1.68184818e+00
  7.21696606e-02
  1.89150698e+00
  1.25482946e+00
  1.61878941e-01
 -2.66105236e-01
 -2.96189794e-01
 -1.32685223e+00
  5.69337757e-01
 -4.35716378e-02
  9.66821102e-01
  7.87042336e-01
  3.42674873e-01
 -4.33792051e-01
 -8.56115758e-01
 -1.75552123e-01
  9.09622714e-01
 -2.82258346e+00
 -2.73287997e-01
  8.69656642e-01
  9.32071273e-01
 -9.49622840e-01
  7.68298329e-01
 -6.09485535e-02
  1.13116770e+00
 -1.51729261e+00
 -9.38606485e-01
 -1.80340465e-02
  4.21687765e-01
  7.92090086e-01
  1.72083234e+00
 -7.81777950e-01
  4.45287277e-01
  1.44846218e+00
  5.73437603e-01
  3.88928033e-01
  1.64209435e+00
 -1.22833655e+00
 -1.03876047e-01
 -1.30054507e+00
 -3.04299223e-01
 -4.05614701e-01
  1.24657365e+00
  8.28289368e-01
  1.12499692e+00
 -6.35104538e-01
  5.49844451e-01
  1.73576867e+00
  8.83705429e-01
  6.67670938e-01
  1.36796535e+00
  2.46747414e+00
  1.32176963e+00
 -6.63326885e-01
  6.98270583e-02
  2.64627827e+00
  1.40145070e-01
 -9.54890888e-01
 -1.08996385e+00
  8.27712709e-01
 -2.33232445e+00
 -2.73006191e+00
  2.64472374e-01
  1.67189069e+00
  8.26336589e-01
 -7.31375457e-01
  5.77885664e-01
 -3.29016294e-01
 -1.06839537e+00
 -2.24455210e-02
 -7.03373905e-01
 -8.95127030e-01
 -8.57350874e-02
  1.54203594e-01
 -7.00464779e-01
  7.40773192e-02
  1.22114239e+00
  7.23253989e-01
  1.71089752e+00
 -4.79667459e-01
  8.71644020e-01
  1.20577937e-01
 -3.27209305e-01
  1.86315084e+00
  4.07962510e-01
  9.58894848e-03
 -6.75907655e-01
  7.93359435e-01
 -7.96089912e-02
 -1.41883015e-01
 -1.25900617e+00
  4.65857911e-01
 -2.17898219e-01
 -3.35736869e-01
 -5.02548479e-01
  1.26599602e+00
  1.37251994e+00
 -2.03303385e+00
  1.10409322e+00
 -4.33700690e-01
 -1.87135441e+00
 -5.76369034e-01
  1.07543563e+00
  6.59678980e-01
  3.78464488e-01
 -7.12706347e-02
  2.70088851e-01
 -1.07446282e-01
 -9.81755572e-01
 -8.21218098e-02
 -1.07801290e+00
 -8.06435673e-01
 -6.05291187e-01
  6.23617281e-01
  1.77437916e+00
  8.52901058e-02
 -3.73734407e-02
 -2.40039301e-01
 -2.12212791e+00
 -1.00280007e+00
 -1.86376544e+00
  1.09771134e+00
 -2.12090564e+00
  2.08228104e+00
  1.04470570e+00
  6.13460414e-01
  1.00566289e-01
  9.17530059e-01
 -1.63287162e+00
 -1.07622273e+00
  6.81176342e-01
  4.00278480e-01
  5.37342166e-01
 -3.16395625e-01
  2.05112664e-01
  1.52611011e-01
  1.05427052e+00
  4.76724137e-01
 -8.37601212e-01
 -1.63553521e+00
  6.65546250e-02
  2.15114622e-03
 -2.78394501e-01
 -5.95044475e-01
 -2.57590473e+00
  1.03143614e+00
 -1.20874953e+00
  5.16773656e-01
  5.77289603e-01
  1.13056908e+00
  1.24218345e+00
 -2.37741795e-01
 -1.73674100e+00
 -7.60279077e-01
 -4.29454810e-01
 -2.30760580e+00
  2.35678094e+00
  8.37755356e-01
 -4.00274647e-01
  6.19024904e-01
 -1.89403434e+00
 -3.54201766e-01
 -5.97140016e-01
  7.92373677e-01
 -2.22201072e+00
  2.13889787e-01
 -2.15657090e-02
  1.55961808e+00
 -7.78233140e-01
  1.85272004e+00
 -1.00690221e+00
  7.75056308e-01
 -2.13180231e-01
 -7.24408156e-01
  6.35966855e-01
 -3.45607947e-01
  5.69321717e-01
  7.21353931e-01
  3.38412161e-02
  2.63078751e-01
 -2.05280089e+00
 -6.53906822e-01
 -1.26605241e+00
 -8.07370465e-01
  1.68593517e-02
  2.24664945e-01
  2.13065399e+00
  1.09960888e+00
 -2.86424575e-01
  6.53038757e-01
 -3.03282056e-01
  2.23672247e-01
 -2.78982255e-01
  1.43103765e+00
 -3.07106482e-01
 -1.86392802e-01
 -1.12226866e+00
  1.99954386e-01
  1.41880564e-01
  1.37942164e+00
  7.88118908e-01
  2.15950376e-01
  1.40121991e+00
 -8.58060818e-01
 -4.87223773e-01
  6.80504526e-01
 -1.38000655e+00
 -2.94221510e-01
 -9.49936104e-01
  1.84756473e+00
  1.69903507e+00
 -1.61103310e+00
  5.58370103e-01
  1.26574565e-02
 -1.94792201e+00
 -1.67081326e+00
  6.02407806e-01
  8.11701385e-01
  4.29572020e-01
 -6.57307311e-01
  1.71578988e+00
  6.65553216e-01
  2.09400016e-01
 -3.08884405e-01
 -1.03903221e+00
 -2.92390222e-02
  2.11943111e-01
 -1.71192461e+00
  1.63451710e+00
  2.49477534e-01
  2.13654792e-01
 -2.77270682e-01
  1.84657665e+00
 -1.76601203e+00
 -1.14144867e+00
 -3.85247724e-01
  3.08388693e-01
 -4.53279868e-01
  5.61999649e-01
 -3.10333321e-01
  3.45565916e-01
 -3.88142117e-01
 -5.89444747e-01
  1.00202984e+00
 -2.47530720e-01
 -1.15858391e+00
  2.70467070e-01
 -2.14026195e+00
 -7.88342560e-01
 -2.39272729e-01
 -1.21735890e+00
  3.75429899e-01
 -1.47413119e+00
 -8.36875494e-01
  1.47545709e-01
  1.36738753e+00
 -2.11602877e-03
  2.79515356e+00
  9.88546594e-01
  1.54135049e-03
  3.83954613e-01
 -3.99002943e-01
  6.64672371e-01
  2.61156586e-01
 -1.69043907e+00
 -1.75731811e+00
  6.51599688e-01
 -9.00002298e-02
 -3.15421968e-01
  1.45922801e+00
 -1.02198960e+00
 -1.57699271e-01
  3.62078706e-01
 -3.83335463e-01
  3.00989871e-01
 -1.80162459e+00
  9.95587982e-01
 -1.03842737e+00
  3.83099985e-01
  1.84334370e+00
 -5.68912463e-01
 -1.66945139e+00
 -5.31027218e-01
  6.51321747e-02
 -1.14595138e-01
  1.11998129e+00
  2.35766439e-01
 -4.61665476e-01
 -2.74947177e-01
  1.60358015e-02
 -1.51080269e+00
 -9.58374167e-01
  3.69876083e-02
  6.82351548e-02
  1.44715400e+00
 -1.95471989e+00
  4.08007593e-01
  3.97849434e-01
 -5.89715696e-01
 -7.41484198e-01
 -1.43813220e+00
 -2.44664986e-01
  2.06433800e+00
  1.48570336e+00
  3.29107547e-01
  6.53272603e-01
  7.82587994e-01
  6.17444410e-01
  1.17202045e+00
  4.96235197e-01
 -3.85659807e-01
  7.13765180e-01
  1.89603608e-01
  5.35180332e-01
 -2.95296760e-01
 -1.18963840e+00
  3.48850335e-01
  4.82246525e-01
 -1.34447207e+00
 -1.05269340e-01
 -5.59015133e-01
 -1.42821888e+00
  1.28775895e+00
 -2.12346425e-01
 -9.81502907e-01
  2.89697418e-01
 -1.87806461e-01
 -4.46960491e-01
 -1.48513363e+00
  1.38378609e+00
 -2.03471157e-01
  7.25669990e-01
  1.01994074e+00
  4.42108258e-01
 -3.40547419e-01
 -2.05084627e-01
  2.50142017e+00
  9.56247126e-01
 -4.36489369e-01
 -4.72333187e-01
 -6.92252767e-01
  6.83108006e-01
 -5.86920630e-01
 -3.00854107e-01
  6.99874923e-01
  8.80124171e-01
 -9.21551325e-01
  1.36465529e+00
 -8.66136832e-01
 -1.23105536e+00
 -2.83773797e-01
 -1.81720972e+00
 -1.69616826e-01
  2.16338544e+00
  4.83116028e-02
  9.18283815e-01
 -1.51172916e+00
  1.29907320e+00
  1.32691427e+00
  1.37188018e+00
 -3.18112203e-01
 -5.80651487e-01
  9.71873053e-01
 -2.02224796e+00
  1.47111736e+00
  1.29551010e-01
  3.12078046e-01
 -7.48515537e-02
  7.42907718e-01
 -2.93166092e-01
  6.85047378e-01
  2.35857704e-01
 -5.83200816e-01
 -4.02646938e-01
  1.96587879e+00
  1.27254906e+00
  1.77063098e+00
  1.96956544e-01
  9.35778616e-01
  1.00377466e+00
 -1.83408048e+00
  7.97011768e-01
 -4.66155162e-01
  1.41340653e-01
 -4.37917606e-01
  8.41281976e-01
 -1.73589958e-01
  7.37344709e-01
 -2.67983084e-01
  9.46137318e-01
 -1.62561329e+00
 -3.75261640e-01
 -5.79816092e-01
 -1.76622385e-01
 -1.44949590e+00
  3.50192849e-01
 -1.82111792e+00
 -5.11347958e-01
 -4.47007789e-01
  5.30882085e-01
  1.73872333e+00
  7.49911112e-01
 -6.78884340e-01
 -2.79972800e-01
 -5.04246025e-01
  3.32968823e-01
 -4.05168919e-01
  4.10198477e-01
  7.33781423e-01
 -2.10074197e-02
  6.65393151e-01
 -4.82874794e-02
 -7.23040846e-01
  4.59660150e-01
 -8.64691908e-01
  2.16092330e-01
  1.31957197e+00
 -2.45188217e+00
  1.91518708e+00
  7.11100553e-02
 -3.37999986e-01
  1.24785194e+00
  6.56824404e-01
  9.97988624e-01
  1.65441574e+00
 -1.69004858e+00
  7.57532396e-01
  1.49701855e+00
  9.73427833e-01
  2.36006449e-01
  1.15725761e-02
  1.28924282e-01
 -1.21942283e+00
  8.13574022e-02
  6.84282975e-01
  3.53606582e-01
  7.32533826e-01
 -6.54397781e-02
 -3.68834819e-01
  5.10586370e-01
 -2.81495183e+00
 -1.71137963e-01
 -3.97466990e-01
  9.84274969e-01
 -6.16050182e-01
 -3.94796527e-01
  6.43143215e-01
  3.04135327e-01
  1.95096091e+00
  1.44757578e+00
 -4.30828395e-01
 -5.30742021e-01
 -1.05313219e-01
 -5.93442917e-01
 -8.25198967e-01
 -5.72349770e-01
  1.20777658e+00
  4.05279214e-01
 -4.67198933e-01
  1.73063302e+00
 -6.15208398e-01
 -4.44234807e-01
 -1.56373105e+00
  5.85625092e-01
  1.16869369e+00
  2.59749533e+00
 -7.57708415e-01
  1.83988516e+00
 -2.81905720e-01
  9.45855864e-01
 -2.64437786e-01
 -3.25427862e-01
 -1.13889140e+00
 -8.97705419e-01
  1.66562401e+00
  7.14315672e-01
  6.97803191e-02
  1.10634459e+00
  4.18627065e-01
  2.90320169e-01
  1.58199312e+00
  1.50248681e+00
 -2.18791564e-01
 -3.36386532e-01
 -7.97209629e-01
 -1.75620394e+00
 -6.26617465e-01
  1.33425284e+00
 -7.96325398e-01
  1.52031719e+00
  1.91844533e-01
 -1.08001031e+00
 -7.95645749e-01
 -2.21506150e-02
 -6.80332063e-01
  4.99583737e-01
  1.31944528e+00
 -7.78306759e-02
  7.40614202e-01
  1.17473946e+00
 -1.40908032e+00
  2.70495303e+00
  3.15098518e-01
  3.19209274e-01
 -1.46751891e+00
 -8.41395410e-02
 -1.27156458e-01
  4.21159481e-01
  1.73318432e+00
  1.19013168e+00
 -6.11139255e-01
 -1.43998798e+00
 -4.19298793e-01
  7.36774943e-01
 -8.82433387e-01
  3.42393369e-01
 -6.95420899e-01
  3.87860027e-01
 -5.31094678e-01
 -3.97742415e-01
  5.48941148e-01
  9.01138604e-01
 -8.66638517e-03
  3.01583681e-01
 -9.91550419e-01
  8.40444612e-01
 -9.90384291e-01
  2.34412745e-01
 -1.87997268e+00
  5.89231409e-01
  1.78856000e-01
  2.25374019e-01
 -5.56769044e-01
 -7.51967876e-02
  9.99334349e-01
  7.76768033e-01
  9.58777185e-01
 -4.03570688e-01
  5.85340972e-01
 -2.58334439e-01
 -6.72316307e-01
  1.05780475e+00
 -7.31576619e-01
 -3.59843031e-01
  4.19540853e-02
  7.48672864e-01
 -1.39800797e-01
  4.56124613e-01
 -1.73261613e-01
 -2.70762366e+00
 -3.40809904e-01
 -1.02439531e+00
 -5.05278513e-01
  9.71018137e-02
  4.55406789e-01
  2.04571268e-01
 -3.62482129e+00
 -1.54344944e+00
  5.56950147e-01
  1.04972268e+00
 -6.88289272e-01
  4.86976648e-01
 -2.55894501e+00
  1.42148810e+00
 -7.09478259e-01
 -1.13256636e+00
  2.09668454e-02
 -3.71150843e-01
 -1.73629075e+00
 -3.98200454e-01
 -5.48001393e-01
 -4.26135747e-01
 -3.04791928e-01
  2.06875916e-01
 -2.52521824e-01
 -3.52315061e-01
 -1.70592211e+00
 -1.11998540e+00
  1.06498685e+00
 -1.30272882e+00
 -9.61626465e-01
  1.06070502e-01
  1.01366931e+00
 -4.29589016e-01
  4.61278777e-01
 -1.23046086e+00
 -4.89659899e-01
  1.46415940e+00
  1.15631812e+00
  3.64188697e-01
 -6.52228075e-02
  1.54179220e+00
 -8.04867400e-01
 -1.11251071e+00
  8.86737828e-01
  6.57115197e-01
  2.66747097e-01
 -1.55629217e-01
  4.27653776e-01
  1.22658839e+00
  2.54896067e-01
  2.77297856e-01
 -4.09233119e-01
 -4.33305397e-02
  4.33502214e-02
 -3.08943076e-02
  1.94725358e-01
  1.89088154e-01
 -1.84279538e-01
 -8.41214646e-01
  1.82162388e+00
 -8.17959341e-01
 -1.18365569e+00
 -2.81457514e-01
  8.28801975e-01
  1.42786678e+00
  8.59904621e-01
 -7.29455055e-01
  1.21691463e-02
  2.08919253e-01
 -2.01855300e-01
  1.26921473e-02
 -7.63527179e-01
  8.55540073e-02
  7.96217377e-01
 -5.53116618e-01
  8.35335268e-02
  9.79698720e-01
 -1.11217676e+00
 -4.72394131e-01
 -5.93991622e-01
  1.20330715e+00
  4.12426045e-04
  9.08590843e-02
  1.79850392e+00
  1.86255099e+00
  8.40000748e-01
  8.67283440e-01
 -1.70039786e-01
 -1.70128275e+00
 -8.68478831e-02
  5.26199884e-01
  5.60291165e-02
  2.14926482e+00
  1.63532174e+00
 -1.07249065e+00
  1.94141626e-01
  6.65486158e-01
  1.86402564e+00
 -1.42842749e+00
 -5.71408801e-01
  1.17688746e+00
 -4.90805853e-01
  9.86196625e-02
  1.15040692e+00
  3.33464491e-02
  8.20026966e-01
  3.53575710e-01
 -1.23840651e+00
  1.00311018e+00
 -4.96410124e-01
  8.89193243e-01
  3.78451882e-01
  2.43751394e-01
 -1.45591371e+00
 -1.93076377e-01
 -6.94071609e-01
  8.81481909e-01
 -7.67944577e-01
  9.73556935e-01
 -1.45158258e+00
  7.77721449e-01
 -1.00575228e+00
  1.47112613e+00
 -9.32964128e-01
 -1.16869712e+00
 -5.99296513e-02
 -1.68005103e-01
  9.31919985e-02
 -8.77269454e-01
 -5.58803628e-01
 -5.64989315e-01
  2.09162722e-01
  9.39883076e-01
 -7.69343726e-01
 -3.31328327e-01
  1.43682756e+00
 -4.06628217e-01
  5.69676388e-01
 -6.08140430e-01
 -7.17193332e-01
  3.15944277e-01
  2.19144375e-01
  2.81069828e-02
 -1.22627247e+00
  1.04822167e+00
  1.27684454e+00
  3.76530843e-01
  7.53650027e-01
 -1.94344125e+00
 -6.30801442e-01
 -4.31883867e-01
 -4.52174191e-01
  6.01059887e-01
 -1.62012750e-01
 -1.45801406e+00
  4.49909068e-01
  1.16318895e+00
  9.46115738e-01
 -9.33367191e-01
  1.39689467e+00
 -1.10709776e+00
 -1.32499625e+00
  1.41672356e-01
  1.16848599e-01
 -3.80351193e-01
  6.83652091e-01
 -8.26571472e-03
  2.27068279e-01
 -1.57262413e+00
  2.68973482e+00
  1.29053722e+00
 -2.37016152e+00
  6.67030890e-01
  3.99750515e-01
  1.43468194e+00
 -3.04747369e-01
  1.53213437e+00
 -9.41026569e-01
  2.55787867e-01
 -1.81460026e-01
 -1.76286986e+00
 -6.63944562e-01
  1.63269274e-02
 -6.12048799e-01
 -4.64119214e-01
 -1.17972628e+00
 -3.12629316e+00
  4.08853440e-01
 -1.93093704e+00
  5.91673326e-01
  5.56843483e-01
  2.15272588e-01
  7.73681440e-01
 -1.24223766e+00
  5.03372408e-01
  3.64245876e-01
  9.02623826e-01
 -3.68815497e-01
 -1.27617249e+00
 -8.01887946e-01
 -1.82519450e-01
  1.78681772e+00
 -1.41715446e+00
  1.96730494e-01
 -4.56333380e-01
 -1.52433031e-01
 -3.31300078e-01
  1.70375796e-01
  2.66350918e-02
 -4.93707417e-02
 -2.26364994e+00
 -1.50493507e+00
  6.92611686e-01
 -4.19827977e-01
 -2.30386455e-01
 -1.43125556e+00
 -3.49009846e-01
  2.47741184e+00
 -1.82644183e+00
  3.24627639e+00
 -4.54129309e-02
 -7.75002107e-01
 -4.37598380e-01
  6.63641472e-01
  5.19353958e-01
 -6.04103988e-01
 -3.49892479e-01
  1.47396460e+00
 -8.06452090e-01
 -1.54999932e+00
 -3.56077422e-01
 -1.67719029e+00
 -1.55059463e+00
  3.56167697e-01
  3.23515404e-01
  5.74608825e-01
  1.15932989e+00
 -1.71970546e-01
  8.10094537e-01
  7.54545492e-01
  1.06725550e+00
  1.72556392e+00
  8.59615022e-01
  6.64353633e-02
 -1.90918733e+00
  3.79402985e-01
  1.57400423e-01
 -8.39157374e-01
  6.74937933e-01
 -1.70302264e-01
  1.26922698e+00
  1.27692327e+00
 -1.66367226e+00
 -1.21451362e+00
 -1.92496739e+00
  9.13868431e-01
  9.36072524e-01
  1.13147413e-02
 -6.34718797e-01
  1.12345730e+00
  1.20020409e+00
 -3.18646208e-01
 -1.56282462e+00
 -9.85329204e-01
  1.49926754e+00
  2.19408821e+00
 -1.56975967e+00
 -1.36384988e-01
 -1.87177831e-01
 -2.10881169e+00
  1.90299628e+00
 -8.71161269e-02
  9.87935865e-01
  4.35836724e-01
 -3.13465721e-01
  3.29913768e-01
  2.28791825e+00
  4.76348105e-02
  3.60540111e-01
  2.74564125e+00
 -4.21533702e-01
  5.35694177e-01
  5.52154799e-01
  5.33219256e-01
 -1.91096958e+00
 -1.00330597e+00
  9.19494049e-03
  1.82504657e+00
  1.21417782e+00
  1.01544994e+00
  4.71337236e-01
  5.17054713e-01
 -1.57201039e+00
  3.95077260e-01
 -1.35437818e+00
  4.58698473e-01
 -1.83391988e+00
  1.29056229e+00
 -6.87661652e-01
 -2.05522032e-01
  9.67753507e-01
 -1.86610410e+00
  4.55190969e-01
  1.11490005e+00
 -1.76639842e+00
 -7.33042693e-01
 -1.17761908e+00
  3.45861463e-01
 -1.41948970e+00
  2.96207159e-01
  2.47795657e-02
  1.81747233e+00
 -1.62068368e+00
  1.87280472e-01
  7.63269304e-01
 -7.09295140e-01
  1.77150461e+00
 -1.17434214e+00
 -8.86364567e-01
  1.85711211e+00
  4.67078530e-01
  8.07154246e-01
  1.14998588e+00
  2.03604160e-01
 -7.31432311e-01
  7.88372366e-01
  1.14616873e+00
 -5.68733700e-01
  1.15493113e+00
  5.71067918e-01
  6.60290372e-01
  1.37398123e-01
 -1.11342683e+00
 -5.79772392e-01
 -1.30793099e+00
  4.32284435e-02
  1.36283996e-01
 -1.48710201e+00
 -4.57322389e-01
  4.23187984e-02
 -5.95639019e-01
  2.04548716e-01
  9.55834606e-01
 -1.91027691e+00
 -1.16284051e+00
 -1.47374305e+00
 -5.17934014e-01
 -3.93319338e-01
 -1.41179962e-01
 -7.97022529e-01
 -1.24966401e+00
 -4.35696548e-01
 -8.07664067e-01
 -1.61952820e-01
 -7.12234174e-01
 -1.64514523e-01
  1.60442134e+00
 -1.33305889e+00
  1.78544426e-01
  1.32791463e-01
  6.78928645e-01
 -2.55373098e-01
 -1.91905179e-01
  3.23849210e-01
  5.97816596e-01
  5.34881078e-01
 -3.32925294e-01
 -1.68472767e+00
 -9.01802910e-01
  2.96621933e-01
  9.90183664e-01
  5.01295997e-01
  1.19388278e+00
  1.54359470e-01
 -3.92342910e-01
 -2.95722262e-01
  5.85385831e-01
 -3.13494584e-01
  1.80251535e-01
 -3.11281577e-01
  4.75960606e-01
 -1.56655777e-01
 -1.68384816e+00
 -9.24402053e-01
  8.32486447e-01
 -6.04274096e-01
 -1.37670908e+00
  1.35975190e+00
 -5.84174607e-01
  9.68169927e-01
 -5.43903010e-01
 -1.19317470e+00
 -6.70136923e-01
  4.33314819e-01
  3.94350077e-01
 -3.42973636e-02
  3.17166264e-01
 -2.39596853e-01
  1.08451325e+00
  1.40498567e+00
 -6.53378311e-01
 -5.47919843e-01
  8.65926155e-01
  3.42971729e-01
  1.15137611e+00
 -2.56130053e-01
  7.07596857e-01
 -2.94220486e-01
  5.57602050e-01
 -1.32134622e+00
  9.12006621e-01
 -1.26505258e-01
 -1.40038844e+00
  6.04278852e-01
  9.28584629e-01
 -1.24777909e+00
 -3.15033434e-01
  6.37094016e-01
  5.69480247e-01
 -1.03090375e-01
 -1.20469150e+00
  7.09248641e-01
  1.02284193e+00
  2.08405363e-01
  1.25849525e+00
  3.76576479e-01
  9.95855258e-01
 -1.10686291e-01
  1.86087527e+00
 -3.47057578e-02
  1.21899188e+00
  5.58469768e-02
 -4.77432484e-01
  1.38841349e+00
  5.00268616e-01
  4.84922765e-01
 -2.57496130e-02
  1.23181986e+00
 -1.02225068e+00
  1.27722442e+00
  4.09082839e-01
 -1.11173609e+00
 -1.33557225e+00
  3.00531844e+00
  1.20241051e+00
  6.57034000e-01
 -3.89126115e-01
 -7.29339527e-01
 -7.63161806e-03
 -2.24495376e-01
  5.96712754e-01
  2.00889138e-01
 -1.59369460e+00
  2.05124228e-01
 -1.13010860e+00
 -1.44471191e+00
  5.28117926e-01
 -1.34316746e+00
 -7.63104436e-01
  2.55701742e+00
  2.91941683e-01
 -3.91420671e-01
  3.37963797e-01
  8.88630294e-01
  1.22942436e+00
  5.88552973e-01
 -4.53788040e-01
 -1.85901585e+00
  1.34216448e+00
  4.92195556e-01
 -1.88260464e+00
 -5.07848460e-01
 -5.66334344e-01
  9.56500893e-01
  8.68927025e-01
 -1.21496141e+00
  3.01574797e-01
 -2.00254435e-01
  1.45485183e+00
  1.16116364e-01
 -1.87213964e+00
 -6.46349939e-01
  1.36350410e+00
  3.88198603e-01
 -1.13112683e+00
  5.83641329e-01
 -1.58525979e-01
  1.09026653e+00
  3.00879765e-01
 -1.03653489e+00
  1.55507210e+00
 -7.65157241e-01
 -5.53624825e-01
 -1.37673660e-01
 -6.25354432e-01
 -1.10133091e+00
  1.18756365e+00
  7.75407897e-01
 -6.46416831e-01
 -2.07196015e-01
  4.10175434e-01
  5.55037390e-01
 -8.34734998e-01
  1.27407195e+00
  1.89423505e+00
  6.42759405e-01
  4.57252187e-03
  2.44052940e-02
 -1.04777981e+00
 -9.19370158e-01
 -1.18193413e+00
  7.43160500e-01
 -1.40640615e+00
 -9.54809369e-01
 -1.55290944e+00
 -2.37262044e+00
 -1.04957806e+00
 -3.64516103e-01
  3.45920304e-01
 -6.33955027e-01
 -9.73869215e-01
 -1.56686784e+00
 -2.42269432e-01
 -2.73923865e-01
 -1.26436968e+00
  5.47603332e-01
 -1.12214772e+00
 -7.01726952e-01
 -1.10373013e+00
  5.04671367e-01
 -1.49303086e-01
  8.43324084e-01
  3.43799547e-01
 -1.18878480e+00
  2.15827509e+00
  1.95380682e+00
  6.67920622e-01
 -6.85545084e-01
 -1.26260047e+00
  7.18337856e-01
 -1.02966109e+00
 -1.63970793e+00
  4.43133140e-01
  7.28244356e-02
  1.55031904e+00
  1.52208000e+00
 -1.33875568e+00
 -3.68364887e-02
 -5.76244279e-01
  1.34884433e-01
  1.46596698e+00
  1.52285873e-02
  9.11731197e-01
 -6.08527242e-02
 -6.80797552e-01
 -3.65608782e-01
  4.06194068e-01
  1.01402526e+00
  2.48710312e+00
  2.21059464e-01
 -6.30002177e-01
  4.97933042e-01
  4.88382822e-02
  4.77139074e-02
 -6.27130548e-01
 -7.90252551e-01
 -8.14859434e-01
 -5.61691007e-01
  1.25265191e+00
 -1.29530629e+00
  5.61626558e-01
 -7.85400078e-02
 -1.75398098e+00
  3.16266631e-01
  9.98211308e-02
  2.28396057e-01
  1.58795987e+00
  2.12223126e-02
 -1.11435755e+00
 -2.43989251e-01
  9.01854215e-01
  4.86571120e-01
  6.16010512e-01
  6.17980944e-01
  1.06349535e+00
 -3.70647213e-01
  1.41789059e+00
  1.41925217e+00
 -1.93779253e+00
 -8.65542386e-02
  1.14575282e+00
 -1.72995284e+00
  1.30193610e-01
  2.54761953e+00
 -2.09181707e-01
 -1.63100050e+00
 -7.99323879e-01
  8.44130999e-01
 -4.83184229e-01
 -4.15536433e-01
  1.50917471e+00
 -1.01041311e+00
 -8.06518728e-01
  2.36835236e+00
  6.56228379e-01
 -1.54163577e-01
 -2.16085819e+00
 -7.98806173e-01
 -6.44661732e-01
  2.27955548e-01
  3.23082929e-01
  2.69789122e-02
 -1.14741383e+00
  1.79859144e-01
 -2.51338723e-01
 -7.00193967e-01
  7.17438082e-01
 -3.83059950e-01
  3.72171418e-01
 -1.11686250e-01
  8.00114422e-01
 -1.83751294e+00
  1.50431144e+00
  2.72425989e-01
  1.69550684e+00
 -5.53050076e-01
 -4.14430115e-01
  6.93490548e-01
 -2.04089153e+00
 -1.49052683e+00
  2.10574035e-01
 -2.47252352e+00
 -1.93346433e+00
  7.67395028e-01
 -7.45686280e-01
 -7.03440497e-01
  7.29979907e-01
  4.15815384e-01
 -1.26271648e-01
 -1.77051317e+00
  1.28608060e+00
  1.27547702e+00
  6.07248711e-01
 -1.19734500e+00
 -1.49908901e+00
 -5.23717768e-01
 -5.90596564e-01
  1.53587504e+00
  3.84907251e-01
  1.86174803e+00
 -8.77198174e-01
 -2.00306555e+00
  2.65768488e+00
  4.04183142e-02
 -1.10840979e+00
 -6.73030283e-01
  1.07414186e+00
 -9.11843432e-01
 -5.27901121e-01
 -1.85640511e+00
  1.20531423e+00
  3.67057335e-02
  3.73311222e-01
  1.03041351e+00
 -1.59120102e+00
 -7.54360525e-01
  1.15366911e+00
  4.78350120e-01
 -9.90342606e-01
 -5.84243043e-02
  1.41351760e+00
 -1.61473609e+00
  1.40164280e+00
  2.14858088e+00
 -4.48988592e-01
 -1.74061442e-02
  3.02441392e-01
  6.13004758e-01
 -8.26537983e-01
  3.73718389e-01
  1.95988170e-01
  3.45189735e-01
  1.70010829e+00
 -8.68241500e-03
 -2.78992453e+00
 -5.59249944e-01
 -2.28263250e+00
  1.15759815e+00
  6.82717955e-01
  3.08200292e-01
  5.92646516e-01
  1.64332521e-01
 -3.15992115e-01
 -1.34512186e+00
 -1.16038341e+00
  1.57956456e-01
  7.67604765e-01
  4.40466822e-01
 -2.27572156e-01
  6.86454911e-02
 -4.83528778e-02
 -3.43405931e-01
 -6.46942530e-01
 -2.98646558e+00
 -1.15212163e+00
 -5.39508912e-01
 -1.12204363e+00
 -4.37267046e-02
  5.12917186e-01
  1.18974184e+00
  1.21007203e+00
 -8.81326080e-02
  1.29974719e-01
  8.43998675e-01
  4.78884440e-01
  4.23458598e-01
 -1.09596343e+00
  8.14857951e-01
  2.49285009e-01
  5.72083740e-01
  8.43972996e-01
 -1.60252783e+00
  4.03154236e-01
  3.77930345e-01
  6.74381583e-01
 -1.57205321e+00
  4.33259164e-01
 -5.57416407e-01
  8.06248963e-01
  8.00457628e-02
 -9.97065145e-01
  3.60335695e-01
 -2.65920447e-01
  8.61005326e-01
 -3.46135622e-01
  6.50679471e-02
 -9.97755758e-01
 -5.06721050e-01
 -3.31268195e-02
 -2.17355004e+00
 -7.39228014e-01
  2.11420689e+00
  1.33015631e-01
 -5.52416133e-01
 -6.60988568e-01
 -8.49406884e-01
 -7.12500361e-01
 -2.48658719e-01
 -1.14600716e+00
 -5.73483703e-01
  9.28726096e-01
  6.72068255e-01
 -2.19454489e+00
 -5.70629237e-01
  8.17473699e-01
  8.18159080e-01
  2.01337641e+00
 -3.65084660e-01
 -7.87696827e-01
 -1.51330356e+00
 -5.15170794e-02
 -2.80342478e-01
  6.43538564e-02
 -7.43669870e-01
  8.31124686e-01
 -1.52696821e+00
  5.72277437e-01
 -1.11932452e+00
  6.18003821e-01
  7.62667167e-01
 -8.09342525e-01
 -8.04629274e-01
  1.21217018e+00
 -2.27086883e-01
  1.09419669e+00
 -1.36335548e+00
 -5.21766392e-01
  3.14852921e-01
 -1.03533258e-01
  8.77536778e-01
  7.98433434e-01
  8.76914772e-01
  1.14667776e+00
  3.37816623e-01
  2.54141170e-01
  3.98418494e-01
 -3.15132439e-01
 -5.63499219e-01
 -3.76819255e-01
  3.04574991e-01
  3.13453384e-01
  4.53368931e-01
  1.37450286e+00
  5.07045990e-01
  8.35324908e-01
 -1.02578367e+00
 -6.50624440e-01
 -2.30099897e+00
 -1.29538602e+00
 -5.99566136e-01
  1.32121995e+00
 -4.51517351e-02
  7.40919652e-03
  1.18320382e+00
 -5.97786823e-02
  5.85808606e-01
  6.30185657e-01
 -6.76122839e-01
 -5.42657098e-01
 -8.76346215e-02
  2.28448671e-01
  8.24364403e-01
  1.38297332e+00
  1.47100081e+00
 -4.61105475e-01
  2.23342102e-01
 -7.36947413e-01
 -2.82223145e-01
  1.01488275e+00
  9.62949959e-01
  5.94073026e-02
 -8.53142911e-01
 -6.30532239e-01
  4.43637799e-01
 -1.14099417e-01
 -1.19883108e+00
  1.16788368e+00
  2.13278936e-01
  5.74946128e-01
  3.13308075e+00
  1.73092235e+00
 -1.51643318e+00
  5.25965867e-01
  2.26412827e+00
  7.57044722e-01
  2.52425308e-01
 -2.22595360e-01
  1.05616454e+00
  6.01044549e-01
  1.05144091e+00
  1.60746918e+00
  8.58142160e-01
 -1.13172034e+00
  5.56444826e-02
  1.57663178e-02
 -1.21515399e+00
 -1.42595302e+00
  1.03418605e+00
  1.63781311e+00
  4.68906761e-01
 -1.96559242e+00
  1.52001304e+00
 -1.90860247e-01
  7.71074153e-02
 -5.27040228e-02
  3.50392826e-01
 -1.12378143e-01
 -1.01570890e+00
  7.60556231e-01
 -4.70327638e-01
 -5.88746466e-01
 -1.97978476e-01
  6.10923674e-01
  1.24163764e+00
 -8.14702964e-01
  1.76009003e+00
 -9.74118271e-01
 -2.23194711e-01
 -4.44060918e-01
  7.65338344e-01
 -1.64013418e+00
  3.03578653e+00
  4.72605172e-01
  1.91199289e+00
  1.88760805e-01
 -1.52380296e-01
 -8.65334184e-01
  5.44020532e-01
 -8.80609511e-01
 -6.02582387e-01
  4.29566308e-01
  6.62603976e-01
  9.79529072e-01
 -8.45369867e-01
 -5.48494181e-02
 -5.96778887e-01
 -6.60659240e-03
 -2.83275686e-02
  6.42891753e-01
  7.19830280e-01
  1.11066707e+00
 -6.67518743e-01
  1.70489797e+00
  8.18862317e-01
 -8.92417174e-01
 -1.54753778e-01
 -1.95768656e+00
  1.47008622e+00
  1.58542259e+00
  1.44896730e-01
  7.51686880e-01
 -1.19483180e-01
 -1.99202198e-01
  5.05639790e-01
  5.15512880e-02
  1.61959979e-01
 -2.40894558e-01
  5.92461058e-01
 -2.14761761e+00
 -2.52817817e+00
  1.50855906e+00
  6.89848980e-01
  3.52822888e-02
 -1.35671636e+00
  3.22412137e-02
  9.95083006e-01
  3.63302309e-01
 -1.32628219e+00
 -1.78605032e-01
 -1.47348484e+00
  2.27941829e-02
  2.37466321e-01
  1.54089674e-01
  1.45825912e+00
 -2.36763259e-01
  1.79803515e-01
  9.12526748e-01
 -6.10639141e-01
 -8.64354411e-01
 -2.98598043e-02
  3.47099442e-01
 -3.77263256e-01
 -8.93537100e-01
  1.01026350e-01
 -1.08266897e+00
  3.88830037e-01
  8.09212064e-01
  1.72006272e+00
 -4.09436214e-01
 -2.24473723e-01
 -2.15363477e-01
 -4.92447624e-01
 -1.11379310e+00
  1.34587303e+00
 -2.37750517e-02
 -1.17299283e+00
 -9.72376229e-01
  9.53930814e-01
 -2.97108640e-01
 -1.52578515e+00
  1.18378097e+00
 -7.74194004e-01
 -6.11123974e-01
  1.84453752e+00
  1.15590985e+00
 -9.70917632e-01
  9.28252415e-02
  3.54157980e-01
  1.37061114e+00
  5.23804555e-01
  1.26575061e+00
 -1.03959245e+00
  5.64676779e-01
 -3.07839337e+00
 -4.99331493e-01
  1.31488591e+00
  1.44310601e+00
 -1.28623736e-01
 -1.95938758e+00
  1.98963558e-01
 -5.00540567e-01
  6.28815261e-01
 -3.45863274e-01
  1.14171026e-02
  1.01288948e+00
 -7.35631899e-01
  5.48752217e-01
  1.48236513e+00
  6.18651809e-02
 -1.10074139e+00
 -2.23890000e+00
  1.79427716e+00
  2.14059371e+00
  8.07090916e-02
 -3.59036248e-01
  7.75972464e-01
  5.71167132e-01
  1.92400185e+00
 -1.95814118e+00
  5.82285026e-01
  1.68398651e+00
 -8.32908621e-01
  1.85674986e+00
 -1.37721786e-01
 -5.70487281e-01
 -1.09541018e+00
  1.60500822e-02
  3.93576613e-01
  3.82257910e-01
  1.31651117e+00
  5.24843810e-01
 -1.47389573e+00
 -1.21975351e+00
  3.78801764e-03
  9.52059172e-01
  9.59671470e-01
  1.71647056e+00
  1.54768507e+00
  3.15498674e-01
 -6.73624384e-01
 -1.08126698e+00
 -7.45238663e-01
  2.13865000e+00
  1.14088617e+00
 -7.77117458e-01
  1.68225382e+00
 -1.74187908e+00
 -7.32619313e-01
  5.18164220e-01
  1.51405263e-01
  6.70036655e-01
  7.74494482e-01
 -3.21428690e-02
  6.61960300e-01
  1.45742107e-01
  1.00040923e+00
  2.32825882e+00
 -5.82880584e-01
 -2.70226370e-01
  1.24330190e-01
  2.76143735e-01
  4.83665829e-01
 -2.82520362e-02
 -4.45131076e-01
 -2.10640230e+00
  5.90222449e-01
  1.28494706e+00
 -1.04015877e-01
  8.20337016e-01
 -2.75197823e-02
  1.03990149e+00
  1.32416155e+00
  6.97471132e-01
  5.36719941e-01
 -4.86412488e-01
  5.53673743e-01
 -9.38708221e-01
 -1.88269448e-01
  5.41600207e-02
 -7.90551479e-01
 -7.68740778e-01
  1.07594237e+00
 -1.94221989e+00
  7.13925466e-01
  2.30158758e-01
 -7.57156422e-01
  2.08064678e-01
 -1.90537204e+00
  6.00672656e-01
 -1.49235503e-01
  2.94079607e-01
  1.76678862e+00
  4.72704148e-01
  7.33666912e-01
 -1.16223975e-01
  1.19880168e+00
 -6.07510325e-01
 -2.33088034e-01
  5.26849992e-01
 -5.32184597e-01
  2.65189824e+00
  6.65638328e-02
  2.77732387e-01
 -1.85053922e-01
  3.74578709e-01
  1.83046007e+00
  2.73054372e+00
 -9.97184569e-01
  1.49292007e+00
 -8.15017237e-01
  1.08934333e+00
 -3.46709148e-01
  8.37503592e-01
 -1.32754492e+00
 -2.34932750e-01
  3.02609609e-01
 -3.35811217e-01
  4.18698826e-01
 -1.61308480e-01
  5.53828230e-01
 -1.01728574e+00
  8.41126860e-01
 -7.72385866e-01
  1.06178737e-01
 -9.34276593e-01
  7.95925873e-01
  1.58454730e+00
  1.70351495e-01
  2.53075822e-01
  1.31818194e+00
  1.33246276e+00
  5.41605369e-02
 -2.63112674e-01
  1.91205306e+00
  7.50252687e-01
  3.07569551e-01
 -2.10375140e-01
 -1.01895807e+00
  1.42718893e-01
  9.43972635e-01
 -1.83785565e+00
  7.59088681e-01
 -1.50378044e+00
 -1.24684715e+00
 -5.48173868e-01
  7.34037247e-01
  4.56026492e-01
 -3.18437809e-01
 -6.97451705e-02
  4.81258075e-01
 -1.15675359e+00
 -1.02317792e+00
 -9.05532726e-01
 -9.05678041e-01
  3.64122872e-01
  2.29086278e+00
 -8.82026645e-02
 -5.05299231e-01
  2.63017297e-01
  1.52255283e+00
  3.59367395e-01
  4.99332089e-01
 -5.15574055e-01
  1.55202730e-02
  8.57319410e-01
 -5.13905612e-01
  7.51897093e-01
  9.22569937e-01
  1.30169682e+00
 -3.91010984e-01
  1.71896198e+00
 -1.27081881e+00
  8.44086147e-01
  1.08906481e+00
 -1.19220235e+00
  1.64658636e-01
  1.31582219e-01
 -8.62225703e-01
  2.22041863e+00
  5.63715226e-01
 -4.78256866e-01
 -1.20899723e+00
  4.15031262e-01
  1.14405106e+00
  3.13306777e-01
  4.37547082e-01
 -2.54402490e-01
  4.40272654e-01
  1.41466204e+00
 -9.05275329e-01
  2.69554584e-01
 -1.29443654e+00
 -1.44919129e+00
  6.16997510e-01
  3.41749330e-01
  2.44563695e-03
 -1.68822814e-01
  4.36578910e-01
 -8.05634202e-02
 -2.09869881e-01
 -1.24364053e+00
  1.21357211e-01
 -8.93058035e-02
 -1.27939969e+00
 -3.66360595e-01
 -1.51974055e+00
  9.78185542e-01
  2.65931568e-01
 -1.07255756e+00
 -3.28531888e-01
 -1.92390307e-03
 -2.01510497e-01
  1.49662324e+00
 -7.52154035e-01
  6.15820166e-01
  3.89146246e-01
 -1.29300067e+00
 -9.56329238e-02
  1.76432172e+00
  8.66815718e-01
 -2.42678626e-01
 -1.73974931e+00
 -5.77503425e-01
 -8.72084478e-02
 -5.77537354e-02
 -4.63366685e-02
 -1.14452331e-01
 -4.54822138e-01
  1.79078260e-01
 -6.31273926e-01
 -6.37069765e-01
 -1.57282882e+00
  1.89683868e-01
  1.15540540e+00
  1.28834367e+00
 -8.01886979e-01
  3.26363394e-01
  5.48551216e-01
  8.74582967e-02
  6.39129884e-01
  1.97034176e+00
  1.32665948e+00
 -7.40622582e-01
 -2.60758271e+00
  9.18749173e-02
  1.95853347e+00
 -3.69037875e-01
 -1.03800460e-01
  4.00662014e-01
  2.90590273e-01
 -1.69686781e-01
 -1.12884510e+00
 -8.80305942e-03
 -1.03860830e+00
  1.00697103e+00
 -3.38415163e-01
 -6.79241067e-01
  1.96830814e+00
  1.40351140e+00
  2.27388546e-01
 -1.27927899e+00
  8.23035249e-01
  7.18205636e-01
  2.77700743e-01
  2.17567824e+00
  1.57864848e-01
 -3.15600539e-02
  2.22938334e-01
  1.36127363e+00
 -9.69783364e-02
  6.11603359e-01
 -2.30721206e-01
  1.52919344e+00
 -1.23639034e-01
 -4.57559715e-01
 -3.09637166e-01
 -1.82802821e+00
 -1.00313125e+00
  7.48250267e-01
  5.20318398e-01
  8.29373706e-01
  1.84612368e+00
  5.93691886e-01
  5.18313094e-01
 -1.29669980e+00
 -1.11145517e+00
  2.97801874e-01
  6.03384617e-01
 -1.21803543e+00
 -9.76506192e-01
 -3.01130632e-01
 -6.73886426e-01
 -1.53212407e+00
 -2.42919800e-01
 -1.41435311e+00
  1.74330081e+00
  4.51606533e-01
 -3.13295855e-01
 -5.78580203e-01
 -1.17146883e+00
 -3.46870967e-01
  7.15087338e-02
  1.47653008e-01
  1.01434162e+00
  2.79367701e-02
 -9.72446153e-01
 -3.10193419e-01
 -9.40388338e-01
  7.67383796e-01
  5.04360272e-01
 -2.61841571e-01
  1.92712098e-01
 -1.04637112e+00
 -8.88897088e-01
 -1.19735175e+00
 -1.12777859e+00
 -4.32419866e-01
  1.24184742e-01
  1.08530037e+00
 -1.19977557e-01
 -5.30963991e-01
  2.95047644e-01
 -3.12066390e+00
 -1.49116958e+00
 -5.50654792e-02
 -6.06230191e-02
  4.34459296e-01
  4.56488891e-01
  6.38397094e-02
 -2.00429186e+00
 -6.57984514e-02
 -1.96691887e+00
 -5.67689391e-01
  3.33701801e-01
  3.37463194e-01
 -6.74218386e-01
  4.21365235e-01
  4.68520671e-01
 -8.64525591e-01
  5.81049495e-01
 -1.06370457e+00
 -1.88633703e+00
  6.53203999e-01
  2.90559603e-01
 -4.83054124e-01
 -5.63370186e-01
 -1.67843701e+00
 -6.52969998e-01
 -6.44950150e-01
 -1.71844607e+00
  6.05141870e-01
 -2.38809264e-01
 -8.94368612e-01
 -9.60661574e-01
 -1.20339279e+00
 -4.25680335e-01
 -7.73072900e-02
  2.50438817e+00
  5.81763932e-01
  9.22615028e-01
 -5.74451582e-01
 -1.38262916e+00
  1.21059090e+00
 -3.55596698e-01
 -1.43698993e-01
  1.24147212e+00
 -8.39759303e-01
  2.50209806e-01
  2.93842335e+00
  1.54864725e-01
 -5.70928733e-01
 -4.04089865e-01
  2.82979800e-01
 -1.29927563e-01
 -4.71175416e-02
  1.70186805e-01
  1.81997204e-01
  3.67264735e-01
 -3.51882836e-01
 -8.37642474e-01
 -7.24966983e-01
  1.68305753e+00
 -5.32611126e-01
 -1.85912503e+00
 -1.85531693e-01
 -6.20536567e-01
  2.52226449e-01
 -2.74001246e-01
  1.05659353e+00
  1.45713030e+00
  2.41811226e-01
 -2.40112055e+00
 -3.68769711e-01
  9.64023918e-01
  3.39701153e-01
  1.56648939e+00
 -1.83670998e+00
  7.64733934e-01
 -2.00742329e+00
 -1.54758038e-01
 -8.08288385e-01
 -1.12332842e+00
  7.68409511e-01
  7.92955022e-01
 -5.20704508e-01
  5.27571629e-01
 -2.29087514e-01
