   2.69096154e-01
   1.62141837e+00
   5.17931084e-01
  -1.97140971e+00
  -1.23913220e-01
   1.16116806e+00
  -6.21974392e-01
  -1.23267297e+00
  -1.45856079e+00
  -1.53522023e+00
  -2.13142420e-01
   7.40257047e-01
  -1.14610493e-01
  -1.35276123e-01
  -9.11537924e-01
   2.29659988e-01
  -4.91180536e-01
  -1.64862390e+00
  -1.62573029e+00
   1.42117071e+00
  -9.87633544e-01
  -1.89835617e-01
  -1.23097166e+00
  -5.49822547e-01
   6.08795266e-01
   1.04668222e+00
  -4.41867752e-01
   1.48289636e+00
  -7.45483476e-01
   9.77916124e-01
  -4.91639179e-01
  -1.39127871e+00
  -2.45573207e-01
  -1.68807059e-01
  -4.33916060e-01
  -7.22877920e-01
   1.25008410e+00
   9.23253493e-01
  -1.52723697e+00
   8.92402210e-01
  -2.23484586e+00
   9.47037301e-01
  -2.80690444e+00
  -2.70591630e-01
  -1.38450456e+00
   1.03668161e-02
  -5.66068510e-01
  -6.03720462e-01
   7.09565702e-01
   3.74581988e-02
  -3.02381364e-01
  -1.75410312e+00
  -2.24028539e+00
   3.94833066e-01
   7.15948226e-02
  -2.63126017e-01
   3.95221769e-01
  -3.03315615e-01
   1.12370897e+00
  -5.28103959e-01
   7.84957795e-01
   7.31092804e-01
   7.81266305e-02
  -7.77684964e-01
  -5.30531086e-01
   5.23211122e-02
   8.25898923e-01
   1.50044454e+00
   1.29545849e+00
  -1.41439647e+00
   3.03972800e-01
  -1.01160684e+00
   6.03032499e-01
   1.76038398e+00
   4.89050124e-01
   4.35882610e-01
  -2.36436388e+00
  -1.16187548e+00
   8.24614169e-01
  -3.60956728e-01
  -1.84794934e-01
   2.93422343e-01
  -1.11048737e+00
   1.19891718e+00
  -3.88199307e-01
   2.92962372e-01
  -8.76974514e-02
  -2.67743162e+00
   8.65828489e-01
   9.71796037e-01
   1.18893899e+00
  -4.99053415e-01
  -6.70510911e-01
  -1.05411801e-01
   7.95257712e-01
   6.81032184e-01
   1.77922346e+00
  -8.69502316e-01
  -8.28912682e-02
   1.02309395e+00
   8.93953671e-01
   1.41078839e+00
   9.72571331e-01
  -7.96803690e-01
   7.77688066e-01
   7.20660328e-02
  -3.41614504e-02
  -8.07298952e-01
   6.09435915e-01
  -4.68600413e-01
  -2.98921758e-01
  -6.47639330e-01
  -9.85056478e-01
  -6.04805321e-02
  -7.00788634e-01
  -2.50195542e-01
   1.05956618e+00
  -1.25171609e-01
   5.13900406e-01
  -1.60771122e+00
   9.72231393e-03
   2.29410228e+00
  -6.95250155e-01
  -5.17868323e-01
  -4.27729371e-01
  -9.93883607e-01
  -2.26208004e+00
   1.77569624e+00
  -1.66712989e+00
   1.27477399e-01
   1.66326902e+00
   7.37388086e-01
   4.35937747e-01
   9.73612837e-01
  -3.63230544e-01
   9.76654848e-01
  -4.65123789e-01
  -2.01572368e+00
  -1.71255743e+00
  -1.13263377e+00
   7.60194967e-01
   1.46344644e+00
  -2.63727839e-01
   4.44907533e-01
   2.85007273e-01
  -1.97540973e-01
  -3.83479599e-01
   5.02207162e-01
  -8.10987753e-01
  -1.82992280e-01
   5.45044683e-01
   1.95698529e+00
   2.41471272e+00
   3.04282379e-01
  -3.61286473e-02
  -5.36801520e-02
   7.84824357e-01
  -7.47569176e-01
  -1.26111888e+00
   2.48235903e+00
   7.85745875e-01
   4.95733978e-01
   5.31607036e-01
   4.63521695e-01
   3.40528950e-01
   8.85908976e-01
  -1.35239145e-01
   4.55482853e-01
   7.08792492e-01
   1.34824663e+00
  -3.17297481e-01
   8.31644681e-01
   5.58629898e-01
  -8.61283367e-01
  -2.18140894e+00
  -2.62522983e-01
  -3.09769567e-02
  -4.74547220e-01
  -1.13949232e+00
  -9.82102132e-01
   1.02702171e-01
  -4.36362072e-01
  -1.41655461e+00
  -1.48178597e+00
   1.43087206e+00
  -6.56804649e-01
  -2.81584847e-01
  -2.84718195e+00
   1.35771794e+00
   1.51407536e+00
  -1.06534596e+00
  -1.00394013e+00
  -8.93410128e-01
   8.13451574e-01
  -7.12602079e-01
   1.21159060e+00
  -4.61899692e-01
   6.13082897e-01
  -1.02165532e+00
   1.73001075e-01
   1.23486385e+00
  -8.55602866e-01
  -1.00561874e-01
   5.21206240e-01
   3.44219265e-01
  -2.06678982e+00
   8.30860990e-01
  -5.28975176e-01
   1.44606290e-01
  -2.57986757e-01
   6.94090257e-01
  -3.20117789e-01
  -5.86626283e-01
   1.54610874e+00
   1.19533611e+00
  -1.83842311e+00
   2.93574932e-01
   3.27514956e-01
   4.13593989e-01
  -1.04191958e+00
  -6.51675158e-01
  -1.12431248e+00
  -2.74461140e-01
   2.99151333e-01
   7.79024706e-01
  -6.10192877e-01
   5.73668193e-01
   1.75689210e+00
   1.78659831e+00
  -1.13399060e+00
  -3.85641398e-02
   1.00173415e+00
  -1.35545649e+00
   5.37517977e-01
  -5.48976635e-01
   1.90611315e+00
  -2.54903032e+00
  -4.16199497e-01
   3.39044735e-01
  -4.49831694e-01
   5.50780120e-01
   1.26736206e-02
   2.38736747e+00
  -2.42486057e-01
  -6.63811246e-01
  -7.55845776e-01
  -1.47040832e+00
   5.70604100e-01
  -8.62359872e-01
  -9.79661126e-01
   1.72675882e+00
  -9.67419984e-01
  -8.19072123e-01
  -5.61493860e-01
   1.21935168e+00
  -1.39639145e-01
  -5.82785925e-02
   1.59205961e+00
   1.33613823e-01
  -3.24814470e-01
   7.02806319e-01
  -7.31610736e-01
  -1.30724802e+00
   3.71077646e-01
   1.34800936e+00
  -9.63719075e-02
  -4.03022143e-01
   1.29945237e+00
   2.83490201e-02
   2.89620525e-02
  -3.45219354e-01
   6.23754763e-01
  -1.48973538e+00
   1.21422410e-01
   1.11967459e+00
  -1.53287295e+00
  -4.26600573e-01
   5.64670648e-01
   2.85361240e-01
  -7.07895824e-01
   8.73581059e-01
   1.48404144e+00
  -4.58776812e-01
  -1.04257876e+00
   7.81655977e-01
  -8.55488452e-01
  -9.36486746e-02
  -1.41162139e+00
   6.63639310e-01
  -1.67912536e+00
   3.46204806e-01
   5.68722064e-01
   9.54241514e-02
  -1.11759441e-01
  -1.95789479e-01
  -9.14030086e-01
   1.70118884e+00
  -3.46599738e-01
  -1.76699479e+00
   2.04395375e-01
   4.37695840e-01
   2.12576920e-01
  -5.01876465e-01
  -8.48398856e-01
  -6.06499399e-01
  -1.05517175e+00
   1.87743370e+00
  -2.10046144e+00
   8.66256354e-01
  -3.36370186e-02
  -4.70952358e-02
  -1.68023528e+00
  -1.49622348e+00
   1.87639944e+00
  -1.60303018e+00
  -1.32334015e+00
   2.18445941e+00
  -1.42905747e+00
  -8.18224494e-01
  -1.50642983e+00
  -1.25307524e-01
   1.93385908e+00
   1.39087947e-01
  -7.24794151e-01
  -3.84304355e-01
  -1.30269123e-01
  -3.42596268e-02
  -3.77106584e-01
   1.41265634e+00
  -1.27079464e+00
  -3.72421379e-01
   1.28947435e+00
  -1.15359482e+00
   9.94526330e-01
  -9.13824806e-02
   9.94594143e-01
   1.23235605e-01
  -1.12250838e+00
   8.55131593e-02
   3.25228625e-01
  -2.21918159e+00
  -4.60233718e-02
   3.22220719e-02
   1.42516885e+00
   1.10010698e+00
  -1.74980328e-01
  -7.67708188e-01
  -7.28141767e-01
  -9.60174338e-01
   1.46867169e-02
   2.58834910e-01
  -2.95877502e-01
  -1.23852928e-01
   8.65544330e-01
   1.03780427e+00
   2.02234664e-01
   1.46917430e+00
   4.63115245e-01
  -3.63951504e-01
  -4.59906041e-02
  -1.55764631e+00
  -9.74018291e-01
  -4.61715708e-01
  -2.45691552e-01
  -1.04929922e+00
   4.91683982e-01
  -1.01970780e+00
   2.80952685e-01
  -8.74451912e-01
  -6.89856751e-01
  -1.94526222e+00
  -5.96660607e-01
  -1.79284468e+00
   5.50863150e-01
   5.29534415e-01
  -3.90321945e-01
  -1.49477652e-01
  -1.66624735e+00
  -9.17889331e-01
  -7.85573772e-02
  -1.04894815e+00
  -1.17651961e-01
   1.12520990e+00
   5.97926853e-01
   1.72737226e+00
  -7.26359574e-01
   2.38768284e+00
  -6.08839909e-01
   6.33346727e-01
  -6.31115942e-01
   3.53250791e-01
  -1.61542566e+00
  -3.51594764e-02
  -1.49175966e-01
  -2.55828306e-01
  -9.12285083e-01
   5.04175658e-01
  -6.90150544e-01
   2.16384645e-01
  -1.19025197e+00
   7.88986583e-01
  -1.20420389e+00
  -1.00719475e+00
  -7.15833603e-01
  -1.32698169e-01
  -6.63488654e-01
   6.79764839e-01
  -4.03814993e-01
   3.87988785e-01
  -4.81710857e-01
  -7.76096319e-01
  -6.51165207e-03
  -1.40365064e+00
   4.88057611e-01
   7.13201307e-01
  -1.08265233e+00
  -7.77978266e-01
  -1.31812675e+00
   1.12440681e-01
   8.23820837e-01
   1.18463045e+00
  -6.96610410e-01
   1.66477103e+00
   9.70850051e-01
  -1.14003778e+00
   7.24538869e-01
  -8.82427409e-02
  -7.20623467e-01
   2.28652678e-01
   5.03662873e-01
   4.35349378e-01
   1.26658830e+00
  -4.48767017e-01
  -8.24257444e-01
   1.89128462e+00
  -8.81838227e-01
  -1.89918454e-01
   4.61324015e-01
   9.13896106e-01
   4.34922977e-01
  -1.59016004e-01
  -3.77323870e-01
  -9.53921743e-01
   2.81791470e-01
  -1.44082531e+00
  -2.01092661e-01
   5.57013814e-02
   1.80446948e-01
   3.54207608e-01
   5.62363189e-01
   3.84989720e-01
   1.97540198e+00
   8.53885920e-01
   5.39069127e-01
   7.02019600e-01
   5.76843351e-01
  -1.72317177e+00
  -5.34513390e-01
   5.17266553e-02
  -1.18882124e+00
   1.05111069e-01
  -3.39467518e-01
  -1.67501169e+00
   3.64204566e-01
  -1.60229357e+00
  -1.36502999e-01
   2.61254885e-01
   1.03046057e+00
   2.62393988e-01
  -2.26054112e-01
   1.70501821e+00
  -3.26860815e-01
  -3.06418637e-01
  -1.33150130e+00
   3.68701652e-01
   1.92462739e-01
  -1.78166087e+00
  -3.86408347e-01
   1.24587241e-01
   8.14596282e-01
   3.24825638e-02
   4.29946179e-02
   7.52826737e-01
   2.60546621e-01
   3.12990476e-02
  -1.72415163e+00
   1.00166231e+00
  -1.68520355e+00
  -6.30207556e-01
  -4.23208376e-01
   1.74974186e+00
   7.68281260e-01
  -6.06792846e-01
   5.40241867e-01
  -8.43181326e-02
   2.01031683e+00
   9.67465001e-01
   1.55084354e+00
   3.36096813e-01
   2.41485726e-01
  -6.92654988e-02
  -2.50970408e-01
  -4.29682290e-01
  -7.94092032e-01
  -8.36770635e-01
  -2.08803238e-01
  -1.19127478e+00
   7.65594016e-01
  -3.10515407e+00
  -2.02279909e-01
  -8.09893065e-01
  -9.12014093e-01
  -1.04190170e+00
  -1.09277420e+00
   2.17136556e+00
  -1.11327285e+00
   2.86691743e-01
  -8.96506325e-01
   9.91343206e-02
  -1.36050349e+00
  -1.70272004e+00
   1.41913360e+00
   1.59994609e-01
   1.32819636e+00
   2.28592015e+00
  -7.35227814e-01
   8.87970447e-01
   3.50893469e-01
  -3.25283192e+00
  -5.78869764e-01
   7.95199055e-01
  -2.97751060e-01
  -1.51706555e-01
   2.91098517e-01
  -2.14198131e+00
   3.34411888e-01
   3.06370541e-01
  -7.47237026e-01
   7.46636611e-02
   8.12640775e-01
   8.45366894e-01
  -7.32796456e-01
  -5.78719794e-01
  -2.88947508e-01
  -1.10999357e+00
  -3.82950001e-01
   1.06807374e+00
  -1.40483382e+00
  -1.50397272e+00
  -5.75316621e-01
  -9.98488605e-01
  -1.12678729e-01
  -6.84881703e-01
   5.81987847e-01
  -1.73579758e-01
   6.15766994e-01
   5.35445692e-01
  -8.29019371e-01
  -7.38584583e-01
   1.07319273e-01
   2.48685184e-01
   8.05475304e-01
   1.37726482e+00
  -1.46400584e+00
  -6.04051903e-01
   8.39898373e-01
  -2.76571322e-01
   5.85450257e-01
   3.78100372e-01
  -7.87120744e-01
  -2.33062252e-01
   5.57629412e-02
   2.89950460e-01
   1.14527341e-01
   4.01562227e-01
  -6.77045081e-01
   5.52068003e-01
  -6.05945243e-01
  -4.73124086e-01
  -8.55402129e-01
  -1.45750775e+00
  -6.87336094e-01
   4.33054407e-01
  -1.04972763e+00
  -6.78553087e-01
  -1.10093099e+00
   6.50171080e-01
   8.81713754e-01
  -4.27234595e-01
  -2.12987179e-01
  -2.81702455e-01
   1.05104804e+00
  -7.14687975e-01
  -8.05494556e-03
  -8.70955224e-01
   7.69986822e-01
  -2.24006613e+00
  -7.04364026e-02
  -7.58362814e-02
   9.47180602e-01
  -9.33923948e-02
  -3.17630577e-01
  -1.34323391e+00
   9.64874079e-02
  -3.25347000e-01
  -4.32591578e-01
  -1.26668765e-01
  -3.27877366e-01
  -1.15219481e+00
  -7.71511639e-01
   1.50893790e+00
   1.02072649e+00
  -7.20665636e-01
   2.93257637e+00
  -1.09930006e-01
   5.45142532e-01
   1.37844915e+00
   2.51102385e-02
   5.98311123e-01
  -4.80406118e-01
   5.27312318e-01
   3.75913641e-01
   2.34348212e-02
   1.26592628e-01
  -5.54021714e-01
   7.20940368e-01
  -1.16544238e+00
  -9.78567375e-01
  -8.74248899e-01
  -6.72237260e-02
  -9.94834532e-01
   9.25455401e-01
   4.38003835e-01
  -7.91212258e-01
  -6.47727552e-01
   1.54385770e-02
   8.66490413e-01
   9.98933798e-01
  -1.06257047e+00
   9.43038586e-01
   1.12613604e+00
   1.28267671e+00
  -6.03899145e-01
  -6.86626235e-01
   2.31485942e-01
  -1.50653920e+00
   1.21036327e+00
  -1.49641661e+00
   1.12782013e-03
  -2.85718573e+00
  -8.29375163e-01
  -7.70969344e-02
   1.15874090e+00
   1.99391294e-01
  -1.98055331e+00
  -1.40227303e+00
   1.09849053e+00
   8.76058372e-01
   6.10587457e-01
   1.17686025e+00
   4.75386520e-01
   2.83054852e-01
   2.43946017e+00
  -1.73688111e+00
   7.65606397e-01
   3.30678256e-01
   4.46770239e-01
   6.22558010e-01
   1.47841743e+00
   2.21136614e-01
   5.07303985e-01
   9.65933057e-01
  -5.81614838e-01
  -8.00645464e-01
   1.67511318e+00
  -1.47093643e+00
   1.89905524e+00
  -1.04981643e+00
  -1.79985452e+00
  -1.39885281e-01
  -2.70551216e-01
  -1.34838032e+00
  -2.01499018e+00
  -4.27271247e-01
  -5.35736380e-01
  -9.85669896e-01
  -8.81426493e-01
  -7.90842370e-01
  -4.94794305e-01
   3.05012061e-01
  -9.15400772e-01
  -8.56400822e-01
  -3.41399093e-01
  -3.91591286e-01
   7.76145369e-01
   7.80045594e-01
  -9.60169063e-01
   1.90005787e+00
  -1.31549414e+00
   2.43435116e-01
   5.22915450e-01
   1.61041918e+00
  -9.83912140e-01
  -2.99433582e-01
  -8.17608356e-01
  -2.42719267e-01
   2.12579322e+00
  -8.96253037e-02
  -1.86074176e+00
  -6.36233043e-01
  -2.48058163e-01
  -2.60004207e-01
   1.66844719e+00
   4.67188206e-02
   9.52913655e-01
   2.32097778e-01
  -2.99050302e-01
  -1.54902223e+00
  -1.69870578e+00
  -2.52099435e-01
   6.89658561e-01
   2.20302343e-01
   4.42035427e-01
   9.68356019e-01
  -1.94282060e+00
   1.08674275e+00
   1.67872758e+00
  -1.11762744e+00
  -9.55251572e-01
   1.11352647e+00
   1.12077337e+00
   7.96735550e-01
   1.12898579e-03
   1.23370588e+00
  -3.33690931e-01
  -1.03942806e+00
  -4.11384638e-01
   2.87648115e-01
   7.02445762e-01
  -1.16263884e+00
   8.10053825e-01
  -5.09474324e-01
  -2.56874656e+00
   7.37563679e-01
   1.39357018e-01
   3.87204523e-01
  -9.02972552e-01
   3.66236699e-01
  -1.96659981e+00
   4.52245864e-01
  -6.40139040e-01
   6.94726888e-01
  -1.49824108e+00
  -3.84020639e-01
   4.92480663e-01
  -4.60827527e-01
   1.17075651e+00
  -1.14570277e+00
   4.01334625e-01
   8.80150559e-01
  -7.58143752e-01
   1.28588075e+00
  -7.47110139e-01
  -8.88466341e-01
  -6.05624449e-01
   1.31617721e+00
  -1.52786221e+00
   2.95755868e-01
   1.08332237e-01
  -1.97504310e+00
  -1.43888646e+00
   3.69710252e-01
  -1.16690955e+00
   2.00244518e+00
  -4.96729611e-01
   1.27766899e+00
   5.06173920e-01
  -1.30216761e+00
   1.22573788e+00
  -8.26737919e-01
   5.75685652e-01
  -7.97080653e-01
   5.84982119e-01
   5.41740779e-01
   7.35453176e-01
  -8.86319170e-01
   7.67535176e-01
   1.25950849e+00
  -1.34841621e+00
   1.59341533e+00
  -5.64470223e-01
   3.62243663e-02
  -9.46932440e-01
  -9.48775825e-01
  -9.38111583e-01
   7.22445646e-02
   1.81911465e+00
  -7.33931762e-01
  -3.82574620e-01
   1.06424046e+00
   3.29858332e-01
  -5.47959529e-01
   2.24555146e-01
  -3.81906837e-01
   8.36978001e-01
   9.58117282e-01
  -8.51930415e-01
   1.63881692e-01
   6.63970178e-01
  -3.52502836e-02
  -1.21885755e+00
  -5.43401480e-01
  -3.58706553e-01
  -4.38830852e-01
  -2.05394853e+00
   1.07621620e+00
   6.25539698e-01
   3.79021290e-01
  -1.10953735e+00
   4.59163248e-01
   2.27291167e+00
  -4.90786368e-01
  -3.55707223e-01
   2.65199145e-01
   2.27848869e+00
  -1.81445367e+00
   1.10078730e+00
  -6.89396241e-01
   1.25513250e+00
   4.97313327e-01
   6.79042387e-01
  -7.16071338e-01
  -5.74384762e-01
  -1.29850246e+00
  -1.31061571e+00
  -7.60959668e-02
  -4.15832435e-01
   2.66434123e-02
  -5.68993345e-01
   2.23126786e+00
   8.69630437e-01
   5.20361993e-01
   1.73900668e+00
   1.14432743e+00
  -7.11029242e-01
   7.42025738e-01
   5.77258634e-02
   4.04228906e-01
   6.77430442e-01
  -2.20321299e+00
  -3.28460186e-01
  -1.57738333e+00
  -2.07203300e+00
   3.60471074e-01
  -2.72342342e-02
   6.75681432e-01
  -1.03807700e+00
  -8.14064534e-01
   6.40779173e-01
   8.21848592e-01
  -1.47381647e-01
   2.15574873e-01
   7.54889877e-01
  -2.83897270e-01
   1.04278899e+00
   2.91525692e-01
  -1.33343711e+00
  -5.42763992e-01
  -1.09579511e-01
  -2.07610718e+00
  -9.52213822e-01
   4.06192033e-01
  -2.09829684e-01
  -1.24407428e+00
  -9.53821710e-02
  -6.93072323e-01
  -3.80264324e-01
  -5.45749948e-01
   5.98804079e-01
   4.00162790e-01
   5.82880413e-01
   5.11420901e-01
  -8.01186141e-02
   1.61008679e+00
   4.79451580e-01
   7.36055319e-01
   1.41966623e+00
   3.57325087e-01
  -2.19923486e+00
   6.45156954e-01
   1.72828065e+00
   9.71378641e-02
  -3.51400641e-01
   6.71461129e-01
  -6.28555460e-01
  -3.75903973e-01
   8.45527438e-01
  -8.47643745e-01
   4.95682996e-01
  -8.25697660e-01
  -2.29470372e-01
   1.12687188e-01
  -5.10503311e-01
   2.09600202e+00
  -2.96972571e-01
   3.85866842e-01
  -6.35914157e-01
   7.37771617e-01
   6.36450680e-01
  -1.63782879e-01
  -1.58037292e+00
   5.71810526e-01
   2.70702438e-01
   5.93956314e-01
   9.13453716e-01
   1.23305090e+00
   1.11079925e-02
  -1.02435244e+00
   1.17284087e-01
   1.19234908e+00
  -1.70659495e+00
  -6.26828842e-01
   6.95106269e-01
  -1.19876248e+00
  -1.98222171e+00
   1.88919812e-01
   3.55093868e-01
   7.85798965e-01
  -6.54035876e-01
   1.34866383e+00
   9.23926757e-02
  -1.47194326e+00
   3.30091535e-01
  -4.97002506e-01
  -6.08371748e-01
   8.01797324e-01
   4.96839834e-01
  -6.50256896e-02
  -1.11355327e+00
  -6.67745834e-02
  -2.28659269e-01
  -5.61242224e-01
  -9.24019376e-01
  -4.09517949e-01
  -1.57887047e+00
  -3.25980391e-01
  -7.30666444e-01
  -8.27424505e-01
  -7.51590298e-01
   5.01512860e-01
  -8.18383781e-01
   9.24521300e-02
  -6.02909991e-01
   5.59638213e-01
   1.41154907e+00
   7.63408853e-01
   1.30839233e+00
  -5.17381611e-01
   5.54957521e-01
  -1.80380336e-01
   1.52043301e+00
  -1.16477712e+00
   2.04910258e-02
  -5.23101739e-01
   1.08741064e+00
   4.85994129e-01
   4.42367639e-01
  -4.31138533e-01
   1.81657081e-01
   8.31599296e-01
   6.22203145e-01
  -6.20687102e-01
   7.17035867e-01
   1.88273864e-01
  -1.06437681e+00
  -3.15854830e-01
   7.71319724e-01
   7.35625712e-01
  -1.01075992e+00
   1.54655150e+00
   2.89023937e+00
  -2.21750006e-01
  -1.07183595e+00
  -3.09575694e-01
   1.17800910e+00
   2.12428999e+00
   5.51570096e-01
   1.39972460e+00
  -1.00526816e+00
  -6.76080025e-02
   2.35661606e-01
   8.91890195e-01
  -3.71214886e-01
  -1.64728117e+00
   8.29809495e-01
   5.63401415e-01
  -5.29728508e-01
   4.82218087e-02
   9.68971062e-01
  -1.05902302e-01
  -2.93025370e-01
  -1.22520851e+00
  -2.85313144e-01
   7.97746448e-01
  -1.32093193e+00
  -6.83571606e-01
   8.37808852e-01
  -6.20796442e-01
  -1.74024713e-01
   8.16753345e-01
  -4.98666986e-01
   1.42032523e-01
   2.28355337e-01
  -1.43048595e+00
  -9.45336500e-01
  -2.22410165e+00
  -2.81189836e+00
  -2.20589623e+00
   9.21999488e-01
  -1.84963573e+00
  -1.05648760e+00
   8.74108774e-02
   4.91481471e-01
   4.93080175e-01
   3.93014943e-01
   3.79269271e-01
   1.32791988e+00
  -1.21717045e+00
  -1.74206122e-01
   5.02555394e-01
   1.48393243e+00
   8.33377338e-01
   8.19870459e-01
  -1.03910806e+00
   8.53851947e-01
  -1.16170080e+00
  -5.54184209e-01
  -4.26683493e-01
   2.64559470e-01
   1.05824895e-01
   4.33667100e-01
   3.85338127e-01
   3.10004036e-01
   1.37398746e+00
   4.44171058e-01
   8.45540012e-01
  -7.28203926e-01
   9.50324291e-01
  -5.67524205e-01
  -6.26233044e-01
  -1.48399331e-01
  -9.92781382e-02
  -1.57006332e+00
   1.27766550e+00
   4.87025660e-01
   6.53863243e-01
  -6.93051855e-01
  -8.98667306e-02
   2.47338893e-01
  -9.73274741e-01
   1.35907054e+00
   8.08790112e-01
   1.40480696e+00
   1.18738104e+00
   9.72815912e-01
  -2.03926072e+00
   4.72164732e-01
  -3.46843365e-01
  -4.10900683e-01
  -1.85974284e+00
   6.15805148e-01
   1.20661470e+00
  -1.40317070e+00
  -1.62885697e+00
  -3.77862352e-01
   5.07855012e-01
   5.86019339e-01
  -4.61769877e-01
   6.91296525e-01
   6.55747736e-01
  -2.30864834e+00
   6.61556660e-01
   1.86096741e+00
   2.86259471e+00
   2.43525836e+00
  -6.98425238e-01
   8.20041342e-01
  -3.86444697e-01
   1.55877036e+00
   1.69536677e+00
  -2.16766740e+00
  -3.58183375e-01
  -2.58993278e-01
   6.80163028e-01
  -1.10435008e+00
  -1.70281010e+00
   1.20959226e-01
  -2.51175233e-01
   1.07830326e-01
  -4.33227259e-01
  -1.71980532e+00
   1.68395099e+00
  -1.17034563e+00
   1.42685642e+00
  -2.04815409e+00
  -1.64627398e-01
   8.19224956e-01
   1.16825602e-01
  -6.11190147e-01
  -1.00839304e-01
  -6.52745971e-01
   9.87477085e-01
  -3.04573184e-01
  -1.33967060e+00
   3.51194602e-01
   7.16767960e-01
   1.63558386e+00
  -3.24807743e-01
   3.20541595e-01
  -3.01203463e-02
  -4.52625969e-01
  -5.71669908e-01
  -1.05712836e+00
   2.09037437e+00
  -4.48625762e-01
   9.80170434e-01
  -1.15245687e+00
   1.67688683e+00
  -5.67259637e-01
   1.07534776e+00
  -1.13217830e+00
  -9.46845395e-02
  -1.24531024e+00
   8.06839294e-02
   5.02164820e-01
  -5.76726311e-01
  -5.01380384e-01
   4.00294409e-01
  -2.44915292e+00
   1.85363630e+00
   7.51084190e-02
   4.96011116e-01
   4.80450805e-01
  -6.37924211e-01
   3.39309288e-02
  -9.57211144e-01
   1.43213304e+00
  -1.25860506e-01
  -6.45630693e-02
   1.72160003e+00
   7.79395146e-01
  -4.59335398e-01
   1.58027982e+00
  -8.32812991e-01
   4.97961495e-01
   4.54153687e-02
  -2.84512872e-02
   9.08651059e-01
  -5.33749235e-01
  -2.05692948e-01
   4.04138534e-01
   1.05868369e-01
  -2.81042537e+00
   1.58861963e-01
  -7.80044794e-01
   1.24631319e+00
  -4.34310509e-01
  -1.59787286e+00
  -2.39918821e+00
   1.17883015e+00
   8.60855641e-02
   1.82685863e+00
  -1.35311885e+00
   7.37482469e-01
  -9.03886024e-02
   1.54441673e+00
   9.28913136e-01
   5.12863874e-01
  -1.79158510e+00
  -2.10897162e+00
  -1.02333448e+00
   1.32490333e+00
   3.47897120e-01
   4.75505778e-01
   2.86606726e-01
   1.28861770e+00
  -1.33243953e+00
  -4.32292655e-01
  -1.28710178e+00
  -4.53600137e-01
   2.67019279e+00
   7.87533477e-01
  -3.20051300e-01
   1.70198680e+00
  -2.54217753e-01
  -2.11097394e-01
  -1.06353338e+00
  -6.13722616e-02
  -1.01672369e-01
  -9.16699856e-01
   2.04405215e+00
   2.17293246e-02
  -1.51139702e+00
   4.56466003e-01
  -5.89591276e-01
   1.22408525e+00
  -8.77518199e-01
  -1.45514896e+00
  -1.05776703e+00
  -5.72104244e-01
  -3.33399474e-02
  -1.41460443e+00
   7.23747101e-01
   2.72247658e-01
  -4.90907873e-01
  -1.04531282e+00
  -4.88239969e-02
  -1.93764398e+00
   1.02953999e+00
  -3.37300217e-02
   9.66966257e-01
   8.34126526e-01
   1.01479698e+00
  -9.49012659e-01
  -5.10140285e-01
   1.86144903e+00
   1.22466483e+00
   4.30586480e-01
   2.47424466e+00
  -1.23450984e+00
   1.13987935e+00
  -1.72992512e+00
   5.12184524e-01
  -7.18231116e-01
   1.35125915e+00
   1.66930775e+00
   1.60885494e-01
   8.76868681e-01
  -1.25305368e+00
   1.81613484e+00
   2.54086794e-01
  -1.60279415e-01
   1.88969253e+00
  -4.32874782e-01
  -2.87910724e-01
   6.04713849e-01
   1.00854300e+00
   2.10683992e-01
   1.52740214e+00
  -4.49588332e-01
   9.83592697e-01
  -1.08556380e+00
  -7.40100877e-01
   1.11376903e+00
  -9.22555623e-01
   5.11265580e-01
  -6.96615205e-01
   6.81402139e-02
  -6.23151061e-01
   1.42148850e+00
  -1.02797137e+00
   8.01628772e-01
   1.45537765e+00
  -5.58786597e-01
   1.62208305e+00
   6.11773339e-01
   5.42056792e-01
  -1.22609485e+00
  -9.83301409e-01
   4.22901084e-01
  -2.28680921e+00
   9.07593675e-01
  -8.92045331e-02
  -7.56372740e-02
  -1.35677992e+00
  -8.63785167e-01
  -2.32533664e-01
  -1.97022308e-01
  -5.59382842e-01
  -1.27349004e+00
  -5.16050138e-02
  -1.19815272e+00
   9.06306152e-01
  -7.46084968e-01
  -4.56191696e-02
  -1.48039935e+00
   1.15011201e+00
   1.15629465e+00
  -1.37655687e+00
   2.43420016e+00
   2.58557992e-01
  -8.40715867e-01
   8.78565686e-01
   1.04775003e+00
  -1.01706315e+00
   1.35548296e+00
   3.38583817e+00
   1.01908609e+00
  -2.19488101e-02
  -1.02772219e+00
  -2.02838004e-01
   6.26603089e-02
   1.20918747e+00
   5.50704381e-01
  -4.74380206e-01
   5.88774482e-02
   1.62544657e+00
  -2.59896951e-01
   1.31177772e+00
   1.91366337e-01
   8.56014863e-01
   2.45115930e-01
  -2.66571669e-01
   4.46864555e-01
  -1.59253660e+00
  -3.06797218e-01
  -1.52348727e+00
   3.44282026e-01
   8.10434410e-01
  -1.23908310e+00
  -1.32291254e+00
  -1.56433260e+00
  -1.41265886e+00
   7.21473658e-01
  -5.86134604e-01
  -7.06457494e-01
  -1.32080034e+00
   1.40230931e+00
   1.59930829e+00
   5.10680307e-01
   6.77652462e-01
  -2.27020991e+00
   5.14133891e-01
  -7.64737266e-01
   7.61323562e-01
  -4.53907530e-01
  -2.47375612e-01
  -2.90040627e-01
   2.16209387e-01
   1.14978747e+00
  -1.84913074e+00
  -1.46618011e-01
   8.35334887e-01
   5.90697609e-02
  -1.82672647e-01
  -1.96758512e+00
  -2.10619137e-01
  -7.55974097e-01
   1.10684908e+00
  -1.46316010e+00
   5.62711924e-01
  -1.69883034e+00
  -4.45929220e-01
  -6.78932249e-02
  -5.35084880e-01
  -1.12686012e+00
   1.50478423e-01
  -1.81746887e+00
   1.57071125e-01
   7.14520528e-01
   2.54718131e-01
  -4.68004096e-01
   7.79584659e-01
  -9.73719208e-01
   9.98126639e-01
  -1.36854626e+00
   6.41230688e-01
   3.48080275e-01
  -1.16353389e+00
   1.10299022e+00
  -1.71210372e-01
  -9.36658630e-02
   2.45578229e-01
   1.10890411e+00
  -1.16910337e+00
  -2.30080689e+00
  -1.37171693e+00
  -3.49209767e-01
  -2.99165347e-01
   2.82772745e-01
  -9.32466231e-01
   8.71691341e-01
   2.27318673e-01
   1.13471935e+00
  -1.12561417e+00
   1.76146652e-01
   1.19572004e-01
   1.43912956e+00
   1.10321577e+00
   5.14586150e-01
  -6.59235982e-01
  -2.76902230e-02
   5.89202935e-01
  -8.01907094e-01
  -2.74001912e+00
  -1.13633828e+00
   6.67434929e-01
   8.67676142e-01
   1.21822576e+00
   8.78273865e-01
  -3.47936646e-01
  -5.32642073e-01
  -4.24114508e-01
   6.33436730e-01
   5.87975652e-01
  -9.06174616e-01
  -3.00506770e-01
  -5.20236136e-01
  -1.33387266e-02
   3.04771915e-01
  -4.58281076e-01
   1.24404475e+00
   1.94777388e+00
  -5.68518870e-01
  -8.16574502e-01
   1.52410078e+00
  -9.12830742e-01
  -2.93573610e-01
  -3.57161743e-01
   5.49755768e-02
   9.64564317e-01
  -9.87586231e-01
   5.40931270e-01
   8.24130049e-01
   1.97748305e+00
   2.18809992e-01
   6.12648804e-01
  -2.67984402e+00
   7.82413060e-01
  -1.66058335e+00
  -5.23614137e-01
   1.02096292e-01
  -1.29523313e+00
   9.86152239e-01
   1.06049920e+00
  -5.05357694e-01
   7.03387793e-01
  -1.85521972e+00
   2.66869415e+00
   1.09465329e-01
   3.16972953e-01
  -4.55641980e-01
  -7.46499890e-01
  -5.73359215e-01
   1.35774931e+00
   1.13890037e+00
  -7.72773096e-01
   9.39103520e-02
   9.11880803e-01
   6.52347417e-02
   4.43960306e-01
   5.93994957e-01
  -9.31190620e-01
  -7.42696494e-01
  -1.26563921e-01
   5.05255540e-01
  -8.26458762e-01
  -2.46232270e-01
  -1.06656796e+00
   7.39146196e-02
  -3.61108599e-01
  -2.85661197e-01
  -1.45644986e+00
   7.99293358e-01
   3.86333004e-01
  -6.55638618e-01
  -1.01365239e+00
   5.15162977e-02
  -2.28460370e+00
  -3.85832205e-01
   8.50872876e-01
   5.97506353e-04
   2.08326178e-01
  -1.52885153e-01
   6.12664503e-01
  -1.81509368e+00
   5.72797155e-01
   6.12160294e-01
  -6.98876485e-01
  -2.10034954e-01
  -7.29131984e-01
  -1.91251506e-01
  -6.94223796e-02
   2.00947099e-01
   7.01666872e-01
   8.08794393e-01
  -2.14605036e-01
   5.10772121e-01
   1.52190793e+00
   1.67247312e+00
   2.25577404e+00
   6.28386302e-01
   2.89340166e-01
   3.42881957e-01
   6.44749241e-01
  -5.75073616e-01
  -7.15056559e-01
   8.82244800e-01
  -1.75811519e+00
   9.92594287e-01
   1.24673678e-01
  -9.43494119e-01
   1.42301861e+00
  -6.78624159e-01
  -4.07700430e-01
  -1.01001813e-01
  -8.20780107e-01
  -3.78407992e-01
   1.52911650e+00
  -9.12286549e-01
  -8.44665519e-01
  -6.48779571e-01
   1.00985616e+00
  -3.00127439e-01
  -2.22681910e-01
   2.13303874e-01
  -1.17630236e+00
   1.39258257e+00
  -8.01099628e-01
  -1.26290874e+00
   3.69164114e-01
   4.08148570e-01
  -1.35275566e+00
   2.51180139e+00
  -9.56583615e-01
  -8.11947335e-01
   1.04209271e+00
  -8.05740865e-02
   7.41387379e-01
   4.61795444e-01
   1.38278536e+00
   8.01514539e-01
  -4.86890864e-01
  -2.74818582e-01
   1.18004543e+00
   1.56500656e+00
  -5.91701356e-01
  -8.72954799e-01
   4.30029229e-01
  -1.12374040e+00
  -1.02656580e-01
  -3.55362160e-01
   1.29637717e+00
   2.56917731e-02
  -1.38343889e-01
  -1.42526752e-01
  -1.54430460e-01
   1.07994503e+00
  -6.23768453e-01
  -5.38660453e-01
   3.75641789e-01
  -1.14725365e+00
  -2.76834344e-01
   1.44951492e+00
   7.00443621e-01
  -2.12654376e+00
   9.76182011e-01
   1.92853692e-01
  -1.42027143e-01
  -7.67251299e-01
   2.08969813e+00
   1.16462295e+00
   9.38978563e-03
  -6.05220325e-01
   9.36687326e-02
  -5.74459142e-01
   1.11869092e+00
   1.17145995e-01
  -4.27379280e-01
  -4.09792543e-01
   8.18503527e-01
  -1.23271152e+00
  -2.07122724e+00
   5.04187473e-01
  -5.00147383e-01
  -2.11223489e+00
   5.98276851e-01
   3.92044870e-01
  -9.92959636e-01
  -1.80155088e+00
  -1.56095309e+00
  -1.23389031e+00
   4.44635502e-01
  -8.98143729e-01
  -1.40578552e-01
   1.04017413e+00
  -9.31120411e-01
  -1.15612486e+00
   2.40239317e+00
  -9.67864999e-01
  -4.17811463e-01
   9.08913294e-01
   7.12906837e-01
  -2.82700901e-01
   6.75901058e-01
   5.88969587e-01
  -1.29225007e+00
  -3.97932866e-01
  -2.78158983e-02
   4.23373223e-01
  -4.23148044e-01
  -1.43235185e+00
  -1.97607323e-02
  -6.75116277e-01
   1.93324916e-01
   1.95416594e+00
   2.38054508e+00
  -9.15509013e-01
  -1.01937643e+00
   2.21360644e+00
  -8.23775776e-01
   5.40844815e-01
  -5.60171666e-01
   2.01574574e+00
  -5.92707380e-01
   1.91912027e+00
   8.13466351e-01
  -5.91828040e-01
  -3.05515690e-01
  -1.97629651e+00
  -1.18289431e+00
   1.46814298e+00
  -2.57147501e+00
  -2.48855579e+00
  -2.91061282e-01
  -3.92159739e-01
  -2.01741155e+00
   2.23535784e-02
   9.96178777e-01
   3.12798026e-01
   3.70928241e-01
   1.01427293e+00
   1.23617323e+00
  -1.00084405e+00
  -1.21734735e+00
  -4.49743295e-01
   1.11684524e+00
   5.44065569e-01
  -5.25828324e-02
  -1.55074159e+00
   1.41581091e+00
  -1.65781937e-02
   5.59376417e-01
   3.52122545e-01
   1.41264759e+00
   7.39488212e-01
  -2.52523893e-01
  -1.65283016e+00
  -3.92691701e-01
  -7.90223980e-02
  -1.66164757e+00
   1.46158500e+00
   1.55655841e+00
  -1.79563440e+00
   1.07109495e-01
   1.59761976e+00
   1.02506804e+00
  -1.25772477e+00
  -1.04481442e+00
   1.22956402e+00
  -1.59332601e+00
   1.50680369e+00
   2.48176879e-01
   4.77869472e-01
  -1.20157946e+00
   1.73977139e+00
  -7.28626939e-01
   2.01798205e+00
   1.22306280e+00
   5.38065101e-01
   4.27640954e-01
  -2.04674750e-01
  -1.41571398e+00
  -7.68368379e-01
   3.42623259e-01
  -6.13130570e-01
   5.28778843e-01
  -3.84237815e-01
   8.95323075e-01
  -2.20424487e-01
   6.60398943e-01
   9.51880273e-01
   2.66962329e-01
  -2.96703374e-01
   6.56222322e-02
   8.01722305e-01
  -1.03403384e+00
   1.57181074e+00
   1.45858175e-01
   1.31130148e+00
   1.10734287e+00
  -4.07401457e-01
  -9.75495106e-01
  -4.90155320e-01
  -1.46703957e-01
   8.08578763e-01
   2.26554016e-01
   6.21699067e-01
  -3.15103048e-01
   3.79404063e-01
   9.23717455e-01
  -9.58761535e-01
  -3.51432847e-01
   2.88894049e-01
   6.76142750e-01
  -1.15205004e+00
   1.39811509e+00
  -1.22841870e+00
   1.57388172e+00
   1.37145358e+00
  -6.76395547e-01
  -5.49702284e-01
   1.15993738e+00
   1.42291211e+00
  -6.12047027e-01
   6.38821611e-01
  -1.07559514e-01
  -5.77795748e-01
  -4.25587348e-01
  -1.95522549e+00
  -6.96697317e-01
  -4.51158630e-01
   1.06781252e+00
   8.35245141e-01
  -1.19208277e+00
  -7.88807573e-01
   7.27632378e-02
   7.28703667e-01
  -6.08931331e-01
   7.45023832e-02
  -1.88372158e+00
  -1.19919333e+00
  -3.35567907e-01
  -1.78631644e+00
   5.56917205e-01
   2.04624337e-01
   1.86190352e+00
   1.37544971e-01
   1.15047621e+00
  -4.07915848e-01
   4.99136326e-01
   1.61740789e-01
  -5.06116215e-01
   1.62660866e-01
   7.26817432e-01
   1.14680856e+00
   1.37535138e+00
   9.35438262e-01
  -7.05041782e-01
   2.49259692e-01
   7.63461151e-01
  -1.12405574e+00
   8.85340315e-01
  -1.45077811e+00
  -6.92344511e-01
  -1.00355866e+00
   1.20402230e+00
  -5.41423186e-01
  -1.98415652e+00
   8.26766350e-02
  -8.19155471e-01
   1.19476619e+00
   1.46884036e+00
  -1.21302293e+00
   3.23326512e-01
   3.15506623e-01
   7.51032319e-02
   3.72039098e-02
   1.09141215e+00
  -4.94549319e-01
  -8.78606533e-01
  -2.38464202e+00
  -3.85501882e-02
  -5.28613754e-01
   1.22204340e+00
  -2.08287144e+00
  -7.27861660e-01
  -5.69931978e-01
   2.13992110e+00
   9.39008498e-01
  -5.12105832e-01
   1.44934773e-01
  -1.67140042e+00
  -3.82114190e-01
   1.17484393e+00
  -1.58696176e+00
  -3.61267370e-01
  -1.25901075e-01
   1.02596926e+00
   5.22283744e-01
   3.55831084e-01
   1.10888732e+00
   9.43438147e-02
  -3.91776661e-01
  -7.76526144e-01
   5.46635128e-03
  -1.02464863e+00
   1.17138211e+00
  -4.65628671e-01
  -2.37708943e-01
   4.11069107e-01
  -1.33545815e-01
   5.81932472e-01
  -7.90569563e-01
   1.75567733e+00
  -1.07541592e+00
   1.29617579e+00
  -7.76797044e-01
  -9.82289686e-01
  -4.22188298e-01
   8.95749451e-01
   2.94993253e-01
   7.11335651e-01
   4.79516288e-01
   1.33417369e+00
  -1.87135931e+00
  -1.23622303e+00
   1.42756952e+00
  -8.64709256e-01
  -5.74885620e-01
   5.53404881e-01
  -3.49665795e-01
   2.12333847e+00
  -6.13287354e-01
   3.42347878e-01
  -2.50485847e-01
   1.32657180e+00
  -1.63709344e-01
   1.01425296e+00
  -1.83950391e+00
   2.20679930e+00
  -4.00635350e-02
   1.14997833e+00
   1.36410777e+00
  -1.39967199e+00
   5.36596751e-01
   1.46605431e+00
   1.01089083e+00
   2.94305708e-01
   8.02228149e-01
  -8.83112511e-01
   1.87454605e+00
   1.23516291e-02
  -1.02664987e+00
  -8.68298025e-01
   6.64880804e-01
  -4.36793693e-01
   3.62768070e-01
   1.75141210e-01
  -1.41985714e+00
  -5.06863633e-01
  -6.88624549e-01
   1.65323999e+00
  -1.31212894e+00
   7.43634099e-01
  -1.20123202e+00
  -3.31835530e-01
   2.83743787e-01
   2.38815223e-02
  -3.40950320e-01
  -5.46512950e-01
   8.96780759e-01
   2.86347285e-01
   3.62837708e-01
  -7.07883970e-02
  -1.70211067e+00
   3.58352211e-01
  -1.27326894e-01
  -5.00090193e-01
  -1.20848574e+00
   1.50135096e+00
   1.30311008e+00
  -1.94280798e+00
   1.88515992e+00
  -3.51632412e-01
  -6.15576875e-01
   1.63889086e-01
   3.26811711e-01
   4.47268301e-02
   9.73510033e-01
   1.46748217e+00
   2.14157935e+00
  -1.87915596e+00
  -1.17752352e+00
  -2.69070549e-01
   1.13742531e+00
  -9.27337471e-01
   4.15718416e-01
  -5.80617142e-01
   1.89699054e+00
  -2.12866214e-02
  -5.39274659e-01
  -1.19535575e+00
   1.25146529e-01
  -1.36400448e+00
  -2.86574992e-01
   7.84020488e-01
  -1.58342141e+00
  -5.41936192e-01
  -6.98915772e-01
  -1.79620361e-01
  -2.47653600e-01
   4.38130149e-02
   6.74490374e-01
   1.28656657e+00
   4.79923591e-01
  -6.89108769e-01
   2.45639838e+00
  -5.06741380e-01
   1.37520005e-01
  -5.00143347e-01
   5.88044890e-01
   1.22336353e-01
  -1.12820769e+00
   1.17689162e+00
  -5.56638433e-01
  -1.48625552e+00
   1.07876654e+00
   1.47027460e+00
   1.04461307e+00
  -1.38854854e+00
  -1.93143324e+00
   2.65458699e-01
  -1.33282156e+00
   1.85620574e+00
  -6.56296830e-01
  -5.18650751e-01
  -4.58121339e-01
  -5.77215078e-01
   1.37278131e+00
  -1.45501123e+00
   2.19272745e+00
   5.65677595e-01
   5.66146519e-01
   2.31741118e+00
   2.85001206e-01
  -1.07771183e+00
  -2.05700093e+00
  -1.35363368e+00
   6.20200091e-01
   1.03431409e+00
   1.17470725e+00
  -8.36279459e-01
  -7.27942182e-01
  -2.46994910e-03
  -1.60696447e+00
   1.44066627e+00
   3.09041993e-01
  -8.66835740e-01
   1.89853169e+00
   1.33168103e-01
   2.56585916e-01
  -2.15998039e+00
   2.44339082e-01
   8.42485833e-01
   6.72484051e-01
  -1.26205338e+00
  -1.91683911e-01
   2.53861620e-01
   2.20116906e+00
   8.74276909e-01
  -7.33382525e-03
   2.51320717e-01
  -2.37618390e-01
  -6.25989645e-01
  -4.68452948e-01
  -7.70236361e-01
   1.10931573e-01
  -7.64877881e-01
   3.77492352e-01
  -1.84983583e-01
   1.14951750e+00
  -2.94863175e-02
  -2.20219833e-01
   9.13448787e-01
   1.40992204e+00
   3.47408431e-02
  -3.19120826e-01
   1.65176867e+00
  -1.81710286e+00
   3.90222273e-01
  -3.57832023e-02
   6.19252207e-01
  -5.59837008e-01
   1.25212241e-01
  -1.32163236e+00
   7.51497339e-02
  -3.65789555e-01
   1.40342797e+00
  -9.34507121e-01
  -1.13468538e+00
   5.42229941e-01
   6.96007595e-03
  -5.90484467e-01
   5.68437657e-01
   2.07063085e-01
  -4.62924947e-02
   5.28572844e-01
   4.08643153e-01
   5.15157588e-01
   2.09653745e+00
  -1.68029612e+00
  -7.30874918e-01
   4.14426527e-01
   1.05230730e+00
   7.58129562e-01
  -9.19444816e-01
  -1.92438159e+00
   7.11772549e-01
  -2.08846245e+00
   1.88161513e-02
   2.19872293e-01
  -6.39318567e-01
   3.81971879e-02
  -5.58810935e-01
  -3.04766441e-01
  -1.11778414e+00
   5.78598299e-01
   7.57624211e-01
   5.77196344e-01
   8.36255165e-01
   1.11979014e+00
  -1.13737995e+00
  -1.36115403e-01
   9.58304469e-01
   2.18626301e-01
   3.23278554e-01
   1.20657990e+00
  -7.84157556e-01
  -1.34176495e+00
   5.30492776e-01
  -3.93358372e-01
  -4.96279581e-01
  -5.33379014e-01
  -1.77396493e-01
   3.33900431e-01
  -7.85247753e-01
  -1.54926398e+00
  -3.66962628e-01
   9.50856250e-01
   7.40122876e-01
   5.61774522e-01
   1.27696806e-01
  -1.33040951e+00
  -5.16656184e-01
   9.55748976e-01
  -7.06038184e-01
   1.67899054e+00
  -2.66260298e-01
   7.93889490e-01
  -5.67981012e-01
  -7.46400079e-01
  -1.39625494e-02
   8.35168304e-02
  -6.69437175e-01
   2.00623182e-01
   3.94634227e-01
  -1.66178082e+00
   7.82796452e-01
   1.52846908e+00
  -2.22831349e-01
   1.94999353e-01
   8.35080559e-01
  -1.51885132e+00
  -3.17618346e-01
   9.44853090e-01
  -1.04223230e+00
   7.88818008e-01
  -1.45252084e+00
   1.43855445e+00
  -1.56456997e+00
   1.63629121e+00
   2.66861421e-02
   9.58878031e-01
   9.24569084e-01
   6.19886877e-01
  -2.70775988e+00
  -4.90715947e-01
   1.58342546e-01
   1.94120931e-01
  -2.72129812e-01
  -4.19213030e-01
  -4.14034211e-01
   1.20426611e+00
   2.24261921e-01
   6.12733306e-01
   4.43698732e-01
  -2.60836866e-01
   5.02059483e-01
  -2.19305892e+00
   7.68818287e-01
  -1.40257211e+00
   8.19242041e-01
  -3.09757903e-01
   2.23061917e+00
   2.23760478e-01
  -2.85033319e-01
   1.81664466e+00
   1.71895353e+00
  -7.79971950e-01
  -7.11572096e-01
  -4.41550483e-01
  -7.24641729e-01
   1.73611787e-01
  -1.19197550e+00
   8.45285091e-01
  -4.83967315e-01
  -1.20800376e+00
   9.34537671e-02
  -9.20968667e-01
   4.17263491e-01
  -5.42370626e-01
   6.43115780e-02
   1.10874540e+00
  -1.27908004e+00
   2.90087010e-01
   7.49368684e-01
  -9.60491487e-01
  -1.46926264e+00
   1.25242540e+00
  -9.15561082e-01
   4.19506195e-01
  -9.37988379e-01
  -1.85315487e+00
  -1.13147497e+00
  -1.59382224e+00
  -8.03474737e-01
   5.81631101e-01
   2.44644026e+00
   1.55407374e+00
   4.79689732e-01
  -2.83844393e-02
  -4.47018050e-01
  -1.31804833e+00
   9.12904108e-01
  -2.05974348e+00
  -1.45932870e+00
   2.21209696e-01
  -7.95979662e-02
  -7.23127575e-01
   6.70858726e-01
  -1.15289874e-01
   3.66946172e-01
   2.34562748e+00
  -2.23701981e-01
   2.22964228e+00
  -1.22006644e+00
   6.90690208e-02
   1.06610929e+00
   2.86178179e-01
  -4.33096907e-01
  -1.04779949e+00
   1.17633085e+00
   1.07999834e+00
   2.11063636e-01
   2.49752202e-01
  -1.05794760e+00
  -2.33746476e-01
  -1.33086985e-01
  -9.77053588e-01
  -1.53228824e+00
   5.59962529e-01
   1.00799043e-01
   3.53055375e-01
   1.70781521e+00
   1.39037913e+00
  -1.24475858e+00
   1.98084697e-01
  -7.66280111e-01
  -1.54541286e-02
  -1.49981454e-01
  -1.27253531e+00
  -1.55472759e+00
  -2.54420615e+00
  -1.66855239e-01
  -8.91488068e-01
  -3.05354585e-01
  -2.10871918e-01
   2.02386863e-01
  -3.96615371e-01
  -9.67145262e-01
   6.95441592e-02
   4.53732232e-01
   6.29266682e-01
  -1.80301807e+00
  -2.26061283e-01
   3.25298397e-01
   2.29108802e-01
   1.40815918e+00
   1.09935827e+00
  -1.12080902e+00
   8.37935034e-01
  -1.40310171e+00
   4.48533265e-01
   1.13547695e+00
  -7.92330183e-02
  -2.91245829e-01
   1.55717055e-01
  -1.59196137e+00
   1.95959387e-01
  -3.44191713e-01
   1.62080060e+00
  -2.00211637e-01
   9.78999641e-02
   6.47393366e-01
  -2.03767692e+00
  -1.57490956e+00
   7.44420597e-01
  -9.21967080e-01
  -3.83870879e-01
  -1.01324190e+00
   8.07310642e-01
  -2.18535983e-01
  -7.29044118e-01
  -3.65964974e-01
   1.54089684e+00
  -4.14977672e-01
  -6.92039467e-01
  -8.33331800e-02
   3.04114254e-01
   2.43801898e-01
   3.85695929e-01
  -9.04763698e-01
  -9.97446390e-01
  -8.72792537e-01
  -1.69253110e+00
   4.94524019e-01
   4.65554710e-01
   1.51016528e+00
   8.80722263e-01
  -6.12473500e-01
   7.90242337e-01
  -1.85001942e+00
   1.39772312e-01
   4.90493502e-03
  -1.75835672e-01
   8.87146920e-03
   9.82303267e-01
   7.66554440e-01
   2.16682685e-01
   1.49782492e-01
   3.94866445e-01
  -4.71615984e-02
  -1.29820675e+00
  -1.26311363e+00
  -2.11366053e-01
   3.08978956e-01
  -7.83503281e-01
   1.19646702e+00
  -5.48386725e-01
   5.63976399e-01
  -1.46110064e+00
   3.89026005e-02
  -4.34815693e-01
   2.05300464e-01
  -6.71836406e-01
  -6.26218563e-01
  -5.41536347e-01
   7.58059978e-01
   1.13864713e+00
   8.36877319e-01
  -1.05290173e+00
  -1.90311035e-01
  -1.11830940e+00
   7.31110766e-02
  -3.31474609e-01
   8.77331366e-01
  -2.33992390e+00
   9.99074206e-01
  -4.29625874e-02
  -5.59465864e-02
  -2.93016860e-02
  -5.73294963e-01
  -2.08614437e-01
  -4.38024027e-01
  -1.10007705e+00
  -7.89408798e-01
   6.03713558e-02
  -7.97255269e-01
   2.30968785e+00
   2.48725752e-01
  -9.44895205e-01
   3.39736216e-01
   9.16439951e-01
   5.14489305e-01
   1.25065467e+00
  -8.02294031e-02
   1.28138621e-02
  -8.18829268e-01
  -3.99468976e-02
   1.22476027e+00
  -1.22197214e-01
   1.11498130e+00
  -1.67925853e-02
   4.91804821e-01
  -6.74487430e-01
  -5.51863273e-01
  -1.16847069e+00
  -3.40214389e-01
   9.56554246e-02
   7.35785743e-01
  -2.32377722e+00
   5.25685898e-01
   1.72383638e-01
  -2.06811501e+00
   1.53154316e+00
   5.81298012e-01
  -2.20665388e+00
  -1.24037873e+00
  -6.19565292e-01
  -2.29066248e-02
  -8.25207915e-01
   1.17238267e-01
  -5.44318392e-01
  -8.29718912e-01
   5.44646866e-01
   1.46663031e+00
   1.09175348e+00
   9.98494111e-01
  -3.25073610e-01
   6.96109851e-01
  -7.82504755e-01
   8.37117834e-01
   1.43477613e+00
   7.98645977e-01
   7.17786334e-01
   6.39202204e-01
  -1.36364633e+00
  -1.03621914e+00
   2.94727858e-01
  -3.33115792e-01
   3.52792635e-01
   7.02550944e-01
  -3.03484058e-01
   5.33690383e-01
   1.63146154e+00
   7.98937699e-01
  -7.53363104e-01
   6.68122157e-01
   6.77021824e-01
  -1.25582756e+00
   7.55552892e-01
  -1.00377090e+00
  -1.62438233e+00
   4.55846375e-01
   1.39003621e+00
   6.84975267e-01
  -3.20834347e-01
   1.94160713e+00
  -5.40556109e-01
  -1.31718809e+00
  -7.52545921e-01
  -7.84278203e-01
  -1.75290714e-01
   9.01255877e-01
  -1.61459600e+00
  -5.56508808e-01
   1.66888982e+00
   2.17687205e+00
   1.20771287e+00
  -6.78156122e-01
   2.98464586e+00
   6.09610494e-01
   1.63555558e+00
  -2.75374889e-01
  -1.00655769e+00
  -1.50917835e+00
   1.22695135e+00
  -8.65875290e-01
  -5.96437242e-01
   1.16572834e+00
   6.47661776e-01
  -1.18057207e+00
   1.40447389e+00
  -1.18830359e+00
   6.05052900e-01
  -6.12345448e-01
  -8.85889134e-03
   9.21297470e-02
   1.41614816e-01
  -2.24828251e-02
  -5.64068302e-01
  -1.73077967e+00
  -3.05424605e-01
  -2.00454302e-01
   1.71223936e+00
   4.93157592e-01
  -7.08611770e-01
   1.30963103e-01
   2.32817360e-01
   2.87941680e-01
  -1.90958986e+00
  -1.27969280e+00
   3.86703496e-01
   3.73267500e-01
   1.87721931e-01
   4.05260459e-01
   1.13139182e+00
  -1.83026243e+00
   1.52041755e-01
   1.39681834e+00
  -3.93921104e-01
  -4.32981049e-02
  -5.48675300e-02
  -5.88125500e-01
   1.61550563e+00
   1.89828374e-01
   5.81386622e-01
   6.25575703e-01
  -7.72081906e-05
   5.43580614e-01
  -2.00594581e+00
  -9.31294903e-01
   1.88820060e+00
   5.64902792e-01
  -1.50301537e+00
   1.68749625e+00
  -6.36163116e-01
  -8.85800434e-01
   1.59378752e+00
   1.26864632e-01
  -8.60530201e-01
  -1.06160423e+00
   3.50307876e-01
   1.67063195e+00
  -8.41467230e-01
  -4.41517051e-02
  -7.08767330e-01
  -3.93306216e-01
  -8.49214968e-01
  -2.78656468e-01
  -4.51964735e-01
   4.32980814e-02
   9.96468978e-01
   3.51503579e-01
   3.03008226e-03
   2.01920093e-02
   4.23770291e-01
  -1.58508715e-01
  -1.61594970e+00
  -6.87080536e-01
  -1.47399680e+00
   9.42920437e-02
   7.57551604e-01
  -1.03535719e+00
   3.09090268e-01
   4.16558766e-01
  -1.55045593e+00
  -1.02935995e+00
  -6.11673325e-01
   6.28300972e-01
  -1.52786392e+00
   4.56961374e-03
  -1.24983820e-01
   2.36670526e+00
   1.47258118e+00
   5.49075388e-01
   3.03268044e-01
  -8.26530178e-01
  -1.06770382e+00
  -1.47247731e+00
   1.83062623e+00
  -1.31819575e+00
   3.21193878e-01
   6.31631197e-01
   1.00400789e+00
   4.80017031e-01
   1.84982564e+00
   5.01489822e-01
   1.83882220e-02
  -1.32680959e+00
   8.99269461e-01
   1.41679741e+00
   3.22894035e-01
  -1.65998875e-01
   4.02477083e-01
  -2.65213124e-01
   8.74871104e-01
   1.32043181e+00
   1.24135759e+00
   1.48032621e+00
  -8.09686963e-01
  -6.45766725e-01
  -3.16658247e-02
   3.90783790e-01
  -2.53225145e+00
  -5.20359807e-01
   6.31984658e-02
   9.55540310e-01
   2.53366075e-01
   2.36503042e-01
   6.32518679e-01
   5.14608152e-02
   1.32176338e+00
   4.20131979e-01
  -8.81209306e-02
   1.21894634e+00
   6.48149772e-01
   5.14457767e-01
  -1.43896621e+00
