  -1.12690129e+00
  -2.66279152e-01
  -1.00457284e+00
   9.52906913e-03
   8.48240754e-02
   4.55115144e-02
   7.44396240e-01
  -1.08004319e+00
   2.10073751e+00
  -1.94284739e-01
   4.33682951e-01
  -4.81752736e-01
  -4.60226643e-01
   6.74402006e-01
   1.00136408e+00
   1.65487939e-01
  -1.77350022e+00
  -2.48883410e-01
   1.12120007e+00
   7.49854961e-01
   2.84091139e-01
  -3.97448363e-01
  -2.19722589e+00
   1.29951425e+00
  -1.88083371e-01
   3.15943934e-01
   1.16335126e+00
   5.28990915e-01
   1.99657030e+00
  -1.19923616e+00
  -1.41978695e+00
   7.57077231e-01
  -5.32687862e-01
   1.17593313e+00
   8.29272910e-01
   1.40186161e+00
  -7.83275550e-02
   1.33671301e+00
   2.68785265e+00
  -7.83605467e-01
  -9.52578235e-01
   5.57474020e-02
  -1.30748957e+00
  -1.40372431e-01
  -2.07116494e+00
  -6.30859010e-01
   3.82704318e-01
  -2.34720721e-01
   5.09457868e-01
  -1.39498276e+00
   3.65633262e-01
   1.47113157e+00
   2.58648560e-01
  -1.82921848e-01
  -1.58701567e-01
   2.00302620e+00
  -1.07302180e+00
   2.12929795e+00
   2.03283411e+00
   8.25662458e-01
   2.38495324e-01
  -6.46146708e-01
   1.88404047e-01
   1.23979851e+00
  -2.02629381e-01
  -6.51332662e-01
   1.47117395e-01
  -6.12305639e-01
   1.38997974e-01
  -4.23398933e-01
  -3.35587093e-01
   1.68907647e-01
  -7.13770388e-01
   9.95551818e-01
   6.88085684e-01
  -1.52637178e+00
   2.51633605e-01
   1.60864852e+00
   1.40088411e-01
  -2.38242361e-01
  -1.77892031e+00
   5.86591263e-02
  -3.31150411e-01
   1.63111091e+00
   1.88206911e+00
   4.96470677e-01
  -4.16429311e-01
   5.80321079e-02
  -3.37570382e-01
  -1.13784945e+00
   1.61443708e+00
  -1.20306566e-01
  -9.83241958e-01
   4.24876092e-01
   6.60276650e-01
   1.30383772e+00
   6.24319299e-01
  -1.68052449e+00
  -1.92522946e+00
  -2.41506567e+00
  -4.12077973e-01
  -1.02624030e+00
   7.02726352e-01
  -8.64410626e-01
  -4.22999338e-01
   9.89865407e-01
   3.79448529e-01
  -3.97773011e-01
  -1.34157375e+00
   2.44640338e-01
  -7.17576186e-01
  -8.71470392e-01
   5.14218303e-02
  -3.35939842e-02
   1.40767760e+00
  -3.42204134e-01
  -7.55431761e-01
  -2.71511501e-01
  -2.32188617e+00
   1.31000383e+00
   6.63961237e-01
  -3.70678090e-01
  -2.55911015e+00
  -2.02836585e-01
  -1.34040895e+00
   3.38080016e-01
   8.00287966e-02
   1.33784650e+00
  -3.14676705e-01
   6.10061875e-01
   4.17387826e-01
  -1.99372842e-01
  -7.51607417e-02
   9.25629795e-01
  -3.73788105e-01
  -7.16686884e-01
   1.81925258e+00
   1.00659505e+00
   1.90644388e-01
  -6.90156383e-01
   1.00256632e+00
   2.16987993e-01
   3.60115049e-01
  -2.96653615e-01
   6.87112891e-01
  -4.19687127e-01
  -5.26016433e-01
  -2.99481432e-01
  -2.66071650e+00
  -9.34095899e-01
  -5.38707799e-01
   5.75278256e-01
  -3.60830148e-01
  -6.57250440e-01
  -4.22923140e-01
   8.55812084e-01
   3.66673259e-01
   1.34227783e-02
  -4.19057614e-01
  -3.71266119e-01
   1.25905896e+00
  -1.32290844e-01
  -1.59747109e+00
  -6.82403057e-02
  -3.13551644e-01
  -1.36454074e+00
  -7.85057415e-01
  -4.50418507e-01
   1.32808388e+00
   3.27974022e-01
   1.72047926e+00
  -1.91888141e-01
  -5.66698759e-01
   3.37976388e-01
   2.54080537e-01
  -5.20727707e-01
   3.22558887e-01
  -1.35234264e+00
  -1.05427222e+00
   9.57439579e-01
   6.24642635e-01
   1.29044506e+00
   3.31914719e-01
  -6.24510370e-01
   3.84614999e-01
   5.56312400e-01
   2.74951381e-01
   3.45349216e-01
   1.42775455e+00
   7.65033795e-01
  -1.08348648e+00
  -2.15701850e+00
  -4.49274747e-01
   1.56829129e+00
   1.20574202e+00
   1.34549345e+00
   3.77202761e-01
   1.76074551e+00
  -9.69876674e-01
  -9.89331711e-01
  -2.15537111e+00
  -4.24779244e-01
   7.31367877e-02
   8.00593611e-02
   1.06845450e-01
   6.07057411e-01
   5.25679596e-02
   1.21097626e+00
  -8.86474056e-01
  -1.30757542e+00
  -1.89386965e+00
   2.74822768e+00
  -1.81460221e+00
   7.09051893e-01
   4.22448417e-01
  -2.35265791e-01
  -1.42630720e+00
   8.85623621e-01
  -3.89810926e-01
  -1.11755008e+00
   1.26273590e+00
   5.38212948e-01
  -7.29164652e-01
   7.40147458e-01
  -5.86622582e-01
  -5.68567772e-01
  -3.82904764e-01
  -1.02856134e+00
   2.75426954e-01
  -1.37528935e+00
  -1.16352034e+00
  -2.02431227e-01
   1.55314037e+00
  -1.99825961e-01
   1.10852713e+00
  -7.62642009e-01
  -1.33196577e+00
  -6.21747648e-01
   1.68341010e-01
  -1.93419274e-01
  -8.22152790e-01
  -2.12379368e+00
  -1.18638563e+00
   1.46812022e-01
  -1.85006023e+00
   2.28407885e+00
   1.50756067e+00
  -2.52448020e-01
  -1.24963083e+00
  -1.34546635e+00
  -8.25632496e-01
  -1.01114783e+00
   8.80228824e-01
  -1.18549751e+00
  -6.69971911e-01
  -4.73554539e-01
   3.21179273e-01
   1.18812075e+00
  -2.30279906e-01
  -1.91859131e-02
  -8.70191374e-01
  -1.09286934e+00
  -2.80161731e-01
  -8.23216491e-01
  -1.59205889e+00
  -2.70976867e-01
  -3.66284652e-01
   2.65575777e-01
   3.64135829e-01
   1.94574805e-01
   1.66226182e+00
  -4.43830173e-01
   7.74026825e-01
  -3.14646551e-01
   4.28847765e-01
   7.85368691e-01
  -1.04215273e+00
  -2.05769393e-01
  -4.82319263e-01
  -9.56713844e-01
   9.92368328e-01
   4.03439276e-01
   2.74839187e-01
   5.70273911e-01
  -1.85432239e+00
  -1.96201170e-01
   1.28620906e+00
  -1.63559332e+00
  -9.08506209e-01
   1.70705806e+00
   5.52562309e-01
   1.66549832e-01
   1.21492100e+00
  -1.19891086e+00
   2.75268554e-01
   6.92443834e-01
   1.18849806e-01
  -2.44468974e+00
   6.16199651e-02
  -2.83217204e-01
   5.74706109e-01
  -2.64217264e-01
   1.24050150e+00
   2.39322089e-01
  -1.34017614e+00
  -6.56205030e-01
   2.30348242e+00
  -2.23448146e-01
  -2.23616721e-01
   2.52546915e-01
  -1.40330746e+00
  -9.05896849e-01
   5.21839177e-01
  -2.29548029e-01
   2.79324467e-01
  -4.20088715e-01
  -1.20923379e+00
  -4.51638483e-01
   1.55752205e+00
   2.64181568e-01
   1.36941082e+00
  -5.43386215e-01
  -1.19831931e+00
  -1.32981862e+00
  -1.66375371e-02
  -2.09573410e+00
  -3.57964802e-01
   3.59172131e-01
   1.44081843e+00
  -2.22521532e+00
   1.39987770e-01
   1.27694417e+00
   6.47190111e-01
   1.40399711e+00
   4.60567466e-02
  -2.39113256e-01
   9.24485573e-02
   8.28769330e-01
  -2.56132139e+00
  -7.06420676e-02
  -1.62261250e+00
   2.81992046e-01
   9.58515153e-01
   9.70885693e-01
   3.70720644e-01
  -4.45819429e-01
   1.44316265e-01
  -9.38217139e-01
  -3.87583477e-01
  -3.35762734e-01
   5.05648302e-01
   5.79670125e-01
  -5.96993081e-01
   6.28670916e-01
  -2.31629079e+00
  -1.27965216e+00
   1.56136328e+00
   3.47767478e-02
  -3.13150782e+00
  -7.04649493e-01
   6.89073079e-02
   5.55781049e-01
  -2.05857420e+00
  -2.84811738e+00
  -2.39471660e-01
   5.20066632e-01
  -1.30519588e-01
  -1.15916555e+00
  -4.25118055e-01
   2.12115315e+00
  -8.57263665e-02
   9.30676141e-01
  -1.09811540e+00
  -1.19220695e+00
  -4.86872137e-01
   6.92351499e-01
   1.36737645e-01
  -1.78934353e+00
   1.22111810e-01
  -2.17068822e-01
   4.60136165e-01
  -6.58628221e-02
   4.57117362e-01
   2.30838145e+00
   3.25406296e-01
  -7.87250896e-01
  -6.44098274e-02
  -8.35151488e-01
   1.92855773e-01
   2.05267348e-01
   1.28454112e+00
   6.43694490e-01
  -4.18498538e-01
   6.27599458e-01
   1.25919496e+00
  -1.25691771e+00
  -5.61345246e-01
  -6.07208293e-01
   1.33172689e+00
   7.18453508e-01
   9.27125526e-01
  -1.05212268e+00
   5.33589400e-01
  -7.59507486e-01
   1.83334609e+00
   3.00425740e-01
   2.28896750e-02
  -2.66228981e-03
  -8.51001888e-01
   5.33121616e-01
   7.20617987e-01
  -1.02032423e-01
  -2.33940365e-01
  -5.21211148e-01
  -1.25264395e+00
   6.34861412e-01
  -5.76415164e-02
  -7.65301622e-01
   1.34901046e-01
  -2.09545472e-01
   8.36892647e-01
   1.74326244e+00
   5.58007869e-01
   7.55072560e-03
   3.22272209e-01
  -1.14142676e+00
   1.59328888e+00
   3.67328870e-01
   2.36355494e-01
   2.23981545e+00
  -3.75365644e-01
  -1.87856960e-01
  -1.51348766e-01
  -4.11705627e-01
  -1.28077699e+00
  -5.16187755e-01
  -9.30485231e-01
   6.15650985e-01
  -1.17015441e+00
   1.81957706e+00
  -1.83900672e+00
   7.37681428e-01
  -1.06832251e+00
  -2.91419701e-01
   3.77201294e-02
  -1.49305677e+00
   3.82168379e-01
  -4.48913847e-01
   2.17331164e+00
  -1.50757472e+00
   4.42741155e-01
   1.96849866e+00
  -1.60041578e+00
  -1.39749167e-01
   3.82028297e-01
  -1.42199100e+00
  -1.51561754e+00
  -2.59222165e-01
   1.21027434e+00
  -2.22581037e-01
   8.52438051e-02
   7.42743718e-01
  -1.60450460e+00
   1.86352244e+00
   1.33303952e+00
   9.00949504e-01
   4.40735110e-01
   4.56269875e-01
   2.65977660e-01
  -3.55779327e-01
   1.44709581e-01
   4.68522181e-01
   1.02702528e+00
   1.23984191e+00
   4.23286786e-02
  -6.95308441e-01
  -8.42913358e-01
  -8.74815697e-01
  -8.69902652e-01
   1.13837717e+00
  -1.31866242e+00
   2.05016079e-02
   3.01828521e-01
  -9.56048747e-02
   1.05463676e+00
   9.15805210e-01
   1.85842280e-01
  -1.01863761e-01
  -1.33747749e+00
   9.67301381e-01
  -5.75340182e-01
   8.75996954e-02
  -1.55713779e+00
   6.28725340e-01
  -2.11947276e-01
  -1.36936396e+00
  -9.09857680e-01
   4.01670960e-01
   5.31305589e-01
   4.21592231e-01
   6.49738178e-01
  -1.22795749e+00
  -1.48631800e+00
   2.38429576e-01
  -4.28021307e-01
  -1.75435781e-01
   5.96468538e-01
  -2.49908681e+00
  -9.33717661e-01
  -1.38364616e+00
   6.35900383e-01
   9.40333694e-02
  -6.24007348e-01
   2.35456387e+00
  -5.89448305e-01
  -3.22871635e-01
   3.72353138e-01
   1.66615373e+00
  -8.14946213e-02
   1.65371980e+00
  -4.12877745e-01
  -1.23332068e+00
   4.74858179e-01
   1.45117235e+00
  -2.43558928e-01
  -1.86228191e+00
  -4.49148744e-01
  -4.95510839e-02
   1.01570899e+00
  -6.43348443e-01
  -9.73755383e-01
   1.38898761e-01
   2.72661865e-01
  -2.02556888e+00
  -6.73997601e-01
   9.79264995e-01
   2.19294163e+00
  -1.01247724e+00
  -3.54827160e-01
   7.49510321e-01
   1.61971792e-01
   1.70536346e+00
   7.99221758e-01
  -1.70058434e+00
   1.42327931e+00
   9.98757981e-01
   1.32279219e+00
   2.32392270e-01
   5.10696596e-01
   4.89765734e-01
   1.80345956e+00
   8.66735364e-01
  -6.75693372e-01
   9.47297283e-01
  -1.79088413e+00
  -2.60919591e-01
  -2.35552513e+00
   2.92953604e-01
  -1.89882812e-01
  -1.09128178e+00
  -1.13414853e-01
   1.39685448e+00
  -6.72184617e-01
   2.26479667e-01
   1.06256230e+00
   3.76186254e-01
  -5.58776005e-01
  -1.25708888e+00
  -1.34237014e+00
   2.78983396e+00
   4.93771350e-01
   1.41061476e+00
   1.01688035e+00
   1.57638144e+00
   1.17116252e-01
   7.14886614e-02
   5.85622401e-01
   1.16656291e+00
   1.95543398e+00
   3.53295483e-02
  -5.36901227e-01
   1.00822571e+00
   1.12127770e+00
  -1.38434610e+00
  -1.01684785e+00
  -1.04969603e+00
   3.33052863e-01
   1.87015261e+00
  -1.53511150e+00
  -1.08403544e+00
   1.12864775e+00
  -1.29276179e-01
   1.99443948e-01
  -2.30748652e-01
  -9.94112799e-01
  -9.11286611e-01
   1.98219456e-01
   3.59741745e-01
  -1.83280932e-01
  -3.66237148e-01
  -4.58723577e-01
   4.20176760e-02
   4.59723770e-01
  -2.74757329e-01
  -2.66074831e-01
  -2.32321415e+00
  -5.55744123e-01
   1.57633708e+00
  -1.11428625e+00
   1.45904560e+00
  -1.23373793e-01
   3.96594336e-01
  -6.95051361e-01
  -1.56151066e-01
   8.06128165e-01
  -2.15548047e+00
   1.49661099e+00
   1.74511539e-01
   2.03193085e-01
   1.08487660e+00
   1.07766303e+00
  -1.33935781e+00
   1.37388393e-01
  -3.01733659e+00
   1.90345635e+00
  -1.42764641e+00
   3.72253028e-01
   1.28599847e+00
  -2.77231886e+00
  -1.23311303e+00
   1.02929611e+00
   1.09980640e+00
   9.75885485e-01
  -1.17665906e-01
   5.19236232e-01
  -1.46824408e-01
  -1.35312566e+00
  -2.94910179e+00
   6.23167265e-01
   1.93005799e+00
  -4.58051023e-01
   9.28780263e-01
   1.36711302e+00
   1.74765215e-01
   6.39946645e-02
  -1.13524217e+00
   2.80483731e-01
   1.94661706e-01
  -7.74584452e-03
  -1.85239277e+00
   2.94494481e-02
  -5.99023100e-01
   9.61026411e-01
  -5.43113580e-01
  -3.71663331e-01
   5.08649984e-01
   2.28579747e-01
   2.53262886e-01
  -1.29966121e+00
   4.31478055e-01
  -4.23177311e-01
   1.87513197e+00
   5.28170427e-01
  -3.09745841e-01
   2.20289285e-02
  -4.43159547e-01
  -1.68899595e+00
  -5.72948117e-01
  -8.63013676e-01
  -5.66864188e-01
   9.18884559e-01
  -1.16334039e-01
   1.24760721e+00
  -1.57722998e-02
   1.77344777e+00
  -1.37231937e+00
   1.77227645e+00
   6.84930813e-01
  -2.32266948e+00
   1.23814918e+00
   1.17289113e+00
   4.45856940e-01
  -5.84982583e-01
   2.25514875e+00
   1.17366670e+00
  -1.20614170e-01
   2.10058806e+00
  -1.29602797e+00
   2.23302175e-01
  -2.52316280e-01
   4.05614406e-01
  -7.31336577e-01
   2.14480002e-01
  -3.54849967e-02
  -9.51018704e-01
   9.99635515e-01
   9.07679142e-01
  -1.69283471e+00
  -7.43459025e-01
  -8.84374947e-01
  -2.39343885e-01
  -3.85378158e-01
  -1.08264595e+00
  -3.43278536e-01
   1.60365939e+00
  -3.86690095e-01
  -3.54719096e-01
   8.97383487e-01
   1.82239561e+00
  -1.04449718e+00
  -1.18177351e+00
   3.22731272e-01
   7.06125078e-01
   1.21828949e+00
   9.92540886e-01
   3.20661939e-01
  -4.93597693e-01
  -5.03971818e-01
  -1.24358236e-02
   1.50710674e+00
   8.81059749e-01
   3.03864299e-01
  -2.89172191e-01
  -1.67778494e+00
  -1.79394801e+00
   1.31823451e+00
  -1.50620891e+00
  -1.47745408e+00
   4.96412282e-01
  -1.35638939e+00
   8.55650811e-02
  -4.40762451e-01
   1.37912443e+00
   2.07962222e-01
  -9.42097237e-01
  -1.07542380e-01
  -6.88829736e-01
   1.07146141e+00
   2.95847165e-01
   4.55014394e-01
   5.82509166e-01
  -1.42253901e+00
   6.23490272e-01
   8.82178850e-01
  -1.06087966e+00
   1.49937668e+00
  -1.05319175e+00
  -1.69853774e+00
  -6.42734865e-01
   8.49621296e-04
  -8.71830491e-01
  -2.04284856e-01
  -1.07193980e-01
   1.12795233e+00
   1.17631835e-01
   8.65498672e-02
   1.46523334e-02
   4.12667796e-01
  -1.16911819e-01
   3.38268969e-01
  -1.16393621e+00
   7.39226658e-01
  -6.26089579e-01
  -9.13200627e-01
   1.44134370e+00
   1.49259958e+00
   7.10021922e-01
   4.92582945e-01
  -1.04556103e+00
  -1.31888290e+00
   7.78666673e-01
   2.25790988e+00
   9.57851199e-01
   9.61861394e-01
   3.15859727e-01
   2.24718972e+00
   1.03068223e+00
   1.50097167e+00
   7.17274406e-01
   3.42715838e-01
  -5.71850494e-01
   6.69177079e-01
   1.90987154e+00
   2.45509008e-01
  -6.10762401e-02
   7.81692720e-01
  -1.45531183e+00
  -2.69447648e-01
   7.24767944e-01
   2.16880640e+00
   9.36794394e-01
  -3.73209739e-01
  -9.51849809e-01
   5.47390824e-01
   7.75457842e-01
   2.97702474e-02
  -4.08992654e-01
  -7.55174189e-01
  -2.75465953e-02
   9.93453303e-01
  -2.98975481e-03
   1.16842627e+00
  -7.86914427e-01
   5.72580129e-01
   9.56504521e-01
  -3.22306472e-01
  -1.37802058e-01
  -8.42815470e-01
   2.85007056e-01
  -4.44641205e-01
   4.04378985e-01
   1.27452268e+00
   2.04770728e-01
  -3.10232769e-01
  -1.05172139e+00
  -8.01593584e-02
  -1.44036136e+00
   2.41978674e-01
  -1.37037467e+00
   3.88082418e-01
  -4.55224422e-01
  -9.76896840e-01
   5.96297159e-01
  -4.74654230e-01
   1.12274413e+00
  -9.81505846e-01
   9.56290888e-01
  -5.99379708e-01
  -7.07808199e-01
  -2.50755505e-01
  -3.07637311e-01
  -3.73763027e-01
  -4.90180923e-01
  -3.49112140e-01
   1.08404454e+00
   6.12912415e-01
  -2.17717780e-01
   7.26164947e-01
  -1.86428255e-01
  -4.10367505e-01
   9.00603916e-01
  -1.88782991e+00
   7.37292408e-02
   5.89973418e-01
  -5.26413299e-01
   7.84080776e-01
  -1.80518153e+00
  -5.77531411e-01
   7.03262131e-02
   7.37752807e-01
  -8.45282435e-02
  -5.16442390e-01
   8.25105800e-01
  -1.47523895e-02
  -2.24932785e-01
   1.61943371e+00
   1.53628902e+00
  -1.00340942e+00
   5.96439641e-01
  -3.36189254e-01
   2.66536131e-01
  -8.42374196e-01
   5.34527641e-01
  -1.33841637e+00
  -9.90869953e-01
   3.68788783e-01
  -4.76584128e-01
   9.67420032e-01
  -2.17542054e-01
  -1.61608742e+00
   1.08556105e+00
   3.69624938e-01
  -1.44881609e+00
  -4.38366120e-01
   1.25968411e+00
  -1.77723412e+00
   5.61588236e-01
  -5.93006403e-01
  -1.50248527e+00
  -3.61670185e-01
   2.52829788e-01
  -9.90246355e-01
  -3.72912575e-01
  -2.34601316e-01
  -9.58596102e-01
  -1.07956879e+00
  -1.30893343e+00
   3.52082622e-02
   1.12449548e+00
  -2.08500778e+00
   8.13920592e-01
  -3.02422752e-02
  -9.76531662e-01
  -5.26250086e-01
   1.41973387e-01
   1.06087243e+00
  -3.00089092e-01
   9.32743647e-01
   3.24812460e-01
   4.08112471e-01
   6.89901170e-01
  -1.75097146e+00
   6.28501408e-01
  -1.29916629e+00
  -2.39460276e-01
  -3.79433557e-02
   9.87656944e-01
   1.19400694e+00
   9.11815838e-01
   1.12627529e+00
  -4.06803087e-01
   6.58471098e-01
   2.53154499e+00
  -9.08650016e-01
   1.83546610e+00
   2.50492699e+00
  -3.46673778e-01
   6.08145419e-01
  -2.01034125e+00
  -2.47710618e-01
  -2.09708614e+00
  -1.83940438e+00
   4.65052528e-01
  -8.16171752e-01
  -1.03751265e+00
  -1.00985539e+00
   1.77459092e+00
   4.75106486e-01
   2.65721359e+00
   1.68958831e-01
   2.69649592e-02
   9.31421625e-01
   7.55043974e-01
   2.22527936e-01
  -9.82501885e-01
   6.62711275e-01
   2.26965855e-01
   5.80335117e-01
   1.34797764e+00
  -1.04282996e+00
   5.96015146e-01
   6.14097755e-01
  -1.76744979e+00
  -8.15143212e-01
  -6.57080542e-01
   1.26887614e+00
  -1.15920132e+00
  -2.61452907e-01
   1.13079024e+00
  -8.08237427e-02
  -3.60036116e-01
  -2.23516901e+00
  -1.17345330e+00
   7.28169758e-01
   1.06514109e-01
   2.56405014e-01
   1.69095762e-01
  -5.11894771e-01
  -3.36120798e-02
   2.39064459e+00
  -9.55102344e-01
   1.33422352e+00
  -1.60340869e-01
   4.84351071e-01
   5.76090867e-02
  -2.47109485e-01
  -5.36386374e-01
   1.28948888e+00
   5.42558366e-01
   1.19473861e+00
   8.18210308e-01
   2.12084226e+00
   1.96371639e+00
   3.17518924e-01
  -4.32238342e-01
  -1.22037284e+00
   3.16229817e-02
  -6.99460845e-01
   1.74039035e-01
   1.72366086e+00
  -1.22555144e-01
  -8.42183932e-01
  -3.96520031e-01
   1.02292078e+00
  -9.67263527e-01
   1.60458372e-02
  -1.59985341e+00
   1.33563853e+00
  -7.86077078e-02
  -1.40749344e-02
  -4.23001703e-01
  -8.74592794e-01
  -2.06750151e-01
   9.37871786e-01
   9.22368770e-01
   1.30592914e-01
   1.49446920e-01
   6.91180442e-01
  -2.03065618e-01
  -3.56982608e-01
  -6.74959557e-02
   1.65953595e+00
  -3.44406910e-01
  -6.41427457e-01
  -8.14364471e-01
   1.36440632e+00
  -1.02299425e+00
  -1.03983609e+00
   2.01647446e-01
  -6.86670702e-02
   9.22127817e-01
  -2.07763447e-01
  -7.51675206e-01
   1.83157640e+00
  -6.86675942e-01
   1.79841210e+00
   1.87740504e-01
   5.59753052e-02
   1.10988661e+00
  -1.32719894e+00
   1.58999272e+00
   2.11955450e+00
   1.68311302e-02
   6.98548563e-01
   3.27940939e-01
   2.11509821e-01
   1.55719787e+00
  -1.39995534e-01
  -2.35415004e+00
   5.79444235e-02
  -7.65157436e-01
   1.78247777e+00
   4.71148216e-01
   2.15900657e-01
  -5.73178042e-01
  -2.56892688e-01
   1.06790174e+00
  -1.28522987e+00
  -5.31558623e-01
   2.33569414e-01
  -5.78481114e-01
   1.76716551e-01
  -9.24142090e-01
  -1.33597578e+00
  -5.56532926e-01
   6.14023096e-01
   6.26060419e-01
  -4.99022459e-01
   1.31038759e+00
  -8.95969663e-01
   5.68234293e-01
   1.15127882e-01
  -1.10487674e-02
   3.92621576e-01
  -2.49182331e+00
   1.58613464e-01
   3.58276844e-01
   4.06529544e-01
  -5.51648878e-01
   2.41945532e-01
  -4.84830909e-02
  -5.11127975e-01
   6.93160724e-01
  -5.52607198e-01
   1.48014958e+00
   7.36597628e-01
  -6.38490028e-01
   1.21137391e+00
   3.34073831e-02
  -7.09467814e-01
   1.89618620e-01
   7.71785731e-01
  -3.45783777e-01
   5.23953622e-01
  -2.81326785e-01
  -9.73309191e-01
  -3.77707689e-01
  -1.23486330e+00
  -5.99471921e-01
   1.43385290e+00
   4.69221251e-01
   1.96805197e+00
  -2.41491902e-01
   1.13907433e+00
  -1.16924070e+00
  -8.10548486e-01
  -9.31074714e-01
   5.60704669e-01
  -5.38516343e-01
  -2.41740610e+00
  -1.64953636e+00
  -3.78055935e-01
   8.98819274e-01
  -9.13698244e-01
   4.52615057e-01
  -1.52118572e+00
   9.32402914e-02
  -1.09372444e+00
  -2.96464500e-01
  -7.84828910e-01
   8.35700496e-01
  -6.33626863e-01
  -1.10462897e+00
   6.93157767e-01
   3.23222921e-01
   1.86204532e+00
   1.33067255e+00
   1.69446285e+00
  -1.20768218e+00
   1.61421256e-01
  -1.49318085e+00
  -2.39581991e+00
   3.20837161e-01
  -3.84497591e-01
   2.81547525e-01
  -7.68496830e-01
   4.64900527e-02
  -2.01035060e+00
  -3.61218880e-01
   7.20182363e-01
  -1.48750399e+00
  -7.05281936e-01
   1.08501165e+00
   1.03355155e+00
   3.54021580e-01
  -9.96252888e-01
   2.95725324e-01
  -2.27136353e+00
  -1.21497290e-01
  -9.27639096e-01
  -1.47148154e-01
  -3.89628378e-01
   1.61528245e+00
   5.12702238e-01
  -1.66363182e+00
  -2.67760166e-01
  -1.09692645e+00
  -9.60374632e-01
  -1.37371824e+00
  -3.10013951e-01
  -1.19062811e+00
   1.20558749e-01
   2.31450729e-01
   7.92593520e-01
  -9.32921170e-01
  -3.99278232e-01
  -1.75854729e-01
   7.57869155e-01
   9.19783382e-01
  -3.91161724e-01
   8.19804461e-01
  -2.17219308e+00
  -1.24707042e+00
   1.05491929e+00
  -1.47667270e-01
   2.25262907e-01
   2.12652868e-01
   1.12004166e+00
   4.24089910e-01
   8.43713835e-01
  -1.20476120e+00
  -4.73897691e-01
  -1.43038279e+00
   3.50554043e-01
   4.17258642e-01
  -1.75809942e+00
   6.45409973e-01
  -1.98471978e+00
  -3.64085221e-02
  -3.63362458e-01
  -4.33925277e-01
  -1.06710007e+00
  -4.89708892e-01
  -4.72825602e-01
  -1.80520345e-01
  -7.85582953e-01
  -1.10825892e-01
   1.07683604e+00
  -8.90203194e-01
   9.41097692e-01
   3.74299586e-01
   1.48421048e+00
  -5.98516117e-01
  -5.32725644e-01
  -7.03626636e-01
  -1.41988866e-01
  -1.40554792e+00
  -7.74093325e-01
  -2.32797799e-01
  -5.18480935e-02
  -7.47734968e-01
  -6.53799978e-01
   4.74679706e-01
   1.58493188e+00
  -2.19913406e+00
  -4.74670049e-01
   5.98011251e-01
  -1.40742337e+00
   1.31214100e+00
   1.50469304e+00
   1.02375538e+00
  -6.12320462e-01
  -1.42463597e+00
  -3.65015003e-01
   1.00122654e+00
   1.04751106e+00
   1.37517276e+00
   1.35328614e+00
  -1.47735605e+00
  -1.86900881e-01
  -2.04437067e-01
  -7.70882772e-01
   3.27982937e-01
  -1.17433967e-01
  -4.86426581e-01
  -1.32008327e+00
  -3.24666427e-01
   1.50302450e-01
   8.97668913e-01
   9.91014322e-01
   9.95195117e-01
   7.07758981e-01
  -1.36533772e+00
  -1.72048287e+00
   4.58967517e-01
   6.28174812e-01
  -4.89107484e-01
  -4.91229665e-01
  -1.35147289e+00
  -7.31237694e-01
  -1.57864436e+00
  -1.17954323e-01
  -6.62391778e-01
   3.53415549e-01
  -4.70314194e-01
  -8.23751525e-01
  -1.16257563e+00
   5.66183528e-01
   2.81988828e-01
  -8.72713271e-01
  -1.52415109e+00
  -6.34932449e-01
  -3.33719733e-02
   1.51439022e+00
   4.82641779e-01
  -6.91799729e-01
   9.98710574e-01
  -2.23154459e-01
   1.13830563e+00
   4.69107633e-01
  -3.01175783e-01
  -5.48228462e-02
  -7.25405041e-01
   1.07708420e+00
   1.97186122e+00
   1.10545716e+00
  -2.35047089e-01
   8.64918152e-01
  -7.45998778e-01
   9.47008768e-01
   1.44758947e+00
  -2.15563970e+00
   6.98662383e-01
   1.53692464e+00
   2.18983075e+00
  -1.54973977e+00
   7.79021417e-01
   1.26293684e+00
  -1.04211553e+00
   9.29311425e-01
   1.90815070e+00
  -1.32040874e-01
   2.73076929e+00
   8.82265538e-01
   6.85830976e-01
  -1.52859349e-01
   1.83887352e-03
   4.90684767e-01
  -2.30255902e-02
   3.40541074e-01
   2.47037649e+00
  -6.69993595e-01
  -1.47428843e+00
   1.71684649e-01
   5.89062072e-01
   6.35527443e-01
  -4.21415172e-01
  -2.11159507e-01
  -3.96087239e-01
  -7.18839326e-01
   1.59450167e-01
   9.32158269e-01
   2.26753458e-01
   1.24096816e-02
  -6.25640493e-01
   1.24897349e+00
  -2.77571629e-01
  -2.05600403e+00
   6.15665514e-01
  -5.52817176e-01
  -5.85527139e-01
   1.96390730e+00
   7.66051003e-01
  -4.15329334e-02
  -8.42714796e-01
  -7.86426955e-02
  -1.03555379e+00
   1.76517896e+00
  -5.07858844e-01
   8.47178140e-01
  -9.09891492e-01
   9.01558250e-01
   8.64349160e-01
   2.34856477e-01
  -1.10421462e+00
   1.29694394e+00
  -1.05556607e+00
   1.70264597e+00
  -4.83108979e-01
   6.73856265e-01
  -1.00222849e+00
   6.69417130e-01
   1.41023633e+00
  -1.13537842e+00
   3.27723869e-01
   1.27481262e+00
  -7.03211135e-01
   1.09953856e+00
  -2.30480004e-01
  -8.16356524e-01
   9.15355613e-01
   2.84719866e-01
  -5.71273576e-01
   6.91033373e-01
   3.77693545e-01
  -1.19803318e+00
   1.23054413e+00
  -8.57416327e-02
   1.51775720e+00
  -1.94714499e+00
  -5.51567258e-01
  -1.17754910e+00
   5.08667955e-01
   1.39167228e+00
  -1.40201032e+00
   2.25902447e-01
  -4.83346111e-01
   4.18219819e-01
  -1.27813875e+00
  -8.64157413e-01
   4.36334460e-01
   3.64000224e-01
   1.57886573e+00
  -5.43993507e-01
   1.78654824e-01
  -1.73828957e+00
   8.78976188e-01
   4.41470395e-01
   8.19867475e-01
   2.19433682e-02
  -1.52350123e+00
   9.42644836e-01
   1.22476569e+00
  -6.30560303e-01
  -1.39087481e-01
   1.46109893e+00
   3.60516209e-01
   5.24207342e-01
  -1.92663180e+00
   1.02830809e-01
  -2.23955759e-01
  -4.44406251e-01
  -3.49111021e-01
   2.35194863e-01
  -4.68692348e-01
   4.78350548e-01
   1.28904052e+00
   1.38444255e+00
  -6.51960117e-01
  -7.59228299e-01
   2.43783165e-01
   2.38271035e+00
   1.06128767e+00
   1.18032038e+00
   1.60100106e+00
   2.02889409e-01
  -1.20901549e-01
  -1.89691224e+00
   1.73153515e+00
  -7.51367311e-01
  -8.18424625e-01
   4.91436259e-01
   1.89050829e+00
  -1.20015737e+00
   7.23241651e-01
   3.68344190e-01
  -3.43405050e-01
   3.32768606e-01
  -1.55142532e+00
   7.22039522e-02
  -2.79627247e-01
  -1.49069202e+00
  -7.92575130e-01
   4.84022030e-01
  -2.16332373e+00
  -1.14562504e+00
  -5.71277671e-01
  -2.44501422e-01
  -8.75844761e-01
  -4.92556481e-01
   1.68996296e+00
   1.35413753e+00
  -8.10832041e-01
  -4.45651036e-01
   4.13216556e-01
   1.16210266e+00
  -1.35439132e-01
  -1.35843589e-01
  -1.14225179e+00
   3.59429533e-03
   1.08158805e+00
   5.07878772e-01
  -1.46246106e+00
   3.77260110e-01
  -6.46420682e-01
  -4.92729101e-01
  -3.90501712e-01
  -3.71777849e-01
   6.69109016e-01
   1.43774300e+00
  -1.27885682e+00
  -1.47917345e+00
  -2.70230921e-01
   1.02125258e+00
  -9.58191689e-02
  -4.00454642e-01
   1.32745773e+00
   2.57136816e-01
  -1.46273127e+00
  -1.06867812e+00
  -1.41510121e+00
  -4.93203396e-01
  -7.09897709e-01
  -1.68488770e+00
   3.84413327e-01
   1.22228453e+00
   5.50361813e-01
  -1.65453283e+00
   3.05770687e-01
  -7.11490280e-01
  -2.02271830e-01
  -1.35812201e+00
   2.34369823e+00
   8.32373806e-01
  -7.52160840e-01
  -1.38915773e+00
  -6.56839524e-02
   4.43276164e-01
   9.14923381e-02
   5.17985453e-01
   5.84256632e-01
   5.40704448e-01
   2.33868762e-01
  -1.62796336e-01
  -1.80362395e+00
  -1.83375655e+00
  -7.45830957e-01
   3.67336553e-01
  -3.39221927e-01
  -1.49936307e+00
  -2.57099957e-01
  -1.68648685e+00
  -2.67515522e-01
   2.21430543e+00
   1.49564851e+00
   9.99107669e-01
  -1.43852929e+00
   1.73047035e+00
   8.68547640e-01
   1.57912385e-01
   1.06744164e+00
  -8.42797132e-01
  -9.06827400e-01
  -6.70993926e-01
   1.99119316e+00
   1.03979312e+00
   1.72816108e+00
  -1.77752235e+00
  -4.28810091e-01
  -9.34985935e-01
  -2.01215914e-01
   2.88284926e-01
   2.22713252e+00
   1.34875280e+00
   2.33004397e+00
   5.39445901e-01
  -8.69062016e-02
   2.08314784e-01
  -1.09129818e+00
   2.53303241e-01
  -1.73705792e+00
  -1.11468043e+00
  -1.23932008e-01
  -2.70318548e-01
   5.84616313e-02
   1.01840557e+00
  -6.21160676e-01
  -3.87015243e-02
  -1.14101903e+00
   8.26104705e-01
  -1.10167926e+00
  -1.42104321e-01
   4.06560739e-01
   1.10476164e+00
   7.04214138e-01
  -1.26580779e+00
   6.73903077e-01
   1.31166265e+00
  -1.00601659e+00
   1.64705833e+00
  -1.08349272e+00
  -2.33910621e+00
   1.25263001e+00
   1.18872606e+00
   1.85129966e+00
   1.31254872e+00
   4.48060314e-01
   3.74631387e-02
  -1.80476955e+00
   3.67026423e-01
   3.71180258e-01
  -5.01918136e-01
  -4.59995680e-01
   1.48706843e-01
  -3.98747496e-02
   1.46350092e-01
   4.97394726e-01
  -1.02468098e+00
  -7.16634871e-01
   2.31041315e-01
  -3.93225566e-01
   2.38120654e+00
  -5.34131662e-01
  -1.37131365e+00
   1.13341226e-01
   1.34209698e+00
   2.41314792e-01
   8.33569270e-01
   6.53192052e-01
  -9.78687963e-01
   3.87558847e-01
  -2.13756528e-01
  -8.94974094e-01
   5.51933077e-01
  -1.39079811e+00
   1.27088832e+00
  -9.24179052e-01
  -4.21842466e-01
  -1.12937136e+00
  -8.86914947e-01
  -2.72620734e-01
   2.61577889e-01
   1.05266976e+00
  -1.54920482e+00
   1.83354626e+00
  -7.47563062e-01
   2.81201627e-01
  -4.97885103e-01
   3.38446447e-01
   1.23371095e+00
   4.27877549e-01
  -1.41069856e+00
   1.38544846e+00
  -1.87672287e-02
  -1.11978960e-01
   7.70573381e-02
  -1.39174908e-01
   1.10730577e+00
  -1.00647205e+00
   6.86753557e-01
  -1.29939153e-01
   1.04394860e+00
   8.68104444e-01
  -5.92189332e-01
  -4.16290663e-01
  -1.07117156e+00
   1.30427503e+00
   1.94478643e+00
   1.88689842e-01
  -7.69019784e-01
   9.11992686e-01
  -6.10467470e-01
  -1.79197381e-01
  -1.60652344e+00
  -1.54649310e+00
  -6.15883237e-01
  -6.31431594e-01
  -7.85103418e-01
  -6.05813990e-01
   1.51537137e-01
  -1.18924008e+00
  -1.14758871e+00
  -1.31219253e-01
  -8.78430517e-01
  -8.83538344e-01
  -1.10472991e+00
   3.42530839e-01
   8.40092552e-01
  -1.47509805e+00
   1.01120035e+00
   3.65463978e-01
  -2.36943264e-02
   8.58317581e-01
   8.74196186e-01
   1.55966202e+00
  -4.37235306e-01
  -1.88271571e-01
   7.23632719e-01
  -1.33393790e+00
  -1.15262289e+00
   1.80418233e+00
  -3.40876309e-01
   1.14477912e+00
   1.28531660e+00
   2.38446483e-01
   9.13218504e-01
   9.13410270e-01
  -6.68905742e-01
  -4.36284009e-01
  -6.48542666e-01
   3.35259781e-01
   1.96744503e+00
   1.08614240e+00
   9.30238112e-01
  -3.34931478e-01
   9.54797722e-03
  -3.40312923e-01
   5.46294522e-01
   1.65523714e+00
  -9.16088499e-01
  -4.33642369e-01
  -8.89732261e-01
  -1.91640756e+00
  -2.09500339e+00
  -4.85036864e-01
   1.16578549e-01
  -5.07068324e-01
   5.97169512e-01
  -1.01839610e+00
   9.52062239e-02
   1.34854133e+00
  -6.02990109e-01
  -1.11515047e+00
   1.26410576e+00
   8.29542877e-01
  -6.22627331e-01
   1.29351999e+00
  -6.83660323e-01
   1.97201297e+00
  -3.90573284e-02
  -1.58339768e-01
   4.59529603e-01
  -1.37624419e+00
   2.95140858e-01
  -1.09281837e+00
   1.01550266e+00
  -2.78600657e+00
   5.84062181e-02
  -4.46824856e-02
   4.48995961e-01
  -2.44846280e+00
  -1.49608178e+00
  -1.34195086e+00
   1.03575930e+00
  -4.22109222e-01
   6.13566374e-01
  -5.63598812e-01
  -6.73765440e-01
   9.99302671e-01
  -1.23348756e+00
  -1.10771081e+00
   1.77650813e+00
   1.44513928e+00
  -6.57978962e-01
  -1.48929772e+00
   1.56233886e+00
   9.38983497e-02
  -1.36325910e+00
   9.06669757e-01
   7.32801406e-01
  -2.29623327e+00
   6.92666747e-01
  -1.42684516e+00
  -8.46012369e-01
  -2.31287952e+00
   1.54492112e-01
   2.30982353e+00
   1.15821016e+00
  -2.55222635e-01
   5.67520372e-01
   2.21467046e-02
  -3.50277929e-01
  -1.05561610e+00
  -1.35925473e+00
   1.04992165e+00
   1.52129642e-01
   1.72947066e+00
  -4.58324726e-01
  -2.10704533e-01
   1.55294195e+00
  -3.90419993e-01
   9.79578450e-01
   2.42504666e-02
  -2.20286354e+00
  -2.09532523e-01
   6.27045423e-02
  -5.20816846e-01
  -2.72222435e-01
   4.02524956e-01
   5.32544205e-01
   4.75634601e-01
  -9.92038650e-01
   1.60020513e+00
  -6.23157385e-02
  -5.75354400e-01
   7.12131293e-01
   1.01156978e+00
  -8.01560689e-01
   1.79031670e+00
  -1.00589612e+00
   6.96024821e-01
  -6.30790288e-01
  -9.43381963e-01
  -6.34030235e-01
  -1.92243883e-01
   1.13030050e+00
   9.27285148e-01
  -1.15366588e+00
   7.54628900e-01
  -2.83221419e-01
  -3.43237213e-01
   2.49684815e+00
  -6.04832813e-01
   1.46764282e-01
  -1.10212054e+00
   3.65061991e-01
   1.61946746e+00
  -2.41210876e-01
   1.30819773e+00
   1.21551070e+00
  -9.12215038e-01
   2.27970244e+00
   6.93298283e-01
  -1.68046933e+00
  -2.33684371e+00
   1.05997220e+00
   1.08017807e+00
  -7.45339836e-01
  -1.91900290e+00
  -1.97867644e-01
   3.73318806e-01
  -5.55844360e-01
   4.78708409e-01
  -1.57747151e-01
   9.60322535e-01
  -3.34514886e-02
  -9.12154256e-01
   4.74474351e-01
  -4.21034439e-01
  -1.40804396e+00
   9.52133874e-01
  -1.32453020e-01
  -7.25587141e-01
  -4.04716434e-02
  -5.43472107e-02
  -6.08920760e-01
  -1.39375566e+00
   8.49796711e-01
  -2.19380471e+00
   2.11334616e-01
  -1.25827389e+00
  -5.35170371e-01
  -8.44382712e-02
  -1.70158895e+00
  -1.26865321e+00
   8.55292878e-02
  -8.09864111e-01
   7.53772937e-01
  -1.04718366e+00
   6.65662453e-02
  -3.16907179e-02
   2.08826673e-01
   3.69560168e-01
  -8.62113527e-01
   2.84010661e-01
   9.36470137e-01
   6.30719037e-01
  -5.40465113e-01
   9.21099236e-01
  -3.99328158e-01
  -1.26118391e+00
  -3.96818267e-01
   2.30169065e-01
  -2.05215443e-01
  -9.24289334e-01
   6.49604009e-01
   5.38015283e-01
  -5.95162058e-02
  -8.42415067e-01
   6.07718976e-01
   1.12382608e+00
   9.02591677e-01
   3.13349644e+00
   1.05515611e+00
   7.71787507e-01
   2.26308961e-01
   1.27046406e+00
  -1.58558870e+00
   4.43755033e-01
  -1.52057111e+00
  -1.04047347e+00
   1.48435541e-01
  -5.75515075e-01
   1.99371436e+00
  -1.00191178e-01
   6.47626313e-01
   3.34057300e-01
  -5.70189483e-01
  -7.61765365e-01
   1.32172981e+00
   2.52163272e-01
   9.39386223e-02
  -6.48118884e-01
  -1.83067368e+00
  -7.23127443e-01
  -1.25400046e+00
   6.20930853e-01
   7.18754281e-01
  -1.00457687e+00
  -7.37438559e-01
   4.50372519e-02
  -9.47268110e-01
  -3.69050498e-01
  -4.73106813e-01
  -8.14962389e-01
  -2.18799121e-02
  -1.45625699e+00
  -2.35817999e+00
   1.77165392e-01
   1.37560857e+00
  -1.11709061e-01
   9.80061420e-01
  -1.83211077e+00
  -3.06180211e-01
  -7.17015246e-03
  -1.41074256e-01
  -9.36001259e-01
  -2.99310000e-01
   9.69073221e-01
   3.28341604e-03
  -4.57187845e-01
  -1.48322034e+00
   9.12553656e-01
  -1.43610630e+00
   8.83670694e-02
   2.20525152e-01
   9.33386851e-01
  -1.34076815e-01
  -5.56763797e-02
   4.78723310e-01
  -4.61436901e-01
  -1.57219051e-01
   3.15110275e-01
   4.55339025e-01
   1.59863169e+00
   1.19349280e-01
  -1.00932577e+00
  -2.65970633e+00
  -1.31905818e+00
   1.60743758e+00
  -9.71910392e-01
  -6.70038033e-01
   1.85261992e-01
   1.56082651e+00
  -6.60719157e-01
  -1.36512383e+00
  -3.09895378e-01
   2.60306199e-01
   2.93480025e-01
  -1.11113484e+00
   1.25298078e-02
  -1.36592959e-01
   5.95732932e-01
   7.65344427e-02
  -6.02499059e-01
  -9.03251313e-01
   4.61922587e-02
  -1.71688311e+00
   1.72680365e+00
  -1.44219969e+00
  -7.12842421e-01
  -7.61333609e-02
   1.16144734e+00
  -2.81435015e-01
   5.79837539e-01
  -8.59925581e-01
  -1.84812851e+00
  -4.98989899e-01
  -9.68656977e-01
   3.18935997e-01
  -2.18788597e-01
  -7.35198563e-01
   6.83316029e-01
   4.47984081e-01
   4.17661823e-01
   1.56127379e-01
   1.65953957e+00
   3.93139327e-01
  -4.97514173e-01
   1.42358793e+00
  -7.87885686e-01
  -1.15489059e-01
   8.29979779e-01
  -3.97779158e-01
   3.92024827e-01
   5.60082853e-01
   1.20363570e+00
  -1.30712543e+00
   3.25736608e-01
  -1.25609973e+00
   3.90804381e-01
   1.35121753e+00
  -2.63812952e-01
   1.12405504e+00
  -6.57889734e-01
   6.32107719e-01
  -2.11786391e+00
  -6.98621852e-01
   1.67328340e+00
  -3.04615136e-02
  -8.44827163e-01
   7.89047616e-01
   4.44925989e-01
  -1.22365954e+00
  -3.20320776e-01
  -5.09499968e-01
   1.11137953e-01
  -2.17195391e+00
   1.93827880e-01
   2.22949406e+00
   1.59486750e+00
   7.53502129e-01
   2.28056566e+00
  -1.48752342e+00
  -6.41756916e-01
   1.43076755e-01
   1.28676816e+00
   3.67560519e-01
   1.52146908e-01
  -1.06167396e+00
   9.44041641e-01
  -1.53499839e-01
  -6.77264772e-01
   8.89451470e-02
   4.30472947e-01
  -1.50714850e+00
   4.98805397e-01
  -1.63138868e+00
   1.64219215e+00
   3.14520790e-01
   5.33664548e-01
  -2.43625835e-01
  -7.25619486e-01
  -2.29408809e-02
   3.64445535e-01
   3.97545594e-01
  -7.53882157e-02
   1.81475306e+00
  -1.04108573e+00
  -7.70161526e-01
   3.13392963e-01
  -1.78961881e+00
  -1.06150462e+00
  -2.95571538e-01
   9.56704960e-03
   4.97251849e-01
  -1.51696323e-01
  -1.86820572e+00
   4.51397526e-01
  -3.14049649e-01
   1.23362699e+00
  -8.18035226e-01
  -1.84939526e+00
   7.05598381e-01
  -1.61242366e+00
   2.86343736e-01
   2.12278314e-01
   1.17727203e-01
  -9.69676535e-01
   1.49560187e+00
   4.38458043e-01
   1.48820672e-01
   1.77462324e+00
   4.68495946e-01
  -1.61682516e+00
   2.11427649e+00
   3.10342820e-01
  -1.29716560e+00
  -4.99053404e-01
  -5.91445401e-01
   1.18481816e+00
   7.53241120e-01
  -4.07681009e-01
  -1.65204074e-01
   2.71223081e-01
  -8.03538788e-01
  -7.17879590e-01
   1.06750094e+00
   4.04106405e-01
   1.44461368e+00
  -1.27032080e+00
  -5.72401539e-01
  -1.90509712e-02
   1.29727303e+00
   2.35590338e+00
   1.45579645e+00
   5.62431383e-02
   6.52135677e-01
   1.26777374e+00
  -1.11519428e+00
   7.47029588e-01
   1.31344210e+00
  -5.24207604e-01
  -5.46446611e-01
  -6.67492791e-01
  -2.63724702e-01
   4.27298163e-01
   1.08668692e+00
  -1.77270786e-01
  -1.80635779e+00
  -3.75255559e-01
   1.39076420e+00
   6.03337504e-01
   1.71827523e-02
   1.59026072e+00
  -1.16246790e+00
  -8.43283289e-01
   1.19227781e+00
   1.43697326e+00
  -3.22418062e-01
  -5.24139923e-01
   5.23126253e-02
  -2.52104838e-01
  -2.23365641e+00
  -1.45758286e+00
  -1.52006661e+00
   2.03679738e-01
   6.90517216e-01
  -1.25599613e-01
  -4.75378926e-01
   5.28413474e-01
   1.15809807e-01
   1.53674836e-01
  -7.93869402e-01
  -6.33316309e-01
   8.33751285e-01
   1.45323255e+00
  -5.60746585e-01
  -7.00257428e-01
   1.06015366e+00
  -1.30572600e-02
   1.29952337e+00
  -2.08952217e-01
  -3.01421759e-01
  -1.03975341e+00
   1.71403984e+00
   8.97567752e-01
   1.24026371e+00
  -1.25011603e-01
  -1.83746453e+00
   6.99416937e-01
  -1.76166638e+00
  -9.92577704e-01
  -6.24861385e-02
   1.66293719e+00
  -1.01681721e-01
  -1.12401224e+00
   6.14639324e-01
  -9.53014692e-01
   1.31523513e+00
  -6.13199387e-01
   5.18752294e-01
   8.89858549e-01
  -1.04348441e+00
  -1.13372051e+00
   9.43763114e-01
  -8.46801677e-01
   3.05865734e+00
  -1.56812434e+00
   1.64968408e+00
   3.41443722e-01
   5.56294195e-01
   4.60077857e-01
  -8.31753126e-01
   1.13728275e+00
  -7.00672746e-01
  -1.32721291e+00
   3.36111464e-01
  -3.99198222e-01
   9.09205512e-01
   9.33799752e-01
   8.84433031e-01
  -7.51695255e-01
   3.06877942e-01
  -3.05612608e-01
   8.24342804e-02
   8.43737921e-01
   1.36089887e-01
  -7.14088554e-01
  -2.10650186e+00
   1.28334319e+00
   2.42865701e-01
  -6.35363034e-02
   7.37905186e-01
   3.10397869e-01
  -2.75346317e-01
  -2.00034604e+00
  -1.71637348e+00
   1.09552482e+00
   2.23225602e+00
  -1.78613455e+00
   2.73265265e-02
  -1.02005813e+00
  -8.20769033e-02
   3.25188476e+00
  -8.90966674e-01
  -2.11175937e+00
  -3.11553652e-01
  -9.07365618e-02
   7.26225943e-01
  -2.06634099e+00
   1.33653681e+00
  -3.74970025e-01
   3.89718540e-01
   1.57928013e+00
  -1.58772492e+00
   4.04147677e-02
  -4.20945623e-01
  -1.29908439e+00
  -1.74058162e+00
   1.27990927e+00
   1.37716663e+00
   2.81634179e-01
   8.36670672e-01
  -1.13959643e+00
  -1.03424727e+00
  -5.17552089e-01
  -2.06082349e+00
  -3.12137071e-01
  -4.73809249e-01
  -9.29456362e-01
  -1.32793232e+00
  -9.43033447e-01
  -1.56361598e+00
  -7.77239564e-01
   4.67998743e-01
   1.59270194e+00
  -6.29570362e-01
  -2.31887894e+00
   3.44917700e-01
  -7.65125625e-01
   1.66384928e+00
  -8.99778941e-02
  -8.09275393e-01
  -5.89169040e-01
  -8.59237957e-01
  -5.63712868e-01
   3.98348253e-02
   1.74668829e+00
   4.17627998e-01
   2.32754942e-01
   1.46476034e+00
  -2.01998118e+00
   9.49797681e-01
   1.30818024e+00
  -1.62294159e-01
  -4.61555533e-01
   4.48038417e-01
   1.28279274e+00
   1.10756269e+00
  -9.19972556e-01
   4.46779820e-01
   6.77929502e-02
  -1.21792849e-01
  -2.32437229e-01
   1.86731267e+00
  -1.16690355e+00
  -3.75047439e-01
  -1.60175655e+00
  -6.61923534e-02
  -1.86902408e-01
   8.92947309e-01
   1.32803965e+00
   5.92068015e-01
   1.30630794e-01
   1.64264345e+00
  -1.96628149e-01
  -1.07607852e+00
   1.37129520e-01
  -4.69884915e-01
  -2.41352082e+00
  -1.30455643e-01
   6.16794142e-01
   6.49082480e-01
   1.17292571e+00
   1.08749882e+00
   9.35173848e-01
  -7.88549134e-02
   7.72259465e-01
   1.62648550e+00
   8.17994453e-01
   4.67768283e-01
  -5.27043157e-01
  -1.60308562e+00
   6.70684296e-01
  -6.32315267e-01
  -1.19074596e+00
  -9.34751665e-01
   7.09426741e-01
   7.76637556e-02
  -3.41742882e-02
  -1.65198090e+00
   1.08128457e-01
   3.69708930e-01
   1.11938240e+00
  -2.56633141e-01
   7.76187824e-02
  -2.14494202e+00
   1.60383457e+00
   1.82194397e+00
  -4.67626259e-01
   8.41280890e-01
   5.83971804e-01
  -4.92320161e-01
  -2.32730642e-01
   1.07217138e+00
   1.14534951e-01
  -1.23150268e+00
   5.32716729e-01
  -9.61888508e-01
   7.12593207e-04
  -8.72389737e-01
   8.13149749e-02
   7.64233527e-01
  -9.27017649e-01
   1.05667207e-01
  -9.32917380e-01
  -6.14681734e-01
   6.07116512e-01
  -1.21400596e-01
  -8.51304461e-01
   2.26492575e-01
  -2.07031248e+00
  -9.54541441e-02
  -1.26842467e+00
   4.65632499e-01
   1.95336280e-01
   5.81594757e-01
  -7.21753225e-01
  -8.37511657e-01
  -1.53237467e+00
  -3.48779178e-01
   6.24291105e-01
   2.44605660e+00
  -4.84999736e-01
   7.62441472e-01
  -5.66611930e-01
  -1.03558536e-01
   7.65344608e-01
  -1.40011895e+00
   9.15668196e-01
   1.08114357e+00
  -1.30040298e+00
   1.15803568e+00
  -9.24311815e-01
   1.80786920e+00
  -7.63763654e-01
   1.18864657e+00
  -1.39653337e+00
  -1.51767296e+00
  -1.37568805e+00
   9.60883252e-01
  -7.86932014e-01
  -8.31899590e-01
  -4.39679703e-02
   1.92106448e-01
  -7.68614287e-01
  -4.37544104e-01
  -2.15826933e-01
   1.20054764e+00
   5.93237916e-01
   1.41124862e-01
  -7.45465601e-01
  -4.82437621e-01
  -4.67103768e-01
  -1.71204642e+00
  -8.26084805e-02
   5.81236564e-01
   1.15040879e+00
   7.00830374e-01
  -2.31705808e-01
   6.17681330e-01
   3.54903901e-01
  -4.23691662e-01
  -1.06634869e-01
  -4.09535909e-01
  -1.22226152e+00
  -1.19193435e-01
   1.88481957e+00
  -6.47582338e-01
  -1.47090812e+00
  -2.27121671e-01
  -7.72002649e-02
  -2.16522896e+00
   8.03856888e-01
   1.15633904e+00
   5.16193226e-01
   2.18102292e-01
   1.10773949e+00
  -1.13252843e-01
  -4.30128687e-01
   1.48830419e+00
   1.43872013e+00
   2.62370077e-01
   1.75278843e-01
  -3.80050745e+00
   4.51162242e-01
   6.76124620e-01
   9.88399207e-01
   1.02155899e+00
  -4.57896094e-01
  -1.65628723e-01
  -7.29161992e-01
  -7.75739371e-01
   2.47499265e-01
  -9.01210617e-01
  -4.51163111e-01
  -6.71260011e-01
   6.80882153e-01
  -5.89687934e-01
   5.78805231e-01
   1.28789370e-02
  -1.32363623e-01
  -2.72890544e+00
  -1.72065277e+00
  -8.11196173e-01
   6.56615318e-01
  -2.75344853e-01
   2.50131035e-01
   9.46246972e-01
  -1.38611586e+00
  -1.87224854e-02
  -7.74098352e-01
  -3.76387299e-01
  -2.66571901e-01
   4.03372179e-01
   1.51545200e-02
   5.13960493e-01
   2.39132381e+00
  -3.48368530e-01
  -1.59254349e+00
   4.93686795e-01
   6.30258591e-01
   3.24950144e-01
   2.74465818e+00
   8.93028848e-01
  -1.45470117e-01
  -1.45352858e+00
  -1.09037474e+00
   2.61013532e-01
   1.16296495e-01
  -5.05929043e-01
   1.53980398e+00
  -6.35768842e-01
   1.28808005e-01
  -2.41954395e-01
   3.25554583e-01
  -9.82961372e-01
   1.74617593e+00
  -3.84527522e-01
   3.84095084e-01
   1.29764061e+00
   2.36109153e-01
   1.02860099e+00
  -6.44999233e-01
   1.58757484e-01
  -2.01290113e+00
   3.17542693e-01
  -1.31111637e-01
   2.82793842e-01
   8.57545611e-01
  -1.12513596e+00
   8.93395484e-01
  -1.44695290e+00
  -5.57790331e-02
   8.03485965e-01
  -4.25032882e-01
  -3.43562086e-01
   6.86455619e-01
  -3.54931385e-01
   2.49326769e-01
  -2.04313002e-01
  -7.74175123e-01
  -6.00914180e-01
  -8.02155236e-01
  -2.88808007e-01
   7.74789895e-01
   8.90104276e-02
   5.57085010e-01
   3.71633110e-01
   1.13111775e+00
   1.68271547e+00
  -5.18411607e-01
   7.44871007e-01
  -3.87503329e-01
  -2.97638057e+00
   1.48320029e-01
   3.99064723e-02
  -9.96244344e-01
   5.51158056e-01
   2.83086737e-01
   9.27351235e-01
   1.34312732e+00
   1.95890334e-01
   5.62587073e-01
   5.70466736e-01
   2.55162365e-01
  -5.64191173e-01
  -3.46791208e-01
  -3.22686399e-01
  -1.87554588e+00
   1.23887822e+00
   1.06939603e-02
   1.19894756e+00
  -1.58209284e+00
  -1.01093522e-01
   1.23454409e+00
  -9.61671135e-02
   1.01833958e+00
   5.95002250e-01
  -1.15287863e+00
  -3.73612813e-02
  -1.25576602e+00
  -2.32781382e-01
  -5.72254323e-01
  -7.67752370e-02
  -1.37608662e+00
   9.69660341e-01
  -4.11936804e-01
  -8.67040449e-02
   3.48289696e+00
   8.94011051e-01
  -2.50997790e-01
   6.23743824e-01
   1.19906998e+00
  -9.54641178e-01
   1.23563182e+00
  -1.49222411e-01
   6.06916997e-01
   1.45931049e+00
   1.10033909e+00
  -2.43140612e+00
  -1.65406027e-01
   1.31410105e+00
  -7.03485526e-01
   1.91403291e-01
   1.14871943e+00
  -3.07790010e-01
   4.49374861e-01
   8.68765749e-01
   2.37848588e-01
  -2.72773177e-01
  -1.67869256e+00
  -4.78015585e-01
   3.35009339e-02
   2.61848857e-01
   1.89883153e-01
  -3.51778407e-01
   1.40789140e-01
  -1.23373237e+00
   1.55017730e+00
   9.06388185e-01
  -5.07505855e-01
  -3.61969193e-01
   2.05214412e+00
   1.00429047e+00
   9.96501872e-01
   9.47360494e-01
   4.10277996e-01
   1.34685882e+00
