 -1.57557343e-01
 -5.88731794e-02
  3.92549925e-02
 -1.01722646e+00
  1.02099735e+00
  8.68701468e-01
  7.90124092e-01
  4.57553786e-01
 -1.19766747e+00
 -1.10481658e-01
 -1.98569982e-01
 -1.58239861e+00
  1.07229070e+00
  3.06721508e-01
  2.40663827e+00
 -3.30536089e-01
 -1.41281903e-01
  8.41745367e-01
  1.69948484e+00
 -7.27991047e-01
 -1.20587576e+00
 -1.06839362e+00
 -2.16803279e+00
  2.50738598e-01
 -9.44269175e-02
 -9.17408108e-02
 -1.06321940e+00
  1.14752628e+00
 -1.12730245e-01
 -8.18584943e-01
  1.58215577e+00
 -6.89813964e-01
  1.26605459e+00
  2.10098421e+00
 -1.08719347e-01
 -4.17273061e-01
 -2.07423419e-01
 -7.79330512e-01
 -5.48043295e-02
 -5.60251853e-01
 -1.35402670e+00
 -1.20785443e+00
 -1.62567713e+00
  1.26445832e+00
  1.24035945e-01
  3.37406219e-01
  5.27025553e-01
  2.28750039e+00
 -8.36602502e-01
  1.08270039e+00
 -1.30674911e+00
  1.00458609e+00
  7.00236051e-01
  9.36535403e-01
  7.50443780e-01
 -1.45098326e+00
  6.34521013e-01
  2.60406142e-01
 -7.90862636e-02
  5.06293268e-01
  1.10106156e+00
 -2.38010702e+00
 -1.10740429e+00
 -1.06107070e+00
  2.64978652e-01
  1.07383716e+00
 -2.52788951e+00
 -1.01984500e+00
  1.26913707e+00
  3.22448287e-01
  7.93508514e-01
 -6.68574851e-01
 -3.59587689e-01
  2.72165747e-01
 -1.59957014e+00
  2.74605718e-01
 -2.43230049e-01
  1.54581168e+00
  6.66959077e-01
 -2.07947691e+00
 -3.62647280e-01
 -1.20849295e-01
 -4.20611264e-01
 -5.03771088e-01
 -1.43383042e+00
 -1.62281592e+00
 -6.57955816e-01
  9.34756622e-01
  4.01227037e-01
  2.14032333e+00
 -7.55410843e-01
 -2.24821645e-01
  9.87646032e-01
  5.86997406e-01
 -8.72440072e-01
 -5.89757369e-01
 -4.44388841e-01
 -2.54818735e+00
  1.22009472e-01
  1.57655029e+00
  2.50876992e-02
 -2.02131934e+00
  4.95004417e-01
  1.54076471e-02
 -4.98766096e-01
  2.67720475e-01
  8.78682988e-01
  1.77991751e+00
 -1.48952857e+00
 -1.26180477e+00
  2.42431614e-01
  1.93225452e-01
 -4.74159268e-01
  2.04382741e+00
  5.21917700e-01
 -3.57680513e-01
  6.05205915e-01
 -1.00388258e+00
 -2.31503756e-01
  1.31250610e+00
 -1.58371352e+00
 -3.64609470e-01
  1.87022738e+00
 -9.31210548e-01
  2.31812301e-01
  3.45627455e-01
 -9.67445046e-01
 -7.19759656e-01
 -4.12720740e-01
  1.02825398e+00
  1.87782697e+00
  5.90486579e-01
  1.14155637e+00
 -4.02241582e-01
  2.52739950e+00
 -7.45778772e-01
  7.91582378e-01
 -2.23111078e-01
  5.31716761e-02
 -6.80139922e-01
 -1.49895960e+00
 -1.15387387e+00
  6.72897947e-01
 -1.09824054e+00
 -1.09636340e+00
 -5.38541126e-02
 -5.65964120e-01
 -2.29399737e+00
  2.51170997e+00
  9.34942363e-01
  3.87987099e-01
  1.04993158e+00
 -5.38686212e-01
 -7.38571216e-01
 -2.69158700e-01
  1.24463277e+00
 -1.64538376e-01
 -6.97733937e-01
  2.00325879e+00
 -1.45737124e+00
  4.58526026e-01
  6.81332487e-01
 -1.20952722e-01
  5.36418818e-01
  1.32655796e+00
 -1.21332579e+00
  1.36158358e+00
  2.19099694e-01
  2.48911521e-01
 -8.71113258e-01
  8.76140107e-01
 -5.83234397e-01
 -2.99001749e-01
 -4.29152455e-01
  3.78999023e-01
 -7.21612838e-02
  4.89201709e-01
 -6.16083407e-01
 -4.13859012e-02
  4.36320352e-01
 -6.48032536e-01
 -5.03612836e-01
  7.99361210e-01
  3.02648575e-01
  2.94273370e-02
  1.39682193e+00
 -4.08109772e-01
  2.32619098e-01
 -1.57510503e+00
  6.30987608e-01
  3.29278442e-01
 -6.02870575e-01
  3.53504345e-02
 -4.34022539e-01
 -1.38633933e+00
  2.56442682e-02
 -1.15184227e+00
 -5.02179620e-01
 -1.31990349e-01
  4.69747212e-01
  2.30536338e-01
 -5.53947776e-02
 -5.87256923e-01
 -4.96082725e-01
 -1.28969718e-01
 -1.04585463e+00
  9.66563805e-01
 -2.21342187e+00
  4.41756126e-01
  2.85136929e-01
  1.10799830e+00
  5.00918473e-01
  2.53085333e-01
 -1.57911081e+00
 -1.26529288e+00
  1.79363578e+00
 -8.07830265e-01
  2.51222457e+00
  4.36523859e-01
  3.86176389e-01
 -3.58040282e-01
  4.27630790e-01
 -1.59546026e-01
  1.63801011e+00
  2.26203926e+00
 -6.80071961e-02
 -4.72918326e-01
 -1.07235088e+00
  1.27981049e-01
  1.26189578e+00
 -9.37624226e-01
 -1.13061194e+00
  3.04795864e-01
 -1.70500502e-01
 -8.64760331e-02
 -1.97745252e-01
  6.27805652e-01
 -7.92860352e-01
 -1.02365563e+00
 -5.30104974e-01
 -2.12767641e+00
 -1.23644585e+00
  1.74080635e+00
 -1.67646712e-01
  1.97403484e-01
 -1.17156153e+00
  7.69839908e-01
 -9.31219888e-01
  7.53540909e-01
 -6.01195645e-01
 -1.37173239e+00
  1.63634079e-01
 -6.50361846e-02
 -1.50306979e+00
  1.64732327e-01
 -1.34007184e-01
 -3.45645257e-01
 -5.01069353e-01
 -1.98476470e+00
 -7.66089238e-01
  5.12759616e-01
  8.76578611e-01
 -1.34956369e+00
 -4.35046737e-01
 -1.78107897e-01
  1.37737227e-01
  1.09401711e+00
 -8.69358212e-01
  5.26818041e-02
  9.89077403e-02
  1.53109381e+00
 -1.12055849e+00
  5.87921974e-01
  2.14857892e+00
 -4.77406973e-03
 -3.59196617e-01
 -1.43949946e+00
  9.59447794e-01
 -3.14649901e-01
  1.04193739e+00
 -4.61912248e-01
 -5.59565678e-01
 -2.00207677e+00
  4.92839502e-01
  7.13521261e-01
 -5.81703503e-01
 -2.22090892e-01
  8.82911730e-01
  3.30328967e-01
 -1.20661914e-01
  8.21117938e-01
 -3.93349745e-01
 -5.74733214e-01
 -3.70818832e-01
 -4.45265460e-01
  8.82782385e-01
  8.91053251e-01
  9.21189296e-01
 -8.64197444e-01
  8.77305224e-02
 -3.18265151e-01
  6.11356393e-01
 -1.81273347e+00
 -9.79330846e-01
 -1.15576458e+00
  7.70368414e-01
 -6.24740365e-01
 -2.12120671e+00
 -2.28905075e-01
 -1.81752228e+00
  1.42586171e+00
  6.77412005e-01
  9.53373919e-01
 -2.38658959e-01
 -2.14802363e+00
 -3.99200457e-02
  3.34424008e-01
  9.63241754e-01
 -2.13302128e+00
  6.87466278e-01
 -7.47051444e-01
 -2.33321996e+00
  1.06992358e+00
  1.14950452e+00
 -7.10077143e-01
 -3.30569523e-01
  1.40522810e-01
  8.47387511e-01
 -2.02642150e+00
 -1.61684275e+00
  2.82295703e+00
 -5.62823098e-01
 -2.78628320e-01
 -4.00827607e-01
 -2.91083870e-01
 -1.25086589e-01
  3.14627356e+00
  9.96789487e-01
  4.52851687e-01
 -2.41389282e+00
 -1.04449924e+00
  4.30014654e-01
 -9.19329067e-01
 -3.23535160e-01
  1.23343121e+00
  1.19726615e+00
 -9.91067395e-01
 -9.88617622e-01
 -1.32736517e+00
  6.96380134e-01
 -2.11368591e+00
  3.47970078e-01
  1.00586738e-02
 -4.04822355e-01
 -2.56149529e-01
  4.91042370e-01
 -6.17217084e-01
 -5.34090961e-03
 -6.88128426e-01
 -2.22892657e-01
 -4.51683008e-01
  8.95792038e-01
  2.02714183e+00
 -1.48851720e-01
 -6.49827270e-01
  5.12164587e-01
  3.28566491e-02
  2.90125843e-01
  2.02901377e+00
  1.90848524e-02
 -1.39600531e+00
 -2.35415303e-01
  1.87107757e-01
 -1.57261229e+00
  1.80078943e-01
 -1.41411295e+00
 -7.54823345e-01
  5.34233778e-01
  2.91977245e-01
 -1.92354975e+00
  1.35385891e+00
  2.14488859e+00
  6.78315653e-01
 -2.80622506e-01
 -2.02623272e-02
 -4.42991741e-01
  7.21661274e-02
 -1.89415604e+00
  8.77851671e-01
 -7.20373978e-01
 -1.64510774e-01
  1.91351251e-01
 -1.37213555e+00
  1.19301827e-01
 -4.49632348e-01
 -5.75802042e-01
 -3.29734357e-01
  1.24028801e-02
  1.96019251e-01
  1.76025502e-01
  5.48661091e-01
 -1.26977920e+00
  2.77435931e-01
 -2.61689786e-01
 -6.76780710e-01
  3.58422977e-02
  2.04265684e-01
 -2.65846606e-01
 -6.34741863e-01
 -1.18892774e+00
  6.01592624e-01
  6.23695531e-03
  9.04077154e-01
  5.91360915e-01
 -7.77078243e-01
  1.58640205e+00
  2.66197150e-01
 -1.51670061e-01
  1.82805557e+00
  4.66747965e-01
 -1.05616767e+00
  1.84513925e+00
  1.41303199e+00
 -2.01569178e-01
 -7.75098475e-03
 -3.91837931e-01
  5.29638563e-01
  1.22756422e+00
  2.36007983e+00
  1.57149571e-01
 -9.79103969e-02
  3.01654491e-01
 -2.94689179e-01
 -9.87881962e-01
  1.00268957e-01
  1.00930398e+00
 -8.55108631e-02
 -6.74279919e-02
 -6.77364072e-02
 -1.30751722e+00
  1.43696660e+00
  1.13836963e+00
 -2.09090873e-01
  6.44906577e-01
 -2.17932779e-01
  4.33568152e-01
 -1.46486838e+00
 -4.26982311e-01
  8.44589627e-01
 -5.25333275e-01
  4.85831742e-01
 -4.56665475e-01
 -7.85666987e-02
  1.71302323e+00
 -7.40960566e-01
 -1.72160208e-01
 -6.80367126e-01
  7.47856316e-01
 -1.14087725e+00
  1.10508757e-01
 -2.65429569e-01
 -1.00595191e+00
 -9.49974823e-01
 -5.94598542e-01
  5.68309673e-01
 -4.31478902e-01
 -1.15770963e+00
 -3.22964357e-01
 -7.46692655e-01
 -1.76553190e+00
 -7.86025376e-01
 -1.10185573e+00
  2.75973598e-01
 -1.13379933e-01
 -1.05700316e+00
 -3.06944830e-01
  2.13847587e-01
 -1.99733568e+00
 -1.75105522e+00
 -7.88500674e-01
  1.85004461e+00
 -5.14767411e-01
 -3.11691999e-01
  2.37353789e-01
  6.23284773e-01
  5.66733742e-01
  1.78454678e+00
 -1.81523843e+00
  9.90037146e-02
  9.50115363e-01
  9.53946080e-01
  9.54556051e-01
  1.10415952e+00
 -2.15828917e-01
  4.51132838e-01
 -1.21608358e+00
  2.74932659e-01
  5.34521409e-01
 -1.20875616e+00
 -1.22621091e-01
  7.82351746e-01
 -1.18626670e+00
 -2.45166572e-01
 -1.44682357e-02
  1.84184889e+00
 -1.53037417e+00
  3.08399382e-01
  1.71117721e-01
 -4.68667826e-01
  2.38084155e-03
 -2.76115225e+00
 -7.99230803e-01
 -7.49469386e-01
  6.98876378e-01
  2.03016399e+00
  1.25589967e+00
 -1.46830166e+00
 -5.37149312e-01
 -9.49069838e-01
  8.81456123e-03
  1.01699866e+00
 -9.83749307e-01
 -3.43459481e-01
 -2.47305331e-01
  1.27850047e+00
  1.18239782e+00
  5.37782068e-01
 -6.10715816e-01
 -3.40025710e-03
  7.79532928e-01
 -7.30957570e-01
  1.24469678e+00
  1.24089024e+00
  8.51733306e-01
 -9.87140063e-01
 -1.21516659e+00
  1.84154057e-01
 -3.61786639e-01
 -4.98654483e-01
  3.45618523e-01
  1.70163794e+00
  6.91771464e-01
 -3.48833679e-01
  7.52630097e-02
  2.62307386e+00
  1.91308272e-01
  1.58434959e+00
  2.24833099e-01
 -6.31894346e-01
  1.00778140e+00
 -3.51690775e-01
 -1.17545043e+00
  9.29250174e-02
 -8.75715171e-02
  3.68075103e-01
  2.13795861e-01
 -2.22911201e-01
 -2.46579230e+00
 -9.72617545e-01
  1.41609540e+00
 -1.25007099e+00
  5.47111317e-01
  5.64001684e-01
 -6.00637555e-01
 -8.43585555e-01
 -6.53238596e-01
 -6.71429484e-01
 -9.29947024e-01
 -1.45688999e+00
  1.22163864e-02
 -3.62890918e-01
 -1.61181367e+00
 -5.91715862e-01
  1.02948097e+00
 -2.44422307e-01
  6.50413741e-01
  4.72118270e-02
 -3.20274999e-01
  5.83468972e-01
  1.50464219e-01
  1.72674593e+00
  8.13195364e-01
 -6.71521272e-01
 -9.89263656e-01
  1.41064119e+00
 -1.79312960e+00
  3.69681524e-01
 -7.52691386e-01
 -1.55603580e+00
 -1.42266601e+00
 -2.79349573e+00
 -1.65349301e+00
  1.33621155e+00
 -6.97879471e-01
 -1.12155703e+00
  1.61775234e-01
 -5.12488009e-01
 -1.56404806e-02
 -1.40440446e+00
  9.21277423e-01
  9.20210515e-01
 -6.73820885e-01
 -2.95964241e-02
 -1.02160306e+00
 -1.11743122e+00
  1.06177560e-01
  3.04378875e-01
 -6.93973550e-01
 -6.20897850e-01
  7.03180482e-01
  1.60426523e+00
  2.60749036e-01
  1.59414462e-01
 -7.09391366e-02
  1.83632927e+00
 -9.92347955e-02
  1.28564771e+00
 -2.31103530e+00
 -1.24196322e+00
 -2.73422579e+00
  1.15685382e-01
 -3.34950543e-01
  3.14197996e-01
 -2.07298325e+00
  1.00628017e-01
 -5.94397313e-01
  2.30944740e+00
  1.29870672e+00
 -1.74525267e+00
 -4.63587164e-01
 -1.02894592e+00
 -5.47530295e-01
 -3.42693090e-02
 -8.71055381e-01
  1.53784446e+00
  2.83776059e-02
  1.25821758e+00
  5.85532265e-03
  3.27684613e-01
  2.21847819e-02
  3.23070290e-01
 -2.05320505e+00
 -1.05748803e+00
  4.98148192e-01
 -2.03379010e+00
 -1.91926551e-01
 -8.55660999e-02
  5.99347630e-01
 -1.47767954e-01
 -6.82892702e-01
  1.07346954e+00
 -5.45724227e-01
  3.51271085e-01
 -4.12827912e-01
  2.19238021e+00
  4.15828139e-01
 -4.94089722e-01
 -5.61093113e-01
  2.54901826e-01
 -2.59358666e-01
  4.77125170e-01
  6.42359968e-01
 -1.15531574e+00
  1.11240319e-01
 -5.72720028e-02
  2.41639709e+00
 -3.85598701e-01
 -5.11467179e-01
 -1.33750306e+00
  2.76010133e-01
 -8.36294005e-01
  7.58313782e-01
 -1.17761598e+00
  5.18471366e-01
  4.09204507e-01
 -1.44311841e+00
  1.59507413e+00
  4.54550611e-02
 -4.88729557e-01
 -6.08106050e-03
  5.53477548e-01
 -9.86639342e-01
  3.57617645e-01
  3.84623179e-01
 -2.98473755e-02
 -1.25851537e+00
 -1.89216132e-01
  6.52275458e-01
 -1.53989449e+00
  1.55545606e+00
 -1.83482425e+00
  2.25974930e+00
 -7.50314499e-01
 -1.10418578e-01
  4.23251248e-01
  8.78533456e-01
  4.13689976e-01
  3.68787166e-01
  1.10248191e+00
  3.65956108e+00
 -9.44687432e-01
 -1.29531960e+00
  2.79803580e+00
 -1.24014634e+00
 -1.83978669e+00
  3.84672611e-01
  2.28391200e-01
 -1.07477998e+00
  7.86642876e-01
 -4.33048943e-01
  1.69144736e+00
 -1.34366071e+00
  5.27228991e-01
 -4.87615531e-02
  1.22807689e+00
 -7.12401937e-01
 -4.57806187e-01
  1.49736568e+00
  1.30018857e+00
  7.56058807e-01
 -5.31752955e-01
 -6.00530251e-01
  3.34982858e-01
 -7.25191257e-01
  1.24747933e+00
 -1.47170259e-01
  1.54254464e+00
 -9.21066541e-01
  1.92018482e+00
  3.69111696e-01
 -4.91933687e-01
 -6.20644046e-01
  1.37570745e+00
  7.21433080e-01
  1.37065705e+00
  2.09769818e+00
 -1.40407249e-01
  7.56144446e-01
 -5.25751731e-01
 -1.44346168e+00
  6.62105635e-01
 -3.32020099e-01
 -1.23502871e+00
  7.65818935e-01
 -1.69140771e+00
  8.63344803e-01
 -1.81559665e+00
  1.34762101e+00
  1.06736363e-01
  5.90115198e-01
 -4.72503032e-01
 -1.51149265e-01
  1.56367838e+00
 -1.06200578e+00
  4.17986846e-01
  1.00947908e+00
 -1.49006667e+00
  4.49111949e-01
 -5.40745829e-01
 -1.47718297e+00
  1.25010590e+00
 -4.51684100e-01
 -1.18464175e+00
 -5.43647220e-01
  3.07793517e-02
 -9.43796029e-01
 -2.48848328e-01
  3.22978791e-01
 -1.06620361e+00
 -6.86897941e-01
 -2.84536607e-01
 -1.48246260e+00
 -6.97966891e-01
 -2.00440717e+00
  6.08494731e-02
 -1.31378064e+00
 -1.85193201e-01
  9.04903434e-01
  1.03082836e+00
 -1.06561262e+00
  1.20003234e+00
  8.38473695e-01
  6.02515170e-01
  3.66284883e-01
 -5.64343294e-01
 -4.11501225e-01
 -5.41749701e-01
 -2.04769962e-01
 -1.09836933e+00
 -9.01559966e-02
 -1.01977292e+00
  1.31351179e+00
  7.46580385e-01
  5.81851777e-01
  1.21607088e-01
  6.33001147e-02
 -3.21743466e-02
  2.70659600e-01
  1.76062621e-01
  1.77387674e+00
 -6.24323292e-01
  1.76223181e+00
 -7.23559241e-01
  3.96062959e-02
  2.43520101e-02
 -4.72514020e-01
  2.49546963e-01
  7.70942433e-01
  9.82009242e-01
 -7.47791255e-01
  5.77458064e-02
 -8.17970863e-01
  6.26988747e-01
 -6.97843839e-01
 -1.65251825e+00
 -8.10166188e-01
 -9.31642415e-01
 -2.27649293e-01
  1.05815689e-01
 -1.69728869e-01
  2.58904326e-01
 -1.95857838e+00
 -5.21734432e-02
  5.21004654e-01
  1.85577673e+00
  1.25549130e-01
 -3.59261967e-01
  1.20385445e+00
  4.75405293e-01
 -1.32561090e+00
  3.20039549e-01
  3.13995089e-01
  1.10592948e+00
  1.77548375e-01
  6.61162385e-01
  2.45771945e+00
  1.02950527e+00
  3.16914540e-01
 -4.17058986e-01
  8.23145161e-01
  6.36825397e-01
 -1.00209634e-01
  1.46488232e-01
  1.21906504e+00
 -6.67847760e-01
  5.22513370e-01
  1.43919074e+00
 -1.86744700e+00
  1.38489556e-01
 -1.20451809e+00
 -7.05471151e-01
  1.37117729e+00
 -7.75138506e-01
  8.30398421e-01
  2.52196054e+00
  1.00715514e-01
  8.71130282e-01
 -4.00619745e-01
  8.45503983e-02
 -1.22275199e-01
 -7.77822574e-01
  1.74904202e+00
 -5.80750236e-01
 -2.51501567e-01
 -3.64913612e-01
 -1.05188062e-01
  8.44272339e-01
  4.06580036e-01
 -1.22928591e+00
  3.10456042e-01
 -7.68198782e-01
 -8.51252093e-01
 -8.99887882e-01
  7.14562331e-02
  9.26191468e-02
  1.16724835e+00
  8.23965168e-01
  3.72515225e-01
 -6.11705706e-01
  3.29881120e-01
  1.80986618e-01
  9.33495583e-01
  8.32771046e-01
  8.90725606e-01
  3.27144342e-01
  1.73502347e+00
  2.21407587e-01
 -1.07955465e-01
 -7.22800334e-01
  1.34216731e+00
  8.42303776e-01
 -2.24414432e-01
  3.14162101e-01
  2.68978619e-01
  4.18438584e-01
  1.01845918e+00
  1.83605161e+00
  6.88172117e-01
  2.44677706e-01
  2.53279518e+00
  2.19488112e-01
  1.26178108e+00
 -4.80534110e-02
 -9.81653870e-02
 -6.83758651e-02
 -8.51551288e-01
 -3.57901987e+00
  7.69411559e-01
  2.29289963e+00
 -6.13079924e-01
  4.25543394e-01
  5.49087753e-01
 -1.08106814e-01
 -2.06281224e+00
  4.73376005e-01
  5.60315031e-01
 -1.58077920e-01
  2.61934390e-02
  1.70797575e+00
 -1.84851974e+00
  9.79926442e-01
 -4.41777567e-01
 -9.17672542e-02
 -5.63692081e-01
 -1.89956931e-01
 -6.91839188e-01
 -3.23298410e-01
 -3.68560800e-01
 -1.15827950e+00
 -7.10650463e-01
 -4.40158041e-01
 -2.09269310e-01
 -1.08524363e+00
 -2.83492119e-01
  5.21519585e-01
  1.70492318e+00
  1.40617788e+00
 -1.01999526e+00
 -7.28634586e-01
 -1.94416083e+00
 -8.64368613e-01
 -1.52716957e+00
  7.89424006e-01
  4.40032168e-01
 -9.53640777e-02
  6.19991179e-01
 -8.73458972e-02
 -5.12575464e-01
 -8.91823657e-01
 -1.75621681e+00
 -2.49679629e-02
 -6.10253537e-01
 -1.54608406e+00
 -3.53372944e-01
  2.71108270e-01
 -2.31201918e-01
  1.47171626e+00
 -1.51799518e-01
  1.89969257e+00
 -1.60943724e-02
 -5.32927624e-01
 -4.56284711e-01
 -7.31149306e-02
  6.99519369e-02
  1.35251493e-01
  2.47663139e+00
  4.97535924e-01
  1.42871654e+00
  2.91837613e-01
 -3.02222948e-01
  6.91698473e-01
  1.45744820e+00
  3.21969971e-01
 -7.97916378e-01
 -3.99723125e-01
 -7.65716767e-01
 -1.13180332e+00
  1.09319330e+00
 -3.17065031e-01
  1.76571643e-02
 -5.00696222e-01
  8.60306976e-01
 -1.34268952e-01
 -1.90675857e-01
  2.65104888e+00
  4.63200131e-01
 -7.62230362e-01
 -1.70133440e-01
  1.30425556e-02
 -6.37024366e-01
 -1.54106302e+00
  1.40277508e+00
  1.03544151e-01
 -1.02020590e+00
  6.99900131e-01
  2.47275411e-01
  1.10912070e+00
  1.37614533e-01
 -9.27316649e-01
 -3.96216886e-01
 -6.28244258e-01
  2.56037399e+00
 -3.21455409e-01
  9.40283893e-01
  6.51523222e-01
  4.60439068e-01
 -3.65314226e-01
  3.65622085e-01
 -8.70016949e-01
 -1.29688284e+00
 -3.04200778e-01
  2.49365691e+00
  1.49181037e+00
  7.48806616e-02
  4.32610646e-01
  1.02810276e+00
  1.04148068e+00
  1.86014162e+00
  1.07911354e+00
 -9.44950536e-01
  9.24131254e-01
  1.58603894e+00
  4.62991615e-01
  3.33113667e-01
  5.74480651e-01
  3.28300811e-01
 -7.26135792e-01
 -1.66959667e+00
 -1.18727756e+00
 -1.35137623e+00
 -1.17685322e+00
 -1.37595269e-01
  1.49615667e-01
  1.84582164e+00
 -9.09319698e-01
  6.93373836e-01
  3.22014498e-01
 -1.57354885e+00
  1.84891883e+00
  1.00973638e+00
  9.36161377e-01
 -6.12157454e-01
 -3.36860893e-01
 -7.78198089e-01
 -8.27932138e-01
 -7.84196652e-01
  1.65307560e+00
  1.21029656e+00
 -2.06595340e-01
  8.40455343e-01
  5.73766080e-01
  7.34084529e-02
  6.73077494e-01
 -1.15966279e+00
 -6.69133338e-02
  6.38833045e-01
 -3.07716902e-01
  1.29358329e-01
  6.79346431e-01
 -3.54828663e-01
 -1.25033918e+00
  1.78537396e+00
  1.43862844e-01
  5.91348488e-01
  2.05494282e+00
 -6.95152718e-01
 -7.12498493e-01
 -2.77349986e-01
  7.06181380e-02
 -5.35561929e-01
  4.04540660e-01
  5.25037054e-01
 -1.51567439e+00
  1.10459691e+00
 -4.58243063e-01
  3.69423345e-02
  2.94601723e-01
 -3.73007955e-02
  2.22201471e-01
 -2.38285541e-01
 -1.00314105e+00
 -8.91317030e-01
  1.66472155e+00
  1.28441866e-01
  1.09230482e+00
  9.35689226e-01
  1.27478732e-01
  8.24719095e-01
 -4.32308913e-01
  1.64200087e+00
  6.27388427e-01
 -4.99800570e-03
 -3.67602040e-01
 -1.90274705e-01
  2.71661645e-01
  7.88545107e-01
 -8.43524054e-02
 -5.51902542e-01
  5.12347006e-01
 -1.68098345e+00
 -1.66541890e+00
  1.57345270e+00
 -1.11228391e+00
 -8.42479296e-01
 -2.72268232e+00
 -8.39306868e-01
  3.31662790e+00
  6.04279072e-01
 -7.69375978e-01
 -1.29821561e+00
  1.48286752e+00
 -4.98832671e-01
 -2.51216856e-01
 -1.21203647e+00
  3.68272270e-01
  8.95952001e-01
  7.13085054e-01
  1.76159750e+00
 -1.16329464e+00
  5.70254448e-01
  1.31227582e+00
  2.26140096e-01
  1.58018833e+00
 -6.16534341e-01
  2.27225413e-01
  2.18612805e-01
  6.40217499e-01
  6.61607349e-02
 -8.20678950e-01
 -1.79434242e+00
 -6.62403075e-01
 -8.19375334e-01
 -3.28861852e+00
 -1.34539269e-01
  2.03902541e+00
 -5.97785879e-01
  1.27078470e+00
 -1.66892064e-01
 -2.01939644e+00
  5.94195474e-01
  2.01644297e+00
 -1.86669828e-01
 -2.15486151e+00
  6.35693351e-02
 -2.41035648e-01
 -7.18228843e-01
 -9.54986843e-01
 -6.49619978e-01
 -1.54481900e+00
  2.01171598e-01
 -1.48927812e+00
  1.03907181e+00
 -1.25672599e+00
  2.26561085e+00
  2.69184410e+00
 -6.18720009e-01
  1.54076999e-02
 -2.22886525e+00
 -1.33986763e-01
  8.57152883e-01
  2.44254063e+00
 -3.94310918e-01
  8.71058971e-01
 -3.82973423e-01
  4.98009482e-01
 -1.20165397e+00
 -4.50831076e-01
  2.40765232e+00
  2.61914766e-01
 -3.20854294e-01
 -1.25122645e+00
 -5.07856291e-01
 -1.41898810e+00
 -6.83386294e-01
  1.02161225e+00
  8.28534065e-01
  1.59825437e+00
  1.12278126e+00
 -8.39736938e-01
 -2.86226992e-01
 -1.15465083e-01
 -4.29111849e-01
 -2.94996575e-01
  4.69458035e-01
  4.88008063e-01
 -1.60211211e-01
 -2.46593768e+00
  9.39740372e-01
 -1.98799122e+00
  1.18464217e-01
 -1.38118362e+00
  5.07447855e-01
 -1.74836049e+00
  1.95163583e-01
  2.59889065e+00
  4.66995431e-01
 -9.35848431e-01
  7.75594698e-01
 -9.12854457e-01
 -1.22742518e+00
 -2.49605063e+00
 -8.14589116e-01
  1.00232422e+00
  7.76171348e-01
 -2.73409582e-01
  1.89409813e+00
  7.56070280e-01
  3.94699593e-01
 -1.14341896e+00
  1.02538008e+00
  1.60631151e-01
 -7.94145825e-01
  9.84555847e-01
 -4.37870985e-01
  5.64223139e-01
  2.47969646e-01
  3.44429981e-01
 -1.88139381e-02
  9.41339792e-01
  8.00167320e-01
 -3.42980619e-01
 -2.13216507e+00
 -1.36358656e+00
  2.16750877e+00
 -8.85762193e-01
 -4.47326732e-02
  7.07583131e-01
 -1.69904491e+00
 -1.06633519e+00
  6.42329055e-01
  1.71452760e+00
  1.20841124e-01
 -4.54159880e-01
  1.59918080e+00
 -2.31752179e-02
 -1.23730844e+00
 -5.74381339e-01
 -1.53664800e-01
  1.23360947e-02
  3.77893422e-01
  6.38743030e-01
 -1.13121757e+00
 -1.62735076e+00
 -1.50472214e+00
  2.06737231e+00
  5.44633491e-01
  5.82278344e-01
  1.97288869e+00
 -8.20128834e-02
 -3.31520856e-01
  2.70487621e-01
 -3.88708342e-01
 -3.69098638e-01
 -9.25979657e-01
 -8.43463008e-01
 -1.09531561e+00
 -1.08103660e+00
 -2.49896029e+00
 -7.47190313e-01
 -1.65836168e+00
  1.06368633e+00
  6.48070483e-01
  8.98042888e-01
 -5.07057987e-01
  8.55184667e-01
 -1.65331668e+00
  6.51943219e-01
  7.86893910e-01
  1.37253270e+00
 -6.35761553e-01
 -5.13871149e-01
  1.31744410e+00
  2.32776700e+00
  5.71050719e-02
  1.50242252e+00
 -1.70768712e+00
  4.28090486e-02
 -2.87160464e-01
  9.53500148e-01
 -5.79664268e-01
 -1.69566772e+00
  4.44782141e-01
 -1.99366249e-01
  1.60393597e+00
 -1.82079354e+00
 -6.14478953e-01
 -9.57300616e-01
  2.27145686e+00
 -5.49972322e-01
  2.68739581e-01
 -7.06919445e-01
 -9.25039123e-01
 -1.88956778e-01
 -9.84252785e-01
 -3.59900907e-01
  1.54599464e+00
 -2.44708914e+00
  1.27258495e+00
 -6.16802685e-01
  1.12003876e-01
  5.49230499e-01
 -2.51172601e-01
 -1.22898383e+00
  2.04511625e+00
  5.12535689e-01
  4.07728862e-01
  2.15724477e+00
 -1.35754338e+00
  3.79875271e-01
 -4.71760221e-01
 -1.93125094e+00
  1.52152470e+00
 -2.39404029e+00
  3.19186417e-01
  1.72548620e-01
 -9.88931644e-01
  6.55498999e-03
 -6.86941037e-01
  3.38036383e-01
  1.18385604e+00
  8.02984806e-01
 -4.73605392e-01
  3.50430114e-01
 -1.07312458e+00
  9.05331529e-01
 -4.02713266e-01
  7.58388778e-02
  3.81796715e-01
  7.80676305e-01
 -1.47400556e+00
  2.98037747e-01
 -7.58628354e-01
 -9.09098241e-01
 -1.49947789e-01
 -1.80128612e+00
 -2.87367176e-01
  5.70411815e-01
 -2.45537629e-01
 -5.35753679e-01
 -4.70472951e-01
  1.57350236e+00
 -9.46684025e-01
  1.44092361e+00
 -1.74812085e-01
 -1.12969806e+00
 -1.21530070e+00
  1.78679465e+00
  8.37631206e-02
 -6.85108472e-01
 -6.94335611e-01
  3.41975021e-01
 -8.07731999e-01
  1.09350424e+00
  1.36062439e-01
 -4.83422674e-02
  7.41140008e-01
 -9.70769271e-01
  1.50609090e+00
 -5.47169873e-01
  2.37497232e-02
 -1.25155185e+00
  1.99183726e-01
  4.43460038e-01
  1.84591988e-01
 -2.40289176e-01
 -1.11316160e+00
  1.01840201e+00
 -2.84905318e+00
  1.83985278e+00
 -8.50462032e-01
 -5.37413099e-01
 -3.63543693e-01
 -6.22586881e-01
 -5.58155690e-01
 -8.24843893e-01
  1.64906040e+00
 -2.42504413e-01
  4.05448849e-01
  5.08194766e-01
 -2.46074372e-01
 -4.16230597e-01
  8.31358670e-01
 -3.56510924e-01
 -1.85018035e+00
 -8.21082521e-01
 -8.35997625e-01
  6.29223934e-01
 -9.23369246e-01
  1.69058481e+00
 -1.22378250e+00
 -3.10619192e-01
  8.34283388e-01
 -2.21651201e+00
  1.11405293e+00
 -6.15002231e-01
  6.61053661e-01
  2.02706331e-01
  8.15171872e-02
 -1.44797992e-01
  6.74738159e-02
 -1.59325224e+00
 -2.83516084e-01
 -2.71439281e-01
  2.45240640e+00
 -2.20780519e-01
 -1.74055346e+00
  6.53446088e-01
  2.02270559e-01
 -1.86035366e+00
  1.71907643e+00
 -2.09565533e-01
  1.37987584e-01
  2.02004560e+00
  1.91173891e-02
 -3.05108358e-02
 -1.67516116e+00
 -4.38310921e-01
 -1.16253689e+00
  8.12725593e-01
  5.77533436e-01
  4.60857940e-01
 -8.58412348e-01
  3.81666280e-01
  1.41337842e+00
  3.12429959e-01
  1.32247720e+00
  6.75711389e-02
 -6.74450616e-01
  1.36073633e+00
  1.44372537e+00
 -5.03456120e-01
  2.19356545e+00
 -3.37211562e-01
  6.10814184e-01
  2.08372030e+00
 -1.23093227e+00
 -3.17666403e-01
 -2.84382825e+00
  4.08611893e-01
  1.44629193e+00
  1.04507443e+00
 -1.53857074e+00
  4.73349272e-01
 -9.30078453e-01
  1.73069595e+00
  5.86964447e-01
 -1.14453486e+00
  9.57791545e-01
 -1.82381291e-01
 -3.18234114e-01
 -3.55623087e-01
 -3.72634488e-01
 -1.13418650e+00
 -3.77916934e-01
  4.37289673e-01
 -2.98987896e-02
  9.52717394e-01
  1.86926446e-01
  9.63459912e-01
  1.13969225e+00
 -4.34386052e-01
  9.74425913e-02
 -9.68613448e-01
 -1.65416025e+00
  1.97601297e-01
  1.36212124e+00
  1.08518028e-01
 -1.30099976e+00
 -3.55718919e-01
  2.51411466e-02
 -2.91705651e-01
 -9.24038072e-01
  1.54788790e+00
 -5.19589177e-01
  1.93860176e+00
 -6.03448186e-01
  3.44630505e-01
  6.59021712e-01
 -2.33097487e-01
 -4.89241378e-03
 -1.83515184e+00
  1.26753044e+00
 -2.73818731e-01
  7.30144381e-01
 -4.66338441e-01
  1.05033760e+00
  9.67649607e-01
  4.31830219e-01
  6.22607156e-01
  6.58181463e-01
 -5.24509143e-01
  2.47478622e-01
 -1.18748646e+00
  8.22574801e-01
  2.94216262e-01
 -1.98198528e-01
  7.94538096e-01
 -1.10591329e+00
  9.71510733e-01
 -3.91572206e-01
  5.65885542e-01
  8.73922354e-01
  9.17799972e-02
  2.34025183e+00
  3.13325751e-01
  1.20343918e+00
  1.38464054e+00
 -2.02357065e+00
 -2.68536893e-01
 -9.89446111e-01
 -6.98375696e-02
  3.05743432e-01
  1.02451396e+00
 -4.59837516e-01
  5.44604226e-01
  2.42256549e+00
  5.04318833e-01
  2.71751342e+00
  1.00657244e-01
 -6.40880539e-01
  1.35523685e+00
 -1.64304970e+00
 -9.31316179e-01
  1.33132309e+00
 -4.72912177e-01
 -3.34178877e-01
 -3.16569006e-01
  1.30006259e-01
  1.39265931e+00
  1.08130580e+00
  1.07157242e+00
 -2.42069374e-01
 -5.54241477e-01
 -9.51785836e-01
 -1.45771720e+00
  5.78274067e-01
 -8.20227879e-02
 -1.68173934e+00
 -2.19097664e+00
 -8.97696799e-01
 -1.62371158e+00
 -5.37921897e-01
  3.05784468e-01
 -4.50357660e-01
 -1.68549827e-01
  1.68040946e+00
 -5.59567831e-01
 -9.11390584e-01
  1.71554522e-02
  1.92689322e-01
  1.83569382e+00
 -5.14617692e-01
  1.26076535e+00
 -1.92826878e+00
  2.89344010e-01
  1.55880704e+00
  1.59352670e+00
 -4.80707846e-02
  1.32572837e+00
 -2.48141198e-01
 -2.13762539e-01
 -1.42432247e+00
  7.78583215e-01
  9.52172834e-01
 -2.10222435e+00
 -3.13890202e-01
 -3.88834658e-01
  9.80782983e-01
 -6.75271573e-01
  1.29315509e-01
 -2.70827695e-01
  4.84544408e-01
 -1.96278639e+00
 -5.52021489e-01
 -1.45683665e-01
 -2.58440515e-01
 -7.15706991e-01
  1.91113343e+00
  2.30932463e-01
  8.64053349e-01
  1.61828101e+00
 -1.08945718e+00
 -1.09667672e+00
  2.08871555e-01
 -6.60301790e-01
  9.48280957e-01
  1.00264688e+00
 -1.14814703e-01
  1.32837050e+00
  1.65509636e+00
 -9.42704361e-02
 -2.93161758e-01
  3.47973294e-01
 -2.11013314e-01
  4.71906486e-02
  7.30926838e-02
  5.59203226e-01
 -2.04517666e+00
 -1.73675384e+00
  4.34950371e-01
  7.52217232e-01
 -8.22275449e-01
 -1.49524422e-01
 -1.08847227e+00
  1.08192612e+00
 -1.17412824e+00
 -1.21765324e+00
  2.29807908e+00
 -1.06249579e+00
 -1.17047615e+00
 -1.45311708e+00
  4.66917318e-01
  4.81904808e-01
  5.32240057e-01
  1.22761660e+00
 -4.65828133e-01
 -4.12222199e-01
  2.06948294e-01
 -1.31523399e+00
  1.71532578e+00
 -1.52932387e+00
 -8.82515484e-02
  1.31572104e+00
 -2.76119040e+00
  1.92992202e-02
  7.29334980e-01
 -1.30278789e+00
  1.14334712e+00
 -5.73020704e-01
  2.63578643e+00
 -6.31492782e-01
  1.90949219e-01
  6.50554255e-01
  6.32736024e-01
 -3.75934727e-01
 -7.87588193e-01
  7.70743067e-01
 -4.84799864e-01
  5.55396286e-01
 -6.06258299e-03
  1.09641108e-01
  4.89774118e-01
 -1.71197163e+00
  3.74599774e-01
 -1.69911479e-01
 -8.15332353e-01
  1.34680530e+00
  1.74153657e-01
  2.39775858e-01
 -9.60603766e-02
  9.02013847e-01
  6.25722393e-01
  8.64026794e-01
 -7.19559489e-01
 -1.11259357e-02
 -2.47570627e+00
  6.92780588e-01
 -2.83382553e-01
 -1.84685229e+00
  3.87947567e-02
  6.79211642e-01
 -5.74502654e-01
 -2.76678599e-01
  1.62583598e+00
 -1.85972981e+00
  1.21958519e+00
  5.86148195e-01
 -1.02724496e+00
 -4.16218466e-01
 -3.11599574e-01
 -6.40649782e-01
  1.43646133e-02
  7.57385221e-02
  1.75872827e+00
 -8.81526787e-01
 -6.73370323e-01
  7.64649763e-01
  4.31867647e-01
  5.49651777e-01
 -4.06321247e-01
  7.96690616e-01
 -1.05052820e+00
  3.05602793e-01
 -2.20092122e-01
  1.83468508e+00
  1.53120887e-01
  7.32010519e-01
  1.48617212e+00
 -1.05763490e+00
 -1.16044029e+00
  3.14708323e+00
  5.80565283e-02
 -3.74007431e-01
 -1.16694123e+00
  6.07976016e-01
  3.47555549e-02
  3.00461667e+00
  6.27132278e-03
 -1.24938091e+00
 -4.66985017e-01
  1.92445034e+00
 -1.25153355e-01
  2.24929494e+00
 -1.10460300e+00
  4.90008608e-01
 -1.11123014e+00
  3.48467709e-01
  5.12836381e-01
 -2.95907936e-01
  3.82622628e-01
  2.20016398e-01
 -1.07967542e+00
  8.11886133e-01
 -2.42548376e-01
 -4.20588636e-01
 -1.83510929e-01
 -2.04981978e+00
  1.63038265e+00
  7.47178346e-02
 -3.26617860e-01
 -8.58222664e-01
  1.52432143e+00
 -4.53122039e-01
  7.93333200e-01
 -2.34499133e+00
  6.99571573e-01
  1.61011144e-02
  1.04913466e+00
 -2.29136134e-01
 -4.44378974e-01
 -5.02288510e-01
 -2.24445760e-01
 -4.39640230e-01
 -2.16736758e-01
  2.29134623e+00
  6.55343350e-01
  1.39758004e+00
  3.98641376e-02
 -1.30397021e-01
 -2.31810569e-01
 -1.09254856e+00
  6.69668239e-01
  1.38158080e+00
  1.47039561e-01
  5.39634966e-01
  1.68499529e+00
  1.16311405e+00
  1.48132301e+00
  1.95658422e+00
 -4.54352998e-01
 -1.15027358e-01
 -1.74070777e-01
  3.76823428e-01
 -7.33070359e-01
  2.01401794e+00
 -2.59735808e+00
  3.09505423e-01
 -1.12477453e+00
 -5.84156494e-02
 -1.85289031e+00
 -4.58958290e-01
 -4.75650219e-01
  4.16403498e-01
 -1.80544112e-01
  2.23761045e+00
  4.09800163e-01
  2.07194050e-01
 -8.27335088e-02
 -5.68276740e-01
  2.93293461e-01
 -1.53370125e-01
 -3.63533517e-01
  1.54052815e+00
  1.33814426e-01
 -2.47114130e+00
 -5.21995012e-01
  1.51116021e+00
  1.95890330e+00
 -2.57293189e-01
 -1.30771282e+00
 -5.63630598e-01
 -9.02316418e-01
  5.52789329e-01
 -2.35904019e+00
 -1.74908616e+00
  4.77995107e-01
 -1.08562474e+00
  3.27150281e-01
 -8.40103255e-01
  1.68556702e+00
  9.07286808e-01
  2.01538841e-02
 -2.08316546e+00
  4.93942984e-01
  3.89572266e-01
 -2.49178033e-01
 -3.98550592e-01
 -2.03118876e+00
 -2.52726901e-01
  1.98031333e-01
  8.53509339e-01
  5.32068126e-01
  1.91544884e+00
  2.86864805e-02
 -1.77777463e+00
  7.46213434e-01
 -1.04997490e+00
 -9.97542535e-01
  1.16047582e+00
 -7.78072313e-01
 -1.95642787e+00
 -8.71464682e-01
 -2.11018527e-01
 -3.86963504e-01
 -1.08855739e+00
 -1.23058778e+00
 -8.04888694e-01
  2.50544610e+00
  8.31493009e-01
  5.95914435e-01
 -2.01231596e+00
  1.17574851e+00
 -3.39213351e-01
 -1.98655935e-01
  1.77672466e-01
  1.32636803e+00
  1.67824740e+00
  1.69825592e-01
 -1.89729591e+00
 -6.47443898e-01
 -6.60815787e-01
  3.90293306e-01
  6.55127005e-01
  6.14741015e-01
 -2.02179910e+00
 -1.75203226e+00
  1.55295420e-01
  7.06810359e-01
  1.42500573e+00
  5.84795501e-01
  2.15417991e-01
  1.51226868e-01
 -8.94130161e-01
 -6.22600293e-01
 -1.07460951e+00
  4.16276121e-02
  1.96259258e-01
 -9.15942837e-01
 -1.45245597e+00
 -2.83123985e-01
  1.61856782e+00
 -2.08804974e+00
 -1.71755514e-01
 -1.73599011e+00
  1.39300752e+00
 -2.23840000e-01
 -1.91038474e-01
 -1.22617470e+00
  3.79461057e-01
  1.42168914e+00
 -1.01981003e-01
 -8.51328131e-01
  1.16847487e+00
  1.58679425e+00
  1.58596112e+00
  1.83163158e-01
 -2.41478140e-01
  1.97017109e+00
 -2.94986236e-01
 -1.96515860e+00
 -3.20680192e-01
  1.34290279e+00
 -1.55644808e+00
 -6.97075715e-01
 -7.51229817e-01
  2.67916072e-01
 -7.95570511e-01
 -3.37292414e-01
 -6.15684892e-01
  2.63002474e-01
 -5.01170860e-01
  1.47115655e+00
 -7.82023209e-01
 -1.20650449e+00
  4.46761263e-01
  7.15526569e-01
  6.77274720e-02
  5.45858023e-02
  1.97047631e+00
  3.81833759e-01
  7.68122012e-01
  1.33339270e+00
 -9.88842334e-01
  1.55177156e+00
  4.69827653e-01
 -1.56366644e+00
 -3.95739969e-01
 -9.16163539e-01
 -7.18769807e-01
  1.69687927e+00
 -1.22262847e+00
 -1.23518243e+00
 -4.23492417e-01
  2.71362150e-01
 -4.10252899e-02
 -2.86645384e-01
 -2.09277986e+00
 -1.89769880e+00
 -2.06246749e+00
  7.81100618e-02
 -3.05250884e-01
 -5.24655902e-01
 -2.37962111e-01
 -1.43529837e+00
 -4.29098805e-01
  3.03278374e-02
  1.93685661e-01
  1.99100867e+00
  2.57202874e-02
  1.06949985e+00
 -8.64472426e-01
 -1.30313999e-01
  1.12827693e+00
  8.33521409e-01
  7.13384521e-01
  4.24748178e-01
 -4.30278433e-01
  9.33260927e-01
  1.39554166e+00
  1.30849429e+00
  3.35296590e-01
  1.07599735e+00
 -2.04632151e+00
  1.36244117e+00
  9.84948902e-01
  6.18076545e-01
 -1.40087912e-01
 -3.51212091e-01
 -2.04281818e-01
 -4.25994182e-01
 -1.53705221e+00
 -6.40761253e-01
 -2.79838478e-01
 -8.26855854e-01
  4.23272380e-01
 -2.21955419e-01
  9.82796225e-01
  1.71699358e+00
  3.12095124e+00
 -4.07303324e-01
 -1.14129365e+00
  6.48508573e-02
 -1.41455447e+00
 -1.54544061e+00
  4.34732448e-01
 -8.95427011e-01
 -4.47231916e-01
 -1.02303762e+00
  1.90510296e-02
 -1.53835864e+00
  1.82631906e-02
 -1.13515870e-01
  1.68710109e+00
  6.03006813e-01
  4.96967896e-01
 -7.28670498e-01
  1.13074256e+00
 -1.14191631e+00
  1.07564298e+00
  1.33405669e+00
 -7.43922701e-01
  8.85938838e-01
 -7.68716642e-02
 -1.27450962e-01
 -2.09249740e+00
  5.83029819e-01
  2.69816810e-01
 -1.81438534e+00
  1.70934606e+00
 -1.26347405e+00
 -1.18962031e-01
 -3.52613121e+00
  8.99483155e-01
  1.77730424e+00
 -5.55486448e-01
  4.93567511e-01
  6.86972553e-01
  2.81033006e-02
 -4.24618936e-01
 -7.69445224e-01
 -1.74265925e-01
  7.97314621e-01
  6.02147261e-01
  4.59221458e-01
  6.37718652e-01
  2.12080353e-01
 -3.73228234e-02
  6.84430594e-01
 -1.27336636e+00
 -1.02600304e+00
 -2.08755093e+00
 -4.67465470e-01
  1.50504018e+00
 -1.38843650e+00
  1.91538837e+00
 -1.01412561e+00
  5.63499858e-01
  9.78540151e-01
  7.90510176e-01
 -5.57868051e-01
 -3.14551435e-01
  8.84789861e-02
 -1.40575915e-01
  3.81324239e-01
 -1.63641355e-01
 -3.84480532e-01
 -1.45698099e+00
 -6.88378663e-01
 -6.59697198e-01
 -8.36264153e-01
  1.79736648e+00
  1.38020392e+00
  2.33352941e-01
 -7.64691367e-01
  1.56878947e+00
  7.33468673e-01
 -9.34274346e-01
 -2.84907171e-01
  1.31679605e+00
 -5.86511981e-01
 -1.33792330e+00
 -5.47486142e-01
 -1.54625619e-01
 -1.63311786e-01
  1.03920135e+00
  1.17757864e+00
  1.73150585e-01
  2.63332903e-01
  5.11929462e-01
  1.10414784e-01
 -1.94695725e+00
  1.89295854e+00
  1.06531844e-01
 -4.97232370e-01
  1.08170472e+00
 -7.32398266e-01
 -3.63664505e-01
 -1.09347145e+00
  3.44634719e-01
 -1.25219421e+00
  4.32895022e-01
 -1.65205748e+00
 -1.27223347e+00
 -1.18989940e+00
  1.33005986e+00
  6.77182850e-01
 -1.63058172e-01
  3.53701835e-01
 -2.47745380e-01
 -4.96463764e-01
  7.07857503e-02
 -3.99828072e-01
  1.41840164e+00
 -7.38584354e-01
  5.82093924e-01
  5.66216212e-02
  8.59670211e-01
  1.30944598e+00
 -1.20497985e-01
 -4.99955234e-02
 -8.38602771e-01
 -1.19599189e-01
  1.22015769e+00
  1.37904379e+00
 -1.37452037e-01
  2.70970353e-01
  8.80526964e-01
  1.15100809e+00
  1.72513187e+00
 -3.16424511e-01
 -1.20348420e-01
  8.96703454e-01
  1.39249540e+00
 -8.65207349e-01
  2.14818669e-01
 -2.53595590e-01
  2.55097178e+00
 -1.19638625e+00
  5.60162085e-02
  3.82127191e-01
 -1.01939022e+00
 -6.61623528e-01
  1.23071203e+00
 -7.28643208e-01
 -5.04180348e-02
  7.86783714e-01
  2.81646772e-01
  8.21172967e-01
  4.41080806e-01
 -6.90895313e-01
  9.57159155e-01
  4.73328433e-01
 -2.33094666e-01
  1.78529879e+00
 -8.28541612e-02
 -1.53230158e+00
 -2.09228684e-01
 -7.47046025e-01
 -2.66842046e-01
 -5.67523716e-01
  1.02511997e+00
  2.27749542e-01
  9.81320310e-01
 -3.55036788e-01
 -1.57015207e+00
 -6.47277860e-01
 -6.36032557e-01
 -9.95310400e-01
 -6.73631101e-01
 -1.37669549e+00
 -7.42516001e-01
 -8.47662165e-01
 -1.46595031e+00
 -1.53702355e+00
  2.66110122e-01
 -9.07957754e-01
 -5.88253892e-01
 -1.47510576e+00
  2.97159333e-01
  2.41112130e+00
  6.77575851e-01
  2.27411800e-01
  3.46370185e-01
  6.32684945e-01
  7.39623361e-01
  1.04714305e-02
  2.96367732e-02
 -1.38729096e+00
  2.32037359e+00
 -8.29021664e-01
 -8.12799480e-01
  4.03730430e-01
 -1.12239002e+00
  4.07006765e-01
  1.65427749e+00
 -1.66627786e-01
  4.44738895e-01
  2.22941106e+00
 -1.49982546e+00
 -1.56108517e+00
 -7.44547460e-03
  7.78926631e-01
 -5.45357294e-02
  6.26868514e-01
 -7.10007947e-01
  9.73145800e-01
 -4.53534721e-01
 -1.54731737e+00
  6.76563686e-01
 -1.91599900e+00
  1.98420892e-01
  1.45468370e+00
 -2.67117723e-01
  7.81069431e-01
 -2.55894647e-01
 -1.27795614e+00
  3.25132999e-01
  9.70294114e-01
  1.32650287e+00
  1.16591578e-01
  1.96878124e+00
  6.25089473e-01
 -6.29860333e-02
 -8.70062590e-01
  1.65307724e-01
 -5.63688136e-01
 -7.74878869e-01
 -7.14139762e-01
  6.44131042e-01
  6.15190345e-02
  9.48429563e-03
 -9.03349627e-01
  9.59415142e-02
 -1.82772186e+00
 -2.54887816e-01
 -8.31779640e-01
 -1.94590855e+00
 -2.17381381e-01
  3.64209483e-01
 -5.41891894e-01
  1.22389359e+00
 -8.94845276e-01
 -3.46638136e-01
 -4.31644892e-01
 -6.26917838e-01
  1.31438103e+00
  1.12875936e+00
 -5.64358652e-01
 -1.55939106e+00
  3.20020168e-01
 -9.38481688e-01
  5.59498071e-01
 -2.72578474e+00
 -1.45676367e+00
  1.01362784e+00
  3.97532019e-01
 -4.26042607e-01
 -8.50715845e-01
  1.89573361e-01
 -8.17026561e-01
  5.57852983e-01
  2.66093575e-01
 -2.08086676e+00
  6.88398426e-01
 -2.95033499e-02
 -1.33327699e+00
  1.35506960e-01
 -4.71086750e-01
  6.44850253e-02
  1.30951945e+00
 -1.34653936e+00
  2.93907918e-01
 -1.22305749e+00
  1.85271941e-01
 -2.93649870e-01
 -7.97659423e-01
 -6.88353631e-01
 -1.37628644e-01
 -4.13633762e-01
 -1.44408722e+00
 -6.59089311e-02
 -3.54758150e-01
  1.19370416e-01
 -2.54918574e-01
 -9.59440968e-01
  5.30163788e-01
 -2.27189416e-01
 -6.09327557e-01
  1.21041694e+00
  2.83493665e-02
 -1.83980866e+00
 -8.94683437e-01
  1.74906808e-01
 -6.08113555e-01
 -1.15049540e-01
  7.56426694e-01
  8.31531238e-01
 -1.20614850e+00
 -2.87120103e-01
 -2.47303537e+00
  1.53008149e-01
 -1.40351283e+00
  1.21512817e-02
 -9.02437324e-01
  3.34424093e-02
 -9.15366456e-02
  1.63608866e+00
  1.09234669e+00
  1.06277445e-01
 -6.80590615e-02
  2.22597860e+00
 -1.54141902e+00
  6.76730337e-01
 -1.48597794e+00
 -7.41611201e-01
  1.09047948e-01
 -2.61800678e-02
 -3.16497296e-01
  4.57180499e-01
  2.19952750e-01
 -2.40632786e+00
  4.95903313e-01
  1.24906805e-01
 -6.92011482e-01
 -3.33297570e+00
  3.81658749e-01
  8.47454383e-01
  9.65140758e-01
  7.34583019e-01
  2.38902271e-02
  3.84757565e-01
  1.68025972e+00
  3.38016083e-01
 -9.19442026e-01
 -7.92905869e-01
  1.76783459e+00
 -2.06340864e+00
  1.33508545e+00
  1.39430393e+00
  5.01082425e-01
 -1.44543097e+00
 -3.77934511e-01
  3.94167053e-01
 -1.40022806e-01
  1.67958383e+00
  3.10186494e-01
 -4.71432692e-01
  9.48269968e-01
 -7.65488750e-01
  7.15845794e-01
  2.51606319e-01
 -1.02018904e+00
 -2.18401839e-01
  2.67129544e-02
 -1.37583033e+00
  2.47085975e-01
 -9.01489834e-02
 -9.03701954e-01
  5.84491329e-01
 -8.90959109e-01
 -4.70777568e-01
 -7.28292638e-03
 -5.90454455e-01
 -5.74055124e-01
 -3.85016504e-01
 -1.56713643e+00
 -9.94679513e-01
  8.82634420e-01
 -8.74481171e-01
 -1.08817372e+00
 -6.40635356e-01
 -5.77567539e-02
 -6.44087595e-01
  2.67968149e-01
 -1.62088310e-01
  2.49047136e-01
 -1.91740159e-02
 -9.91154624e-02
 -1.05765871e+00
  8.18415474e-01
  1.80694560e+00
 -4.29878025e-01
 -1.61983389e+00
  1.55460845e+00
  1.40059482e+00
  4.57384454e-01
  6.35386992e-01
 -5.92812755e-01
 -1.66804257e-01
  1.21952418e+00
  6.47902872e-01
  4.00183819e-01
  2.92236788e-01
  1.91881285e-01
 -5.06072983e-01
  1.18358026e-02
 -1.33736667e-01
  7.40425935e-01
 -1.34099247e+00
 -4.83065582e-01
  2.51545726e-01
 -5.57090719e-01
  2.36377413e+00
  1.29440710e+00
  4.51560286e-01
 -3.32368028e-02
  1.33657424e+00
  1.41194733e-01
 -9.08831165e-01
  9.62710835e-01
  8.33850884e-01
  1.90515319e+00
 -7.41931695e-01
  1.61929917e+00
 -1.42258757e+00
 -4.03691528e-01
 -3.70289926e-01
  1.49354781e+00
 -1.33172114e+00
 -2.44837824e-01
 -2.70571943e+00
 -1.65186142e-01
 -1.03737734e+00
 -4.82030291e-01
  1.52004926e+00
  4.40441197e-01
  1.20113517e+00
 -4.50421613e-01
  1.24134242e+00
 -4.06387754e-01
 -1.00259886e+00
 -4.47865731e-01
 -5.61140127e-01
  1.13661334e+00
 -1.19558871e+00
 -6.22096038e-01
  2.63522280e+00
  2.94646969e-01
  7.35979399e-01
  1.29325076e+00
 -1.72018313e+00
  1.07245268e+00
 -1.45499743e+00
 -6.99709056e-01
 -8.07840109e-01
  1.60115581e+00
 -1.38566038e+00
 -6.01738653e-01
  2.30917293e-01
  5.89021773e-01
  7.16505235e-01
  5.29482628e-02
  2.56566325e+00
  1.31299113e+00
  2.56956198e+00
  2.05984949e-01
  2.13658356e-01
 -4.43888795e-01
  3.54619068e-01
  1.55515903e-01
 -2.16470725e-01
  6.34611695e-01
 -2.44629343e+00
  2.33739753e-01
  1.39842674e-01
 -5.31300456e-01
  1.52426985e-01
  6.98760091e-01
 -5.53454589e-01
 -9.35742878e-01
 -5.81070782e-01
  4.38302942e-01
  4.42959556e-01
  6.39157669e-01
 -5.64169355e-02
  9.54936016e-02
  1.81974454e+00
 -1.59689613e+00
  7.89594071e-02
 -9.73388308e-01
  1.58640745e+00
  1.48930906e+00
  1.15377373e+00
 -5.34760137e-01
 -1.41122194e+00
  3.84076442e-01
 -1.88761285e+00
  1.23090540e+00
 -2.15891918e+00
 -3.30550800e-01
 -6.82424129e-01
 -2.23708445e-01
  9.22700315e-01
  2.26747459e-01
 -7.07843431e-01
 -7.51342829e-01
 -6.49256676e-01
  2.83023385e-01
  4.40367865e-02
 -2.27701546e-01
 -1.55904476e+00
  8.93003806e-01
  1.40366120e-01
  1.53276409e+00
 -1.07698989e+00
 -1.03737563e-01
  1.51471112e+00
  1.59459943e+00
 -1.33658693e+00
 -1.42672590e+00
  4.02546806e-01
 -2.25036979e+00
 -7.95082415e-01
 -4.69193429e-01
 -5.41785720e-01
 -3.23157006e-01
  6.34561624e-01
  2.40147487e+00
  2.15201441e-01
 -2.31124720e+00
  2.16433839e-01
 -3.77666837e-01
 -5.90806542e-01
 -8.76078479e-01
  5.04363902e-01
  2.60935969e-01
 -1.95086704e-02
 -4.04306493e-01
 -4.76436354e-01
 -1.10866192e+00
  8.05255421e-03
 -3.78498222e-02
  5.64791957e-02
 -6.88435551e-01
 -2.04822558e-01
 -7.01791702e-01
 -2.93365951e-02
  5.23338905e-01
  2.63535961e-01
 -9.43813042e-01
  2.78145383e-01
 -1.63066804e+00
  1.92168657e+00
  2.40538885e-02
 -1.26121411e-01
  8.90428219e-01
  1.35854373e+00
 -1.60879913e+00
 -5.79491213e-01
  1.35476553e+00
