  -1.63593080e-01
  -4.39391439e-01
   1.88211789e+00
  -7.59512671e-03
   3.88942562e-02
   1.49504424e-01
  -7.96071761e-01
  -1.48117129e+00
  -5.23013724e-01
   8.96248745e-01
  -1.83738484e-01
  -3.14856080e-01
  -8.21639712e-01
  -1.00645101e+00
  -4.41207252e-02
   1.21115643e+00
  -4.46918764e-01
   1.54344878e+00
   6.16328988e-01
   1.50175598e+00
   4.31246485e-01
  -9.54989684e-01
   2.45910604e-01
  -7.76969026e-01
   1.26375660e-01
   1.15220204e+00
  -1.05000190e+00
   1.15479195e-04
   4.57649551e-01
   1.37737928e+00
   1.59387408e+00
  -1.12876932e-01
  -3.26355414e-01
  -1.76164219e+00
  -1.21474281e+00
  -2.90702001e-01
   1.99393343e+00
  -3.10937438e-01
   1.77112776e+00
   2.46969698e+00
  -4.65622456e-01
  -3.38613547e-01
   1.52182738e+00
   2.41576707e+00
  -7.63806483e-01
  -1.07466230e+00
   1.08966294e+00
   3.99473370e-01
  -9.54396515e-01
  -1.05529257e-01
  -4.36098245e-01
  -1.85753524e-01
  -6.57214317e-01
   2.26058293e-01
   8.25184774e-01
   3.52003217e-01
  -8.63914672e-01
  -2.19601436e-01
   2.83600019e-02
   1.07497911e+00
  -1.67814522e+00
  -4.19531933e-01
  -5.08945173e-01
   1.97738304e-01
  -2.69463880e-01
  -1.30171225e+00
  -1.04541186e+00
  -1.23215056e+00
   9.21965346e-01
   4.49323062e-01
  -9.18801071e-01
   1.75968361e-01
   8.05727901e-01
   1.74124639e-01
  -1.96764657e-01
  -6.18599145e-01
   3.62041270e-01
  -1.53431457e-01
  -8.95420702e-01
   1.76438057e-01
   1.82093962e+00
  -1.71086218e+00
   2.28794431e-01
  -6.11437440e-01
   2.00994239e-02
  -1.58810287e+00
   5.89637882e-01
  -7.00642719e-01
   3.83517166e-01
   3.52271142e-01
  -6.56185472e-01
   1.24798152e+00
  -2.32657717e+00
   1.94316639e+00
   4.31443797e-01
   2.29755741e+00
   1.39163344e+00
   1.85405443e-01
   2.10218189e-01
   3.29261424e-01
  -5.70086250e-01
  -1.05221050e+00
  -2.90916375e-01
  -6.92491426e-01
   4.17135179e-01
   5.57045081e-01
   1.74268599e-01
  -1.76894119e+00
  -3.41718766e-01
  -1.86517939e-01
  -1.82900092e+00
   2.93689335e-03
   9.68693191e-01
  -1.02422160e-01
   1.01162500e+00
   7.02911833e-01
  -1.66346174e-01
  -1.28308546e+00
  -1.32393187e+00
  -5.46742552e-01
  -8.70608832e-01
   4.79855238e-01
  -6.02153561e-01
  -7.82452903e-01
  -1.31040149e+00
   1.84924959e-01
  -2.40088782e+00
   7.84270414e-02
   8.60048649e-01
   1.47928570e+00
   8.81660216e-01
  -3.32926568e-01
   1.29970189e+00
   7.13648682e-01
  -3.26926899e-01
   2.50023511e-01
  -1.69235249e+00
   2.22121705e-01
  -1.52420899e+00
  -1.28173930e+00
   1.09589245e+00
  -5.25088528e-01
  -1.32992315e+00
  -1.11953805e+00
  -9.15338320e-01
  -1.67051992e+00
   1.06621568e+00
   5.89185887e-01
   2.64430506e-02
  -1.21327161e-01
  -6.51935501e-01
  -3.32160788e-01
   9.47112485e-02
  -1.59313669e+00
  -2.33919857e-01
  -1.18892184e+00
   8.64254122e-01
  -6.97992127e-01
  -8.78583964e-02
  -1.17473233e+00
  -1.04622832e+00
  -2.22673656e+00
  -9.73521025e-01
   9.27184013e-02
  -1.46232897e+00
  -2.30722808e+00
  -1.14801262e+00
   1.47429468e+00
  -2.63458140e-01
   1.53918208e+00
  -1.20038620e-01
  -1.57792754e+00
   3.03389925e-01
  -9.69835658e-02
   1.81150521e+00
  -2.27989999e-01
   6.51857665e-01
   1.62374878e+00
   3.08926650e-01
   3.01261145e-01
  -1.20031712e-01
  -1.10620320e+00
  -1.19911072e+00
   1.08057902e-01
   1.35596851e-01
   1.03519137e+00
  -3.59153762e-01
  -1.02746993e+00
  -4.70163588e-02
   7.52821498e-01
  -9.86994559e-02
  -2.44204068e-01
  -9.14636617e-01
   1.00823178e+00
  -1.44702638e+00
   9.84956777e-02
  -5.64165678e-01
   4.31743352e-01
  -7.63810784e-02
  -3.47087425e-01
  -7.29261841e-01
  -4.62975086e-01
   4.64552765e-02
   1.36564155e+00
  -1.07908095e+00
   2.20711977e-01
   4.55940795e-01
   7.39672574e-01
   8.63231274e-01
   1.23232097e+00
   1.01684746e+00
   4.96664220e-01
   1.96441337e-01
  -3.27914175e-01
   2.01077640e-02
   1.04482800e+00
   9.47153595e-01
   6.23029214e-01
  -6.22993895e-01
   7.43661508e-01
   1.21445602e+00
  -2.18640424e-01
  -1.02877668e+00
   1.37864084e+00
  -2.63023874e-02
  -1.44707596e+00
  -3.00443926e-01
   2.11587394e+00
  -9.47260390e-01
  -2.86658671e+00
  -5.18439660e-03
  -1.91199379e+00
   3.07369993e-01
  -6.95454646e-01
  -3.49500207e+00
  -9.71058277e-01
   2.51321946e+00
  -2.50830678e-01
   1.12935254e+00
   6.84199050e-01
  -7.90877345e-01
  -3.39373729e-01
   1.27621107e+00
  -6.18949745e-01
  -1.10540127e+00
  -1.02758725e-01
   6.42405243e-01
   5.04464136e-01
  -5.39811545e-02
  -5.05521195e-02
   2.11745893e+00
  -1.59710836e+00
  -4.63622073e-03
   8.79927986e-01
   2.62847999e+00
   6.91649927e-02
  -1.28525915e+00
   5.71484069e-01
  -1.67463075e+00
  -1.85003808e-01
   1.03977645e+00
   3.61677546e-01
  -1.04103931e+00
  -4.92089722e-03
   1.23552348e+00
   8.18827713e-01
   7.79094542e-01
   2.46715031e+00
  -9.95666657e-01
  -1.84139287e+00
  -1.30073311e+00
  -7.35088628e-01
  -2.02152920e+00
   5.21529408e-01
  -6.63013944e-01
  -4.42744009e-01
   2.11073233e-01
  -1.06714489e+00
   9.52846383e-01
   5.63575483e-01
   2.74494348e-01
   7.01174330e-01
   2.09595627e+00
   1.55207757e-01
   8.43460671e-01
   1.18587322e+00
  -1.19508950e+00
   2.03995770e+00
   7.31720099e-01
   9.37237379e-01
  -4.18884814e-01
  -6.68515626e-01
   8.42098104e-01
  -1.00465723e+00
   3.48028448e-01
   7.28965148e-01
   9.88443380e-01
   3.49819912e-01
  -3.01426866e+00
  -1.82290354e+00
   1.75255007e+00
  -3.52967360e-01
   1.66800353e-01
  -9.84816915e-01
  -1.02195760e+00
  -1.28883742e+00
   3.77317336e-01
   1.10981840e+00
  -3.80580493e-01
  -4.79173625e-01
  -3.51178358e-01
   5.25183242e-01
   2.94759240e-01
  -2.40537739e-01
  -3.19694707e-01
   3.90022257e-01
  -2.92203641e-01
   1.41362857e-02
   5.60927323e-01
   3.25064696e-01
   6.72000990e-01
  -7.31771951e-01
  -7.37789964e-01
  -1.00153472e+00
  -9.06269863e-01
   7.35042758e-01
   8.70312104e-01
   2.75110051e-01
  -4.18503818e-01
  -6.56375805e-01
   7.74959515e-01
  -6.92194141e-01
  -1.25308664e+00
  -5.39762114e-02
  -6.56639679e-01
   4.76458974e-01
  -1.23579433e+00
   5.55950394e-01
  -1.31327726e-01
   4.74971411e-01
   1.43308331e+00
  -5.67163198e-01
   6.57326134e-01
   1.32479052e+00
   1.28450057e+00
  -3.24405034e-01
   1.28613144e+00
  -9.22192173e-02
  -1.45428273e+00
  -1.52916752e-01
   1.12358667e-02
   4.71924233e-01
  -1.08768901e+00
   1.14142586e+00
   7.11728127e-01
  -1.65598151e+00
  -7.34267064e-01
  -3.06402134e-01
  -2.68138914e+00
  -8.82087466e-01
   1.13462547e+00
   1.30447635e+00
  -2.61385701e-01
   8.73225831e-01
  -1.92452371e+00
   1.06387866e+00
  -2.77979468e+00
   1.85235905e+00
  -1.40364360e+00
   1.40321356e+00
  -5.32190098e-01
  -1.15526196e+00
   5.95512424e-02
   4.88042364e-01
   9.26364795e-01
  -5.85600906e-01
   6.24553979e-01
   2.93632804e-01
  -9.12175780e-01
   8.79455145e-01
   4.08920923e-01
  -6.24403340e-01
  -3.36934358e-01
  -5.61950587e-01
  -1.35204542e-01
   1.01515368e+00
  -4.29579022e-02
  -8.48013349e-02
  -1.45306469e+00
   9.23382887e-01
   2.93916670e-01
   3.18511525e-01
   1.44180715e+00
  -2.43677516e+00
   7.77730808e-01
  -2.10549422e+00
   1.41848922e+00
  -9.24521681e-01
   1.73031716e-01
   4.44198016e-01
   6.70371884e-01
   8.75740173e-01
  -5.33135663e-01
  -2.33881298e-01
   1.82149213e+00
  -4.29286954e-01
   1.74896825e+00
  -1.45499810e+00
  -1.62176702e+00
   1.03943319e+00
   9.90954046e-01
  -8.92275060e-01
  -3.72926137e-01
   6.36738539e-02
  -3.71651489e-01
  -2.53091252e-02
  -8.65281677e-01
  -2.72751891e-01
   2.02646173e+00
   1.56466005e-01
   2.53447855e-02
   3.79408328e-01
  -1.15149090e+00
   1.42093003e+00
  -1.78796095e+00
  -1.92487492e-01
   2.45928473e-01
   2.21469196e-01
   4.57764892e-01
   6.71273656e-02
  -7.30702758e-01
   1.74289454e-01
  -1.51884509e+00
   6.00596465e-01
  -7.88090648e-01
   1.43561008e+00
   8.24456816e-01
   6.91515990e-01
  -6.94734328e-01
  -5.09262401e-01
  -2.40744023e-01
  -8.04815833e-01
  -7.00880225e-01
   4.22335498e-01
  -1.93682992e+00
  -1.00818960e-01
  -4.18970529e-01
  -2.45328464e-01
   9.45843263e-01
  -1.03792403e+00
  -4.91560070e-01
  -1.02282259e-01
   8.01365822e-01
  -5.76940459e-02
   1.70840567e+00
   1.06485666e+00
   1.95962566e+00
   1.55286470e+00
   1.33166812e-01
   1.88948568e+00
   8.04788611e-01
   3.21885849e-01
   1.26447722e+00
  -1.24036636e+00
  -2.74005483e-01
   1.50898899e-01
  -1.95728815e+00
   1.77522093e+00
   1.40103207e+00
   2.02202348e+00
  -7.28271103e-01
  -6.49106568e-01
  -1.54958896e+00
  -1.03840055e-01
  -1.86353510e-01
   1.32203220e+00
  -8.54419216e-01
   8.19712887e-01
   1.34863158e+00
  -8.28314310e-01
   6.43354627e-01
  -4.29560825e-01
   3.46216737e-01
  -3.09020102e-01
   1.90126685e+00
  -1.06926495e+00
  -3.93531730e-02
   3.26107242e-01
  -9.21296055e-02
  -9.08153570e-01
   1.86112545e+00
   1.63709040e-01
  -5.76148421e-01
  -1.19681908e+00
  -1.20494802e+00
   7.98551942e-01
  -9.07722472e-01
  -3.95508367e-01
   9.24922905e-01
  -1.01082581e+00
   1.28890500e+00
   4.26307497e-01
   1.16183955e+00
  -1.18028123e-01
   4.70256198e-01
  -2.72698402e+00
   2.09300291e-01
   1.29181253e+00
  -4.65461889e-01
   1.33370183e-01
  -5.32940997e-01
   1.88270224e-01
  -9.92029368e-01
  -8.95154126e-01
  -1.27740496e+00
  -1.81668066e-01
  -5.46759185e-01
   6.60195042e-03
  -8.91424855e-01
   1.45705693e+00
   4.59654556e-01
  -1.17515077e+00
   2.46968395e-01
   7.18854588e-01
   6.47108187e-01
  -2.23199545e-01
   4.74473008e-02
   7.55614545e-01
   2.78055825e-01
   1.08089882e+00
   1.56581355e-01
  -2.02489623e-01
   6.24621349e-01
  -1.88692272e+00
  -3.71996774e-01
  -1.42258607e+00
  -2.47847157e-01
  -7.51855781e-01
  -2.36237742e-01
  -1.55864164e+00
   5.64960140e-01
  -1.63663600e-01
  -1.38313764e+00
   1.22479992e+00
  -1.22848645e-01
   2.56220945e-01
  -7.70048006e-01
   4.53176579e-01
  -8.82369685e-01
   9.66031537e-01
  -7.27077618e-01
   1.22945296e+00
   1.06218330e+00
  -5.52693435e-01
  -7.26238301e-02
  -4.63719372e-01
  -1.60638213e+00
   5.27627104e-01
   9.88446948e-01
  -1.30599265e+00
   9.44508914e-01
  -1.37677431e+00
   9.02037757e-01
   1.07489041e+00
  -2.02009802e-01
  -6.29804857e-01
  -9.74072883e-01
   7.68642493e-01
   5.18161765e-01
  -3.22409488e-01
  -7.03490826e-01
   1.66288152e+00
   1.55854922e+00
   7.15916555e-02
   1.18232596e+00
   1.30137396e+00
  -5.01266817e-01
   1.39969474e+00
  -3.15471184e-01
  -3.21489852e-01
  -4.14299977e-04
   6.46394764e-01
   5.93884758e-01
  -1.32163606e+00
  -1.11597881e-01
  -3.33285980e-01
   2.09951798e+00
  -9.32416317e-01
  -8.45184701e-01
   1.58986953e-01
   4.46531494e-01
   1.93199654e-02
  -1.55676191e-01
   1.31329155e+00
  -3.68853042e-01
   4.74095905e-01
   3.51342351e-02
  -1.09371153e+00
  -6.38738525e-01
  -7.28776682e-01
   1.93420385e+00
  -1.16156663e-01
   1.64660337e+00
   4.42534675e-01
  -2.11384101e+00
  -1.12586888e-01
   1.68363040e+00
   4.20792807e-01
  -1.04616032e-02
   9.71666257e-02
  -7.58277217e-01
   1.06094598e+00
  -1.36054658e-01
   1.70243130e+00
  -8.78732470e-01
  -1.55859405e+00
   2.05169726e-01
  -2.56650272e-01
   3.11562710e-01
   2.17741453e+00
   4.17043249e-01
   1.59757131e+00
  -6.46417622e-02
  -6.94558646e-01
   2.66656087e+00
  -3.15798319e-01
  -1.73029450e+00
   8.05049378e-01
  -1.00245548e+00
  -9.94275802e-02
   3.20346487e-01
   1.06628332e+00
  -3.22063723e-01
   4.59972758e-01
  -1.13915913e+00
  -1.04606526e+00
   5.76897912e-01
   3.26144702e-01
  -4.35663651e-01
   1.55931950e-01
  -7.52094040e-01
  -6.72813034e-01
   2.49969398e+00
  -1.16050460e+00
   1.22309295e+00
  -1.06098097e-01
   1.34528434e+00
  -3.11418630e+00
   1.34583178e+00
  -1.30990838e+00
  -3.82743520e-01
   1.52713110e+00
  -3.19848183e-02
  -2.64324374e-01
   4.02787739e-01
   1.34189511e+00
  -2.19708217e+00
   1.52375015e-01
  -9.64672025e-01
  -5.79223924e-01
   4.12183509e-01
   1.02565809e-01
   1.80992925e+00
  -8.47777875e-01
   1.76339782e-01
  -1.68848949e+00
  -1.52958006e+00
  -4.83088067e-01
  -1.22424576e+00
  -4.74090870e-01
  -2.97558583e+00
   1.89256165e+00
   5.15111616e-01
  -1.65680341e+00
   1.12899268e+00
   1.43012827e-01
  -2.10262169e+00
  -9.23195443e-01
  -8.71688981e-01
  -3.82729497e-01
   7.20872326e-01
   1.22151050e-01
   5.35592289e-02
  -2.01314004e-01
   1.44774164e+00
  -1.40167049e+00
  -8.87565769e-01
   1.10806198e+00
   6.94807084e-01
   2.64265657e+00
   2.57596386e+00
  -5.11622728e-01
  -4.59500582e-01
   8.98249484e-02
   1.05177569e-01
   6.85262296e-01
   1.62917517e+00
  -1.29916572e+00
   2.23475934e-01
  -9.43712908e-01
   3.54258895e-01
   1.01886944e-01
  -7.51771054e-01
  -1.27658506e+00
   7.61293535e-01
   7.76885455e-01
   5.23333463e-01
  -6.64877546e-02
   8.09673608e-01
  -6.43207093e-01
  -1.72613467e+00
   6.58634274e-01
  -6.11009831e-01
   6.28536481e-01
   6.64889522e-01
   1.83007271e-01
  -2.11635879e-01
   1.41678296e+00
  -1.04468821e+00
   6.96122535e-01
   6.26633934e-01
  -4.80371479e-01
  -1.48968706e+00
  -2.11707514e+00
   5.97932265e-01
  -9.12057726e-01
   1.46276450e+00
   8.04064380e-01
  -7.54508764e-01
  -1.64638618e+00
   3.96414928e-01
  -2.33004163e-02
  -1.35745134e+00
   1.80667623e+00
  -1.06858772e+00
  -6.22410189e-01
   1.00410211e+00
   4.36761221e-01
  -7.29543484e-01
   5.16400454e-01
   6.51559263e-02
   5.28141634e-01
   1.73035268e+00
   1.04587597e+00
   2.84614084e-01
  -9.01877488e-01
  -6.27283458e-01
  -9.05385412e-01
  -1.76993834e-01
  -2.99338191e-01
   7.07730174e-01
  -5.90157002e-02
   4.73583551e-01
  -3.04471779e-01
  -8.55384755e-01
  -1.36684008e-01
   9.95632960e-01
   1.24912525e+00
   5.98754370e-01
   1.00942144e+00
  -6.81399331e-01
  -9.33598085e-01
   3.57091977e-01
  -3.37213785e-01
  -1.59065699e-01
  -1.44646240e+00
   7.56933655e-01
   3.45558353e-01
   1.11152768e+00
   1.41237269e-01
   2.18169114e-01
  -3.16569419e-01
  -1.38943010e+00
  -1.81684872e+00
  -7.43905753e-02
   1.53581832e-01
  -8.99007015e-01
   8.11276905e-01
   5.52905526e-01
  -5.35916289e-01
   1.43416137e+00
  -1.45079061e+00
  -1.17249199e+00
   9.53333658e-01
  -4.01022821e-01
  -1.08923336e+00
  -4.10461544e-01
   7.44964372e-01
   1.98540243e+00
  -5.13921472e-01
   1.94660479e-01
  -1.58344070e+00
   3.48692623e-01
  -1.83014983e-01
  -1.32227122e+00
   1.30379675e+00
   1.31138466e+00
  -5.55901188e-01
  -1.25214130e-01
  -1.33505947e+00
   7.65148671e-01
   1.26195926e+00
  -6.41269356e-01
  -7.19663560e-01
   1.07492941e+00
   1.31020444e-01
   8.54777058e-01
   1.38221993e+00
   6.01831287e-02
   1.90087643e-01
   2.60702230e-01
   2.52955602e-01
   2.53964221e+00
  -1.26616372e+00
  -2.28984235e-02
   6.10071924e-01
   1.29120690e-01
  -1.32889761e+00
  -1.26219685e-01
   1.78076320e+00
   8.50907085e-01
   1.14530961e+00
   3.73434575e-02
   1.39052602e+00
   6.40509615e-01
  -3.18407488e-01
  -1.15748099e+00
  -8.52752594e-01
   9.42635923e-01
   1.04349793e+00
  -1.07554058e-01
   1.52213992e+00
  -1.29215754e+00
   2.15586532e-02
  -1.58920954e+00
  -1.06894136e-01
  -9.09787394e-01
  -1.23702282e+00
   8.81953909e-01
   6.25004713e-01
  -9.27915750e-01
   7.12358668e-01
  -1.77196991e+00
  -9.35654415e-01
   1.76512013e+00
  -8.90848364e-02
   5.62227524e-01
  -5.22163869e-01
  -1.73573904e-02
  -1.15641942e+00
   2.61199175e-01
  -7.63781026e-01
  -7.22177683e-01
   3.44457210e-01
   1.65926729e+00
  -8.71988009e-01
  -6.57461939e-01
   9.17817373e-02
   4.55633629e-01
   8.77813153e-02
   6.75799415e-01
   7.31333410e-01
  -1.03543785e+00
  -3.38738528e-01
  -2.43618432e+00
   6.29309082e-01
   8.88148215e-01
   7.68772569e-01
  -2.04149535e+00
  -1.67359985e+00
   1.17813051e+00
   3.99479022e-01
   6.85057751e-01
   3.85843460e-01
   3.31958936e-01
   1.68627251e-01
  -1.20212722e+00
  -3.57984146e-01
   1.88517022e-01
  -1.81704243e+00
   5.80027023e-01
  -1.98332303e-01
  -1.45774673e-01
  -1.29491721e+00
   9.73155035e-01
  -4.82172762e-02
  -1.14644670e+00
   1.68967389e-01
  -6.74157026e-01
  -3.30547966e-01
   1.78421644e-01
  -4.41652062e-01
  -2.94697169e+00
   7.72062320e-01
   5.44803086e-01
  -2.76740384e-01
   1.24820245e+00
  -1.40727243e+00
  -3.89975457e-01
  -8.87460627e-01
   3.65424452e-01
   2.00360327e+00
  -2.26415845e+00
  -4.51512839e-01
   3.22209425e-01
   1.28416679e+00
  -5.34147890e-02
   2.14021465e+00
  -1.36216247e+00
  -1.12526998e+00
  -4.04491055e-01
  -5.52041028e-01
   1.20693393e+00
   3.04830826e-01
  -1.47263241e+00
  -1.11222384e+00
  -1.05446543e+00
  -7.85115432e-02
   1.25057046e+00
   1.15605595e-02
   3.83794266e-01
  -3.24100112e-01
  -8.45224381e-02
  -1.54486042e-01
  -1.35978267e+00
  -1.28039321e+00
   2.18444639e+00
  -9.50899896e-02
  -7.85695258e-01
   7.00153235e-01
   3.31264520e-01
   1.32366486e+00
   1.54293520e+00
  -1.48161690e+00
   1.29747047e-01
  -6.11545381e-01
  -1.28585719e+00
   9.11116035e-01
  -1.49591753e+00
  -8.84971113e-01
   7.52291197e-01
   1.01345336e+00
   7.74970618e-01
   7.31455089e-01
   1.47352021e+00
  -2.46180567e+00
  -1.42815384e+00
   2.31281397e+00
  -2.30071950e-01
   6.01536690e-01
   9.38197096e-01
   1.79904167e-01
   1.74700795e-02
  -5.29259991e-01
  -9.15254885e-01
   2.01195246e+00
  -1.03557405e+00
  -7.00004640e-01
  -3.94709197e-01
  -3.83655450e-01
  -1.77111342e-01
  -2.43431545e+00
   1.02352992e-01
   9.94265842e-01
   1.05407184e+00
   3.45002537e-01
   5.77281641e-01
   5.89198673e-01
   2.97671318e-01
   9.86501234e-01
  -6.96952494e-01
   2.22262986e+00
   8.63919415e-01
  -2.94260161e-01
   1.67666502e+00
   1.75199012e+00
   1.37553173e+00
  -4.27163130e-01
  -1.20160038e+00
   1.39679867e+00
  -9.19414610e-01
  -1.12232172e+00
   4.64941963e-01
   4.25032926e-01
   6.80467424e-01
  -9.22990300e-02
   8.67241194e-01
   2.37862792e+00
  -4.34534551e-01
  -1.28661706e-01
  -5.27762593e-01
   1.64245227e+00
  -4.53499596e-01
  -8.33818749e-01
   4.63799481e-01
   1.82124478e+00
  -8.95686977e-01
  -7.74140979e-01
   9.19463833e-01
   4.93956550e-01
  -4.89712937e-01
  -1.51795801e-01
  -7.70511558e-02
   8.96059161e-01
   3.50961995e-01
  -1.45979733e+00
   1.65013556e-01
  -3.62722636e-01
  -3.93458104e-02
  -3.08087910e-01
  -3.44123172e-01
  -1.91468311e-01
   1.65775966e-01
  -1.64374469e+00
   3.88245637e-01
   6.47786854e-01
   1.51731342e+00
  -1.26136082e+00
   1.71334688e+00
  -1.21870830e+00
   2.20578862e-01
  -7.29352723e-01
  -6.74608742e-02
   1.33426670e-01
   1.22133724e+00
  -1.32415264e+00
  -8.93190071e-01
   6.00526753e-01
  -1.61393136e+00
  -5.44707939e-01
   5.08941012e-01
   9.01555574e-01
   2.72624111e-01
   3.67601675e-01
  -8.08205989e-01
  -8.30177069e-01
   1.51385754e+00
   8.75467013e-01
   2.18321542e+00
   1.15157213e+00
   4.42449554e-02
  -2.89900074e-01
  -1.35363261e+00
  -7.36938852e-01
  -5.75210750e-01
   5.68180343e-01
  -6.53741245e-01
   1.27697092e-01
  -3.19487106e-01
   4.86295002e-01
  -8.37543390e-01
   1.91537712e+00
   7.08705908e-02
  -1.64659838e+00
   5.56430871e-01
   1.41243915e+00
   3.02305166e-02
   7.97015231e-01
  -1.16588299e+00
  -8.66546325e-01
   2.67767458e-01
   7.75454123e-01
  -9.51149233e-01
  -1.06383717e+00
   1.08276547e+00
   8.60264643e-01
  -5.51354948e-02
  -1.12179093e+00
   1.40177228e+00
   5.31544725e-02
   4.80854834e-02
   2.32574453e-01
   1.08714254e-01
  -6.20120418e-01
   3.23901317e-01
   8.12681259e-01
   9.06561550e-01
  -2.21946866e+00
  -8.40742716e-01
  -6.61215419e-01
  -1.61632435e-01
  -1.35185063e+00
   2.65747795e-01
   1.11161475e+00
  -1.25890972e+00
  -6.19044272e-01
   5.58289502e-02
  -1.45702995e+00
  -7.12343044e-01
   9.52530641e-01
  -1.81323035e-02
  -3.35678088e-01
   3.03198371e-01
  -7.76765010e-02
  -2.39814029e-01
  -6.14600080e-01
   2.07222112e-01
   8.36304964e-01
   9.20785098e-01
  -5.57273090e-02
  -2.73070849e+00
  -8.70247940e-01
  -1.08193007e+00
   1.06291695e+00
   1.73961760e+00
  -8.20361918e-01
   4.69554916e-01
   1.10718018e+00
  -2.56453116e+00
  -1.66598783e+00
   7.66408267e-02
  -6.37283364e-01
  -2.28903903e-01
   5.47722077e-01
  -8.00952411e-01
  -1.05661038e+00
   9.41137191e-01
  -8.55686083e-01
  -3.63628563e-02
  -1.06108428e-02
  -8.50733209e-01
  -1.03912679e-01
   1.23037700e+00
  -2.15642758e-01
   1.60826596e+00
   7.88994396e-01
  -3.85350504e-01
  -1.20980173e-01
  -3.78593657e-01
  -7.36060650e-01
  -9.52807827e-01
   5.35752094e-02
   5.76991596e-01
  -1.22650343e-01
  -1.66326005e-01
   3.16664557e-01
   8.94888278e-01
  -9.84340727e-02
   8.92046832e-02
   6.60680159e-01
  -2.37033606e+00
   4.49577246e-01
  -6.15720846e-01
   3.15252704e-01
   1.56269106e+00
   9.69307567e-01
  -1.49299048e+00
  -3.52794756e-01
   1.91157158e-01
   2.20880088e-01
   2.19185159e+00
   1.38745305e-01
  -1.05745354e+00
  -1.39024488e+00
   6.27712208e-01
   1.10821311e+00
   7.22353773e-01
   6.05855663e-01
   3.85294683e-01
  -1.11902116e+00
  -3.52867321e-01
  -7.56491608e-02
   5.27452095e-01
  -4.70035860e-01
   2.97547756e-01
  -7.74561323e-01
   6.62685468e-01
  -1.31838344e+00
  -1.38806214e+00
   7.53845723e-01
  -2.69025034e-01
  -1.24618956e+00
   1.12682990e+00
   1.73967699e-01
  -9.05482193e-01
  -9.41324688e-01
  -2.96854643e-01
   6.51109441e-01
   9.47740140e-01
  -4.10710598e-01
  -3.22839765e-01
  -4.66207363e-02
   1.20394013e+00
   4.76673670e-01
  -2.19579793e-01
  -9.58027548e-01
  -6.34437387e-01
  -4.12361390e-01
  -2.48025103e-01
  -3.12552102e-01
   5.94236492e-01
   5.95455376e-01
  -5.22749392e-01
  -6.01628203e-01
  -1.91901009e+00
   1.67779641e-01
   2.72488907e-01
   1.13343766e+00
  -6.88924759e-01
  -8.05067943e-02
  -1.36086684e+00
   7.10331244e-02
   3.04513677e+00
  -3.10122213e-01
   2.47892265e-01
   1.27907683e+00
   4.32044250e-01
  -4.33529322e-01
  -1.01000397e+00
   1.64273536e-01
  -8.19012467e-01
  -1.14511697e+00
  -1.38025546e+00
   1.17938337e+00
  -6.79042805e-01
  -7.56152832e-01
   9.53171523e-01
  -5.08960403e-02
   1.72773181e+00
   1.05598438e+00
   1.14309572e+00
   6.59640314e-01
  -4.57892648e-01
  -1.18106201e+00
   1.49642954e+00
  -8.25684063e-01
   9.24260849e-01
   1.24599728e+00
   5.29433861e-01
   4.68245010e-01
   2.74173496e-01
   3.37099143e-01
   1.89955091e-01
   1.31748787e+00
  -1.53146918e+00
   6.74821784e-01
  -3.99335980e-01
  -2.27512335e+00
  -1.02166739e-01
   8.18652334e-01
   7.08339562e-01
  -1.86505287e-01
  -6.46156955e-01
   1.46457511e+00
   1.01412474e+00
   7.28612131e-01
   1.10160605e-01
   1.58314192e+00
   8.71265659e-01
  -1.59012402e+00
  -2.66040791e-01
  -3.99980249e-02
  -1.63279950e+00
  -6.43016048e-01
   1.13093523e+00
  -2.26198608e-01
  -1.23015608e+00
   1.07979767e+00
  -6.19003816e-01
   1.29879745e+00
   6.24969136e-01
  -1.99126283e-01
   1.25139579e+00
   7.67123428e-02
   4.44660827e-02
   1.09299575e+00
   9.74333914e-01
   1.04581772e+00
   2.76853425e-01
  -3.08181000e-01
   7.13724269e-01
   1.00188257e+00
  -1.76942557e+00
  -3.56233125e-01
  -5.19820107e-01
   1.81232067e+00
  -6.09667557e-02
  -3.51970560e-01
   7.84625374e-01
  -1.77071523e+00
   2.10413048e-01
   6.02086984e-01
  -2.66389794e-01
  -5.35270011e-01
   1.47536008e+00
   7.91067799e-01
   9.91765713e-01
   2.17497635e+00
  -6.06341235e-01
  -1.13307143e-01
   5.73390214e-01
   3.67008092e-01
   1.20819139e+00
  -1.87614005e+00
   1.22789053e+00
   1.31885639e+00
  -9.68655160e-01
  -3.27985170e-01
  -8.44543468e-01
  -3.22229570e-01
   7.02461363e-01
   3.72310347e-01
   1.19873894e+00
  -2.07702978e+00
  -3.87337118e-01
   3.04808748e-02
  -6.00750140e-01
  -1.42861694e-01
  -6.21869618e-03
  -1.68448332e+00
  -2.72432084e-01
   5.74922240e-01
  -1.00518005e+00
   1.36809885e-01
  -6.27260773e-01
   5.59019700e-01
  -1.28051576e+00
   4.59858606e-01
   1.16706154e-01
  -1.01841808e+00
  -2.40287898e-01
   1.51237997e+00
   2.74596028e-01
  -1.21784935e-01
   2.89275183e-01
  -7.73780322e-01
  -8.17115174e-01
  -3.86413175e-01
  -4.62737959e-01
  -1.71171912e-01
   6.12172342e-01
  -4.44408290e-01
   8.25330535e-01
   1.82423085e+00
   7.43754222e-01
  -1.12805305e+00
   2.60393102e-01
  -8.18921191e-01
   1.98379021e+00
  -1.95495447e+00
  -1.19912778e-01
  -8.02844876e-01
   1.87365542e-01
   1.88585383e+00
  -1.11643173e+00
  -1.69044552e+00
  -6.05071828e-01
   4.79550139e-01
   1.38775635e+00
  -6.51925908e-01
  -1.31441848e+00
  -1.17434415e+00
   9.11656148e-01
   1.41245383e+00
  -6.82497193e-01
  -1.02091084e+00
   3.90628010e-01
  -2.38598296e-01
   1.51303930e+00
   1.55741254e+00
  -2.30206201e+00
   2.21655733e+00
  -1.14985095e+00
  -5.37576366e-01
   1.79397191e-01
  -2.27080977e-02
  -1.52781562e+00
  -8.55463035e-01
  -4.10079219e-01
   2.78368989e-01
   8.19868208e-01
   2.19424035e-01
  -2.52266630e-01
  -1.20671687e-01
  -7.56004294e-01
  -3.90178193e-02
   2.35808142e+00
  -1.94553977e+00
  -1.28230187e+00
   3.13292851e-01
  -8.46669099e-01
  -3.32337104e-01
   9.80987482e-02
   4.81458850e-01
  -2.04379455e+00
  -5.03317297e-01
  -2.07315673e-01
   6.06951631e-02
  -1.14242834e+00
  -1.08332741e+00
   2.06789525e-01
   2.15660359e-01
   1.34137951e-01
   9.17467929e-01
  -7.00740701e-01
  -1.53729252e+00
   1.14860971e+00
  -1.56886223e+00
   5.96046800e-01
  -7.51207620e-01
   1.63252099e+00
  -9.54285417e-01
   2.59348663e+00
  -2.80083272e-01
  -3.16601932e-01
   1.74011137e+00
   8.68282102e-01
   5.94497333e-01
  -6.77500692e-01
   4.93221124e-02
   2.84288019e-01
  -7.03411718e-01
  -6.83600597e-01
  -2.38983206e-01
   2.30013601e-01
   3.26930230e-01
  -1.40405542e+00
  -1.15794899e+00
  -8.96478692e-01
  -8.56164750e-02
   3.93941662e-01
  -2.09330054e-01
  -4.22452182e-01
   4.42925920e-01
  -6.09422317e-01
  -2.26825618e+00
  -1.22640271e+00
  -1.88371654e+00
  -5.33694637e-01
  -1.70500580e+00
  -1.00959838e-01
   2.22319876e+00
  -4.22268720e-01
   2.84981734e-01
   1.49773507e+00
   7.33831552e-02
   9.38943815e-01
   1.73544476e+00
  -1.33376142e+00
   1.34930159e+00
   6.51614433e-01
  -9.64580513e-01
  -1.30620720e-01
   9.93340083e-03
   2.29459148e-01
   4.29351336e-01
   7.74070881e-01
  -7.64478715e-01
  -5.55055912e-01
   1.12923123e-01
   2.02546681e+00
   5.36507176e-01
  -6.87529835e-01
   6.69152735e-01
   2.28328045e-01
   6.91630071e-01
   2.64076798e-01
   2.04439434e-01
   5.53330150e-01
  -6.83853966e-01
   1.79938937e+00
   1.45223797e+00
   4.06364733e-01
  -1.85730507e-01
  -9.90749950e-01
   4.84057467e-01
  -9.39772107e-01
  -7.46751620e-01
   1.13374791e+00
   5.05959415e-01
  -2.98405390e-01
   3.69340482e-01
  -9.51509362e-01
   1.42959047e+00
   3.04623814e-01
   1.82111654e+00
   2.56092493e-01
   6.05909341e-01
  -1.37749705e+00
   8.48797381e-01
  -8.69198740e-01
  -3.36091271e-01
   6.16033487e-01
   2.96696400e-01
  -1.88552651e+00
  -5.05751170e-01
  -7.60042307e-01
  -2.27705253e+00
  -9.01012432e-01
   2.35965818e+00
  -4.19551709e-01
   2.98169387e-01
   2.96265987e-01
   1.48544426e+00
   3.31084222e-02
   9.99609809e-02
  -3.92418146e-02
   1.61488717e+00
  -1.12806892e+00
   9.71534703e-01
  -8.38020354e-01
   4.57328396e-01
   1.31166739e+00
   3.76322213e-01
   1.33396949e+00
   1.73888387e+00
   1.27990982e+00
   7.39251393e-01
   1.50730398e-01
  -7.51777597e-02
   3.85756087e-01
  -8.96499051e-01
  -5.92910245e-01
  -8.64207126e-01
  -1.55021260e+00
   7.02043479e-01
  -3.62639729e-01
  -1.20246642e+00
  -9.41392014e-01
  -5.22153239e-01
  -1.17188735e+00
   1.43041700e+00
  -2.66905996e-01
  -4.36312689e-01
  -2.31981315e+00
  -2.01567591e-01
   4.61913123e-01
  -4.18987449e-02
   8.85345509e-01
   7.60838667e-01
   1.17257800e+00
  -1.41883378e+00
   1.70170592e+00
  -7.13850890e-02
  -5.15772652e-01
  -5.90947960e-02
   1.52427018e+00
   3.66811240e-01
  -1.37778273e+00
   1.05774944e+00
   6.46138956e-01
  -2.44709584e-01
  -1.56342929e+00
  -5.55765965e-01
  -1.91093830e-01
  -1.65466595e+00
   1.40305832e+00
  -1.19355292e+00
   1.19160721e+00
  -7.94566018e-01
  -6.21420007e-01
   7.08104827e-01
  -5.16097788e-01
  -1.73354968e+00
   1.04080616e+00
  -8.79383064e-01
   1.13627881e+00
   1.42398212e+00
   3.58134058e-01
  -1.84221397e+00
   8.36971316e-01
   4.73423988e-01
  -2.69141881e-01
   1.75377624e+00
  -4.91239968e-01
  -4.96167875e-02
  -9.53307812e-01
   7.81112424e-01
  -1.06062498e+00
  -8.11535101e-02
  -8.97849276e-01
   4.40586298e-01
  -8.95148580e-01
   2.34200097e-01
  -4.28607823e-01
   2.58296773e-01
  -1.58261407e+00
  -1.20092764e+00
  -3.03695023e-01
  -1.52862485e-01
  -2.92684224e+00
  -9.98803026e-01
  -1.81420118e+00
  -1.91622834e+00
  -1.38202663e+00
   1.55740477e+00
  -6.42585395e-01
  -9.96246881e-01
   9.20218337e-01
   1.34020313e+00
  -7.24686126e-02
   7.25723069e-01
   1.11228593e+00
  -2.07197166e+00
   1.46437190e+00
   1.49501066e+00
   1.32692003e-01
  -6.27442674e-01
   3.61935641e-01
  -3.67657240e-01
  -2.98432084e-01
  -1.74076101e-01
   4.98671545e-01
  -5.57290009e-01
   2.14242007e-01
   4.02263827e-01
   1.10152445e+00
   3.21833050e-01
   1.23552746e+00
   8.97527094e-01
   1.67044364e+00
   3.23504576e-01
   1.32841346e+00
   5.03627264e-01
  -3.92171510e-01
  -1.76193818e+00
   1.69461706e+00
   3.81873883e-01
   2.34482475e+00
   6.96686576e-01
  -3.05393882e+00
  -1.61408926e-01
  -7.12106759e-01
   7.91781934e-01
  -5.99115005e-01
   2.59153916e-01
   2.17702498e-01
  -2.43274142e-01
   2.01156857e+00
  -1.39260026e-01
   2.13248665e-01
   9.49119263e-02
   1.70763531e-01
   1.11905671e+00
  -1.22772504e+00
  -1.37664687e+00
  -2.67938053e-01
  -1.46143739e-02
   7.81020279e-01
  -5.21585292e-01
   5.64937210e-01
   1.45872861e+00
  -9.97690952e-02
  -8.69900546e-02
   8.85964913e-01
   1.34689618e+00
   2.42245741e+00
   5.61014805e-01
  -5.62235135e-01
  -4.08682179e-02
  -9.77453953e-01
   4.90184964e-01
  -7.95329586e-01
  -3.74071817e-01
  -8.48214822e-01
   1.37933789e+00
   3.02696187e-01
  -1.10736072e+00
  -5.54039413e-01
  -3.90137938e-01
  -5.37215561e-01
  -4.53855751e-01
  -1.13421410e+00
   1.35812919e+00
  -2.60450143e-01
  -7.61670811e-01
  -1.16175607e+00
  -3.11733260e-01
   1.18587908e+00
  -4.21681923e-02
   1.11188529e+00
  -1.00555403e+00
  -3.90980599e-01
   1.15437332e+00
  -7.29348777e-01
  -2.07562522e-01
  -5.59717361e-01
   3.83417283e-01
  -1.91632305e+00
  -2.54972659e-01
   4.42933382e-01
  -6.13214030e-01
   9.42853897e-01
  -7.50260723e-01
   1.20750701e+00
  -1.48219723e-01
  -6.94540708e-02
  -2.53710535e+00
   6.21252226e-01
   6.71360126e-01
   9.46276986e-01
   1.98674135e-01
   7.00913929e-01
   7.79572905e-01
  -4.13027724e-01
  -6.13640744e-01
  -3.62049159e-01
   1.82801280e+00
  -5.03412617e-01
  -7.79985230e-01
  -1.77802950e-01
   6.73691758e-01
   9.04406043e-01
   3.91727655e-02
   1.65347999e+00
   6.70754684e-01
   8.57762438e-01
   7.40640672e-01
  -8.01553825e-01
  -1.39145681e+00
  -3.97725129e-01
  -7.47757538e-01
  -1.55673713e+00
   1.74495781e+00
  -1.31928953e+00
  -1.69856227e+00
   2.53620945e+00
  -9.59029260e-01
  -2.32497818e-01
   1.16334502e+00
   1.12219138e+00
  -1.07393882e+00
   3.62842557e-01
  -3.83880626e-01
  -9.72041091e-01
   6.17202043e-01
  -1.27363988e+00
   6.42020679e-01
  -4.33606213e-01
  -1.31609331e-01
   9.70390471e-01
   1.32944383e+00
   6.60846112e-01
   8.08214572e-02
  -1.19620825e+00
   9.48056344e-01
  -1.16541595e+00
   1.11734723e+00
  -7.50929515e-01
   1.07051880e-03
  -2.45719429e-01
   2.40601154e-01
  -4.55410510e-01
  -7.07103602e-02
   1.31919479e+00
   2.01831468e+00
  -1.13963560e-01
   2.15021673e+00
  -1.25097308e+00
  -3.91219387e-01
  -6.29485935e-01
  -2.98382984e-01
   7.77807301e-02
   4.97445943e-01
   3.84866901e-01
  -7.24557593e-01
  -5.12283136e-01
   4.38101474e-01
   3.67925891e-01
  -4.70258532e-02
   5.67312484e-01
  -8.20242410e-02
   2.15979588e+00
   1.34848771e-01
   6.49807084e-01
   1.32390828e-01
  -9.83227139e-01
   1.88820782e+00
  -4.01901352e-01
  -1.01392140e-01
  -3.12648330e-01
   4.71402777e-01
   3.50897018e-01
   8.10129287e-01
   1.48682004e+00
  -1.68251345e+00
   1.00047270e+00
   1.39838079e+00
   2.80799871e-01
   2.89185785e-01
   9.47204869e-01
  -1.07636153e+00
  -4.39684054e-01
   1.47954461e-01
  -1.87212992e+00
   1.37587857e-01
   1.63008694e-01
   4.62999406e-01
  -1.28079690e+00
   1.39280758e+00
   1.50148389e+00
   1.80678664e-01
   2.82740637e-01
   1.83685232e+00
  -2.67692440e-01
   1.61688949e+00
  -3.81759848e-01
   4.38091696e-01
  -1.41647922e+00
   1.39469945e+00
  -5.18629298e-01
   2.67171840e-01
  -2.02881236e+00
  -1.80540708e+00
   2.11348174e-01
   3.81673445e-01
   2.08682051e-02
   2.70371521e+00
   6.69736448e-01
  -1.73565285e+00
  -1.35453360e+00
   6.29221998e-01
  -1.69031753e+00
   1.25441935e-02
  -1.77471797e+00
   1.20864073e+00
   1.06627564e-01
   7.53685207e-01
  -1.39736505e+00
   2.97329576e-01
   1.25851139e-01
   3.50195221e-01
  -6.88300804e-01
  -6.14738882e-01
   6.35924598e-01
   6.23180674e-01
   3.13286916e-01
   2.80350107e-01
   5.10283728e-01
  -1.07476533e+00
   1.20452395e+00
  -1.58580140e+00
  -7.23025090e-01
  -6.37959625e-01
  -2.55220981e-01
  -6.99136605e-01
   1.47303294e-01
  -1.62501145e-01
  -2.16756632e+00
  -5.27028072e-01
  -5.82422636e-01
   1.56040581e+00
   3.43255419e-01
   1.35094791e+00
  -1.18859596e+00
  -1.13743939e-01
  -1.38250008e+00
  -3.49388526e-01
   1.03626911e+00
  -2.13168636e-01
  -1.43116179e-01
   8.19231500e-01
  -7.87252404e-01
  -4.90808583e-02
  -1.39321004e+00
   5.98265540e-01
   5.61416222e-01
   7.80280242e-01
  -1.06171683e+00
   1.42997540e+00
   4.25763724e-01
  -4.06524277e-01
   3.48840246e-01
  -9.31737855e-01
   6.18277210e-01
   1.21131155e+00
   1.48391375e-01
  -6.53510547e-01
  -4.48264029e-02
   3.79010369e-02
   1.10577794e-01
   1.58473743e+00
   8.47868796e-02
   9.28417224e-01
   6.71351427e-01
   6.14835103e-01
   8.29515308e-01
  -1.56094336e-01
   1.34678732e+00
   4.83763219e-01
   2.24189073e-01
  -5.29912536e-01
  -2.58661056e+00
   5.95028595e-01
  -1.84790462e-01
  -1.06501582e+00
  -6.42740575e-01
  -8.27830867e-01
   4.24958081e-01
  -7.48515170e-01
  -8.72905186e-01
   1.91152075e-01
  -1.43511920e-01
  -6.79438448e-04
   1.15631134e-01
  -1.50497436e+00
   5.23004119e-01
   1.22753533e+00
   1.33023752e+00
  -5.13609172e-02
   1.27421433e+00
  -1.46782682e+00
   8.55319895e-02
   4.60465752e-01
  -1.00623484e+00
  -1.58609479e+00
  -2.20428324e+00
   4.92605937e-02
   3.70494455e-01
  -1.81099088e-01
   1.57919010e+00
  -6.81271174e-04
  -6.13886388e-01
  -1.23320390e-01
  -2.99656793e-01
  -1.93164343e+00
  -6.18450921e-01
   8.94027384e-01
   1.83641524e-01
   4.08881826e-02
  -1.07115693e-01
   3.57973658e-01
  -9.18582546e-01
  -1.85673706e+00
   1.17968895e+00
   5.80341322e-01
  -7.50317258e-01
   2.27381049e-01
  -1.32787028e+00
  -2.12556805e-01
   1.06997472e+00
   1.18496797e+00
   3.23098763e-01
   2.58725485e-01
  -4.39775010e-02
   6.26537466e-01
   1.73859818e+00
  -7.44262616e-01
  -2.72300219e-04
   1.74691922e+00
  -1.35575904e+00
  -1.01271528e+00
  -8.13237288e-02
   2.87829851e-01
   5.24655724e-01
   1.61337906e-01
   1.00836796e+00
   1.11556210e+00
  -4.73530169e-01
  -7.74317554e-01
   2.39357336e+00
   4.04906666e-01
   8.15918572e-01
  -1.10119952e+00
  -2.56722125e+00
   1.44485977e-01
  -3.52346567e-01
   8.68463880e-02
   3.45111829e-01
   1.35020852e+00
  -4.80008832e-01
   2.13347334e+00
   7.78983647e-01
   1.11504286e+00
  -2.45923863e-01
   3.61703488e-01
  -1.29719542e+00
   1.21168894e+00
  -6.26991324e-01
   7.55053798e-01
   3.17798478e-01
  -1.22081128e-01
   6.86886619e-01
  -1.28568273e-01
   1.60081521e+00
   4.85675365e-01
  -1.09277066e-01
  -8.73577092e-01
  -7.33998651e-02
  -1.72116477e+00
   4.44855959e-01
  -7.46086752e-01
   1.57623860e+00
  -2.86486262e-01
  -6.68287294e-01
  -6.66050472e-01
   7.43161987e-01
   5.88089346e-01
  -1.35289193e+00
  -8.03608334e-01
   6.10740860e-01
   3.77436642e-01
   4.49085578e-01
  -1.02130226e+00
   2.40263359e-01
   1.58379761e+00
   7.88256544e-01
   5.61231705e-01
  -6.92457354e-01
  -3.44049621e-01
   1.75394509e-01
   1.25717997e-01
   1.37353209e+00
   7.28240243e-02
   3.22648107e-01
   1.16489561e+00
  -3.20266147e-01
  -5.11741721e-01
  -2.39330363e-01
  -1.01940090e-01
  -1.54671800e+00
   7.76849610e-01
  -5.92421369e-01
   3.10194708e-01
  -1.41131759e+00
   2.24278883e-01
  -6.33321832e-01
   7.12575125e-02
  -5.47326845e-01
   1.16158629e+00
  -1.25178723e+00
   3.38360585e-01
  -1.78300599e+00
   8.25381145e-01
  -3.53014375e-01
   1.91000158e+00
  -7.16258077e-01
  -2.60368601e-01
   1.11668020e-01
   1.42491676e+00
  -1.45088395e+00
  -2.87850154e-01
   1.15698010e+00
   1.38883364e+00
   6.77882913e-01
  -5.31059685e-02
  -8.65341336e-01
  -1.68484712e-01
   6.74521274e-02
  -2.59579233e+00
   5.22948295e-01
   3.46487097e-01
   1.88508708e+00
   1.86107760e-01
  -8.60638942e-01
   9.03877441e-01
   3.77341464e-02
   9.08109510e-01
   1.43318103e+00
   1.06727391e+00
  -3.28637688e-01
   1.46829226e+00
  -7.04781964e-01
   1.89037394e+00
   1.15212354e+00
  -1.52161664e+00
   1.36698754e+00
   2.73065470e-01
   1.50260717e-01
   9.32469281e-01
  -4.33159248e-01
   1.89337037e-01
  -2.46861117e-01
   1.81143526e-01
   1.33838924e+00
   5.70283780e-01
  -3.67433057e-01
  -1.38264947e+00
  -1.70124598e+00
   6.55683000e-01
   1.79315259e-02
   1.09959930e+00
  -6.23519355e-02
   2.55814647e-01
   8.12407477e-01
  -7.05741282e-01
  -1.89898617e+00
  -1.57743944e+00
   1.58134389e+00
   6.27587839e-01
  -6.05634237e-01
  -2.64603683e-01
   1.55288472e+00
  -1.19471812e+00
  -1.72607538e+00
   4.57395343e-01
   4.51678991e-01
  -4.44801115e-01
   1.00980467e+00
   1.32081036e+00
  -9.34750848e-01
  -1.25008871e-01
   8.84525151e-01
   3.35597242e-01
   3.73778163e-01
  -3.68883762e-01
   1.49139500e+00
   3.99667442e-01
   4.75015314e-01
  -1.83785234e-01
   1.01148777e+00
   2.29277341e-01
   8.30929843e-01
   8.32633724e-01
  -2.22615589e-01
   9.86966479e-01
  -8.91698764e-01
  -1.21956029e+00
  -6.73367309e-04
  -2.41026195e-01
   1.00012239e+00
  -1.06922682e+00
  -4.70428432e-01
   2.52917260e+00
  -5.22538602e-01
  -7.11287200e-01
   1.30522314e-01
  -6.09293009e-02
   7.17352538e-01
  -5.17518757e-01
   4.17304145e-01
  -1.81741969e-01
  -2.70107045e-01
  -1.73653087e+00
   5.78284217e-01
   1.14321972e-01
  -7.02821019e-01
  -1.72576271e+00
   1.13131603e+00
  -7.67807357e-01
   1.55935421e+00
  -7.24070302e-01
   1.25162233e+00
   1.24935951e+00
  -3.21269191e-01
   4.24055556e-01
  -1.10255775e+00
  -1.06226678e+00
   1.73501804e+00
   5.43585990e-01
  -2.53241896e-01
   5.25168161e-02
  -4.46616310e-01
   2.34499075e-01
  -1.34250671e+00
   6.17635341e-01
   8.90209516e-01
  -6.94957696e-01
   1.49899893e+00
   5.90413009e-01
   2.54342751e+00
   1.05530918e+00
   2.69300949e+00
  -3.67806983e-01
  -2.28734800e+00
   1.55344783e+00
   5.12546550e-01
  -2.93475117e-01
   8.57556177e-01
   2.24715312e+00
  -1.27588180e+00
   1.68229842e-02
  -9.40031809e-01
   1.33729205e+00
  -6.12847170e-01
   2.58033922e+00
  -8.71193871e-01
  -4.64331373e-01
   8.97264898e-02
  -1.81850783e-01
   9.78911188e-01
   3.53858963e-01
   6.20246919e-01
  -9.63925156e-01
   5.99009742e-01
  -1.09359231e+00
  -5.52669957e-01
  -6.88382211e-02
  -8.55778504e-01
   4.04585994e-01
  -1.39593837e+00
   3.75780189e-01
  -6.02231332e-01
  -1.76719994e+00
   6.25576145e-01
   2.01582071e+00
  -6.28518096e-01
   4.84619570e-01
   2.30873111e-01
   1.62956977e+00
  -4.46124198e-01
   2.86502380e-02
  -9.31073934e-01
   1.24224559e+00
   1.06295344e+00
  -1.09670023e+00
   7.28029189e-01
   8.28564330e-01
   3.92135736e-01
   5.33195915e-01
  -1.62440785e+00
  -2.97784557e-01
   1.52310197e-01
  -1.04803641e+00
  -9.84313759e-01
   5.38627672e-02
  -1.20243130e+00
   5.69646822e-01
   4.39632353e-01
   8.79920338e-01
  -5.76773169e-01
   2.04006886e+00
   1.62765663e+00
  -4.02798492e-01
   1.36181365e+00
  -4.78572921e-01
   7.11151191e-01
  -1.33086994e+00
   7.59943349e-01
   4.04857375e-01
  -1.74815711e+00
   4.27113521e-01
  -6.59952990e-01
   7.40068842e-01
  -6.18659818e-01
   5.94409094e-01
  -6.69935137e-01
  -1.29184602e+00
  -6.09184970e-01
  -1.35311344e+00
  -6.16711708e-01
   1.95952315e-01
  -2.19058762e-01
   1.31220466e+00
  -1.25033888e-01
  -8.21177501e-01
  -1.04663168e-01
   1.09665785e+00
  -4.04229650e-02
   6.41379843e-01
  -5.99587847e-01
   1.85883703e+00
   5.63883513e-01
   4.97296308e-01
   4.08995211e-01
   5.73954470e-02
   2.66989943e+00
   4.94030758e-01
  -1.91632105e+00
  -1.73495775e+00
  -1.00450084e+00
  -9.24655802e-01
  -1.30696155e+00
  -1.59660526e+00
  -1.83633744e-01
  -1.76274424e+00
  -4.48022946e-01
   6.18027725e-02
  -4.13761366e-01
  -9.13306150e-01
  -1.91881770e+00
  -1.91805353e+00
   3.45815734e-01
   1.20879631e+00
   1.15116818e+00
   1.72185466e-01
   1.02847485e+00
  -4.68257969e-01
  -5.55353323e-01
  -1.30159647e+00
  -3.63006555e-01
  -3.97068779e-01
  -1.20883978e+00
   1.34807100e+00
  -1.58121344e+00
   2.71190920e-01
   8.89182746e-01
  -1.30406985e+00
  -6.31776107e-01
  -1.63647119e+00
   4.70542724e-01
   1.00753098e-01
  -1.32366398e+00
   1.11239277e+00
   8.15284393e-01
   7.72784075e-01
  -6.21512392e-01
   9.87756426e-01
   5.44520452e-01
  -2.31306449e-01
  -1.10089416e+00
   1.44836908e+00
  -6.34409514e-01
   4.14007132e-01
   4.06653341e-01
  -2.11521905e-01
  -2.45442513e-01
  -1.92957622e-02
  -1.10614002e-01
  -2.93164452e-01
  -1.61810862e+00
   4.43662235e-01
   5.44806113e-01
   3.03603564e-02
  -2.19041981e-01
   1.95951146e-01
  -5.88907020e-01
   7.13131680e-01
  -1.39016968e+00
   1.65279315e+00
  -1.59704287e+00
   4.49715988e-01
  -6.91373188e-01
  -5.01477522e-01
  -1.78282658e+00
  -8.61687501e-01
   5.44452935e-02
  -9.55355081e-02
  -2.35663468e+00
   5.17291689e-01
  -1.21990726e+00
  -3.84733006e-01
  -1.49617704e+00
   3.26833787e-01
  -2.96060371e-01
  -6.59099883e-01
  -3.63783736e-02
   8.27320537e-01
   8.14139582e-01
  -1.14582540e+00
  -2.70831751e+00
   1.32265955e-01
   2.09628419e-01
  -1.31832429e-01
  -3.78467323e-01
  -6.10544502e-01
  -5.60069339e-01
   2.96977687e-01
   7.86021366e-01
  -2.18670021e+00
   3.59519853e-01
   9.54325796e-01
   6.37414269e-01
  -1.68362830e-01
  -6.57036319e-01
   7.27117482e-01
  -1.86676927e-01
  -1.39561515e+00
   3.86701208e-01
  -3.49182176e-01
   8.42685154e-02
  -7.40494890e-01
   3.35939685e-01
  -3.69379596e-01
  -1.73656750e-01
   3.93508688e-01
  -4.21287039e-01
  -1.73152389e-01
   2.01096108e-01
  -8.17435254e-01
   3.05287123e-02
  -9.00588578e-02
   1.42493261e-01
   3.82043107e-02
  -5.87677536e-01
   2.09723067e-01
   1.44467898e-01
   6.20108736e-01
  -5.04086008e-01
   3.50694423e-01
   1.09229897e+00
   2.47684380e-01
   9.51439529e-01
  -5.41367809e-01
   6.31115469e-01
   1.92257657e+00
   6.51423250e-01
   6.72608338e-02
   5.54906059e-01
  -8.89848765e-02
  -1.76616979e+00
  -1.12763525e+00
  -7.56336086e-01
   4.65769233e-01
   8.52149594e-01
  -3.20569446e-01
  -1.66803734e-01
   3.40600040e-01
  -1.96612110e-01
  -9.92003311e-01
  -4.19470708e-01
   6.57910512e-01
   8.51499534e-01
   2.02599841e-01
   1.34186329e+00
   9.69689540e-01
   2.96394355e+00
  -1.09325854e+00
  -1.14955693e+00
  -1.47734430e+00
  -2.75887088e-01
   1.13135253e-03
  -4.38729407e-01
   6.86684681e-01
   1.87932031e-01
  -4.97834542e-01
  -2.69884468e-01
  -1.47213280e+00
   4.07183785e-01
  -3.33599089e-01
   3.13444853e-01
   1.43697045e+00
  -1.13564147e+00
  -5.22816602e-02
  -9.14182946e-02
   3.94755892e-01
  -1.59664989e+00
   1.08304345e-01
  -1.73922998e+00
   5.08697850e-01
  -1.91692537e+00
   5.78361530e-02
   9.07892118e-01
  -2.10367909e+00
   4.35602755e-01
   5.24588508e-01
   4.67128456e-01
  -6.39095299e-01
  -1.29418328e+00
   1.18577461e-01
  -1.55061782e-02
  -8.92324056e-01
   1.35879942e+00
  -1.69353069e+00
  -1.45628726e+00
   5.24050988e-01
   1.83520249e+00
  -1.05774017e+00
  -1.57977814e+00
   2.30012137e-01
  -3.26494819e-02
   1.39093765e+00
   1.76165606e+00
  -1.27214528e+00
   3.16527579e-01
   1.19546864e+00
   8.00127319e-01
  -9.43463919e-01
   1.36915206e+00
   7.08816235e-01
   1.02757917e-01
   9.88780730e-02
   4.42457145e-01
  -1.62897176e+00
   1.55125721e+00
  -6.17339583e-01
   1.21106090e+00
  -4.32992591e-01
   5.71808589e-01
  -4.58848518e-02
  -5.27992256e-01
   1.58592753e+00
   1.73521002e+00
  -1.54162534e+00
  -1.53323292e+00
   3.30236388e-01
   1.27698471e+00
   1.50792353e+00
   1.22087296e-01
  -6.69518219e-01
  -1.83318325e+00
   2.00761593e+00
  -4.77196703e-01
  -4.64614200e-01
  -1.60532000e-01
   5.91250566e-01
  -1.05217642e+00
  -2.47808694e-02
   6.50555172e-01
  -1.53692160e+00
  -1.46343774e+00
  -2.19255657e+00
   7.91091841e-01
  -1.32913859e+00
   9.90406116e-01
  -5.15487242e-01
  -2.11177489e-01
  -4.44823944e-01
   1.36080292e+00
   6.63638130e-02
  -4.09617803e-02
  -5.98079836e-01
   7.25285597e-01
  -1.18990033e+00
   7.18094542e-02
  -3.28008065e-01
  -5.38719168e-01
  -8.25306661e-01
   1.39348566e+00
  -2.77332752e-01
