   1.86015318e-02
   6.87111137e-01
   1.59741572e+00
   2.34223653e-01
   8.68727031e-01
  -2.15897483e-01
  -1.11977575e+00
  -1.57432196e+00
   2.40498490e-01
  -1.32790373e-02
  -1.53262541e-01
  -1.49875265e+00
  -1.12043731e-01
  -1.14753578e-01
   1.20182582e+00
  -4.52165266e-01
  -1.63870128e+00
   7.22260378e-02
  -6.00308544e-01
  -1.19179511e+00
  -9.91165471e-01
  -1.71669674e+00
  -2.82764557e-01
   2.39154226e-01
   1.18855358e+00
  -2.83356080e+00
   1.26579599e-01
  -7.14546555e-01
  -1.03001801e+00
  -4.20763849e-01
  -1.42205591e+00
  -2.03328731e-01
   6.64587626e-01
  -3.85816606e-01
  -1.24164813e+00
   3.77740228e-01
   4.66945681e-01
   2.24692112e-01
  -1.68723388e+00
  -1.13760923e+00
   5.03574450e-01
  -1.05939405e+00
  -3.81901733e-01
  -1.39003333e+00
   5.35135719e-01
   2.21072641e-01
  -2.82908883e+00
  -8.95165593e-01
  -7.42485783e-01
   7.57326717e-01
  -3.59000422e-01
  -9.99803155e-01
  -1.13979216e+00
  -1.35962780e+00
   6.97111941e-01
  -5.94712237e-01
   5.86965017e-02
   6.58863681e-01
   1.24645123e+00
  -3.02984079e-01
  -2.34630007e-02
  -1.02466731e-01
   6.85967797e-02
  -1.23312507e+00
   6.41203272e-01
  -1.03314701e+00
  -5.41337815e-01
  -1.08359896e+00
   4.02090955e-01
   2.18690329e-01
  -7.70280253e-01
  -1.64547223e+00
  -2.49217668e+00
   5.66324028e-01
  -4.88756014e-01
  -1.58344923e+00
   1.24487466e+00
   5.12387514e-01
   1.55269870e-01
  -3.55678864e-01
   1.45641256e+00
   1.08486420e+00
  -1.39408838e+00
   2.15913199e-01
   2.05497520e-01
  -4.66045548e-01
   2.51407138e+00
   3.29852716e-01
   6.04394145e-01
   1.30533553e+00
  -2.25915916e+00
  -3.24767859e+00
   1.75632249e+00
   9.11918240e-01
  -3.48018123e-01
  -2.52915068e-01
  -2.81939267e-01
   1.16465585e+00
  -1.27911323e-01
   2.29339796e+00
   3.18751201e-01
  -3.73916933e-01
   3.51679448e-01
  -1.49947128e+00
  -1.75831541e-01
  -5.77247161e-01
  -2.05868771e-01
  -9.69472541e-02
   5.50494529e-01
   1.50923044e+00
   9.25220329e-01
   4.01582094e-01
   1.85627057e-01
   2.29631402e-01
  -9.02105603e-01
   2.10467932e+00
   6.78540661e-01
   2.71381549e-01
  -1.59107041e-01
   1.13708046e-01
  -5.08805154e-02
   1.84563942e-01
  -5.06217077e-01
   2.13749785e-01
   5.54565335e-01
  -1.06996392e+00
   7.18692911e-01
  -3.56777971e-01
   4.09763463e-01
   4.22625225e-02
   8.02734779e-01
   3.79815992e-01
   3.18109088e-01
  -2.57794052e+00
  -1.52865508e+00
   1.31222980e+00
   1.31161930e+00
  -1.10522543e+00
  -1.14370634e+00
  -1.33136511e+00
   7.72104940e-01
   8.41397620e-01
   1.58343478e+00
   1.89322628e-01
   1.37388809e-01
   5.83561002e-01
  -1.26903368e+00
   2.36138859e+00
  -2.02588927e-01
  -1.43033540e-01
  -6.71607028e-01
   1.96128598e-01
   1.43624540e+00
   1.71687982e-01
   6.41449027e-01
  -9.24389216e-01
   1.08097550e+00
  -9.81273563e-01
  -1.07423029e+00
   3.72938000e-01
   8.89338257e-02
  -1.40969398e-01
   5.94183981e-01
  -9.52457989e-01
  -9.85158488e-01
  -3.86616518e-01
   6.76542245e-01
   1.04845554e+00
  -6.54484808e-01
   9.76001116e-01
  -1.43191651e-01
   5.08098732e-01
   1.27863670e+00
   3.43507099e-01
   1.00918564e+00
  -6.27981783e-01
  -1.12260930e-01
  -2.07707384e+00
   3.15185869e-01
   1.79996414e+00
   9.81764869e-01
   3.95695381e-01
   2.19704781e+00
  -1.43253103e+00
  -6.92214337e-01
   1.32762082e+00
   3.52600654e-01
   7.55125361e-01
  -1.29305643e+00
   1.01785783e+00
   1.10259239e+00
   1.36722777e+00
  -1.59832248e+00
  -6.63760501e-01
   8.02225964e-01
   7.55135599e-01
   5.25923496e-01
   1.72260342e-01
  -1.56438383e+00
   3.37126890e-01
  -2.14303446e+00
  -4.35328910e-01
   1.14426898e+00
  -3.53292212e-01
  -3.31960949e-01
  -6.07156987e-01
  -1.06210983e+00
  -1.44033941e+00
  -2.47490665e-01
   4.26860967e-01
  -6.13127189e-01
  -1.38341555e+00
  -3.72059575e+00
   5.66544240e-01
   4.99409682e-01
   1.72055145e+00
   2.86179326e-01
  -2.95747252e-01
   7.70098863e-01
   5.55530342e-01
  -1.09339549e+00
  -4.44955032e-01
   1.54217888e-02
  -1.45032044e+00
   1.08535588e+00
   1.74454628e-01
  -2.46813751e-01
   6.28915974e-01
  -1.29445991e+00
   1.24082168e+00
  -2.74705211e-01
  -5.47403956e-01
   1.60454171e+00
   3.92126413e-01
  -4.00438060e-01
   2.58587090e+00
   1.31269220e+00
   1.73555337e+00
  -3.77789242e-01
  -2.75563298e-01
  -1.80243697e-02
  -1.03648599e+00
  -3.83841843e-01
   5.39134129e-01
  -3.90521303e-01
   3.70210319e-01
   1.60532627e+00
   7.42115511e-01
   1.09200351e+00
  -1.73048447e-01
  -5.80628389e-01
  -8.81872088e-01
  -1.06674063e+00
   5.19948306e-01
   1.46139516e-01
   1.27728623e-01
  -1.37857502e+00
   1.27677733e-01
  -3.05220572e-01
   6.57182230e-01
   9.55720215e-01
   3.42007401e-01
   1.34234557e+00
  -1.34397455e+00
  -7.55831528e-01
   1.78267340e+00
  -1.51821127e+00
  -4.38594494e-01
   1.03307298e+00
  -2.04660144e-01
  -2.67827388e-01
  -1.56393013e+00
  -5.53584653e-01
   1.01524940e-01
  -1.06892547e+00
  -7.61950852e-01
   1.53039486e+00
  -4.37385994e-01
  -1.41271058e+00
   3.05632215e-01
   6.40592706e-01
  -2.06425572e+00
  -3.36649961e-01
  -1.05031986e+00
  -4.22878826e-01
   5.37037068e-02
  -1.01443380e-01
   7.93411071e-01
   7.93701152e-01
   8.49856001e-01
  -9.12502190e-01
  -5.03921316e-01
  -2.53046269e-01
   3.11956545e-01
  -6.77075628e-01
  -8.40741462e-02
  -2.11285295e-02
  -1.07652577e+00
  -6.28639360e-01
  -8.98471052e-01
   1.01527309e+00
  -8.21321598e-01
   1.27497210e+00
   4.31396401e-01
  -1.59775784e+00
   1.10028890e+00
   1.53050430e-01
  -5.81086389e-01
  -1.68598540e-01
  -5.86853433e-01
  -1.11155589e+00
   4.77650053e-01
   3.70827400e-01
  -1.24685117e+00
   1.36378766e-01
  -1.25415207e-01
   1.98716112e+00
  -8.23116986e-01
  -1.03259521e+00
   1.69843378e+00
  -7.65829290e-01
   1.52968037e-01
  -4.34651360e-01
  -1.47925042e+00
  -2.01280504e+00
  -2.19030624e-01
   2.39196834e+00
  -4.34934556e-02
  -1.13928091e+00
   6.52764715e-01
  -1.82682718e+00
   4.21818864e-01
  -6.99802272e-01
   1.96303297e-01
   3.99604280e-01
  -4.23011356e-01
  -2.61509815e-01
  -1.93223838e+00
   8.33462654e-01
   8.04894685e-02
   9.66975749e-02
  -8.25786151e-01
  -1.00634138e+00
  -3.73869139e-02
   3.58868278e-01
   2.80687964e-01
   6.89351495e-01
   3.72436497e-02
   4.79160938e-01
   1.48531147e+00
  -1.67997298e+00
  -6.21458953e-01
  -2.90510961e-01
  -3.21680663e-01
  -1.55389864e+00
   9.04945323e-01
   1.03439703e+00
   4.16513081e-01
  -1.84467761e+00
  -1.52574410e+00
   1.13075557e-01
   9.10006192e-01
  -6.24773543e-01
  -5.84923735e-01
  -4.90969520e-01
   3.56598641e-01
  -9.91013580e-01
   1.43194953e+00
   1.08969090e-01
   9.57759178e-01
  -7.01974998e-01
   1.07986628e+00
   1.87530427e-01
   1.65210368e+00
  -1.10372466e+00
  -1.13373762e+00
  -9.90419391e-02
   1.01757274e+00
  -1.24749641e+00
   1.04792095e+00
   1.31559489e+00
   9.43886984e-01
  -1.39796225e+00
  -1.29946020e+00
  -8.22812906e-01
   1.68773131e+00
  -3.65599969e-01
   7.43764016e-01
   1.39433140e-01
  -8.89971291e-01
   4.04824027e-01
   8.54463997e-01
   9.47642520e-02
   1.12715464e+00
  -2.77510991e-01
   2.00101019e+00
   2.44939264e-01
   1.15011585e+00
  -7.91887659e-01
  -1.71230193e-01
  -2.74214388e-01
   5.51609496e-01
  -6.70887051e-01
   8.49209993e-02
   6.14535319e-01
  -4.56606234e-01
   5.56566727e-01
  -1.78741131e-01
   6.04902779e-01
  -1.11270202e+00
  -5.12961331e-02
   1.11171985e+00
  -2.77915936e-01
   9.10991753e-01
   1.68490136e+00
  -6.60776060e-01
   1.88384328e-01
  -3.75392660e-01
   4.96918610e-01
   2.44432752e-01
  -3.77828914e-01
   3.50888142e-01
   3.40105219e-01
   1.02545489e+00
   4.15516016e-01
   3.78350880e-01
  -3.52768132e-01
  -9.19410565e-01
   7.81753057e-01
   8.26933590e-01
  -3.38120003e-01
   2.65992497e-02
   9.03696438e-01
  -1.49286019e+00
   5.76136298e-01
  -1.07759489e+00
  -1.08660838e+00
  -1.63644393e-01
  -1.88977915e-01
   6.26472666e-01
   1.82953655e+00
   4.36507636e-01
   2.78051220e-01
  -1.01828694e+00
   2.49615133e+00
   1.12879553e+00
   2.32095506e+00
   9.13152107e-03
  -1.84686367e+00
   5.03154795e-01
  -1.27592314e+00
  -4.57261566e-01
   2.35273018e-01
   3.58731200e-01
   7.43894237e-01
  -3.40129150e-01
   8.95416549e-01
   1.51456353e-01
   1.08802750e+00
   1.90501598e+00
   1.46448300e+00
  -1.72149025e+00
   5.64808342e-01
  -6.35278812e-01
  -4.35999923e-01
   2.16128314e-01
  -4.02118623e-01
  -8.67797628e-01
  -3.04754870e-01
   1.83106057e+00
  -6.35184511e-02
  -1.89097334e-01
  -1.95451385e+00
   7.35712061e-02
  -1.97799030e+00
  -1.00090241e+00
   4.23684172e-01
  -4.68998505e-01
   6.05823797e-01
   9.69510682e-01
   1.93610265e-01
   4.13711955e-01
  -2.70662943e+00
   1.66891886e+00
   8.70766713e-01
   2.00141657e-01
  -1.91433288e-01
  -8.87463973e-01
  -7.92293482e-01
  -1.03443007e+00
   1.25419077e+00
   9.15411183e-01
  -8.88938858e-01
   4.36585488e-01
  -7.03409780e-02
   6.85094574e-01
  -1.21115271e+00
   2.24363268e-01
   6.80349177e-01
  -4.43447681e-02
   8.12404808e-02
   2.04296091e-01
   2.57224773e-01
   2.15438914e+00
   3.42459646e-01
  -2.09234233e-01
   3.53770344e-01
   1.30824122e+00
  -2.19709729e+00
   5.91077166e-01
   4.91389625e-01
  -8.01577091e-01
  -6.52496988e-01
  -7.13244753e-03
  -7.03071898e-01
  -1.74062263e+00
  -5.74809398e-03
  -7.71395162e-01
   6.76815386e-03
   1.27629756e-01
  -1.58128050e+00
  -7.63293574e-02
  -2.13967368e+00
   1.51455766e+00
   5.12797558e-01
   1.18753683e+00
  -6.63434889e-01
   3.10033644e-01
   1.83531626e-01
   7.90422726e-01
   2.32630359e-01
   5.46333705e-01
  -6.22590510e-01
   3.25241865e-01
   4.58505562e-01
  -6.84602322e-01
  -1.45227276e+00
  -1.93238910e+00
  -3.09882026e-01
  -5.87892566e-01
  -1.80954528e-01
  -1.79592462e+00
   1.08017633e+00
   1.74088410e+00
   2.44725446e+00
   3.47092268e-01
   9.93774042e-01
  -1.11527429e-01
   4.57195918e-01
  -5.89732863e-01
  -2.70198948e-01
   2.93224201e-01
  -1.51884840e+00
  -1.32566344e+00
   1.12698627e+00
   4.54291519e-01
  -7.36679682e-01
  -1.19420434e+00
   1.15229818e+00
   2.74773041e-01
  -1.11887823e+00
   6.23730381e-01
  -1.37022290e+00
   1.20176083e+00
  -1.52983973e-01
   9.33812282e-01
   5.56940974e-02
   2.22619818e-01
   9.83884116e-01
   5.91250699e-01
  -1.70940285e+00
   2.13631500e+00
  -1.01004495e+00
   7.99877045e-01
   2.62499441e-01
   6.08791450e-02
  -3.94436456e-01
   1.00761274e+00
   2.23310664e+00
   3.53649580e-01
  -3.05941425e-01
   3.64090667e-01
  -6.65106168e-01
  -7.30246986e-01
  -7.69652231e-01
  -2.87018494e-01
   4.40769673e-01
  -3.98710045e-01
  -8.97298255e-01
  -8.30603908e-01
  -1.05390455e+00
   7.62424827e-02
  -5.89463828e-01
   8.26612450e-01
   8.19800130e-01
  -6.06083534e-01
   1.00837513e-01
  -1.38199544e+00
   9.35365368e-01
   2.18458417e-01
  -4.12311268e-01
  -2.98252495e-01
  -1.02169574e+00
  -6.64393075e-02
   6.60556461e-01
  -3.40705771e-02
  -9.53186910e-01
  -1.84420428e+00
   2.13320326e-01
  -9.07092401e-02
  -5.26357786e-01
  -2.43520600e+00
  -8.16125082e-01
   4.19272414e-01
   4.16257252e-02
   1.86449924e+00
   1.45906767e-01
  -6.90418887e-02
   5.10500428e-02
  -7.71236909e-01
   4.00915064e-01
   2.44128121e+00
   1.12710063e-01
   1.38319393e-01
   2.83711451e-01
  -2.15681000e-02
   1.03988405e+00
  -2.31189586e+00
  -2.56117274e-01
   7.17326414e-01
   1.47546309e+00
  -6.49877704e-01
   1.35220585e+00
  -3.42200049e-02
   3.42088947e-01
  -3.91332163e-01
   2.40476966e-01
  -1.98424543e-01
   5.02351619e-01
  -1.32492021e+00
   4.35274466e-01
   1.63580077e+00
   7.11280076e-01
   4.34628350e-01
   6.88198061e-01
   9.32469871e-01
   3.47393673e-01
   2.28947059e-01
   6.87973212e-02
  -1.58214931e+00
   1.01359449e+00
   4.99055589e-02
  -9.87219995e-01
   1.68092612e-01
  -1.35664221e-01
  -3.66508398e-01
  -2.06450253e-01
   9.67606718e-01
  -1.57062058e+00
  -2.21388797e-01
   3.44811544e-01
  -1.80926795e+00
  -5.76691711e-01
   1.02340265e+00
   4.47396381e-01
   4.06641921e-01
   2.90369407e-01
  -4.62887985e-01
  -8.98999907e-01
  -1.84163865e+00
   2.45535621e+00
  -1.36402215e+00
  -1.04650523e+00
  -7.44057508e-01
   3.48249988e-01
  -1.22294688e+00
   7.53257613e-01
  -1.32908726e+00
  -5.44486434e-01
   1.85025269e-02
   6.45615766e-01
  -2.38077028e-01
  -1.04793666e+00
  -1.35945075e+00
  -1.09445002e+00
  -2.11484357e+00
  -4.35752590e-01
  -1.00733577e+00
   2.25627226e-01
  -5.03178675e-01
  -5.59499713e-02
  -1.59650932e-02
   5.78775423e-01
  -4.27969617e-02
  -8.16020613e-02
  -3.14264455e-01
  -3.82317997e-01
   5.45698880e-01
   5.20839964e-01
  -1.18473722e+00
   5.98119056e-01
  -1.29959165e-01
   1.62621396e-01
   6.29061729e-01
   1.61810481e+00
   1.64650562e+00
   7.55970043e-01
  -2.85068443e+00
   5.03904737e-02
   1.61788830e-01
   1.61927663e-01
  -1.80056843e+00
  -7.53724753e-01
   1.04900995e-01
   1.25286273e-01
  -1.05388218e+00
   1.99672813e+00
   6.68001359e-02
   5.89899205e-01
   2.86867425e-01
  -1.05890140e+00
   2.73701615e-01
   2.66790903e-01
   3.86156101e-01
  -9.65228065e-01
  -1.14589674e+00
  -1.05960260e+00
  -5.44535791e-01
  -4.94439430e-01
   6.49638464e-01
  -3.99935079e-01
   8.29440604e-01
  -8.41425623e-02
  -1.81539009e+00
   6.07648261e-01
  -1.35763892e+00
   8.16663323e-01
  -2.02836730e-01
  -9.41278349e-01
  -1.70490706e+00
   1.44584022e+00
  -1.83155047e+00
  -5.41010322e-03
  -2.24516882e-01
   8.25874903e-01
  -5.29804375e-01
   5.06967405e-01
  -4.41558999e-01
  -1.72596188e-01
  -1.55194315e+00
  -3.79131685e-01
   2.47358638e-01
   4.01294391e-01
   7.87519928e-01
   1.40001144e+00
  -7.18240248e-01
  -1.09294576e+00
  -2.16992833e-01
  -4.40084350e-01
   6.73955266e-01
   1.98130647e-01
   1.08148711e+00
   3.54216181e-01
   3.81116300e-01
   9.73649224e-02
  -1.78286776e+00
   2.25043973e+00
  -1.12164095e+00
  -4.17644080e-01
   1.45929318e+00
   3.66147906e-01
   8.96950825e-01
   2.12894868e+00
   2.35225832e-01
  -9.09585068e-02
  -2.50046340e-01
   3.94979191e-02
   5.09450057e-02
  -2.22639433e-01
   4.36303124e-01
  -2.07942577e+00
   6.24793322e-02
   2.13045611e-01
   7.18297908e-01
  -1.50292858e-01
   1.03789318e+00
   5.74960784e-02
  -1.40380802e+00
  -8.99010272e-01
   2.36202552e-01
  -1.56075333e+00
  -7.79958679e-01
  -1.53237538e+00
   3.67934204e-01
  -1.23584476e-01
  -2.90610327e-01
   1.11904012e+00
  -1.40250208e+00
   1.20854661e+00
  -1.41581835e-01
  -4.57045033e-01
  -6.71883876e-01
   6.96683047e-01
  -2.99561717e-01
   8.32001820e-01
   1.29613177e+00
  -8.75048155e-01
   4.14626365e-03
  -1.15389796e-01
   1.01205722e+00
   1.43884472e-01
  -2.09264779e+00
  -1.87380581e+00
  -7.61575979e-01
  -6.82956487e-01
   2.07046695e-01
  -5.14509489e-01
   1.84789516e-01
   9.49857715e-01
   2.33764867e-01
   3.47154089e-01
   1.86452273e-02
  -4.25563151e-01
  -3.42930616e-01
   1.38692301e+00
   7.55250209e-01
  -2.82295390e-01
  -1.64819887e+00
  -5.19755365e-01
   8.12733317e-01
   1.27457692e+00
  -1.75810329e+00
   2.42683598e+00
   1.23458738e+00
  -3.23715816e-01
  -2.63327154e-01
   1.93203111e+00
  -6.01519868e-01
  -2.64180120e-01
  -1.14497040e+00
   1.02189774e+00
  -7.59840149e-01
   1.20905872e+00
   4.32797242e-01
   1.75964046e-01
  -1.68179014e+00
   4.24935833e-01
  -2.56251680e-01
   5.23662170e-01
  -1.77445399e-01
  -5.73026995e-01
   3.02462562e+00
  -1.47693913e+00
   5.43121514e-01
   1.60083562e+00
   6.54380180e-01
   2.22637707e-01
   5.12211225e-01
   1.01379767e+00
   5.48795670e-01
   3.20240511e-01
  -5.79836660e-01
  -5.29239384e-01
  -4.70532158e-01
   3.90630958e-01
   1.54581388e+00
  -4.92249118e-01
   3.93185178e-01
  -4.41153994e-01
  -3.17102551e-01
   1.60657093e+00
  -1.43160016e+00
  -1.02748825e+00
   2.43715729e+00
   2.86851426e-01
   1.28472342e+00
   3.96443986e-01
   6.96180992e-01
   1.10268787e+00
  -2.00439130e-01
   5.15561679e-02
  -1.04859724e+00
   1.68844174e+00
  -7.22875450e-02
   1.01865624e+00
  -1.72127266e+00
  -3.58355277e-01
   4.32365882e-01
   7.17495609e-01
   1.24392726e+00
  -1.71156061e+00
   6.01214812e-02
   6.10949141e-01
  -1.88441330e+00
   1.53301255e+00
   8.47375807e-01
   8.42068953e-03
  -1.72965838e+00
  -5.68715514e-01
  -2.84285760e-01
  -8.55684885e-01
  -2.11560591e-01
  -4.15298079e-01
   8.43553692e-01
   6.28414541e-01
  -6.66354691e-01
   8.88333265e-01
  -9.45937803e-01
  -4.23701065e-01
   6.79426100e-01
  -2.99129394e-01
  -7.44169851e-01
  -7.27716340e-01
  -6.81484431e-01
  -5.77816697e-01
  -8.87110818e-01
   1.25847375e-01
   1.04721549e+00
   2.40892545e-01
   2.42111976e-01
  -5.09562398e-01
   3.91244085e-01
   9.41866552e-01
   1.24788360e+00
   4.93972249e-01
   1.96318903e-01
  -8.09949660e-01
  -1.33146078e+00
  -7.12751174e-02
  -2.08252843e+00
   5.68814592e-01
   6.37391174e-01
  -5.74388849e-01
  -6.37530890e-01
   3.73953134e-01
   8.39383421e-01
  -1.31014722e+00
  -1.50924035e+00
   1.60004572e+00
  -2.00523274e-02
  -3.90433270e-02
  -8.36760232e-01
   6.10195447e-01
  -9.32588017e-01
   2.76171751e-01
   1.19066707e+00
  -1.10709530e+00
  -7.89800791e-02
   1.20150276e+00
  -3.12201498e-01
   1.72198952e-01
   7.12426293e-01
  -3.30914313e-01
   3.43761230e-01
  -6.55787854e-01
   1.41606179e+00
   4.78904804e-01
  -6.56358207e-01
  -1.58007342e+00
   3.00762889e-01
   9.00834041e-01
   2.21831083e+00
  -9.74336034e-01
   3.94717015e-01
   1.16220380e+00
  -1.03388753e+00
   1.03281398e-02
  -4.42531515e-01
  -2.03681360e+00
   4.40546973e-01
   9.52772291e-01
  -1.38687695e-01
  -9.15563738e-01
  -2.55110493e+00
   1.32110116e+00
   1.36375758e+00
  -1.05648441e-01
  -1.19655513e-01
   7.65511293e-01
   1.93445574e-01
  -2.26295711e+00
  -8.92193748e-01
  -2.17191885e+00
   4.56830150e-01
  -4.67861856e-01
  -5.85917956e-02
   5.35216887e-01
   9.85416877e-01
   2.01899884e+00
  -8.35585153e-01
   2.63293386e-01
   1.93625181e+00
  -1.55558087e-01
   1.05989869e+00
   5.22221666e-01
  -1.86594946e-01
  -1.36836498e+00
   1.07067785e+00
   8.62800936e-01
  -4.53458423e-01
   1.19675135e+00
  -3.55323853e+00
  -1.25081624e+00
  -1.42359737e+00
   3.17589926e-01
  -4.39893128e-01
  -2.69258439e-02
   1.03890485e+00
   1.80625939e+00
  -9.24039918e-01
   1.68239208e-01
   3.11130365e-02
   7.42156620e-01
  -7.09529280e-01
   1.22381687e+00
  -7.78543511e-02
  -1.19782409e+00
   4.66848252e-02
  -7.68045409e-01
   3.22307756e-01
   1.49142665e+00
   1.04887188e+00
   4.53182640e-01
   7.43032498e-01
   1.98297594e-01
  -7.49694795e-02
  -1.16189289e+00
  -8.68724566e-01
   8.99400835e-01
   6.93803853e-01
   1.95605003e-01
   1.89533083e+00
   1.49130902e-02
  -6.51352262e-02
  -2.77363738e-01
  -1.05243303e+00
   1.90553630e+00
  -5.83017910e-01
  -5.46209709e-01
   2.28006421e+00
  -3.05846742e-02
  -6.67728838e-01
   4.68714123e-01
   1.27733886e+00
  -4.87540527e-01
  -1.56813677e+00
  -2.74244877e-02
  -8.70970583e-01
   2.17907762e+00
   5.64136770e-01
  -6.21970960e-01
   9.04801136e-01
  -2.16714280e-01
   1.35272844e+00
  -7.30402636e-01
  -9.18994400e-01
  -6.12976590e-01
  -6.76127287e-01
  -2.12610616e+00
  -3.63161111e-01
  -1.84870919e+00
   1.07815169e+00
   3.06206770e-01
   1.18079961e-01
  -6.18532096e-01
  -1.14988653e+00
  -8.39450277e-02
  -1.26218024e-01
  -3.03266942e-01
   4.08383175e-01
   3.56345867e-01
  -1.20641666e-01
  -7.59535171e-01
   6.44211912e-01
   2.27172902e+00
   1.45257336e+00
  -3.20110840e-01
  -8.23082215e-01
   3.90008141e-01
   3.24582133e-01
  -7.83187036e-01
  -7.75222078e-01
   1.62300876e+00
   1.02218841e+00
  -1.12420805e-01
  -1.98197886e+00
  -1.75209508e+00
  -5.98332476e-01
   1.25308398e+00
   1.07086156e+00
  -1.66288156e+00
  -1.66588456e+00
  -6.45022340e-01
   6.39912565e-01
   1.14761597e+00
  -8.69923547e-01
   5.87804361e-01
   1.15374287e+00
   4.32833006e-01
  -1.21358999e+00
   5.21476988e-01
   4.39920268e-01
   7.40900667e-01
   3.49999201e-01
  -9.32356502e-01
  -1.67264439e+00
  -1.23494665e+00
  -2.33805598e+00
  -5.61926223e-01
  -1.68250861e+00
   8.46298579e-02
  -7.36622085e-01
   6.01527861e-01
   6.46194129e-01
   1.67095670e-01
  -1.64331446e-01
  -7.06622448e-02
   3.50020087e-01
   1.50237465e+00
   2.05101962e+00
   4.53415305e-02
  -1.39154106e-01
   1.07194947e+00
   3.94396642e-01
  -1.59829750e-01
   9.51202420e-01
   3.96299765e-01
   1.25157933e-01
  -5.34138610e-01
   2.53234560e-01
   1.34232427e+00
  -2.66551480e+00
   3.83143192e-01
   3.40236229e-02
   2.14281790e+00
  -1.49683439e+00
  -2.20398263e-01
  -2.11415520e+00
  -1.00510131e-01
   6.45703746e-01
   6.51482022e-01
  -8.86509958e-02
   1.58915144e+00
   6.66942570e-01
  -2.89890256e-01
  -3.70962104e-01
  -1.77038578e+00
  -8.85626841e-01
   2.64404186e-01
   1.22021224e-01
  -4.44171556e-02
  -1.88462057e+00
  -4.77368806e-01
   5.24622972e-01
  -1.01668761e+00
  -1.36768545e+00
  -8.03079309e-02
   4.99375399e-01
  -7.11303673e-01
  -7.47963599e-01
   1.64246414e+00
   1.78524441e+00
   1.86516535e+00
   8.13857764e-01
   4.30049404e-01
  -6.42939157e-01
   2.69466673e-01
   1.57471654e+00
  -9.82788711e-01
   1.36099383e+00
   1.36495648e-01
   3.04175266e-02
   6.57493067e-01
  -1.14960020e+00
   7.14024268e-01
  -8.43107243e-03
   1.16399514e+00
   1.16834285e+00
   2.18426076e+00
  -5.35937413e-01
   1.66888652e+00
   1.33774376e+00
  -9.66849607e-01
   8.62524916e-01
  -1.25176671e+00
   8.48140837e-01
   4.79051707e-01
   1.19108347e+00
  -5.05286449e-01
   1.91229333e+00
  -8.37867388e-01
   9.72437674e-02
  -1.05317865e+00
   4.44426747e-01
  -2.47076035e-01
  -1.50430874e+00
  -3.04438255e+00
  -1.51066403e+00
   7.69526014e-01
  -4.78608914e-01
   3.06536981e-02
  -5.96394092e-01
   3.44523656e-01
  -1.52259942e+00
  -7.63812046e-01
  -7.36999863e-01
  -1.90725199e+00
   6.12901457e-01
   9.00607491e-01
  -3.05303440e-01
   6.56941254e-01
   9.02832659e-01
   1.64330786e-01
  -6.50269624e-01
  -2.77896879e-01
  -4.55297104e-01
  -1.50041561e-01
   1.15972360e+00
   9.04752436e-01
  -7.72646726e-01
  -6.23323976e-01
  -1.10190267e+00
  -8.06482235e-03
  -5.23122888e-01
  -1.27293299e+00
   7.13010385e-01
   3.23121259e-02
   4.33275925e-01
   3.66668265e-01
   8.85905075e-01
  -2.37264506e-01
  -2.70554638e-01
   1.37073057e-01
   3.01887588e-01
   9.70601276e-02
  -6.25216219e-01
  -6.88219905e-01
   1.30052044e+00
   1.44107963e+00
  -8.58226721e-02
  -1.89631435e-01
   4.15013952e-01
   8.54105270e-01
  -4.20916885e-01
  -2.49827090e-01
  -1.62581787e+00
  -5.17944013e-01
  -2.30594935e-01
   5.27305290e-01
   7.06019327e-01
  -1.81397585e-01
  -1.44850163e+00
   5.03172317e-01
  -1.19455555e+00
  -8.86631515e-01
   6.08370745e-01
   1.49590446e+00
   3.98532082e-01
  -1.75560315e-01
  -9.98553532e-02
   2.86494545e-01
   8.60015099e-01
  -1.34954475e+00
  -2.42694364e-01
  -4.74580320e-01
   1.71753282e+00
   1.01042497e+00
   2.67883399e-04
   1.07442455e+00
  -3.40626998e-01
   1.55868395e+00
   2.45061953e-01
  -6.94451512e-03
   4.79311383e-01
   8.70487412e-01
   6.60005515e-01
  -1.06901016e+00
  -8.85929213e-01
  -9.15427256e-01
   1.29988616e+00
   3.90613675e-01
  -1.01190652e+00
  -4.96084248e-01
  -1.00697057e+00
   1.78715509e+00
   4.67181238e-01
   3.45982230e-01
   1.29395641e-02
   9.24863248e-01
   6.06223298e-01
   6.01880446e-02
  -1.45329272e+00
   2.83384303e-01
  -2.06178014e-01
   1.16580053e+00
  -6.22780477e-01
  -1.63277272e+00
  -5.15874339e-01
   1.19744148e+00
  -3.38086597e-01
  -1.05308408e-01
  -9.84255242e-02
   1.49866381e-02
  -7.19644999e-01
  -7.95392379e-01
  -2.01601027e+00
  -1.81162518e+00
  -3.29102348e-01
   6.53955903e-02
  -5.84799479e-01
  -1.10412764e+00
  -7.40697990e-01
  -1.53667415e+00
   6.01383866e-01
  -8.03722532e-01
  -1.21500369e+00
   8.64379001e-02
  -1.07140188e+00
  -3.54919975e-01
  -2.12067691e-01
  -7.36321734e-01
  -3.38649229e-01
  -1.20065804e-01
   4.41587013e-01
  -1.31571276e+00
   3.86488288e-01
   1.56508584e+00
  -7.18163313e-01
  -9.59021909e-01
   7.20319443e-01
   1.64995108e+00
   5.74780915e-01
  -1.62608695e+00
  -1.66769296e+00
  -4.15444493e-01
  -2.39400293e-01
   1.14489264e+00
   5.41679182e-01
   9.48602964e-01
   1.08687760e-01
   2.31567494e-01
   1.05453010e+00
   2.82026506e-01
  -3.34997113e-01
   7.53840230e-01
   7.30342311e-01
  -7.64620690e-01
   4.13601843e-01
  -3.85694829e-01
   8.42182641e-01
  -1.28106044e+00
  -2.00019551e-01
  -5.86648483e-02
   9.86757159e-01
  -1.47689686e+00
   7.66434210e-01
  -1.14889518e+00
   9.50228987e-01
   1.57488796e-01
  -1.59349978e-01
   9.39156724e-01
   1.55934067e+00
   1.33026619e+00
   3.77868869e-01
  -1.42740658e+00
   9.08798132e-01
   1.98160712e-02
  -5.70921748e-01
  -8.66619750e-01
   1.38542099e+00
   7.30509857e-02
  -1.03843956e+00
   3.44997363e+00
  -3.01214585e-01
  -1.04089470e+00
   1.44706835e+00
   4.71897934e-01
   1.60282523e-01
   7.80117871e-01
  -5.85233459e-03
   5.16118848e-01
   2.56092333e-01
  -8.25306291e-01
  -2.42139142e-01
   4.62162433e-01
   3.07620378e-02
  -2.23980276e-01
   2.49158106e+00
  -2.39072858e+00
  -9.92420333e-01
   5.22597622e-01
   7.90492227e-01
   6.81363839e-01
  -4.98374849e-01
   5.63681426e-01
  -3.19258576e-02
   1.08473758e+00
  -8.31370897e-01
  -1.05859660e+00
  -4.02845967e-01
   1.80085627e+00
  -6.77406181e-01
   4.52261443e-02
  -6.39967392e-01
   3.71196441e-01
   1.28519743e+00
   3.11122977e-01
   1.77714880e+00
   2.33417059e+00
   1.92065857e+00
  -1.53594829e+00
   4.59673404e-01
   2.52420358e-01
   2.81808725e-01
   8.00549626e-01
  -2.29664273e+00
  -9.42125023e-01
   5.25180886e-01
  -5.73762609e-01
  -2.07377172e+00
   2.73013384e+00
  -1.34270127e+00
  -1.42677405e+00
   4.61994728e-02
  -8.13812449e-01
   2.33467552e-02
  -1.72941930e+00
   1.33824841e+00
   1.46430158e+00
   1.75068567e+00
  -1.09028191e+00
   1.79964734e+00
  -8.22429832e-01
  -7.58932511e-01
   1.31808577e+00
   5.76100743e-01
  -3.75191129e-01
   9.41322462e-01
  -1.11338508e+00
   1.28714739e+00
   6.54976263e-01
   2.64332023e-01
   4.25986716e-01
   1.59578259e-01
  -2.97038433e-02
  -1.85841741e+00
  -1.24444707e+00
  -4.45827957e-01
   7.44879413e-01
   2.99226112e-01
   6.70239607e-01
   9.05336474e-01
   6.31661719e-01
  -1.51884092e+00
   3.97444865e-01
  -1.58312172e-01
  -1.13010348e+00
  -7.45120005e-01
  -8.90261840e-01
   4.73447604e-01
   7.74490868e-01
  -1.27891685e+00
  -1.26878002e+00
   1.39548799e+00
  -1.21756917e+00
   1.81026911e+00
   8.64038801e-02
   2.26115154e-01
  -9.52108446e-02
   8.66281984e-02
   1.96426613e+00
   1.15364111e-01
  -2.51213797e-01
   8.27137664e-01
  -1.93228414e-01
  -1.13311435e+00
  -9.29597043e-01
   2.42228448e+00
  -9.92157775e-01
  -1.54611051e+00
  -1.73530264e+00
  -1.21989635e+00
  -3.33847972e-01
   1.37330817e-01
   1.27808686e-01
  -5.72032193e-01
  -8.90519318e-01
   3.97956957e-01
   1.90257219e+00
   7.14038878e-01
   1.23771137e-02
  -1.14437386e+00
   2.26117327e+00
  -2.81014830e-04
   1.66017877e-01
  -4.33136046e-01
  -9.34546827e-01
  -3.51138022e-01
   1.93484255e+00
  -3.13921994e-01
  -5.36993587e-01
   1.25476876e-01
   2.49956557e+00
   7.77010294e-02
  -1.69103039e+00
   7.98099523e-01
   5.57627681e-01
  -1.40778797e-01
  -6.26412377e-01
   3.96070676e-01
   7.05299786e-01
  -1.17382291e+00
  -5.17146011e-01
  -1.11977639e+00
  -1.16263562e+00
   7.89177166e-01
   3.89736082e-01
  -4.09888433e-01
  -1.02838618e+00
  -3.60819600e-01
   1.38979338e+00
  -3.00584983e-02
  -8.23238686e-01
   1.20529959e-01
   5.07314512e-01
  -1.94650014e-02
   2.87244714e-01
   2.53780021e-01
  -5.74639015e-01
  -8.58393147e-01
  -7.02284745e-01
  -7.85977895e-01
   3.56151998e-01
  -9.39627290e-01
  -2.84591102e+00
  -4.40373890e-01
  -5.62647900e-01
  -7.25032057e-01
  -6.02605038e-03
   1.00787218e+00
   1.44471515e+00
  -1.83517215e+00
   5.07476383e-01
  -4.04423922e-01
   5.07571043e-01
   1.25191115e+00
  -6.02511705e-01
   1.11908572e+00
   4.25339570e-01
  -7.50969661e-01
  -6.88354816e-01
  -5.25296725e-02
   8.83334092e-01
   8.02176822e-01
  -8.95944273e-01
   5.37588122e-01
  -1.83330019e+00
  -8.78981847e-01
   2.33960392e+00
  -8.41261416e-02
   4.32244353e-01
  -5.90701095e-02
  -1.32930771e-01
   1.35760334e-01
   4.73596857e-02
   6.64075491e-01
   1.54070638e+00
  -2.77385589e-01
   6.80394595e-01
   9.25475783e-01
  -8.68759454e-01
   4.60291615e-02
   1.00848523e+00
  -8.16468232e-01
  -7.03880249e-01
   1.39393866e-01
   8.11454553e-02
  -4.42811503e-01
  -5.83213045e-01
  -5.47732225e-01
   8.00871435e-01
   1.09438176e+00
   6.30002301e-01
  -1.58447414e-01
  -4.25431514e-01
   3.97463624e-01
  -1.88436330e+00
   2.65710700e-01
  -5.97045616e-01
  -1.07276584e+00
  -1.40553916e+00
   2.93008505e-01
  -1.45188044e+00
   1.79794063e+00
  -9.52652269e-01
  -6.26592913e-01
  -6.37274802e-01
  -1.96823704e-01
   2.62410167e-02
  -5.80837222e-01
  -3.48527936e-01
  -1.13073371e+00
   7.68367978e-01
   1.09841668e+00
  -1.97218318e-01
   1.57396844e+00
  -5.84982783e-01
   6.05469836e-01
  -5.75308581e-01
   1.27389392e+00
   2.29072043e-01
   1.58364630e+00
  -5.31411380e-01
  -5.99615371e-01
   7.84590788e-01
  -2.27862402e-01
   3.71900139e-01
   1.53572156e+00
   8.33716134e-01
  -3.03331981e-01
   7.95555359e-01
  -1.80872774e+00
  -4.61796455e-01
  -2.19472698e-01
   7.47157362e-01
   2.39130614e+00
  -1.55680563e+00
  -4.81450409e-01
   1.61742681e+00
  -4.30463720e-01
   4.08253415e-01
   5.19014318e-01
  -1.69104501e-01
   3.36968880e-01
  -9.70550566e-01
  -2.03108725e+00
   1.43290872e+00
   5.92651772e-01
  -3.85338621e-01
   1.37427007e-01
   5.84285129e-01
   1.63360837e+00
  -1.91035372e-01
   7.64212813e-02
   7.01140885e-01
   7.47686177e-01
  -1.29105190e+00
  -1.00840680e+00
   5.37218440e-01
   1.49811429e+00
   1.15377329e+00
  -8.67715408e-01
  -3.23906447e-01
   2.39804926e-01
   1.34430603e+00
  -4.34032544e-01
  -8.41804150e-01
   5.67402156e-01
   1.24077659e+00
  -8.27144332e-02
  -5.87336706e-01
  -8.22774874e-01
  -4.63206940e-02
   8.64030398e-01
  -3.50982046e-01
   5.45611951e-01
  -4.36260546e-01
  -3.40650453e+00
   6.56644980e-01
   1.10131598e-01
  -3.54887666e-01
  -2.53382153e+00
   4.43683530e-01
  -5.57751685e-01
  -6.42355089e-01
   5.10664150e-02
   1.47055865e+00
  -7.57995468e-02
  -2.48794524e-01
  -9.30715217e-02
  -9.56485817e-01
  -2.35783332e-01
   2.21190789e+00
   1.92284072e-01
  -7.20679114e-01
  -6.57203323e-01
   8.62197498e-02
   1.43298831e+00
  -6.95781739e-01
   5.32090140e-01
   1.78563849e-01
   4.93235218e-01
   9.69764284e-01
   1.31142488e+00
  -8.88289466e-01
  -1.35350249e+00
   1.64079053e+00
   4.68355060e-01
  -1.48744471e+00
  -1.39860162e+00
  -4.02989155e-01
   2.59464508e-01
  -4.29698882e-01
  -2.18400972e+00
   5.38932248e-01
  -1.08843438e+00
   1.20948220e-01
   6.49669232e-01
   1.88317526e+00
   1.63255136e+00
  -1.33614103e+00
  -4.24645828e-01
  -3.15359496e-01
   5.51836646e-02
  -1.57919810e+00
   2.69588709e+00
  -1.67473185e+00
  -9.65087514e-01
   5.82129116e-01
   1.55026452e+00
  -1.19950618e+00
  -3.32901116e-01
  -6.57201264e-01
   3.55186650e-02
   9.46365549e-01
   1.18657492e-01
  -6.68738057e-01
  -1.84701090e+00
  -7.94510219e-01
   4.19156707e-01
   2.80388567e-01
  -1.37372161e+00
  -1.21397327e+00
   2.48453739e+00
   5.79591790e-01
  -2.51829356e-01
  -5.81364553e-01
   3.94146260e-01
  -7.64781596e-01
   7.22398090e-01
  -2.79563297e-01
   2.35120603e-02
   1.88774773e-01
  -1.58708112e+00
  -4.61739625e-01
  -6.56671436e-01
   2.44668799e-01
  -4.64520116e-01
  -1.02806853e-01
   1.67334332e+00
   1.01392183e+00
   8.39075865e-01
  -8.54147993e-01
  -1.48507468e-01
   1.27024229e+00
  -4.93045363e-01
  -1.01751619e+00
   9.26821917e-01
   1.85424712e+00
  -6.76513617e-01
  -4.96614536e-01
  -6.21435169e-01
   5.27510766e-01
  -9.07173883e-01
   5.26713785e-01
  -1.37361303e+00
  -4.44494808e-01
  -9.05371748e-01
  -3.10437333e-01
  -3.49995062e-01
  -9.88563130e-01
   1.94094421e-02
  -8.96473328e-01
  -2.68096551e-01
  -1.66452470e+00
   1.09666526e+00
   1.45517627e-01
  -1.15570874e+00
  -1.30491815e+00
  -7.59535180e-01
  -5.23418098e-01
   1.01904450e+00
  -2.32039054e+00
   6.33047973e-01
   5.37058698e-01
  -1.89294740e-02
  -1.97538647e-01
   1.01910157e-01
  -6.05942933e-01
   7.76393255e-01
  -2.02255811e+00
  -1.18743670e+00
   1.84770567e-01
   9.55617866e-02
   1.88074795e+00
   2.17326306e-02
   8.19531930e-01
  -4.99458702e-01
  -1.09855361e+00
  -7.85708294e-01
  -4.89525833e-01
   1.13362678e+00
  -5.36169879e-01
   7.40257187e-01
  -4.75468167e-02
  -1.62874686e+00
  -5.82416244e-01
   1.31939815e+00
   3.16229439e-01
  -1.17408328e-01
  -4.67750923e-03
   3.77450051e-01
  -5.03458840e-01
  -2.17276949e-01
   1.08974859e-01
  -9.29633870e-01
  -5.72754986e-01
   1.12530871e+00
  -3.20458456e+00
   1.04134440e+00
  -2.19000693e+00
  -3.18492666e-01
   4.98228590e-01
   3.14810495e-02
   1.31762884e+00
   1.09327803e+00
   5.40059836e-02
   1.00837845e+00
   1.47792683e+00
   1.52067672e+00
  -2.12969044e-01
  -8.01278850e-02
   8.25154195e-01
  -2.00328660e-01
   2.36899985e-02
  -9.08960959e-01
  -3.48602675e-01
  -1.55502839e+00
  -7.16808919e-01
   1.20111735e+00
   6.77219011e-01
  -1.09541203e+00
   5.19547824e-02
  -8.76720717e-01
  -4.22319682e-01
   5.54384606e-01
  -8.88356580e-02
   1.78728243e+00
  -8.05564626e-01
   1.13223035e+00
  -5.09947664e-01
  -1.00154285e+00
   8.02278093e-01
  -4.34623764e-01
  -1.31800268e+00
  -5.97796226e-01
   4.49477249e-01
  -3.88087790e-01
  -1.00768715e+00
   6.34369627e-01
  -8.73373326e-02
   3.45313849e-01
   2.71197885e-01
   1.69030740e-01
   7.33372193e-01
  -6.19020781e-01
  -1.76250375e+00
   7.31119058e-01
  -1.90664822e-01
   5.04384217e-01
  -6.60993882e-01
  -6.56065145e-01
  -9.55853949e-01
   8.96754697e-01
   1.96392629e-01
  -1.16867119e+00
   3.09414886e-01
  -5.68452683e-01
   4.72354190e-01
  -9.76593214e-02
   5.23061153e-01
  -3.30024675e-01
   7.10372209e-01
   6.82841197e-01
  -8.36197487e-01
  -2.04942327e+00
   9.04063437e-01
  -1.19167058e+00
   8.72127703e-01
   3.35341318e-01
  -1.26764472e-01
  -1.21500208e+00
   4.30929332e-01
  -6.94676530e-01
  -5.63537338e-01
  -1.03065516e+00
   1.16506285e+00
  -3.05573645e-01
   1.06347439e+00
  -1.16732365e+00
   3.87491065e-01
  -3.73917047e-01
   6.39986528e-01
  -3.75981642e-01
   3.96931977e-01
   1.36722454e+00
  -3.61013019e-01
  -1.65807963e+00
  -3.93660913e-01
  -1.43963618e-01
  -9.55473324e-01
  -1.74249746e+00
   2.66681956e-01
  -1.26222064e+00
   1.17351315e+00
   8.83093093e-01
   2.17843090e+00
   1.09312067e+00
   5.85461111e-01
   7.40074629e-01
   1.10639989e-01
   1.53292078e+00
   1.84070030e-02
  -8.63031253e-01
   1.59743607e+00
   1.36508493e+00
  -2.23235466e+00
  -2.38484189e+00
  -2.05973161e+00
  -3.62318459e-01
  -1.35835214e-01
   7.46090137e-02
   1.14331166e+00
  -5.13349567e-01
   3.89440694e-01
   1.40245299e+00
  -3.12378543e+00
  -6.07003986e-01
  -4.19207160e-01
  -2.48542526e-01
   9.79517873e-01
  -1.64108849e-02
   2.93221302e-01
  -6.45769981e-02
  -8.12856882e-01
  -9.74578006e-01
  -1.17174911e+00
  -8.17031045e-01
  -2.34679452e+00
  -1.92394465e+00
  -5.43433436e-01
  -1.51759150e+00
   6.53599409e-01
  -3.86159572e-01
   1.87070382e+00
  -2.45981041e-01
  -1.59129877e+00
  -9.20220766e-01
   8.68939956e-01
   2.75599473e-01
   5.70738954e-01
   9.72298233e-02
  -1.41846571e+00
  -1.08809251e+00
  -1.64379174e-01
   4.38291772e-01
   6.06241606e-01
  -1.53679439e-01
  -8.60395419e-01
   1.19739303e+00
  -4.55525549e-01
  -1.24937369e-01
  -6.19070796e-01
  -6.95651499e-02
   4.90530588e-01
   1.54656844e+00
   5.23730006e-01
  -2.10539317e+00
  -1.30260380e-01
  -5.88408737e-01
  -2.26811118e-04
   4.57894774e-02
   1.27874355e+00
  -1.33972727e-01
   6.10544303e-01
   2.48716090e-01
  -1.18467060e+00
   1.13173375e+00
  -1.86630489e-01
   1.89772151e+00
   1.06498870e+00
  -9.86321969e-03
  -1.39832540e-01
  -1.47121377e+00
  -5.42978120e-01
  -1.31213059e+00
  -1.46601388e-01
  -9.18589904e-01
   3.46451393e-01
  -1.67940478e-01
   2.74282457e+00
  -8.27621941e-01
  -1.63044885e+00
   4.34232421e-01
   8.60559474e-01
  -9.92450843e-02
   1.47800766e-01
  -3.38261674e-01
  -1.36653557e+00
  -3.77253211e-01
  -5.13877204e-01
   9.73609066e-01
  -7.16251506e-01
   2.46086503e+00
  -2.84905448e-02
   1.28505522e+00
  -7.16935160e-02
   1.65430037e+00
  -2.29211320e-01
   1.51282727e-01
  -1.71896479e-01
  -3.21870549e-01
   3.95372695e-01
   7.88788904e-01
   9.10272612e-02
  -3.69912688e-01
  -1.80694377e+00
  -5.97485471e-01
  -2.05314404e-01
   5.49740808e-01
   1.84153895e-01
   4.42326029e-01
  -6.84793465e-01
   3.82662587e-01
   1.16285730e+00
  -1.54806885e-01
  -1.45488623e+00
  -1.13326196e+00
  -7.49362054e-01
   3.12878318e-01
   3.28067774e-01
   3.64580668e-01
   1.35368428e+00
   7.66263806e-01
  -3.43080387e-01
   9.85125730e-02
  -9.82248405e-01
  -3.22452313e+00
   1.33875765e+00
   1.50520973e+00
   3.10366206e-01
   1.63617016e+00
   1.16413102e+00
   2.09647957e-02
  -1.05560540e+00
  -1.12812435e+00
   6.92536460e-01
  -6.59143451e-01
   7.27842882e-02
   8.51577006e-01
   2.19321256e-01
   1.23076843e+00
   8.17395376e-01
  -9.87704481e-01
   1.05824625e-01
  -3.32422741e-02
   2.36044584e+00
  -6.93595377e-01
  -1.20323342e+00
  -1.40614603e+00
   9.43623036e-01
  -8.19239644e-01
  -1.42830266e+00
   9.26449051e-01
  -2.72536855e-01
  -2.74337158e-01
  -8.00698255e-01
  -1.41508328e+00
  -9.87269533e-01
   6.77101720e-02
  -3.76875132e-01
  -8.16224102e-01
  -8.08314727e-02
   3.65696865e-01
  -9.72766325e-01
   1.15778330e-01
  -1.93580287e+00
  -2.58611271e-02
  -1.03165495e+00
   1.91611822e-03
   1.23154966e+00
  -3.53227935e-01
   2.74609240e-01
   1.75290843e+00
   1.24980202e+00
   1.30165165e+00
   6.54405291e-01
  -9.18878190e-01
  -1.14852374e-01
   3.06228423e-01
   3.84077213e-01
   3.58420697e-01
   2.49156728e-01
  -4.09658334e-01
   1.65137973e+00
   5.37427658e-01
  -1.55781507e+00
  -8.48641793e-01
  -1.06394375e+00
  -6.06361609e-01
   3.45567946e-02
   3.24450532e-01
  -1.09418265e+00
  -4.22250081e-01
  -4.17647013e-01
   1.04665795e+00
   1.69008330e-01
   9.40398560e-01
   7.57901360e-01
   1.03781063e+00
  -2.75789065e-01
  -1.13748219e+00
   2.77534388e-01
  -1.58654406e+00
   2.04077871e+00
   1.07521287e+00
  -2.39302753e-02
   1.67710537e+00
  -5.46533201e-01
  -2.73593594e-01
   1.61256145e+00
  -1.04837681e+00
  -1.33268310e+00
  -3.33769303e-01
  -3.86711970e-01
  -1.02007136e+00
  -6.57045778e-01
  -1.12859735e+00
   1.54605312e+00
   1.08761924e-01
   1.13584313e+00
  -3.18591127e-02
  -3.74819083e-02
  -9.00416820e-01
  -2.93870926e-01
  -1.51959640e-01
   6.04006872e-01
  -1.34879120e+00
   1.04310658e+00
   1.08727212e-01
  -1.36543105e+00
   3.82876370e-02
   1.69573820e+00
  -7.92304181e-01
   1.56029549e+00
   9.63786372e-01
  -1.37975259e-01
   9.65046349e-01
  -9.27249207e-01
  -1.96706504e-01
   2.58849725e+00
   4.89301937e-01
   2.41515391e-01
   1.24363335e+00
  -7.04415239e-01
   3.75679443e-01
   1.42497048e-01
  -4.27073315e-01
  -2.88760152e+00
   1.14573417e+00
   5.88055604e-01
   2.68688344e-02
   7.78336012e-02
   8.19207501e-01
   7.89566473e-01
  -1.13074071e+00
   1.97416204e-01
  -5.66793568e-01
  -8.91132735e-01
   1.18795594e+00
  -1.52539807e+00
   9.36277404e-01
  -4.97374101e-01
  -1.65206978e+00
   6.82609252e-01
   8.33034955e-01
   1.27291887e+00
  -2.00930173e+00
   1.15707187e+00
  -1.35394968e+00
   1.42223957e+00
   1.11705911e+00
   6.09697681e-01
  -1.67305245e+00
   8.93629044e-01
  -2.20198830e-01
   5.06405331e-01
   3.17654549e-01
   1.54520536e+00
   1.71923329e+00
   1.71339981e+00
  -4.83703065e-01
  -1.41431956e-01
  -2.42468486e-01
  -2.07811427e-01
   1.35704338e+00
   4.65772765e-01
  -7.46027184e-01
   1.46346396e+00
   1.26701023e+00
   6.57633908e-01
   6.99242009e-01
   9.89249962e-01
  -1.57187365e+00
   1.76480149e+00
  -1.53976956e+00
   1.54746978e+00
   8.36433477e-01
  -1.39854204e+00
   3.06023866e+00
   8.75889378e-01
  -7.65615509e-01
   1.81244109e+00
  -7.37045475e-01
  -2.54483050e+00
   8.88509197e-02
  -1.48345839e-01
  -1.42899114e+00
   8.29765978e-01
   2.39879951e+00
  -9.53877527e-01
  -8.92398574e-01
   4.12415425e-01
  -9.17418201e-01
  -5.36451965e-01
   2.36029068e-01
   6.83183082e-01
   2.22932293e+00
  -1.32846287e+00
   2.76905289e-01
  -1.00398873e+00
  -1.00206433e+00
   1.06430412e+00
   8.23960913e-02
   1.74860637e+00
   1.24026618e+00
   4.89502337e-01
  -1.20841981e-01
   1.20399035e-01
  -4.03451282e-01
  -4.56996750e-01
   1.67188712e+00
  -1.71245748e+00
  -1.18935746e+00
  -4.21066268e-01
   2.30054359e+00
  -1.20652446e+00
   7.43114308e-01
   6.43045166e-01
   5.82067701e-01
   1.44997715e+00
   2.31709267e-01
   5.41470052e-01
   1.13207226e+00
   3.73626082e-01
   1.25884636e+00
   7.72447847e-01
  -9.86492951e-01
  -1.49871390e-01
  -1.24371137e+00
  -1.46781369e-01
  -1.75107198e+00
  -1.46408211e-01
  -1.82421024e+00
   1.14654975e-01
   1.00171559e+00
   1.33147199e-01
   7.08281539e-01
  -5.94941719e-01
  -9.51182330e-01
  -9.17556831e-01
  -4.73585296e-01
  -2.09525042e+00
   2.22137914e-01
  -1.36716917e-02
  -2.52723661e-01
  -1.10213140e+00
  -1.03382968e+00
   3.96738992e-01
   1.19429524e-01
   3.98860479e-01
   2.09340339e-01
  -6.83102564e-01
  -1.57419466e+00
   7.40069766e-01
  -1.68103477e-01
   1.10867047e+00
  -1.49231759e+00
   2.54691268e+00
   9.59407068e-01
  -1.10549414e+00
   2.01046876e-01
   9.53896629e-01
   7.86606390e-01
   5.02705951e-01
   3.80665836e-01
   2.15422191e+00
  -1.61421162e+00
   2.89066374e-01
  -1.08909648e+00
   1.21941267e+00
   1.11239369e+00
  -1.35965028e+00
  -6.96758406e-01
  -5.89343990e-01
  -7.98142065e-01
   8.71306905e-01
  -3.58730335e-01
  -3.10180319e-01
  -1.19359843e+00
   5.72244181e-02
  -1.12030223e+00
   2.41583941e+00
   9.03592746e-01
   1.10443444e+00
  -1.81540007e+00
   3.14038197e-01
  -1.73127270e+00
  -2.12681075e+00
  -2.26481060e-01
   1.44744078e+00
  -1.33787433e+00
  -3.62321286e-01
   5.23101802e-01
   2.51372682e-01
  -3.25765091e-01
   9.71591977e-01
   1.25484542e-01
  -4.35786172e-01
  -1.35835032e+00
   3.73362994e-01
  -1.55473101e+00
  -3.28490107e+00
   2.06785865e+00
   1.05956445e+00
  -4.14756044e-03
  -3.16800811e+00
   6.36188321e-01
   7.60089765e-01
   5.60828080e-01
  -2.45154736e+00
   7.62526537e-01
  -3.11043369e-01
  -1.43302141e+00
   5.13698565e-01
  -5.92516204e-01
   6.46535250e-01
   1.15195842e+00
   2.14010348e-01
  -3.57937838e-01
   9.13430170e-01
  -1.58321653e-01
   3.97069219e-01
   9.74062388e-01
  -2.30587420e+00
  -1.52044268e+00
  -3.43715072e-01
  -9.12037371e-01
   2.33393006e-01
   2.03475485e+00
   8.44380049e-01
   1.77865209e+00
  -7.41939283e-01
  -2.58875248e+00
   1.31206071e+00
   1.41588843e+00
   1.40246014e+00
  -8.11757578e-01
  -5.72340550e-01
  -5.44819448e-01
   7.49890474e-01
   5.75027802e-01
  -5.88630372e-01
  -5.81789529e-01
   3.77880724e-01
  -4.31725555e-03
  -1.10599675e+00
  -1.42287731e+00
  -5.56684265e-01
  -2.65835584e-01
   1.24391715e+00
   1.77253756e-02
  -6.17337616e-01
  -3.86154339e-02
  -2.00271645e+00
   2.54214183e+00
   3.44837250e-01
   6.24332698e-01
  -1.04159250e-01
  -1.06364313e+00
   1.22560743e-01
   2.79342301e-01
   1.31737322e+00
  -1.57435714e+00
  -3.55237806e-01
  -5.68449939e-01
  -2.01152104e-01
  -1.24224871e+00
  -2.12352802e+00
   1.49870417e+00
  -4.95894747e-01
   2.18492266e-01
  -1.72601453e-01
   9.03174141e-01
   1.37791807e+00
   8.86589474e-01
   2.40261299e-01
  -3.15930853e-01
   2.88276604e-01
   4.85431461e-01
   1.46599379e+00
   9.09362306e-01
   2.47433193e-01
  -1.00827217e+00
  -2.32407172e-01
  -3.01021474e+00
   1.13643987e-02
  -2.30035764e-01
  -8.59102785e-02
  -1.00627375e-01
   7.75678517e-01
   1.36407930e-01
   1.49887328e+00
   3.25061624e-01
  -2.52951015e-01
   1.15135072e+00
  -1.43422175e+00
   5.73730543e-01
   2.28937830e-01
   7.46237170e-02
  -1.87775124e-01
  -1.16922697e+00
  -6.33804316e-01
  -1.51914422e+00
   1.84288853e-01
  -7.30700946e-01
   4.01747905e-01
   1.41562000e+00
  -1.78930577e-01
   9.38417998e-01
   1.09009491e+00
   7.02549934e-01
  -8.08587282e-01
  -2.69916112e-01
  -5.78533975e-01
   4.42412874e-01
   3.96050724e-01
   8.88629380e-01
  -1.27719598e+00
   2.97368389e-01
   8.13153169e-01
  -4.84621991e-01
   4.43514801e-01
   6.20224567e-01
   3.80083259e-01
   1.96245111e-01
   5.82907252e-01
   5.42393582e-01
  -7.40601275e-01
   4.57549535e-01
   7.49287071e-01
  -2.01514411e-01
  -6.26459502e-01
  -4.00634461e-01
   8.33996893e-01
  -4.37890617e-01
  -9.11397499e-01
  -4.79068885e-01
  -6.61801395e-01
   8.24480398e-01
   3.56036523e-01
  -4.46125927e-01
   3.66207673e-01
   1.39019510e+00
  -1.64349251e+00
  -1.96945705e+00
  -1.38891205e+00
   1.00908944e+00
  -4.75611427e-03
   1.01916005e+00
  -1.14160587e-01
   5.51531881e-01
  -9.02210384e-01
   7.88998869e-01
   1.30759583e+00
  -1.41441295e+00
  -7.81146872e-01
  -1.88036017e-01
   1.37125551e+00
   9.92354248e-01
