   1.08599600e+00
   4.76850062e-01
  -5.94168675e-01
   2.16689426e+00
   3.31560196e-01
  -1.14410839e+00
  -3.32732518e-01
  -1.70176723e+00
   9.27216319e-01
   8.91829207e-02
  -1.79717214e-01
  -1.70999397e+00
   2.35637202e+00
  -1.31256109e+00
  -8.34757428e-01
  -7.18886846e-01
   1.41037112e+00
   2.58265417e-01
   2.11062278e-01
   1.38003241e+00
  -8.46540349e-01
   6.27833790e-01
  -2.28275872e+00
  -2.98400259e-01
  -1.15130075e+00
  -1.59288230e+00
  -1.11396305e+00
  -3.16342522e-01
   7.28171551e-01
   1.87119229e+00
  -1.17068085e+00
   8.03972223e-01
  -1.08206482e-01
  -5.00184739e-01
   5.19725780e-02
   5.87928628e-01
  -9.13395392e-01
  -1.03712252e-01
   9.65283724e-02
  -1.30845111e-02
  -1.45790261e+00
  -1.00362981e+00
  -1.41383248e+00
   1.06394395e+00
  -1.46848157e-01
  -4.74272481e-01
  -3.13103100e-01
   4.10013058e-01
   1.94609098e-01
   1.93356827e+00
   9.37631697e-01
   7.23774164e-01
   2.15111679e+00
   1.22243124e+00
   6.31018101e-01
   3.60123381e-03
   1.56274831e+00
  -1.63236595e+00
   7.04067655e-01
   1.06970993e+00
  -1.29487052e+00
  -8.81419021e-01
  -1.41339180e-01
  -3.13155667e-01
  -6.38731102e-01
   7.81089256e-01
  -6.52374594e-01
   7.04408660e-01
   4.42623162e-01
   1.74328567e+00
  -1.36751322e+00
   2.36583310e-01
   2.91474585e-01
   7.48375770e-01
  -2.12864378e-01
   5.29410758e-01
   2.61193201e-01
   4.18365842e-01
   1.51996425e+00
   3.45267847e+00
  -1.41473970e-01
   2.79875542e-01
   1.13877629e-01
  -7.31477924e-01
   3.67305608e-01
   2.17499105e-01
  -1.67500947e-01
  -6.76351498e-01
   9.24225153e-01
   1.17045674e+00
  -1.36458197e-01
  -2.23183796e-01
   1.67918246e+00
  -3.16063954e+00
   3.61531769e-01
   1.03470435e+00
  -7.10970780e-01
  -1.12685178e+00
   1.56914352e+00
  -7.63170716e-01
   8.75612398e-01
  -1.40364077e+00
  -2.46255613e+00
  -5.93887218e-01
  -1.48657732e+00
   1.95285514e-01
  -5.17863044e-02
  -1.62660523e-01
  -4.29023090e-01
  -1.39306312e+00
  -6.23921097e-01
  -3.57008229e-01
  -1.88574079e+00
   9.84827257e-01
   6.82744402e-01
   1.07817658e+00
  -7.29200871e-01
  -7.82470066e-01
  -3.30493076e+00
   4.00806602e-01
  -1.04092192e-01
  -2.33067626e+00
   1.22274268e+00
   6.20141894e-01
   3.33872031e-01
   9.90296540e-01
   2.35263710e-02
   7.70987698e-01
   3.80915224e-01
  -1.20885900e-02
  -1.76641829e+00
   1.23281778e+00
   8.54165690e-01
   1.98396784e+00
  -9.27440240e-01
   1.07382935e+00
   2.96830222e-01
   5.72181814e-01
   5.20251420e-01
   2.01699033e+00
   2.04187721e-01
  -1.89580109e+00
  -1.04503069e+00
  -1.62972247e+00
   1.49617932e+00
   1.93589756e+00
   2.63536721e-01
  -1.03502792e+00
   3.45096054e-01
   4.10190401e-01
   5.07504430e-01
   1.93989021e-01
   8.31971984e-02
   4.56045769e-01
   9.38922608e-01
   5.25062214e-01
  -6.83781815e-01
  -1.33714398e+00
   7.24031927e-01
   1.16045802e+00
   1.36683082e+00
   7.59540179e-02
  -1.09816872e+00
   3.49473048e-01
  -1.78457376e+00
   2.98918049e-01
  -1.52629455e+00
  -1.43545209e-01
  -6.06777528e-01
   7.22707156e-01
   9.03603955e-01
  -9.89071843e-03
  -7.92721575e-01
  -4.43127387e-02
   1.36169104e+00
   5.29847454e-01
  -4.18589654e-01
   1.04600365e-01
  -1.49560764e+00
   4.70318565e-01
   9.28894332e-02
   9.43280493e-01
   3.53517572e-02
   4.60685853e-01
  -2.03813291e-01
   1.09520222e-01
   7.99343095e-02
   8.85681479e-01
   3.38913453e-01
   3.97369569e-01
   1.26533242e-01
   7.62737776e-01
   1.27633904e+00
  -3.75685034e-01
  -1.46745297e+00
   2.41149124e+00
  -8.00351590e-01
  -1.10720659e+00
  -1.32360294e+00
   3.13827491e-02
   1.38883179e+00
   8.04050165e-01
  -1.14206189e+00
  -2.45511334e+00
   8.34477974e-01
   5.97358552e-01
   6.48784694e-01
   4.30999747e-03
   1.68675164e-01
  -2.09161569e+00
   1.74513578e+00
  -1.84018653e+00
   5.29402904e-01
  -6.38724183e-01
   1.34352280e+00
  -1.65653750e-01
   1.87149298e+00
   1.23009439e+00
  -3.16561935e-01
  -1.47090871e-01
  -1.41040024e+00
  -1.09732177e+00
  -5.56165834e-01
  -6.32324341e-01
   1.29482147e+00
   5.47515327e-01
   3.64049248e-02
  -1.58825216e+00
  -8.23442648e-01
   4.17372206e-01
  -1.23820211e+00
  -6.17214061e-01
  -1.16999749e+00
  -2.05157893e-01
   1.74932149e+00
  -1.79726448e+00
   2.30526062e-01
  -3.12525383e-01
  -4.67107932e-01
  -1.24967042e+00
   5.74734723e-01
   7.26056951e-02
   1.37318813e-01
  -9.66779519e-02
  -9.86690352e-01
  -2.67520540e+00
   4.46176007e-01
  -1.13069298e+00
   9.53530101e-01
   2.73768331e+00
  -4.10000335e-02
  -5.56681482e-01
   1.29884717e+00
  -2.72639768e-01
  -6.98775683e-02
   6.20997490e-01
   1.15491716e+00
  -4.75083870e-01
   6.97311372e-01
  -1.28520158e+00
  -7.30205919e-01
   9.85132136e-02
  -1.82541280e-02
   4.70017671e-01
  -1.15833863e+00
  -6.86929899e-01
  -1.39606567e+00
   1.60633015e+00
   3.87655428e-01
  -4.33167493e-01
   1.60137074e+00
   2.92673235e-01
  -7.15937851e-01
   1.15980268e+00
   5.36858212e-01
   5.59425847e-01
  -2.14314607e-01
   2.75745006e-01
  -1.09667442e-01
   3.60268595e-02
   1.58370507e+00
  -5.41795405e-01
  -2.33310821e-01
   1.84849551e-01
  -2.03249823e-01
  -7.54392664e-01
  -1.43239770e+00
  -2.30431103e-01
  -5.55365093e-03
  -2.81085688e-01
   2.25646899e-01
   1.67491978e+00
   9.16596564e-01
   7.66879390e-01
  -3.63059734e-01
  -1.29003993e-01
   3.17805911e-01
   5.97076244e-01
   1.27613417e+00
   2.16780446e-01
   2.69604885e-01
  -3.44677127e-01
  -3.01179064e-01
  -8.64518193e-01
   1.69141167e+00
  -4.91341145e-01
   1.10391535e+00
   9.24801434e-01
   6.82271041e-01
  -2.47582264e+00
   1.08848715e+00
  -2.03512615e-01
  -2.00613061e+00
   1.94885221e+00
  -6.17351747e-01
  -5.05869468e-01
   3.12170960e-01
   9.91864089e-01
   2.12917014e-01
  -1.37092077e+00
  -2.75418452e-01
   7.16626680e-01
  -1.03172674e+00
  -1.18278533e+00
   1.41086368e+00
  -2.78643303e-01
  -4.79381562e-01
   6.07604431e-01
   6.43140534e-01
  -8.55680239e-01
   6.66067575e-01
  -1.35776210e+00
   2.55408852e-01
  -1.33240337e+00
  -2.66088747e-01
  -9.27004297e-01
  -7.19990694e-01
  -4.88678416e-01
  -7.69984608e-01
  -9.14913511e-01
   9.65474589e-01
   6.07843884e-01
  -7.78434639e-01
  -1.18220677e-01
  -4.13008747e-01
  -4.82569355e-01
   1.41060103e+00
  -9.33353644e-01
   1.03162501e+00
   1.22595995e+00
   9.07939178e-01
   6.17041178e-01
  -4.08725956e-01
   7.89174795e-01
  -3.93797999e-01
  -5.06180503e-01
  -1.35562368e-01
   1.36333244e-01
  -8.93794107e-01
   4.99114154e-01
  -7.99428515e-01
   1.20271279e+00
  -3.32458400e-01
  -5.97854554e-01
   1.22807814e-01
  -5.34625485e-01
  -1.49871047e+00
   1.35272740e+00
   1.19524092e+00
   7.89943875e-01
  -1.40787695e+00
  -1.05576569e+00
   5.52695475e-01
  -9.98566845e-01
  -1.20664765e+00
   1.32596234e+00
   1.40716748e+00
   2.05220441e+00
  -2.90524817e-02
  -6.27324489e-01
  -1.33237175e+00
   1.12736006e-01
   1.21960261e+00
   3.10810982e-02
   4.04587453e-01
   9.35913765e-01
  -4.30412263e-03
   8.44381442e-01
  -3.44968945e-01
   6.73281336e-01
  -2.56250342e-01
   8.74684861e-01
   1.30036628e+00
  -2.37125083e+00
   2.39366844e+00
   1.22102079e+00
   6.92145432e-01
   4.02223015e-01
  -2.12438981e+00
  -5.08601587e-01
   5.33945466e-01
   3.89076336e-01
  -2.93181180e-01
  -6.57332596e-02
   1.07697742e+00
   3.12054935e+00
  -9.46275597e-01
   5.18622283e-01
   1.16291521e+00
   1.92697805e+00
   1.08289743e+00
   8.32506794e-01
  -1.08365766e-01
  -2.33022624e-02
  -2.08685364e+00
   1.00197136e+00
   7.65828751e-01
   3.62002728e-01
   5.80146625e-01
  -3.61974993e-01
  -9.54220513e-01
  -1.75381270e+00
  -3.00094448e-01
  -2.03324332e+00
  -1.26335852e+00
   1.36857214e-01
   1.12929352e-01
   1.67459691e+00
   2.07428816e-01
  -1.44191706e+00
  -1.68949234e+00
   7.19634890e-01
  -1.41292623e+00
   2.39648674e+00
   1.98000833e+00
   1.30684948e+00
  -1.09139374e-01
  -1.60351681e-01
  -1.83023636e-01
  -9.08854718e-01
   6.00267406e-01
   2.20532593e+00
   1.59196839e+00
   1.80851207e+00
  -1.13594418e+00
   1.12240892e+00
  -6.22420052e-01
  -2.07437378e-01
   3.83982590e-01
   4.92465363e-01
   1.09411584e-01
   9.78585557e-03
   4.24543401e-01
   4.14448519e-01
  -2.25010172e-01
   1.67002277e+00
   5.18875376e-01
  -1.15498565e+00
  -5.80982084e-01
  -1.56882679e+00
  -3.56422206e-01
  -7.98681698e-01
   1.25764037e+00
   1.62825451e+00
  -4.49560768e-01
  -5.16167754e-01
  -2.72160782e-01
   4.25529225e-01
   9.56192075e-01
  -1.35584881e-01
   9.44512214e-01
   4.09518171e-01
   3.12156388e-01
   5.58012631e-02
   7.16924713e-01
  -5.21291806e-01
  -1.14318929e-01
   4.48193557e-01
  -3.98679047e-01
   3.51716444e-01
  -2.69943475e-01
   1.58114487e-01
   1.33801466e+00
   9.33912345e-01
  -1.55699356e+00
  -1.92254200e+00
  -1.36493688e+00
  -9.91236499e-01
  -1.78375327e+00
  -8.11670153e-01
   1.49644498e-01
  -2.29890558e-01
  -6.54618980e-01
   4.42070655e-02
   4.66229463e-01
   7.13589353e-01
   6.69062057e-01
  -7.29650827e-01
  -3.17112762e-01
  -7.57432983e-01
   1.34946218e+00
   1.68928619e-01
  -2.69714955e+00
   1.94214663e+00
   3.07326370e-02
   2.99771142e-01
   1.35147422e+00
   5.39225401e-01
   1.92250122e+00
   2.01759989e+00
  -8.97687300e-01
   1.65926474e-01
  -4.28707757e-01
   1.26428286e-01
   2.71489548e-01
  -3.58771947e-01
   6.63309288e-01
   2.31542792e-01
   1.20609443e+00
  -2.42857577e+00
  -4.79259569e-01
   1.19605068e+00
  -2.28576046e+00
  -4.63730424e-01
   6.64613664e-01
  -2.02419177e-01
   1.51162333e+00
   1.37323100e+00
   7.20837802e-01
   6.82524868e-01
   3.77837462e-01
  -3.26420137e-01
   5.80907101e-01
   5.73977538e-01
  -4.47625694e-01
   1.26521501e+00
   5.69496505e-02
  -7.93477075e-01
  -5.56026612e-01
  -1.00970107e+00
   2.00986285e+00
  -7.19111950e-01
  -1.09338691e+00
   1.16730671e+00
   1.59402073e+00
   7.00262218e-01
   1.59081368e-01
  -6.07241675e-01
   3.57934842e-01
  -1.21980336e+00
   1.48235923e-01
  -8.31799447e-01
  -1.01321600e+00
  -5.83967363e-01
  -1.42681107e+00
   1.17143815e+00
  -1.48060937e+00
   3.14111109e-01
   1.47680442e-01
  -6.50808203e-01
  -1.58439343e+00
  -8.23324299e-01
  -1.21236554e+00
   1.05639347e+00
  -1.81477309e+00
   4.75309339e-01
   4.80485430e-01
  -1.34332003e+00
   1.20357632e+00
   9.00198844e-02
  -1.57528617e-01
  -2.74901792e+00
   5.46855728e-01
   5.79190500e-01
  -6.71597348e-01
   1.40367643e+00
  -1.36562881e-01
  -3.86336122e-02
  -5.63227295e-01
   2.45400730e-01
  -2.07685736e-02
  -5.34230474e-01
   8.73668586e-01
   3.72351434e-02
   9.54510400e-01
   5.89325943e-01
   7.83595772e-02
   9.24839194e-01
  -7.77284322e-01
   5.45346443e-01
  -1.63826250e+00
  -1.86460049e+00
   3.39434016e-01
  -6.24325261e-01
   5.12132080e-02
  -4.82326367e-02
  -1.07654462e+00
  -1.15342097e-01
  -3.61753878e-01
   1.34213190e+00
   9.50209922e-01
  -1.26923051e+00
   6.92335544e-01
  -8.41143684e-01
  -4.86135090e-01
   1.44460854e+00
  -2.33794733e-02
  -6.10621233e-01
  -1.25325700e+00
  -3.60125044e+00
  -6.53328385e-01
  -1.51330951e-01
   2.22398395e-01
   1.28852684e-01
   6.34781492e-01
   4.73500834e-01
  -5.05334600e-01
   1.28910088e+00
  -5.09957009e-01
  -8.73809358e-01
   1.00198394e+00
   2.68627207e-01
   2.81770734e+00
   7.34213797e-01
   1.23454827e+00
  -5.12101581e-01
   1.24209370e+00
  -6.71859399e-02
  -1.28945317e+00
  -2.48654487e-01
   9.17346467e-01
  -1.07755942e+00
   1.26741848e+00
  -1.58196601e-01
  -1.59588309e+00
   1.93212620e+00
  -4.77846229e-01
  -8.41061588e-01
  -1.65441606e+00
   9.66790539e-01
   1.54895842e+00
  -5.81071235e-01
   3.21778050e-01
  -1.54473105e+00
  -3.77953744e-01
  -1.19493361e+00
  -4.00252731e-01
   1.90207330e-01
   2.00836915e+00
  -1.28841362e+00
   6.77040964e-01
  -9.92436740e-01
   3.38631963e-01
  -1.78398674e-01
  -8.49937576e-01
  -1.15208304e-01
   3.96521394e-01
   2.13389924e+00
   1.37520856e-01
  -3.73556083e-01
  -5.57451645e-01
  -8.49376841e-01
   1.26147922e+00
  -4.82329082e-01
   6.60068434e-01
   4.00870469e-01
  -8.42626903e-01
   2.76671297e-02
   1.14744382e+00
   1.16717845e+00
   3.47669362e-01
   2.64162794e+00
  -1.77946046e-01
  -9.35437711e-02
   6.31775666e-01
  -5.81800147e-01
  -5.50405213e-01
  -4.16417367e-01
  -4.02454043e-01
   1.44530822e-01
   4.28259620e-01
   6.30965052e-01
   4.14736293e-01
   1.65706559e-01
  -1.58943190e-01
  -9.35835757e-01
   6.70312448e-02
   1.67753199e+00
  -1.20275384e+00
   4.49117883e-02
  -1.00349535e-01
   2.70204004e+00
  -1.05764072e+00
   1.28864944e+00
  -1.20368722e+00
   1.12980935e+00
  -5.10746657e-01
   9.67211603e-01
  -4.13802428e-01
   8.41144544e-01
  -1.09807324e+00
  -4.64572640e-01
  -1.31610552e+00
  -2.12441949e+00
  -8.62368927e-02
   1.24356801e+00
  -6.32928121e-01
  -1.36854845e+00
  -3.67655294e-01
   5.89004198e-02
   3.30516941e-01
   8.37152987e-01
   7.04525662e-01
   1.61507353e+00
   1.06297948e+00
   1.02428498e-01
   5.18048642e-01
  -8.27515237e-01
  -1.84478561e+00
   1.02836303e+00
   1.23794102e-01
   3.11389757e-01
  -1.53110845e-01
   8.75311830e-01
   6.33033303e-01
  -8.66241197e-01
  -1.13789357e+00
  -6.71412214e-01
   3.81447089e-01
  -1.30656183e+00
   9.69006964e-01
   4.93239813e-01
   6.05873125e-01
   6.38509225e-01
   1.82693142e-01
  -1.67061803e+00
  -2.22385031e+00
  -9.19192570e-01
   3.91030630e-01
  -3.65737244e-01
  -5.27810572e-01
   4.74284807e-01
   1.28269291e+00
  -7.67479172e-01
  -1.97496412e-01
   7.62935547e-01
  -1.28207925e+00
   5.26578290e-01
  -4.87814529e-01
  -2.74291500e-01
  -1.38532993e-01
   8.55539732e-01
   2.05347942e-01
   8.01175461e-02
  -5.89005657e-01
   2.13610437e-01
   1.98794093e-01
   1.14468139e+00
   1.10342618e+00
  -4.38125666e-01
  -5.71677118e-01
  -4.24159955e-01
   8.29456834e-02
  -2.08375032e-01
   8.45050822e-01
  -8.95536267e-01
  -9.92006427e-01
  -7.38562173e-01
   2.36047587e-01
  -1.04363258e+00
   4.32780980e-01
  -2.03623443e-01
  -4.52587066e-02
  -2.97544510e-01
  -9.37045068e-01
   1.83513887e+00
   1.16551599e+00
  -3.61730651e-01
  -4.43456653e-01
  -7.77151882e-01
   4.95594419e-02
  -2.07791962e+00
   1.81619466e+00
  -6.22319955e-01
   8.83063050e-01
   9.63510013e-01
   3.83837649e-01
  -2.71331894e-02
  -1.53427797e+00
  -1.03896749e+00
   2.10674392e-02
   1.05377133e+00
  -1.24261060e+00
  -8.74608955e-01
   1.18771538e+00
   1.57111948e+00
   1.34729405e+00
   7.54076126e-01
  -3.13300833e-01
  -1.49455862e+00
   1.72744974e+00
   1.33509799e+00
   1.04604966e+00
  -3.34526190e-01
  -4.94819958e-02
   5.38802995e-01
  -1.05854953e+00
  -1.34562046e+00
  -6.70052588e-01
   1.69163246e-01
   5.59783987e-01
  -2.92352251e-01
   1.54284470e+00
  -4.84313356e-03
  -5.77636721e-01
   6.18432385e-01
   1.07689586e+00
   3.11030166e-01
   1.48082283e+00
  -1.39643781e+00
   1.11046853e+00
   4.27183752e-01
   5.58069045e-01
   1.54539057e+00
  -5.04535741e-01
  -5.05146246e-01
   6.85007016e-01
   8.52433298e-01
   1.61713007e+00
  -9.74796393e-01
   1.42628588e+00
  -1.04661225e+00
  -1.59888464e-01
   8.40463061e-01
   3.39877877e-01
  -1.25808803e+00
   1.73972731e+00
  -1.74516540e+00
   2.91373823e-04
   2.20575458e-01
  -5.04702052e-01
   1.64661323e-01
  -1.50879814e+00
   8.31993072e-01
   3.07944863e-04
   6.13215981e-02
   1.63489651e-02
   1.15733647e+00
   7.50766609e-02
  -3.81612072e-01
   2.23932516e+00
  -1.57442761e+00
  -1.82646413e+00
  -7.26593796e-01
  -7.44668607e-01
   1.58422979e+00
  -1.55818676e-01
  -9.29676037e-01
   1.87046550e+00
  -1.06049143e+00
   1.50014308e+00
   1.64957353e-01
  -7.46454107e-01
   2.16109912e+00
   5.86667330e-02
   2.48117704e-01
  -9.08753685e-01
  -3.72471030e-01
  -6.24770435e-01
   8.27023032e-01
   2.53860405e-01
  -1.41779885e+00
   1.07474604e+00
  -5.01653257e-01
   1.01184811e-01
  -1.44419814e+00
  -1.06159813e+00
  -1.16324474e+00
  -1.27692997e+00
  -8.05723522e-01
   9.75632375e-01
   6.40020779e-01
  -8.48463389e-01
  -3.72268492e-01
  -3.16323028e-01
  -4.73856316e-01
  -2.23190275e+00
  -2.18406645e+00
  -1.00570029e+00
  -8.78585116e-01
   1.31014137e+00
  -2.95806885e-02
  -2.29756165e-01
  -1.01575316e+00
   5.07547001e-01
   2.29454182e-01
  -5.46492975e-01
   3.24267262e-02
   7.85001058e-01
   4.76774769e-01
   9.75018508e-02
  -8.36267397e-01
   3.35162819e-01
  -9.16258014e-01
  -1.64033661e+00
  -4.66811003e-01
  -1.54262780e-01
  -1.95981218e-01
  -1.59010317e+00
  -1.77215046e+00
   1.21080059e+00
   1.22609384e+00
   5.85220943e-01
   5.77391576e-01
  -4.03185634e-01
   1.72062493e+00
  -6.21460093e-01
  -3.86339617e-01
  -9.22701972e-01
  -2.95819351e-01
   5.93056002e-01
   4.08171685e-01
   5.06787812e-01
  -1.51077023e+00
   2.85296479e-01
  -8.97005699e-01
  -6.65777306e-01
  -1.97436025e+00
  -1.44060572e+00
  -1.52790866e+00
  -2.21356819e+00
  -9.55283771e-01
  -6.71044900e-01
   5.92635465e-02
  -1.99400046e-01
   1.26049686e+00
  -5.54376925e-01
  -6.16713762e-01
  -4.30512831e-01
   9.45913613e-01
  -2.69687536e-01
  -1.44575505e+00
  -2.05373657e+00
  -8.73806740e-01
   6.29524304e-01
   5.43299751e-01
   4.52300833e-01
   2.46018082e-01
  -3.52823281e-02
   2.76546721e-01
  -2.69185231e-01
  -1.21376364e+00
   7.12582217e-01
  -4.44065893e-01
  -8.96895578e-01
   2.72404462e-01
   1.80219704e-02
   4.11285158e-01
   4.95615293e-01
   9.73629314e-01
   7.72297190e-01
  -8.51319496e-01
   1.35094198e+00
  -1.39604016e+00
   3.09574534e-01
   1.64490005e-02
   1.10186591e+00
   1.63391736e-01
  -2.84522293e-01
   1.70115184e+00
   2.53750174e-01
  -1.48320234e+00
   4.57821446e-01
  -1.56869177e+00
   4.25655292e-01
  -1.98111178e-01
  -6.60450393e-02
   4.38769466e-01
   9.50432101e-01
  -6.85817450e-01
   3.56211181e-01
   1.51977951e-01
   5.50755193e-01
  -3.15836553e-01
   2.07925865e+00
   1.64635410e+00
  -1.68345907e+00
  -4.67841404e-01
  -8.93361110e-01
  -1.56499340e+00
  -5.50222376e-01
  -9.27196622e-01
   9.18233968e-01
  -3.63321304e-01
   1.37342972e+00
  -5.76278900e-02
   8.00455515e-01
   8.61285431e-01
   8.65681327e-01
   9.63961886e-01
   2.27838087e-01
  -1.93231805e+00
  -9.47886258e-01
   1.16100776e+00
   1.43213240e+00
  -1.62694979e+00
   7.59187969e-01
  -1.72874962e+00
   1.22537700e+00
   5.06990669e-01
   1.00912387e+00
  -1.45817484e+00
  -2.26380077e-01
   1.94732831e-01
  -3.74058679e-01
  -2.15891596e+00
  -1.66142705e-01
  -1.10861686e+00
   6.36909596e-01
  -7.23549693e-01
  -1.51753097e+00
  -1.01544245e-01
   1.55133016e-01
  -1.65639286e-02
   1.30725242e+00
   8.48206003e-02
   2.31180888e-01
  -7.81128529e-01
   3.29898911e-01
   9.44245435e-01
  -1.04003175e+00
  -6.06555196e-01
   3.38058532e-01
   7.78886772e-01
  -1.41015223e-01
  -1.01997327e+00
  -6.01891696e-01
   1.28484685e+00
  -3.63453344e-01
   3.20852272e-02
   4.75920836e-01
  -9.57100511e-01
  -2.01599088e+00
  -7.49154270e-01
   1.54548017e+00
   2.04430115e-01
  -1.08793628e+00
  -3.14001998e-01
   1.83264307e+00
   8.49125581e-01
   1.86976750e-01
  -1.27722622e+00
  -4.97153236e-01
   6.94805750e-01
   1.26401664e+00
   7.68665488e-01
   7.57647567e-01
   8.74129923e-01
   2.19209731e-01
   9.40456719e-01
  -2.14612798e+00
   1.20837065e+00
  -2.59382438e-01
   1.25132567e+00
  -3.07807523e-01
   3.77468649e-01
   4.15177156e-01
   3.80804702e-01
  -1.32378822e+00
  -9.24069329e-01
  -1.22510615e-01
   1.27203708e-01
   7.50584642e-01
   7.74431457e-01
  -1.16774044e+00
  -1.74304847e-01
   1.62836623e+00
   1.83178045e-01
  -1.93836810e-01
   5.31687344e-01
   4.46213305e-02
   6.11138695e-02
   1.85198494e+00
   1.79972036e+00
  -5.91333693e-01
  -1.91618164e-01
   3.40382840e-01
  -4.18166280e-01
  -1.80280172e-01
   2.70569292e-01
  -5.23900986e-01
  -8.59322496e-02
   1.12119415e+00
  -5.31518718e-01
  -2.04720681e+00
  -1.77431032e+00
  -1.02743085e+00
  -1.51595047e+00
   1.41904671e-01
   2.32536600e+00
   6.68748910e-01
   3.36930195e-01
   1.20392341e+00
  -3.89192270e-01
   8.72801602e-02
   5.28674979e-02
  -2.28594207e+00
  -9.95213756e-01
   8.91643666e-01
  -5.13714594e-02
   7.61788314e-01
  -5.32765733e-02
  -4.69256133e-01
  -4.09230594e-02
   1.34457059e+00
  -7.06825867e-02
   8.50491729e-01
   1.14638553e+00
   2.03396342e-01
  -1.31183542e+00
  -1.44443710e-01
   7.02406870e-01
  -1.40046385e+00
   3.50257369e-01
  -1.49411935e+00
   4.84305328e-01
  -8.70392530e-01
  -3.14583783e-01
   8.12067881e-02
  -1.45325760e-01
  -8.72561317e-01
   3.09739500e-01
  -4.57963419e-02
  -9.11188751e-01
   2.96463257e-01
   5.82140531e-01
  -2.73772065e+00
  -1.05911992e+00
  -2.34124377e-01
  -6.56936939e-01
  -1.19085948e+00
   2.35037780e-01
   8.29504229e-01
   3.06280913e-01
   1.62741919e+00
   1.11018335e+00
  -1.17210110e+00
   1.68025276e+00
  -8.17047648e-01
  -3.44442736e-01
  -9.97166424e-01
  -1.31216945e-01
   6.03278504e-01
  -2.46380124e-01
  -1.56667394e+00
  -3.76640686e-01
  -1.46241763e+00
   2.29370511e+00
  -3.07072726e-01
  -1.78150989e+00
  -4.81124215e-02
  -7.13214168e-01
   2.86006020e-02
  -7.93596536e-01
   1.11533657e+00
  -2.81222726e-01
  -7.25905507e-02
   1.68067218e+00
   7.46742946e-01
  -1.37385205e-01
   5.34187393e-01
   1.20444233e+00
  -7.02825218e-01
   4.61623373e-01
  -1.22410018e+00
  -9.70879638e-01
  -1.92948316e+00
   5.20694247e-01
  -9.28599740e-01
   3.93693687e-01
   1.87120613e+00
  -1.89808822e-01
   9.46225993e-01
   6.91838600e-01
  -3.52936909e-01
  -7.71509725e-01
   1.45220211e+00
  -4.03714269e-01
  -1.02588857e+00
   1.15720022e+00
   9.88654114e-02
   1.16371091e+00
   1.33181049e+00
   1.83710891e-01
   9.98542869e-01
   5.21543849e-02
   7.02696739e-01
  -9.66362108e-01
   2.24544839e-01
   1.66102181e-01
   4.58271099e-01
  -8.89991806e-01
   9.50308225e-01
   1.40583771e+00
  -9.43198737e-01
  -7.17678779e-01
  -6.78739047e-02
   6.51742893e-01
   6.10635772e-01
  -9.13978341e-01
  -7.59762169e-01
   5.27481878e-01
  -1.85372094e-01
  -1.04328861e+00
  -1.20534718e+00
  -2.10994471e-01
   6.21908478e-01
  -1.20510769e+00
   6.30635499e-02
  -1.94855806e-01
   2.46368882e-01
   8.34095681e-01
  -5.80451953e-01
   8.58382282e-01
   1.27458945e+00
  -1.34556874e+00
  -1.29660735e+00
   9.34989042e-01
  -5.13258221e-01
   1.81217572e+00
  -5.32923316e-01
  -1.62269992e+00
   9.22738787e-01
   4.34513602e-01
  -1.43498068e+00
  -4.86985931e-01
  -9.70141702e-01
  -1.10020259e+00
  -8.50151209e-01
  -1.48359620e-02
   1.64228639e+00
  -5.89870552e-01
  -1.21740112e+00
  -2.32192823e-01
   1.18772526e+00
   4.96728204e-01
   7.28070901e-01
  -5.24567624e-01
   6.62537788e-01
  -2.78147982e-01
   3.07794441e-01
   6.75139944e-01
   1.20873295e-01
   1.17583088e+00
  -4.05081352e-01
  -8.20173878e-02
  -8.92888714e-01
  -6.63976318e-01
  -1.34755590e-01
  -2.52527489e-01
   7.41608082e-01
   8.09722570e-01
   4.09375474e-01
  -1.31219763e+00
  -1.09051460e+00
  -1.11652972e+00
   8.61711033e-01
   2.31624927e-01
  -3.90415629e-01
   1.29182066e+00
   3.00733991e-01
   8.71257993e-01
   1.44502365e-01
  -6.09441720e-01
   4.61329685e-02
  -8.85897476e-01
  -9.61867796e-01
   6.77381017e-01
   2.79917180e-01
   1.15504527e+00
  -2.28465438e+00
   2.07161151e+00
  -1.55358550e-01
  -6.57781336e-02
   6.40759320e-02
   1.15595306e+00
  -1.02765657e+00
   6.50477356e-01
   4.04611564e-01
  -2.28156084e-01
  -1.28179009e+00
  -9.34525763e-02
   2.15635461e-01
  -7.84370325e-01
  -1.58402015e+00
   4.09294391e-01
  -9.77053725e-01
   1.59195446e+00
  -3.94651800e-01
  -1.54479495e+00
  -3.05023224e-01
   5.57310143e-01
  -2.10054941e+00
  -8.93153064e-01
   1.21381286e+00
   2.10386993e+00
   1.74474139e+00
  -5.92040984e-02
  -1.04932024e+00
  -1.16336922e+00
  -8.03575154e-01
   4.99409694e-02
   1.56508957e-01
  -3.21616610e+00
   4.20009054e-01
   1.35498301e+00
  -2.74891753e-01
   9.82228267e-01
   1.45785157e+00
  -3.79751423e-01
   5.08902754e-03
   2.47439354e+00
   1.01203568e+00
  -1.35693410e+00
  -5.50564534e-01
  -1.12449095e+00
  -9.21680567e-01
   1.31696309e+00
   5.84116691e-01
  -5.37741884e-01
   2.48522335e+00
   1.76370541e+00
   2.18597462e+00
  -1.38878903e-03
  -1.14946277e+00
   2.78878932e-01
   3.81085921e-01
   9.02585456e-01
   5.69452911e-01
  -2.31469080e+00
  -1.84731076e-01
  -5.96482770e-01
  -1.39602563e-01
  -9.63010159e-01
  -1.67870232e+00
   2.22014511e+00
   4.64167792e-01
  -4.35917302e-01
   7.65477785e-01
  -8.96174201e-02
  -1.07237281e+00
   3.66797758e-02
   1.43484642e+00
   1.92482080e+00
   5.81759362e-01
   5.45060159e-02
   7.16516369e-01
   2.43735547e+00
  -1.48142447e+00
   9.07995475e-01
   6.31179848e-01
  -1.17466489e-01
   5.33554205e-01
  -2.01684430e-01
  -1.06858416e+00
   1.12836117e+00
  -3.41915301e-01
  -2.44370651e-01
   1.67744888e+00
   1.06325773e+00
  -3.37583141e-01
   8.63481135e-01
  -2.22980673e+00
  -1.40948601e+00
  -7.63853285e-01
   4.22683281e-01
   2.43333259e+00
  -9.96792139e-01
  -1.37162506e+00
  -6.84355504e-02
   1.12932766e+00
  -1.02005514e+00
   2.10704629e+00
   9.75110580e-01
  -6.55812896e-01
  -1.25405034e+00
  -1.62901751e+00
  -1.85239873e-01
   1.14398984e+00
   5.12795256e-01
   7.24918810e-01
  -4.96582571e-01
  -2.53046198e+00
   4.75531125e-01
  -6.70409760e-01
  -3.90462256e-01
  -6.00632643e-01
   6.24590401e-01
   1.22312373e+00
   8.00679984e-01
   1.13693134e+00
  -1.22779033e+00
   1.14052482e+00
   3.60672528e-01
  -6.00784146e-01
   1.15913062e+00
  -3.74173675e-01
  -3.43296777e-01
   1.05089486e-01
  -1.40728070e+00
   1.36307119e+00
  -6.70492195e-01
   3.54773082e-02
   9.80405397e-01
   7.17083948e-01
  -8.50023771e-01
   3.43233936e-01
   1.53282475e+00
   9.02679448e-01
   4.22820492e-01
  -8.39422914e-01
  -2.01613313e+00
   1.35764761e+00
  -1.37329641e+00
   5.65116836e-01
   3.32723308e-03
  -1.10156154e+00
   7.92726847e-01
   2.15658292e-01
  -9.41272130e-01
   9.08293817e-01
   9.11641341e-01
   5.92200838e-01
  -9.08840131e-02
  -6.25502141e-01
   1.25848094e+00
   1.54005888e-01
   9.96658859e-03
  -4.69324483e-01
  -1.45100851e+00
   4.48274604e-01
   7.15129497e-01
  -3.93069098e-02
   1.80913475e-01
   3.85417010e-01
  -2.01627071e+00
   4.07686336e-01
  -8.73862821e-01
   2.00422253e-01
   9.97074165e-01
  -1.93159766e+00
   7.03143114e-01
   9.31417569e-01
  -7.39841884e-01
   1.52323782e+00
   2.53812968e-01
  -4.25917887e-01
  -5.31875096e-01
   9.77351603e-01
   1.03238551e+00
  -1.81001878e+00
  -8.18418431e-01
  -5.25211478e-02
  -3.98208073e-01
  -4.52836110e-02
  -3.93434301e-01
   5.55835865e-01
  -5.17513295e-01
   3.16706618e-02
  -4.50691744e-01
  -2.10327939e-01
  -1.19361967e+00
  -7.41985626e-02
  -9.56913132e-01
  -2.95975341e-01
  -2.23813804e+00
   1.06110363e+00
   2.85840347e-01
  -6.94698213e-01
   7.29614688e-01
  -9.94985202e-01
  -5.90535614e-01
   2.41603015e+00
   6.86978011e-01
   3.22836027e-02
   5.39831667e-01
  -2.56618773e-01
  -5.63572525e-02
   9.10456518e-01
   3.52887312e-01
  -2.24515560e-01
   5.11148314e-01
   4.30441020e-01
   1.22095925e+00
  -1.36229347e+00
  -2.44084258e-01
  -6.61896363e-01
   6.01201006e-01
  -2.19625225e-01
  -5.49051264e-01
  -1.43610309e-01
  -1.94212323e-02
   1.47305010e+00
   5.55435013e-02
   5.77716134e-01
  -7.16714146e-01
   7.40806577e-01
   9.10342700e-01
   3.64375106e-01
   1.26010993e+00
  -9.82081333e-01
  -1.24223907e-02
   2.02484208e-01
   1.09887011e+00
   1.70125394e-01
   1.55497500e+00
   1.19561011e+00
   9.13571301e-01
  -2.92298456e-01
  -1.49089081e+00
   7.65786248e-01
  -1.29102432e+00
  -2.63509568e-02
   8.04042970e-02
   1.53699096e+00
  -4.87262662e-01
   9.04425677e-02
   8.42562338e-01
  -5.63630921e-01
  -1.60128715e+00
  -1.03512433e+00
  -3.63735375e-02
  -2.80933209e+00
   4.65695372e-01
   1.24663165e-01
  -8.53482390e-01
   1.40986724e+00
   2.97909777e+00
  -7.64432387e-01
  -1.92414911e+00
  -1.95968070e+00
  -9.29031853e-01
   1.34241516e+00
  -9.75591079e-03
   1.03586889e-01
  -8.69960776e-01
  -2.33310255e-01
  -1.20141691e+00
   1.21245780e+00
  -3.61757938e-02
   6.05551319e-01
   2.17047938e+00
  -8.19312913e-01
  -2.90824429e-01
   8.72626381e-01
  -1.55980966e+00
  -4.08968949e-01
   5.14719398e-01
  -2.03011581e+00
  -1.26648927e-01
  -2.90303032e+00
  -9.98132760e-01
  -6.32521150e-01
  -4.30881914e-01
  -8.99395222e-01
  -1.07733434e+00
  -2.29572151e-01
   1.28122677e+00
  -3.29691324e-01
  -8.79498330e-01
  -1.53224121e+00
   3.19850990e+00
   1.02776226e+00
   3.87732560e-02
   1.59342072e+00
   4.06181842e-01
  -4.70904063e-01
  -6.25622693e-01
  -5.24062878e-01
  -8.46483430e-01
   1.65041437e-01
   2.75140585e-01
  -7.30775071e-01
   3.03802692e-01
   1.01638215e+00
   1.72594907e+00
   4.39788215e-01
   1.50708969e+00
   1.42936569e-01
   5.66409332e-01
   1.75598126e+00
  -8.22891987e-01
   1.00586437e-02
   1.43256673e+00
   6.71202554e-01
   1.05918346e+00
   1.96413468e-01
   2.43351627e-01
  -6.91992796e-01
  -1.59921940e-01
  -8.57915154e-01
   4.16434890e-01
  -8.89589917e-01
  -1.01250718e+00
   1.24938044e+00
  -2.30121054e+00
   2.05368331e+00
   2.10662625e+00
   8.30166853e-01
  -1.10704405e+00
  -2.01229218e-01
   1.98674774e+00
  -2.71524437e-01
  -4.96031194e-01
  -4.75975152e-03
   9.68933558e-01
  -1.06517985e+00
   1.27981044e+00
   1.28197365e+00
  -4.27361284e-02
   1.29607622e+00
  -6.03272454e-01
  -9.12788078e-02
   9.62798171e-01
   2.15677192e-01
  -3.00199054e-01
   8.13219189e-02
   4.79297405e-01
  -5.57216442e-01
  -1.32188006e-01
  -5.65278645e-01
   2.24472266e-02
   9.51942863e-01
   3.44930244e-01
   4.73651520e-02
   5.76672380e-01
   1.58457475e+00
  -2.07291611e-01
   1.52204738e+00
  -6.90998869e-01
  -1.11132740e+00
  -4.49824149e-01
  -6.83990769e-01
   6.32196435e-01
   1.59893777e-01
  -2.15523705e-01
   1.90206310e+00
   1.23991883e+00
   1.74938320e+00
   1.97488704e+00
   9.50674906e-01
  -8.44873867e-01
   4.63026870e-01
  -1.70347800e+00
  -1.51065000e+00
  -3.20244921e-01
  -9.56208782e-01
  -4.29848084e-01
  -6.61182706e-01
   8.99682748e-01
  -4.53306744e-01
  -3.20090588e-01
  -1.75506056e-01
  -7.74944861e-01
  -4.92975084e-01
  -6.26349842e-01
  -1.45440529e+00
  -6.94699201e-02
   1.56137327e+00
   2.72013320e-01
   5.12133649e-02
  -8.34407933e-01
  -3.49863104e+00
  -1.62195404e+00
  -9.72592654e-01
   5.61042241e-01
  -9.51388889e-01
   3.49136845e-01
   1.15789406e+00
   5.26616600e-01
  -4.12525826e-01
  -1.01490870e+00
  -2.78413238e-01
  -1.40123155e-01
  -5.91752603e-01
   7.78463689e-01
  -1.39711094e-01
  -4.90012691e-01
  -4.75482046e-03
   7.68948536e-01
   1.70950035e+00
  -1.58386618e+00
   5.94305453e-01
  -1.67979177e+00
  -1.61711845e+00
  -1.82747284e+00
   6.68845577e-01
  -1.48195902e+00
  -4.69694732e-01
  -2.58356529e-01
   6.13020488e-01
  -6.58337703e-01
  -1.08098971e-01
   1.46509484e+00
   2.49222912e+00
  -1.24265010e+00
   4.24707992e-01
  -1.61954446e+00
   4.70930764e-01
   1.97018139e+00
   1.44379592e+00
   7.98264626e-01
  -2.68555553e-01
  -1.15703679e+00
   5.39232283e-01
   7.51146477e-01
   5.99422025e-01
  -5.73100034e-02
   1.24023797e+00
  -4.15578685e-01
  -1.76918118e-01
   4.22106932e-01
  -2.01108280e-01
  -7.50341675e-01
  -1.46461665e-01
   1.12655576e+00
  -9.03155799e-01
  -3.59632996e-01
  -1.22647374e-01
   5.48295338e-01
  -1.01106493e+00
  -1.51557458e-02
   1.09196320e+00
   8.25203440e-01
   5.92076288e-01
   7.74186735e-01
   1.17838722e+00
   4.29176382e-01
  -1.22178456e-01
   4.70318109e-01
  -4.17790484e-01
   2.35836455e+00
  -4.98215990e-02
  -1.28529765e+00
  -2.02239513e-02
   9.37287021e-01
  -2.65270397e-01
  -2.98272601e-01
  -2.38933465e-01
   6.40713599e-02
  -1.50579374e+00
  -1.04805737e-01
   4.33792662e-01
  -5.27407112e-01
   1.20236339e+00
   9.48285211e-01
  -4.25026293e-01
  -7.68062378e-01
  -8.39259103e-01
  -3.83363057e-01
  -4.08366348e-01
   1.52845326e+00
   4.09196785e-02
  -2.52360821e-01
   3.89799863e-01
  -1.67745329e+00
   5.08411679e-01
  -1.50177833e+00
   1.18018341e+00
  -1.95235673e+00
  -5.23443052e-01
  -5.21351587e-01
   3.07648691e-01
  -1.10073493e+00
  -4.63710342e-01
   6.74124930e-02
  -7.47338360e-01
  -1.06269392e+00
   1.15387724e-01
   1.47777673e+00
  -1.21412450e+00
  -6.63453178e-02
  -1.24351313e+00
   1.19690358e+00
  -8.99172999e-01
   1.58849369e+00
  -5.51142544e-01
  -1.91626137e-01
  -1.16841195e+00
   1.90922456e+00
   7.44174064e-01
   3.35491040e-01
  -6.27964534e-01
   4.44331932e-01
   1.15250815e+00
   2.07518638e-01
  -3.40664408e-01
   1.37883720e+00
  -3.73231796e-01
   1.33794918e+00
  -1.06818278e+00
  -7.06887041e-01
   4.00623100e-01
   1.67840295e+00
   5.64426456e-01
   7.12108956e-01
  -2.23793513e-01
  -2.61281071e-01
   7.27686160e-01
  -1.54801106e+00
  -2.15064875e-01
  -2.86233877e-01
   1.33281536e-01
   1.73077943e+00
   2.53167183e-01
  -7.56590516e-01
   3.51548453e-01
   2.36483046e+00
   5.33533518e-01
  -1.74841887e-01
  -1.79924007e+00
   3.32795625e-01
  -5.05936029e-01
   7.53459531e-01
  -5.62953168e-02
  -2.33040062e-01
   6.18375754e-02
  -1.37137413e-01
  -1.56208675e+00
   5.91438384e-01
  -3.41032142e-01
   2.51576746e+00
   8.09846982e-01
   3.57115354e-01
  -8.13994507e-01
  -3.38684178e-01
   2.44109884e+00
   2.42791766e-01
   2.10859109e+00
  -1.60452096e+00
   3.56981179e-01
   2.25362071e-01
  -1.12256414e+00
   3.20259666e-02
   5.35528356e-01
   1.53443689e+00
   8.17512413e-01
  -1.14307074e-01
   3.55721090e-01
   9.83188899e-01
   4.68795839e-01
  -7.24335453e-01
  -4.38015382e-01
   5.36721762e-01
   5.13995950e-01
   1.47447929e-01
  -4.37558772e-01
  -1.72051197e+00
  -8.94583389e-01
   6.74665961e-01
  -4.27980053e-01
  -9.67443272e-01
   2.88325435e-01
   1.64031845e-01
   1.92220657e-01
  -6.01658610e-01
  -1.19598887e+00
   2.56760846e+00
  -8.28739430e-01
  -9.64001107e-01
  -3.28595643e-01
  -1.59346471e+00
  -7.28989015e-01
   7.45975750e-01
   1.19584759e+00
   2.98668784e-01
   6.07219550e-01
   1.20046096e+00
   5.76488431e-01
  -1.04615403e+00
  -1.55993965e+00
   1.09882142e+00
  -6.13868352e-01
  -3.90751797e-01
   1.44036517e+00
   1.98282808e+00
  -1.50232412e+00
  -1.20961364e+00
   1.36590015e+00
   4.61766101e-01
  -4.10262578e-02
   7.15579294e-01
   5.68272087e-01
  -5.99397440e-01
  -6.41440688e-01
  -4.64159524e-01
  -1.07553127e+00
   1.90451464e+00
   2.28613824e-01
   2.46806690e-01
  -1.50736314e-01
  -5.20097011e-01
   7.57731393e-01
  -6.13019871e-01
   8.27675444e-01
  -9.22785072e-01
  -9.44813636e-01
  -1.96963189e+00
  -4.09693838e-01
   1.51061306e-01
  -1.68845132e+00
   4.02341943e-01
  -2.75635640e-01
   6.81135424e-01
   1.17505571e+00
  -3.62712143e-01
   1.94328369e+00
   6.73291244e-01
  -7.20569510e-01
   3.50847729e-01
  -1.55821094e+00
  -8.62906484e-01
  -1.14249748e-01
   1.68303274e-01
  -5.47048512e-01
   7.07162729e-01
  -1.53715616e+00
   1.49644395e-01
   4.60664617e-01
  -6.95424683e-01
  -6.48084174e-01
   1.84764116e+00
   1.26285602e+00
  -2.62231815e-01
   7.05182839e-01
  -4.08512318e-01
   1.93093653e+00
  -2.16215293e+00
  -4.42529709e-01
  -5.52334364e-01
  -3.30324943e-01
  -3.44406250e-02
  -5.77309634e-01
   1.47667063e+00
   4.97645334e-01
  -9.82363714e-01
  -7.20699515e-01
   1.30696509e-01
  -7.04448339e-02
   6.00799600e-01
   2.48680385e-01
   8.28115566e-01
   1.63759174e+00
   3.04726375e-01
  -1.26414948e-01
  -5.27696707e-01
   7.27948927e-01
   5.30509083e-02
  -5.38225069e-01
   6.73715769e-01
   1.47434448e+00
  -5.17060815e-01
   3.10057932e-01
   9.41956604e-01
   3.33975680e-01
  -4.75026781e-01
  -2.73645146e+00
   2.20845555e-01
   8.84164140e-01
   2.68092601e+00
  -1.27841163e+00
   4.27892786e-02
  -5.56809354e-02
   1.75532820e+00
   1.92408228e+00
  -4.86692411e-01
   1.19492531e+00
   1.78689768e+00
   7.66242098e-01
  -1.29726840e+00
   1.28603196e+00
   9.96421196e-01
   1.91298918e-01
  -7.29321290e-01
  -8.67565628e-01
   4.78534176e-01
  -4.62091488e-01
   2.02067096e-01
  -6.91307981e-01
  -5.39857787e-01
   4.57201239e-02
   1.58865532e+00
   4.94944204e-01
  -1.11580310e+00
   6.62602300e-01
  -4.49732023e-01
   3.71255536e-01
  -2.55922115e-01
   1.51855051e+00
  -3.15739056e-01
   7.02377599e-01
  -3.27310676e-01
  -7.76233968e-01
  -1.05169433e+00
  -9.48683894e-01
  -5.51716206e-01
   2.13394542e+00
  -2.85493394e-01
  -8.13661995e-01
   1.36563954e+00
   2.88009323e-01
   4.65608446e-01
   1.26559096e+00
  -5.65291699e-01
  -7.17131020e-01
   1.33580188e+00
   4.21497418e-01
   4.40205301e-01
  -7.39827550e-01
   2.80718727e-01
  -3.37957165e-02
  -7.28053817e-01
  -2.61006745e-01
  -1.10561297e+00
  -1.39304891e-01
   5.07254527e-01
  -1.97532249e+00
  -1.88390904e-01
  -3.35948804e-02
  -1.49687409e+00
   9.21760980e-01
  -2.66789775e-01
   1.33722190e+00
   1.28622477e+00
  -2.22468942e-02
  -1.18674865e+00
  -9.36468943e-02
   1.50972109e+00
  -8.30630206e-02
   1.17744903e+00
   1.15712820e+00
   8.70948502e-01
  -5.08388394e-01
   5.19021417e-01
  -1.34445556e-01
  -3.95654278e-01
   2.51107971e-02
  -7.47444530e-01
   1.84708685e-01
   1.14200846e+00
   4.32866789e-01
  -6.34178863e-01
   1.28005939e+00
  -3.67791139e-01
  -1.08010357e+00
   3.42412369e-01
   1.52374414e+00
   4.22063391e-01
  -4.28401805e-01
  -2.58442161e+00
  -6.70797716e-02
   3.59315029e-01
  -8.78658111e-01
  -1.74259891e-01
  -2.43586357e-01
   1.05251080e+00
   5.00225508e-01
   3.26074571e-01
  -5.64864505e-01
   1.12180032e+00
   8.00892547e-01
   1.68390548e+00
  -5.29432784e-02
  -8.78192047e-01
  -6.05403677e-01
   1.22011554e+00
  -2.80519975e-01
   6.59749572e-01
   2.51241036e-01
  -7.80690689e-01
   1.16807173e+00
   3.32119463e-01
   4.72055622e-01
  -1.81423258e+00
  -1.11945055e-01
  -2.32788498e+00
   4.10480579e-01
  -7.44799173e-01
  -4.25932447e-01
   1.42032233e-01
   5.94307446e-01
   1.04148783e+00
  -3.66571557e-02
  -4.89370368e-01
  -9.29007362e-01
   7.39155088e-01
  -2.04462484e+00
  -9.84668385e-01
  -2.64499456e-01
  -1.27253471e-01
  -2.78879378e-01
   1.30034795e+00
   4.22043698e-01
  -1.51899600e+00
  -4.29533179e-02
  -9.47088938e-01
   4.11647255e-01
   1.19145078e+00
   6.76499173e-02
   2.16384846e+00
  -4.42393350e-01
   5.21953331e-03
   4.49237064e-01
   9.21625264e-01
  -2.29826667e-01
   1.21577973e+00
  -1.63602207e+00
  -2.88712597e-01
  -1.20606054e+00
   1.65636722e+00
   9.44876197e-02
   9.11374339e-01
   1.85907238e+00
   4.13834822e-01
  -7.51228372e-01
  -1.82260513e-01
   2.53078360e-01
   7.90996950e-01
   8.98414045e-01
   5.44482888e-01
   9.86186136e-01
  -9.15683926e-01
  -6.48281037e-01
   3.00270766e-01
   3.49849434e-01
   4.71539532e-01
  -4.30062535e-01
   1.19736989e+00
   2.19609761e-01
  -8.83456403e-01
   5.78635639e-01
   3.63678162e-01
  -2.12885327e-01
  -4.14823311e-01
   6.23950063e-01
  -6.91712252e-01
   1.45412129e-01
  -1.05470817e+00
  -2.70656532e-01
  -7.00054590e-02
  -7.48961179e-01
   1.11613923e+00
   1.44979753e+00
  -4.67554351e-01
   7.21856716e-01
  -2.74667368e-01
  -7.32894889e-01
  -1.54030054e-01
   1.93465410e+00
   1.04958811e+00
  -5.23500501e-01
  -7.15924099e-01
  -5.46633983e-01
  -2.99263479e-02
   1.04383221e+00
   1.41008944e-01
  -1.58535499e+00
   9.70890607e-02
   3.93998492e-01
   2.36327513e+00
  -3.21113428e-01
   2.27185770e+00
   7.27449371e-01
  -2.36287952e+00
  -1.42370715e+00
  -4.80925968e-01
   3.98657390e-02
  -8.02124341e-01
   7.89392189e-01
  -1.65666067e-01
   7.37430551e-01
  -1.06195936e+00
   1.21844990e+00
  -4.35317242e-01
  -6.22569820e-02
  -1.97139542e+00
  -4.86459561e-02
  -9.66576120e-01
   5.56251888e-01
   1.62031329e-01
  -1.36072623e+00
  -7.96714515e-02
  -8.57473593e-01
  -2.78651983e+00
   5.87526675e-01
  -1.73507936e+00
   2.06300919e+00
  -7.39731303e-01
  -1.15990211e-01
   8.84335951e-01
   2.63382170e-01
   1.11464998e+00
  -1.78350846e+00
  -1.39034510e-01
   1.45792403e+00
   8.23025719e-01
   1.91111104e+00
   9.35048459e-01
  -2.99039181e-01
   4.07780991e-02
  -1.96493301e+00
  -1.11854293e+00
   3.03825233e-01
   4.33763575e-01
  -1.37452292e+00
   3.32572510e-01
   1.84113448e-01
   1.38286575e+00
  -2.33016882e+00
  -4.27685132e-01
  -7.60223546e-01
   1.75903727e+00
  -1.12764343e-01
   2.61172097e+00
  -1.57675093e-01
  -1.22058570e+00
   1.01071233e-01
  -3.17013135e-01
  -1.65186844e-02
   1.04072203e+00
   1.53939372e+00
  -4.46618290e-01
   6.14900885e-01
   1.05968989e+00
   2.84198698e-01
   1.15859014e+00
   1.67402107e+00
   2.40966423e-01
  -1.43649118e+00
   5.71653862e-01
  -1.13724026e+00
   1.06330232e+00
  -1.35564448e+00
   3.81244841e-01
  -8.75612413e-02
  -1.47875045e+00
  -1.08015570e+00
   5.59678862e-01
   1.79899890e+00
   2.99795439e-01
   1.45275311e+00
   7.33362861e-01
  -1.60904375e-01
  -8.96547482e-01
  -1.17897905e+00
  -1.15355196e+00
  -4.82382055e-01
   4.90860874e-01
  -1.45916302e+00
   1.09289903e+00
  -1.94155673e-01
  -4.80327907e-01
  -3.77954039e-01
   9.40597906e-01
  -1.08834486e+00
  -2.25916929e-01
   6.35775369e-01
   4.91011185e-01
  -9.70253014e-01
   1.45684042e-02
   1.13201244e-01
   2.25949812e-01
   1.21894778e+00
  -8.55775694e-01
   4.82646280e-01
   3.35943881e-01
   1.39730025e+00
  -1.59946298e+00
  -6.13671184e-01
   1.34803227e-02
  -2.36132089e-02
   1.00368524e+00
   1.08414876e+00
   8.51156713e-01
  -4.95811396e-01
  -1.31163241e-01
  -2.81493902e-01
   3.29596187e-01
  -1.55155081e+00
   3.60196377e-01
   1.38315397e+00
  -3.73777412e-01
   2.35010196e-01
  -1.36206309e+00
   4.87619506e-01
  -1.10746005e+00
   1.18669536e+00
   6.95475924e-01
   8.72737570e-01
   3.06976990e-01
  -2.60350402e+00
  -2.00865639e+00
  -1.16112564e+00
  -7.10348647e-01
  -7.59320419e-01
  -8.96656026e-01
   1.61186624e+00
  -1.26920017e+00
   1.99806636e+00
  -2.24148103e+00
  -1.87163185e-01
   2.37536326e-01
   2.91518092e-01
  -2.30245115e+00
  -6.69756310e-02
   1.16966520e-01
  -2.00001433e-02
   2.96876147e-01
  -1.60897475e+00
  -7.61778732e-01
   2.31950509e-01
   1.98286574e-01
   1.20153600e+00
  -7.51905438e-01
  -9.68809561e-01
   1.47961402e+00
   1.00376814e+00
  -2.09894430e-01
   7.42031497e-01
   2.75415412e-01
  -8.22331856e-01
  -1.29396432e-01
  -2.69859724e-01
   4.96468185e-01
   6.19670299e-01
   1.09723162e-01
  -1.31010411e+00
  -5.12847132e-01
  -2.38308148e-01
  -5.78297617e-01
   9.25691443e-01
  -9.49903065e-01
  -6.16742844e-01
   4.27235086e-01
  -6.19239386e-01
  -1.27624215e+00
  -1.23647252e+00
  -9.69522538e-01
   1.17011377e+00
  -3.57142238e-01
  -1.05897428e+00
   1.33620830e-01
  -1.71372235e-01
  -9.82473540e-01
  -7.45658583e-01
   1.25811093e+00
   1.75766465e+00
  -7.59637803e-01
   5.38369518e-01
   2.32532886e-01
  -2.13538964e-03
   5.59478831e-01
   7.86210024e-01
   2.08900762e+00
   6.71646972e-01
  -1.94567010e+00
  -7.71471658e-01
   1.13936732e-01
  -5.41209375e-01
  -2.74214002e-01
   4.41633977e-02
  -5.06770359e-01
   1.15759010e+00
  -1.96430596e-01
   3.46997125e-01
  -6.82620606e-01
  -5.17559099e-01
  -4.64901507e-01
  -2.02131723e+00
  -1.44726579e-01
   6.52362188e-02
   5.30348050e-01
  -1.07012566e-02
  -4.99278119e-01
  -6.94501521e-02
  -1.46439578e+00
  -6.63372470e-01
  -9.08537900e-01
   1.50955551e+00
  -1.23217263e+00
  -1.96408918e-01
   6.39841340e-01
   1.34117390e+00
  -1.20153068e+00
   6.39517384e-01
   5.18080209e-01
  -2.61574195e-02
  -2.71132811e-01
   1.43562233e-01
   1.07708178e+00
   4.33441625e-01
  -2.72371222e+00
  -1.73482541e-01
  -1.92455424e+00
   2.19663397e-02
   8.70705081e-01
  -7.56673245e-01
  -4.90031326e-01
  -3.23398349e-01
   3.71399452e-01
  -1.79312572e-01
   6.72093143e-01
  -3.44609463e-01
  -3.24083558e-01
  -1.18517340e+00
  -6.57311433e-01
   1.39659616e+00
   1.79439372e+00
  -2.77722666e-01
   4.70523767e-01
   2.18964224e+00
  -3.58377291e-01
  -2.85626918e-01
   4.48260936e-01
  -2.70660911e-01
  -2.98492230e-02
   5.28737717e-01
  -4.75779317e-01
  -1.98435225e-01
  -8.42207915e-01
   1.47360114e-01
  -2.89367382e-01
  -1.59493285e+00
   1.41264910e-01
  -1.01145489e+00
   1.47629376e+00
   1.45228334e-01
   9.02288695e-01
  -5.94409518e-01
  -2.89443957e-01
   1.01399470e+00
   1.55078204e+00
   8.36892402e-01
  -8.98494043e-01
  -7.64122961e-01
  -2.05364140e+00
   1.00103736e+00
  -2.28232735e-01
  -5.53882858e-01
   9.71332753e-01
   3.40800073e-01
   1.22613267e+00
  -7.04130022e-01
   6.34024240e-01
  -1.12798445e+00
   5.88121554e-01
   6.51963036e-01
   8.79470258e-01
  -9.74310993e-02
   1.44790386e-01
   6.92421165e-01
  -7.27778482e-01
   9.96540769e-01
  -7.50672924e-01
  -5.32807917e-01
  -6.41606175e-01
  -1.90807471e+00
   1.40498328e-01
  -4.30959885e-01
  -5.69511219e-01
  -2.25279192e-01
  -8.91475955e-01
   2.88529920e-01
  -1.72296473e-01
   9.94162410e-01
   7.39480348e-02
   6.81438199e-01
  -2.97031761e-01
  -2.05939336e+00
  -3.40190238e-01
   8.31239474e-01
   1.31555380e+00
   8.88989173e-01
   1.01766558e+00
  -2.30812536e-01
   2.61657386e-01
   5.47964715e-01
  -2.26446680e-01
  -8.58805194e-01
   3.73550511e-01
  -1.06861394e+00
   1.04013926e+00
  -2.14666098e-01
   1.45097931e+00
   2.41693133e+00
   1.16204787e+00
  -1.46569787e-01
   1.11769877e+00
  -1.88287420e-01
  -3.61984044e-01
