   1.44231102e-01
   2.81215200e-02
  -9.22781882e-01
  -3.07150983e-01
   6.24277583e-01
   3.58305631e-01
   1.31773200e+00
   3.30126766e-02
   1.81706188e+00
   1.50641009e+00
   9.94178452e-01
   1.12224630e+00
  -3.82381326e-01
   1.69251372e-01
   2.72549214e-01
  -1.33095687e-01
   2.05529047e+00
   1.56797977e+00
   3.03046207e-01
  -1.10652502e-01
  -5.52122264e-01
  -6.07703168e-01
  -2.69660509e-01
  -1.32359930e+00
   6.90412370e-01
  -8.07186836e-01
   6.61577126e-01
  -1.06686784e+00
   6.50383079e-01
  -5.68458810e-01
  -4.63974963e-02
  -1.68131295e+00
   1.37939964e-03
  -1.96608517e+00
  -1.04463247e+00
  -1.01896542e+00
  -1.45712176e-01
  -5.39125077e-01
   3.26795853e-01
  -2.85043531e-01
  -4.86002771e-01
   1.04866912e+00
  -1.14401814e+00
   1.59129980e+00
  -2.29678900e-01
   1.34858157e+00
   6.48896285e-02
  -1.81715888e+00
   7.80511055e-01
   5.22481661e-01
  -1.13551677e+00
  -3.54248449e-01
   1.32755117e+00
  -3.72017609e-01
  -8.38774251e-01
   5.29481063e-01
  -5.76084591e-01
   1.18926309e+00
  -5.62719159e-01
   1.06382247e+00
   1.22604466e-01
  -1.89084081e+00
   1.89499726e-01
   8.08525583e-01
   7.54161095e-01
   1.62085299e-01
  -1.07891933e+00
  -6.70053172e-01
  -1.61183604e-01
  -5.97112989e-01
   5.62745115e-01
  -3.21966479e-01
  -1.65277672e+00
  -2.34188329e+00
   1.39827332e-01
   5.16755732e-01
   1.20511672e+00
  -2.04786949e-01
   1.07783587e+00
   5.55356004e-01
  -1.00765391e+00
   1.98196250e+00
  -1.79633516e+00
   8.01707694e-01
  -1.39677272e-01
  -8.48945587e-01
  -2.57796117e+00
  -8.91944134e-01
   1.12316213e-02
   9.81272196e-01
  -2.31005622e-01
  -1.45703315e-01
   5.60712784e-01
   3.83276144e-01
  -9.97163505e-01
  -8.37367787e-02
  -1.72073697e-01
   4.50993628e-01
  -1.05034151e+00
   7.46046316e-01
  -7.26575508e-01
   5.16891131e-01
   1.03439271e+00
  -2.76496682e-01
  -1.93232726e+00
  -2.51975111e-01
   4.76037649e-01
   4.16171311e-02
  -1.09619271e+00
   1.85947731e+00
   1.75447602e+00
   1.32630770e+00
   1.55439939e+00
  -1.74306846e-01
   9.46667463e-01
  -5.52749568e-01
  -6.83329332e-01
   1.58550421e+00
   1.44105169e+00
  -5.18283275e-01
   1.01915832e-01
  -2.85859989e+00
   1.52794866e+00
   6.22921501e-01
  -4.34684271e-02
   5.41399907e-01
   8.36681479e-01
   5.32390432e-01
  -7.60979675e-01
  -6.52865689e-01
  -9.24218946e-01
   1.60400694e+00
   1.89643858e+00
  -1.37528561e+00
   3.42502267e-01
  -4.74352158e-01
  -1.19806936e+00
   6.92528482e-01
  -2.29203792e-01
  -2.35917407e+00
   1.67563788e+00
   1.52638091e-01
  -1.32272864e+00
  -5.81213143e-01
   8.73181694e-02
   5.51676839e-01
  -6.86708260e-01
   3.41964791e-01
   5.59244410e-01
   2.18863996e-01
   2.65545823e-01
  -1.30627103e+00
   1.28139286e-01
  -8.05649077e-01
  -1.15788896e-01
   1.77535068e+00
   3.00626602e-01
  -6.35773436e-01
   1.77813769e+00
   1.72248488e-01
  -3.35844986e-01
  -9.23274059e-01
   8.09368928e-01
   2.62137488e+00
  -8.36333183e-01
  -2.38299175e-01
  -1.34252998e+00
   1.86370219e-01
   4.00471750e-01
   3.34968903e-01
  -5.54538151e-01
  -4.29427603e-01
   2.03171153e+00
  -8.23853214e-01
   1.32017893e+00
   3.30066743e-01
  -3.58467648e-01
  -4.34889383e-01
   2.65482127e-01
  -7.18309384e-02
   1.04895864e+00
   1.00682133e-01
  -1.31577936e+00
   1.15855381e+00
  -1.52604350e-02
  -1.08270609e-01
  -6.75137801e-01
   8.25048924e-01
   9.34938870e-01
   3.71600899e-01
   2.68965607e-01
  -1.40372721e+00
   3.55944075e-01
   5.71806795e-01
  -3.72595766e-01
  -7.62603918e-01
  -7.21017736e-01
  -8.41955669e-01
   1.69726273e-01
   1.17397332e+00
  -9.15614994e-02
   2.95713365e-01
   4.10047378e-01
  -4.85813372e-01
   4.42935357e-01
   3.56760367e-01
   4.18005984e-01
   1.78891634e-01
   1.03504048e+00
   8.12593384e-01
   2.01817709e+00
  -6.82897168e-01
  -7.12423288e-01
  -8.97896028e-01
  -6.77858297e-01
   6.46977911e-01
   3.97430654e-01
  -7.23780911e-01
   3.04724437e-01
  -2.16071868e+00
  -3.76202403e-03
  -7.87803712e-01
  -1.71527261e-01
   4.37067527e-01
  -9.72481526e-01
  -1.54516529e+00
   2.39727638e+00
  -2.52074329e-01
  -4.65627223e-01
  -7.63578424e-01
   1.51384405e-01
   1.34553101e+00
  -4.66304393e-01
  -1.52700011e-01
   5.10058070e-01
  -1.03290330e-01
   2.84515383e-01
   9.28945790e-01
   8.35411791e-01
  -4.86262087e-01
  -5.52663510e-01
   1.95374046e-01
   6.91265876e-01
   4.60703082e-01
  -9.40608205e-01
   1.73596139e+00
   1.33105975e+00
  -1.98467494e+00
   1.89006683e+00
  -1.25628930e-01
   3.45316263e-01
  -1.20497736e+00
   2.39395249e-01
  -5.18662173e-01
  -1.44749178e+00
   7.54638755e-01
   4.25491597e-01
   8.50697313e-01
   1.10386557e+00
   1.11985399e+00
  -9.25475690e-01
  -1.73144747e-01
   4.57095163e-01
   3.34233123e-01
  -1.46401088e+00
  -1.73040712e+00
   5.47046334e-01
  -7.54971750e-01
   7.08544196e-01
  -1.67540153e+00
  -1.67229035e+00
   9.80765006e-02
   7.32341534e-01
   7.75289394e-01
  -1.53026415e+00
  -2.33992362e-01
   2.15109379e+00
  -2.64561518e+00
   8.19360346e-02
  -1.42330932e-01
   1.29042273e+00
  -2.98900486e-01
  -1.02396353e+00
  -1.15079923e+00
   1.54049915e-01
   8.83179058e-01
  -2.73087157e-01
   2.24586788e+00
  -1.96465886e-01
  -1.13271002e+00
   6.92732637e-02
   7.30146466e-01
   2.34544439e-01
   6.72354857e-02
  -6.95165059e-01
   5.69783158e-01
  -1.35440874e+00
   1.68197008e+00
   1.21086101e-01
   2.64767442e+00
  -1.82982253e-01
   1.09569020e+00
   7.03763064e-01
  -1.47294782e+00
  -1.02396432e-01
   1.62740853e-01
  -5.34451216e-01
   1.63133565e+00
  -6.28393801e-01
   8.48169336e-01
   7.21307354e-01
  -1.12191339e+00
   6.32292895e-02
  -1.90454730e+00
  -6.25193748e-01
  -5.08175802e-01
  -1.09675164e+00
  -5.35890804e-02
   1.01684855e+00
  -5.55403690e-01
  -5.99457750e-01
  -1.81508669e-01
   1.05547605e+00
  -1.23636566e-01
   2.00802823e+00
   4.91503646e-01
   7.61174634e-01
  -1.46941528e-01
   6.19578872e-01
   7.52022342e-01
   1.69241268e+00
  -1.24002810e-01
  -2.83235032e-01
   2.09632907e+00
  -7.57331686e-01
   1.33823559e+00
   3.20161921e+00
   1.12752898e-01
  -2.45820941e-01
  -1.16698871e+00
  -5.00836738e-01
   2.42339719e+00
  -5.12787028e-01
  -7.65922750e-01
  -1.61066728e+00
  -5.95160093e-01
   7.32666643e-02
  -7.93166880e-01
   1.30680037e+00
   1.99778484e-01
  -4.79276147e-01
  -3.88982367e-01
  -1.74245202e+00
  -1.51474688e+00
   2.18828855e-01
   2.11956918e+00
   1.92578838e+00
  -8.83355004e-01
  -1.01073746e+00
  -4.48755030e-02
  -3.33993421e-01
   4.04837387e-01
  -5.97221601e-01
  -1.70213916e+00
   1.20119815e+00
   3.30935627e-01
   1.34508854e+00
  -1.19832156e+00
   1.96698529e+00
   8.94480192e-02
   6.87859607e-01
  -4.05887298e-02
  -6.51898654e-01
  -1.57640435e-01
   5.80430666e-01
   6.59046276e-02
   4.42637617e-01
  -1.42620451e+00
  -5.79767647e-01
   1.87054588e-02
   5.64132696e-01
  -4.28804403e-01
   3.71582709e-01
   2.37512079e+00
   2.47646791e-01
  -7.84723891e-02
   8.71676647e-01
  -1.21695593e+00
   2.48709532e+00
   2.53177906e-01
  -1.19351591e-01
   1.82335095e-01
  -1.89333240e-01
  -1.86104645e+00
  -1.08923095e+00
   3.16847722e-01
   1.05682887e-02
   9.66153605e-01
   7.98924965e-01
  -6.57444916e-02
  -1.99753094e-02
  -3.24958703e-01
  -2.12949564e+00
  -2.32035212e-01
   2.16878640e-01
   1.23849739e+00
   6.74429421e-01
  -2.23534092e-01
  -2.58584149e-01
  -6.10791814e-01
   1.07786623e-02
  -1.34970203e+00
   7.76936481e-01
  -2.95491448e-01
   7.08056662e-01
   1.54184189e+00
   6.67461893e-01
   2.75584057e-01
   9.32249647e-01
   1.03940575e+00
   9.77847381e-01
  -1.20303129e+00
   2.61589447e-01
   2.03627707e-01
  -3.17798059e-01
  -9.03916242e-01
   3.19585677e-02
  -3.82714214e-01
   9.27666065e-02
   4.98093988e-01
   1.48938327e+00
   8.03586891e-01
   5.42262689e-01
   1.70435623e+00
  -4.92476085e-01
   5.63316729e-02
   1.35948390e+00
   1.85217220e+00
   2.55812462e+00
   3.35294258e-01
   1.02899823e-01
  -1.29168352e+00
  -3.37206508e-01
  -7.63748103e-01
  -6.22320399e-01
   7.09730846e-01
  -1.41656046e+00
   1.59495940e+00
   2.92514934e-01
   1.24763991e-01
   8.37558289e-01
  -1.31467298e+00
  -3.75435026e-01
   6.99060012e-01
  -5.53775124e-01
   1.24867327e+00
  -2.57843640e+00
  -1.28741313e-01
   5.07920572e-01
  -3.81489053e-01
   5.73996783e-01
   1.35498811e-01
   5.42242461e-01
   6.28927409e-01
   5.30806476e-02
   1.20095441e+00
  -1.32769248e+00
   1.03750710e+00
   4.25348917e-01
  -8.69590030e-01
   5.19993740e-01
   1.44518301e+00
   1.49473997e-01
   1.74089578e-01
   5.11924968e-01
   1.26464512e+00
   2.02978462e+00
  -1.54796071e+00
   5.38940110e-01
  -2.12264442e-01
  -1.76256083e-01
  -8.71197504e-01
   5.09367513e-01
   2.97160425e-01
  -6.62497213e-01
   2.22060115e-01
   9.52113119e-03
   4.13419369e-01
  -2.78620978e-01
   5.52740571e-01
  -9.65391673e-01
  -4.26832478e-01
  -7.20849603e-01
   3.82901079e-01
   6.22595292e-01
  -1.05920815e+00
   2.28145416e+00
   1.54899027e-02
  -6.16923684e-01
  -5.72339820e-01
   1.62455778e+00
   1.32113324e-02
   9.48658836e-01
   5.99620520e-01
  -2.57172541e-02
  -1.16958810e-01
   7.32843480e-02
  -1.00599625e+00
  -9.23036450e-02
   1.40477879e-02
  -1.31798611e-01
  -1.59489996e+00
  -1.17569064e-01
  -3.59380545e-01
   1.00275862e-01
   1.13053676e+00
   1.95454367e+00
   1.19547450e+00
   1.17891970e+00
   8.96633347e-01
  -8.28502300e-01
   3.60837966e-01
  -1.09863922e+00
  -5.28006333e-01
  -1.11384470e+00
   1.29983625e+00
   8.21081269e-02
  -8.61389997e-01
  -1.53790049e+00
   1.16838075e+00
  -1.06691737e+00
  -7.80392008e-01
  -6.99437670e-01
  -4.36955008e-01
   1.73261968e+00
   1.54500263e+00
   1.00036673e+00
   1.28156130e+00
  -1.08697569e+00
   7.77028743e-01
   1.17202534e+00
  -2.59362576e-02
  -1.06644274e-01
   9.81930749e-01
  -4.89866894e-01
  -5.71849273e-01
   2.99515501e-01
  -8.26853862e-01
  -9.69300462e-01
   1.53337120e+00
   1.38152394e+00
  -4.19928553e-01
  -1.10587857e-01
   1.49164501e-01
  -4.61842205e-01
  -6.71151599e-02
   9.16414932e-01
  -1.57327024e-01
   2.56267320e-01
   1.64261293e-01
  -2.82432654e-01
   2.72635379e+00
  -1.72189224e+00
   2.68008696e+00
   5.37974527e-01
   1.67190778e+00
  -5.20577149e-01
   1.41000978e-01
  -4.47213430e-02
   8.66368011e-01
   5.86476894e-01
  -1.48927132e+00
   1.22491424e+00
  -8.34873415e-01
   9.20670695e-01
   3.58451658e-01
   1.74755386e+00
  -9.72267340e-01
   7.51954076e-02
   3.67895303e-01
  -6.52619099e-02
   7.52859659e-01
  -1.29403933e+00
   1.06442140e-01
  -1.13056515e+00
  -6.34071858e-01
  -3.51894431e-01
  -1.12607202e+00
   1.12335135e+00
  -1.22901582e+00
   8.79980143e-01
   5.18993854e-02
   6.68914360e-01
   5.30837239e-01
  -8.04640744e-01
   3.82722494e-01
  -5.23775585e-01
   1.27342128e-01
  -1.02935410e+00
   6.46589404e-01
   2.87260497e-01
   1.15979328e-02
  -1.30244610e+00
   5.98303421e-01
   1.15607887e+00
  -4.99319038e-01
   6.30603674e-01
  -3.10674454e-01
   8.59017181e-01
  -5.51545677e-01
   1.57559554e+00
   9.50473298e-01
   1.96244915e-01
   6.89286172e-01
  -4.17295858e-01
  -4.48096810e-01
   2.68702476e-01
   1.12304947e+00
   5.10875985e-01
  -4.89969843e-01
  -4.74502967e-01
   1.08989049e+00
   5.81234941e-01
  -1.86939700e-01
  -1.62065150e+00
  -5.56803983e-01
  -3.86824232e-01
  -6.98777588e-01
  -6.93089886e-01
   5.59571147e-01
   9.40805806e-01
   2.48834032e-02
   2.07540372e+00
  -1.39126415e+00
   1.65581881e+00
   1.02691499e+00
  -6.71647143e-02
   2.51482900e-01
  -8.98991830e-01
  -3.51479311e-01
  -6.94616284e-01
  -1.00175016e+00
   2.07329252e-01
   1.80411275e-01
  -3.42606420e-01
  -7.83035999e-01
   5.15447728e-01
  -2.40459300e+00
   8.18704204e-01
  -2.12498872e-01
   1.38141253e+00
  -6.26565140e-01
  -1.12676620e-01
   1.11079729e+00
   2.26576570e+00
  -5.56908540e-01
  -2.63853752e+00
   1.15105034e+00
  -2.24316854e+00
   2.03615540e+00
   1.64884087e+00
   2.35780488e-01
  -4.26180805e-01
  -2.34642734e-01
   5.80395705e-01
  -1.43049943e+00
   9.33359555e-01
  -1.30537053e-01
   1.41137898e+00
   5.21103863e-01
   2.60334109e+00
  -1.17944106e+00
  -9.40800339e-01
  -1.26045188e+00
   1.57097936e+00
  -2.21936353e-01
  -9.46814235e-01
  -3.08357058e-01
  -1.89020457e-01
   2.19350652e-02
  -2.19769154e-01
   2.34875021e-02
   2.26320555e+00
  -1.35523131e+00
   1.21847965e-01
   1.05967215e-01
   3.10899381e-01
  -3.72879046e-01
   1.47823144e+00
  -5.17743566e-01
  -7.22339342e-01
   1.81333869e+00
  -1.10729392e+00
   9.65493246e-01
  -5.70319309e-01
  -5.77312498e-02
   5.15919945e-01
   3.57604634e-01
  -1.05763285e+00
   2.43203112e+00
   2.41781647e-01
  -1.81147501e-01
   6.50359033e-01
  -1.09561959e+00
   3.22390075e-01
   6.95778352e-01
  -6.46108506e-01
  -1.18347723e+00
  -8.40396932e-02
   1.23647853e-01
   1.20235564e+00
   1.90872706e+00
   1.52651078e+00
   2.85109135e-01
  -1.37120713e+00
  -1.96583522e+00
  -5.31327446e-01
   1.16112863e+00
  -1.59480659e-01
  -1.18762071e+00
  -8.32530545e-02
  -9.07708816e-01
   8.34689464e-01
  -2.03831616e+00
  -1.01343336e+00
   9.01058507e-01
  -9.17889198e-01
  -2.20435501e-01
   9.82520724e-01
   1.21990362e+00
  -6.72390521e-01
  -4.72374336e-02
   1.00050085e+00
  -1.24855152e+00
  -1.30849406e+00
  -2.57020746e-01
   1.10692961e+00
   9.27851347e-01
  -7.28400643e-01
  -1.27829159e+00
   7.53378337e-01
   6.00269342e-02
  -1.33090086e+00
  -9.45999505e-01
  -1.11096731e+00
   3.52326077e-01
  -6.33096327e-01
  -2.84116934e-01
   1.15377959e+00
  -1.31340413e+00
  -2.11009221e-01
   6.11405444e-01
  -3.07226343e-01
   8.26486786e-02
   1.17263445e+00
   7.52099024e-01
   4.91504313e-01
  -7.08364601e-01
  -5.07681634e-02
   1.44021302e-01
  -5.62465750e-01
  -1.01464126e+00
  -1.13889127e+00
  -2.02962482e-01
   1.92354846e+00
  -1.71525968e-01
  -2.68956675e-01
   9.65618984e-01
   1.51605625e+00
   9.91584781e-01
  -1.66389445e+00
   5.70361667e-01
   4.53194636e-01
   3.33095706e-01
   5.51347738e-01
  -5.77725501e-01
   2.39691378e+00
  -1.88357731e+00
  -7.58926674e-01
   5.99203861e-01
   1.78869255e+00
  -1.04588438e+00
   9.82605357e-01
  -1.11041053e+00
  -2.35370731e-01
  -4.35797212e-01
   5.93422119e-01
  -1.64633627e+00
   9.46308625e-01
  -4.65384257e-01
  -7.72834152e-01
  -3.13877090e-01
   6.03121629e-01
   1.96877286e-01
  -2.96444742e-01
  -6.09578973e-01
  -3.04390882e-01
   4.46313759e-01
   3.89471525e-01
  -3.39024425e-01
   1.07378933e-02
  -1.50345465e+00
  -7.60686033e-01
   8.21880250e-01
  -1.15154158e+00
   3.78919714e-01
  -2.28711737e+00
   1.38597104e+00
  -6.95212861e-03
  -3.56776799e-01
  -9.50784240e-01
   6.65464717e-01
  -4.42943882e-01
   1.43747386e-02
  -8.00722443e-01
   1.75676332e+00
  -1.51445218e+00
  -3.98846970e-01
   2.12142807e+00
   6.81571615e-02
   2.78403783e-02
   4.33972013e-01
  -6.30143593e-01
  -1.32326033e+00
  -1.51362863e+00
   3.19821732e-01
  -7.21042984e-01
  -7.43524461e-01
   1.64845931e+00
  -1.70384031e-02
   1.62679570e+00
   1.23468244e+00
   2.12417738e-01
   1.12093444e+00
  -1.17025707e+00
  -8.96252567e-01
   1.52831450e+00
   9.29189016e-01
  -4.62988206e-02
   9.97584533e-01
  -6.52201367e-01
  -6.86124679e-01
  -1.14983224e+00
  -1.54424774e+00
  -4.73251589e-01
  -8.50954933e-01
   7.41239944e-01
  -3.10206512e-01
   3.54488447e+00
  -2.27730925e+00
   7.04050378e-01
   6.13366587e-01
  -7.22408626e-01
  -1.98620806e+00
   1.39483393e+00
   1.45648537e+00
  -2.97231833e-01
  -3.07367122e-01
   6.54856895e-03
  -8.73028443e-01
  -5.90814086e-01
  -2.66041022e-01
  -1.50965977e+00
   1.33250671e+00
  -1.44182246e+00
  -5.22216326e-01
   2.63319738e-01
  -2.79653247e+00
  -5.29329588e-01
  -1.13670476e+00
   1.92623196e-01
   1.23212906e+00
  -4.23917205e-01
  -1.18443850e+00
   7.67354283e-02
  -8.19041379e-01
  -9.92177064e-01
  -1.90203634e-01
   7.81432006e-01
   2.43785865e+00
   7.03507468e-01
   1.48415198e-01
   3.98055954e-01
   7.51246347e-01
  -1.32497222e+00
   1.36769999e+00
  -1.96949738e-01
  -3.78085398e-01
   1.17527205e+00
  -2.26186109e+00
   7.59530495e-01
  -1.47901386e+00
  -4.56478577e-01
   7.40457946e-01
  -7.08666277e-01
   4.04835415e-01
  -1.10575122e+00
   4.98939732e-01
  -6.20277755e-01
  -1.86797675e+00
   1.07175665e+00
  -4.10218373e-01
  -6.26301139e-01
  -8.51758713e-01
  -9.52766596e-01
  -3.75854481e-01
   2.36903783e-01
   2.09235824e+00
  -1.54426419e+00
   9.14838905e-01
  -1.63354292e-01
  -1.02371070e+00
  -4.48254258e-02
   1.57212463e+00
  -1.66020871e+00
   1.28147145e+00
  -1.55935967e+00
   1.04918083e+00
   1.67149953e+00
   2.22452356e-01
   8.42282053e-01
  -2.14324240e+00
  -3.86899372e-02
   5.89447664e-01
   2.48170645e+00
  -1.56875158e-01
  -8.89966973e-02
  -7.00206160e-01
  -1.25506463e-01
  -8.38077564e-01
  -1.09264239e-01
  -3.50295684e-01
   2.16106873e+00
  -2.92420698e-01
   3.56334723e-01
  -1.71366291e+00
   1.02858106e+00
   3.10590551e-01
   6.99688734e-01
   1.46920405e+00
   6.46841035e-01
   6.99077800e-01
  -1.29089738e-01
   6.84029741e-02
  -1.08449467e+00
  -3.55730797e-01
   8.03441881e-01
   8.39266896e-01
  -1.15072489e+00
   7.65684669e-02
  -5.02244237e-02
   4.93634843e-01
  -1.55067151e+00
  -1.01923423e+00
   5.86901395e-01
   9.61767103e-01
  -4.97721116e-02
  -7.18997475e-01
  -2.06148038e+00
  -4.22583657e-01
   1.20023916e+00
   1.18075086e+00
   3.27145954e-01
  -2.53384535e-01
  -2.49237778e-01
  -1.53398755e-01
   5.83391087e-02
  -1.59612287e+00
   3.10862769e-01
  -2.95280154e-01
   1.24374207e+00
   5.04356100e-01
  -2.27603030e+00
  -1.34227821e-01
  -7.48980551e-01
   1.78260987e+00
  -2.03847842e+00
   1.20145895e+00
   1.27481082e-01
  -9.47331207e-01
   2.28223631e+00
  -3.33165430e-01
   3.33312349e-01
  -5.82520966e-01
  -5.46901256e-01
  -6.48895744e-02
   8.35540965e-01
   1.09909610e-01
   1.01791146e+00
   5.48652282e-01
   6.24321173e-01
  -4.71887340e-01
   2.16530595e+00
   1.35698816e+00
  -7.62795301e-01
   8.42219319e-02
   3.70470665e-02
   1.52395786e+00
  -2.45569922e-01
  -7.86788629e-01
   1.36858008e+00
   1.44234617e-02
   1.16046532e+00
   1.30852234e+00
   1.45178060e+00
  -7.15342107e-01
  -2.04081356e-01
   1.42684887e-01
  -9.61976293e-02
  -1.65464776e+00
  -3.18032699e-01
   5.44824988e-02
  -4.27464268e-01
  -2.52683928e-01
  -4.04862788e-01
  -9.30996199e-01
   2.65516048e-01
  -3.23455322e-02
   1.06085862e+00
  -1.07317520e+00
   1.41928118e+00
   4.84894903e-01
   6.21774003e-01
   9.08610802e-02
   1.54908355e+00
   3.54020656e-01
  -3.90675481e-01
  -9.03099142e-01
   1.76885332e+00
   1.19192438e+00
  -2.10600936e-01
  -3.35306513e+00
  -1.42098555e-01
  -5.17382422e-01
   4.70031203e-01
   1.14621479e+00
   6.45765072e-01
  -7.96690271e-01
   9.81402202e-02
   1.37844899e+00
   1.32843544e+00
  -6.75248879e-01
   3.29748670e-01
   8.29997949e-01
   1.52328834e+00
  -2.24672569e+00
   7.34425336e-01
  -3.01307434e+00
  -1.13489024e+00
  -9.04769897e-01
   7.38119796e-01
  -2.56819403e-01
   1.43040887e+00
  -6.53670246e-01
   3.79549462e-01
  -8.25260871e-01
  -7.05083590e-01
   5.48059831e-01
  -1.36451039e+00
   6.47827565e-01
  -1.46275539e+00
   8.50526998e-01
   1.29554359e+00
  -2.10022564e-01
   9.28524437e-01
  -1.02703816e-01
  -4.43661350e-01
   1.48495347e-01
   5.24886623e-03
  -2.64786922e-01
   1.28732316e+00
  -2.18910693e-01
  -1.86977750e+00
  -1.11594775e-01
   7.13644434e-01
   3.61692984e-02
  -1.29998452e-02
  -2.13263531e+00
   4.66987043e-01
  -6.25631912e-01
   1.25032453e+00
  -2.71711811e+00
  -1.06780653e-01
  -6.86955791e-02
   2.22240531e+00
  -2.42853745e+00
  -5.07372660e-02
  -1.87703408e+00
   2.08870077e+00
   6.97617194e-01
  -9.58479723e-01
  -3.49700154e-02
   1.87033270e-02
  -9.52469469e-01
  -2.91308336e-01
   2.84831278e-01
   3.91780445e-01
  -1.22857026e-01
   1.19655178e+00
  -2.30925140e+00
  -6.69598858e-01
  -1.69451697e+00
   1.04721669e+00
  -2.40959444e-01
  -6.41738337e-01
  -1.46971527e+00
   3.55228616e-01
   2.73837891e-01
  -1.14291371e+00
  -4.76048500e-01
  -3.39707523e-01
  -1.90750982e-01
   9.03400549e-02
   1.61000463e-01
   1.13967951e+00
  -6.67694924e-01
   4.18695728e-01
   1.96244906e-01
  -1.13442503e+00
  -1.91703548e+00
   1.01310572e+00
   4.76004731e-01
  -2.70191139e-01
  -6.48980156e-01
  -1.23909884e+00
   1.37741949e+00
  -3.06705167e-01
   2.82098857e-01
  -8.93778351e-01
   4.15087259e-01
  -6.09508025e-02
   3.31410638e-01
  -8.29307670e-01
  -3.07045012e-01
   9.87008038e-01
   7.89562459e-01
  -1.43160449e+00
  -6.81762702e-02
   1.05212882e+00
   1.21960015e+00
   1.31960843e+00
  -1.27503636e+00
  -2.63644152e-01
  -8.81255998e-02
   1.85367916e-01
  -3.02427385e-02
  -6.43732206e-01
   5.25334438e-01
   1.48091844e+00
   4.07141426e-01
   8.54482566e-02
  -1.44300760e+00
   1.86386005e-01
  -8.42674978e-01
   1.27733248e+00
   4.09794239e-01
   7.21682503e-01
   5.48213758e-01
  -2.29565199e-02
  -2.99790873e-01
  -1.70397183e+00
   8.43284328e-01
  -2.64424737e-02
   4.13230800e-01
   2.75144210e-01
   6.43688659e-01
  -1.83700460e+00
   7.14000359e-01
   8.82498746e-01
  -1.96900175e+00
   5.14276979e-01
   6.78909104e-01
   2.34389882e+00
   1.20598344e-01
  -1.51941661e+00
   3.96579077e-01
  -1.17040833e-01
  -5.59821845e-01
  -1.23617864e+00
   1.07674555e-01
   1.75388554e+00
   1.34982362e+00
   9.56174728e-01
  -2.78755334e-01
  -3.11306239e+00
   3.73075232e-01
  -8.52262541e-01
   1.12970585e+00
  -9.62862773e-01
   2.81136133e-01
  -1.64795945e+00
  -6.74835831e-01
   2.98092467e-01
   4.37691344e-01
   3.64035686e-01
  -2.55909460e+00
   1.14654009e+00
   2.73083626e-01
  -3.20431024e-01
   1.21497859e+00
  -1.72980590e-02
  -1.13954774e+00
   3.76851298e-01
   1.23975960e+00
  -2.64874700e-01
   2.38745915e+00
   1.56721316e+00
  -6.12908878e-01
   1.02208783e+00
  -8.71083929e-01
  -2.15422544e-01
   7.88017414e-02
   1.00818985e+00
  -1.92966431e+00
  -1.76762619e+00
   9.63370640e-04
  -3.09270159e-01
  -3.35992444e-01
   1.58412825e+00
  -7.07750458e-01
   1.11356684e-01
  -2.77315766e-01
  -8.04747271e-02
  -4.78612100e-01
  -2.64823159e+00
  -8.66135886e-01
  -6.68751514e-01
  -9.88876473e-04
  -6.55852862e-01
  -1.32384483e-01
   1.13247409e+00
   1.35861999e+00
  -6.95930935e-01
   1.66446577e-01
  -9.93838748e-01
   5.42083372e-01
   2.66294883e-01
   2.71352578e-01
   1.18697110e-01
   5.23580036e-01
   7.10573923e-01
   4.39443233e-01
  -1.16995322e+00
  -9.36780580e-01
   6.52854357e-01
   4.84252407e-01
   3.70974551e-01
  -4.52837008e-01
   1.02853543e-01
   1.25976057e+00
   2.28437841e-01
  -2.44016565e-01
  -1.20342067e+00
  -2.98038476e-01
  -3.67613335e-01
   2.56561918e+00
  -6.63261215e-01
   1.74129419e+00
   7.54992069e-01
   2.85748494e-01
   4.68749580e-01
   7.48912519e-01
   1.57716562e-01
   8.90930755e-01
   1.28904469e+00
  -9.95995749e-01
  -6.97565953e-02
  -3.88306453e-02
   8.37205800e-01
  -1.15753479e+00
   1.75729622e+00
  -5.72006953e-01
   1.02072462e+00
   1.14206443e-01
   4.86457242e-01
  -2.13600406e-01
  -1.32136453e+00
  -7.66893494e-01
  -6.14913247e-02
   7.33370158e-01
  -8.46075017e-01
  -1.59902812e+00
   1.20196663e-01
  -1.21592360e-01
  -1.50708717e+00
   7.85478895e-01
   3.18902470e-01
  -3.03512589e-01
   1.03953034e+00
   7.43536596e-01
   3.92439343e-01
   1.32813315e-01
  -5.15847649e-01
  -3.35039465e-01
  -1.58394109e+00
   3.79046944e-01
  -8.80342452e-01
   1.24637797e+00
   1.57934846e+00
   1.62673614e+00
   9.98057650e-01
   1.08505739e+00
  -1.15301845e-01
  -9.73187359e-02
  -1.20690552e+00
   4.90661263e-01
   1.22855496e+00
   1.12601105e+00
   3.19318088e+00
   5.70978667e-01
   7.20469852e-01
   1.19255912e+00
  -4.47721071e-01
  -1.81277151e+00
  -2.24727588e-01
  -7.34719850e-01
   3.68754590e-01
  -6.99553229e-01
  -4.53623034e-02
   7.33053872e-01
   1.51880868e+00
  -9.42896400e-01
  -8.18928323e-02
  -2.38356484e+00
   1.52550400e-01
  -1.41329942e-01
   7.41808112e-01
  -6.19974186e-01
   1.03536834e+00
  -1.18336856e+00
   5.98606900e-01
   2.01038266e+00
   4.11765952e-01
   2.01145269e+00
   5.02741922e-01
   1.35798857e+00
   7.17476999e-01
   5.69001849e-01
  -1.37629901e+00
   9.87238870e-01
   2.84730318e-01
   2.34004239e+00
   1.55776230e+00
   4.30278078e-01
  -1.49743064e+00
  -7.73178726e-01
  -1.17623577e-01
   1.58180026e+00
   4.50009195e-01
  -1.58161627e-01
  -1.52475746e+00
   2.38095373e+00
   7.88561116e-01
   3.97431207e-01
  -6.61951923e-01
  -1.03938401e+00
  -6.55771091e-01
  -7.96832954e-01
   1.23237972e-01
  -1.07752396e+00
   8.15468164e-01
  -1.67056560e+00
   6.19264249e-01
   1.57063875e+00
  -1.19425379e-01
   7.37497374e-01
   1.55378083e-02
   7.19972588e-01
  -4.15479642e-01
  -4.65412865e-01
   1.29056778e+00
   3.08191756e-01
  -6.35168655e-01
  -3.77263969e-01
   1.09047359e+00
  -1.26677485e+00
   8.15209325e-01
  -2.16482410e+00
   1.18062919e+00
   4.77082827e-01
  -1.01934891e+00
   1.52008515e-01
   1.59832863e+00
   9.92591880e-01
  -1.42851935e+00
   7.44291146e-01
  -1.46790590e+00
  -7.55219680e-01
  -6.06907449e-01
  -3.79445813e+00
   1.43777888e+00
  -5.69850943e-01
   1.96498177e+00
  -6.57819631e-01
   1.62558497e-01
  -1.03575300e+00
  -1.28792565e+00
   2.92529812e-01
  -4.21707137e-02
  -6.59414350e-01
  -7.60289588e-01
  -5.72858611e-01
   8.74861906e-01
  -1.29026530e+00
  -7.58020497e-01
   1.02616300e-01
   7.82059326e-01
  -9.88190892e-01
  -1.40889553e+00
   5.37299070e-02
   6.67198395e-01
  -1.19123563e+00
   4.32918171e-01
  -4.37877561e-01
   1.61223388e+00
  -6.93496813e-01
  -5.41148413e-01
   3.02837172e-01
   1.44395892e+00
   9.16386628e-01
  -1.00506139e+00
   4.64807869e-01
   1.45824206e+00
  -8.16012161e-01
   2.17537000e-01
  -4.36797603e-02
   1.98676197e+00
  -3.93573694e-02
   2.05562395e-01
   2.18374936e-01
   4.74028259e-01
   5.47983628e-01
   8.20283093e-01
   7.15899833e-01
  -7.60156525e-01
  -1.09498724e+00
  -2.04386600e-01
   2.50532437e-01
  -2.37306309e-01
  -1.57126920e+00
   3.69344796e-01
   1.95597577e-01
  -2.66355144e-01
  -4.29835932e-01
  -1.96224875e+00
   9.33323988e-01
  -1.22921318e+00
  -2.50910911e-01
  -6.57236619e-01
  -2.09321445e+00
   5.08127000e-01
  -5.37663620e-01
  -1.47959068e+00
  -3.70524750e-01
  -4.19930378e-01
  -8.56943125e-01
  -2.02973788e-01
  -1.48859961e+00
  -1.29439253e+00
   1.66925476e+00
  -3.01925962e-01
   4.78158215e-01
  -1.78539257e-01
  -2.35438422e-01
   1.40268826e+00
  -9.66478720e-01
  -9.67305068e-01
   6.66058160e-01
  -9.22347617e-01
   9.96378563e-01
  -3.99319969e-01
   2.67709722e-01
  -1.16185908e+00
  -6.07867517e-01
  -7.75633846e-01
  -1.94206358e+00
  -7.19292041e-02
  -2.88702027e-01
  -9.03603620e-01
  -1.82863109e-01
   1.03823843e+00
   1.40969397e+00
   3.70438365e-01
  -1.22981607e-01
  -3.91089932e-01
   1.24951942e+00
  -8.71254714e-01
  -6.33753182e-01
   1.46019313e+00
   1.32143175e+00
  -1.32822203e+00
   8.57337913e-01
  -1.14608588e+00
   8.11982801e-01
   1.44820221e+00
  -9.16812600e-01
  -6.35154762e-01
  -8.08318671e-01
  -1.89504988e+00
   6.93765309e-01
  -9.80599708e-01
   6.47690450e-02
  -2.11196818e-02
   2.78808233e-01
  -1.38318557e-01
  -6.39281700e-01
  -8.74063269e-01
  -4.55939220e-01
  -1.37720408e+00
  -3.91608050e-01
   7.51976261e-01
  -3.73132485e-02
  -3.54007465e-01
   5.86517040e-01
  -1.01864371e+00
   1.97026686e+00
   3.80517802e-01
   4.28655983e-01
   1.53382951e+00
   1.09551154e+00
  -8.93397063e-01
   1.72963841e+00
  -6.51324239e-01
   3.88950133e-01
   5.80436623e-03
  -6.17318191e-01
   2.70920792e-01
  -9.78308578e-01
   1.27007948e+00
  -2.86778771e+00
   1.04195217e+00
   3.46396625e-01
   1.22839711e-01
  -4.04056544e-01
  -7.99807096e-01
  -3.45085891e+00
  -1.33702210e+00
  -2.99892919e-01
   7.58806027e-01
   3.45252067e-01
   2.43504893e+00
  -2.33081078e-01
  -8.80300508e-01
   1.32725129e+00
   9.12798845e-01
   3.92783607e-01
  -6.23695120e-01
  -1.50345905e+00
   3.64994344e-01
  -1.62456115e+00
  -9.62170185e-02
  -6.63395605e-02
   1.08467354e-01
  -1.32191186e+00
   9.95044523e-01
   8.37232632e-01
   2.15079527e+00
   1.22887420e+00
  -6.20355374e-01
  -1.30595782e+00
  -3.33329487e-01
  -1.14428655e+00
  -9.36677567e-01
  -1.56763300e+00
  -8.56705992e-01
  -1.04276852e+00
  -2.11318934e+00
   5.69642153e-01
   2.11882421e-02
  -2.83009719e-01
  -7.99292273e-02
  -3.17081366e-02
   1.36495586e+00
  -1.16158763e+00
   1.51352369e+00
   1.91811662e+00
   5.62660120e-02
  -1.35931849e-01
   1.55959920e+00
   2.03909367e+00
   1.48548317e+00
   2.11368845e+00
   3.94704848e-01
   4.64256766e-01
  -6.44363406e-01
  -6.13181747e-01
   1.27925811e+00
  -9.88705856e-02
   8.20856817e-01
   8.13280733e-01
  -2.14854221e+00
   1.43592156e+00
   2.13079475e-01
   1.01677539e+00
   1.79256044e+00
  -1.25360653e+00
   7.29760825e-01
  -1.94513153e+00
   1.40796487e+00
   4.86270524e-01
   1.88228856e-01
   1.93810666e+00
  -2.68880208e-01
  -4.36254252e-01
  -2.11858103e+00
   2.07599018e+00
   1.44433619e+00
   9.27907041e-01
   1.37365950e+00
   1.18999657e+00
  -8.41051375e-01
  -1.10545039e+00
   3.96208553e-01
  -9.73367572e-01
   2.10858222e+00
  -1.20896440e+00
   2.20497694e-01
   1.13148765e-01
   1.03293987e+00
  -1.44340754e+00
  -1.55578066e+00
  -7.19169420e-02
   6.46140440e-01
  -1.65404331e+00
   1.33739284e+00
   3.18122796e-02
   8.15491533e-01
   8.86647457e-01
  -1.94530761e-01
  -1.82448427e-01
  -1.23991017e+00
   2.11631756e-01
   6.58913417e-01
  -1.25356697e+00
  -1.20636469e+00
   8.07241089e-01
  -6.00232348e-01
  -1.19122095e-01
   2.45471742e-01
   9.26972865e-01
   7.77888478e-01
  -5.31069335e-01
  -3.13410014e-01
  -2.15537314e+00
  -4.65010846e-01
  -8.90526182e-01
  -3.46324519e-01
   1.20325815e+00
  -1.02770909e+00
  -1.55013999e+00
   6.68692825e-01
  -8.28659392e-01
  -5.59438857e-01
  -6.09357067e-01
   5.85180211e-01
   1.55190888e+00
  -1.03289279e-01
   2.82047181e-01
  -1.54726764e+00
  -1.02064293e+00
   8.74333229e-01
  -6.05134994e-01
  -7.05525201e-01
   2.33300145e-01
   1.64029886e+00
  -1.69186905e+00
   1.82541278e-01
  -7.86863490e-01
  -1.88696287e+00
  -2.36209173e-02
   6.44579763e-01
   1.42697529e+00
   8.53530360e-01
   8.20298756e-01
  -5.69516054e-01
  -1.51395704e+00
   5.75443494e-01
   3.16097034e-01
   4.53724470e-01
  -2.98307734e-01
   3.67237994e-01
  -2.15583252e-03
  -1.83138784e-03
  -1.58722115e-01
   7.04430327e-01
   3.85315588e-02
   7.37122008e-01
   7.83993573e-01
  -1.11812716e+00
  -1.93955252e+00
   1.80276203e+00
   1.90188824e+00
   7.95188982e-01
  -8.59736768e-01
   3.58573048e-01
   4.48516511e-01
   3.23135217e-01
  -5.92282105e-01
   5.23610188e-01
   6.06032241e-01
  -8.80367083e-01
   7.79233553e-01
  -4.21389809e-01
  -2.64592449e-01
  -5.96324103e-02
  -1.04852799e+00
  -3.42269597e-01
   1.39218535e+00
  -8.34866365e-01
  -1.23242771e+00
  -2.50574524e-04
   2.24875846e-01
   1.27580606e+00
   4.64204023e-01
  -2.90583137e-01
  -1.08090891e+00
   1.39580986e+00
  -1.61914476e+00
  -1.04645909e-01
   5.79637068e-01
  -9.40015286e-01
  -5.65932947e-01
  -3.87752996e-01
  -1.12853677e+00
  -9.02691411e-01
   1.30350966e-02
   9.33581783e-01
   4.86615492e-01
   1.14663674e+00
   5.21132566e-01
   5.91716538e-01
  -2.24344815e+00
  -4.56002924e-01
   1.08597051e+00
   4.02192293e-01
  -5.33899791e-01
  -3.94533101e-01
   5.33285705e-01
   1.02139568e+00
   5.66457883e-01
  -6.14804050e-01
  -1.62136355e+00
   6.60820735e-03
   3.08021108e-01
   1.11459764e+00
   7.76749993e-01
  -5.04457139e-01
   7.07444210e-03
  -5.14145374e-01
  -4.00308301e-01
   1.81828338e-02
   1.35759609e+00
   2.79281482e-01
  -1.73085838e+00
   1.26192147e+00
  -5.15761853e-01
   4.39408956e-01
  -1.14558318e-01
  -2.32919613e+00
  -6.41017600e-02
  -5.23617157e-01
   1.23643447e+00
   1.74808054e+00
  -8.92733197e-01
  -2.09503354e-01
  -1.49036386e+00
  -2.50914236e+00
  -6.34273506e-01
  -2.26480153e+00
   9.25999933e-01
  -1.65817809e+00
  -1.45249904e+00
   1.48259937e+00
  -6.13095174e-01
  -1.37963652e+00
  -8.39855952e-02
   4.36518449e-01
  -1.72950106e+00
   1.49320173e-01
   1.11409217e+00
   6.76008453e-01
   8.32727248e-01
   1.11876406e+00
  -1.86907357e-03
   8.12567777e-01
   1.10491079e+00
  -4.01088800e-01
  -1.08759710e+00
  -1.38166779e+00
   1.19947023e+00
  -7.09006268e-01
  -4.37571115e-01
   9.57013095e-01
  -1.79303973e+00
  -7.56600720e-01
  -1.12165773e+00
  -1.39982476e+00
  -2.83553959e+00
   6.42248328e-01
   1.22020325e+00
   1.07187336e+00
  -1.81418943e-01
  -6.93525095e-01
   5.81516073e-01
  -2.65688125e-02
  -1.23933517e-01
   5.14622526e-01
  -6.46107031e-01
  -1.51765536e+00
   1.49025221e+00
  -8.30862412e-01
  -3.37593521e-01
  -1.68598034e+00
   1.49632969e+00
   5.62255957e-01
  -8.89749718e-01
  -1.43964860e+00
   1.37152099e+00
  -1.31821016e+00
  -4.20434123e-02
   2.67158546e+00
   4.74227114e-01
  -1.47022942e-01
   1.94001274e-01
  -5.61622331e-01
  -1.89374502e-01
   1.58680681e-03
  -1.13230351e+00
  -5.10686570e-01
   4.96123867e-01
  -1.64704383e+00
  -5.77663133e-01
   5.49903592e-01
   5.55064344e-01
  -9.34035973e-01
   1.74458447e+00
  -2.96859397e-01
  -5.31970739e-01
  -5.06039008e-01
  -1.55340937e+00
  -1.19859218e+00
   6.75331861e-03
  -2.02544354e-01
  -8.53129913e-03
  -7.15534887e-01
   1.84624051e+00
  -1.95593476e-01
   9.87209116e-01
  -3.88623059e-01
  -1.21047706e+00
   3.69193463e-01
   2.75859268e-01
  -5.40828429e-01
  -5.72026878e-01
   1.08992373e+00
  -8.57825657e-01
   2.02155538e-01
  -7.46138761e-01
  -1.52088765e+00
   8.38288759e-01
  -1.97157392e-01
  -1.16829298e+00
   3.23021217e-01
  -3.75971881e-01
   2.57984031e+00
   7.85331807e-01
   6.83911453e-01
   7.19361098e-01
   2.12109148e+00
  -6.13152154e-01
   9.68701417e-01
  -1.19890515e-01
   1.22112890e+00
  -6.55554984e-01
  -1.82454487e+00
   5.15359331e-01
   1.23633239e+00
   1.21480468e+00
   1.25306282e+00
  -5.30880300e-02
  -5.28585472e-01
  -8.72310093e-01
  -1.18206406e+00
   8.26762360e-01
  -3.14204260e-01
  -6.11457679e-01
   8.13950374e-03
  -1.88600212e-01
   1.34884379e+00
  -7.09828013e-01
   9.03303093e-02
  -1.17667665e+00
  -4.70232625e-01
  -4.23233669e-01
  -2.38737720e-01
   5.54008378e-01
  -5.25867618e-01
   1.26447269e+00
   1.06969324e-01
  -5.91277021e-01
  -2.07009441e-02
  -4.21079302e-01
  -1.66794779e+00
  -3.27962208e+00
   1.58144122e+00
   4.44888290e-01
   4.77950442e-01
   2.01252427e-01
   1.41002659e+00
  -4.34739694e-02
  -6.65821355e-01
   1.40433882e+00
  -2.53204006e+00
  -6.45603372e-01
  -1.94377860e+00
  -1.14427582e+00
   1.09800851e+00
   8.48891416e-01
   1.37408346e+00
   6.32075910e-01
   4.98704416e-01
  -5.11096773e-01
   1.91778335e-01
  -1.17961402e+00
  -1.21475240e+00
   9.46911121e-01
   4.23006283e-01
  -1.05957229e+00
  -3.41371097e-01
  -1.15999436e+00
  -6.99895596e-01
  -4.57861228e-02
   4.68629191e-01
   1.78369928e+00
   6.46692141e-01
  -9.63468766e-01
  -1.66167822e+00
  -8.37046756e-01
   6.42689451e-01
   1.66575329e-01
  -1.40454613e-01
   3.34947774e-01
  -9.20775571e-01
  -1.19503344e+00
  -1.74704533e-01
   4.02212226e-01
  -1.06123292e+00
   5.94339033e-01
  -1.92437592e-01
   1.50165721e+00
   1.31323659e+00
   7.42961861e-01
   1.11102401e+00
  -6.76282274e-02
  -3.44870561e-01
   2.69067990e-01
   3.30718833e-01
  -1.04833051e-01
  -1.47930276e+00
  -2.54888519e+00
   6.83965937e-01
  -7.76786480e-01
  -1.05209211e+00
   9.70927680e-01
   1.07105032e+00
   5.11470445e-01
   1.04408910e+00
   2.40184768e-01
   4.36797894e-01
  -1.28971082e+00
  -8.94562454e-03
  -6.06544906e-01
   1.02980416e+00
  -3.42041586e-01
   7.87566205e-01
   7.32191798e-01
   9.00893706e-01
   7.61844727e-01
  -5.78883364e-01
  -8.93965340e-01
  -2.47937871e-01
   1.39667925e-01
   4.87460363e-01
  -3.00755582e-02
   7.43187398e-01
  -1.30794860e+00
   7.50628641e-01
  -7.28132651e-01
  -2.51039205e+00
  -5.60065797e-01
   2.68498123e+00
   1.34820415e+00
   6.21944301e-02
   2.02690831e-01
   6.12451169e-01
  -8.48554101e-01
   1.09904929e-01
  -1.86371912e-02
  -1.16201666e-01
  -3.49507978e-01
   5.88372640e-01
   8.78394195e-01
   2.75620533e-01
   1.61377870e+00
  -8.04554127e-01
   9.29884880e-01
  -7.34235583e-01
   2.75018019e-01
   4.18687107e-03
  -1.14458557e-01
   1.19929630e-01
   1.97496715e+00
  -9.60308670e-01
   1.13937031e+00
  -4.47729629e-01
   7.52480879e-01
   1.27610916e-01
  -7.09161556e-01
  -2.07468419e-01
  -1.13778230e+00
   9.23809101e-02
   6.01816912e-02
  -7.73926932e-01
   6.74945865e-02
   7.54526140e-01
  -4.52454178e-02
  -2.76245648e-01
   1.13771038e+00
  -1.18732993e+00
  -6.12449201e-01
   3.76698753e-01
   8.80510081e-01
  -4.34197436e-02
  -4.40853551e-01
   9.65508635e-01
  -3.24431944e-02
  -2.34186838e-01
  -2.33885824e-01
  -1.21897309e-01
  -5.14022409e-02
  -9.74374885e-02
  -5.80874259e-01
  -3.61534299e-01
   3.29109446e-01
   1.18721448e+00
   1.62978338e+00
   1.44424081e+00
  -2.54949653e-01
  -3.69693685e-01
  -6.06496493e-01
   1.63645577e-01
  -1.68456265e+00
  -1.20174405e+00
  -1.26778043e-01
  -5.41060874e-02
  -5.06304418e-01
  -6.70890259e-01
  -3.09358674e-01
  -1.04008700e-01
  -8.34180518e-01
   2.11187213e-01
   4.45685899e-01
   7.10537585e-01
  -2.36703392e+00
   2.50871494e-01
   1.39287227e-01
   5.11107735e-02
   1.56342023e+00
  -2.58148326e+00
  -3.49043643e-02
  -1.58927103e+00
   1.19596611e+00
  -1.40300672e+00
   2.43061551e-01
  -2.24778380e-01
  -3.93602153e-01
  -1.60350586e-01
   1.40327341e+00
  -2.89950356e+00
  -5.52509620e-01
   5.69066860e-01
   7.65519388e-01
  -3.69332365e-01
  -1.05378542e+00
   2.06380515e-01
   2.81740640e+00
  -6.22114300e-01
   1.59741876e-01
   2.57760200e-02
   3.90859037e-01
  -1.70426010e+00
   1.95218303e-01
  -1.03058239e-02
  -2.50340205e+00
   1.63764683e+00
  -1.58111687e+00
  -1.11827958e-01
   6.22469184e-01
  -3.28431693e-01
   1.06800877e-01
  -1.90782400e+00
  -8.08063737e-01
  -7.94821828e-01
  -7.00436151e-01
   9.81595694e-01
   2.19686873e-02
   7.35794102e-01
   1.19555566e+00
   3.04058872e-01
  -1.73653369e+00
  -1.87248929e-01
  -7.75688964e-01
  -7.12672307e-01
   2.08968935e-01
   1.93790610e-01
  -3.60632932e-01
  -9.19253978e-03
   9.76402106e-01
   4.30139842e-01
   9.51604431e-01
  -2.98896838e-01
   2.79303603e-01
  -4.54622227e-01
  -6.13372630e-01
   6.27599928e-01
   9.39513708e-01
  -2.21990020e+00
  -1.24650925e-01
   7.20911586e-01
   2.71324815e-02
   9.87684562e-02
   9.23056980e-01
   9.03284407e-01
  -6.07499774e-01
  -6.05609966e-01
   5.87241437e-01
  -1.36648228e+00
  -1.20064386e+00
  -1.78872758e-01
  -6.04089905e-01
  -1.21110111e+00
  -5.80537913e-01
  -1.55019528e+00
   2.43974294e-01
   2.69697292e+00
  -9.58804367e-01
   9.85610898e-01
  -3.46124241e-01
   4.71066773e-01
   9.17724973e-01
   2.19284549e+00
   1.10381330e+00
   2.66862816e-02
  -1.38394774e+00
   9.24889025e-01
  -2.09398982e+00
  -9.66586323e-01
   7.12590227e-01
   7.32607126e-02
   5.21561791e-01
  -5.92040731e-01
  -2.00299088e+00
   6.06877097e-01
  -7.85989779e-01
   9.03954779e-01
  -1.44286168e+00
   1.10345498e+00
  -2.20870257e-01
   6.87618601e-01
   2.62155478e+00
  -6.28273703e-01
  -2.30498143e-01
   2.07098316e+00
  -4.94890952e-01
   2.45834118e-01
   1.20412221e+00
  -9.56277568e-01
   1.70377898e+00
   1.96509563e-01
  -1.15789933e-01
   2.72688746e-03
   1.56691290e+00
  -5.00411231e-01
   5.74270155e-01
   5.90668316e-01
  -3.74057282e-01
   6.09500982e-01
  -7.71141381e-01
  -6.81857757e-01
   8.95647966e-02
  -6.22745974e-01
  -9.27022484e-01
   1.16155419e-02
  -1.38431202e-01
   1.19440781e-01
   8.35678132e-01
   4.37743061e-01
   8.20117930e-01
  -8.36312005e-02
  -1.05868250e+00
  -1.93829947e-01
  -1.06421791e-01
  -1.29792988e+00
  -9.74946272e-01
   1.72592619e+00
  -9.45582847e-01
  -5.74056108e-01
   3.62868351e-01
  -7.60865491e-01
  -2.18214113e+00
  -1.59296037e+00
  -7.74625586e-01
   3.92931429e-01
   8.96185175e-02
   1.13683968e+00
  -1.23535217e+00
  -7.95397581e-01
  -2.08416115e-01
  -6.67549769e-01
   4.65665104e-01
   2.47750607e-01
  -5.27995085e-02
  -5.69515789e-01
  -8.87245423e-01
   1.86083431e+00
   3.69014546e-01
  -1.33577140e+00
  -1.12802352e+00
   3.37665003e-01
  -7.33029096e-02
   1.48981874e+00
   1.04974104e+00
   1.07925614e-01
   1.91029995e-01
   4.89983640e-01
  -4.63122953e-01
  -1.13091583e+00
   6.86816837e-01
   1.43204715e+00
   1.06663865e+00
  -1.62666190e+00
  -5.64085778e-01
  -8.72981762e-01
  -3.88839566e-01
  -1.19884253e-03
  -9.56090990e-01
  -6.77881697e-01
  -1.13903845e+00
  -2.36676079e-01
  -7.33550574e-01
  -7.86627456e-02
  -1.45713123e+00
   1.11372244e-01
  -4.47740827e-01
  -1.79780926e+00
  -3.15342700e-01
   1.08955510e+00
  -1.12555424e+00
   6.02114141e-01
   1.44906149e-01
  -1.10542201e+00
  -6.55211041e-01
  -3.92036434e-01
   2.59544614e-01
   1.22577416e+00
   9.11388573e-01
   5.17528692e-01
   1.54152090e-01
  -1.63590742e+00
   1.65705784e+00
  -3.42592861e-01
   5.04503464e-02
   3.80047998e-01
   1.20814017e+00
   6.53935346e-01
   1.98867730e+00
  -3.63177069e-01
  -2.90476215e-01
   4.29176151e-01
   6.30134784e-01
   7.20857081e-02
   3.65672343e-01
  -1.24844733e+00
  -3.88969247e-01
   2.38797903e+00
  -5.77526383e-02
   4.82243635e-01
  -1.42173089e+00
   7.36406435e-02
  -1.48530610e+00
  -2.08846868e-01
   3.11836274e-03
   2.66705366e-01
   1.72661997e+00
   1.47403430e+00
  -4.89008134e-02
   3.33308076e-01
  -6.33965491e-01
   1.70311743e+00
   5.63609757e-01
  -2.41308745e-01
  -7.60700755e-01
   1.56930412e+00
   1.62220243e+00
  -1.86281253e+00
  -1.19647946e+00
   1.05081126e-01
   6.43347866e-01
  -4.02036176e-01
   6.62516376e-02
  -9.78420163e-01
   3.51270720e-01
   1.60458792e+00
  -8.17622986e-01
   2.96594092e-02
   1.32811817e+00
   9.39724522e-01
   3.44783423e-01
  -4.81595871e-01
   1.08146608e+00
   2.54235774e-01
  -5.01181191e-01
  -1.02510654e+00
   1.23146801e+00
   1.47599450e+00
   5.48708574e-01
  -8.74954619e-01
  -1.59203110e+00
  -1.00971985e-01
  -1.58682722e+00
  -1.23936412e+00
  -9.51590427e-01
   1.39282068e-01
   5.16150225e-01
   2.15245206e-01
  -5.35344213e-01
  -3.20321532e-01
  -1.35094767e+00
  -4.24487612e-01
  -5.41603586e-02
   6.60454045e-01
   9.46135450e-01
  -1.44061592e+00
  -1.58439275e+00
   1.94827300e+00
   1.46201471e+00
   6.39555328e-01
  -6.87655703e-01
   3.60777022e-01
   1.30336085e+00
  -1.14267552e+00
   1.34855946e+00
  -1.51995190e+00
   2.46140786e+00
  -1.03203470e+00
  -2.54831946e-01
   4.40349390e-01
  -8.54891555e-01
  -5.58404756e-01
  -7.67685267e-01
   2.18465952e-01
   7.36060170e-01
  -1.39860279e+00
  -1.35596835e-01
  -1.67759179e-01
   1.10553112e-01
  -5.00250631e-01
   7.68977018e-01
   7.63546834e-01
  -1.01985634e+00
  -5.04051962e-02
   5.16253571e-01
   2.12232873e-01
  -3.85279942e-01
  -1.49994915e+00
  -8.02290048e-01
  -6.43727710e-02
  -2.96857038e-01
  -2.86402999e-01
  -6.61255805e-01
   1.03777258e+00
  -2.75205076e-01
  -7.80153105e-01
   1.50988040e+00
  -5.02678348e-01
  -1.11556041e+00
   4.61351284e-01
   8.27130162e-01
  -3.73548922e-01
   9.94766558e-01
  -1.56229373e+00
   3.49737690e-01
   4.15029575e-01
  -7.23653634e-01
   5.80461443e-01
   6.57633141e-01
  -1.88148348e+00
   5.36087050e-01
  -2.42611005e+00
   4.16006324e-01
   3.67834321e-01
   5.53805390e-01
  -3.30191181e-01
  -8.40522194e-01
  -8.13979270e-01
   4.54683732e-01
  -1.75773219e+00
   5.33360050e-02
   1.08226532e+00
   6.33975789e-02
  -1.23643021e+00
  -1.96864774e+00
  -1.57866440e+00
  -4.17440863e-01
   5.35626006e-01
  -5.04941163e-01
   5.42462254e-01
   5.13692458e-01
   1.45719082e+00
   1.02225001e+00
   8.37812262e-02
  -5.40395958e-01
   6.83575903e-01
   1.06230547e+00
  -1.04271769e+00
  -9.86883634e-01
   2.11961446e-01
   4.66939197e-01
   1.50834355e+00
  -7.00333970e-01
   6.88491260e-01
   1.63243492e+00
  -8.44444749e-01
   3.45533797e-01
  -2.13845728e-01
   6.28753659e-01
  -1.36335271e-01
   3.90209774e-01
   1.80204257e-01
   2.72304078e-01
  -8.35228237e-01
   7.06516851e-01
   1.32747317e+00
  -9.67089840e-01
  -3.87787850e-01
   2.35499936e+00
  -8.73368380e-01
  -1.12004868e-01
  -1.04211146e+00
  -6.73504559e-02
  -1.80359036e+00
  -8.96865513e-01
   1.90809051e+00
   6.53138491e-01
  -3.28274369e-01
  -2.68922783e-01
  -6.40878143e-01
  -1.27308001e+00
  -2.05342228e+00
   1.31864858e+00
  -8.63112282e-01
  -8.50998910e-01
   4.30926720e-01
  -5.45105182e-01
  -4.76857880e-01
   1.66437725e+00
   2.51231071e-01
  -7.88484913e-01
   5.83833415e-01
   5.81479221e-01
  -5.64085416e-01
   8.15282999e-01
   8.03899615e-01
  -6.62265236e-01
   3.89640864e-01
  -1.57642973e+00
   2.16850475e-01
  -5.53632046e-01
   1.24821608e+00
  -8.91605408e-01
  -9.70121063e-01
  -9.90186361e-01
   4.00512883e-01
   3.58498963e-01
   9.28374105e-01
   2.02867448e-01
  -6.61924985e-01
  -8.45344212e-01
   1.61253328e-01
  -1.31178023e+00
   2.09145395e+00
   9.08719154e-01
  -9.60586972e-01
   6.81865798e-01
   6.69046660e-01
   3.65125366e-01
   4.32180328e-01
   4.94375643e-01
   8.72156533e-01
  -1.05832380e+00
