  1.60946652e-01
 -6.15124180e-01
 -2.38992661e-01
  6.14980689e-01
 -9.01399740e-01
  3.48077718e-01
  9.47959158e-01
 -1.72987447e+00
  9.71250761e-02
  1.37857743e+00
 -9.16733729e-01
 -1.03566634e+00
 -2.24145165e-01
  2.70219252e+00
  5.20233681e-01
 -4.59716828e-01
  7.65993572e-01
 -8.02699945e-01
 -2.62195469e-01
  1.58348037e+00
  1.65870820e+00
 -3.90094703e-01
 -1.07746905e+00
 -2.42535334e-01
 -1.57870614e+00
 -8.94718571e-01
  5.16387038e-01
 -1.62979104e+00
  2.96839255e-01
  2.78366492e-01
 -1.13284177e+00
 -3.24500552e-01
 -1.33606163e+00
  3.80607523e-01
  2.01349985e+00
 -1.43600034e+00
  1.04205325e+00
  2.44543674e-01
  1.38559620e+00
  2.48287439e-01
  1.33289292e-01
 -2.25582289e+00
 -3.98868812e-01
  1.99769404e-01
  1.22291798e+00
 -3.42927631e-01
 -1.43765697e-01
  4.12032154e-01
  1.22892415e+00
  1.42092288e+00
 -9.43369723e-02
  1.54736996e-01
 -7.29374576e-01
 -6.85610713e-01
 -1.40929884e+00
 -9.39915625e-01
 -1.60339226e+00
  9.58780984e-03
 -4.10777709e-01
  1.20033718e-01
  3.16569433e-01
 -7.39846253e-01
  1.37362983e+00
  1.26277412e+00
  6.59726460e-01
 -1.93893967e-01
 -5.54283940e-01
 -1.25595507e+00
 -8.84081299e-01
 -1.16478087e+00
 -1.06965589e+00
  5.75700237e-01
  2.24777841e+00
  2.38687292e-01
  7.61270683e-01
 -3.54644249e-01
 -2.20774095e+00
 -3.71899184e-02
  3.28181724e-02
 -1.18071868e+00
  1.76503539e-01
  1.47801327e+00
 -2.26956332e-01
 -8.81372321e-01
  5.21825087e-01
  4.80749457e-01
 -5.76551002e-01
  1.65373655e-01
  9.61730276e-02
 -1.07954663e+00
 -1.04372702e+00
 -5.52592535e-01
 -1.44643104e-01
  2.55553106e-01
 -6.45754553e-01
  3.66965786e-01
 -1.45540269e+00
  3.61713789e-01
  5.84738889e-01
  1.23037026e+00
  1.36122213e-01
 -7.56419333e-01
  2.01461556e-01
  1.23504495e+00
  1.22176622e-01
  2.26921479e+00
  1.36709151e+00
 -1.09699595e+00
 -2.10922786e+00
 -4.92223107e-01
  1.62585288e+00
  1.21625776e+00
 -2.36066546e-01
 -1.67677832e-01
  1.40998785e-01
 -1.43650247e+00
 -5.90232346e-02
  6.40115781e-01
  1.28070795e-03
  6.19913414e-01
  1.10262010e-01
 -1.92261768e+00
 -2.40527738e-02
 -3.86362634e-01
 -6.98127687e-01
  2.02187887e-03
 -2.05936369e-01
 -1.07624817e+00
 -7.71084777e-01
  1.33181821e+00
 -1.37735935e+00
 -1.00842097e+00
 -9.21229870e-01
  2.36247622e-01
  1.88459376e+00
  2.19072419e+00
  1.30245215e+00
 -2.20157151e+00
  1.01436566e+00
  6.78569008e-02
 -1.00365372e+00
  1.63546048e+00
 -5.50327791e-01
 -3.90768463e-01
 -3.95259857e-01
 -4.92406834e-01
 -2.63170050e-01
  3.78366619e-01
  5.45587682e-01
 -4.24101694e-02
 -1.07500921e+00
  1.24514748e-01
 -3.75935063e-01
 -5.65899622e-01
 -8.25763906e-01
 -1.16081348e+00
 -1.09728576e-01
 -4.55316198e-02
  9.10025578e-01
  1.38893253e+00
  1.01017514e+00
 -5.45302776e-01
 -4.50405230e-01
  2.42665773e-01
  1.27797761e+00
 -1.04154395e+00
 -1.06266791e+00
 -8.60539901e-02
 -1.68508826e+00
  1.38015558e+00
  6.93585619e-01
  6.98282361e-02
 -8.84281492e-01
 -1.00349429e+00
  1.18042031e+00
  7.02056181e-01
  9.70159951e-01
 -3.28233350e-01
 -5.46224964e-01
 -6.74321753e-01
  2.03940004e+00
 -9.23888042e-02
  3.79372548e-01
  4.20540642e-01
 -8.13005154e-01
 -8.22989327e-01
  7.75944859e-01
  7.88241458e-01
  1.20473230e+00
 -2.36723286e-02
  4.29523898e-01
  4.63733253e-01
  8.88151324e-01
 -1.47861733e+00
 -5.00011721e-01
 -4.16460607e-01
  5.58540768e-01
 -6.57614273e-02
  1.51388287e+00
  6.67542601e-01
 -1.43892466e+00
 -5.12900876e-01
  1.97966356e+00
 -1.48309016e+00
 -1.98875797e-02
  1.25554829e+00
  6.80843911e-01
 -3.26343722e-01
  1.97698676e-01
 -2.64216122e-01
  4.86586739e-01
  1.94997848e+00
  1.39028797e-01
 -3.17218298e-02
 -4.82221898e-01
 -2.41093975e-01
  2.07953674e-01
 -1.28273412e+00
  1.25771678e-01
  1.46788754e+00
  3.32343381e+00
  4.26327517e-01
 -3.39004020e-02
 -6.78033009e-02
  1.39525643e+00
 -6.66544754e-01
 -4.03732817e-01
  9.66590799e-01
 -2.20514255e+00
  4.84861432e-01
 -7.63456805e-01
 -3.81861768e-01
 -8.34825163e-01
 -2.18994162e+00
 -1.51172003e+00
 -7.54175929e-01
  3.18139938e-01
 -1.05247894e-01
  9.84842742e-01
 -1.25473168e+00
 -1.13458682e+00
  8.50667288e-01
  1.61044613e+00
  2.52108046e-01
  8.35894666e-01
  3.57937356e-01
  1.22584566e-01
  1.09202888e+00
  1.47248109e+00
  1.99775326e+00
 -5.38261720e-01
  5.29077525e-01
 -1.99194770e-01
  6.55356984e-01
 -2.07936897e-01
 -9.40973271e-01
  1.02027044e+00
 -8.03480649e-01
  9.13698742e-01
  1.64000635e+00
  9.85160588e-02
 -4.10758596e-01
  2.00581486e-01
 -6.26210964e-01
  1.26054727e+00
  1.53971656e+00
  4.93908001e-01
 -1.47165024e+00
  7.82961503e-01
  2.25179868e+00
 -1.91011921e+00
 -9.42837837e-01
  1.63225357e-01
 -1.53997235e+00
  9.39710285e-01
  7.14115682e-01
  1.11935938e+00
 -1.81219759e+00
 -7.78476274e-01
  1.50741773e+00
  2.16616796e-01
  3.18288197e-01
  6.79416958e-01
 -1.27789218e+00
 -1.09252514e+00
 -1.11055880e+00
  1.46863698e-02
 -1.19868388e-02
  1.49859954e+00
  5.12708794e-01
 -1.25662267e+00
 -1.76623120e-01
 -1.39811637e-01
 -4.53674708e-01
 -2.10246644e+00
  4.95029409e-01
 -8.77972482e-01
  8.39610825e-01
 -2.41491201e-01
 -5.50442896e-01
 -9.60903856e-01
 -6.58696543e-01
  9.57862126e-01
 -1.09719666e+00
 -6.54198659e-01
  2.59050591e-01
  3.77840483e-01
  5.89873123e-01
 -8.54273162e-02
 -6.42307186e-01
  8.13995674e-01
 -8.17589334e-02
 -7.13869451e-01
 -2.09263420e+00
 -2.37885161e+00
 -3.57932782e-01
  5.46231476e-01
  2.05076638e-01
 -3.08758384e-01
  5.03312945e-01
 -5.81231086e-01
  2.57260942e+00
 -1.64236333e+00
 -1.27053289e+00
 -5.50949826e-02
  6.29255200e-01
  1.21727653e+00
 -1.01595006e+00
 -1.39934609e+00
  1.05307973e+00
  1.01265127e-01
  6.97385188e-01
  1.69399405e+00
 -9.11687488e-02
 -1.22010519e-01
  2.60094385e-01
  1.48790795e-01
  1.65715215e-02
 -1.96761162e-01
  5.46539739e-02
  2.16646583e+00
  1.54209491e+00
 -2.46564353e-01
  1.18847202e+00
  3.08045515e-01
 -1.28579113e+00
 -1.64989789e+00
 -1.28347374e+00
 -6.72730283e-01
 -1.24418325e+00
  9.70408880e-01
 -6.41308016e-01
  9.57105743e-01
  1.93493998e-02
 -2.64232587e+00
  7.15554136e-01
  5.32624261e-01
  9.77779054e-01
  4.35836135e-01
  7.71440725e-01
  1.63996103e-01
 -5.08775465e-01
  1.87691134e+00
 -8.21049550e-01
  1.00720646e+00
 -9.10287946e-01
  1.79362684e-01
  2.93393305e-02
  1.50468779e-01
  7.56156160e-01
 -6.70536806e-01
 -8.24059180e-01
 -9.47483028e-01
 -2.49529014e+00
  1.37872678e+00
 -4.85207603e-01
 -8.73245590e-01
 -5.24609684e-01
 -3.03046191e-01
  5.37501454e-01
 -2.98749769e-01
  4.50341416e-01
 -5.82543571e-01
  1.84393726e-01
 -8.44102268e-01
  1.24842788e-01
  4.94843615e-02
 -4.52742544e-01
 -1.92819610e-01
 -1.39166005e+00
  1.28049665e-01
  2.91523325e-03
 -1.77176090e+00
  2.48394918e+00
  2.01608284e-01
  4.86582286e-01
 -1.97768134e-01
  8.12641689e-01
 -7.63625876e-01
  4.71340234e-01
  2.46141502e-01
  1.90136779e+00
  1.25422069e+00
  1.21688849e-01
 -7.17828816e-02
  8.80390639e-01
  1.39589184e+00
  1.32950280e+00
  9.01472420e-01
 -1.41160021e+00
  1.47637267e+00
  5.12198938e-02
  6.58387377e-01
 -6.39521396e-02
  1.47798769e-01
  1.44261745e+00
  2.08799091e-01
 -1.57165059e+00
  4.10365483e-01
 -1.77960304e+00
 -4.85800020e-01
  1.67055947e+00
  3.79650047e-01
 -8.81931144e-01
 -5.29401463e-01
  9.90383081e-01
 -1.42297922e+00
  1.20543446e+00
 -1.05313732e+00
 -8.36853937e-01
  3.86482993e-01
 -1.25381879e+00
 -2.44454362e-01
 -1.61041084e-01
  4.66715671e-01
  3.24968334e-02
 -3.52230982e-02
  4.70229157e-02
  2.84009299e-01
  6.94112024e-01
 -2.03919518e+00
  3.40411741e+00
  7.97201538e-01
 -9.53795247e-01
  5.77200461e-01
  1.72413114e+00
  4.42480817e-01
  5.36742866e-01
 -1.43782069e+00
 -1.52208304e+00
 -1.63459738e+00
 -6.22868043e-01
  1.18864677e+00
  3.04142452e-02
 -1.46859985e-01
 -3.75864129e-01
 -6.01607640e-03
 -2.03656289e+00
 -1.12938238e+00
  1.18967269e+00
 -8.01322016e-01
 -2.00665152e+00
 -4.48513907e-01
  1.09713142e+00
 -2.37879018e-01
  7.92579597e-01
  4.04522022e-01
 -1.10314004e+00
  1.00060165e+00
  8.79478897e-01
 -1.71564567e-02
 -3.76031319e-01
 -6.61734371e-01
 -1.56658744e+00
 -7.93079144e-01
  1.06248971e+00
  9.65011856e-01
 -8.36133818e-01
  7.81042898e-01
  7.06847718e-01
  2.95405599e-01
  5.42055398e-01
 -7.75718090e-01
  6.89992099e-02
 -9.06823967e-01
  7.29632536e-01
 -5.73707831e-01
  4.21360533e-03
 -6.95977537e-01
  2.48594122e-01
 -1.65554685e+00
  1.60251017e-01
 -8.38650005e-02
 -1.02383230e+00
  1.64836724e-01
 -2.06618251e+00
  1.57784835e-01
  2.33290425e-01
 -1.17159568e+00
  2.57057922e-02
 -1.24228270e-01
  1.01758079e+00
 -2.64333652e-01
 -1.12598267e+00
  9.33095080e-01
  1.34926006e+00
 -3.65029409e-01
 -1.61815564e-01
 -2.54485098e+00
 -4.39203787e-01
 -4.56603264e-01
  1.97525511e+00
  8.96572016e-01
  2.87668522e-01
 -5.22315411e-01
 -1.45494202e+00
 -2.31222552e-01
 -8.21663016e-01
  1.44079375e+00
 -3.14321578e+00
 -2.39355989e-01
 -1.60426939e+00
  3.41866033e-01
  9.21009718e-02
 -6.66854947e-01
  6.27727902e-01
 -5.26680688e-01
  3.13027518e-02
 -3.78280606e-01
 -1.12164723e+00
 -1.54509051e+00
 -1.50097420e+00
 -1.07799874e+00
 -3.45851716e-01
  4.67668211e-01
  8.00200039e-01
  1.60292652e-01
 -3.41393884e-01
  5.84574343e-01
 -2.91499829e-01
  4.12475667e-01
  8.31666071e-01
 -1.80145389e+00
  5.96218321e-01
 -4.93634714e-01
  7.10412506e-01
  1.95824358e+00
 -4.55555846e-01
 -2.97293410e-01
 -1.79105784e+00
  5.20248055e-01
  4.13448297e-01
 -1.10932228e+00
 -6.84942697e-01
 -7.51310008e-02
 -1.39309396e+00
 -5.14099351e-01
  1.19330608e-01
 -7.24298326e-01
 -9.31244898e-01
  7.66056536e-01
 -4.32206248e-01
 -2.15868217e-01
  3.14029861e-01
  4.41145562e-02
  1.07682586e+00
 -5.45079177e-01
 -8.99758836e-01
 -3.23613751e-01
 -1.88823695e+00
 -3.07080723e-01
  3.68046461e-01
 -3.37097968e-01
 -1.05220599e+00
  2.17296557e+00
 -1.19964795e-01
  9.01689790e-01
 -1.95708641e+00
  3.38120736e-02
  9.80129786e-01
  7.89449674e-01
  2.17994628e+00
 -1.74457514e+00
  8.28577454e-01
  1.97778863e+00
  2.65581237e-01
 -2.06882246e-01
 -8.36591415e-01
  1.03988204e+00
 -3.77316421e-01
  6.07739234e-01
  2.65960588e-01
  1.13571784e+00
  6.49992658e-01
 -5.44169039e-02
 -6.05414556e-01
  2.58276747e-01
  2.40996264e+00
 -1.77217028e-01
  9.67971536e-01
 -1.80032572e-01
  4.99295136e-01
 -9.40505179e-01
 -4.47164705e-01
  5.19926668e-01
  4.85799795e-01
  4.49228940e-01
  1.26012293e+00
 -5.86795261e-01
  1.70612035e+00
 -8.55888706e-01
 -1.48744442e+00
 -1.60700021e+00
  9.26156111e-01
 -3.03631198e-01
  9.52735121e-02
 -7.96656813e-01
 -1.31929939e-01
 -5.20419686e-01
 -3.74214315e-01
  1.68201878e+00
  8.27147640e-01
  1.02252031e+00
 -3.14230895e-01
  5.63933281e-01
 -8.13438308e-02
  1.30066055e+00
 -5.42825341e-01
 -9.11974619e-01
  4.66899864e-01
  6.14687933e-01
  4.09297099e-01
  4.50628970e-01
  5.68752870e-01
  3.28627767e-01
 -7.11000321e-01
  2.40706925e-01
 -8.43024869e-01
  1.85449470e-01
 -3.19866517e-01
  1.76361208e-01
  1.66861012e-01
 -8.94632687e-02
  1.01127719e+00
 -2.46671327e-01
  4.56780868e-01
  1.56509320e-03
  1.86902660e-03
  2.02061116e-01
  9.44762973e-01
 -4.20700153e-01
  1.94747230e-01
  1.54096861e+00
  6.33295448e-02
  1.98767128e+00
  7.37336977e-01
 -1.63187804e-01
  1.18405947e+00
 -1.18818516e+00
  6.31744907e-01
  1.06654446e+00
  5.98661999e-01
  9.56032658e-02
 -1.06330204e+00
 -8.16827717e-02
  5.99765871e-01
 -4.91605700e-01
 -1.66374531e+00
 -2.37289573e-01
  3.57784105e-01
 -9.84724265e-02
  1.04172079e-02
 -8.80149577e-02
  1.10582873e+00
 -4.85985367e-01
  7.92008814e-01
  2.18893452e+00
 -1.26315549e+00
  4.92445400e-01
  6.69536332e-02
  1.41025951e+00
 -2.57273829e+00
  2.24119946e-01
 -5.00667110e-01
  1.99603318e+00
 -5.36361355e-01
 -1.62917411e+00
  1.74644229e+00
 -4.02871810e-02
 -1.02066885e-02
  7.54497461e-02
  1.33657942e+00
 -1.41389392e-02
 -1.15124132e+00
  4.03798009e-01
  1.23322643e+00
  1.42095968e+00
 -1.01584736e+00
  8.74166837e-01
  2.68868976e-01
  1.52053528e+00
  3.32064520e-02
  2.32961104e-01
  1.41208539e+00
 -1.75613963e-01
 -2.43282781e-02
 -1.17541366e+00
 -3.02199579e-01
  2.66127326e-01
 -2.88027028e-01
 -1.04884199e+00
  1.17784054e-02
  1.89594378e+00
 -8.43035222e-01
  1.01563166e+00
  6.07990620e-01
  5.54910986e-01
  4.49888904e-01
 -7.60180210e-01
  4.28445715e-01
 -1.16105653e+00
  7.07623570e-01
 -6.17988655e-02
 -2.25939796e-01
  4.82418914e-01
 -5.49160854e-02
  1.13838466e+00
  1.37916609e-01
  1.68366417e+00
 -7.74205387e-01
  5.45870753e-01
 -6.16297041e-01
  5.04701633e-01
 -7.06284153e-01
 -1.48752940e+00
 -1.38208428e-01
  4.50448161e-01
 -6.60281827e-01
  4.44614249e-01
 -1.22943073e+00
  4.89982359e-01
 -1.99620071e+00
 -1.67022416e+00
  4.10214526e-02
 -2.04467249e-01
 -9.90356455e-01
  1.74470030e-01
  1.80205372e+00
  2.67832605e-02
  6.18374678e-01
  1.03583855e-01
 -5.27746634e-01
  6.28948099e-01
 -1.31077402e+00
  1.04102941e+00
 -1.30654301e+00
 -2.14168140e+00
 -3.84118978e-01
 -7.89865062e-01
 -1.07743528e+00
  5.95367920e-01
 -1.59276781e-01
  7.05694659e-01
  5.43628925e-01
 -9.58439991e-01
  4.02180272e-01
 -3.90829870e-01
 -8.73545239e-01
  6.50856037e-01
 -4.76026251e-01
 -1.76418994e+00
 -4.52668536e-01
 -2.69581499e-01
 -8.15487847e-01
  1.16440995e+00
  1.49332512e+00
  3.70367317e-01
 -6.05794357e-01
  1.35230312e-01
 -8.11660614e-01
  2.21186851e-01
  3.10898945e-02
 -1.17295963e-01
  6.03027737e-01
  1.05323046e+00
  5.08997724e-01
  1.51663618e+00
  1.44199221e+00
 -1.28963081e+00
 -1.55479707e+00
  5.63894522e-01
  1.69136429e+00
 -2.69802946e-01
 -1.05230039e+00
  6.69240494e-01
 -1.15319612e-01
 -4.58134896e-01
 -1.22864311e+00
  1.61344277e+00
 -3.81057214e-02
  6.15487685e-01
 -5.67319788e-01
 -5.18900171e-01
  1.39752870e+00
  8.58716121e-01
  2.23110919e-01
 -2.59731060e+00
 -7.24708916e-01
 -1.94123237e+00
  2.55063015e+00
 -1.25535335e-01
 -1.15220792e-01
 -8.99544844e-01
 -5.39945121e-01
  5.47390336e-01
  2.21899497e+00
  4.19132715e-01
 -1.08872523e+00
  5.54459847e-01
  9.18534726e-01
 -1.39320974e+00
 -7.84040475e-02
 -2.49532010e-01
 -8.32182425e-02
 -2.45107722e-01
  5.37750407e-02
  9.24622512e-01
  5.44844212e-01
  1.49051367e+00
 -1.56635417e+00
  1.38819526e+00
  4.27229687e-01
  3.22401371e-01
 -2.75653135e+00
 -1.28628485e+00
 -1.11601585e+00
 -1.29036920e+00
 -3.73688112e-01
 -1.02661832e+00
  9.29804941e-01
 -9.93915955e-01
  5.88143168e-01
 -1.47934966e+00
 -8.39726382e-01
  4.19929298e-01
  1.56179447e-02
  2.35788197e-01
 -2.42306119e-01
  1.55637691e-01
  1.24456252e+00
 -9.40941360e-01
 -4.27057737e-01
  4.40241465e-01
 -7.28698584e-01
  3.63846612e-01
 -3.90906001e-01
 -1.52206130e+00
 -6.44801145e-03
  4.73400210e-01
  4.78313426e-01
 -1.47422934e-01
  2.58313465e-01
  4.94709939e-01
 -1.28488231e+00
  1.14875157e+00
 -6.54433125e-01
  4.44898296e-01
 -7.09151107e-01
 -3.31326672e-01
 -1.57257535e+00
 -6.23114166e-01
  1.13121816e+00
  2.77399911e-01
  4.59864618e-01
  4.56649663e-01
 -4.24840156e-02
 -4.34490986e-01
  2.15644651e+00
 -6.96438083e-01
  2.68128994e-02
  1.33080525e+00
  6.10565838e-01
  3.45372613e-01
  2.52498664e-01
 -4.49205686e-01
  3.43533389e-01
 -1.71395571e+00
  3.08923499e-01
 -4.08404997e-01
 -7.14736474e-01
 -1.22947372e+00
  9.23878281e-02
 -9.44255689e-01
  4.59196846e-02
 -2.00193885e-02
 -1.56892608e-01
 -5.17019359e-02
 -5.73172745e-01
 -1.51607560e+00
  1.79986216e+00
 -5.93297422e-01
  1.73300913e+00
 -8.90213958e-02
 -1.59512642e-01
 -2.11618341e+00
  9.66436478e-01
 -5.12484086e-01
 -1.49914346e+00
  8.87213662e-01
 -4.17401915e-01
  9.28302549e-02
  1.53457463e-02
 -6.77847737e-01
  1.76460025e-01
 -1.00492104e+00
  1.63748213e+00
  1.26330083e+00
  3.67529133e-01
  7.01651641e-01
 -2.53593313e+00
  1.66049690e-01
  6.75582630e-01
 -1.14145790e+00
 -4.19283915e-02
  2.94804976e+00
 -3.03623329e-01
 -1.86604861e+00
 -6.30779172e-01
  1.12653760e+00
 -1.82746889e+00
 -3.50519090e-02
  1.63571691e+00
  4.30873885e-01
  3.47945378e-01
  1.77444466e+00
  9.57006182e-01
 -9.73326877e-01
 -8.63665165e-01
 -1.41354182e+00
  5.85139866e-01
  6.60854861e-01
  1.63733364e+00
  1.23193388e+00
 -8.17735362e-01
  1.53321955e+00
  5.03900875e-01
  1.13649230e+00
 -1.01629365e+00
  6.88902985e-01
 -1.84480299e+00
  1.60137357e-01
 -2.26924037e+00
 -2.39165833e-01
  2.02824775e+00
 -2.16950849e+00
 -8.26161513e-01
  2.93266092e-02
 -1.19845060e+00
  1.57421273e+00
  4.43953429e-01
 -8.37559704e-02
  7.88204458e-01
  1.16616027e+00
  1.31107906e+00
 -5.92845724e-01
 -6.60579107e-01
 -6.68026885e-01
 -7.49436650e-01
 -1.19516260e+00
  6.83835235e-01
  1.39873472e+00
  1.85741678e+00
  1.93795351e+00
 -4.59357416e-01
  2.19171353e-01
 -8.33397945e-01
 -9.64323793e-01
 -1.68066172e+00
  5.46818140e-01
 -1.09730920e+00
 -2.07880018e-01
  1.60354046e+00
 -8.45518239e-01
 -6.72105020e-01
  7.82374841e-01
  2.16739151e-01
 -1.93161866e+00
  1.16941116e+00
 -8.83686663e-01
 -1.04424919e+00
 -2.31682916e+00
  9.74812739e-02
 -1.61637271e+00
  9.86542728e-01
 -1.60158275e+00
 -1.78214491e+00
 -1.73627848e-01
 -8.04845889e-01
  7.60106760e-02
 -3.92733614e-01
 -3.26372992e-01
 -1.12945438e+00
  2.89725295e+00
 -7.97526721e-01
  9.00502459e-01
 -1.62754365e-01
 -7.89537701e-01
 -1.72478473e+00
 -5.34946353e-01
 -1.17250769e+00
  2.19829347e+00
  1.08681686e+00
 -7.39559429e-02
 -8.54289581e-01
 -6.79777648e-01
 -2.18236247e-01
 -2.61467822e-01
  4.85180404e-02
  7.65783398e-01
  8.34759555e-01
  1.19002359e+00
  5.25685397e-01
  1.10167486e+00
 -3.68285985e-01
  1.15124338e+00
  3.31239944e-01
 -6.42947840e-01
  3.24186374e-01
 -3.42024065e-01
  2.31991371e-02
 -3.49672231e-01
  4.08533806e-01
 -7.41260413e-01
  4.88589399e-01
  3.10050143e+00
 -9.00913625e-01
  2.13426636e-01
  8.05520927e-01
 -3.54386398e-01
 -1.39448700e+00
  1.57238417e+00
 -5.76022671e-01
 -9.32634005e-01
 -1.33577696e+00
  2.66158322e-01
 -2.66093513e+00
 -4.98436816e-02
  4.53602100e-02
  3.23465424e-01
  1.70131271e+00
  4.33079028e-01
  1.49942057e-01
  1.27737519e+00
  1.20510185e+00
 -4.70631832e-01
  4.97380782e-01
  2.78619442e-01
  7.62301657e-01
  9.46590201e-01
  1.39807111e+00
  1.28440332e+00
 -3.91178905e-01
  3.38108470e-01
 -1.11757510e+00
  9.57658445e-01
 -4.03179522e-02
 -5.58626821e-01
 -1.45406382e+00
 -1.10546150e+00
 -5.83580880e-01
 -6.80748668e-03
 -7.87892681e-01
  5.27782392e-01
 -9.90550637e-01
 -9.11295645e-01
  1.51191132e-01
  2.56487673e+00
  2.67632860e-01
  1.10079003e+00
 -3.83594243e-01
 -1.70828744e+00
 -9.52530888e-01
  2.71402095e+00
  2.82105382e-03
  7.24339938e-01
 -8.11730919e-01
 -3.73844741e-02
  2.59614792e-01
  8.07665286e-01
  1.03128816e+00
 -1.94925481e-02
  1.51811994e+00
 -7.11711064e-01
 -2.76441563e+00
 -3.57463296e-01
 -8.01380857e-01
 -9.29695062e-01
  4.01321254e-01
  4.12769727e-01
  9.16109472e-01
  5.92742448e-01
  6.37114300e-01
  9.08639619e-01
 -8.17029312e-02
  1.99457106e-01
 -6.78065866e-01
 -1.77546058e+00
  2.08635207e+00
  1.83167902e+00
  1.97087224e+00
 -1.07106745e+00
  1.92800190e-01
  7.47440988e-01
 -7.62045868e-02
 -1.50204287e+00
  6.35955528e-01
  4.36591283e-01
 -7.80892140e-01
  1.93643574e-01
 -4.67662537e-01
  2.89593033e-01
 -6.62095959e-01
 -1.46986204e+00
 -6.01502825e-01
  5.40264624e-02
  4.87377374e-02
  1.41194510e-01
  5.14627397e-01
 -6.44668085e-03
 -3.06326868e-01
 -5.03367977e-01
  1.95881518e+00
  1.66417239e-02
  9.59201339e-01
 -5.55515566e-01
 -9.40915208e-02
  1.58816437e+00
 -2.95144648e-01
 -7.52489309e-01
 -1.57638225e+00
 -6.57042763e-01
  6.81620185e-01
  6.92410591e-01
 -3.43075629e+00
 -6.16337578e-01
 -3.80242272e-01
  1.75410235e-01
  1.86793466e-01
  1.18284285e+00
 -2.96574725e-01
 -2.44565290e-01
 -2.44658864e+00
  6.12964208e-01
 -3.26753217e-01
 -1.70451512e+00
  1.28479925e+00
 -8.42681073e-02
 -1.04744933e+00
 -3.96659689e-01
  4.20632404e-01
 -1.31354239e+00
 -6.69323705e-01
 -8.43560275e-01
 -5.31554445e-01
 -2.55872132e-01
 -3.67044858e-01
 -9.92318945e-02
  5.09483931e-02
  9.17102775e-01
  2.08930665e-02
 -1.53121674e+00
 -2.87874570e-01
 -2.16213748e+00
  2.00786919e+00
 -3.64215305e-01
  2.64930536e-01
 -1.20865129e+00
 -5.40198926e-01
 -1.08712397e+00
 -2.89299483e-01
 -5.87395908e-01
 -9.23323625e-01
 -2.64234799e-01
 -5.34332521e-01
  3.60721180e-01
  1.66308497e-01
  8.41007032e-01
 -6.12284512e-01
 -5.15876288e-01
  5.16656506e-01
  5.72423330e-03
 -5.85426427e-01
  4.00001346e-01
 -2.71044773e+00
  1.34194787e+00
  9.74216654e-01
 -2.32768278e-01
  2.20305380e-01
  1.62298320e+00
 -9.72664186e-02
 -4.08413176e-01
  8.22731309e-01
 -4.52944561e-01
  1.14552116e+00
  3.83331526e-01
 -1.43095598e+00
 -1.50328356e+00
  7.14579204e-02
  1.26531332e+00
  3.23509082e+00
 -1.61630496e+00
 -1.73273411e-01
 -2.07742934e-01
  4.45925045e-01
 -3.98864442e-01
 -4.92577103e-01
 -4.69710312e-01
 -1.74994905e-01
 -1.17789048e+00
 -8.04526926e-01
 -1.02115541e+00
 -7.13774191e-01
  1.06649764e+00
 -1.61788424e+00
  1.44269546e+00
  3.06755032e-01
  4.60700685e-01
  1.43889291e+00
 -9.40686296e-01
  9.87810767e-01
  1.25078550e+00
 -1.01656760e-02
  1.18929358e+00
 -4.26794810e-01
  4.09423203e-01
 -1.52507115e+00
  6.32925508e-01
  9.02356578e-01
 -1.17558443e-01
 -1.32751180e+00
 -1.31813304e+00
  9.42919170e-01
  6.63587191e-02
 -1.60473501e+00
 -1.47671866e-01
 -7.26791557e-02
 -4.06559123e-01
 -1.39681107e+00
 -1.73755978e-01
  3.20749361e-01
 -1.25447946e+00
  1.24711820e-01
  2.76144512e-01
  1.23004833e+00
 -1.93036993e+00
 -1.55849378e+00
  2.50405368e+00
 -6.71009062e-01
  2.06204848e+00
  2.59955583e-01
  1.59770611e-01
  4.84618953e-01
  1.18478877e-01
 -6.94237682e-01
 -1.38991448e-01
 -1.14124711e+00
 -8.00399924e-01
 -1.56756774e+00
  1.08845965e+00
 -1.97737553e+00
  1.11114520e+00
 -4.31847278e-01
  1.67093801e+00
  2.22223474e+00
  2.72069869e+00
 -3.06862237e-01
  5.15122506e-01
  3.34269782e-01
  2.27506795e-01
 -7.98067401e-01
  6.08403665e-02
 -8.35457912e-01
  1.41558262e+00
 -1.61552270e-01
  2.78386797e-01
  2.65861951e-01
 -7.81730993e-02
  3.18775491e-01
 -1.20040420e+00
 -7.10976244e-01
 -9.53948767e-01
 -9.17504158e-01
  6.73858880e-01
  4.45993492e-01
  1.16414328e+00
  9.46225197e-02
  1.00797454e+00
 -1.07694255e+00
 -9.16817009e-02
 -1.59769906e-01
  6.57775995e-01
  1.40507146e-01
  3.75382770e-01
 -1.64415228e+00
 -8.31074864e-01
 -1.67864896e+00
  2.87077767e-01
 -8.05574453e-01
 -1.67616263e+00
  1.62854984e-01
 -1.30578154e+00
 -5.00247785e-01
  8.67191448e-03
 -1.67949437e+00
  3.38023922e-01
  9.00421534e-02
 -2.01476627e-01
  1.48801510e+00
 -2.57033541e-01
  7.31588069e-01
 -1.97828327e+00
 -9.20654816e-01
 -1.47442825e-01
 -5.73780044e-01
  6.94712673e-01
  1.00079079e+00
 -2.79782469e-01
 -4.54631681e-01
  1.23842653e+00
  9.72558595e-01
  4.04013609e-01
  7.93461331e-01
  9.00448810e-01
 -5.98927207e-01
 -1.20771303e+00
  3.41753442e-01
 -1.87322655e+00
  7.53881215e-01
 -3.79370907e-01
 -4.10210115e-01
 -3.30011590e-01
  1.21020507e+00
 -1.88823256e-01
 -1.19746900e+00
 -1.74213667e-01
 -3.29232832e-01
 -5.97997199e-01
 -1.64069905e+00
  1.88587694e-01
 -1.06685417e+00
  1.08677517e+00
  2.13010058e-02
  6.15592752e-01
 -5.11040598e-01
 -1.31467379e+00
 -1.24138077e+00
 -1.03747259e-01
  6.61606526e-01
 -1.02794340e+00
 -1.77056243e+00
  2.36789653e+00
  1.16385382e+00
  1.35797459e+00
 -1.92697692e+00
  6.85407925e-01
 -1.74265982e+00
 -1.37191151e-01
  1.03115467e+00
  1.33476643e-01
 -8.78755976e-02
 -3.00088917e-02
  2.13873009e+00
 -1.13459311e+00
 -8.59325088e-01
 -3.70422626e-01
  1.80234468e-01
 -5.56051672e-01
  9.52207899e-01
  7.09977221e-01
 -5.85493462e-02
  1.84586329e-01
 -8.05953493e-01
 -1.04464851e+00
 -1.41527601e+00
  6.27718395e-01
  3.32262198e-01
 -3.74059962e-02
 -2.29867545e-01
 -6.38481121e-01
 -4.80499711e-01
  1.83141970e-01
 -1.07225333e+00
  6.02499228e-01
 -1.17973072e+00
 -5.58729501e-01
 -1.06047034e+00
  2.70967445e-01
  8.27688387e-01
  1.93095762e+00
 -1.10091241e-01
  6.45323677e-01
 -4.77278159e-01
 -9.97590363e-01
 -1.26877647e-01
 -1.50470239e-02
 -8.86638240e-01
 -8.49403498e-01
  7.00751198e-01
  4.74971227e-01
  2.29033040e+00
  3.97915661e-01
 -5.17732325e-01
 -1.16594314e-01
 -1.06058703e-01
  3.88126413e-01
  2.46275183e-01
 -2.05523337e-01
  1.19230567e+00
 -1.83416370e+00
 -1.79145243e+00
  7.82410514e-01
  4.87196923e-01
 -9.34574354e-01
  9.67394516e-01
 -4.11632406e-01
 -1.43914739e+00
 -3.39980955e-02
 -1.63910564e+00
  8.53273815e-01
  1.67793019e-01
  7.53068620e-01
  1.41922776e+00
  6.21709574e-01
  2.43025453e-02
 -1.34405083e+00
  5.95024047e-01
 -3.98897714e-01
 -7.17910447e-01
  4.98323541e-01
 -9.06095546e-02
 -5.31218719e-01
 -1.58943582e+00
 -9.94441242e-01
  8.74477522e-01
  1.66480292e+00
  1.60625083e+00
  2.17268868e-01
  3.27019041e-01
  3.87967364e-01
 -4.43587931e-02
 -8.98622088e-01
  1.51143422e+00
  4.07839336e-01
  1.08582476e-01
 -7.95207334e-01
 -6.34089570e-01
 -9.62284282e-01
  3.68193354e-01
 -2.56492428e-01
 -9.76511561e-02
 -1.16546870e+00
  1.02359030e+00
 -6.25727292e-01
  3.72065152e-01
  1.20984599e+00
  4.22320644e-01
 -1.57965794e+00
 -1.58929180e-01
 -3.08021293e-01
 -1.11063130e+00
  9.08423368e-01
  1.11485486e+00
  2.88339362e-01
  1.45935266e+00
  1.28581837e+00
 -5.72287850e-02
 -7.05793467e-01
 -2.24629064e-01
 -6.38431957e-01
 -4.80776129e-01
  4.66876825e-01
  3.60153914e-01
 -8.79321815e-01
 -4.93032630e-01
 -4.76299363e-01
 -1.09006770e+00
  9.34111328e-01
  4.65031548e-01
  6.55053319e-01
 -4.57882764e-01
 -2.60899145e-01
  6.72609903e-01
  8.01230178e-01
 -8.48919833e-01
 -7.90580539e-01
 -7.69758667e-01
 -4.05913747e-01
 -5.43049306e-01
 -2.56004099e+00
  1.65306285e-01
 -1.09550762e+00
  8.58972260e-01
 -5.79711764e-02
 -7.45612660e-01
 -3.18851529e+00
 -8.91123630e-01
 -1.62896432e+00
  1.34885353e+00
 -7.54070012e-01
  1.07419110e-01
  3.42205523e-01
  8.26391318e-01
 -1.04701937e-01
  5.58662461e-01
 -3.26149230e-01
 -1.19799709e+00
 -1.35589413e+00
 -1.20883032e+00
  1.39416859e+00
  6.35590824e-01
 -3.51129701e-01
 -5.48592001e-02
 -6.39659504e-01
  1.16499461e+00
 -3.63850967e-01
 -5.44726188e-01
 -3.90907848e-01
  1.60752547e-01
  7.25934054e-02
 -1.31871207e+00
  5.18139954e-01
  1.25489396e+00
 -8.87644780e-02
  1.79095873e-01
  2.16572261e-01
  3.79572099e-01
 -1.11591627e+00
 -6.77344750e-01
  1.09087906e+00
  2.33744457e-01
  2.20058541e-01
 -5.51078229e-01
  1.50684487e+00
  2.47287977e-01
  2.90025516e-01
  1.12817970e+00
  6.27090510e-01
  1.45105277e+00
 -2.41737420e+00
 -1.12398929e+00
  6.88246338e-01
  2.67985667e-01
  2.18920357e-01
  1.18515311e+00
  1.79198798e-01
 -6.89994475e-01
  2.10241026e+00
 -4.51345853e-01
  1.12146057e+00
  1.35187662e-01
 -3.18448445e-01
  2.20851408e+00
 -2.14263091e+00
 -9.23931721e-03
  1.34008123e+00
 -1.01295706e+00
 -4.96612345e-01
  1.59530705e+00
 -7.58119762e-03
 -1.13508078e+00
 -1.39228517e+00
  3.46591702e-01
  4.29363677e-02
  2.61575036e-01
 -1.88574307e-01
  5.20427949e-01
 -7.48853853e-01
  8.38713506e-02
 -7.86785355e-01
  8.57685163e-01
  2.76192788e-01
 -1.68480766e+00
 -6.65202912e-01
 -1.51299487e-01
 -1.77364305e+00
  6.77190032e-01
 -1.67577811e+00
 -6.19114721e-01
 -4.08822165e-01
  7.97612876e-01
 -1.28811405e-01
 -1.28844427e+00
 -1.05574628e-01
  1.40739697e+00
 -1.97916205e-01
 -6.67137411e-02
  8.64469376e-01
  2.23615642e-01
 -1.99155155e+00
  3.99882082e-01
 -4.16050170e-01
 -1.50959778e+00
  8.92138054e-02
 -6.43526036e-01
 -6.73162555e-01
 -6.47159230e-01
  1.77129750e+00
 -1.16331023e+00
  2.48376323e-01
  2.45876149e-01
 -8.93047280e-01
 -1.25547646e+00
  3.80092682e-02
  3.74369032e-01
 -7.12743622e-01
  6.61236596e-01
  1.03092422e+00
 -1.12891401e-01
  9.29050839e-01
  1.79806296e-01
  2.33659913e-01
  1.22412745e+00
 -6.36293034e-01
 -5.94864688e-01
  1.54516705e-01
 -2.23984304e+00
 -8.73731520e-03
 -1.19747853e-01
  4.08589242e-01
 -5.54830472e-01
 -1.46869452e+00
 -6.43230412e-01
 -1.14730768e-01
  3.30828014e-01
  1.35886738e+00
 -3.20677746e-01
  8.68245045e-01
  1.39688663e+00
  6.45987174e-01
 -2.42977026e-01
 -3.19763980e-01
  1.05804509e+00
  4.80578789e-01
 -2.48781063e-01
  2.56228590e-01
 -1.26564154e-01
 -3.11400350e-01
  2.71118075e-02
  4.74674869e-01
  6.92679709e-01
 -1.14297395e-01
 -1.28314751e+00
  4.13643994e-02
 -5.59264845e-01
 -1.28834252e-01
  6.93424497e-01
  3.05878036e-01
  6.50238218e-01
  1.74370249e+00
 -1.13409110e+00
  4.57022595e-01
  8.96714866e-01
 -3.15787192e+00
 -9.43225142e-01
  1.70758666e+00
 -3.02607381e-01
  1.54921672e+00
 -1.18787561e+00
 -9.24201105e-01
 -6.87118832e-01
 -8.68426352e-01
 -6.08581660e-02
  1.78902572e-01
 -5.66514754e-01
  1.07625268e+00
 -1.07066990e+00
  1.11267578e+00
 -1.44088602e+00
 -1.20807963e+00
  1.11767751e+00
 -1.31529443e+00
 -6.72354283e-01
  3.29973804e-01
  1.62706686e-01
 -1.32411445e+00
 -7.41897819e-01
 -2.37399407e-01
 -1.43019402e+00
 -4.81742751e-02
  1.43868733e-01
 -3.51366456e-02
 -3.40600059e-01
  3.39003706e+00
  2.27687758e-01
  9.10629462e-01
 -6.75121345e-01
 -8.89058816e-01
 -7.84521276e-02
  1.24796137e+00
 -3.41950692e-01
  1.33566981e+00
 -9.84519319e-01
 -2.36023167e-01
  3.60829628e-01
  1.24558807e+00
  4.47340329e-01
 -1.99176674e+00
  8.50676235e-01
  1.29867432e+00
 -4.82041518e-01
 -1.24848924e+00
 -8.87991275e-02
 -7.46113194e-01
 -2.48218006e-01
  7.33666997e-01
  1.41083261e+00
 -1.03222232e-01
 -8.39328144e-01
  8.96836969e-02
 -1.36957124e+00
 -4.18587320e-02
 -1.64443833e+00
 -4.22747907e-01
 -4.44223607e-01
 -1.43536003e+00
  8.88779270e-01
  1.42080915e+00
 -1.40156351e+00
 -1.69716246e+00
 -7.88828519e-01
 -8.12692143e-01
  1.23523616e-02
 -1.18292706e+00
 -1.24678647e+00
 -6.38927521e-01
  5.07273456e-01
  2.41028467e-01
  9.02634203e-01
  6.06099217e-01
 -2.91754136e+00
  1.26089294e+00
 -3.30570956e-02
  1.78860340e-01
  2.20580031e-01
  3.63656870e-01
 -1.53036721e+00
 -4.01849728e-01
  9.96653942e-02
  5.12767079e-01
 -5.83026723e-01
  1.24017220e-01
  1.69276846e-01
 -7.57126939e-01
  9.94245845e-01
  1.93888305e+00
 -1.01812751e+00
 -6.25731460e-01
 -8.35552878e-01
 -4.07961448e-01
  3.71907379e-01
 -2.90368309e-03
  4.90783929e-01
  1.69809412e+00
 -8.62114358e-01
  4.65384596e-01
 -1.34189991e+00
  3.65109851e-01
  7.49909912e-01
  7.56319528e-01
  2.88722574e-01
  6.06674113e-01
  4.59749897e-01
 -7.27769678e-01
  1.01027263e+00
 -2.12067511e-01
 -1.07196335e+00
 -1.66779454e+00
  9.96372180e-02
  8.38011244e-01
 -2.87992091e-01
  1.40914690e+00
 -5.09053454e-01
  5.16747176e-01
  1.44073759e+00
  1.92867520e+00
  2.40608317e-01
 -1.41705164e+00
 -6.09285275e-01
 -5.00276612e-01
  2.83408072e-01
  8.90981659e-01
  1.65629200e+00
 -1.31511430e+00
 -7.07208267e-01
  4.75727819e-01
 -5.45306504e-02
 -1.00295068e+00
  4.37950271e-01
 -1.51309080e-01
 -2.99458527e-01
  9.04055360e-01
 -1.19772415e+00
  1.08795075e+00
 -1.17148390e-01
  6.90643405e-01
 -1.27247978e+00
 -5.05806849e-01
  5.30869537e-01
 -2.85901951e+00
  1.54621209e-01
  4.22324563e-01
 -6.44028704e-01
  1.09155712e+00
 -1.01356231e+00
 -8.19274308e-01
  1.04668433e+00
  1.32491857e-01
 -6.84904741e-01
  2.98788248e-01
 -2.42277976e+00
  4.96728286e-01
  4.81411024e-01
 -2.88902395e-01
 -6.84041008e-02
  1.12576355e+00
 -5.59767647e-01
 -1.82021210e+00
 -3.12564792e-01
  1.48507003e+00
 -6.07350866e-01
 -1.47375563e+00
  1.00721775e+00
 -9.15372822e-01
 -1.84835906e+00
 -7.98202162e-01
 -1.24391809e+00
  5.96469825e-02
  6.26625427e-02
  5.72860393e-01
  9.47953125e-01
  7.96321903e-01
 -3.88493162e-01
 -1.14494600e+00
  3.49448714e-01
 -3.77100679e-01
 -8.02319577e-01
  3.99497412e-01
 -1.41445853e+00
 -1.05532981e+00
 -8.17818302e-01
 -8.75328445e-01
  2.11986976e+00
  8.37501137e-01
  1.06979963e-01
 -4.14136215e-01
  1.14966867e+00
  1.07871444e+00
  1.08705370e+00
  6.02707636e-01
 -1.57612967e+00
  8.43883731e-01
  1.36716632e-01
 -1.36686734e+00
 -1.43772729e+00
 -8.45518903e-01
 -4.65676937e-01
  1.30671612e+00
  3.21764387e-01
 -1.82247154e+00
 -5.89020824e-01
  7.78522632e-01
  4.99963613e-02
 -2.34539844e-01
 -1.01143159e+00
  7.55409604e-01
 -4.13303784e-01
  1.31663826e+00
  5.76205451e-01
 -1.05229723e+00
 -5.64238194e-01
  1.22737626e+00
 -1.75941185e+00
 -6.75827885e-01
  1.86076792e-01
  1.08888487e-01
 -6.33336935e-01
 -2.73451171e-01
 -2.07158540e+00
 -7.48869222e-01
 -1.37196048e+00
 -4.11311430e-01
 -5.62608730e-01
 -1.09438364e+00
 -2.39879981e-01
  1.13090432e+00
 -1.61073608e+00
  6.08827570e-02
  4.83486860e-01
  3.94272205e-01
 -6.07954727e-01
  1.03873037e+00
  1.26040420e+00
 -6.89555782e-01
  2.59760391e-01
  1.20197413e+00
  1.96785997e+00
  9.35261267e-01
  1.54862653e-01
 -4.09215209e-01
 -2.42215018e+00
 -3.51621986e-01
  6.02498955e-01
 -1.40253077e+00
  1.12810137e+00
 -1.02796272e+00
  3.89650020e-01
 -4.59551245e-01
  9.26902873e-02
 -1.19195547e-01
  1.76414914e+00
 -1.22294767e+00
 -7.60250402e-01
  6.94989371e-01
  9.01399643e-01
  1.07883139e-01
 -1.12558687e+00
 -2.26507353e+00
 -1.13503996e+00
  5.25799336e-01
  1.33452361e+00
  6.67256712e-02
  8.11315288e-01
  9.66153523e-01
  8.04032366e-01
 -4.55739724e-01
  1.12090831e+00
 -7.50028732e-01
  3.72747815e-01
  1.70551655e-01
  1.35223070e+00
  1.66772025e-01
  1.49849239e-01
  4.14427576e-01
 -6.46230542e-02
 -1.18729603e+00
 -4.21069307e-01
  7.76013169e-01
  7.34582283e-01
 -1.38477239e+00
  1.60999139e+00
 -1.43289605e-01
  1.06944182e+00
 -7.35413709e-01
 -1.61057328e+00
  2.63786292e-01
  1.31483309e+00
  1.25255481e+00
 -1.87003478e+00
 -1.83389157e+00
 -9.82267236e-01
  7.59874116e-01
  2.76460631e-01
 -8.33804596e-01
  2.62023349e-01
  1.90909274e+00
  4.01548619e-01
  1.04416015e+00
 -4.99489052e-01
 -8.26769766e-01
  1.79196519e+00
 -6.41117810e-01
 -6.36941223e-01
 -7.40515486e-01
 -4.39446986e-01
 -1.81381157e-01
  8.87566716e-01
 -1.23996801e+00
  2.57679179e-01
  1.91239611e-01
 -6.21467483e-02
 -1.08713860e+00
 -1.04011265e+00
  1.46966436e+00
 -2.31095251e+00
 -9.56758192e-02
 -5.18252339e-01
  8.44950870e-01
  2.27699748e-01
 -2.75583485e-01
  1.12000112e-01
 -5.86002359e-01
  1.33994058e-01
  1.11106067e+00
  5.47235506e-01
 -1.15341064e+00
  4.97259058e-01
 -2.06150796e-01
 -3.59753451e-01
  4.70400334e-01
 -6.57290256e-01
  1.31670646e-01
 -5.85202855e-03
 -1.28720614e+00
 -4.96408541e-03
 -3.31735470e-01
  1.23687942e+00
  6.06386327e-01
 -3.50223031e-01
  1.76427187e-01
 -1.75253221e+00
 -7.48326220e-01
 -1.73593639e-01
  2.79412651e+00
  7.85271370e-01
  3.30466981e-01
 -2.25416443e+00
  6.09100566e-01
  1.03568125e+00
 -1.82905013e-01
 -4.86997409e-01
  8.02428838e-01
 -5.40783387e-01
  7.20591193e-02
  1.90283702e+00
 -5.75876673e-01
  2.10895838e-01
  5.73528937e-01
 -5.26079136e-01
  1.15031069e+00
 -2.82225435e-01
 -8.20706748e-01
 -2.82024307e-01
  1.11727828e+00
 -4.08863372e-01
 -1.23127427e+00
  1.24896927e+00
  1.01221034e-01
 -2.12594940e-01
  1.79557787e+00
  1.96902708e-01
  1.51347122e+00
  2.01373499e-01
 -3.45271741e-01
 -1.09983465e+00
 -3.48141127e-01
 -1.08511374e-01
 -6.51997250e-01
  7.03452877e-01
 -7.02412093e-01
  6.73135416e-01
 -1.29813700e+00
  3.55955203e-01
  2.11758508e+00
  1.21133468e+00
 -1.33077666e+00
 -1.41945593e+00
  1.94479045e-01
 -8.51292605e-01
  1.80201581e+00
  1.05731173e+00
 -5.48141749e-01
 -4.94693303e-01
  8.83824213e-01
  6.10332834e-02
  1.86157118e-01
 -6.90226697e-01
 -9.78594517e-01
 -6.30473268e-01
 -9.58622036e-01
 -1.40411531e-01
 -2.95954820e-01
  3.74272117e-01
  5.40686044e-01
  1.45439738e-01
  1.13245472e+00
 -6.69193431e-01
  3.15312940e-01
  6.67800145e-01
  1.03200364e+00
  5.19225637e-01
  2.67385097e-01
  8.11953009e-01
  7.06090755e-01
  6.59288404e-01
 -1.31898352e+00
 -1.02471424e+00
 -6.32302855e-01
 -1.98433696e-01
  6.35215006e-01
 -1.20817556e+00
 -1.13528276e+00
  2.95080567e-01
 -1.74434015e+00
  1.34076124e+00
  2.42518340e-01
 -4.18289976e-01
  1.00929334e-01
 -4.73369530e-01
  2.79060542e-01
 -6.34585205e-01
  7.19389175e-01
 -9.26596752e-01
 -1.67882621e+00
  2.96129027e-01
  3.82093802e-01
  2.37561343e-01
 -8.43647270e-02
 -6.37162091e-01
 -2.98341969e-01
  1.20047739e+00
 -1.10002906e+00
 -4.90611772e-01
 -6.69777971e-02
 -6.08889802e-01
 -2.72849118e-01
 -4.12892070e-01
 -2.14709392e-03
 -4.47602939e-03
  3.54920437e-01
 -5.62259010e-01
 -9.68768359e-01
  2.09346318e-01
 -1.67729204e+00
 -7.36217894e-02
 -1.39894894e+00
 -1.70491242e-01
  7.89082302e-01
 -1.50365629e+00
  6.52755379e-01
  7.23244615e-01
 -1.28727268e+00
 -2.26461468e-01
  1.20827493e+00
  1.99351964e-01
  1.02549562e+00
 -5.58802294e-01
 -1.89558875e+00
  1.48417912e-01
 -2.05195280e+00
 -3.70019642e-01
 -1.14342140e-01
 -1.67103765e-01
 -7.78421501e-01
 -7.66292760e-01
 -1.01791537e-01
  2.28018894e-01
 -1.96961421e-02
 -9.16908426e-01
 -7.87434934e-02
 -4.20947467e-01
 -1.35684751e+00
 -2.71427955e-01
 -5.21409701e-01
 -1.22795644e+00
 -8.13951996e-02
 -2.24342745e-01
 -1.62106368e+00
  1.08645216e+00
  1.05278520e+00
  2.80610919e-01
 -7.51729755e-01
  2.21377625e+00
  3.34534662e-02
 -1.37324234e-02
  8.45953986e-01
 -3.88232204e-01
  1.29782380e+00
  2.44313395e-01
  3.83596279e-01
 -1.91061628e-01
 -7.54088841e-01
 -4.80228398e-01
 -1.10787668e+00
  8.41258174e-01
  8.13618574e-01
  3.64178961e-01
 -4.04336462e-01
  1.44641446e-01
  4.01584956e-02
 -2.47215299e-01
  2.13611856e-01
 -9.86681684e-01
  1.74249015e+00
 -1.79995400e-01
 -1.43545927e+00
  1.87532738e+00
 -6.50442529e-01
  9.71105776e-01
  1.20776864e+00
  6.64781901e-01
  1.51418831e+00
  1.63530556e+00
 -8.68086672e-01
  1.79916361e+00
 -7.96335378e-01
 -1.05988585e+00
 -2.05440557e+00
 -7.18444870e-01
 -1.01672949e-01
  1.26676429e+00
  6.19156204e-01
 -1.27460102e+00
  6.36562065e-01
  5.16804423e-01
 -8.66213218e-01
 -7.47465532e-01
 -1.00293399e+00
 -3.97943564e-01
 -2.68310417e-01
 -3.98978711e-01
  8.78913714e-02
  5.73916236e-01
 -1.18256390e+00
 -2.11895692e+00
 -1.20314534e+00
  1.24062997e+00
 -1.40125887e+00
  2.37537602e-01
 -9.76295062e-02
  1.56431962e+00
 -1.40542880e+00
 -2.54672961e+00
  6.14600374e-01
  1.07211906e+00
  3.50494851e-01
 -4.75615788e-01
  2.02060456e+00
 -5.98864815e-01
  6.29631882e-01
 -2.99924703e-01
  2.81897909e-02
  3.22277480e-01
 -3.05809727e+00
 -8.27109372e-01
  2.06620543e+00
 -2.11335984e-01
 -2.42619529e-02
  1.25581080e+00
  7.08357630e-01
 -9.71670017e-01
  4.74749633e-01
  5.81801641e-01
  1.71969200e+00
 -2.29103456e+00
 -2.97342311e-01
 -3.20071442e+00
  1.43243765e+00
 -3.28072755e-02
 -1.65166462e+00
  1.14781829e+00
 -3.04495734e-01
 -2.15409750e+00
  4.56789015e-01
  1.09349776e+00
  9.89903326e-01
 -9.19857206e-01
 -7.53304182e-01
 -1.02581538e-01
  7.42195091e-01
  3.00678306e-01
 -1.46350828e+00
  6.33222169e-01
 -1.56961556e+00
 -6.35583784e-01
 -1.80536610e+00
  2.88528324e+00
  3.61179774e-01
 -6.69722639e-02
 -4.95418237e-01
 -8.42909997e-01
 -1.05462416e+00
 -5.49722132e-01
  1.19238729e+00
  7.35930884e-01
  1.51351431e-01
  1.58125689e-01
  1.91926930e-01
  1.19785355e+00
 -2.03390568e-01
 -1.41581354e+00
 -7.93675370e-01
 -1.26843894e+00
  1.26121378e+00
  5.29821063e-01
 -1.22434848e+00
 -8.95491343e-01
 -9.32736301e-02
  1.59259637e+00
  8.50247704e-01
 -5.52164114e-01
 -1.35603623e+00
  1.10508144e-01
  8.41207540e-01
 -1.62917977e+00
 -4.37798929e-01
  1.99052241e-01
  4.94276223e-01
  2.98807396e-01
 -2.07187804e-01
 -4.25432303e-01
  1.24640278e+00
 -5.85559050e-01
 -1.88126689e+00
  4.63267761e-01
  2.52540352e-02
  6.36112278e-01
 -1.42033548e-01
 -2.84903298e-01
 -1.17036109e+00
  2.90510132e+00
 -8.41667207e-01
 -1.76098069e-01
  1.38544900e-01
  1.86177232e-01
 -1.83181535e-01
  1.70542539e+00
  5.99504775e-01
  4.50381479e-01
 -1.86606215e-01
 -5.43543631e-01
 -7.78491846e-01
 -1.25694899e+00
 -7.01117694e-02
 -3.77954484e-01
  6.55199476e-01
 -1.33512714e+00
  6.46267940e-01
 -4.45342980e-01
  7.52814151e-01
  1.48593473e-01
  1.08507846e+00
  3.27270343e-01
  1.04137765e+00
  6.25504655e-01
  3.32695407e-01
 -4.17128378e-01
  5.08071939e-01
 -1.05119472e+00
 -6.61379641e-01
  2.23028586e-01
 -5.99972745e-01
 -5.07223750e-01
 -2.15944774e-01
 -3.09604284e-01
 -2.16013963e-01
  2.03563362e+00
 -1.07769865e+00
  7.81406669e-01
  4.14509043e-01
 -1.26972136e-01
 -1.37904591e+00
  4.00484236e-01
  1.72792076e+00
 -3.34680525e-01
 -4.53062940e-01
 -8.03016581e-02
 -3.91994527e-01
 -1.48663052e+00
  1.72360874e-01
 -8.49499696e-01
  4.21437111e-02
 -1.48690168e-01
 -3.51777378e-01
 -4.64653731e-01
 -6.13339029e-01
  6.77746064e-01
 -9.83101749e-02
 -6.37792201e-01
 -1.26677623e+00
  2.66755059e+00
 -1.32517143e+00
 -3.65676074e-01
  4.55378240e-01
 -3.96630392e-01
 -1.30221009e+00
  4.16656259e-02
  6.99327043e-01
 -1.54506760e+00
 -9.32214443e-01
 -4.08216765e-01
  1.74003682e+00
 -3.87591696e-01
 -2.00526977e+00
 -5.98684096e-01
  4.90335827e-01
  1.29474312e-01
  5.21266481e-02
 -2.04909557e+00
 -4.38863148e-02
  1.30609243e+00
  1.15453584e+00
  6.17119216e-01
 -1.03498954e-01
 -5.98875935e-01
 -3.13934772e-02
  1.00878518e+00
  2.86128089e-01
 -1.63603485e+00
 -1.48461316e+00
  8.54655779e-02
 -2.11726013e-01
 -1.79127601e+00
  1.24354506e-01
  1.06762951e+00
  1.19185566e+00
  8.32926263e-01
  6.50412519e-02
  1.49456850e+00
  6.80979169e-01
  1.29880953e+00
  1.21050963e+00
 -7.30860490e-02
 -1.97071131e-01
  9.61320434e-02
  8.27937080e-01
 -3.71057324e-01
  9.67288783e-01
  7.13388923e-01
 -2.12429158e-01
 -3.25330327e-01
 -6.24336579e-01
  8.02207796e-01
 -4.14948346e-01
  5.30684456e-02
 -1.44407957e-01
  6.39367353e-01
 -1.05477585e+00
  5.56650419e-02
  7.29793713e-01
  1.98707263e+00
  3.62447717e-01
  1.35898150e+00
 -2.78097453e-01
  2.09003472e+00
 -7.84154249e-02
  4.87010764e-01
 -3.18176396e-01
 -9.61596727e-01
 -1.27196260e+00
  8.35066362e-01
 -9.47689455e-01
 -4.39526282e-01
  5.97795771e-01
  1.79707955e+00
 -1.22392532e-02
  7.28937374e-01
  1.98175996e+00
 -8.20114715e-01
  7.66425840e-01
 -1.00405309e+00
 -2.24899512e-01
  1.00392912e+00
  9.21242410e-01
 -1.30605152e+00
  6.00159130e-01
  1.78051551e+00
  1.96485918e-01
 -2.06580784e-02
  1.18556274e+00
  1.39245419e+00
  4.05176715e-01
 -1.51728372e+00
  1.83869698e-01
 -5.44455268e-01
 -8.37810016e-01
 -2.30071223e+00
 -5.66944130e-01
  1.22625865e+00
  2.89856428e-01
 -1.51150841e+00
 -4.75400267e-01
 -1.91494183e-01
  1.18105863e-01
 -2.01234159e+00
  2.84817499e-01
  6.86244034e-01
 -4.82802094e-01
  4.86488844e-01
 -6.71329372e-01
 -1.61773257e+00
 -9.57521690e-02
 -1.75395577e+00
 -1.49773942e+00
  8.18354888e-01
  6.17494724e-01
 -1.61404672e-01
  2.61704000e-01
 -6.61305351e-01
 -1.49722663e-01
 -2.88755333e-01
  5.35777538e-02
 -2.86265757e-01
 -2.83993302e-01
  7.61017030e-01
  6.56208901e-01
 -1.35776769e+00
 -4.74321981e-01
  1.07631142e+00
  2.07451574e+00
 -1.01191813e+00
