   1.64483972e+00
  -3.94386217e-01
   1.65086416e+00
   6.86199513e-01
  -4.26647488e-01
   8.69412379e-01
  -7.67136105e-01
  -5.41386542e-01
   1.32554882e+00
  -3.53562931e-01
  -1.41657034e-01
   1.22702382e+00
  -5.13931186e-01
  -9.59042622e-01
   1.02250440e+00
   6.38714175e-01
  -1.13889598e+00
   4.44122716e-01
  -2.17085379e-01
   7.51323465e-01
  -3.72042578e-01
   6.87677548e-01
   7.43706638e-01
  -2.72508466e+00
   6.44915172e-01
  -5.66914638e-01
  -1.83870568e+00
   8.91089167e-01
  -9.52316161e-01
   5.45397176e-01
   5.67700719e-01
  -5.57415187e-01
   9.80760492e-01
  -1.56244541e+00
  -6.66511490e-01
   1.04295244e-01
  -5.33720402e-02
  -1.42035509e+00
   4.86334817e-01
  -1.76278399e+00
   1.04716627e+00
   3.82105269e-01
   4.19833689e-01
   1.41979863e-01
   3.38872443e-01
   1.40876177e+00
   1.45886196e+00
   1.78754635e+00
   7.07785279e-01
  -4.27412908e-01
   7.58869596e-01
   4.62763956e-01
  -2.51375364e-01
   1.34706714e+00
   4.67805593e-02
   1.07248899e+00
   8.83190944e-01
  -1.31045868e-01
   2.43771029e+00
  -7.99566728e-01
   8.55742334e-01
   7.89681314e-01
  -1.20967942e+00
   1.17680361e-01
   8.03942363e-01
  -5.38756909e-01
   5.99800734e-01
  -1.15523301e+00
   4.04735592e-01
   1.27207155e+00
   1.18278291e-01
  -2.08844103e-01
  -8.07485216e-01
  -1.86364746e-01
  -1.16927140e+00
   1.45495843e+00
   4.97146012e-02
  -1.13675097e+00
  -3.20739485e-01
   9.17980831e-01
  -1.24726258e+00
   2.38901829e-01
   2.87811836e-01
  -5.39661348e-02
   7.07485648e-01
   5.07402165e-01
   3.66714777e-02
  -2.15528497e-01
   1.14042015e+00
  -1.33078948e+00
  -1.48930911e+00
  -1.95975815e+00
  -2.91847581e-01
  -1.76292659e+00
   3.52555091e-01
  -3.54769291e-01
   1.55217561e+00
   1.22370605e+00
  -3.37765986e-01
   1.68793764e-01
   1.47603724e+00
   1.21971653e+00
  -1.75544801e+00
  -1.50050366e+00
   3.68213881e-02
   1.03334152e-01
   1.58008815e+00
   6.74241260e-01
  -2.18327144e-01
  -3.66047675e-01
   1.42199096e-02
  -4.89474449e-01
  -8.98776565e-01
  -1.02828539e+00
   2.07753634e-01
   8.38720591e-01
   3.59114529e-01
  -1.04900636e+00
  -5.95491107e-01
   7.81539372e-01
   5.30171691e-02
   6.55171174e-01
  -5.18220006e-01
   1.30499591e-01
  -9.86139390e-01
  -1.30653187e-01
   1.62917943e-01
   1.12287434e+00
   2.24571935e-01
   1.39775010e+00
   1.07426829e-01
  -8.00997857e-01
  -3.99216787e-01
   1.41627682e+00
   6.46471399e-01
   1.01294783e+00
  -1.05853734e+00
   9.37489678e-01
  -2.40908893e-01
   1.02327079e-01
  -5.50140633e-01
  -1.11008297e+00
  -4.14408030e-01
  -4.08861577e-01
  -1.35978451e+00
   5.05453942e-01
   5.58004719e-01
   3.62666022e-01
  -2.03200869e+00
  -1.56544211e-02
   8.10629210e-02
  -1.70325001e+00
   1.20177783e-01
   3.88993101e-01
   3.67944754e-01
   6.98512935e-01
   6.10446854e-01
   2.53767850e-01
  -2.74314286e-01
   4.94296376e-01
  -4.61808479e-01
   1.44239385e+00
   5.81999780e-03
   7.68434545e-01
   1.17742615e+00
   1.22742667e+00
  -1.20469487e+00
  -1.66385829e+00
   6.39947479e-01
  -7.38043688e-01
  -1.71197490e+00
  -6.80799633e-01
   3.82641267e-01
  -1.26048943e+00
   1.08259752e+00
  -9.87174659e-01
  -3.05486254e-01
  -8.45656767e-01
   1.08166468e+00
  -1.54877922e-01
   6.24802219e-01
   8.77765037e-02
  -8.12809143e-02
  -5.79396556e-01
   1.26762932e-01
   4.07126558e-01
   1.02637568e+00
  -9.42682562e-01
  -1.55497840e-01
   2.02992582e+00
   1.80926376e+00
   6.86529918e-02
   6.13729543e-02
  -4.46216531e-01
  -2.54968363e-01
   2.98420807e-01
   5.95860585e-01
  -9.42782907e-01
  -2.63800536e-01
   6.16320481e-01
  -1.31967951e-01
   5.23322583e-01
   2.29989606e-01
  -8.53702940e-01
  -7.97375224e-01
  -2.74855418e-02
   1.25751954e+00
   3.22028146e-01
  -6.47096783e-01
   2.59632249e-01
  -3.52849081e-01
   9.17839061e-02
  -1.42223024e-02
   7.04878385e-01
   1.03534668e-03
  -1.38337318e+00
   4.00109680e-01
   8.94626837e-01
   5.68115188e-02
  -3.89638413e-01
   8.90476631e-01
  -2.45220425e+00
   8.40405373e-01
   1.74632722e-01
   1.10895314e+00
   5.45323166e-01
   5.35482743e-02
   1.17151288e-01
   1.12200409e+00
   1.33926160e-01
  -1.34890110e-01
   1.40580426e+00
   1.52838937e+00
   1.05958238e+00
  -4.40496648e-01
  -7.06472046e-01
  -1.12695807e+00
   8.70179392e-01
  -4.82135040e-01
  -7.55005143e-01
  -1.53758731e+00
  -7.97539362e-01
  -2.84394188e-01
   1.14269978e+00
   1.49097371e+00
   6.30018937e-02
  -5.37247537e-01
  -6.20364474e-01
  -4.53700500e-01
   2.98196936e+00
  -1.56393126e+00
  -1.55357772e+00
   1.17119948e+00
  -1.80520368e+00
  -2.67387793e+00
   2.14430523e+00
   1.44885982e+00
  -5.08209266e-01
  -1.33951911e+00
  -1.36793937e-01
  -6.63886035e-01
  -6.18713457e-01
   1.33610124e-01
  -1.65238114e+00
   3.01114296e-01
   1.03495485e+00
   1.19590318e+00
  -4.47377039e-01
  -4.27362965e-01
   2.99934255e-01
  -1.17205788e+00
   2.65603732e-01
   8.86495357e-01
  -1.58932702e-01
   1.76206514e+00
  -9.28424037e-01
   1.11666019e-01
   6.16075086e-01
  -1.30648710e+00
   6.78187609e-02
  -7.50473685e-01
  -3.79522007e-01
  -4.63325232e-01
  -2.12893780e-01
  -3.27288277e-01
  -4.51592492e-01
   4.87546034e-01
   1.15094249e+00
   4.01519641e-01
  -9.22642776e-01
  -1.46551035e+00
  -6.76505264e-02
   5.33466899e-01
   6.49565910e-02
  -1.35637156e+00
  -6.20580687e-01
  -2.18123644e-01
   2.07334043e+00
  -1.58505373e+00
   8.89728132e-01
   1.15591735e+00
  -4.44714165e-01
  -7.63015296e-01
  -1.08129514e-01
  -5.39156722e-01
  -5.52092305e-01
  -8.28143964e-01
   1.06619734e+00
   5.90092661e-01
  -1.10724859e+00
  -7.46476311e-01
   5.44775241e-02
  -1.11816709e+00
   3.76204155e-01
  -9.89007382e-01
   4.33000334e-02
  -2.89283491e-01
   4.28114568e-01
  -8.60998984e-01
  -2.18100527e+00
  -8.87384875e-01
   5.05804236e-01
  -7.64697057e-02
  -9.52345030e-01
   1.09894188e-01
  -6.01039872e-01
   9.45229167e-01
  -1.03674012e+00
  -3.06058721e-02
  -1.38036151e-01
   2.05518262e+00
   1.23145673e-02
   2.31423767e-01
   1.29631923e+00
   2.05920086e-01
   1.15884128e+00
   2.51115059e-01
   2.00816873e+00
   6.79502734e-01
   1.34664805e+00
  -6.38875832e-02
   9.47872029e-01
  -8.37513543e-01
  -6.87421769e-02
  -1.03518887e+00
   1.72236799e-01
  -1.48307962e+00
   7.58363647e-02
   2.95856529e-01
  -5.12169344e-01
  -1.57218741e+00
  -1.62846987e-01
  -7.28512536e-01
  -4.33848645e-01
  -1.36251752e+00
  -8.90028943e-01
  -3.58233210e-02
   1.18478982e+00
  -2.82619747e-01
  -1.35121491e+00
  -1.61200461e+00
  -9.94534608e-01
  -1.92642185e+00
   1.89325011e+00
  -5.75152092e-01
   1.38142309e-01
  -6.95519787e-01
   5.61304947e-01
  -1.25603508e-01
  -3.52981144e-01
   9.95742362e-01
   7.72768824e-01
   7.80067905e-01
   1.57721564e+00
  -2.59435255e-01
   7.37447029e-01
   9.47081165e-01
  -1.96591401e+00
  -8.15519125e-01
   3.82813414e-01
  -4.57211283e-01
   8.47946957e-01
   2.12789399e+00
  -1.05934001e+00
  -5.24261806e-01
   2.13583310e-01
  -1.93873800e+00
  -1.06092788e-02
   1.40071274e-01
   1.37718228e-01
   9.56403239e-01
   1.17765291e+00
  -1.35873950e-01
   7.07235383e-02
   3.23097835e-01
  -7.34033473e-01
  -1.28135255e+00
  -6.52870340e-01
   3.47433300e-01
  -7.64609811e-01
  -1.42219268e+00
   4.50817729e-01
   1.71009841e+00
   1.28595743e+00
  -4.35242276e-01
  -7.04660290e-01
   5.06790445e-01
   1.46415229e-01
   5.01192775e-01
   1.22130050e+00
   3.17952046e-01
   1.55870463e-01
   2.05783765e-01
  -2.31394558e-01
   6.55171559e-02
   2.28915881e-01
  -1.22515152e-01
  -1.45777624e+00
  -1.33916626e+00
   1.31736715e+00
  -9.84997234e-01
  -6.75285510e-01
   1.74872195e+00
  -5.17771785e-01
   4.72147597e-01
   1.42735382e-01
   1.22401552e+00
  -5.16639625e-01
  -1.34189454e+00
  -8.36704166e-01
   9.27271550e-01
  -2.34308583e-01
  -1.49753681e-01
  -1.81080006e+00
  -1.29964313e+00
   3.40130755e-01
  -1.16784322e-01
   8.75959207e-01
   4.37670684e-01
   6.15722898e-01
   1.73106369e-01
   1.01217542e+00
   2.92390524e-02
   9.69358181e-01
  -8.26823647e-01
   1.93603345e+00
  -2.87058323e-01
   6.26684578e-01
   4.27394306e-01
  -1.36858126e+00
   5.42425008e-01
   1.37166045e+00
  -9.73558873e-01
  -1.52097483e+00
  -4.92462577e-01
   3.65775758e-02
   1.11504582e+00
  -9.98534747e-01
  -1.16058174e+00
  -1.30960127e+00
   1.01286748e+00
   2.47069350e-01
  -6.30219928e-01
  -1.20315879e+00
   9.18988487e-01
  -1.25283093e-01
  -8.48756654e-01
  -2.46250924e+00
   4.58949597e-01
   3.75838148e-02
  -5.10381162e-01
  -1.02540489e+00
   1.97581708e-01
   2.23444364e+00
  -2.26378694e+00
   2.35682700e+00
   3.32113277e-01
   1.31430715e+00
  -1.00181320e+00
  -1.36690534e-01
   5.90243651e-01
   1.49104836e+00
  -6.66445184e-01
  -9.98937878e-01
  -9.21422117e-01
   1.08401520e+00
   1.23723289e+00
  -1.69714692e-01
  -1.49578299e+00
  -9.25305880e-01
   4.78688871e-02
  -3.70464457e-01
  -9.84954503e-01
   7.05008921e-01
   2.69009845e-01
  -9.18706080e-01
  -2.45745853e+00
  -4.07301753e-01
  -4.32039058e-01
   1.91530941e-01
   1.13774567e+00
  -4.63227367e-01
  -1.96629800e+00
   9.84734568e-01
  -1.22726226e+00
   6.56149015e-01
   1.53366165e+00
  -6.78382178e-01
  -4.95681919e-01
   1.38079005e+00
  -3.55653466e-01
   2.48070889e-01
  -1.32225297e-01
  -1.04043623e+00
  -2.47097127e-01
  -3.25611757e-01
   7.25012839e-01
  -3.93958155e-01
   5.30212183e-01
   4.19816324e-01
  -2.10232972e-01
  -2.67435191e+00
  -2.60540377e+00
   4.86207602e-01
   1.38662616e+00
   2.32112756e-02
   7.66616263e-02
   4.77845079e-01
   1.31008459e-02
   6.24564788e-01
   3.19540403e-02
   8.27757337e-02
   9.75741668e-01
   7.38613665e-01
  -6.08247360e-01
  -1.35787349e+00
   5.00012687e-01
  -4.68978341e-01
  -1.09216885e+00
   2.29745875e-01
   3.91541403e-01
   7.55757908e-01
  -6.63800908e-01
  -6.15326828e-01
   9.39929926e-01
  -8.75297411e-01
  -5.97495927e-01
   1.13577151e-01
  -9.71349878e-01
   1.37909498e+00
  -3.45029220e-01
  -1.11213031e-01
   1.21182291e+00
  -3.52750351e-01
   1.06548633e+00
  -1.40197022e+00
   2.91987440e-03
   6.50176710e-01
   1.69041577e-01
  -5.37773136e-02
   8.08216268e-01
   1.97258675e+00
  -1.39342750e+00
   1.01940705e+00
  -5.68343334e-01
   3.10768056e-01
  -2.03955034e-01
  -4.39119566e-02
   1.69605532e+00
  -4.49658350e-01
   2.09682231e+00
   4.41864831e-02
  -9.75340653e-01
   1.13494835e+00
  -1.64852737e-02
  -1.19503456e-01
   8.08378004e-01
   1.18393374e+00
   1.44087432e-01
   8.91108976e-01
   7.68342138e-01
   3.61544515e-01
   1.64325567e+00
   9.80260530e-01
  -7.64576510e-01
   9.12031077e-01
  -8.92704742e-01
  -2.04208495e-01
  -4.47082128e-02
  -1.97200731e+00
   5.76091739e-01
  -3.90370732e-01
  -8.09141548e-01
   2.09292669e+00
   4.44678225e-01
  -2.17562916e-01
  -2.56147381e-01
  -1.43601229e+00
   6.98422021e-01
  -1.53117852e+00
   6.92749372e-01
   1.42517288e+00
  -1.66144663e+00
  -1.10792195e+00
   2.85461936e-01
   6.31165466e-01
  -8.40069505e-01
   1.11816438e+00
  -8.40050402e-01
  -1.47444750e-01
   4.14121935e-02
   1.56143592e+00
  -1.12030879e+00
   8.64227929e-01
   1.02240734e+00
   1.07602146e+00
   1.09181175e-01
   2.94022757e-01
   1.11543267e+00
  -2.34953057e+00
  -7.37560059e-01
  -1.14202058e-01
   1.82716752e-01
  -9.72138158e-01
   5.25639756e-01
  -3.07038432e-01
   1.72003570e-01
   1.70330863e+00
  -1.82056830e+00
  -4.48866842e-01
  -1.31450166e-01
  -1.91244129e+00
   9.64586394e-02
  -4.69611483e-01
   2.03791846e+00
  -1.11072776e+00
  -3.72601269e-01
  -2.36602866e+00
   1.44419836e+00
  -8.10540992e-01
  -7.52752133e-01
   1.75890350e-01
   1.00652451e+00
   2.97252172e-01
   5.33931454e-01
  -8.73775568e-01
   7.98660594e-01
  -9.51405308e-01
   9.21012675e-01
  -8.44883107e-01
  -1.09437257e+00
   1.42089076e-02
  -7.70945530e-04
   1.22686946e+00
   1.78408059e+00
  -1.40076202e+00
  -5.76652700e-01
  -1.80584081e+00
   1.85908416e+00
   2.67280277e-01
   1.01544695e+00
  -8.17098603e-01
  -2.25381943e-01
  -2.83105602e-01
   3.24372650e-01
  -5.81250323e-01
   1.05786683e+00
   2.09102606e-01
   1.45900663e+00
  -6.58330359e-01
  -2.35015530e+00
   6.13126781e-01
   2.53850830e-01
   6.13565549e-01
  -1.20730570e-01
  -4.47731572e-01
   9.39341755e-01
   8.98916898e-01
   1.57459077e+00
   1.27654834e+00
  -3.20992812e-01
   5.76569811e-01
   1.27821750e+00
  -4.39818469e-01
  -5.51455754e-02
   1.17401994e+00
  -1.64826796e-01
  -6.70441391e-01
  -5.95404043e-01
  -1.03282406e+00
   1.39404267e+00
   6.32205189e-02
   2.24435866e-02
  -2.09918243e-01
  -1.00506628e+00
   2.41009791e+00
   1.91159125e-01
  -2.87301750e-02
   1.23763188e+00
   1.49632046e-01
  -5.27801780e-01
  -6.76685893e-01
  -7.66033986e-01
  -2.76045093e-01
  -6.89608111e-01
   1.16876729e+00
   1.18415574e+00
  -1.34185712e+00
   7.64313029e-02
   8.41037844e-01
   1.56608468e+00
  -4.17795403e-01
   1.62735094e+00
   1.28354014e+00
   9.05098241e-01
  -7.04432062e-01
  -2.35209807e+00
  -2.17442194e-01
  -3.48299167e-01
   6.15737121e-01
   1.43263503e-01
  -5.10636637e-01
  -1.37468352e+00
   1.06126175e-01
   6.89891612e-02
  -8.79852221e-01
   1.38307189e+00
   3.35834556e-01
  -1.88577159e+00
   1.81995682e+00
   1.59034573e+00
   3.82206425e-01
  -2.66582294e+00
  -1.84927551e+00
  -4.13084525e-01
   3.24535845e-01
  -1.18402885e+00
   2.27081818e+00
  -3.71530141e-01
  -2.85702706e-01
   1.82478734e+00
   5.53923715e-01
   3.63337291e-01
  -1.08611864e+00
  -7.62125745e-01
  -6.31558584e-01
  -6.49394537e-01
  -8.44016996e-02
  -1.39725930e-01
  -1.45441415e+00
  -5.50557683e-03
   9.54832852e-01
   2.46646868e+00
  -2.68899480e-02
  -7.17690409e-01
  -2.85598080e-01
  -8.36340691e-01
   7.74398185e-01
   3.48139135e-01
  -3.57537934e-01
  -2.90799690e-01
  -7.99676736e-01
   8.00554348e-01
  -3.90386183e-01
  -9.77441057e-01
   1.73568060e+00
   6.82591983e-02
   3.08741659e-02
  -4.59779886e-01
   7.98755139e-01
  -3.34421206e-01
   1.33895476e+00
  -1.19808196e-02
   1.06577468e+00
   2.29592662e+00
  -1.45388995e-01
  -8.69420916e-01
   6.70314081e-02
  -7.10569367e-01
   1.59200820e-01
  -6.81991793e-02
   1.53300647e+00
  -4.92145497e-01
  -4.18242716e-01
   1.58190406e-01
  -1.11916146e-01
   4.22559656e-01
   5.40807092e-01
  -6.31514453e-01
   2.66996130e-01
   4.69725065e-01
  -1.78555354e-01
  -9.84587094e-01
   1.69428166e+00
  -4.17208457e-01
   5.66230328e-01
  -4.64056754e-01
  -2.26953341e+00
   1.88571989e+00
   5.06739924e-01
  -1.31455053e+00
   2.79900949e-01
   1.08433660e+00
   3.40820775e-01
  -2.23137229e+00
   4.48981937e-01
  -7.25636019e-01
   7.87907242e-01
   8.83487787e-01
   3.75955361e-02
   2.13630111e-01
   3.89230264e-01
   5.63554171e-01
   1.02848535e-01
   8.48381454e-01
  -1.00554833e+00
  -1.27898084e-01
  -3.77350961e-01
  -8.45940546e-01
   6.56144610e-01
  -1.38102548e+00
  -8.53107086e-01
   1.02713060e+00
   1.77379195e-01
  -1.05123277e-03
  -4.56200443e-01
  -1.51829422e+00
   3.66360411e-01
   6.03341412e-01
   2.19126746e+00
   7.11813229e-01
  -2.56603583e-02
  -2.09040480e-01
   2.80490340e-01
  -6.73755936e-01
  -7.06368650e-02
  -2.01072761e+00
  -1.38512901e+00
  -3.43443915e-01
   6.28959244e-02
  -7.85793075e-01
  -2.33577080e-01
  -2.45690287e-01
  -6.63175765e-01
  -5.14911678e-01
  -3.25608163e-01
  -1.08121055e+00
  -2.17340088e-01
   3.58690542e-01
   6.90428853e-01
  -1.07726215e+00
   6.02325481e-01
  -1.52481449e+00
  -7.10487290e-01
   7.28328498e-02
   7.82071621e-01
   1.59373593e-01
   4.38372238e-01
   1.22768605e-01
   3.31914496e-01
  -6.71705430e-01
  -1.78476508e-01
   3.02819034e-01
  -2.18909207e-01
  -1.70757740e-01
   8.13092080e-02
   5.99819596e-01
  -1.39832936e+00
  -1.62693901e-01
  -1.39930090e+00
  -7.34792395e-01
  -4.68968949e-01
  -1.28226667e+00
  -2.77235485e-01
  -6.28269985e-01
   1.09960165e+00
   1.29080599e+00
   7.48715922e-01
  -1.33826759e+00
  -1.35195780e+00
  -1.47287001e+00
  -1.56425851e+00
   9.30102722e-02
  -5.68510099e-01
  -3.58726484e-01
  -5.14520701e-01
  -7.03741977e-01
  -2.34313848e+00
  -3.16049254e-01
  -8.36478469e-01
  -4.72169258e-01
  -8.67210138e-01
   1.31335783e+00
  -1.09973377e+00
  -2.01134337e-01
   5.85864970e-01
   2.07705308e-01
  -5.65739037e-02
  -6.35601102e-01
   6.78212219e-01
   8.98143146e-02
   1.03266881e+00
  -4.34531357e-01
   8.87364593e-01
  -3.43177887e-01
  -3.15731158e-01
  -1.32735114e+00
   1.02367626e+00
   4.51039284e-01
   1.38419283e+00
   3.23749637e-01
  -6.32198086e-01
  -1.45322918e+00
  -8.06230437e-01
   7.11016980e-01
   4.06289194e-01
  -2.07504721e+00
  -3.57883292e-01
  -2.82919244e-01
  -7.54316013e-01
   1.00043446e+00
   2.66830222e+00
   2.96815607e+00
   1.26509448e+00
  -2.11858554e-02
  -6.76723971e-01
  -1.64220542e-01
   1.40267614e+00
   3.02232931e-01
  -4.88684566e-01
   4.04596403e-01
  -5.27750542e-01
   1.07197270e+00
   7.25868156e-01
   2.07652219e-01
   6.67293449e-01
  -2.39527010e-01
   2.91239079e-01
  -1.33408282e+00
   1.27304530e+00
  -3.68005879e-01
  -9.38341266e-01
  -1.47920486e+00
  -1.73936636e+00
  -8.98212599e-01
  -2.71464951e-01
  -8.60573229e-02
   1.06031281e+00
   1.04253312e+00
  -1.63667154e+00
   5.48951619e-01
   1.56136239e+00
  -3.31498739e-02
   1.85801377e-01
  -2.51041875e+00
   7.45108378e-02
   3.79135558e-01
   5.99012195e-01
  -8.79518335e-01
   6.75960811e-01
  -2.80635733e-01
  -1.09912106e-01
   5.04739616e-01
   7.12607043e-02
   7.09368989e-01
   9.76386244e-01
   6.62632359e-01
  -5.13051720e-01
   8.98918356e-01
  -6.07833464e-01
  -5.66340407e-02
   2.24921838e-01
   1.31422298e+00
  -1.36820070e+00
   3.24527664e-02
   8.33444179e-01
   1.27760531e-01
   1.33377275e+00
  -2.08820046e+00
  -1.97978904e+00
   2.79860067e-01
  -9.55585026e-02
  -1.66678726e-01
  -1.98766859e+00
   1.77244257e-01
   3.90186311e-01
  -5.17838087e-01
   1.48755783e-01
   4.87263578e-01
  -1.51294850e+00
   1.21746258e+00
  -6.62708164e-01
   1.05332719e-01
   1.14342097e+00
  -3.72009871e-01
  -3.07661690e-01
  -3.09417548e-01
   1.21359710e+00
   2.80526173e-01
  -8.85698601e-01
   8.38473699e-01
   4.59920667e-01
  -1.47581557e+00
  -4.72172657e-01
   1.96700728e-02
  -2.78343951e-01
  -6.26212357e-01
  -2.15041063e+00
   6.15028733e-01
  -3.24405987e-02
   4.82264525e-01
  -3.75277430e-01
   1.28043229e-01
  -1.69026924e+00
  -5.33941177e-01
   1.10469713e+00
   1.63100071e-01
  -1.20094800e+00
   3.61407905e-01
   7.38727603e-01
   2.15896440e+00
  -5.50973428e-01
   2.12522023e-01
   1.13604572e+00
  -8.56250173e-01
  -6.88954532e-01
   1.39954320e+00
  -7.44092386e-01
  -1.91220520e-02
  -4.06173561e-01
   4.95181516e-01
  -8.64941480e-01
  -1.11912792e-01
  -6.82202767e-02
   2.68812433e-01
   1.25252115e+00
   8.40430181e-01
  -1.33184878e+00
  -7.06026638e-01
   1.73820449e-01
  -1.56994255e+00
   5.80685094e-01
  -1.26522945e+00
  -1.11656564e+00
   7.20321447e-01
  -6.41304788e-01
   6.77355263e-01
   7.51131610e-01
  -1.20674203e+00
  -2.91672625e-01
  -1.90382442e-01
   1.40252589e+00
  -7.61738079e-01
   4.75906683e-01
   3.24906166e-01
  -4.33963082e-01
   4.89456589e-01
   1.91006800e-01
  -1.53375886e+00
  -9.32538138e-01
   5.29359567e-02
  -1.93838507e+00
  -1.07132080e-01
  -2.25379380e+00
   2.37403195e-02
  -1.01259504e-01
  -7.49387477e-01
  -1.37765665e+00
  -8.82344771e-02
   2.95628268e-01
   4.78467892e-01
  -3.96755298e-01
  -1.35318466e+00
   3.08993361e-01
   6.47679354e-01
  -2.62059445e-01
   1.22947997e+00
  -5.55157265e-01
  -1.41767012e+00
  -1.20075164e+00
   4.85616373e-01
   4.07818854e-01
   2.34150011e+00
   2.47493775e-01
   3.03599560e-01
   5.97261249e-01
  -5.63321115e-01
   1.05129298e+00
   1.79966604e+00
  -5.48931426e-01
  -1.96561135e+00
   5.71099492e-01
   1.72500862e+00
  -5.00401257e-01
  -2.16425428e-01
   2.17452125e-01
  -1.13800108e+00
   1.89103039e-01
  -7.70349078e-01
   1.10439777e+00
   7.98576887e-01
  -4.30344377e-01
  -2.35873521e-01
  -1.70360434e-01
  -1.03110672e+00
  -1.54293722e-01
   7.24242190e-01
  -1.41876451e-01
  -3.06122547e+00
   3.27021375e-01
  -7.84608711e-02
   4.39914409e-01
   1.13106668e-01
   1.81680506e-01
  -1.86261255e+00
  -4.04482500e-01
  -1.40572190e+00
   1.64968137e+00
   1.68062557e+00
   1.53869304e-01
  -5.30727176e-01
   1.46620157e+00
  -9.76034170e-01
   6.38019298e-01
  -3.04267845e-01
  -3.60084219e-01
  -2.18044573e+00
  -1.48906158e+00
  -4.79556265e-04
  -1.09305233e+00
   7.70834069e-01
   1.88712411e+00
   4.69211482e-01
  -2.80519648e-01
  -1.82565894e+00
  -3.67320958e-01
  -1.53857042e+00
   4.39931004e-01
  -4.59198244e-01
  -4.51878052e-01
  -9.44747614e-01
  -9.15644397e-01
  -1.72750550e+00
   8.90068953e-01
  -6.17818207e-01
  -1.68085399e-01
   6.41832721e-01
  -5.53712391e-01
  -1.01574975e+00
  -2.48771135e-01
  -2.54717971e+00
  -7.03364649e-01
   6.02623759e-01
   6.17247937e-01
   2.41267448e+00
  -1.73778911e-02
   2.56519321e-01
   2.55387479e-01
   3.70080229e-01
  -1.16984044e+00
   4.16574126e-01
   1.78551649e+00
  -9.09367506e-02
  -1.92326455e+00
  -7.31076442e-01
   2.89661877e+00
  -1.36662442e+00
   1.24229989e+00
   3.77720428e-01
  -1.82490059e-02
   4.06446715e-01
  -1.08801323e+00
  -3.50304471e-01
  -1.63196424e-01
  -1.02242910e-01
   1.85181349e+00
  -1.12998896e+00
   7.81761370e-02
  -8.89425251e-01
   2.15133429e-01
  -3.87092380e-01
  -5.29811072e-01
   1.14160808e+00
  -3.19106960e+00
   6.84435956e-01
   1.16265543e-01
  -4.18809912e-02
  -1.25882776e+00
   5.26999923e-02
   9.39468702e-01
   9.40193156e-01
  -1.25597609e-01
  -1.22006685e+00
  -1.38681141e+00
  -2.86246759e-01
  -5.73132978e-01
  -2.71018231e+00
   6.21800179e-01
   2.12708828e+00
   1.19928872e+00
   3.14280573e+00
   4.34657128e-01
  -9.06041619e-01
   8.19308921e-01
   3.64267870e-01
   8.12922897e-01
   1.77206472e-01
   3.48471027e-02
  -6.64478732e-02
   1.81020780e-01
   3.88434136e-01
   7.53769845e-01
   1.31557962e+00
  -1.96259966e-01
  -1.92554481e+00
   5.97901022e-01
  -9.37384732e-01
   9.11335581e-01
   5.51096298e-01
  -2.28864062e-01
  -8.61874737e-02
   1.11745412e+00
  -1.95704274e-01
   2.19230809e-01
  -2.23677197e-01
   7.14730467e-01
  -5.68016732e-01
   2.27343635e-01
   1.14818678e-01
   8.76754205e-01
   3.58206646e-02
  -3.70326393e-01
  -6.87092105e-01
  -1.51877708e+00
   6.82372748e-01
  -6.09317308e-01
   9.85468740e-01
   5.16280995e-02
   1.03830369e+00
   9.30326347e-01
   1.18445397e-01
   7.46967618e-01
  -9.64869200e-01
   5.43384151e-01
   1.31393510e+00
  -8.62387166e-01
   2.60103383e-02
   9.67245406e-01
   1.09352497e-01
   1.09431454e+00
  -6.01405970e-01
  -7.16560292e-01
  -8.33396873e-01
   1.64244794e-01
  -2.70662527e+00
   2.78766974e-01
  -5.10132512e-01
  -1.18020680e+00
   1.42550662e+00
  -1.29612683e-01
   1.22013877e+00
  -8.78437881e-01
   6.75869663e-01
   1.63900057e-01
   7.92835927e-01
   2.07651585e-01
   1.18972389e+00
  -4.55209502e-01
  -1.29415520e+00
   4.59100706e-01
   7.72669965e-01
  -2.20097960e-01
   7.65722708e-01
  -1.08410420e+00
  -1.14797641e+00
   4.65976547e-01
   5.85809491e-01
  -1.43339552e+00
  -2.19204868e+00
   1.47399833e+00
   9.17112483e-01
  -2.20947546e+00
   1.64562120e+00
   2.45459753e+00
   4.36692189e-01
   5.94095749e-01
   2.54215522e+00
   1.67472881e+00
   4.61796518e-02
   3.02135612e+00
  -9.19018304e-02
   1.10911305e+00
  -4.63023368e-01
   2.94903857e-02
  -1.56515341e+00
  -7.91040382e-01
  -7.07165085e-01
   1.33580049e+00
  -3.13428775e-01
  -3.04113428e-01
  -7.61833894e-01
   2.70366892e-03
   4.45695116e-01
   5.93253489e-01
   5.77116307e-01
  -1.81513170e-01
  -1.10192783e+00
  -5.38446169e-01
   2.75844065e-02
   2.20147412e+00
  -2.32345122e-01
  -8.28701205e-01
   6.78884912e-03
   1.19058908e+00
   1.98249339e-01
   1.00254857e+00
   1.21496055e+00
  -2.11504098e+00
   4.88158595e-01
   4.86619858e-01
   6.40727379e-01
  -5.46658107e-01
  -1.91295196e+00
   1.35628679e+00
  -1.39793882e+00
   4.19098308e-01
   4.08001781e-01
  -1.36603345e+00
   1.36587030e+00
   7.09831450e-01
   2.34576192e-01
  -2.90888629e-01
  -1.83125576e-01
   5.46932790e-01
  -1.11555517e+00
   4.05333519e-01
  -1.59912085e+00
  -2.02358979e-01
   4.19886985e-02
  -6.58911920e-01
  -5.88832417e-01
  -1.66926415e+00
   1.05618659e+00
  -1.98955607e-01
  -1.53968235e-01
  -5.47241874e-01
   1.40218508e-01
  -1.25384747e+00
   2.31983537e-01
   8.76901753e-01
   5.16335174e-01
   1.32343443e+00
  -1.35128070e+00
  -4.69001915e-01
  -3.07729830e+00
  -8.75974463e-01
  -1.28269884e+00
   7.47170834e-01
   1.86682444e+00
   5.08590838e-01
  -1.79205688e+00
  -1.30896872e+00
   8.26322422e-01
   5.93805186e-01
  -2.27183603e+00
  -1.30891147e-01
   4.24567059e-01
   1.84790030e+00
   3.62220717e-02
  -1.44488093e+00
   7.34639501e-01
   1.05711353e+00
  -1.01624259e+00
  -2.97958566e-01
   2.05951923e-01
  -7.08122940e-01
   2.63539614e-01
   1.08980713e+00
  -9.57928215e-01
   5.89511605e-01
   9.57163685e-01
   2.06025820e-02
  -2.04125146e+00
  -2.14608753e+00
   5.27412425e-01
  -6.70837682e-01
  -1.64507534e+00
  -4.91369105e-01
   1.08349156e+00
  -1.50407168e+00
  -6.95941053e-01
   1.06990374e+00
  -2.92452610e-01
   1.32780756e+00
  -6.52284664e-01
   1.70001624e-01
  -5.55662784e-01
  -7.77116193e-01
  -9.16119167e-01
   3.52370841e-01
   1.19594609e+00
  -2.83564992e-01
  -1.41796925e+00
  -1.06415761e+00
  -1.50921927e+00
  -6.26287121e-01
   2.62628504e-01
  -4.37604630e-01
  -1.70905598e+00
  -3.52166975e-01
  -1.89990090e+00
   1.65569062e-02
  -8.28323776e-01
  -1.31647445e+00
   2.28519019e-01
   9.88179831e-01
  -1.23826539e+00
   4.37439197e-01
   1.87961743e-01
   7.10325525e-01
   1.57842884e+00
  -5.12632356e-01
   5.60774472e-01
   1.98685524e-01
   4.18581605e-01
   3.41835622e-01
  -2.63511023e-01
  -1.94930950e-01
   1.57491346e+00
  -1.55657786e+00
  -1.63025476e-01
  -8.77178270e-01
  -2.30205379e-01
   3.43318859e-02
  -9.65498070e-01
  -4.91524717e-01
  -1.15680320e+00
  -1.42904671e+00
  -9.45971496e-01
  -9.59613767e-01
   6.16703013e-01
  -3.02429210e-02
   8.09250950e-01
   8.41776271e-01
   8.72778710e-01
   1.70880410e+00
  -7.08482095e-01
  -4.95596930e-01
   2.27459375e-01
   2.67110560e-01
  -1.25657812e+00
   1.11730817e+00
  -6.61684728e-01
  -1.59693144e+00
   1.15685815e+00
   4.94010218e-01
   2.06505995e-01
   6.25665353e-01
  -9.73715840e-02
   7.01118761e-01
  -1.56489312e+00
   1.35728180e+00
  -4.06830072e-01
   2.72305628e-01
   2.32579053e+00
  -9.97261084e-01
  -2.21530956e+00
   3.14694650e-01
  -2.27978774e-01
  -9.35912066e-01
   5.05625278e-01
   2.07238365e+00
   8.63710930e-01
  -4.18059832e-01
   5.75898312e-01
  -9.09650038e-01
   6.36089930e-01
  -5.79418826e-02
  -2.92316216e+00
   8.92003302e-01
  -2.42517328e+00
   5.29469957e-01
   1.91248595e-01
  -1.54824865e+00
   7.41954770e-02
   9.99455475e-01
  -8.16868685e-01
  -6.43567612e-01
   5.65026078e-02
  -3.36673002e-01
  -2.05375756e+00
  -1.69290790e-01
   7.08886521e-01
  -9.24595688e-01
   1.21065554e+00
   1.09883488e+00
  -5.06279712e-01
   1.38826898e+00
  -9.30552553e-01
   7.58406194e-01
  -1.00414481e+00
   7.37429988e-01
   1.11367212e+00
  -6.41064764e-01
  -7.31149491e-01
  -7.56615937e-01
   1.93857819e+00
  -4.63469476e-01
   8.97469598e-01
   5.56322464e-02
  -1.56119267e+00
   8.61570318e-01
  -4.39971043e-01
  -3.20651959e-01
  -4.62176469e-01
  -1.73946720e+00
   7.28923574e-01
  -7.00468396e-02
   2.86877074e-01
  -8.35609221e-01
  -9.17371090e-01
   4.89332577e-01
   7.72294520e-01
  -4.23253551e-01
   1.25746859e+00
  -2.05274661e-01
   6.14265075e-01
   7.79857834e-01
   2.44984725e-01
   1.21284464e-02
   2.73787088e-01
   7.18850027e-01
  -5.30044003e-01
   1.95505485e+00
   1.12864275e+00
   1.33733807e+00
   5.34692987e-02
  -1.03660122e+00
   7.75391755e-01
   1.49155023e+00
  -3.84047536e-01
   1.15556952e+00
   3.93687187e-02
   2.14339098e-01
   5.41887451e-01
   3.91267940e-01
  -1.74172776e-01
  -1.49960309e+00
  -4.12307409e-01
   8.58110404e-01
   9.81166106e-01
  -3.09457619e-01
   5.36361509e-01
  -1.22928346e+00
   1.89254459e+00
  -2.22962118e-06
  -1.73649863e+00
   8.77126241e-01
  -8.75547475e-01
  -7.51662905e-02
  -7.93216513e-01
  -1.48634523e+00
  -2.75603293e+00
  -4.47327667e-01
   6.61166228e-01
  -1.57762728e+00
   1.23407806e-01
  -6.69617573e-01
   8.41342638e-01
  -1.14420286e+00
   1.22072326e-01
  -8.07137503e-01
  -2.19831982e+00
   8.91339106e-01
  -4.21464711e-01
   1.57915094e+00
  -5.47997717e-01
   4.72242195e-01
   1.96730476e-01
  -2.34864073e+00
   9.74710649e-01
  -6.20735888e-01
   1.19555392e+00
  -5.61346514e-01
   1.60388863e-01
   6.04756246e-01
   1.09495469e-01
   2.19915800e+00
   1.02098176e+00
   1.09266263e+00
  -1.23007652e-01
   1.08675742e-01
  -5.70129218e-01
  -8.95947687e-01
   1.00308257e+00
  -1.29128046e+00
   8.81727569e-01
  -9.17420839e-01
   1.74924429e-01
  -8.39779110e-01
   9.15081700e-01
  -2.48343877e-01
  -1.10710267e+00
   8.07711656e-01
  -2.01367820e+00
  -5.69837087e-01
   9.29237276e-01
   9.69553642e-01
   2.27719993e-01
   5.32262092e-01
  -6.62371745e-01
   2.15284693e+00
  -7.13048689e-02
   1.79436479e+00
   8.33043159e-01
  -1.82148346e+00
   1.84605505e-01
   5.00739650e-01
   4.06785027e-01
  -4.90956423e-01
  -4.98866173e-01
   9.46097736e-01
  -5.98708938e-01
   4.05917232e-01
   8.43898649e-02
   9.98979892e-01
  -3.73801691e-01
  -2.27658524e+00
   1.80250346e+00
  -8.55378493e-01
   3.80033064e-01
   2.10617277e-01
  -8.32845209e-01
  -5.21246291e-01
  -2.23309395e-01
  -3.96129142e-02
  -4.84946992e-01
  -2.28845196e-01
  -5.74946743e-01
   4.65908104e-01
  -1.27323139e+00
  -2.73560113e+00
  -8.52019164e-01
  -9.85762273e-02
  -1.33484454e+00
  -7.61933855e-02
   2.08880664e-01
  -2.17173279e-01
  -6.75337160e-01
   9.64726521e-02
   1.36128432e+00
   1.17534382e+00
  -1.83094377e-01
  -1.19732013e+00
   4.85679462e-01
  -2.40384044e-02
   5.85027977e-02
   3.54931095e-01
  -1.63495395e-01
  -7.31530153e-01
   8.04288279e-01
  -5.79018311e-01
  -2.94471492e-01
  -1.37461980e+00
   6.01942790e-01
  -4.65365400e-01
   4.51083423e-01
   9.83318838e-01
   1.12821064e-01
  -1.57954781e+00
   9.93491642e-01
  -9.76699615e-01
   8.75833551e-01
   4.57851868e-01
   2.19536742e-01
  -2.76127425e-01
   5.18852164e-01
  -7.83590161e-01
  -1.02095706e+00
  -2.97057597e-01
   2.29749458e-01
   1.16270070e-01
   3.45387516e-01
  -4.78632313e-01
  -5.29587080e-02
   5.90574146e-01
   1.64122860e+00
  -7.93923736e-01
  -1.70345427e+00
   4.74635434e-01
   1.50249795e-01
  -2.80194821e-01
  -3.29257671e-01
   9.55946586e-01
   1.02810179e+00
  -5.55090082e-01
   9.26649109e-01
   1.78420040e+00
   1.34288037e+00
  -2.82398037e-01
   9.46493781e-01
   1.38974348e+00
   1.31935459e-01
   9.15700030e-01
  -5.41344227e-01
   1.48662417e-01
  -1.02121656e+00
  -9.09179040e-02
   5.23443882e-01
  -2.52430780e+00
  -1.39102763e+00
   4.54899519e-01
  -2.44892990e-02
  -1.95889587e+00
   4.49699754e-01
  -1.28880386e+00
   3.03854297e-01
  -8.70239654e-01
   3.11011756e-01
  -1.16460220e+00
  -1.16305971e-01
   9.69580929e-01
   8.38287197e-01
  -3.11303332e-01
  -1.70146501e+00
  -1.20583419e+00
  -3.68448225e-01
  -9.16622559e-01
  -6.73157407e-02
   3.77512279e-01
   4.16917927e-01
  -3.74702008e-01
  -5.57495896e-01
   1.18690853e+00
  -3.03613835e-01
   1.66289186e+00
  -5.26260461e-01
   1.05599505e+00
  -4.22777727e-01
   1.58418106e+00
  -2.07506032e-01
   1.64503125e+00
  -9.58965456e-01
  -9.37896109e-01
   9.32934454e-01
   1.60637378e+00
   4.10879654e-01
  -1.15943944e-01
  -7.18016666e-01
   2.06403510e-01
  -5.41395047e-01
   2.47311464e-01
   1.06739587e+00
   7.58803447e-02
  -1.49838012e-01
  -2.24315465e-02
  -1.31315380e+00
   1.60186544e+00
  -6.51694531e-01
   4.16783911e-01
  -1.62068384e+00
   4.53706363e-01
   8.12317638e-01
  -1.15399129e+00
  -1.18548368e+00
   2.60239229e+00
  -4.72435196e-01
   1.76222147e+00
  -1.55978582e+00
   6.03648273e-01
  -7.64449146e-01
   1.38786240e-01
   8.09574330e-01
   1.36764330e+00
  -8.83477061e-01
   4.16312596e-02
  -8.90006491e-01
  -9.50638053e-03
   2.60012799e-01
   2.68968874e+00
  -3.54511477e-01
   1.17370831e+00
  -3.83886290e-02
  -1.66215869e-01
   3.05350353e-01
  -1.55819465e+00
  -1.14006788e+00
  -1.56174695e+00
  -2.91783002e-01
  -6.12041907e-01
   5.73921935e-02
   6.71898220e-01
  -3.98775943e-01
   9.90034932e-01
  -1.04297503e-01
  -4.53012095e-01
   6.36423285e-01
   6.43229286e-01
   2.83251796e-01
  -6.62769200e-01
  -7.45237397e-01
  -1.07802148e+00
  -1.43446508e+00
   8.74897994e-01
  -2.56906441e-01
   1.00137034e+00
   6.73476447e-01
  -9.05960642e-01
  -5.53416309e-01
  -4.42367536e-01
   5.01440697e-01
  -1.23104438e+00
  -6.56505267e-02
   1.23730739e+00
  -1.17170833e+00
   1.64006712e+00
   3.20941194e-01
   3.25246172e-01
   4.18615348e-01
   9.70592804e-01
   2.37972283e-01
   4.26255182e-01
  -7.10872541e-01
   3.26185553e-01
   1.45159271e+00
   1.87171840e-01
   4.73811261e-01
  -1.82857870e+00
   4.42779939e-02
  -3.90674892e-01
  -3.59230642e-01
   2.92567567e-01
  -1.50668035e+00
  -1.17073183e+00
  -6.20055344e-01
  -3.01220849e-01
   6.26892208e-01
   1.18015664e-01
   2.26411341e-02
   1.19039450e+00
  -5.36385112e-01
   2.65431328e-01
  -1.26507400e+00
   2.60054124e-01
   9.51354137e-01
  -4.26166825e-01
   6.03782418e-01
  -1.69500713e+00
  -2.08347110e-02
   3.00992342e-01
   9.44353694e-01
  -7.67969943e-02
   1.08501146e+00
  -2.51541111e-01
  -7.53522917e-01
  -1.57128441e+00
  -6.34174857e-01
  -1.42209517e+00
  -2.04527985e+00
   7.97834278e-01
   8.25450391e-01
  -5.65754585e-01
   1.14235612e-01
  -1.71008660e-01
   4.37412737e-01
   2.46759798e-01
  -1.23808448e-01
   9.43116516e-01
   1.41880466e+00
   1.03627113e+00
   1.82520468e+00
   2.78736593e-01
  -4.66777724e-01
  -8.46913359e-01
  -6.51256037e-01
  -1.02112536e+00
   7.77041761e-01
   4.78568338e-01
  -7.33197728e-01
   8.20704986e-01
  -4.94913006e-01
  -7.54008785e-01
  -9.72139927e-02
  -2.27882655e+00
  -1.74925900e+00
  -5.32586269e-01
   2.57859922e-01
  -2.76826371e+00
  -8.45724096e-01
   2.28899418e-01
   3.07463694e-01
   9.42750573e-01
  -1.31362724e-01
   6.17927464e-01
  -1.19119671e+00
   6.34506550e-01
  -6.30600419e-01
  -1.46374567e+00
   6.14098446e-02
  -8.94389707e-01
  -1.41541094e+00
  -8.19459649e-01
  -5.18421793e-01
  -7.81237098e-01
  -4.12435038e-01
   4.13407370e-01
  -7.65793000e-03
  -5.39405200e-01
  -4.15335864e-01
  -1.08432340e+00
  -6.27900269e-01
  -2.32944822e-01
  -1.31375994e-01
  -4.55893752e-01
   9.82220082e-01
  -1.50681675e+00
   6.75502344e-01
  -9.49093762e-01
   1.62388149e+00
   1.47456377e+00
  -3.87847387e-01
  -6.34186285e-01
   5.75006403e-01
  -2.42030835e-01
  -8.01504840e-01
   9.95754051e-01
  -1.97964129e+00
   1.02135503e+00
  -2.52570763e+00
  -1.11407626e+00
   7.45490104e-01
   3.26613124e-01
   5.84533743e-01
   3.55947596e-02
  -1.32460605e+00
   4.26783043e-01
   2.05459974e-01
  -7.89605471e-01
  -1.68713067e+00
  -1.13402039e+00
  -8.14554394e-01
   1.21415176e-01
  -8.77209907e-01
   1.80806555e+00
   5.61370410e-01
  -1.36345642e+00
  -7.39054814e-01
   3.69145044e-02
   8.82258279e-01
   2.72575529e-01
  -1.07987579e+00
  -3.61030918e-01
   2.70290494e-01
   7.50786002e-01
  -1.65872003e+00
  -1.72632360e-01
  -9.20388557e-02
  -1.35263846e+00
   8.24992383e-01
   1.61230720e+00
   4.10167828e-01
   1.38726770e+00
   1.11795390e+00
  -1.59085267e+00
   1.60312715e+00
   4.08910291e-02
   4.17721230e-01
  -6.31540686e-01
  -1.33135049e+00
  -1.02488915e+00
   1.68179197e+00
  -3.68695451e-02
  -7.01770249e-02
   5.12556222e-01
  -1.18638215e+00
   3.32386374e-01
   4.88269070e-01
   3.05114680e-01
   5.54397155e-01
   9.58667282e-01
   2.05963170e+00
  -2.21223076e+00
  -2.16580368e+00
  -4.48944386e-01
  -2.90429288e-01
   3.86163956e-01
  -4.23162680e-02
  -2.86582434e-01
   4.65568766e-01
  -2.17250453e-01
   7.71339519e-01
  -8.06535366e-01
   3.44665902e-01
  -2.23905326e-01
   2.86883468e-01
   6.27537685e-01
   2.33121355e+00
  -5.25642735e-01
   8.09406041e-01
  -1.99089630e-01
  -1.46931142e-01
   8.16530529e-01
   8.87435628e-01
  -4.38206798e-01
  -1.05081060e-01
   4.29264273e-01
   6.72253943e-01
  -1.46534959e+00
   3.85717770e-02
  -6.05473081e-01
  -1.43924850e+00
   6.26054173e-01
   4.70182936e-01
  -3.80916324e-01
  -4.29697520e-01
  -1.22293677e+00
   9.73822188e-02
  -5.45418952e-01
  -4.20232500e-01
  -8.93924863e-01
   8.64181062e-01
  -2.45405309e-01
  -1.35274917e+00
   9.97615183e-02
  -6.87078002e-01
   8.84770912e-01
  -2.76121249e-01
  -1.05547329e+00
  -8.86003864e-02
   5.97994837e-01
  -2.33570711e-01
  -1.76862222e+00
  -1.11618802e+00
  -9.93600643e-01
  -1.52420929e-01
   1.12283907e+00
   1.56127696e-03
  -1.81118107e-01
  -6.97850112e-01
  -4.42774613e-01
   9.54896143e-01
   1.78738445e+00
   4.93361806e-01
   6.40645628e-01
  -1.26691695e+00
   7.83876801e-02
   2.87912396e-02
   1.24844149e+00
  -1.85850367e+00
   7.66242247e-01
  -2.02518352e+00
  -1.26524272e+00
   1.46921350e+00
  -1.62994295e+00
  -1.92004978e+00
   6.30070893e-01
  -1.05806492e+00
   5.35471856e-01
   6.44744087e-01
  -4.78074457e-03
   1.17942640e+00
  -5.07301184e-01
  -6.24607280e-01
  -1.43468072e+00
  -6.54663791e-01
  -7.90336743e-01
   3.91971188e-01
  -4.09023361e-01
   2.08073390e-01
   2.50435709e-01
  -1.11837431e+00
   3.61696083e-01
   2.33017486e-01
  -8.95973689e-01
  -1.86454593e+00
   5.55943272e-01
   7.85191079e-01
  -6.59300586e-01
   1.53108209e+00
  -2.04704691e-01
   3.79986406e-02
  -4.50078906e-01
  -1.75998889e-01
  -1.18470183e+00
  -9.62618760e-01
   5.42217810e-01
  -9.62210810e-02
  -1.93673303e-01
  -8.83839432e-01
  -1.44476798e+00
  -1.12501061e+00
  -4.00985016e-02
   1.80789779e-01
   4.31380931e-01
   2.96137738e-01
   1.15600357e+00
  -3.58727009e-01
   5.95984025e-01
   8.54489825e-01
   1.56686944e+00
   6.04031949e-01
   1.83919694e+00
   9.56049279e-02
   7.57826487e-01
  -1.56639670e+00
  -2.12213771e-01
   1.55512574e-01
  -6.33390844e-01
  -1.32870035e+00
   1.32255420e+00
   8.96660401e-01
  -1.28527228e+00
   1.45138055e+00
   1.01601063e+00
   3.65282524e-01
   5.72630549e-01
  -6.19335390e-01
   1.17229384e+00
   3.69682738e-01
  -8.37264408e-01
   6.69276160e-01
  -4.78315024e-02
  -1.21987259e-01
   8.70254801e-01
  -5.59162679e-01
  -1.09998006e+00
  -1.65064759e-01
   6.22321235e-01
   8.43319574e-01
   1.24881606e-01
   1.63609773e+00
  -3.07517390e-01
  -9.70769195e-01
  -1.10217336e+00
   7.46546646e-02
   9.85806971e-01
   1.01514598e+00
  -2.51230724e-01
  -4.33460770e-01
  -2.48942250e-01
   2.33062405e+00
  -6.40812716e-01
  -1.47560849e-01
  -1.36847158e-01
  -2.31379286e-01
  -8.80759128e-01
  -8.55497914e-01
   1.89956266e-01
  -2.86106952e-02
   1.87264265e-01
  -1.94310150e+00
   1.09973695e+00
   3.78322240e-01
   2.88276642e-01
  -2.42926321e-03
   2.60020774e-02
  -3.32549795e-01
  -7.68447186e-01
  -1.33223120e+00
   2.68560593e-01
  -1.62166605e-01
   8.53044965e-01
  -4.98045020e-01
  -1.93298422e+00
  -1.19651054e+00
  -3.03581292e-01
   3.13009453e-01
   1.33689254e+00
  -1.02607574e+00
   6.62380395e-01
   8.61224719e-01
  -9.98105179e-01
   6.06521777e-01
  -7.29454755e-01
  -2.73926263e-01
   6.63139357e-02
   8.93893027e-01
  -6.60282126e-01
   1.80946473e-01
   6.53647411e-01
   2.47546203e+00
  -2.36669974e+00
  -1.45625318e+00
   4.62270243e-01
  -1.06072476e+00
  -6.98071710e-01
   3.67862003e-01
   9.70003554e-01
   1.43380042e-03
   4.62756830e-01
  -1.24177153e+00
  -8.13165216e-01
   1.55315705e-01
  -1.56507452e-01
  -6.71449070e-01
  -1.02854166e-01
   4.57555499e-02
   7.98052651e-01
  -8.81866088e-01
   3.42750190e-02
   5.95022115e-01
  -7.19855651e-01
  -8.67306300e-01
   1.39808502e+00
   5.58991064e-01
   3.51840071e-02
  -1.17828143e-01
   2.01738622e+00
   7.60838128e-01
   7.78886281e-01
   1.34380433e-01
   1.32178900e-01
   1.30675175e+00
   2.33496930e-01
  -2.60349172e-01
   1.32888539e+00
   1.67447924e-01
   1.21251422e+00
  -5.74196785e-01
   7.51670110e-02
  -8.21711584e-01
   8.72852215e-01
  -3.06397670e-01
  -1.02124799e+00
   1.13992889e+00
  -2.49459360e-01
  -5.09267716e-01
   6.01163945e-01
   2.05832443e-01
   9.14803894e-01
  -1.75602867e+00
  -1.84725563e+00
  -7.75731252e-01
  -1.25437424e+00
  -6.64093088e-01
   6.82316214e-04
  -4.40533467e-01
  -2.06624181e-01
   8.01996430e-01
   3.85941629e-01
   8.38988645e-01
  -4.93053014e-01
  -1.09518479e+00
   1.60073107e+00
  -2.25037399e+00
  -1.37251284e+00
   1.05949170e+00
   8.79236685e-01
   5.72174571e-01
  -4.20908684e-01
  -4.54416151e-01
  -5.60136906e-01
  -1.03367277e+00
  -8.28363518e-01
  -2.77733859e-01
  -1.22385598e+00
   1.93257493e+00
   1.59848160e+00
   5.85877147e-01
  -1.43318614e-01
  -1.53027623e+00
   7.71274673e-01
  -1.00432474e-01
   7.15903974e-01
   2.21826523e-02
  -1.74900396e+00
  -1.49174277e+00
   1.21128096e-01
  -7.25708643e-01
   3.59320835e-01
  -2.64537983e-01
  -7.91336463e-01
   6.58054678e-01
   1.54443834e+00
   3.44294994e-01
   1.18570570e+00
  -2.40082767e-01
  -1.32057025e-01
  -1.70262509e+00
   8.69694361e-01
   3.55833531e-01
  -1.60221772e-01
   3.35000658e-01
  -1.90815277e-01
  -1.10564123e+00
   6.53563165e-01
   5.92391447e-02
   6.25115625e-01
  -2.94999747e-01
  -6.31120751e-02
  -4.97495061e-01
  -1.17524863e+00
   4.45710054e-02
  -4.74091917e-01
   1.55280489e-01
   9.19543175e-01
   3.33824001e-01
   3.29296908e-01
   6.93169537e-02
   2.16311118e+00
   3.87401378e-01
  -6.89915164e-02
   3.33483883e-02
  -8.17506504e-01
   1.18736730e+00
  -1.47794427e+00
   3.49269959e-01
  -1.45935798e+00
   7.48553116e-01
   1.61710504e+00
  -8.64286565e-03
  -8.98583673e-01
  -3.24369379e+00
  -8.16513693e-01
   1.37584323e+00
   1.65151619e+00
  -4.80961752e-01
  -5.54334121e-01
   2.27591771e-01
   2.16789546e-01
  -8.29183640e-01
   3.08392557e-01
  -1.58839009e-01
  -9.62178719e-01
  -7.50972778e-03
  -1.04726186e+00
   1.66156119e+00
  -7.60724418e-01
   1.84676760e-01
   3.26955279e-02
  -1.56399588e+00
   6.84604013e-01
   9.50331330e-01
  -1.20586528e+00
   7.25141470e-01
  -2.20716359e-01
   3.10592672e-02
   2.74985714e+00
  -1.08723405e-01
   1.35413305e+00
  -2.97342645e-01
   1.24221970e+00
  -5.28148667e-03
  -3.87272233e-01
  -5.94271965e-01
  -1.43363052e+00
   7.71491742e-02
   1.36565272e+00
  -3.74711736e-01
   1.23949046e+00
  -8.46414942e-01
  -1.16432153e+00
   1.54273058e+00
   8.73949212e-02
   2.61388652e-02
  -1.52442627e-01
  -1.30547555e+00
  -5.71902699e-01
  -2.20511119e+00
   4.63056739e-02
  -2.69532657e-01
  -6.00727014e-01
   3.55163589e-01
  -7.52615977e-01
   1.92447707e+00
  -2.40991084e-01
  -2.15932592e+00
  -2.27325772e+00
  -1.07477858e+00
  -6.18173799e-01
  -4.78824975e-01
   1.25543071e-01
   9.65518548e-02
  -1.33041937e+00
  -1.98216959e+00
   6.32688851e-01
  -5.17580390e-01
   1.47043521e+00
   8.86920046e-01
   1.93465415e+00
  -3.81778959e-01
   1.69320285e-01
   2.11265397e+00
  -1.33504310e-01
   2.59125915e-01
  -1.40222697e+00
  -4.86351415e-02
  -2.49620281e+00
  -1.03043896e+00
  -2.41415206e-02
  -3.86010665e-01
  -3.64446778e-01
   2.78217426e-01
  -4.02240312e-01
  -1.71437867e+00
   1.09494948e+00
  -8.49159272e-01
  -7.30759426e-01
  -3.63972340e-01
  -4.53336966e-02
  -1.58536802e+00
  -1.63250316e-01
   4.14800280e-01
  -9.27127631e-01
  -1.41018047e+00
   1.55552471e+00
  -5.97732119e-02
  -5.50700027e-01
   1.32467991e-01
  -1.04690264e+00
   2.73575721e-01
   4.63106361e-01
  -7.99769138e-01
  -1.41348827e-02
   7.38798120e-01
   2.36449785e-01
   7.20119223e-02
   2.00019765e-01
  -5.44467729e-01
  -4.24363825e-01
   1.08921764e+00
   2.02534240e+00
   8.34309865e-02
   9.65272572e-02
   8.29308995e-01
  -1.12156060e-01
  -1.32524743e+00
  -1.23281929e+00
  -7.97524540e-01
  -5.86210452e-01
   3.95634835e-01
   9.86502068e-02
   1.78755920e-01
  -2.52671805e+00
  -8.73426544e-01
  -1.00269482e+00
   7.92822866e-01
   3.76023127e-01
   3.78714454e-01
   2.03907071e-01
   4.00004440e-01
   1.10068181e+00
   5.87554122e-01
   3.80870464e-01
   3.41045384e-01
  -7.15882872e-01
  -9.97936332e-01
   5.05291758e-01
  -5.13323841e-01
   9.83988430e-02
  -5.88867764e-01
  -2.33581910e-01
  -4.61512998e-01
   1.21889609e+00
   6.86630084e-01
  -4.42131054e-01
   2.63285986e-01
  -3.07762139e-01
  -7.94700452e-01
  -2.12378653e-01
  -2.35127768e-01
  -8.69784295e-01
   6.71310081e-01
   1.61878953e+00
   3.73983071e-01
  -9.81235138e-01
  -8.06190697e-02
  -3.11846114e-01
  -9.38579778e-01
  -1.68105582e+00
   1.79864580e-01
  -4.71844085e-01
  -4.30735832e-01
   7.72843228e-01
  -4.33333561e-02
   5.30387594e-01
   5.89837395e-01
   1.32927383e+00
   3.82642971e-01
   5.27320547e-01
   1.52798666e-01
   5.46001011e-01
   3.85103797e-01
  -1.25425689e+00
  -1.51916535e-01
   1.85272660e-01
  -1.82190195e+00
  -1.11237371e-01
   1.91675766e+00
  -3.93401025e-01
  -4.57816701e-01
  -1.53763589e-01
  -3.28693785e-01
   9.29562103e-02
  -7.76547536e-01
   7.66507356e-01
  -3.86128566e-01
  -1.02432155e+00
   7.12215446e-01
  -3.84392626e-02
