  4.28910375e-01
  1.43163476e-01
 -6.95843953e-01
 -2.78743202e-01
  6.85333953e-01
  9.61926745e-03
 -9.61469487e-01
  1.91316474e+00
  2.03579777e+00
  1.62109181e+00
 -1.51142467e+00
  2.21458927e+00
 -1.26274864e+00
 -1.75629231e+00
  1.93295357e+00
  1.26649344e+00
 -7.41393700e-01
 -1.07044991e+00
 -1.92191523e-01
  3.49669834e-02
 -1.07150593e+00
 -3.33313700e-01
  1.27837955e+00
  1.71500415e-01
  6.84965565e-01
  1.40577449e+00
 -5.84818401e-01
 -2.33709305e+00
  9.93846001e-01
 -1.78759713e+00
  3.42753065e-01
  1.12147224e+00
 -1.87858826e+00
 -1.57965771e-01
  3.61523561e-01
 -1.12229352e+00
  1.25539067e+00
  8.53835258e-01
  5.81170007e-01
 -6.96126094e-01
 -2.02729226e+00
  7.95474763e-01
 -1.01743816e+00
  2.16052520e+00
  9.13125457e-02
 -1.77778782e+00
  7.49840928e-01
  2.63262057e-01
  8.90992838e-01
 -9.56388932e-01
  4.07541552e-01
 -6.50238957e-01
  3.62131358e-01
 -1.78016733e+00
  1.53386779e+00
 -1.26732817e-02
  7.97867268e-01
 -3.24633241e-01
 -4.31841900e-01
  5.19306311e-01
  2.86662311e-01
  3.48513351e-01
  1.50634433e+00
 -8.62624730e-01
  1.20160751e+00
 -8.84367630e-01
  7.13243822e-01
 -5.24057975e-02
  1.57105125e+00
 -6.26646742e-01
  4.12426813e-01
  5.56604671e-01
  4.95827682e-01
 -1.43600280e+00
 -7.79025659e-01
 -3.28773947e-01
  1.02830754e+00
 -6.20318323e-01
  1.02143794e-01
 -6.16430159e-01
  2.74824518e-02
 -3.88099579e-01
  1.20798659e+00
  9.24608537e-02
 -3.45158684e-01
  4.31187324e-01
  1.17725011e+00
  6.10991833e-01
  1.51040321e+00
  1.82928494e+00
  1.21234422e+00
 -2.10246592e-01
  3.15161941e-01
 -4.34136405e-01
 -1.45584370e+00
 -1.09920670e+00
  9.87941192e-01
 -4.37119829e-01
  1.36100293e+00
 -2.92695757e-01
  6.44540263e-01
 -1.09948176e-01
 -1.25961377e+00
 -6.93834170e-01
  5.99576629e-01
 -5.16574073e-01
 -1.86001143e-01
  5.03631576e-01
  1.06299213e+00
  2.78381177e-02
 -2.43032043e-01
 -2.44228670e+00
 -1.07076768e+00
 -1.19084594e+00
 -8.25768516e-01
  1.54330648e+00
  5.12058109e-02
 -1.80721293e-01
 -5.27546863e-02
  2.99511273e-01
  1.99580619e-01
 -1.71663124e+00
 -3.66496810e-01
 -8.15653185e-01
 -4.37797094e-02
  9.36898701e-01
  2.14463274e+00
 -4.30369038e-01
  8.44793563e-01
  1.08560154e+00
  4.31495531e-01
 -7.71116439e-02
  4.74557595e-01
  3.97803232e-01
 -7.33932668e-03
 -9.67285438e-01
  9.42978018e-01
 -3.41952374e-01
 -1.05968240e+00
 -8.01895076e-01
 -5.60388698e-01
 -1.68803250e-01
 -1.87288859e+00
  1.05029933e+00
  4.70895878e-01
  3.85416619e-01
 -1.93762169e+00
  9.53454618e-01
  8.56966846e-01
 -6.44185333e-01
  2.90038271e+00
  4.85108832e-01
  2.17627443e-01
 -2.11435815e+00
 -2.52934278e-01
 -3.69027184e-01
  4.87455356e-01
 -1.36664539e+00
 -1.38444637e+00
  5.50253719e-01
  1.17948359e-01
 -1.01248127e-02
 -4.74675728e-01
  4.91399711e-01
 -6.34110135e-01
 -1.20653680e+00
 -5.76041591e-01
 -1.97992328e+00
  9.04164750e-01
  2.46972022e-01
  1.98066977e+00
 -5.41407604e-03
  1.35605981e+00
 -7.29488240e-01
  1.90747140e-01
  1.00628472e+00
  2.17587320e-02
 -1.20443469e-01
  7.63575194e-01
 -1.57412920e+00
  7.38098371e-01
 -6.03040236e-01
 -2.86125559e-02
  2.04108767e+00
 -1.47278554e+00
  5.30972397e-01
 -3.31751072e-02
  7.96205900e-01
  7.08943394e-02
 -1.17958815e+00
 -1.38727723e+00
  3.57011234e-02
  1.32805872e-01
  6.78115893e-01
 -1.73451625e-01
 -6.87519597e-01
 -1.19605020e+00
  7.02274819e-01
  2.44033867e+00
 -2.30692131e+00
  2.73792916e-01
  8.37898887e-02
 -1.44276705e+00
 -1.30544995e-01
 -9.75637285e-01
  4.83259641e-01
 -2.48268876e-01
 -5.49274488e-03
  2.50165946e-02
 -2.67929771e-01
 -8.19518341e-02
  6.69804253e-01
  8.54871850e-01
 -3.68876377e-01
 -1.64660246e-01
  7.50724277e-01
  5.09309175e-01
  1.11320241e+00
 -2.00836132e+00
  4.27494008e-01
 -6.72329798e-01
  7.91596640e-01
  1.07418103e+00
  9.87819366e-01
 -2.30444675e-01
  1.02715683e+00
 -1.44413246e-01
 -1.99211373e+00
 -1.04087049e+00
  8.46465245e-01
  1.25411956e+00
 -1.68866894e+00
  1.64965729e+00
 -1.42516250e-01
 -9.67954153e-02
 -2.97798327e-02
 -9.10476906e-01
  5.92083013e-02
  9.11712465e-02
  2.27754256e+00
  1.72954386e+00
 -6.50370943e-01
 -6.75562097e-01
 -1.36870607e+00
 -3.81536641e-01
 -6.31180371e-01
  5.59787812e-01
  1.83677215e-01
 -6.46235167e-01
  9.53432129e-01
  1.44093539e+00
 -2.42725601e-01
  8.79162577e-01
 -1.64032206e+00
 -1.40965501e-01
 -1.28815360e+00
 -9.82226811e-01
 -2.01444749e+00
  3.52526090e-01
  2.31249683e+00
 -2.47297900e+00
 -1.04974368e+00
 -7.88598384e-02
 -2.26334582e-01
 -1.65330692e+00
  4.33789352e-01
 -4.84019904e-01
 -1.34869209e+00
  8.40367415e-01
  1.54533356e-01
  1.81267635e-01
  1.34412823e+00
 -1.14578210e+00
 -8.95832687e-02
  1.29107956e+00
  9.37307051e-01
 -2.13949084e-01
 -1.69988962e+00
 -7.24918663e-01
  8.45319219e-01
 -1.76233856e-01
  1.17168203e+00
  3.84356483e-01
 -4.00757004e-01
 -5.94365978e-01
  8.57042902e-01
 -1.48520081e-01
 -1.02477986e-01
  1.20025441e+00
 -1.23359436e+00
  7.94853638e-01
 -4.71497759e-01
  1.07278834e-02
  1.84142091e-01
  1.86541619e+00
  2.85182852e-01
 -3.54220606e-01
 -2.31680809e+00
 -1.43916581e+00
  3.86205813e-01
  4.33489408e-01
 -3.17246088e-01
  4.46182216e-01
  1.51517522e+00
 -3.43207865e-01
 -1.45041004e+00
  8.87305332e-01
 -2.40251605e-01
  1.10581549e+00
  1.57775189e-02
 -4.70349803e-01
 -1.14923503e+00
  5.80357649e-01
  4.52861727e-01
 -3.68896044e-01
 -6.88774922e-01
  1.96205179e+00
  1.90452421e+00
  1.29918220e+00
  3.03773217e-01
 -6.88509956e-01
 -6.65430206e-01
 -1.05242000e+00
  9.43101225e-01
  7.72267175e-01
 -1.69308533e+00
 -9.24517827e-02
 -1.83295062e+00
 -1.42740709e+00
  1.08338740e+00
 -9.97141033e-02
  4.96858705e-01
  1.05480582e+00
 -1.09241951e+00
 -7.98074771e-01
 -1.05048692e+00
  1.43848605e-01
  7.98748970e-01
  1.25775434e+00
  7.02036731e-01
  4.63499991e-01
 -8.67544051e-01
  2.22586272e+00
  9.42129399e-02
 -1.23099435e+00
 -1.37842604e+00
  1.10722069e-02
 -1.03411435e+00
  4.38854101e-01
  1.72019358e+00
  9.69287068e-01
 -1.51827738e+00
  6.30922028e-01
 -6.27831274e-01
 -2.74503784e-01
 -1.66628323e+00
  5.34142747e-01
  1.87863658e+00
 -1.61577351e+00
 -1.60059191e+00
  1.34619042e+00
  7.86707102e-01
  2.08302534e+00
 -1.00520709e+00
  9.77451564e-01
  7.13170167e-01
  1.01460244e-01
  8.12221895e-01
 -5.74405725e-02
  1.19999549e+00
 -8.58392376e-01
 -1.75698801e+00
 -6.53925812e-01
  1.19462919e+00
 -1.46285749e+00
 -1.09877047e+00
  8.07203207e-01
 -6.97007209e-01
  1.30544931e+00
  2.31966400e-01
 -2.69458505e-02
  6.18417016e-01
  1.68208352e-01
 -9.46640317e-01
  6.25782800e-02
 -1.60169448e-01
 -4.05431019e-01
 -1.87471892e-01
 -1.28268768e+00
  5.63235948e-01
 -5.00940805e-01
  2.94168323e-01
 -5.03224417e-01
  8.63540016e-01
  9.50438901e-01
 -2.51289156e-01
 -1.71210606e+00
 -4.75660217e-02
  8.86031269e-01
 -6.38789506e-01
  7.46333859e-01
 -4.89363802e-01
  1.34438864e+00
  7.51824116e-01
  1.73547043e+00
  5.93405911e-01
 -5.74453022e-01
  7.16859288e-01
  5.70133614e-01
 -1.71586940e+00
  1.85460793e-03
 -1.99526500e-02
 -1.28742331e+00
 -1.13305954e+00
 -1.24363682e-01
 -1.08810593e+00
  9.96340376e-02
 -1.25958716e+00
  6.73531823e-01
 -9.72555393e-01
 -7.37698186e-01
 -4.76457105e-01
  7.06548779e-01
 -8.53639573e-01
 -1.15656396e+00
  8.15967813e-01
  1.91812918e+00
  1.44741516e+00
 -1.71338615e-02
 -9.24266282e-01
  6.23473217e-01
 -7.23555071e-01
  1.08422484e+00
  7.28453373e-01
  1.92065565e+00
 -3.76621029e-01
  8.89402653e-02
 -9.00626038e-01
  1.89123767e-01
 -1.51767462e+00
  7.24891698e-01
  1.03134980e-01
 -1.07141186e+00
 -1.23590540e+00
  4.82314712e-01
  1.02455684e-01
 -1.32226120e+00
 -7.03234829e-01
 -7.11414261e-01
  8.05287351e-01
  3.28065434e-01
 -6.84067654e-01
 -3.88385137e-02
  8.90265487e-01
 -5.81429429e-01
  4.54415651e-01
  2.90265122e-01
  1.31669361e-01
  3.12461995e-01
  1.58785497e+00
 -1.11134994e+00
 -3.64379285e-01
 -4.01978036e-01
 -2.26609475e-01
  1.58431350e+00
  1.19562719e+00
 -2.54204771e-01
 -1.71901807e-01
 -1.24428978e+00
  1.16349379e-01
  1.54378249e-01
  2.66865068e-01
 -5.26468882e-01
  1.27556743e+00
  1.61996402e+00
 -1.54256442e+00
 -3.97202107e-01
 -1.18284429e+00
  4.18324981e-04
 -1.50282686e+00
 -1.55672502e+00
  1.28068744e-02
 -1.10521462e+00
 -1.17047513e+00
  3.31233694e-01
 -7.93192520e-02
 -2.21135446e+00
  9.42086948e-01
  5.94939638e-01
 -1.10333572e+00
  1.15227038e+00
  2.34820180e-01
  5.51497761e-01
  3.79978342e-01
 -1.05772507e+00
 -9.29161732e-01
  5.41299655e-01
 -1.54091730e+00
 -5.04459076e-01
 -1.02617419e+00
 -1.17365652e+00
 -7.61611019e-01
  9.57020302e-01
 -9.40704498e-01
  3.09920999e-01
 -1.71435608e+00
 -1.29946445e+00
  9.37481165e-01
 -4.24668917e-01
  2.20801546e-01
 -6.41925635e-01
  1.38927121e+00
 -6.69536663e-01
  1.80568940e-01
  1.80621462e-01
  1.16082169e+00
 -9.56873007e-01
  5.83274229e-01
 -1.69599694e-01
 -1.40430411e+00
 -1.01501150e+00
  2.57492675e+00
  6.65469455e-01
  1.42386691e+00
 -7.81369702e-01
 -7.24191882e-01
 -3.15019608e-02
  4.09252249e-01
  8.79425518e-01
  1.12574157e+00
  2.10392547e-01
  1.37059220e+00
  4.37801308e-02
 -4.20493272e-01
  2.77390886e-01
 -3.49044507e-01
 -2.48783463e-01
  6.00247659e-01
 -1.03396489e-01
 -4.30432019e-01
  1.67482566e+00
  1.27787515e+00
  1.84188740e-01
  1.38060092e+00
 -3.90195172e-01
 -6.11669241e-01
  1.21103433e+00
 -4.58747101e-01
  3.43732183e-01
 -1.33470983e+00
 -6.10972019e-01
  1.26176629e+00
 -9.04214922e-01
 -1.34418450e+00
 -9.55065220e-02
  1.44425948e+00
  1.59201492e+00
 -1.98095768e+00
  1.16714142e+00
 -6.81240557e-01
 -2.42270045e+00
  5.75232099e-03
  2.57382780e-01
 -5.15391642e-01
 -7.41817783e-01
  3.10604646e+00
 -2.25336148e+00
  1.63706435e+00
 -3.11339362e-01
 -2.11310057e+00
 -1.11732810e+00
 -1.66469936e+00
 -2.24935546e-01
 -1.75995794e+00
  9.03705609e-01
  1.28344985e+00
  7.68533145e-01
 -1.35418940e+00
  2.99128992e-01
 -1.11375590e+00
 -8.78685554e-01
  1.16766432e+00
 -9.29154320e-01
  3.98502533e-01
 -1.02516600e+00
 -3.94885491e-01
 -8.28207141e-01
  5.17065781e-01
 -6.90897248e-02
  9.74574012e-01
 -1.26911509e+00
 -1.01444461e+00
 -6.18762000e-01
  8.44233619e-02
  2.83338553e-01
  1.32857940e+00
 -5.56789533e-01
  5.73419313e-01
 -5.36109086e-01
 -5.70347126e-01
 -4.86116290e-01
  4.89102433e-02
  7.78147005e-01
  1.59322427e+00
 -6.65251951e-02
  1.59214890e+00
 -6.94080135e-01
 -5.03007178e-01
 -2.01523741e+00
 -1.31291849e+00
  2.99653721e-01
  8.59350348e-01
  2.36704162e-01
  5.62762302e-01
 -5.61043190e-01
  4.59204921e-01
  8.80706318e-01
  2.56765478e+00
  2.41865961e-01
  9.86556110e-01
  6.51181497e-02
 -1.06969886e+00
 -3.53713094e-01
  1.06074234e+00
  8.12378132e-02
  4.32291784e-01
  1.40086684e+00
  7.93181789e-01
  2.78983227e-01
  2.40871823e-01
 -2.46613485e-01
 -6.35054390e-01
 -1.44569165e-02
 -9.88322640e-01
 -1.30798065e-01
 -1.40333449e-01
 -1.14276704e+00
  8.89399787e-01
 -4.02962856e-01
  8.08292412e-01
  1.17197088e+00
 -4.35406138e-01
 -1.61826197e-01
 -1.39780161e+00
 -1.25658368e+00
  1.25964329e+00
  1.15343739e+00
  8.47102256e-01
  1.40345910e+00
 -5.54277209e-02
  9.94011558e-01
  1.49327119e+00
  1.48059065e+00
  2.20212468e-01
  5.16740943e-02
  1.94818888e-01
 -5.75821622e-01
  7.69956603e-02
  7.24809257e-01
  3.69033974e-01
  2.77583839e-02
 -4.81468925e-01
 -4.32065335e-01
  1.08904129e+00
 -1.68947584e-01
 -1.09962648e+00
 -9.96475652e-01
  1.16654998e+00
  8.27851951e-01
  7.01858965e-01
 -1.07329314e+00
  1.24759023e+00
 -8.56254659e-01
 -1.02378325e+00
  6.52344399e-01
  1.51849214e+00
 -1.11322660e+00
  1.05754758e-01
 -3.46837932e-01
  4.95174634e-01
 -5.82356989e-01
  1.29280382e+00
 -7.88784785e-01
 -3.46796622e-01
  4.32758168e-01
  3.21819969e-01
 -4.32127358e-01
  3.94125355e-01
 -1.69800740e-01
  1.56763693e+00
 -3.88955205e-01
  2.13245894e-01
 -1.39271867e+00
 -1.32291644e+00
 -2.28405958e+00
 -6.92668926e-01
 -4.96462666e-01
  6.16270857e-01
  1.26323778e+00
  1.31764258e+00
  7.15971096e-01
  1.47194280e+00
  9.78621004e-03
 -2.22627299e-01
  3.74811318e-01
  1.92513708e-01
 -1.11345472e+00
 -1.27909890e+00
  1.26689751e+00
 -2.12809495e-01
 -1.98096649e-01
 -1.72693474e+00
  1.29557020e+00
 -7.93695710e-01
  3.03516409e-01
 -5.07972307e-01
 -3.99824322e-03
  5.44562516e-01
  6.33929375e-02
 -4.38460041e-01
 -3.14663372e-01
  1.23466654e+00
 -4.97445461e-01
  9.66307409e-01
  9.33430659e-01
 -9.68918814e-01
 -3.71509370e-01
 -1.03033328e+00
  3.21381702e-01
 -1.21480862e-01
 -8.80667623e-02
 -1.11611055e+00
  5.12375485e-01
 -8.30954533e-01
 -1.19011807e+00
 -2.09169786e+00
  6.65079220e-02
 -2.07674121e-01
 -1.22953932e+00
 -1.35007108e+00
  3.69605698e-01
  1.64953265e+00
 -9.58803275e-01
 -8.65065630e-01
 -1.23093924e+00
 -7.05335740e-01
 -5.64643126e-01
  1.95756914e+00
 -1.82529977e+00
  7.51538335e-01
 -1.89775150e+00
 -2.39716914e+00
  3.36863899e-01
 -1.90510746e-01
  9.33542785e-01
 -2.17838022e+00
  3.70001999e-01
  1.18226234e+00
 -2.20182796e-01
  3.03692388e-01
  6.96110863e-01
  2.16588295e+00
  8.45920337e-01
 -8.45800719e-01
 -2.34603437e+00
 -1.30773875e-01
  1.29697938e+00
  5.18277630e-01
 -3.98059978e-01
  1.22716499e+00
  3.98124323e-01
 -3.75150863e-01
 -1.61024703e+00
 -1.26893644e+00
 -8.06469522e-01
  1.05673490e+00
  2.30958688e+00
 -1.13184676e+00
  1.04737168e+00
  6.13637233e-01
  1.08614683e+00
 -8.71028155e-03
 -1.81576671e-01
 -7.19920927e-01
  1.38541383e+00
  2.52950888e-01
 -6.94670830e-01
  1.34708688e+00
 -1.34090373e+00
 -1.25062949e+00
 -6.21078965e-01
 -7.64371866e-01
  7.06908621e-01
 -2.48168278e-01
  1.67738636e+00
  5.25202558e-02
  1.36184354e+00
  4.68980162e-01
 -1.37462177e+00
 -1.13382737e+00
 -2.92315959e+00
 -4.93670048e-01
  5.03063279e-01
 -2.19194376e-01
  1.28505486e-01
 -2.15205314e-01
  5.30705348e-01
  1.53711402e-01
 -4.40274466e-02
  1.66040888e+00
  4.96573480e-01
  8.39048905e-01
 -1.08123527e+00
 -8.84148358e-01
  1.67140212e+00
 -2.73631524e-01
 -1.22644294e+00
 -8.60208746e-01
  9.99872816e-01
  1.64624684e+00
  1.53982035e+00
 -1.04414543e+00
  5.06159652e-01
 -5.44113508e-01
 -1.05383701e-02
  2.15183628e-01
 -1.57995917e+00
  6.92997960e-01
 -6.06978203e-01
  1.15963014e-01
  1.26196709e+00
  1.69398560e+00
 -1.02122547e+00
  3.36629167e-01
  5.86909173e-01
 -6.86171710e-02
 -6.10776910e-01
  2.12729964e+00
 -1.78692136e-01
  1.15070122e+00
  2.61813006e+00
 -2.46122072e-01
  1.29098512e+00
 -5.92934045e-01
  1.42719933e+00
 -2.46171909e-01
 -1.28088851e-01
 -1.61992020e+00
 -1.29468043e+00
 -1.30067387e-01
 -8.52302901e-01
  2.05165612e+00
 -2.13112343e+00
 -3.04975949e-01
  6.14110048e-01
  2.98944311e-01
 -9.32512598e-01
 -9.91490754e-01
  8.47887795e-01
 -9.59256113e-02
  6.79555503e-01
 -1.32595170e-01
 -1.11744057e+00
 -3.39083477e-01
  1.53486542e+00
  2.04999758e-01
 -1.24515439e+00
  1.31156661e+00
 -1.29065585e+00
 -2.58180148e+00
  1.26923399e-01
 -1.08491490e+00
  2.18659091e-01
  2.24465743e+00
 -1.38646214e+00
  7.67086081e-02
 -1.46823389e+00
  9.96408525e-01
  5.47600139e-01
 -7.24908614e-01
 -4.48323312e-01
 -7.13495377e-01
 -6.96822590e-01
 -2.20607956e-01
  2.49551965e-01
  1.03852054e+00
  3.97693671e-02
 -2.52989282e-01
 -1.62290568e+00
  1.16523103e+00
  7.89531994e-01
  3.88897553e-02
 -1.43427693e+00
 -1.58504845e+00
 -1.16239696e+00
 -8.82794441e-01
  1.16935032e+00
 -5.54244976e-01
 -2.08471779e-01
  1.07536847e+00
 -7.51033052e-01
 -8.18321333e-02
 -2.12423480e-01
  1.01610438e+00
 -5.06341823e-01
 -2.21038904e-01
  4.75422671e-01
 -1.22966776e+00
 -1.39648119e+00
 -4.77939513e-01
  1.53698993e+00
  4.63166801e-01
 -1.79147796e+00
 -1.46511118e+00
  3.10888928e+00
 -9.76895659e-01
  2.18672772e+00
 -1.34006904e+00
 -1.11822643e+00
  7.87870111e-01
  1.00148349e+00
  5.81226202e-02
  1.02078757e+00
 -1.15279739e+00
  1.48721031e+00
  9.85841273e-01
 -3.16036065e+00
 -1.16895678e+00
 -4.64783734e-01
  5.18371654e-01
  1.14654169e+00
  3.63138428e-01
  5.94524335e-01
  4.83457733e-01
 -6.55097905e-01
  1.61594312e+00
 -2.96182688e-01
  3.30621540e-01
 -6.67296961e-01
 -1.58076802e+00
  3.61562086e-01
 -2.04275807e+00
  7.44563759e-02
 -1.13394733e-01
 -3.30473368e-01
  1.03877621e+00
  2.11964752e-01
 -1.62150130e+00
  1.33194195e+00
  2.04576844e-01
  1.26515660e+00
 -6.17880640e-01
  2.47521194e+00
 -5.18631407e-02
  2.32670033e-01
 -7.11032326e-01
  2.66360164e-01
  1.29707057e+00
 -2.36503673e+00
  3.24486341e-02
 -5.56157199e-01
 -8.23512489e-02
 -5.22260127e-02
 -5.95817607e-01
  2.47409377e-01
  8.05627846e-01
 -1.92615732e+00
  1.91715958e+00
  1.51745911e+00
 -1.42644975e+00
 -3.36473872e-01
  8.69063161e-01
 -1.13482044e-01
  1.18480972e+00
 -3.69081143e-01
 -7.73412368e-01
 -1.49833202e+00
  3.72212420e-01
 -4.85795960e-01
  4.78523521e-01
  2.18954950e-01
 -2.21530065e+00
 -3.25539273e-01
  6.12957223e-01
  6.55284046e-01
 -8.92385617e-01
  9.96406392e-01
  3.62378361e-01
  1.97912437e-01
  1.98487445e+00
  1.70345020e-01
 -1.04636256e+00
  9.65374857e-01
  1.75254557e-01
 -6.39995805e-01
  1.90752665e+00
  3.47869847e-01
  9.80419385e-01
  1.79336852e+00
  1.11518958e+00
 -1.67268788e+00
  8.20697865e-01
 -1.21939343e+00
 -6.74029401e-01
 -9.20451698e-01
  2.53547625e-01
 -7.92855716e-01
  7.13387757e-02
  6.80479578e-01
 -6.02203557e-01
  9.77922693e-01
  4.58141204e-01
  1.75922353e-01
  1.48156470e+00
 -1.78289074e+00
  3.28474810e-02
 -2.61193258e-01
  1.77257456e+00
  1.21985470e+00
  1.93420191e-01
 -1.13322880e-01
 -1.42999538e+00
  3.14244832e-01
 -1.96707592e+00
  6.38115575e-01
 -5.62529356e-01
  1.24216812e+00
 -1.40595180e+00
  1.45899651e+00
  3.59261193e-01
 -9.63889835e-01
 -1.40346184e+00
 -1.19745205e+00
  1.54244946e-01
 -5.55716172e-01
  3.17861955e-01
  1.03157649e+00
 -6.81185589e-02
 -2.05149773e-01
 -5.85345159e-01
 -1.01896583e+00
  9.38534142e-01
  2.81764494e-01
 -7.79448950e-01
 -6.58346411e-03
  1.07147284e+00
 -1.04569421e+00
 -1.86816895e+00
 -1.70748825e+00
 -7.30936024e-01
  4.75531528e-01
  3.14117632e-01
 -2.46922407e-01
 -5.07743085e-02
 -1.34482971e+00
 -5.24242271e-01
  1.12033785e+00
 -8.43750017e-01
 -6.95576085e-01
  5.44982872e-01
  1.14985457e+00
  6.84328757e-01
 -1.52395134e+00
  2.88744956e-01
  2.44987000e-01
 -1.90206647e-01
 -7.55834217e-01
  2.31417467e-01
 -2.23043580e-02
 -6.38151400e-02
  1.92086457e-01
 -2.11433486e+00
  5.12897724e-01
  1.07822534e+00
 -4.20836275e-01
 -6.45338939e-01
 -8.88098612e-01
 -7.93058576e-01
 -1.11878548e+00
 -1.82997447e+00
  1.73828942e+00
 -3.31919564e-01
  2.04722049e-02
 -6.29658267e-01
 -4.94032002e-01
 -1.32137109e+00
 -3.02832332e+00
  3.65221451e-02
  1.32956013e+00
  2.37329595e-01
  6.15899197e-01
  4.27966869e-01
 -1.48284179e-01
  1.29201932e-01
  1.96011918e-01
  1.34436703e+00
 -6.67262090e-01
  7.44047441e-01
  2.22280308e-01
 -8.79513660e-01
  5.86438381e-01
  2.00517716e-01
  5.18051125e-01
  1.45715736e+00
  1.10814282e+00
 -5.12028751e-01
  1.22745181e+00
 -1.00204905e+00
 -1.67590410e-01
  2.43239556e+00
  1.50511951e+00
  1.56281463e+00
 -1.64481226e+00
  6.90875692e-01
  3.71566596e-01
  3.85789775e-01
 -2.84985388e-01
 -1.09700011e-01
  1.53928456e+00
 -1.33044150e+00
 -5.96696517e-01
 -3.32968658e-02
 -8.58406338e-01
 -1.68249648e+00
  4.07431140e-01
 -3.83961090e-01
 -1.02089992e-01
  1.88857318e+00
  1.58747870e+00
 -1.89913509e+00
 -4.44779917e-01
  7.35294313e-01
  7.34964675e-01
 -2.04979719e+00
 -2.02744735e-01
 -2.79732429e-01
 -3.57569877e-01
 -1.79210099e-01
 -2.05547724e+00
 -1.61711810e+00
  7.92029134e-01
 -1.09329267e+00
 -1.52544209e-01
  2.80525514e-01
  1.08948216e-01
 -1.46065422e+00
  9.58837458e-01
 -1.32399995e+00
  5.23035668e-01
 -2.90666988e-01
  1.26474223e+00
 -2.46438416e-01
 -2.62263286e-01
 -8.69037671e-01
 -9.03228836e-01
  1.13403435e+00
  1.39130274e+00
 -1.16067622e+00
 -1.44088093e-01
  1.61794466e+00
 -1.84768124e-01
 -2.29808825e-01
 -3.54536622e-01
 -2.00680533e+00
  1.30353687e-02
 -1.16325063e+00
  1.91249524e+00
 -5.76529598e-01
 -6.55845833e-01
 -6.28224925e-01
 -4.62491290e-01
 -7.27553708e-01
 -5.28678041e-01
  9.36811948e-01
  1.20148261e+00
  1.01197330e-02
  2.23713521e-01
 -9.37990548e-01
 -2.13633013e+00
 -1.00823827e+00
  8.76295304e-01
 -1.18029236e+00
  8.71197979e-01
 -1.56957363e+00
 -1.99591387e+00
  4.16316208e-01
 -6.68776277e-01
 -1.00928494e+00
  1.25775795e+00
 -2.10444560e-01
  2.75588808e-01
  9.41156332e-01
 -8.55105030e-03
  1.09774574e+00
  7.49032917e-02
  4.34553433e-01
  1.26390906e+00
 -1.26784128e+00
  1.39187060e+00
  8.05400124e-01
 -1.13751006e+00
 -1.46399513e+00
 -1.71737201e+00
  1.24824150e+00
 -7.69942910e-01
 -2.57437285e-01
 -2.13252138e+00
 -4.66615177e-01
  5.64264512e-02
  1.03378032e+00
 -1.64906993e+00
  3.32961993e-01
 -5.34231408e-01
  1.56808137e-01
  2.21317150e-01
 -4.75593815e-01
 -1.76867069e+00
 -1.14080689e+00
  1.00844707e+00
 -2.21037526e-01
 -2.68439205e-01
  9.06125040e-01
 -2.29783263e-01
 -1.39297282e+00
  9.09494886e-01
  1.57224255e+00
 -6.23362779e-03
  8.65028229e-01
 -1.96069190e+00
  5.97892263e-01
  2.21611050e-01
 -1.35472317e+00
  6.71974267e-01
  1.36862166e+00
  2.01015120e-01
  3.98161013e-01
 -3.22029502e-01
 -7.39162077e-01
  7.96011027e-01
  8.71001457e-01
 -5.65881411e-01
  1.27358018e+00
  7.66756485e-01
 -6.06196076e-02
  4.86673841e-01
  1.78331554e+00
  1.38919693e+00
  3.30079147e-01
 -7.73050433e-01
  4.53888806e-01
 -1.30519648e+00
  1.25104848e+00
 -2.56422624e-01
 -8.81950666e-01
  9.41347906e-01
  7.82741819e-01
 -7.55104616e-01
 -1.10482037e+00
 -4.42147068e-02
  8.63719799e-02
  9.61976840e-02
  1.64687312e+00
  5.87101159e-01
  2.37999553e-01
  1.18571099e+00
 -7.91659722e-03
  1.38237778e+00
 -4.30898644e-01
  7.80705182e-01
 -2.04626976e+00
  1.33506236e+00
 -7.39469846e-01
 -2.78655587e-01
  6.56949304e-01
  3.07426264e-01
 -1.37118357e-01
  2.62819770e-01
 -1.54709388e-01
 -3.34668739e-01
  2.68766343e-01
 -7.71050725e-02
  1.95293552e-01
 -3.10792440e-01
  5.97861442e-01
  2.72631182e-01
  2.52623673e-01
 -1.42030973e+00
  1.43501725e+00
  8.11101100e-01
  1.31091136e+00
 -1.79192949e-01
 -4.22539575e-02
 -7.04292773e-01
  6.78428282e-01
 -3.31162898e-01
  1.76853287e-01
 -1.43517166e+00
  2.70732021e-01
  5.55405941e-01
  1.50408131e-01
 -8.66927311e-01
 -1.68740453e+00
 -1.63612500e-01
  6.13875958e-01
  9.30831588e-02
  8.49758816e-01
 -4.96482646e-01
  1.00104792e+00
 -1.54929122e+00
  1.27898934e-02
 -1.11303836e+00
  7.56370344e-01
  4.45511203e-01
  2.74339154e-01
 -1.04627950e-02
  9.22545583e-01
 -1.24081193e+00
  1.03482699e+00
  2.06426598e-02
  5.81987308e-01
 -9.84987732e-01
 -5.89063799e-01
 -1.10572470e+00
  2.17053794e+00
 -1.06164213e+00
 -1.23964696e+00
  5.46068272e-01
 -1.35120152e+00
 -1.82149332e+00
  1.34928681e+00
 -3.24589388e-01
  5.19763309e-01
 -3.91524474e-01
  1.42229650e+00
 -7.26839256e-01
 -1.35501801e-01
  1.83027649e+00
  5.24241727e-01
  4.82267042e-01
 -1.69063913e+00
 -5.40652276e-01
 -5.85967970e-01
 -1.38799782e-01
  9.36346928e-01
 -1.28566465e+00
  2.23852879e+00
 -9.32438512e-01
  1.51020812e+00
 -6.64209139e-01
 -1.06170957e+00
  6.40900350e-01
  6.58834971e-02
  5.49443401e-02
  2.46196618e-01
  4.83171408e-01
  1.48913970e+00
 -6.17941449e-01
  2.09799582e+00
  7.10713548e-01
  1.70170160e+00
  5.70121173e-01
  2.30080866e-01
  1.05799846e-01
  7.94766617e-02
 -7.77077501e-01
 -6.59324552e-01
  3.67501793e-01
  1.31884899e+00
 -1.73760584e+00
 -2.32121478e-03
 -1.88999063e+00
  4.31742477e-01
  1.08638495e+00
  1.92735821e+00
  5.13079563e-01
  8.89806917e-01
  1.13013777e+00
 -6.68919995e-01
 -1.38896396e+00
 -9.05538300e-01
  6.41473500e-01
  5.13830075e-01
  1.28541722e+00
 -2.43816309e-02
 -7.39020328e-01
 -1.05630838e+00
 -1.60983797e+00
 -3.03903579e-01
  1.89372089e-01
 -5.67357836e-01
  9.21582155e-01
  1.23110730e+00
  1.59988935e-01
  2.72060030e+00
 -1.08969709e+00
 -1.15415089e+00
 -1.65919639e-01
  3.15066675e-01
  2.30900012e+00
 -7.02034282e-01
 -2.49844951e-01
 -7.78555016e-01
 -6.25763638e-01
  6.35597866e-01
  1.52534182e-01
  9.36621621e-01
 -8.57427478e-01
  1.13783955e+00
  1.50514368e+00
 -2.89963328e-01
 -1.58533921e+00
 -4.75834596e-01
  9.97444013e-01
  5.35493375e-01
 -1.53149120e+00
  8.93688186e-01
  1.34225281e+00
 -1.52251038e+00
 -1.75696593e-01
  1.13231879e+00
  2.33830651e-01
  1.07349926e+00
  5.54969584e-01
 -4.15586335e-01
  5.43032693e-03
  6.86618227e-01
  9.61353128e-01
 -7.25580960e-01
  1.22764340e+00
 -5.00315872e-01
  1.36726123e-01
 -8.65414460e-02
 -2.85455482e-01
  1.12405331e+00
  1.58160976e+00
 -8.65243835e-02
 -2.43542420e+00
  1.07271321e+00
 -7.98099520e-01
  1.01442754e+00
  3.56963271e-01
  1.92320011e+00
  1.06820334e+00
 -2.86899798e-01
  5.11903575e-01
 -2.93225577e-01
 -4.12398440e-01
 -1.23018327e+00
 -2.55793940e+00
  2.34625602e+00
  9.61760841e-02
 -7.87244023e-01
  3.24297065e-01
 -4.91573917e-01
  7.99717808e-02
 -7.70782451e-01
 -4.37341500e-01
 -5.10606522e-01
  4.34475910e-01
 -1.44918278e+00
 -9.96921277e-01
  1.07556410e+00
  1.67719611e+00
 -8.55495638e-01
 -2.07431311e+00
 -1.66096710e-01
  2.90100371e-01
 -1.31499441e-02
  1.81224328e+00
  1.16720618e+00
 -4.33672952e-01
 -1.88826337e-01
  1.08427526e+00
  3.06017561e-01
  4.02805731e-01
 -1.10657372e+00
 -7.70732718e-01
 -3.78903918e-01
 -1.32471122e-01
  1.67873528e+00
  5.03979750e-01
  5.56034755e-01
 -6.37771445e-01
  4.74756501e-01
  1.09338110e-01
  1.64601389e-01
 -5.12213339e-01
 -2.78244497e+00
  2.89273357e+00
  1.98831199e-01
 -1.22451500e-01
 -8.97551686e-01
  5.44706805e-01
 -2.18657737e-01
 -1.43117036e+00
  4.40436178e-03
  3.93414385e-01
  2.71027582e-01
  6.29569776e-01
 -1.02546006e+00
 -6.34629232e-01
 -4.72942199e-01
 -7.63025390e-02
  1.45145791e+00
 -8.64097199e-01
 -1.23392287e+00
  1.56085174e+00
  4.68485907e-01
  4.38295885e-01
  7.17843785e-01
 -1.82032690e+00
 -5.77266737e-01
 -2.10190498e-01
  3.70871896e-01
  7.65734659e-01
  1.30180179e+00
  2.68746284e-01
 -2.36309619e-01
 -2.58883566e-01
  1.31382563e+00
 -6.10371068e-01
 -3.78538146e-01
  3.39719601e-01
 -9.34680090e-01
 -1.21382406e+00
 -2.14020434e+00
  4.59622347e-01
  8.69016973e-01
 -1.44319811e-02
  3.38509473e-01
 -5.81651418e-01
 -8.07079632e-01
 -1.52004796e+00
  1.52258419e-01
  5.09260885e-01
  1.72609953e+00
 -2.02251229e+00
  1.98462591e+00
 -1.11470228e+00
 -9.44110613e-02
 -1.59075444e-01
  1.28636425e+00
 -1.60829744e+00
  5.61156604e-01
  1.15115977e+00
  2.56152304e-01
  1.48112240e+00
  1.96316504e+00
 -5.95859833e-02
 -3.15348008e+00
  7.12007653e-02
  7.73498096e-01
 -1.07075505e+00
  1.51828778e+00
 -1.34841891e-01
 -6.99370633e-01
  7.41866445e-01
 -3.69176149e-01
  5.97659595e-01
  5.98774750e-01
  7.73264867e-01
  2.88988879e+00
 -1.23919521e+00
  1.35057181e+00
  1.45485170e+00
 -8.43372458e-01
  7.67697211e-01
  1.08584200e+00
 -1.17640854e-01
  3.19911045e-01
  2.50999591e+00
 -5.49958057e-02
  7.41706912e-01
  1.46776686e-01
  1.76083420e+00
 -9.15066246e-01
 -1.42483709e+00
 -1.39016854e-01
  8.76061479e-01
 -2.03034770e+00
 -2.87306347e-01
 -8.19491688e-01
  8.79946090e-01
  8.86214036e-01
 -1.29886906e+00
 -1.34858187e+00
 -8.56037263e-01
 -1.51254172e-01
 -5.93526775e-01
 -1.79084424e+00
 -9.56835739e-03
 -8.78078323e-01
 -8.66474448e-01
  1.72520947e+00
  1.32488046e+00
 -1.17311588e+00
 -1.39525883e+00
 -2.34248779e+00
 -1.11889782e+00
 -9.25083267e-01
 -6.00470604e-01
  1.11654920e-01
  1.42674953e-01
  8.53205536e-01
  1.14687113e+00
 -6.29932888e-02
  3.59850554e-01
 -7.93835310e-01
 -1.58310152e+00
  1.46049407e+00
  7.16613063e-01
  1.28103216e-01
  2.32247481e-01
  3.46386103e-01
  1.48257687e+00
  1.31809768e+00
  6.10269000e-01
  3.12096128e-02
 -1.46726675e-01
 -2.26596528e-01
 -2.32337594e+00
 -4.14490673e-01
 -9.98250561e-01
 -5.40685893e-01
 -1.21090512e+00
 -7.63567338e-01
  1.02358538e+00
  1.00569724e+00
  6.25059591e-01
  6.46281347e-02
  3.72362459e-01
  9.18910397e-01
  5.35448104e-01
 -1.42154490e+00
  1.16800613e-01
  6.78639998e-01
  1.58927971e+00
  8.12034789e-01
  9.05056437e-01
 -1.71644056e+00
 -2.31655212e-01
  4.27130715e-01
  5.10930099e-01
 -6.33389068e-01
 -9.64841677e-01
 -3.96408180e-01
 -2.87305453e-02
 -1.52962643e+00
 -1.04946090e-01
  9.41178255e-02
  3.56898572e-01
 -3.40301724e-01
 -1.92843955e-01
 -8.79821119e-01
  2.84637643e-01
  8.80623671e-01
  1.21069555e+00
  2.95151091e-01
  1.57148963e+00
 -2.67052994e+00
  3.34300774e-01
 -7.61495998e-01
  1.11420563e+00
  6.13643823e-02
  2.40070410e-01
  1.78487148e+00
 -9.68594608e-01
 -3.94805957e-01
 -8.39206627e-01
 -3.67095977e-02
 -2.00346986e-01
 -1.93435657e+00
 -6.51260369e-01
  9.16700567e-01
 -4.46584837e-01
 -4.66250176e-01
 -1.20836318e+00
 -5.51930286e-01
 -8.28838275e-01
  4.48475084e-01
 -3.75256767e-01
  1.69274984e+00
  3.97922024e-01
  6.78948054e-01
  1.41071792e+00
  3.36233546e-01
  5.31765393e-01
  7.22618207e-01
 -2.90501951e-02
  7.57556237e-01
 -1.33244617e+00
 -3.66602138e-01
 -1.22131623e+00
 -2.17952111e-01
 -1.45788927e-01
 -4.45670982e-01
 -7.87917468e-01
  5.34072874e-02
 -2.20228483e-01
 -1.63653881e+00
  9.08151294e-01
  2.29553506e-01
  1.14659960e-01
 -6.41243844e-01
  2.80751740e-01
 -3.77296962e-01
 -2.92383135e-01
  3.59480078e-01
 -5.96760431e-03
 -9.48251937e-01
  9.72481897e-01
 -1.28878465e+00
 -6.30041541e-01
  1.13562762e+00
  2.75709211e-01
  5.28003211e-01
  7.01143694e-02
  8.98636229e-02
 -1.22178569e-01
 -6.30295829e-01
 -1.77540822e-01
 -8.13762013e-02
  6.96096864e-01
 -1.12199975e+00
  2.94426879e-01
 -1.06311203e+00
  4.89191572e-01
 -7.58870208e-02
  7.57988912e-01
  1.08911207e+00
 -1.65041616e-01
  8.04014805e-01
 -6.76907710e-01
 -1.38408341e+00
  1.74693637e-01
 -1.41120483e+00
  1.03410120e+00
  2.34154238e-01
  2.39648850e-01
 -4.38387611e-01
  1.54867254e+00
 -1.45107305e+00
  1.56799316e-01
  3.65357777e-01
 -3.15606669e-02
 -4.61333397e-01
 -5.46144365e-01
  1.79792311e-01
 -4.32102925e-01
 -4.87096506e-01
 -9.43511086e-02
  1.84365790e-01
 -1.71527352e+00
 -9.16764977e-02
  6.49735282e-01
  2.83982157e-01
 -2.99786263e+00
 -6.99237716e-01
 -6.42089741e-01
  1.03982103e-01
  1.01381488e-01
  1.72303627e+00
  1.38285585e+00
 -8.58613878e-01
 -7.06232629e-01
 -2.79344716e-01
 -8.37863104e-01
 -1.12719457e+00
 -8.81065112e-01
  1.69940459e+00
  2.34413989e-01
 -1.21289243e-01
 -8.16289681e-01
  1.38841287e+00
  9.17758124e-01
 -9.99729657e-01
  7.38072656e-01
  4.40225438e-01
 -8.30906824e-01
 -7.75034680e-01
  1.49245869e-01
 -4.27488689e-01
 -3.42565426e-01
  5.53200924e-01
  3.57464433e-01
 -1.78008398e+00
 -3.13354648e-01
  1.28757647e+00
  1.10833534e+00
  1.86131167e+00
  1.16664222e+00
 -2.47318044e+00
 -2.15116383e+00
  1.10721603e+00
  2.09248989e-01
 -7.97486441e-01
  4.92127478e-01
 -2.03555060e+00
  2.28388256e+00
 -1.45760137e+00
  1.18503061e+00
 -3.14774720e-01
  1.68841889e+00
 -1.40531981e-01
 -1.54557789e-01
  7.50152479e-01
 -9.84423178e-01
  4.82539842e-01
  1.72913903e-01
 -3.18444536e-01
  7.33724603e-01
 -2.29285815e+00
 -7.75372198e-02
  4.71021896e-01
 -7.72826678e-01
  6.03571419e-01
 -7.67352984e-01
  5.26993898e-01
  6.98684319e-01
  1.11918689e+00
  7.85620879e-01
 -3.23877608e-01
  1.20691744e+00
  4.66347588e-01
  7.62296596e-01
  6.95441309e-01
  1.10509787e+00
  1.89862511e-01
 -7.67841295e-01
  9.83971904e-01
  5.97813297e-01
 -7.99285352e-01
  1.19029103e+00
 -1.19109540e+00
 -9.08192196e-01
  7.30419899e-01
 -9.43802543e-01
  1.68714575e+00
 -5.14176957e-02
 -5.89805870e-02
 -2.99297029e-01
 -1.82363028e-01
  1.44599553e+00
 -1.01126204e+00
 -6.05547539e-01
 -9.57518777e-01
 -7.87004721e-01
 -8.24946344e-01
 -2.30284404e-01
  8.72828249e-01
  7.88851668e-02
  2.90244927e-01
 -1.55775141e+00
 -4.99462826e-01
  9.02812950e-01
 -6.21589714e-01
  8.51856850e-01
  9.32141794e-01
 -1.17663739e-01
 -1.38746712e+00
  1.52135134e-01
 -3.84692757e-01
  1.09125087e+00
  3.88224539e-02
  3.82904376e-01
 -9.96164045e-01
  1.14548145e+00
 -3.17471766e-01
  2.82321006e-01
  9.52654274e-01
  8.97181520e-01
 -1.78441261e+00
 -6.89582523e-01
 -4.42712733e-01
  2.94958947e-01
  4.44765861e-01
  4.24881257e-01
 -7.19879357e-01
  4.56489259e-01
  1.05659985e-01
  8.79064427e-01
  1.03467534e+00
 -3.23697263e-01
  1.73368949e-01
  4.50796587e-01
 -5.65238880e-01
  1.16935348e+00
 -4.77035758e-01
 -9.49909591e-02
 -3.07283026e-01
 -2.26317552e-01
  4.32773910e-01
  4.50973712e-01
 -1.00457228e+00
  3.50707384e-01
  5.35803117e-01
 -1.23025176e+00
 -6.44160568e-01
  8.20793664e-01
 -5.72495694e-01
 -5.76114978e-01
  3.20062335e-01
  8.98271086e-01
 -6.43036451e-01
 -2.74126015e-01
  8.56298473e-01
 -2.70764637e-01
  8.65769247e-01
  5.52025301e-01
  1.61675914e+00
 -2.43702838e+00
  7.66071445e-01
 -1.83919250e+00
 -1.04882209e+00
 -1.58401282e-01
 -1.37176329e+00
  5.74282345e-01
  2.11059270e-01
 -3.40243717e-01
  1.19840560e+00
 -5.70122776e-01
 -4.55963550e-01
  7.31341698e-01
 -1.33550895e+00
  5.47854617e-02
 -2.44069560e-01
 -1.13293675e+00
 -6.55852940e-01
 -5.86150104e-02
  1.55069943e+00
 -1.33451875e+00
 -1.42328751e-01
 -1.11771065e+00
  1.63366474e+00
 -4.23493511e-01
  3.33045834e-01
  1.99874175e+00
 -2.07054500e-01
  8.29999709e-01
  3.66638944e-01
 -1.32980779e+00
  7.26196940e-01
  4.52478962e-01
  4.25815028e-01
 -5.43514628e-01
  9.74704181e-02
 -1.77711085e+00
 -1.98524767e+00
 -7.42733881e-01
 -7.91154849e-01
 -1.98297961e+00
 -3.71076861e-01
 -1.69514960e+00
  3.61448695e-01
  3.66240054e-02
  9.81217155e-01
 -8.64166947e-01
  1.31822320e+00
 -1.23927598e+00
 -1.27082996e+00
  2.54753444e-01
  8.42118268e-01
  1.96472126e-01
  2.38548471e+00
  3.67411307e-01
  1.27171189e+00
  1.33992364e+00
  1.34240835e+00
 -3.84147038e-01
  9.76135073e-01
  1.03560219e+00
 -1.51567755e+00
 -7.61805129e-01
 -4.20281359e-01
  1.98668225e-01
  4.36148416e-01
 -8.76079454e-01
 -5.87028611e-01
 -6.47292685e-02
  1.05274197e+00
  9.46315588e-01
  4.48870584e-01
  2.19472357e+00
  1.01252671e+00
  1.16724583e+00
  1.11958205e+00
 -9.10698226e-02
 -4.66182647e-01
  5.63818212e-01
 -4.35038049e-02
  1.33858046e+00
 -6.65303125e-01
  1.88608541e-01
  1.76897771e+00
  1.35497730e+00
  2.61405797e-01
 -1.12629936e-01
 -9.98503293e-01
 -1.74954059e+00
  1.28321677e+00
  1.47130043e+00
 -5.89618451e-01
 -1.68897189e+00
 -7.60886163e-01
 -1.05454748e+00
  6.02911484e-01
 -9.08887496e-01
 -5.17954121e-01
 -3.96806147e-01
  2.05211330e+00
  9.47605311e-01
 -7.68307380e-01
 -8.10162989e-02
 -1.42202851e+00
  4.82878272e-01
 -1.39110431e+00
 -6.86081628e-01
 -8.34669189e-01
 -8.46070616e-01
  1.68168092e+00
 -8.23379330e-01
 -3.80293044e-01
  6.37017976e-02
  3.52418920e-01
 -1.79557997e-01
  3.29589460e-01
 -1.96087993e+00
  9.71703491e-01
 -6.51461650e-01
 -9.31141201e-03
  4.53170216e-01
  8.13225364e-01
  1.74047886e+00
  9.73989030e-01
 -9.35758395e-01
  2.48074060e-01
 -1.90238032e+00
  2.38174455e-01
  6.97891093e-01
  1.37532198e+00
 -2.03244895e+00
 -5.99813915e-01
  1.51949503e+00
 -1.16737737e+00
 -1.88116297e+00
  1.66643512e+00
 -6.75655767e-01
 -2.25432065e-01
  5.08563369e-02
  5.14029691e-01
  1.28719496e+00
 -5.99542162e-01
  2.55653583e-01
  4.48929755e-01
 -1.44706072e+00
  8.61055585e-02
 -4.46804146e-01
  1.52871656e+00
 -1.84624709e+00
 -1.89625754e+00
 -7.01052356e-01
 -1.27710015e+00
 -1.28335387e+00
 -3.16448630e-01
  2.42203472e+00
  4.78571954e-02
 -3.80143685e-01
 -6.10827862e-01
 -4.53528801e-02
  1.54513571e+00
  4.49004437e-01
  1.68356198e-01
  1.61305282e+00
  3.37225020e-01
  2.41546507e-01
  3.08028954e-01
  1.65901930e+00
  6.18583740e-01
  9.20571001e-01
  9.78381488e-01
 -1.31117537e-01
 -2.06471248e+00
  1.17005558e-01
 -1.02071003e+00
  1.02693933e+00
 -3.02177278e-01
  1.52334842e+00
  2.49563979e-01
 -1.79444907e-01
  1.73938541e+00
 -2.77654219e-01
  1.85600778e+00
 -4.06407647e-01
  1.11845528e+00
  1.93902212e-01
 -1.00877167e-01
  1.01426436e+00
 -1.05777201e+00
  2.80654896e-01
 -5.46365331e-01
 -7.24657488e-01
 -9.65162268e-01
 -5.70849687e-01
 -3.19140014e-02
  7.06207389e-01
 -6.82566672e-01
 -4.17434954e-01
 -5.79410705e-01
 -9.59592682e-01
 -1.39306289e+00
  3.61185586e-01
  1.16615873e+00
 -2.09648455e-02
 -1.24176765e+00
 -4.48584366e-01
  1.32700671e-01
 -3.42811602e-01
  2.07358847e-01
  9.69031614e-01
 -1.57708839e+00
  2.55396023e+00
  4.43874970e-01
 -1.02523256e+00
 -1.24274798e-01
  1.52016850e-01
 -5.81373642e-01
  1.86862800e-02
  1.30617746e+00
 -4.35625110e-01
 -4.30205824e-01
  2.92899320e-01
 -6.62362287e-01
  2.88820022e-01
  2.99173368e-01
 -1.16214101e+00
  5.07479831e-01
  6.70677044e-01
 -1.40837007e-01
  6.65133808e-01
 -5.29346296e-01
  4.54710748e-02
  2.94791723e+00
 -1.27669171e-01
  1.56613980e+00
 -6.34240174e-01
  4.19729669e-01
  3.66713482e-01
  6.18630599e-01
  9.56257257e-01
 -7.04869466e-01
 -3.22146868e-01
 -6.66937545e-02
 -1.10814661e+00
 -1.38735494e+00
 -4.49683066e-01
  2.51530682e-01
  8.31467582e-02
  2.13658926e-01
  2.21135637e-01
 -1.91948450e+00
 -1.31926145e-01
 -1.19726301e+00
  8.16324529e-01
 -3.97566086e-01
 -3.00977100e-03
  6.34684561e-01
  3.05495392e-01
 -3.17720437e-01
  8.67811922e-01
 -9.65479376e-01
  1.61330081e-01
 -7.93194046e-01
 -7.86971721e-01
  3.04799242e-02
 -1.05151786e+00
 -5.98702168e-01
  1.09628318e+00
 -8.62059521e-01
  1.81221144e-01
 -1.38629208e-02
 -1.19971905e+00
  1.98548414e-01
  1.07584602e+00
 -8.71822159e-02
  2.57666109e-01
 -4.18493925e-01
  9.40505273e-01
 -6.33222149e-01
 -9.98731145e-01
  3.01321109e-01
 -7.00119186e-01
 -6.43684973e-02
 -2.04184450e+00
  8.97635938e-01
  9.06721196e-01
 -1.41711179e+00
 -1.83824712e+00
  2.17871145e+00
 -2.23970406e-01
 -1.88497048e+00
  9.29229973e-01
 -6.49351165e-01
 -1.13835582e+00
  9.83075902e-02
  1.83456257e+00
 -1.28753962e-01
  7.46111462e-02
 -1.41346587e+00
  9.39923614e-01
 -1.12380840e+00
 -3.73547949e-01
  5.55583954e-01
  6.61311428e-01
 -5.32338729e-01
 -5.46247881e-01
  3.43993536e-01
 -2.11552270e+00
 -1.57746235e+00
  2.51367077e+00
  5.58196233e-01
  2.84295871e-01
  9.80322657e-01
 -6.88058164e-01
 -4.14579100e-01
  1.44441054e+00
 -8.87525171e-01
 -2.83041968e-01
 -5.89559272e-01
  9.14823984e-01
 -7.66653703e-01
  3.55600873e-01
  1.54223148e+00
 -4.62346685e-01
 -1.20621711e+00
 -2.62939660e+00
 -7.68666447e-01
 -2.10161515e+00
  1.05552361e+00
  1.11019263e+00
  5.75101072e-01
 -8.56394369e-01
  6.58470834e-01
 -4.53104430e-01
  1.49365653e-01
 -2.11127232e-01
 -2.57148645e-01
 -2.44304916e+00
  5.94376070e-01
  1.28259204e+00
  9.50642919e-01
 -9.93531964e-01
 -4.29040101e-01
  2.95594561e-01
  6.98982557e-01
 -1.19456959e-01
  7.57459971e-01
 -5.21490002e-01
  1.18723896e+00
  9.30602937e-02
 -6.41591151e-01
 -3.62718524e-01
  1.29554885e-01
 -1.64194107e+00
  3.42274471e-03
  1.10973310e+00
 -2.15673524e-01
  3.39895404e-01
  4.32637986e-01
 -5.39526976e-01
  5.39970046e-01
 -1.29250804e-01
  4.71676415e-01
 -1.33553578e-02
 -4.59454541e-01
 -2.72292415e-02
 -3.75281393e-01
 -4.12101048e-01
 -1.71279084e+00
  1.13904632e+00
 -1.14396224e+00
 -4.52220475e-01
  9.79570572e-01
  8.72629859e-01
  1.05863117e+00
  5.90567671e-01
 -7.14825331e-01
  2.67610711e+00
  2.02458508e+00
 -9.25351631e-01
 -1.42872836e+00
  5.75116724e-01
 -2.33269338e-02
 -4.32153865e-01
  5.02344663e-01
 -8.89167872e-01
 -2.08245862e-01
  1.29095475e-01
  1.68882136e+00
 -2.71892806e-01
  1.08560995e+00
 -6.32308055e-02
  6.94482609e-01
  2.38196474e+00
 -1.08103446e-01
  1.18799780e+00
  5.85213781e-01
  9.32918458e-01
  8.38142982e-01
  6.88111229e-01
  2.40830158e+00
 -1.60972764e-01
  1.04608414e-01
 -1.28973283e+00
 -7.55862858e-01
 -2.42807395e-01
  1.02838071e+00
 -9.50779394e-01
  6.87518342e-01
  1.58296377e-01
 -8.89781848e-01
  1.25099023e+00
 -4.97141275e-01
 -1.81639751e+00
 -6.97287542e-01
 -1.91847450e+00
  1.08385122e-01
  2.80932544e-01
 -1.24113688e+00
 -1.27707590e+00
  3.66939195e-01
  1.41981116e-01
 -2.96994676e-02
  3.99691767e-02
 -7.02678227e-01
  1.82349380e+00
 -1.77071582e-01
 -3.82807380e-01
 -5.95925728e-01
 -1.04538754e+00
  8.25084535e-01
 -8.68332295e-01
 -8.57828444e-01
  6.00873259e-01
  1.95307201e+00
  3.77330645e-01
 -1.50718731e+00
 -8.30131945e-03
  1.34196815e+00
 -1.79516312e-01
  4.19401954e-01
  1.48268974e-01
 -4.94310710e-01
 -6.90088967e-01
  1.14393907e+00
  1.54791704e+00
  1.33538448e+00
 -1.20549457e-01
  2.37076934e+00
  6.58349297e-01
 -5.62971232e-01
 -3.41584961e-01
  2.47933243e-01
  1.98138945e-01
 -8.35056283e-01
  2.40948446e-02
  6.98761285e-01
  3.46777512e-02
  6.85409432e-01
  1.29661938e-01
  3.80674709e-01
  8.54688071e-01
 -7.83730796e-01
 -1.21169413e+00
 -2.33493002e-01
  5.36000023e-01
  9.00394668e-01
 -7.65625084e-01
  6.30830809e-01
  8.11529926e-01
 -3.90751943e-01
 -5.89125825e-01
  9.10068974e-01
  4.15009881e-01
 -9.35866449e-01
 -6.75623649e-01
  6.54930450e-01
  8.11855986e-01
  2.09962143e+00
  1.22038102e+00
  1.93588881e+00
 -1.05011479e+00
  1.31657543e-01
  1.17072358e-01
 -8.45684253e-01
  1.12983199e-01
  2.30264845e-01
  4.14014835e-01
  1.81288197e+00
 -7.63749610e-02
  1.28030821e-01
  7.93337541e-01
 -5.15545997e-01
 -1.53570661e+00
 -1.21727833e+00
  2.18632993e-01
  2.14284362e+00
  1.42432258e+00
  6.99476419e-01
  3.72414980e-01
  6.31140383e-01
  1.65472881e+00
 -1.77255594e+00
  7.91217048e-01
  1.72322951e+00
  8.14097711e-01
 -9.25589902e-01
  2.25653468e+00
  4.81543426e-01
 -1.04987687e+00
  7.14502023e-01
 -4.68707889e-01
  3.52044340e-01
 -1.21403177e+00
 -4.38240852e-01
 -6.73661414e-01
 -9.36283621e-01
  6.15079963e-02
  1.51838736e+00
  9.17528502e-02
  6.72329107e-01
 -9.25761146e-01
  1.06276137e+00
  1.12451404e-02
 -9.37038838e-01
  1.36186656e+00
  4.39587280e-01
 -9.07679239e-01
 -1.43527541e-01
  1.14908041e+00
 -1.52376316e+00
  1.48245938e+00
  1.23923645e+00
 -2.43398730e+00
 -1.86328967e+00
 -7.83734512e-02
 -5.98941918e-01
 -7.23985675e-02
  6.64347443e-02
 -8.86677202e-01
 -1.14024126e+00
  3.67118631e-01
  2.71812102e-01
  1.25738634e-01
  4.83857690e-01
 -9.44189341e-01
  6.65792168e-01
 -1.97465338e-01
 -9.80156218e-01
  7.72758620e-01
 -1.46780563e+00
 -3.22351618e-01
  9.82786907e-02
  4.12458509e-01
  1.19799441e+00
 -2.33841050e-01
 -7.06556025e-01
  2.28116971e+00
  1.35958056e+00
  2.30623671e-01
 -5.67630606e-01
  1.96146416e-01
  4.58662938e-01
 -8.21455642e-01
 -7.21757220e-01
  5.57421242e-01
  7.43600303e-01
  1.80544323e+00
 -8.05815701e-01
  8.81774115e-02
 -1.14647171e+00
 -6.28257743e-02
  1.46836413e+00
  7.95883387e-01
  1.37487980e+00
 -6.51553615e-01
 -9.46366224e-01
 -2.41556108e+00
 -5.43094171e-01
  8.28078107e-02
 -9.83729618e-01
 -1.73443677e+00
  2.66198565e-01
  8.52726353e-01
  5.95539745e-01
 -7.05520419e-02
 -2.67975648e-01
  8.40498249e-01
  5.38444490e-01
 -1.15602289e+00
  2.09502314e-01
