  2.34593239e+00
  8.92744999e-02
  2.21026840e+00
  7.44033377e-01
  6.76188948e-01
 -4.95861650e-01
  1.00074375e+00
 -1.88735047e+00
 -1.24994643e+00
 -2.32668212e-01
  1.59904590e-01
 -1.00781536e+00
  9.44046113e-01
  1.66721171e+00
 -9.10480137e-01
  4.26109076e-01
 -1.70789785e+00
 -2.57008889e-01
 -1.64037431e+00
  1.99913789e+00
 -5.21540285e-02
  4.93113305e-01
  1.58094958e+00
  1.06069295e+00
 -9.37697083e-01
 -5.49757853e-01
  1.92137012e-01
 -1.57131304e+00
  1.06645438e+00
 -4.82155964e-01
  1.32891929e-01
  1.97750597e+00
  4.85254322e-02
 -4.15244266e-01
 -7.23401930e-01
  9.28627020e-02
  4.69565863e-02
  3.35251421e-01
 -2.12989392e-01
  3.97693197e-01
 -3.66306966e-01
  2.60371468e-01
  4.61966439e-01
 -1.07475897e+00
 -3.20217871e-01
  7.50492280e-03
  4.82940108e-01
 -3.51357396e-01
  1.20817651e-01
  1.46073339e-01
  2.10112606e+00
 -2.94468173e-01
  6.02198095e-01
 -5.15010106e-01
 -3.03426640e-03
 -1.19803305e+00
  2.33534816e+00
 -1.66097705e-01
  1.59217917e+00
 -3.18108348e-01
  1.04694522e+00
 -4.81598740e-01
 -4.48187315e-01
  3.31509877e-01
  1.37424808e+00
  1.37991551e+00
  3.54814035e-01
 -5.82023518e-01
  1.10366135e-01
 -3.81339188e-01
  4.81487258e-01
  1.71888119e+00
  2.24095926e-02
  1.33948157e-01
 -2.40164685e+00
  7.36492030e-02
 -1.26272792e+00
  6.46793713e-01
 -3.56453161e-01
  2.34298140e-01
 -1.42323593e+00
 -9.39688158e-01
  8.31651366e-01
  7.78487261e-02
  1.20994394e-01
  1.54487701e+00
 -5.20910945e-02
  1.17517352e+00
  3.71782994e-02
  2.30935574e+00
  3.58411974e-01
 -1.05965174e+00
 -7.19570228e-01
  6.97607689e-01
 -2.69778626e-01
 -1.85253782e+00
 -6.74605745e-02
 -5.23812294e-01
  3.84775616e-01
 -1.67016794e-01
 -4.13028753e-01
 -1.38883674e-01
 -1.09223051e-01
  7.94373303e-01
 -2.25575225e+00
  7.18627762e-01
  7.23931027e-01
  9.87880494e-01
 -8.73111029e-02
 -1.30102455e+00
  1.97392847e-01
 -9.10752188e-01
  1.05632897e+00
  1.20392518e+00
 -4.73235775e-01
  2.37921142e+00
 -4.81101214e-01
  8.73656289e-01
 -1.13582410e-01
  1.76593670e-01
  5.35117459e-01
 -1.69076355e+00
 -1.63431641e+00
  1.71443399e-01
 -2.35864939e+00
  1.28630029e-01
  1.74065071e-01
  5.13708795e-01
 -2.04902584e-01
 -3.88704829e-01
  1.33831415e+00
  8.14480716e-01
 -1.50255544e+00
 -2.14801561e+00
  7.12700945e-01
 -6.50872161e-01
 -2.55155432e-01
  1.23248851e+00
 -4.57805127e-01
  1.29599362e+00
  1.04971487e+00
  2.58965768e-01
 -5.51162304e-01
 -3.58046829e-01
  8.68915878e-01
  2.43057301e+00
 -1.03868460e+00
 -1.48661851e+00
  5.54302395e-01
  5.43600798e-01
 -8.70400473e-01
  1.37919364e+00
  1.21805222e+00
  6.83131478e-01
 -3.85510588e-01
 -4.33776099e-01
 -3.16267182e-01
  1.26245706e+00
 -3.86488219e-01
 -4.99550181e-01
  2.09898854e+00
  1.43626405e+00
  1.08224491e+00
  1.24601239e+00
 -1.63594545e+00
 -1.55008782e+00
  1.66061121e-01
  1.07927090e+00
  1.05603980e+00
  7.72614029e-01
  3.72291289e-01
 -8.48089784e-01
 -1.92068976e+00
 -8.18336604e-01
 -2.12804645e-01
 -2.89825633e-01
 -5.71611851e-01
 -2.82456605e-01
 -9.28217424e-01
  1.02331301e-01
  1.90322956e+00
 -7.96174252e-02
  3.29594227e-01
  3.02842707e-01
  1.03764646e+00
  6.94830265e-01
  2.24079553e+00
 -6.65044285e-01
  5.81217586e-01
 -1.09959454e+00
 -1.81641298e-01
  6.33568488e-01
 -9.29620234e-01
  8.29071945e-01
  9.91330211e-01
 -2.02793606e+00
 -3.05516256e-01
 -1.04629973e+00
  8.18001801e-01
 -4.74184775e-01
 -3.00569873e-01
 -9.38997576e-01
 -8.31567451e-01
 -2.03783954e-01
 -8.99538222e-01
  2.44596430e-01
 -2.75616656e-01
  1.94537937e-02
  1.45047488e+00
 -2.88533196e-01
  8.81591397e-01
 -6.93074598e-01
  7.19765452e-02
  3.17351998e-01
  9.33935260e-01
  1.00002489e+00
  5.74341889e-02
  4.99284624e-01
  1.70530283e+00
  3.59704332e-01
  1.29634228e+00
  1.75393661e+00
 -8.15122273e-02
  4.30926434e-01
 -5.07994784e-01
 -2.04625916e-01
  1.56297477e+00
  6.04071845e-01
 -9.96709646e-01
 -1.19951500e+00
 -7.44221855e-01
 -4.85031399e-01
 -5.29860539e-01
 -3.40243981e-01
 -1.17017832e+00
  6.51722841e-01
 -4.58021451e-01
  1.73380596e-01
  2.52585918e-01
 -8.63546503e-01
 -1.68288490e+00
 -1.93913494e+00
  1.78750853e+00
 -9.74466994e-01
 -2.39600377e-01
  5.53132356e-01
  2.99425405e-01
 -1.54087568e+00
  9.19724064e-01
 -3.86212367e-01
 -9.08856610e-01
 -7.02021244e-01
  2.43577549e-01
 -1.11326384e+00
  2.44825183e-01
  5.41549145e-01
 -7.49090294e-01
 -3.50119061e-01
 -1.21377814e+00
 -1.63694630e+00
  3.69288645e-01
 -2.01748116e-01
  6.03813613e-01
 -1.05569792e+00
 -7.85069777e-02
  8.41138978e-01
 -1.82481110e+00
 -6.22752350e-02
 -5.27721788e-01
 -3.06219819e-01
  3.75472478e-01
 -5.24208747e-01
  8.14687835e-01
  1.09533683e+00
  1.34074411e+00
 -2.28400889e-01
 -3.15710014e-01
  2.80862418e-01
 -3.28303121e-01
  2.66860606e-02
  9.31542817e-01
  9.10714570e-01
  1.83630726e+00
 -1.25072547e+00
  2.22693202e+00
  2.69309998e-01
 -1.05974548e+00
  6.13666450e-01
 -4.02544670e-02
  7.13613211e-02
  1.41780617e-01
 -1.61073880e+00
 -4.21939365e-01
 -4.04599850e-01
 -1.61898258e+00
  5.10183885e-01
 -6.25918778e-01
 -5.00493965e-02
  1.61236970e+00
  5.83869383e-01
 -5.83959063e-01
 -3.17131977e-01
  3.06651705e-02
  7.66280348e-01
 -5.53203889e-01
 -7.89638631e-01
  1.05639662e+00
  6.85099856e-02
 -1.02962669e+00
  3.22586651e-01
  1.16873131e+00
 -1.23231171e+00
  4.37376199e-01
 -1.72366020e+00
 -1.11816071e-01
 -7.78644989e-01
  5.31456239e-02
  6.67435434e-01
 -7.87152377e-01
 -1.59770629e+00
  1.05515910e+00
  1.21830434e+00
 -2.53795119e-02
  1.94517737e+00
  1.64799263e+00
  7.29698916e-01
  1.33619921e+00
 -6.78193021e-01
  2.52530535e+00
 -2.33001836e-01
 -7.90970046e-01
  1.44619127e-01
  1.45505778e+00
 -2.19020529e-01
 -1.06939203e+00
 -2.92606331e-01
 -2.64882074e-01
  4.63460102e-01
  9.90798128e-01
  2.15140857e-01
 -1.06065814e-01
 -1.67739913e+00
 -2.61146606e+00
  4.69743516e-01
 -5.05709030e-01
 -8.21073359e-02
 -2.22458744e+00
 -4.77737387e-02
  1.70664855e-01
  1.75123164e+00
 -1.94769830e+00
  5.75137709e-02
 -1.50150457e-02
  5.71845390e-01
  1.49299629e+00
 -6.25526601e-03
  1.95611446e-01
  8.51590388e-03
  6.84532954e-01
  1.18384106e+00
 -3.32130857e-01
  5.40422860e-01
  6.60649162e-01
 -4.97343518e-01
  9.23722267e-01
  5.28301064e-01
 -3.13368912e-02
  3.78760649e-01
  1.33011239e+00
  3.89034758e-01
  3.07596244e-01
 -3.44043639e-01
  1.73851971e+00
  8.91604742e-01
 -9.24605442e-01
 -4.22902360e-01
  1.90222277e-01
 -7.82931452e-01
 -1.94445091e+00
 -9.52441731e-01
  4.07968556e-01
  8.18486452e-03
  1.97274948e-01
  1.55751112e-01
  1.31864311e-01
  1.51179053e+00
  1.54932999e+00
  2.12944805e+00
  4.35265033e-01
  1.04501228e+00
  1.13607074e+00
  7.78644943e-01
 -6.77764695e-01
 -5.48702015e-01
 -1.61327002e+00
 -7.03873388e-01
  4.03982259e-01
 -8.75821555e-02
 -5.75469024e-01
 -1.43537110e+00
  5.86728352e-02
  3.25289863e-01
  1.11383381e+00
  3.70026153e-01
 -2.09971163e-01
  4.15687213e-01
 -6.65807068e-01
 -8.22400577e-01
 -4.67692725e-01
  6.58602337e-01
  1.81192249e-01
 -2.20613510e-01
 -1.17481027e+00
  8.03469012e-01
 -4.84130163e-01
  6.36305810e-01
 -1.66780350e+00
  6.00863056e-01
  1.93969871e-01
 -7.34833161e-01
 -1.49549833e+00
  5.47860315e-01
 -7.96900946e-01
 -2.45651440e-02
 -6.24977629e-01
  1.39894805e+00
  3.80342715e-01
 -1.32536271e+00
  9.34750668e-01
  5.42620742e-01
 -1.74119340e+00
 -1.12400571e+00
  5.23707852e-01
  9.74404142e-01
 -1.59326962e-01
 -5.72592606e-01
 -1.08587199e-02
  1.10000190e+00
  3.43968605e-02
 -7.78173576e-01
 -7.61157059e-01
  9.42146817e-01
 -1.64537671e-01
  3.10131474e-01
 -2.08943768e+00
  9.65665343e-01
  6.61201447e-01
  5.01140475e-01
 -6.83845586e-01
  1.48317198e+00
  3.34811176e-01
 -2.98641422e-01
 -1.95440848e+00
  6.89437688e-01
  2.63741772e+00
  1.98780667e-01
 -4.31837591e-01
 -2.15205257e-01
 -1.93098985e-02
  2.08668381e+00
 -2.40558048e-01
 -6.95607254e-01
 -1.53123397e-02
 -1.41881661e+00
 -4.98078656e-01
  8.31529232e-01
  1.38405142e+00
 -3.74066026e-01
 -6.90311396e-02
  5.33294001e-01
  1.29238672e+00
 -8.33825416e-02
  9.55493155e-01
  1.45421074e+00
 -1.27033103e-01
 -7.16712780e-01
  8.87614295e-01
  1.23719306e+00
  4.65742329e-01
  4.91021443e-01
 -2.57855388e+00
  3.57381839e-01
  1.06339159e+00
 -1.20900015e+00
 -1.84756275e+00
  2.51812118e+00
  1.25553331e+00
 -3.47384126e-01
  1.91378757e-01
 -6.47624652e-01
 -7.75186451e-01
  1.45948924e+00
  1.10412910e+00
  2.29884609e+00
  4.72918739e-01
  3.28860940e-01
 -9.82926090e-01
  2.70322403e-01
  1.08954065e+00
  8.96129125e-01
  8.34655815e-01
  2.08783331e+00
 -1.97657291e-01
 -2.64455536e-01
  6.34555318e-01
  3.90643030e-01
 -2.34345813e+00
 -6.13936546e-01
  6.17191396e-01
 -1.65584703e+00
 -1.82192548e+00
 -5.17585519e-01
 -4.89970546e-01
 -3.50357907e-01
  7.46561284e-01
 -9.29569597e-02
 -1.10477243e+00
  1.18931915e+00
 -5.42277355e-01
 -2.06244326e+00
 -1.66334548e-01
  1.38850509e+00
  1.93863053e+00
 -1.12139366e+00
 -1.70651164e+00
  1.01870272e+00
  1.29870382e+00
  1.72054210e+00
  1.11519418e+00
  1.52017809e+00
  1.13857969e+00
 -1.64199079e+00
 -2.43007210e-01
 -3.03083950e+00
 -8.86736211e-01
 -1.27628276e+00
  1.20264981e+00
  8.31436449e-01
  3.96348013e-01
  7.50619296e-01
  1.66262205e-01
  7.43842026e-01
  1.25691841e+00
 -2.20120748e-01
 -1.30974790e+00
 -1.09774200e+00
  3.90385002e-01
 -1.09907066e+00
 -1.94124694e+00
  2.21724728e+00
  5.12129023e-01
 -3.76757926e-01
 -6.03415663e-01
  6.61910712e-01
  3.86708701e-01
 -8.75369534e-02
  1.27549313e+00
 -8.12135832e-02
  1.84229901e+00
  3.46968026e-01
  5.63035373e-01
 -1.53629118e+00
  2.33578672e-01
 -3.34729875e-01
 -1.17406213e+00
  1.11795384e+00
  2.89277549e-01
  2.49415424e-01
  1.22371589e+00
  9.99974475e-01
  1.10083170e+00
 -4.24444461e-01
 -6.88835732e-01
 -1.22329540e+00
  1.90157013e+00
  1.38752492e-01
 -2.28686339e-01
  2.02729896e-01
 -1.31737271e+00
 -7.00155666e-01
 -4.28494143e-01
  8.98278791e-01
 -3.00511551e-01
  2.16163413e+00
 -2.95917170e+00
 -7.64031359e-01
 -1.00977459e+00
  2.08077505e+00
 -8.26530634e-01
  7.98142509e-01
  7.42034107e-01
 -2.51494142e-01
 -4.94894041e-01
  1.26040874e+00
 -8.78272304e-01
 -2.06121174e+00
 -2.21878547e-01
 -2.80505476e-01
 -1.30650446e+00
 -4.83707925e-01
  2.39736812e-03
  3.71716909e-01
  4.60988307e-01
 -1.40846472e+00
 -1.83528619e-01
  3.96951210e-01
 -1.25765830e+00
 -1.19057346e+00
 -5.31030706e-01
 -2.17965189e-02
  1.19099599e-01
  1.42475879e+00
 -1.50797595e+00
 -6.11143767e-01
 -9.65056889e-01
 -3.13150962e-01
 -5.51099456e-01
  8.65898644e-01
 -5.99628130e-01
  1.28527355e+00
  1.30343332e+00
 -3.74905163e-01
 -1.72269983e+00
  1.30292705e+00
 -1.55697622e+00
 -1.35347239e+00
 -2.81847087e-01
 -1.00951238e+00
  4.32968807e-01
 -1.68889977e+00
 -3.82649442e-01
  2.06468336e-01
  3.00147588e-01
 -7.70741778e-01
  1.14564207e-01
  8.04209909e-01
 -1.75784470e+00
 -1.16499831e-01
 -3.84915237e-01
 -1.45682671e+00
  3.31904498e-01
 -5.34410034e-01
  8.68617119e-01
  6.75559417e-03
  1.29377365e+00
 -8.12059077e-02
  1.43503944e+00
 -7.70297422e-01
 -5.30576458e-02
  1.29046628e-01
  6.18577912e-01
 -3.67804330e-01
 -9.47851451e-01
  3.43797649e-01
  1.56914703e+00
  6.39754657e-01
  4.54797096e-01
  1.35356592e+00
 -1.75516240e+00
 -7.93850622e-01
 -3.52962513e-01
 -1.34197587e-01
 -4.33165994e-01
  5.95781972e-01
  6.43786420e-01
  4.93024892e-02
  9.00672241e-01
  3.58190846e-01
  3.12419771e-01
  3.45120151e-01
 -1.27546195e+00
  1.09806263e+00
 -1.55182004e+00
 -7.33197217e-01
  1.24726798e-01
  6.26607926e-01
  1.61658017e+00
 -1.07150410e+00
 -7.53261893e-01
  4.41913126e-01
  2.29789145e-01
  5.58760621e-01
 -5.54205657e-01
  1.18644774e+00
 -1.50315589e+00
 -1.25202300e+00
 -2.63112547e-01
 -1.17128246e+00
 -2.08736889e+00
  2.55417063e-01
  4.42453556e-01
 -6.27820907e-01
 -1.07645871e+00
 -1.34605697e+00
  7.12480422e-01
  3.79223913e-01
  3.55579307e-01
  5.82653192e-01
 -8.41757981e-01
  4.36920033e-01
 -2.51719506e-01
  1.01281492e+00
 -4.52273150e-01
  1.29621273e+00
 -9.93180812e-01
  2.83568896e-01
 -1.25607542e+00
  7.06629360e-01
  3.34710811e-02
 -1.26086006e+00
  2.24855979e-01
 -1.95503567e+00
  6.68660328e-01
  8.65575491e-01
  6.07719282e-02
  1.37727047e-01
  3.69747500e-01
  3.48588681e-01
 -1.28317320e+00
 -9.21513630e-01
  1.05955180e+00
 -1.45412211e-02
  2.67532410e-01
 -3.39146850e-01
 -7.86784478e-01
  5.15904336e-01
 -1.47997010e+00
 -1.94779154e+00
 -3.86238227e-01
 -1.59736158e+00
  1.23149140e+00
  1.00164098e+00
  1.44819851e-01
 -2.21476128e+00
 -1.01898886e-01
  2.28225129e+00
  4.99815178e-01
 -3.51593628e-01
 -8.19734498e-01
 -6.23274779e-01
 -2.28372571e+00
  1.39518029e-01
  2.88457537e-01
 -1.18204051e+00
  2.40071694e-01
 -1.53444324e-01
 -1.68471633e+00
  9.82502102e-02
  1.44284773e+00
  8.04391394e-01
 -2.89377329e-01
 -2.04456138e+00
 -1.26415166e+00
  6.45138919e-01
  7.39688207e-01
 -6.82775488e-01
 -6.40206743e-01
  9.11263627e-01
 -9.32846437e-01
 -3.09667897e-01
  4.07870365e-01
  2.77071835e-02
 -1.63702826e+00
 -1.88371778e+00
 -1.22097628e+00
  5.67283645e-02
 -7.97170718e-01
  2.31365703e-01
 -8.38723492e-01
 -1.59923980e-01
  1.25929918e+00
  2.54898654e+00
 -4.68892152e-01
 -1.18293240e+00
 -2.14334232e+00
  1.15298211e+00
 -8.00534637e-01
  7.56313727e-01
  1.10778883e+00
  4.87089836e-01
 -1.83989827e-01
 -1.06311137e+00
  5.53227106e-01
  1.00040505e+00
 -7.83180333e-01
  6.45322442e-01
 -2.90899540e-01
 -1.39186622e+00
 -1.94519006e+00
 -8.43265776e-01
 -1.50627796e+00
 -8.86879543e-01
  7.28992068e-01
  1.00565532e+00
 -4.09194667e-01
  6.59154981e-01
  1.22107049e+00
 -3.86362994e-01
  2.57862324e-01
  1.77319453e+00
  7.02664180e-02
  5.73216207e-01
 -8.75985110e-01
 -1.83396281e-01
 -2.49775461e-01
  7.06959437e-01
 -1.48992932e+00
  1.02398007e+00
  2.08543229e-01
  5.96230266e-01
  5.94093393e-01
  6.83397395e-01
  1.25345337e-01
 -1.02426853e+00
 -2.38715708e-01
 -9.75892283e-01
 -1.20071732e+00
  1.92100842e-01
 -6.54734288e-01
  3.53872968e-01
  7.87420230e-01
 -1.05523992e+00
  1.89455760e+00
  4.48224446e-02
  7.19697937e-01
  2.31615119e+00
  1.06091316e+00
  7.05022088e-01
  3.86680881e-01
 -4.44263726e-02
  1.17858749e+00
 -3.43227452e-02
  7.06160974e-01
  2.72571864e-01
  3.37355946e-01
 -9.71687160e-01
 -5.89092702e-01
 -3.19623570e-01
  1.59658651e+00
  7.49674288e-01
  8.57178874e-01
 -7.69185759e-02
  1.79862731e+00
 -1.02374031e+00
 -3.79147242e-01
 -3.28693850e-01
 -1.67772991e+00
  5.06129707e-01
 -6.54179768e-01
 -1.06796254e+00
  7.70189872e-01
  1.22505241e+00
 -6.92118152e-01
  9.95218425e-02
 -8.54756345e-02
  1.88215650e+00
 -4.76020220e-01
 -1.18955523e+00
 -7.91133526e-02
  7.53024808e-02
 -5.54546763e-01
  5.44966095e-01
  6.20878351e-01
  4.08327510e-01
  2.00536559e-01
 -3.34365288e-01
  4.55499064e-01
 -9.84377959e-01
 -6.55146279e-01
 -1.95878362e+00
  2.12594162e-01
  9.09230468e-01
  1.79939709e+00
  4.80522376e-01
  1.57041225e-01
  5.55984547e-01
 -7.89714186e-01
 -7.90157939e-01
 -3.58012448e-01
 -8.42115824e-02
  8.04878555e-01
  4.38861753e-01
  4.49603130e-02
  5.63794487e-02
 -1.11302545e+00
 -5.06743108e-01
  5.05534401e-01
  1.70105112e+00
  3.81677386e-01
  2.40559803e-01
  7.14754464e-01
  2.63403413e-01
  1.40861428e+00
  6.53661506e-01
  1.44058041e+00
  1.66113021e+00
  2.16512807e+00
  6.99732110e-01
 -1.70967993e+00
  1.78063771e-01
 -2.41504376e+00
  1.39533332e+00
 -1.11039245e-01
 -2.27528631e+00
 -2.62562326e-01
  9.83869148e-01
  6.00356542e-01
  1.21464867e+00
  2.82844756e-01
  6.58243208e-01
 -1.11900738e+00
 -4.50982613e-01
 -1.22168186e+00
  2.82700250e-01
 -1.25825564e-01
 -1.92556733e+00
  4.72658345e-01
  1.36062034e+00
 -4.49626766e-01
  7.91107049e-01
 -2.33448426e-01
  1.12056310e+00
  3.26788275e-01
  5.84630587e-02
 -1.75556907e-01
  5.10707457e-01
  1.51332216e-01
  1.09179202e+00
  1.27437193e+00
 -1.25364613e+00
 -8.61082734e-01
  5.74928894e-01
 -1.43990867e+00
 -1.26513981e+00
  1.57508759e+00
  1.25806254e+00
  6.92974324e-01
 -8.04121549e-01
  3.48937649e-02
 -2.54338191e-02
 -1.64033310e+00
 -2.37559335e+00
 -1.04024656e+00
 -3.22737750e-01
 -1.26824995e+00
 -2.75703510e+00
 -2.90404793e-01
  1.08869915e+00
 -1.66197184e+00
  1.42696590e-01
 -5.53623420e-01
  1.23414029e+00
  2.96135367e-01
  8.24008832e-01
  1.14450856e+00
  2.45450229e-01
 -5.64045673e-01
 -4.16744353e-01
 -8.39436108e-01
  3.32621114e-01
  3.43819416e-01
 -1.09409699e+00
 -3.83105062e-01
 -1.78820040e-01
  3.70244813e-01
 -7.29932665e-01
  2.33794498e+00
 -6.50281881e-01
  2.20086282e+00
  6.05429983e-02
 -1.02629837e+00
 -5.81408013e-01
 -2.38914094e-01
  1.14197266e+00
 -2.82408905e-01
  2.17861774e-01
 -7.26898886e-01
  3.00067118e-01
 -4.18915347e-02
  3.56738775e-02
  8.78784765e-01
 -7.17560505e-01
 -2.15238727e-01
  1.03068999e+00
  1.20718974e-01
  4.88265246e-01
  2.61766882e+00
 -8.06765970e-01
 -9.38907865e-01
  3.01726330e-01
 -9.11110923e-02
 -2.39680217e+00
  1.16779531e+00
  1.17794023e+00
 -2.23664553e-01
 -7.76663088e-01
  1.45478631e+00
 -3.13821986e-01
 -6.92028168e-01
  4.60973568e-01
 -9.66988612e-01
 -8.34650480e-01
  7.34294996e-01
 -9.80293327e-01
  2.06899387e+00
 -1.78878767e-01
 -6.33850356e-01
  1.13254189e+00
  3.23906058e-01
 -2.05315685e+00
  1.23461388e+00
 -3.57669696e-01
 -7.88457619e-01
 -4.13158133e-01
  1.90329936e-01
  1.01260357e+00
  1.53526933e-01
 -6.90359575e-03
  1.35291803e+00
 -3.72764018e-02
 -1.66691800e+00
 -1.08286692e+00
  1.73855698e+00
  9.73002710e-01
  8.25018767e-01
  4.16302733e-01
  1.14271599e+00
  8.01410681e-01
  5.25206166e-01
  1.49586344e-01
  6.26803558e-01
 -5.30566177e-01
  1.53687828e+00
  6.23542359e-01
  9.43330934e-02
 -1.09260297e+00
 -1.25445697e-01
 -9.36792716e-02
 -1.81340172e+00
  2.39467919e-01
 -2.29166099e+00
 -1.10102352e+00
 -3.71480588e-01
  1.43381029e-01
 -1.99104031e+00
 -1.35703172e+00
  2.75594232e+00
 -1.15973259e+00
  4.16518881e-02
 -3.93507761e-01
 -6.89916992e-01
  8.52431664e-01
 -6.01526133e-01
 -6.13255028e-02
 -1.34712161e+00
 -7.22092224e-01
  1.30443824e-01
  5.58281390e-01
  5.22320284e-01
  1.59689341e+00
 -6.43865462e-01
  1.34247947e+00
  9.06664200e-01
  7.57185059e-01
  1.28576902e+00
  1.66113847e+00
  1.30867552e+00
 -9.65787497e-01
 -6.70693000e-01
  4.95507015e-01
  7.27130863e-02
  1.69629463e+00
  8.10775913e-02
  5.12067790e-01
  6.20620793e-01
 -2.19340640e+00
 -3.76334897e-01
 -7.28794936e-02
 -2.10078630e+00
 -1.27005135e-01
  1.25013610e-01
  9.74364576e-01
  1.54407907e-01
  1.70178898e+00
  1.05184281e+00
 -1.56743171e+00
  9.61723388e-01
 -2.00829540e-01
  5.65329648e-01
 -7.53866936e-01
 -7.46259342e-01
 -2.28803566e-02
  5.74481192e-01
 -1.23425256e-01
  1.75840790e+00
  2.00553049e+00
  1.55123253e+00
 -2.98387374e-01
 -1.09037251e-01
  9.05739316e-01
 -3.58720914e-01
 -1.69421508e+00
  1.38174829e+00
 -1.67188417e-01
  3.28579993e-01
  3.93121466e-01
  1.45460048e-01
  1.90524120e+00
  2.01085629e-02
  1.49784907e+00
 -2.02902643e+00
 -1.11257477e-01
  1.38916146e-01
  3.29612565e-01
 -5.66378879e-01
  1.03791263e+00
  1.55247255e+00
  1.85771484e+00
 -7.88815195e-01
  3.27439077e+00
 -6.80442139e-01
  6.84925786e-01
 -1.08978192e+00
 -1.28244953e+00
 -1.18631306e+00
 -2.79241745e-01
  9.16306897e-01
 -9.39597023e-01
  1.38712247e+00
  5.98442182e-01
  7.10860634e-01
 -1.89605078e-01
  1.34249752e+00
  2.43172641e-01
  1.25900222e+00
 -7.35627438e-01
  1.24655568e+00
  1.90054853e+00
 -3.61970820e-01
 -1.19733224e+00
  1.39875203e+00
 -1.89241872e+00
  1.13569568e+00
  1.39324393e+00
 -1.14690649e+00
  1.24975761e+00
 -1.14159662e+00
  4.06497753e-02
  3.90689346e-01
 -1.98402007e+00
 -8.84468914e-01
  9.28294602e-01
  9.30949960e-01
  7.28163857e-01
  5.35071095e-02
 -1.45969764e+00
 -6.44427981e-01
  5.54765681e-01
  1.07007916e+00
 -8.72095790e-01
 -1.37659034e+00
 -5.98552600e-01
 -8.77639612e-01
 -1.46641014e+00
  1.19162128e+00
 -5.01447148e-01
 -4.33460661e-01
  1.78969456e+00
 -1.90726133e+00
  1.34198672e+00
 -8.20950178e-01
 -1.77617415e+00
 -3.40840919e-01
 -1.40199092e+00
 -3.53862596e-01
  1.17332755e-01
  1.85801984e+00
  1.03892082e+00
 -1.20990095e-01
 -3.78568490e-01
 -3.35955504e-01
 -2.95482785e-01
 -1.13326204e+00
 -5.26013031e-01
  3.07314260e-01
  1.63593004e+00
  6.45414914e-02
 -1.28551875e+00
  5.77973474e-01
 -6.49659117e-01
  2.21319860e-01
 -3.52912016e-01
  8.95687232e-01
  1.11606640e+00
  1.25813050e+00
 -1.43015631e+00
 -6.87271485e-01
 -1.52431052e+00
  1.73437295e+00
  8.71045291e-01
 -1.01421936e+00
 -1.69618838e+00
 -2.61075873e-01
 -8.79435470e-01
  1.74322650e+00
  2.65915010e+00
 -7.04301542e-01
  9.43476801e-01
 -1.24568338e-01
 -1.13428364e-01
 -9.59605683e-01
 -1.52264474e-02
 -2.02932625e+00
  7.81639314e-01
 -1.81339240e+00
 -1.42175517e-01
  1.13285768e-01
 -4.29336159e-01
 -1.13590170e+00
 -5.61763806e-01
  9.32407673e-02
 -6.40136663e-01
  5.97187243e-01
  1.62307243e+00
 -1.59244358e+00
 -1.53438981e+00
 -1.24231792e-01
 -6.85169545e-01
  4.80485014e-01
  1.09396789e-01
  2.75648746e-02
  5.10363918e-01
 -3.28045104e-01
  1.15783641e-01
 -1.58166912e-01
 -2.28314792e+00
 -1.23944423e+00
  3.12588986e+00
 -3.18192558e-01
  4.43651085e-01
  2.24269429e+00
 -2.41514873e+00
 -9.51115095e-01
  8.86678057e-01
 -9.40872637e-01
 -6.45396257e-02
 -3.17824131e-01
 -4.18287090e-01
  8.29599589e-01
  8.62801710e-01
 -6.92023912e-01
 -1.40485822e-01
  1.96816164e+00
  8.26110155e-01
 -2.66695681e-01
  1.00572340e+00
 -2.57682814e-01
 -4.84948074e-01
  1.32208044e+00
 -4.98487882e-02
 -7.48630380e-01
 -7.07064753e-02
 -9.50596414e-01
 -1.95632111e-01
 -1.89999388e-01
  4.92189172e-01
 -8.52574196e-01
  9.46437160e-02
 -2.75825621e-01
 -2.58771933e-02
  8.91180062e-01
  1.87379998e-02
  2.29179963e-01
  1.57727916e-01
 -5.29285889e-01
  5.38041549e-01
  2.68823653e-01
 -8.79320100e-01
  5.21280345e-01
 -2.58327993e-01
 -4.02185187e-01
  6.07221846e-01
 -1.11115010e+00
 -1.18295152e+00
 -8.84119111e-01
  2.19096080e+00
 -1.05814654e+00
 -1.25359802e-02
  2.09050591e+00
 -9.22983233e-01
  3.06951938e-01
  1.14285397e+00
 -8.52317491e-01
  1.85944626e+00
 -3.96052513e-01
  4.68728817e-02
  5.68119361e-02
  1.33381847e-02
  1.52617860e+00
  1.75909225e-01
 -1.30686497e-01
 -3.39300194e-01
  7.67341565e-01
 -4.37946691e-01
 -1.16339156e+00
 -1.36380518e+00
  8.33834799e-01
 -6.67209060e-01
  1.11583939e-01
  9.43149934e-01
 -8.25755879e-01
 -1.33169616e+00
  2.41953445e+00
  1.00631543e+00
  1.49570599e+00
 -2.37521180e-01
 -2.73467667e-01
 -5.02049274e-01
  1.08418007e+00
 -9.66166506e-01
  4.54566961e-02
 -1.05110015e+00
 -6.71977154e-01
 -7.45476126e-01
 -3.15023870e-01
 -4.10527358e-01
 -9.26249611e-02
  1.06667737e+00
 -2.15279507e-01
 -7.62126515e-01
 -1.57625104e+00
  1.62369548e+00
 -9.02557917e-01
  9.48429959e-01
  6.57367778e-01
 -1.17270485e+00
 -1.68078104e+00
 -7.63458108e-01
 -1.03379436e+00
 -9.15514478e-02
 -7.25440677e-01
 -8.62113508e-01
  1.59468511e-01
 -9.52105531e-01
 -1.25081160e+00
  9.33997438e-01
  1.44853975e+00
  8.51351255e-01
  1.04899916e+00
 -2.00526676e-01
  1.39204265e+00
 -8.72145020e-01
 -1.79718103e-01
  1.10723426e-01
  2.58753171e+00
  6.09893772e-01
 -1.28723299e+00
 -1.56976696e+00
 -7.66868485e-01
  7.47852557e-02
  1.84728598e+00
  9.17563693e-01
 -1.42564761e-01
  5.55325108e-01
 -1.06263238e+00
 -3.21490671e-01
  7.70737618e-01
 -3.09650708e+00
 -7.50358639e-01
  1.20859857e+00
  1.34411291e-01
 -3.23188253e-01
  5.73347458e-01
 -6.58712706e-01
 -3.07342904e-01
 -1.15321823e+00
 -3.93237672e-01
  2.13279550e+00
 -9.57205414e-02
  1.17257787e+00
  1.50166434e-01
  4.76234639e-01
 -7.44513346e-01
  3.67722071e-01
 -9.36370516e-01
  3.83819406e-01
  3.60976549e-01
 -1.03211905e+00
  1.90029659e-01
  2.58851674e-01
  9.70536665e-01
  2.42197128e-01
  1.02291592e+00
  1.15584618e+00
 -1.14802991e+00
  3.54065426e-01
  1.58131018e-01
  1.78288496e-02
  1.47928147e+00
 -2.26462609e-01
  1.72743230e-01
  9.45543201e-01
 -5.47879532e-01
  1.26702676e+00
 -1.92419486e+00
  9.21818568e-01
  9.56158418e-02
  1.90326443e-02
  1.26582275e+00
 -1.12579954e+00
 -2.58466688e-02
 -2.65072590e-01
  1.43890790e+00
 -1.12438667e+00
 -2.22141276e+00
  5.07350622e-01
 -1.73553556e+00
 -1.25863786e+00
  3.55336300e-03
 -4.02313139e-01
  3.77710569e-01
  6.72821200e-01
  2.00865593e+00
  2.63223268e-01
 -5.88400098e-01
 -8.85738274e-01
 -7.53072117e-02
  3.24807591e-01
  7.45253726e-01
 -1.27782074e+00
 -9.59550911e-01
  9.96611904e-01
  2.95132802e-01
 -9.70936398e-01
 -2.05638799e-01
 -1.12003392e+00
 -1.78715332e-01
 -1.46780160e-01
 -6.29257059e-01
  6.37445224e-02
 -5.70614294e-01
 -2.29219424e+00
  5.20254619e-01
  3.34614686e-01
  1.12977208e+00
  4.39753421e-02
  1.95330667e-01
 -1.49615008e+00
  2.69353271e-01
  2.20157545e-01
  1.20399485e+00
 -2.58305777e-01
 -2.47023963e-01
 -7.06986433e-01
  6.43317522e-01
 -2.19023699e-01
  6.25821971e-01
 -1.28306309e+00
 -2.00002513e-01
  3.79066174e-01
 -2.28225126e-01
  6.86423156e-01
  6.54596952e-01
  9.59790528e-01
  1.21289585e+00
 -1.33440601e+00
 -4.46286679e-01
  3.07838536e-01
 -1.32224396e+00
 -3.58568227e-01
  3.12834790e-01
  1.28876733e+00
  1.18341494e+00
  5.62558220e-01
  1.93104157e-01
  1.50390663e+00
 -1.57443499e+00
  1.08457776e-01
 -2.38845557e+00
  1.33001191e-01
 -1.41879913e+00
  2.57146497e-01
  1.35218299e+00
  3.13687736e-01
  8.91700497e-01
  1.37108297e-01
 -3.42080805e-01
 -5.69561604e-02
 -1.80998355e-02
 -2.06840012e+00
 -1.04415848e+00
  2.88363746e-01
  2.86630024e-01
  1.21130214e-01
  9.94553371e-01
 -5.48617500e-01
  9.40798613e-01
 -3.22859252e-01
  2.80567141e-01
  1.94905774e+00
 -1.22784993e-01
  9.02347330e-02
 -3.70626105e-02
 -1.04364813e+00
 -1.02538656e+00
  1.21324368e+00
 -1.96605664e+00
 -1.20286662e+00
 -4.87490608e-01
 -1.09387059e+00
  4.67663177e-01
 -1.88243125e-02
 -2.48341557e-01
 -3.67115010e-01
  8.96509869e-02
  8.18319912e-01
 -1.03703399e+00
  2.31518923e-01
  1.55802000e+00
 -1.73433495e+00
  6.72633529e-01
  5.02522520e-01
 -6.82638470e-01
 -6.63638085e-01
 -7.71405343e-01
  1.14615058e+00
  2.91844929e-01
  4.86718561e-01
 -7.82779911e-01
 -1.38035562e-01
 -6.17182021e-02
 -1.03335637e+00
  1.41799850e-01
 -5.79229796e-01
  3.01048360e-01
  1.34110356e+00
 -2.23875476e+00
 -1.31358111e-01
 -7.54302759e-01
  2.12871803e-01
  2.76192486e-01
  9.61995249e-02
  3.01808674e-03
  8.18528023e-01
  9.31679608e-01
 -9.54707420e-01
  5.03600894e-01
 -7.77855170e-02
 -6.82128445e-01
 -7.48229573e-01
 -2.68657496e-01
 -1.56287291e+00
  5.35510173e-01
 -5.31102156e-01
  1.41465558e-01
 -9.16651825e-01
 -7.93711825e-01
  3.80264366e-01
 -9.43208041e-01
  2.02966517e+00
 -9.27150455e-01
 -1.76643431e+00
 -9.61014912e-01
 -3.11036538e-01
 -3.02990870e-01
 -2.38425698e-01
  4.56503546e-03
 -6.77577716e-01
  1.10476543e-01
 -9.62971787e-02
  9.93379970e-01
  2.97258253e-01
  1.19421360e+00
 -5.73263034e-01
  1.12207030e+00
  1.06457814e+00
  5.00150798e-01
 -1.00002065e+00
  1.35432881e+00
  7.09785288e-01
 -2.14952202e-01
 -6.41974802e-01
 -1.45831456e+00
  1.15237464e+00
  3.62595281e-01
  1.22845805e+00
 -1.57690414e+00
 -8.79464887e-01
  1.00915883e+00
 -8.52532403e-01
 -1.38863009e+00
  8.21895115e-01
 -7.54518813e-01
  2.51920533e-01
  4.11266112e+00
  8.07306438e-02
 -9.25539995e-01
 -6.19116580e-01
  1.79905527e+00
  1.24070228e+00
 -1.95200576e+00
  7.09421173e-01
  9.37641796e-01
 -4.40847358e-01
  9.92293108e-01
  2.25957547e-01
  1.19872230e+00
  8.03163933e-01
  4.35512161e-01
 -4.14253393e-01
 -1.15873563e+00
 -8.29417079e-01
 -1.60937145e+00
  2.09531494e+00
  1.33724628e+00
 -8.07893652e-01
 -1.95455069e-01
 -1.63834619e+00
 -5.30976425e-01
 -2.23358560e-01
  7.04448896e-01
 -1.27085767e-01
  5.90809553e-01
 -7.58656000e-01
  1.48498897e+00
  1.07312220e+00
 -1.08550008e-01
  1.68770268e-01
  3.24186984e-01
  3.49724757e-01
  9.93485133e-01
 -4.10730291e-01
 -5.73473973e-01
  7.39018848e-01
  1.30707960e+00
 -2.58846415e-01
 -1.91785755e+00
  7.17575470e-02
  3.98288513e-02
  5.00102151e-02
 -1.96040048e+00
  1.12999727e-02
 -6.34256036e-01
  6.53494115e-01
 -4.24540573e-01
 -2.73522344e-01
  1.07524392e+00
 -6.74488098e-01
  5.90927759e-01
  3.28243409e-01
  1.19865725e+00
 -3.92472849e-01
  1.39061432e+00
  9.27831580e-02
  4.01196268e-02
  9.87345105e-01
  4.23885713e-01
 -9.46804784e-01
  3.27523992e-02
 -8.06089321e-01
 -5.56532926e-01
 -5.32054622e-03
 -4.30978088e-01
 -3.21811454e-01
  3.28417632e-01
 -1.53120321e+00
  1.77189071e+00
  6.52939289e-01
  4.57735394e-01
  9.62267259e-03
 -1.26942255e+00
  2.75513632e-01
 -8.51554941e-01
  5.77279404e-01
 -3.63371098e-01
 -5.42478763e-01
  1.18171334e+00
  1.80138652e+00
  4.82013512e-01
 -6.63980745e-01
  3.59875260e-01
  4.86685361e-01
  2.03935040e+00
 -1.58035415e+00
  2.26897449e-01
 -1.33531116e+00
 -4.28546623e-01
  4.91138409e-01
  1.20861203e+00
  3.37259961e-01
  7.49671757e-01
 -2.50529095e-01
  1.07648920e+00
  7.27762843e-01
 -9.06309679e-02
  2.42761955e-01
 -2.85011408e-01
 -1.66492604e+00
  9.42539764e-01
 -1.00269095e+00
 -7.83821227e-01
 -4.99881978e-01
  1.31815938e+00
 -3.93861923e-01
 -1.17281347e+00
 -4.59263285e-01
  1.30358120e+00
  2.26323774e-01
 -1.62757142e+00
  7.57821797e-01
  6.51259353e-01
 -1.13787265e+00
 -9.02499004e-01
  1.71014265e+00
  1.48864177e+00
 -5.92449648e-01
  1.35062831e+00
 -8.40494895e-01
 -4.16914367e-01
 -1.11631423e+00
 -3.24910851e-01
 -8.49427746e-01
  9.37927881e-01
  1.53593980e+00
  4.06022158e-01
 -6.00516053e-02
  1.72012075e+00
  1.15111150e+00
 -1.73333972e-01
 -2.19512367e-02
 -1.24503445e+00
  3.12617798e-01
  1.34332545e+00
 -9.02499629e-01
  2.64067663e-01
  9.47642228e-01
  4.69642669e-01
 -4.79528957e-01
  1.03889816e+00
  2.00213403e-01
  4.29237554e-03
  1.42973708e+00
 -1.46554458e+00
  8.23863013e-01
  8.18231026e-01
 -1.04390734e+00
 -1.38716521e+00
  4.26918172e-01
 -9.63499039e-01
  1.30321422e+00
 -1.31246336e+00
  1.43383959e-01
 -1.99683739e-01
 -1.39758915e+00
 -1.39959355e+00
  1.02171199e+00
  7.25143691e-01
  1.04768249e+00
 -1.10708598e+00
  6.61695209e-01
 -5.09980934e-01
 -2.49423315e-01
  5.81177919e-01
 -1.05024819e+00
 -7.42718298e-01
  2.16575788e-01
 -1.42378837e-01
 -1.84109709e+00
 -7.37979749e-01
 -1.33330057e+00
 -9.59265882e-01
 -1.18498704e+00
  9.55440515e-01
 -1.33164468e-01
  6.10742160e-01
 -1.20177666e+00
 -6.69685950e-01
 -8.24574334e-01
  1.55885025e+00
 -4.49131799e-01
 -1.96447135e+00
 -4.61473093e-01
 -1.26851315e+00
  1.35107354e+00
  5.77270542e-01
 -2.96254340e-01
  4.91444180e-01
  8.33065576e-01
 -1.22514704e+00
 -1.30010349e+00
 -1.01053306e+00
 -4.27253622e-01
 -5.12034659e-02
 -5.54139625e-01
 -4.85270287e-02
  4.68690644e-01
  6.75122002e-01
 -3.21359732e-01
  3.07682276e-01
  6.12334149e-01
 -1.74125192e-01
  4.14332785e-01
  4.27441772e-01
 -6.43784163e-01
  8.27521240e-01
  1.43913917e+00
 -1.19848188e+00
 -1.09335447e+00
 -2.09079786e-01
  1.65243511e+00
 -7.72542525e-03
  1.12115353e+00
  3.00346697e-01
 -4.66855625e-01
  2.36496584e+00
 -2.00427045e+00
  1.30957162e+00
 -2.68087639e-01
 -9.31572035e-01
 -5.84085691e-01
  1.33101590e+00
 -1.38599685e+00
  7.67247795e-01
 -2.72390224e+00
 -1.23998734e+00
 -1.75562713e+00
  6.27905096e-01
 -2.20640000e+00
  2.16419315e-01
  7.49793888e-01
  5.51179923e-02
  1.98006923e+00
 -6.46798904e-01
  4.28418678e-01
 -2.60152549e-01
  3.54901488e-01
 -2.94124138e-01
 -4.38115573e-01
 -3.54694020e-01
 -9.04291941e-01
 -4.55905222e-01
  3.03929910e-01
 -1.25080489e+00
  5.26127771e-01
  1.74279919e-01
  1.16405734e+00
  3.54786337e-01
  1.38468287e+00
 -1.02172970e-01
  8.06533542e-01
  1.64207298e+00
  6.69297536e-01
 -6.51234114e-01
 -4.65178174e-01
 -1.12803181e+00
 -1.43298393e+00
  7.97828926e-01
 -1.20642147e+00
 -5.90878982e-01
 -4.56006852e-01
 -1.35616641e+00
 -6.51266462e-01
 -1.35456813e+00
  1.64958471e+00
 -2.71454912e-01
  1.99475949e+00
 -4.45945152e-02
 -1.84090735e+00
 -2.02380518e+00
  3.55857313e-01
 -1.29041337e+00
 -6.42901272e-01
 -5.57700988e-01
  1.48710503e+00
  9.43476576e-01
 -1.94759730e-01
  9.50850452e-01
  6.16921257e-01
  2.07031319e-02
 -1.68073608e-02
 -2.67908850e+00
 -1.12705055e+00
  1.95521211e-01
  7.25751908e-01
 -6.57940635e-01
  4.13694064e-01
 -1.25105614e+00
 -2.86624495e-01
  7.44586325e-01
 -4.22761040e-01
  1.61322809e+00
 -1.36443970e+00
 -3.50717849e-01
 -3.88641677e-01
  6.91813010e-02
  3.95023741e-01
  7.96145969e-01
 -8.50176430e-01
  9.51723513e-01
 -2.50174757e-01
 -6.48711012e-01
  1.15781177e+00
  1.93406952e-01
 -4.15646783e-01
  1.10246322e-01
 -1.76267484e+00
  1.78473777e+00
 -7.74656037e-01
  2.22204520e+00
  4.52058664e-01
  7.44598114e-02
 -1.01628993e+00
 -2.68366308e-01
  1.58860819e+00
 -1.72923718e+00
  1.05569979e+00
 -1.08535004e-01
 -4.97652469e-01
 -9.07914007e-01
  1.57792648e+00
  9.02475633e-01
 -1.36652450e+00
 -6.15910679e-01
 -2.79587733e-01
  1.44340721e+00
  8.99091180e-02
 -8.62636328e-01
  3.19070456e-01
  3.05722173e-03
  5.63334638e-01
  4.13179427e-01
  2.03349571e+00
  1.42809744e-01
  1.36896696e-02
  5.00000760e-01
  1.09317906e-01
 -2.82116915e-01
  6.07840116e-01
  4.27121362e-02
  5.68082558e-01
 -9.05838840e-01
  1.00271125e+00
  2.31142011e+00
 -5.16867059e-01
  8.16841814e-01
 -5.96056803e-01
  3.93085550e-01
 -2.92537950e-01
  8.90331850e-01
 -4.04977942e-01
 -2.84387771e-01
 -5.08785226e-01
  1.56762432e+00
  1.04742390e+00
  8.11519451e-01
  1.67612406e-01
 -6.93561872e-02
  7.39709780e-01
 -2.55510097e-01
  9.27922104e-01
 -5.44455546e-01
 -1.00980830e+00
  1.60296781e+00
  8.17260269e-01
 -1.80732691e-01
  5.90476356e-01
  5.24101919e-01
  2.28045780e-01
  3.34308887e-01
 -5.87800175e-01
  1.72323924e-01
  9.32328062e-01
  1.72633348e-01
 -1.23800395e+00
 -2.49650238e-01
 -7.44334408e-01
 -4.23319457e-01
  3.37885703e-01
  9.50828537e-01
  4.36374731e-01
 -3.47999077e-01
  8.31094823e-01
 -1.90401870e+00
  1.01516434e+00
 -4.43001436e-01
  2.01951885e+00
 -3.56614746e-01
 -1.10290511e+00
 -8.07536342e-01
  6.22807368e-01
  4.69589585e-01
 -1.62404537e+00
  2.16919849e-01
  2.89174275e-01
  1.83191379e+00
  4.05803599e-01
 -1.05689344e+00
  4.77179826e-01
  1.67350068e+00
  1.05565516e+00
 -8.47708007e-01
 -2.85359316e+00
  2.23645637e-01
  2.66238493e-01
  1.69304552e+00
  7.83681351e-01
  1.54287918e-01
  1.99638572e+00
  4.09500595e-01
 -1.24116126e+00
 -3.55710187e-01
  3.41548941e-01
 -1.05875658e+00
  2.01618687e+00
 -1.56162863e+00
  1.69270246e+00
  4.26046387e-01
  6.66513812e-01
 -2.65721822e-01
 -4.47534358e-01
  3.58498689e-01
 -2.65411693e-01
  2.26436467e-01
  2.49496111e-02
  2.91127994e+00
 -2.45567900e-02
 -1.27245039e+00
 -3.83953557e-02
  1.31053261e+00
  2.19324594e-01
 -9.97656500e-01
 -1.04243826e+00
  1.13130181e+00
 -5.41505942e-01
  5.12496698e-02
  1.74035339e+00
 -7.64997367e-01
  1.24419485e+00
  1.84088689e+00
  1.05764588e+00
  1.11642178e+00
  1.95373202e-01
 -6.75481334e-01
  3.06451773e-01
  4.57590856e-01
 -3.55451450e-01
  1.27887878e+00
 -4.10764021e-01
  8.11230248e-01
 -2.18519119e+00
 -5.43100486e-01
  2.49716691e-01
 -2.63623379e+00
 -3.42699392e-01
 -7.36840255e-01
  6.28452626e-01
  6.65716369e-01
  1.15632764e+00
 -7.82969335e-01
  5.17954749e-01
  3.19979126e-01
  2.62908910e-01
 -2.77342289e+00
  1.37421487e-01
  3.08794033e-01
 -7.74128197e-01
  2.48722203e-01
 -7.13744161e-01
  9.04852623e-02
  9.61634192e-02
  1.21705695e+00
 -1.32075160e+00
 -4.50739287e-01
 -2.25264639e-01
 -5.13714528e-01
  1.27080700e+00
 -6.92531615e-01
 -1.32641637e-01
 -8.94016300e-01
 -1.87082786e-01
  3.31899190e-01
 -5.68810241e-01
 -6.32863672e-01
  1.54905242e+00
  9.07058394e-01
  2.76103487e+00
  4.12571884e-01
 -6.35160224e-01
 -8.13447014e-01
 -1.13300422e+00
 -7.45977755e-01
  1.49457987e+00
 -5.63096333e-01
 -3.32223739e-01
 -1.07848001e+00
 -7.98041963e-01
  1.81066618e+00
  7.62306943e-01
 -2.47090893e+00
 -7.34611881e-01
  5.81889685e-01
 -2.09351259e+00
  1.96339012e+00
 -1.44099042e+00
  6.28471701e-01
 -5.36504738e-01
  7.35912108e-01
  8.28078649e-01
 -1.96263077e-01
  1.74992422e-01
  9.96780210e-01
 -4.65101731e-01
 -1.12668985e-01
 -9.66478189e-01
  1.79055764e-01
  3.03601915e-01
  2.40504226e-01
 -7.29973880e-02
  1.94538645e-01
  1.31922912e+00
 -7.80343657e-01
  1.35072568e+00
  2.10088742e+00
 -6.61216756e-01
  1.63273110e-01
  7.46918142e-01
  1.65455113e+00
 -1.23399593e+00
  1.47105751e+00
  1.94795814e+00
 -8.61622639e-01
  3.21056394e-01
  1.28271902e+00
 -2.48766189e+00
 -3.40378919e-01
 -3.14341324e-01
 -1.04011407e+00
  1.80817366e-01
  7.21223694e-01
 -1.53557945e+00
 -6.06955216e-01
 -6.37740222e-01
 -8.48090675e-01
 -1.04714686e+00
  5.20846287e-01
 -2.24894645e-01
  3.65790242e-01
  7.30602190e-01
  1.98624648e+00
 -6.68681449e-01
 -6.56907883e-01
 -5.34990127e-01
 -4.94593054e-01
 -1.02257352e+00
  8.43664145e-01
  2.71287004e-01
 -2.65898807e+00
 -1.78879354e+00
  6.15784314e-01
  6.50240119e-01
  3.40475614e-01
 -8.75795538e-02
 -7.07261851e-01
  1.20793103e+00
  7.56465471e-01
  1.10616018e+00
 -4.25185677e-01
  1.80135453e+00
  1.61899183e+00
 -8.97550694e-01
 -1.23552022e+00
  2.87214915e-01
  5.14544254e-01
 -1.34100199e+00
  3.03874365e-01
  1.76490566e+00
  8.33859016e-01
  2.76127910e+00
 -7.43122520e-01
  1.73172462e+00
  9.70906879e-01
 -1.65885162e+00
  1.25416176e+00
  9.51080457e-02
 -5.19814156e-01
 -1.50507313e+00
 -3.47390776e-01
  9.13752213e-01
 -4.18070177e-01
  3.09284413e-01
 -8.60228314e-01
 -3.82585252e-01
  1.54210168e-01
 -8.49329337e-01
 -2.15729112e+00
 -1.34258949e-01
 -1.89604050e+00
 -1.43689156e+00
 -4.24016908e-01
  1.66552554e+00
  2.13885063e-01
  1.96784459e+00
  4.85116428e-01
  1.46003540e+00
 -9.88492215e-01
  7.25596772e-01
 -2.01889355e-01
 -7.83102006e-01
  3.27800929e-01
  1.67254156e+00
  9.24547899e-01
 -8.52990397e-01
 -2.36887918e-01
  2.15873118e+00
  1.50859723e+00
  8.81306081e-01
  7.63642886e-01
 -1.51088746e-01
 -1.03340237e+00
 -1.67559547e-01
  1.77589481e+00
 -1.14900521e+00
  9.52919237e-01
 -1.47211625e-01
  8.23141468e-01
 -8.88064310e-01
 -7.30548948e-02
  1.63497966e+00
 -1.67324503e-01
 -3.11475143e+00
 -7.84147879e-01
  5.42561359e-01
 -8.31812321e-01
  1.10066338e+00
 -2.64074708e-01
 -1.18453225e+00
  1.00876663e-01
  7.08300649e-01
  7.82768556e-01
 -5.28068836e-01
  7.49876919e-01
 -1.30573415e+00
  1.00052478e+00
 -3.40492356e-01
 -1.55092347e+00
  7.37453082e-01
  1.64129964e-01
  2.06504362e+00
 -1.22642514e+00
 -1.23273951e+00
  1.22884042e-01
  1.09658288e-01
  2.46954175e-01
  1.40130807e+00
  6.34433576e-01
  9.74276435e-01
  9.62873998e-01
  1.68103358e+00
 -1.02806514e+00
  1.39797031e+00
  1.41277621e-01
 -9.59367170e-01
 -3.52061553e-01
 -7.64157139e-02
 -2.07659531e+00
  2.67743521e-01
 -1.89626302e+00
 -2.06554767e+00
  4.33200436e-01
 -7.71750557e-01
  7.29643613e-01
  3.88850069e-01
 -1.72828550e+00
 -1.19350967e+00
  2.90355676e+00
  1.18267771e-01
  9.44726016e-01
  1.88319336e+00
 -7.79044698e-01
  1.86877049e+00
  8.20980707e-01
  5.48851809e-02
 -7.34260758e-01
 -1.36644933e+00
 -1.29917554e-01
 -1.60748053e+00
  1.90149907e+00
  3.91983873e-01
 -1.40856560e+00
 -1.02937679e+00
 -5.47789450e-01
  1.30931440e+00
 -6.54558080e-01
 -4.38322798e-03
  6.74326907e-01
  2.99232828e-01
 -8.41795026e-01
  1.13083771e+00
 -1.00046663e+00
 -2.50890890e+00
  5.29198624e-01
 -1.20184851e+00
 -5.43644426e-01
  1.15715220e+00
  1.55140372e+00
 -1.52256116e+00
  1.32827187e+00
 -6.61612328e-01
 -3.57619450e-01
  6.10903695e-01
 -4.36398318e-01
 -9.82556150e-01
 -1.08704224e+00
 -2.72042874e-01
  1.00039922e+00
  1.19963488e+00
  7.43485321e-01
  1.13918537e+00
  2.02890548e-01
 -7.44912488e-01
  1.47059525e+00
  1.94232588e-01
  2.03849773e+00
 -1.20366233e-01
 -1.71932558e+00
  4.62601235e-01
 -7.65124152e-01
  7.07664453e-01
  8.35912141e-01
 -1.14247069e+00
 -4.40683730e-01
  4.07553954e-01
 -8.13761364e-01
 -2.40733052e+00
 -2.69931571e+00
 -2.20957220e-01
  5.06570752e-02
  3.70430673e-01
  3.36182027e-01
 -1.55876546e+00
  1.65756935e+00
  1.08994691e-02
 -3.60600567e-03
  1.89759637e+00
 -1.31447245e+00
  2.45341120e-01
  1.22661700e+00
  1.76366396e-01
 -1.39041655e+00
  2.09113112e+00
  1.14812863e-01
 -7.86090832e-01
 -8.35925308e-01
  2.93886349e-01
 -5.08292733e-01
  5.54743078e-01
 -7.25322043e-01
 -3.75802962e-01
  1.87527191e-01
  3.15169381e-01
 -8.31539279e-02
 -1.77603744e+00
 -2.75190770e-01
  7.07071820e-01
  1.70359221e-01
  1.44484651e+00
  9.80788340e-02
  7.69076659e-01
  5.40589402e-01
  8.31698664e-01
  1.76967385e+00
  9.19577362e-01
 -2.95505323e-01
 -9.56653214e-01
  1.43878461e-01
 -6.62658268e-01
  1.69507009e+00
  1.03135914e-01
 -1.35569141e+00
 -2.62252767e-01
  1.41332002e+00
  4.20372504e-01
  2.66456409e-01
 -1.55605921e+00
 -3.32133954e-01
 -1.46535694e+00
 -1.43239298e+00
 -4.63561717e-01
 -5.13200751e-03
  6.21414534e-01
  3.35313875e-02
  2.72589134e-01
  1.28202685e+00
  8.51974866e-01
 -8.94258874e-01
  3.99412278e-01
 -1.31630638e-01
  1.60800890e+00
  1.32946502e+00
 -1.06173649e+00
  1.76490233e+00
 -7.72125761e-02
 -3.35693161e-01
 -1.32950869e-01
  1.95819075e-01
  9.68642507e-01
  2.40280604e+00
  4.72958425e-01
  9.15112020e-01
  4.28952240e-01
  1.92490424e+00
  1.23818249e+00
 -3.23441629e-01
 -8.04478384e-01
  5.50579215e-01
 -5.29583163e-01
  4.30485198e-01
  1.61694196e+00
  1.99258241e+00
 -7.39948342e-01
 -8.78555836e-01
  3.72160456e-01
 -6.53770956e-01
  1.27510860e+00
 -6.12008068e-01
 -3.74421710e-01
 -4.73064931e-01
 -1.08240865e+00
 -7.13583327e-01
  4.64117864e-02
 -4.95237248e-01
  1.51235939e+00
  5.69118695e-01
  5.88432571e-01
 -3.06587974e-01
  1.45677768e+00
 -5.77671112e-01
  1.85972879e-01
  3.16718115e-01
  2.05908330e-01
 -3.82660184e-01
  1.45476994e+00
 -2.67479762e-01
 -1.03127781e-01
  1.28457581e+00
  1.18160718e+00
  4.20364812e-01
  3.16090122e-01
 -2.15275763e+00
  5.39628338e-01
  4.96936684e-02
 -4.74167354e-01
  8.63554971e-01
 -1.33573980e-01
 -6.79367159e-01
 -6.15347425e-01
 -2.82960305e-01
  1.99796023e-01
  1.38014898e+00
 -1.04468175e-01
 -9.20787262e-01
 -9.00314807e-01
 -6.86718117e-01
 -1.66582593e+00
  3.55751657e-01
 -1.40498212e+00
 -4.96220234e-01
  2.11517191e+00
 -1.88231814e-03
 -3.67576251e-01
 -2.44079990e+00
 -4.22920430e-01
 -4.25030793e-01
  1.96886242e-01
 -3.75089733e-01
 -6.70758641e-01
 -3.91731587e-01
  6.64544530e-01
  8.69163536e-01
 -1.50014029e+00
 -2.03480566e+00
  5.15500791e-01
 -4.37400027e-01
  5.29511887e-03
 -1.46336498e+00
  7.03072281e-02
  1.08797008e+00
  1.30286850e+00
  1.68767652e+00
  4.27989826e-01
 -9.30885863e-01
  2.33357161e-01
  2.47509878e-02
 -2.23616896e-01
 -5.09567417e-01
 -1.01048419e+00
 -1.65790019e+00
  1.36707593e+00
 -1.68938160e+00
 -8.63234858e-01
