  1.08846455e+00
  2.39855230e-01
 -4.32318696e-01
  1.01885569e+00
  1.48423731e+00
 -6.44245744e-01
 -8.34049146e-01
 -3.81851845e-01
 -1.57052231e-01
 -4.93212191e-01
  5.73459337e-01
  2.00995098e+00
  1.36955806e-01
 -5.79904449e-01
  5.20590330e-01
  1.97147181e-01
  2.43198932e-01
  1.14987278e+00
  8.72843702e-01
 -6.38462824e-01
  4.09920101e-01
  4.58954903e-01
  1.19788282e+00
  2.19682979e+00
  2.31026864e+00
  8.12715822e-01
  6.20457758e-01
 -4.26238348e-01
 -2.73427589e-02
  7.98993357e-01
  1.88129073e+00
  4.67844832e-02
  8.23341892e-01
 -8.70807516e-04
  8.82487797e-01
  2.57001919e-01
  1.14494406e+00
 -6.57376573e-01
 -4.03596943e-01
  2.79998239e-01
 -1.34670960e+00
 -1.12263506e+00
 -2.80822680e-01
  1.97856558e-01
  1.96294103e+00
 -1.66763431e-01
  8.48347191e-01
  2.28986227e+00
  9.79984230e-01
  1.00653510e+00
  6.07164720e-01
 -1.14933125e+00
  3.05964073e-01
  1.13706914e+00
  1.82043974e-01
 -4.82830258e-01
  1.23638868e-01
  1.11954758e+00
 -1.49462828e+00
 -4.96590259e-01
  1.42127131e+00
 -3.26034062e-01
 -2.01063971e-01
 -7.96517780e-01
  2.77984124e-01
  3.58580780e-01
 -5.74218902e-01
  2.46949322e+00
  1.57488784e+00
 -1.03644576e+00
  8.55408067e-01
  1.54723836e+00
  1.46015061e+00
 -6.16751605e-01
  6.93531342e-01
  6.34202364e-01
 -3.39924416e-01
 -2.23030597e+00
 -8.62334358e-01
  1.01432546e-01
 -6.60271763e-01
  3.05808276e-01
 -8.35907631e-01
  2.04467680e+00
 -1.52528179e+00
 -5.68192565e-01
 -1.28165020e-01
 -1.98377014e-01
  4.83297208e-01
 -8.32418387e-01
  6.10006047e-01
 -4.12396644e-01
  2.71830085e-01
  2.73869721e-01
 -1.14932458e+00
 -1.44106955e+00
  8.33825455e-01
 -4.24216871e-02
  2.72635021e-02
  1.21499998e+00
  9.53078610e-01
 -1.52149919e-01
 -9.75947156e-02
 -6.76917258e-01
 -5.03527766e-01
 -7.86594425e-01
  1.11283659e+00
 -3.77950103e-01
  3.63323248e-01
 -5.11163029e-01
 -9.70616952e-01
 -1.70033060e-01
 -1.68180078e-01
 -1.95454761e+00
  1.12487047e+00
 -8.61403833e-01
  4.82547630e-01
 -1.36529242e+00
  6.60909882e-02
  6.96231520e-01
  1.05627982e+00
  1.61109349e+00
  6.15822074e-01
 -4.03491022e-01
  1.34119093e+00
 -3.66540492e-01
  1.29423310e+00
 -1.41731365e-01
  4.97661229e-01
  1.16656666e+00
 -1.01630502e+00
  1.30464530e-01
  1.69088947e-01
  1.88926966e+00
  6.06574128e-01
  3.71802557e-01
  3.65004636e-01
 -8.54218567e-01
  1.67450698e+00
 -1.69266878e+00
 -2.03066771e-01
  1.23698922e+00
  1.03501285e+00
 -4.52741787e-01
  2.06384995e-01
 -8.79860744e-02
  6.30609346e-01
  1.17005974e+00
 -2.16381259e+00
  2.99791258e-02
  3.43985329e-01
 -2.30783008e+00
 -2.71472573e+00
  4.32947966e-01
  1.40484447e+00
 -1.92448371e+00
  1.00591302e+00
 -6.36350049e-01
  1.83626296e-01
 -1.70154532e+00
 -5.22787412e-01
 -4.14229447e-01
 -1.90366824e-01
 -6.46125136e-01
  1.01724106e+00
  9.42592169e-01
 -5.87653041e-01
  8.69653041e-01
  1.31681965e+00
  4.73651520e-01
  2.49439434e-01
  4.87023218e-01
 -1.03634669e+00
  5.52377720e-01
  2.63381693e-01
 -4.90860361e-01
 -1.22217284e-01
  1.53237518e+00
  1.71364897e+00
  7.83301979e-01
 -1.51016426e+00
 -1.97782135e+00
  3.26560588e-01
 -4.04775837e-01
  1.53122212e+00
 -5.23446148e-01
 -3.13899816e-01
 -1.41605928e+00
 -4.64290548e-01
  5.31036333e-01
 -5.69047892e-02
  5.93911972e-01
 -2.05994147e+00
 -3.05590973e-01
  6.94072042e-01
 -1.77242410e-01
 -5.29271008e-01
  3.86577651e-01
 -6.86365119e-01
 -1.79422086e+00
 -1.33218982e+00
 -5.33074037e-01
  7.10784761e-01
 -8.29413144e-01
  1.01507581e+00
 -5.70135184e-01
 -3.20641424e-01
 -1.27643804e+00
  1.21742223e+00
 -4.61471471e-01
  3.55270944e-01
 -1.08596636e+00
  8.39481711e-01
 -1.10728762e+00
 -1.49371860e+00
  4.96060562e-01
 -1.77645342e+00
 -6.31482029e-02
  1.02000376e+00
 -6.69529316e-02
  1.44231438e+00
  2.62015667e-01
  1.96258890e-01
  6.77822640e-01
 -1.07076019e+00
  1.02667780e+00
  2.28027632e-01
  1.40715582e+00
 -9.64249020e-01
 -5.32680203e-01
 -2.55240068e-01
  4.89560699e-01
 -1.19407924e+00
  9.35722339e-01
  1.73979695e+00
 -7.55817533e-01
  2.54717425e-03
  4.57353514e-01
 -3.46295502e-01
  7.58021288e-01
  9.48757545e-01
  4.86038381e-02
  1.99637926e-02
 -2.34563794e-01
 -1.32698679e+00
  9.82092948e-01
  6.60566082e-01
  2.60080981e+00
 -1.56383082e+00
 -1.02227971e+00
  2.81463149e-01
  7.26437505e-01
  2.29590260e-01
  1.06411657e+00
 -2.66572522e+00
  6.57157741e-01
  1.21922400e+00
 -2.29111410e+00
  1.87015814e-01
 -9.94016791e-01
 -6.27455551e-01
  2.20147741e+00
 -5.03825129e-01
 -3.10215889e-01
 -7.62893438e-01
 -4.81393030e-01
 -1.78915476e+00
 -1.03928861e+00
 -5.44667163e-01
 -3.20063691e-01
 -2.49394105e-01
 -1.21937711e-01
  4.04227929e-01
 -1.52152419e+00
 -4.72675395e-01
  1.30180644e+00
 -5.20872554e-01
 -1.39726627e+00
  1.75954587e+00
  2.38973923e-01
 -1.66675626e+00
 -1.20536017e+00
 -1.89001555e+00
 -1.25354718e+00
  6.63496702e-01
 -9.17069091e-01
 -4.91973159e-02
 -1.42432147e+00
 -5.83803544e-01
 -3.04087695e-01
 -1.14193304e+00
 -1.13702275e-01
  1.19985024e+00
 -9.89740278e-01
 -2.55725885e-01
  1.53469651e+00
  5.89700203e-01
 -3.71267507e-01
 -9.20476031e-01
 -4.75764569e-01
  1.34653572e-01
 -1.86810325e+00
 -8.29995828e-01
  1.15520001e+00
  4.60440600e-01
  7.21301674e-01
  2.19260016e+00
  1.80310156e-01
 -7.24246519e-01
 -5.08656328e-01
 -4.26013684e-01
  1.25759588e+00
 -1.45009433e-01
 -9.68177920e-01
  4.54012495e-01
 -9.73974115e-01
  3.62167396e-01
 -2.92808300e-01
 -1.20999498e+00
  9.00453330e-01
 -2.61965415e+00
 -2.20736052e-01
 -1.68439367e-01
 -6.69946864e-01
  2.25393009e+00
  1.31020107e+00
  1.49833726e+00
 -3.94965604e-01
 -2.44612522e+00
 -1.39332966e-01
  6.83139378e-01
  6.61733344e-01
  1.23137489e+00
 -5.41194117e-01
 -6.76118318e-01
  5.71940962e-01
 -1.37645968e+00
  1.72433741e-01
  1.96273667e+00
 -1.21730733e+00
  8.53951615e-01
  2.25666481e-01
 -8.50944480e-01
  2.10526664e+00
  5.05853998e-01
  1.65218111e+00
  3.29893332e-02
  7.68558409e-01
  6.84961270e-01
 -5.93987476e-01
 -1.46378892e+00
 -2.78335042e-02
 -2.82670962e-01
 -2.96971297e-01
 -8.82522373e-01
 -6.37275898e-01
  6.28666844e-01
 -1.50575005e+00
  4.74537336e-01
  1.69976571e+00
 -6.88068590e-01
  7.83906736e-01
 -5.39060959e-01
  8.20151004e-01
 -1.12123494e+00
 -1.17742741e+00
 -1.44053211e-01
  6.46814102e-01
 -8.28519077e-02
  6.01304315e-02
  9.43923993e-02
 -2.39773608e-01
  6.89796541e-01
 -3.15564166e-01
 -5.35368608e-01
 -1.78641619e-01
  5.50115958e-01
  2.11676262e+00
  2.86558507e-01
  2.04461880e+00
  2.51881316e-01
  4.62690723e-02
 -1.55071359e-01
 -1.34644841e+00
  1.18370735e+00
 -5.36096737e-01
  5.08298587e-01
  5.86299618e-01
  9.18232043e-01
 -9.64971688e-01
 -8.09470139e-01
  3.29234619e-01
 -3.00782280e-01
  1.34580446e+00
 -1.26471747e+00
 -7.79191542e-01
 -2.49831397e-01
  2.04742187e-01
  9.54200150e-01
 -1.52311441e+00
 -1.03518616e+00
  7.21418415e-01
 -3.54839465e-01
 -8.09550982e-01
 -2.69501112e-01
 -2.51509645e+00
  1.87899791e-01
 -1.63358534e+00
 -4.94245280e-01
 -2.52344919e-02
 -1.56067187e+00
  1.35589365e+00
  1.30731734e+00
  2.54921576e+00
 -8.07242341e-01
  3.07441892e-01
 -7.53355575e-01
 -1.77993727e-01
  1.32746941e-01
 -3.34703274e-01
 -9.62812570e-01
 -1.68867673e+00
 -1.84877831e-01
  3.96410322e-01
 -8.31624645e-01
 -1.80516755e+00
 -1.09583748e+00
  2.24489376e+00
 -8.49019205e-01
 -7.72126571e-01
  4.44228756e-01
 -1.48125826e-01
 -7.00567540e-01
 -3.48888168e-02
  6.32973913e-01
 -8.06300250e-01
  7.94503278e-01
  1.43914110e+00
  5.40230354e-01
 -1.38303482e-01
 -3.37147160e-01
  2.25955359e-01
  1.36853154e+00
 -2.08983048e+00
 -1.77624585e-01
  1.67358660e-01
  4.51632442e-01
  6.54720392e-01
 -1.44588559e-01
 -8.04014203e-02
 -2.78207463e-01
 -4.00983497e-01
 -1.07013937e-01
 -1.84145001e+00
  7.39333713e-02
  9.67224634e-01
 -3.07742734e-01
 -1.99331926e+00
 -1.21525673e+00
 -2.90617772e-01
 -1.34293669e+00
 -5.01502828e-01
  4.04168107e-01
 -5.50951389e-02
  2.14735602e+00
 -1.16214480e-01
 -1.71377804e+00
 -3.19794183e-01
  3.76882751e-01
 -1.15386083e+00
  8.72043546e-01
  1.65093851e+00
 -1.66709102e+00
 -1.96030243e+00
 -2.28977084e+00
  1.88125740e+00
 -1.63559276e+00
  1.05680343e-01
 -9.73248561e-01
 -6.33210742e-01
  4.84235872e-01
  2.27506802e-01
 -6.09372346e-01
  5.74658337e-01
  1.42048476e+00
 -2.74523350e-01
  1.87040071e+00
 -5.66825191e-01
 -1.55808557e+00
 -8.79074690e-02
  3.31815418e-01
  1.39334066e+00
  1.71245995e-01
  2.29940863e+00
 -7.78807007e-01
 -3.78964735e-01
  7.44530335e-01
 -6.85672156e-01
 -2.10778450e-01
 -4.52607943e-02
  8.96986326e-01
 -9.97783495e-01
  9.71956756e-01
  8.95559364e-01
 -2.88235694e-01
  5.01752581e-01
 -9.85516947e-01
  3.00503154e-01
  3.37549675e-01
  8.36585298e-01
 -5.98955888e-01
 -3.60329846e-01
  3.49038300e-01
 -8.80297923e-01
 -1.57119868e+00
  3.83751783e-01
 -1.74524726e+00
 -1.02643022e+00
  3.30640058e-01
 -2.09447837e+00
  5.98379496e-01
  1.38110224e+00
 -4.40035551e-02
 -1.11157039e+00
  1.88465181e-01
 -6.43838399e-01
 -1.73200149e-01
  1.34729479e+00
 -8.93557133e-01
 -9.52803312e-01
 -2.33756692e+00
  8.73555381e-01
  6.66417745e-01
  1.51967252e-01
 -4.26890413e-01
  1.50203830e+00
  5.03520972e-01
  8.41328841e-01
  1.86333555e-01
  3.45582817e-01
 -2.57441928e-01
  2.21410547e-02
  1.47628575e+00
 -1.31503677e+00
 -5.35240280e-01
  2.10774469e-01
 -4.16389964e-01
 -6.70043290e-03
 -2.70484486e-01
  4.20451179e-02
  7.94693919e-01
 -6.89324132e-02
  6.16731931e-01
 -9.22496793e-01
 -7.39045956e-01
 -1.09342888e-01
 -7.63978322e-01
  6.32326326e-01
 -6.01695204e-01
 -6.02996965e-01
  1.85638188e+00
 -2.65790733e-01
 -4.04828909e-01
  1.55407192e+00
  7.50048593e-01
 -7.27282424e-01
  2.54035078e-01
 -5.79817056e-01
 -7.20893701e-01
 -7.30079188e-02
  1.68031684e+00
  1.26196595e+00
 -1.77579868e-01
 -5.40288642e-01
  1.76091270e-01
  2.78488996e+00
 -3.62258173e-01
  1.51201719e-01
  5.32755346e-01
  1.48326863e+00
  9.79780624e-01
 -3.26894585e-01
 -1.65658829e-01
  5.53033631e-01
 -5.13994295e-01
 -1.24925808e+00
 -8.63151150e-01
 -2.50076403e-02
 -4.35523356e-01
 -1.59163025e+00
 -3.77481953e-01
  1.06775096e+00
  2.38546323e+00
  9.76404052e-01
 -9.63079564e-01
 -5.57100322e-01
 -2.09450630e-01
 -1.89226881e-01
 -1.44890601e+00
  2.59462324e-01
 -4.53917824e-01
  7.13548406e-01
 -1.48838143e+00
  1.11521023e+00
 -1.86853804e-01
 -3.44093223e-01
  1.06650940e+00
 -1.06308301e+00
  3.13905289e-01
  4.34422796e-01
 -1.75800509e+00
  1.14612721e+00
  9.95160568e-01
 -5.30497136e-01
 -2.25469020e-01
  3.89798269e-01
  2.76995588e-01
 -9.51005539e-01
  9.90618424e-01
  2.00749265e-01
  8.65797136e-01
  4.51841123e-01
  2.23616417e-02
  1.38820511e+00
  6.06289234e-01
 -3.27239040e-01
  2.11797687e+00
  2.34129288e-01
 -2.24192469e-01
 -3.70964206e-01
 -7.60734088e-02
  2.17144350e-01
 -1.16252762e-03
 -7.15987638e-01
 -5.88468319e-01
  6.53395215e-01
  1.17728339e+00
 -1.09992052e+00
 -5.79260881e-01
  1.78689634e+00
  1.85778653e+00
  1.22223746e-02
  2.75135357e+00
  1.66825878e+00
  9.43799600e-02
  7.88750806e-01
  1.16743941e+00
 -2.72404673e-02
 -4.65137446e-01
  1.03479102e+00
  1.48178795e+00
  2.62450556e-01
 -1.26131981e+00
 -9.72321680e-01
  2.76902806e-01
  9.37930479e-01
  4.40861713e-01
 -2.73545519e-01
 -5.74196984e-01
 -5.16175578e-01
 -2.22625051e-01
  8.35132763e-01
  1.04962216e+00
  2.63153102e-01
  8.05921100e-01
 -2.47151642e-01
 -2.50944432e-01
 -1.34431345e-01
  4.54515045e-01
  5.86487941e-01
 -5.53755039e-01
 -2.20145391e-01
  5.60111209e-01
  1.25560469e+00
  2.17406406e-01
 -1.37161223e+00
 -6.48096053e-01
  6.49525468e-01
  1.20599620e-01
 -6.57728393e-01
  1.35312711e+00
 -1.64499388e+00
  1.63273805e+00
  1.40602316e+00
  2.89618920e-01
  7.98549057e-02
  6.73866034e-01
 -2.32191107e-01
  9.98042166e-01
  8.13335000e-01
  1.65377284e+00
  8.29705360e-01
 -2.27584895e+00
  5.56144727e-01
  3.53486822e-01
 -2.20842850e+00
 -1.27121868e+00
  3.32079951e-02
  1.46143466e-01
  4.28268283e-01
  4.20033190e-01
 -8.92481064e-01
  2.57365999e-01
  1.30151904e+00
 -9.39643087e-02
 -8.45772933e-01
  5.83901537e-01
 -5.98904096e-02
  2.78368015e-01
  6.57983709e-01
 -1.17206676e+00
  6.11130759e-01
  4.56809047e-01
  1.34091721e+00
 -1.06830964e-01
  1.90986577e+00
  1.22901721e+00
 -4.69102362e-01
  1.43220195e+00
 -1.40986487e+00
 -1.31692942e-01
  1.32170111e+00
  3.66490916e-01
 -1.43178410e+00
 -1.03655005e+00
  6.34957622e-01
  7.27669653e-02
 -3.16000710e-01
  1.31486869e+00
 -4.32529823e-01
 -1.67382432e+00
  1.92849929e+00
  6.08712359e-01
  3.31776949e-01
 -5.96296091e-01
 -4.28961801e-01
  2.59543425e-01
 -6.93872860e-01
 -1.52075521e+00
 -7.14719341e-01
 -1.71770961e-01
  2.55285659e-02
  9.02538380e-01
  1.10500397e+00
  1.76617231e-01
  4.84873594e-01
 -1.28243582e+00
  1.58007800e+00
 -1.42621082e+00
  1.57139528e+00
 -4.53786570e-01
  2.50134216e+00
  4.72394088e-01
 -3.10450056e-01
  2.66063663e-01
 -2.80476230e-01
 -5.29014464e-01
  7.20341683e-01
 -1.60621764e-01
 -2.20686079e-01
  3.08544223e-02
  4.87662881e-01
  8.54118001e-02
 -7.79891039e-01
 -6.21782754e-01
  7.61769975e-01
 -5.29870994e-01
 -7.38331186e-01
  4.47439112e-01
 -6.35495200e-01
  5.78851805e-01
  1.14096641e+00
  9.92661279e-01
  1.15869315e+00
  1.06180706e+00
  4.96016817e-01
  1.34143095e+00
 -4.10853277e-01
  1.42226535e+00
 -8.67511761e-01
  1.33687679e-01
 -1.56581448e+00
  4.02095931e-01
  5.86224508e-01
  1.55873305e-01
  1.55719321e+00
  1.00143185e+00
  1.53643728e+00
 -1.36211442e+00
 -1.00063342e+00
  5.23762452e-01
 -5.46926574e-01
 -8.28975712e-02
 -1.35819001e-01
 -7.58961608e-01
  4.17481853e-01
 -9.86571149e-01
 -3.29907104e-01
  1.02844286e+00
  7.79715255e-01
 -2.27458681e-02
 -3.29263421e-02
  1.04056818e+00
  4.07351964e-01
  5.93343896e-01
  1.99973635e-01
  3.15805050e-01
 -1.46915200e+00
  9.94153480e-01
  2.16991733e+00
  1.38695684e-01
 -1.43374571e+00
  6.15928924e-01
  1.11557894e+00
  6.82596027e-01
 -1.12918176e+00
 -7.78824417e-01
  1.51788741e+00
 -6.68339497e-01
 -5.72736984e-01
 -7.16877749e-01
 -1.92495097e+00
 -2.45497538e-01
  4.99542704e-01
  7.55974491e-01
 -8.98487950e-01
  6.18416203e-01
 -6.22565507e-01
  1.14131618e+00
 -3.43757246e-01
 -1.44657749e+00
 -1.21736775e+00
  1.44442001e+00
 -1.28422869e+00
  2.09668061e-01
 -1.33867934e+00
  7.36896354e-01
  3.17705726e-01
  1.03522518e+00
 -1.83684284e-01
  1.52692107e+00
  7.93869010e-01
  3.64863950e-01
 -1.91935945e-01
  6.05434712e-01
 -2.42323536e-01
  1.50210912e+00
  1.71258613e+00
 -1.42136287e+00
 -3.16711747e-01
 -2.53543604e-01
 -1.62210779e+00
  8.85222110e-01
 -1.91306444e-01
  6.50278597e-01
  4.52038893e-01
  1.35522389e+00
  6.62436295e-01
  1.91975751e-01
 -8.22808995e-01
  1.81564793e+00
 -5.22744716e-01
 -1.77442149e+00
 -1.30582303e+00
  9.74154876e-01
  1.00821344e+00
  1.07728408e+00
 -3.88358106e-01
  7.63219328e-01
  4.56662869e-01
 -5.46754302e-01
 -9.15779116e-02
 -1.22829703e+00
  1.21234721e+00
 -7.51256457e-02
 -2.14081740e+00
 -1.51073966e+00
  3.08897536e-01
  2.25055053e+00
 -1.54203128e+00
 -7.47955904e-01
  1.99299636e-01
  9.39649446e-01
 -2.53345055e-01
 -1.04512116e+00
  4.02943823e-01
  1.42158246e+00
  1.25584996e+00
  2.75625657e-01
  1.31473161e+00
 -7.14813418e-01
 -1.97564024e+00
 -3.07438494e+00
  1.47494128e+00
  2.70132385e-01
 -8.85369982e-01
  8.13816089e-02
  4.32101591e-01
  2.69222986e-01
 -7.94033403e-01
  4.05845340e-01
 -1.44147772e+00
 -5.15037562e-01
 -1.52665903e+00
 -1.25437410e+00
 -1.52697229e+00
  4.17709751e-01
  7.28700415e-01
  1.01244214e+00
  1.05978200e+00
 -7.57093981e-01
  6.74834194e-01
 -1.81800329e+00
 -1.29683268e+00
  5.88657433e-01
 -8.70481896e-02
  1.43796656e-01
  6.76645487e-01
 -8.26069848e-02
 -6.32415080e-01
 -8.66760750e-01
  5.26297319e-01
  1.57701075e+00
 -8.49487371e-01
 -5.46846788e-01
  4.87825455e-01
  1.84768851e-01
 -2.51165662e-01
  1.24340314e-01
  1.15427819e+00
  7.74116101e-01
 -7.62439660e-01
 -1.66110181e-01
  1.81903500e+00
 -8.69119539e-01
 -6.06511278e-01
 -1.20093368e+00
  5.95555586e-01
  5.31749920e-01
 -3.43768507e-01
 -4.00062916e-01
  6.15089029e-01
 -7.83289167e-02
 -2.14665727e-01
 -1.24843229e+00
  9.88715890e-01
  1.11571374e-01
  6.93548564e-01
 -6.82203313e-01
  1.41737967e+00
 -3.77348116e-01
  3.81410457e-01
  1.44855752e+00
 -1.61322923e+00
 -1.34649288e-01
 -2.09064245e+00
  1.01063171e+00
 -5.69139311e-01
  1.09665870e+00
 -1.03082381e-01
  2.15760215e+00
 -1.59184600e+00
 -1.49156044e+00
  3.20556933e-01
 -4.70324151e-01
  5.56137814e-01
 -1.75718108e-01
 -8.94604349e-01
 -3.42927482e+00
 -1.61419100e+00
  4.68881388e-02
 -9.26334558e-01
 -1.69266107e-01
 -5.04208318e-01
  5.66603877e-01
 -7.57922803e-01
 -1.04091537e+00
 -3.36486346e-01
  1.01613927e+00
 -9.75646378e-01
  2.35472009e+00
  2.38855362e+00
 -1.07543495e+00
  6.38456924e-01
 -1.79982906e-01
 -3.06723754e-01
 -1.30312077e-01
  9.88456006e-01
 -4.58802386e-01
 -9.46225791e-01
 -1.15142942e+00
 -4.01869388e-01
 -1.65527281e-01
  5.85435994e-01
  7.08046698e-01
  1.16015219e+00
 -2.52316567e+00
 -1.32407591e+00
 -9.72760729e-04
 -7.57043699e-01
 -1.16111626e+00
 -5.11334568e-01
  5.30191381e-01
  2.77649663e+00
 -1.64360505e+00
  6.98502949e-02
  1.35840080e-01
 -4.00788881e-01
 -2.08189346e+00
 -7.25311587e-01
 -3.65821030e-01
 -8.87681989e-01
 -4.87548973e-01
  4.26104653e-01
  7.12579923e-01
  8.41715861e-01
  5.37598947e-03
  3.43612344e-01
 -1.80569052e+00
 -1.55574719e+00
  8.22152396e-01
  3.96777814e+00
  5.12102122e-01
  4.49631043e-01
  9.56654069e-01
  4.35685571e-01
  1.99983812e+00
  2.09047400e-01
 -7.60597556e-01
 -5.03897753e-01
  1.22392710e+00
  1.63698796e+00
  2.00637035e-01
  1.51801341e+00
  1.11362585e+00
  3.62774863e-01
  1.11623604e+00
  1.23578615e+00
 -3.76462177e-01
 -8.67848979e-02
 -8.57727441e-01
  8.58569046e-01
  6.09729870e-01
  1.71473668e-01
 -2.65201532e+00
 -6.72336428e-01
 -2.01540380e+00
  9.28606876e-01
 -3.74281458e-01
 -1.94668890e-01
  1.82047440e+00
 -1.55304685e+00
 -1.69807642e+00
  1.27451718e-01
  2.26051427e-01
  1.94545524e-01
 -6.47579120e-01
  1.48019471e+00
  6.34562462e-01
 -4.92598443e-01
  1.98915300e+00
 -1.91450555e-01
  6.97743624e-01
 -6.15352449e-01
 -1.31215092e-02
  1.19720662e-01
  6.73629335e-02
 -3.80270479e-01
  1.42339057e+00
 -1.99587508e+00
 -4.06486628e-01
  1.54128683e+00
  3.70693374e-01
  2.36771271e-02
 -5.50109285e-01
  1.57731256e-02
 -6.47593787e-01
  1.72005983e+00
  2.16509697e+00
  1.08539124e+00
 -7.88790969e-01
 -6.41335075e-01
 -1.02570904e+00
 -1.26032147e-01
  3.59456339e-01
  1.62977135e+00
 -5.23659331e-01
 -1.88385218e-01
 -4.13884420e-01
  9.95523509e-01
  1.42106474e+00
  1.28436165e+00
 -2.41712461e+00
 -2.98182775e-02
  4.44468609e-01
 -1.07279374e+00
 -2.85655765e-01
 -6.75929910e-01
  4.65732390e-01
  9.99259859e-01
  3.25346424e-01
 -4.28589330e-01
 -1.09487475e+00
 -9.11520152e-01
 -1.58460768e-01
  5.08468657e-01
  5.35432387e-01
  5.80097593e-02
 -9.00717949e-02
 -3.55375065e-01
 -9.41978526e-01
  1.11974785e+00
  9.35119039e-01
 -9.25669998e-01
  1.21799327e+00
 -2.51877382e-01
  5.48758623e-01
 -2.16340217e-01
  3.06117941e-02
 -6.66774704e-01
  1.29222937e+00
  7.30498753e-02
 -9.41794030e-01
 -1.13962164e+00
  9.09755644e-01
 -1.51488035e-01
  1.12862720e+00
  8.55404121e-01
  6.94070064e-01
 -3.25771814e-01
  1.09891285e-02
 -4.30417470e-03
 -6.02997656e-01
 -7.12956182e-01
  1.99086673e+00
  4.41894100e-01
  3.51518753e-01
  5.34256478e-01
 -1.08773694e+00
 -4.13181350e-01
  5.78489448e-01
  5.16454858e-01
 -1.32210034e+00
  1.69263406e+00
 -3.72371272e-01
 -2.25714719e-01
  6.99920294e-01
 -7.52061867e-01
 -2.60237355e-01
 -2.23389669e-01
  5.77159280e-01
  4.25215399e-01
  3.07988528e-02
  5.59261677e-01
  8.47457262e-01
  4.43296583e-01
 -1.68032584e+00
 -8.43526442e-02
  3.14282825e-01
  1.52821859e+00
  7.83584239e-01
  6.04391164e-01
  2.71775413e-01
  9.56224700e-01
 -7.15214947e-01
  1.62504447e+00
  4.32659423e-01
  1.00601286e+00
  8.02796503e-02
  5.25005005e-01
  1.47243583e-01
  7.30372615e-01
 -2.16764206e+00
  1.24871911e+00
 -1.20322376e+00
  6.14377859e-01
 -1.66866466e-02
  1.20932484e+00
  3.41132196e-01
 -6.60785138e-01
 -9.98383344e-01
  1.78433169e+00
  1.97604567e-02
 -1.31224311e+00
  5.81327620e-01
 -9.05477284e-01
  2.98613360e-02
  1.16815570e+00
 -1.00180461e+00
 -2.46211165e+00
 -1.13748578e+00
  6.66678110e-01
  4.55703103e-01
 -4.25265318e-01
 -2.29548756e+00
 -5.27912868e-01
 -6.67043594e-01
 -3.75446858e-01
 -5.02121778e-01
 -1.34051061e+00
  1.11177014e+00
 -7.21510343e-01
  1.47122280e+00
 -2.11706664e+00
  1.32984523e+00
  1.43951209e+00
  1.96425864e-01
  2.09236209e+00
  5.88404643e-01
  1.04613606e+00
  5.46725221e-01
 -2.53101501e-01
 -1.23090386e+00
 -3.23981619e-01
  4.03852736e-01
  6.24403132e-01
  4.87917330e-02
 -5.94725257e-02
 -1.54310201e+00
  4.02137362e-01
 -4.25693612e-01
 -7.94747408e-01
 -1.42356983e+00
 -9.92527850e-01
 -5.91118809e-01
 -8.91174043e-01
 -7.56627652e-01
 -9.86304008e-01
  5.21393359e-01
 -4.00266277e-02
 -6.53834523e-02
 -1.17844773e+00
 -1.62874567e+00
 -3.86448985e-01
  8.86534142e-01
  1.94206731e-02
  9.33809481e-01
 -5.41186883e-01
 -7.95497286e-01
 -3.10285159e-01
  3.96539037e-01
 -1.60364812e+00
 -3.60870107e-01
 -1.03443927e+00
  1.39140643e+00
 -5.28879567e-01
  9.35834208e-01
 -6.15445515e-01
 -4.10774126e-02
 -5.57296703e-01
 -1.56732236e-01
  2.92910189e-01
  1.80870740e+00
  8.62622724e-01
  7.48457641e-01
 -3.85566119e-01
 -8.94729259e-01
  4.08055785e-01
 -8.50142227e-02
 -1.02754604e-01
  1.64363858e+00
  3.62402109e-01
  3.45289268e-01
  9.16336495e-02
 -7.79518336e-01
  1.64850833e-01
  7.34481544e-01
 -1.63344409e+00
 -8.71628854e-02
  2.05874444e-01
  1.02644597e+00
  2.20431929e+00
  1.46932894e+00
 -1.13616932e+00
  3.47321743e-01
 -7.89303283e-01
 -9.11383972e-02
 -8.58374782e-01
 -1.57156901e+00
 -3.80804559e-01
 -1.04595615e+00
 -2.89744318e-01
 -1.76996157e-01
  1.56453125e-02
 -1.91785165e-01
  1.83197889e+00
 -1.38787415e+00
 -1.97461450e+00
  9.88398678e-01
  1.01390480e+00
 -9.55356635e-02
  1.05064478e-01
 -4.27582604e-01
 -5.30417462e-01
 -1.41623628e+00
 -3.63249395e-02
  1.30224416e+00
 -9.05034638e-01
  6.49424949e-01
 -3.06007392e-01
  7.91863863e-01
 -2.81167922e-01
 -1.51801054e-01
 -2.44357375e-02
  5.69497511e-01
 -8.78986307e-01
  8.13793968e-01
  8.67855869e-03
  5.41927611e-01
  4.06986689e-01
  2.02627144e+00
 -3.50670472e-01
  9.59706819e-02
 -4.71666809e-01
  7.55640305e-01
 -1.04183396e-01
  1.49975793e+00
 -6.36573681e-01
 -9.57265417e-01
 -1.98620200e+00
  9.28898853e-02
 -5.39556288e-01
 -8.20803149e-01
  2.00246873e-01
 -1.88562666e-01
 -6.05684494e-01
 -4.20820645e-01
  4.62048878e-01
 -1.15931427e+00
  1.45810208e+00
 -3.28810834e-01
 -5.08285976e-01
  6.80417304e-01
  1.49721537e-02
  1.01434380e+00
 -1.25324006e+00
 -8.86103426e-01
 -8.40208948e-01
 -3.34543075e-01
  7.46237724e-01
  1.24321939e+00
  2.14586135e+00
  8.57592657e-02
  4.68454934e-01
 -6.25570789e-01
 -1.41988624e+00
  3.42177484e-01
 -8.69569215e-03
  5.56115666e-01
 -1.10166542e-02
 -1.74599627e+00
  9.20605070e-01
  1.72753346e+00
 -2.55228632e-01
 -7.40151873e-01
 -2.12690466e-01
  8.76083154e-01
 -2.69959225e-01
 -5.73136051e-01
  2.22606829e+00
 -6.10993014e-01
  3.97274089e-01
 -2.18431830e+00
 -1.75617642e+00
 -8.42836414e-01
  3.11084022e-01
  4.78663587e-01
 -8.89194728e-01
  6.55207271e-01
  2.38496814e-01
  6.35554215e-01
  3.05719540e-01
 -5.03288027e-01
 -5.36467417e-01
  1.03605872e+00
  4.57316257e-01
  1.72567937e-01
 -1.85353578e-01
 -2.08054322e-01
  8.20063404e-01
 -4.88987186e-01
 -4.30484924e-02
 -3.24053350e-02
  1.60050640e+00
 -1.66806138e+00
 -3.69326947e-01
  1.32189994e+00
 -6.46252168e-01
  1.18801143e-01
 -1.51506534e+00
  1.06957858e+00
  1.21710446e-01
 -1.24656701e+00
  3.50745556e-01
  1.27522604e+00
 -1.32787773e-01
  1.67987815e+00
 -8.36036636e-01
  1.01996107e-02
 -1.64833523e-01
 -1.61691551e+00
  7.28722113e-01
 -1.35060334e+00
  4.67154468e-01
 -6.12719803e-01
 -4.11294010e-01
 -1.16582091e-01
  2.86261716e-01
 -1.79140910e+00
  2.37833125e+00
  1.24287025e+00
  1.07852333e+00
  2.47659087e-02
 -1.42871123e+00
  2.37572204e+00
 -2.24208626e+00
  6.74820128e-01
 -7.43258556e-01
 -1.47764174e+00
  7.84230525e-01
  4.78963810e-01
 -1.00899514e+00
 -3.52417835e-01
  3.47074326e+00
 -1.52908098e+00
  1.23434048e-01
 -7.72526185e-01
 -4.26397311e-01
  1.76445191e-01
 -1.88981030e+00
  2.10107431e+00
 -8.00655749e-01
 -1.53492946e+00
 -1.38474545e+00
 -1.10191803e+00
  1.33890268e+00
  4.12646914e-01
 -1.00385855e+00
 -3.55493989e-01
  2.61882155e+00
 -1.29991873e+00
  2.48669818e+00
  9.85557487e-01
 -8.99427067e-01
  1.54655635e+00
  6.53569104e-02
 -1.43134275e+00
  1.10976486e-01
  1.24133349e+00
 -1.28880473e-01
 -1.62010982e+00
 -7.39284581e-01
 -5.49388726e-02
  1.14563467e+00
 -4.30846734e-01
  7.80849516e-01
  1.59008255e-01
 -4.79416611e-01
 -9.01376432e-01
 -2.26892586e+00
 -6.29565675e-01
  2.69545218e+00
  1.34151313e+00
 -2.53793635e-01
  3.94522122e-01
  1.08190581e+00
 -1.18710410e+00
  2.07276272e-01
 -2.39106860e-01
  2.37095508e-01
 -1.41740919e-01
 -1.38060057e+00
  8.24322506e-01
 -7.09683158e-01
 -2.57849977e+00
  3.88120600e-02
 -8.75812774e-01
 -1.14112075e+00
 -1.11216609e+00
 -1.48754076e+00
 -5.87660591e-01
  1.25500035e+00
  6.48644807e-01
 -3.27502810e-02
 -2.92218412e+00
  4.28680730e-01
  1.43300196e-01
  1.35407968e+00
  2.73208352e-01
  8.55726008e-01
  6.49016794e-01
  1.78291090e-01
 -9.25280149e-01
  1.58594422e+00
 -3.06554523e-01
  1.31107321e+00
 -4.24332992e-01
  5.23824526e-01
 -1.16076242e+00
  1.19913971e+00
 -9.98501326e-01
 -1.07401073e+00
 -3.84213414e-01
 -3.04697980e-01
 -5.42876333e-01
 -7.71989424e-01
 -2.89529558e-02
  1.47785683e+00
 -1.79767038e-01
 -1.57445338e+00
  1.19278452e+00
 -1.77574014e+00
  1.03646448e+00
 -4.05403941e-01
  1.64202849e+00
  1.06733335e+00
 -3.22035088e+00
  1.25157072e+00
 -3.48792797e-01
  1.54220076e+00
 -1.08327047e-02
 -4.34267137e-01
 -3.60595999e-01
  9.42816559e-01
 -2.67777122e-02
  4.87554748e-01
  6.85751947e-01
 -1.19323265e+00
 -3.60170305e-01
  8.32124290e-01
  2.12756706e+00
  1.09874068e+00
  2.04917601e+00
 -3.56686771e-01
  1.65152056e+00
  2.51686463e-01
  4.60530770e-02
  6.17622425e-01
 -1.49771216e+00
  1.66713836e+00
  4.72560642e-01
 -1.28562609e+00
 -1.00280443e+00
 -4.06623602e-01
  2.70248703e-01
 -9.62343666e-01
  1.75939634e+00
  2.53838010e+00
  2.78697248e-02
  8.02881673e-02
  5.10960727e-01
 -1.42662182e+00
 -1.56363563e+00
 -1.59922255e+00
 -8.42869287e-01
 -1.17040975e-01
  1.64500109e+00
  2.45516122e+00
 -1.17596966e+00
 -3.06796820e-01
 -7.19459874e-01
 -1.63928522e-01
 -1.65995810e+00
  1.23562726e+00
 -6.96155063e-01
  7.03564735e-02
 -1.07333933e+00
 -1.28396727e+00
 -1.06661724e+00
 -1.59008747e+00
 -3.13845339e-01
  3.83291183e-01
 -1.85269680e+00
  1.58825546e-01
 -7.87979701e-01
 -7.38183645e-01
  8.99884689e-01
 -1.36509868e+00
 -3.07316550e-01
 -4.25981374e-01
 -1.18490983e+00
  2.67198024e-01
 -9.54924788e-01
  1.52719694e+00
  8.57520531e-01
  1.69369639e-01
 -1.82751015e+00
 -7.44629930e-01
  2.35284549e-01
 -6.86957812e-01
  1.61317364e-01
  9.82229654e-01
 -1.24061448e+00
 -1.80429856e-01
 -1.40747441e+00
 -4.32580839e-01
 -6.70272828e-01
 -6.85246134e-01
  9.95493211e-02
  2.32131460e+00
  7.68329144e-01
  9.06717291e-01
  5.93836782e-01
  1.73588967e+00
  9.25328410e-01
 -1.33302558e-01
  9.75184937e-01
  2.95100886e+00
 -6.98331736e-02
  1.34388608e+00
  9.42658266e-01
  1.64073244e+00
  1.94612001e-02
 -2.57338977e-01
 -1.17397154e+00
 -9.50747807e-01
 -1.93212943e+00
  1.64000395e-02
 -7.00844987e-01
 -9.89563323e-01
  1.21604518e+00
 -1.24162201e+00
  7.95185315e-01
 -1.17936911e+00
 -1.35696278e+00
 -2.00704509e-01
 -1.13669443e+00
  5.53809487e-01
  1.64330912e+00
  1.05448275e+00
 -1.40473375e-01
  1.19317128e+00
  1.39285520e+00
 -1.07248930e-01
 -2.72390378e-01
  3.26898646e-01
 -7.06055272e-01
  2.94529610e-01
 -7.84491582e-01
  3.81615545e-01
  1.47697788e+00
  2.60208680e-01
 -6.98513433e-02
 -6.03728375e-01
  1.07935675e+00
 -9.87901331e-02
  2.34571382e+00
 -1.44103362e+00
  1.39948134e-01
  7.86977123e-01
 -4.44335411e-01
  1.42311774e+00
  1.58857408e+00
 -2.11799476e+00
 -9.21254604e-01
 -1.87052655e+00
 -1.00165139e+00
  3.02980706e-01
 -7.48241034e-01
  2.80149640e-01
  1.85179832e+00
 -3.32639406e-01
 -4.31895974e-01
  6.89149756e-01
  4.19126712e-01
  1.37627052e+00
  3.13704221e-01
  1.20860672e-01
 -7.74372216e-01
  3.80591298e-01
 -1.26617681e+00
  7.83874424e-01
 -1.63526060e-01
  5.02664782e-01
 -5.19002667e-01
 -8.64352040e-01
 -1.59536049e+00
 -9.54908021e-01
  1.01527654e+00
  3.33674810e-01
 -1.71979301e+00
 -9.75183406e-01
  1.67799547e-01
  8.76273263e-01
  1.03215705e+00
  6.34690701e-02
  6.31059177e-01
  1.12555512e-01
  1.39421312e+00
  4.72006282e-01
 -9.49801917e-01
  4.86624041e-01
  1.68627335e+00
 -1.33937318e+00
 -3.27256042e-01
  5.72590814e-01
  2.70653940e+00
 -1.27133805e+00
 -2.17119789e+00
  4.10132024e-02
 -1.07855150e+00
 -3.24449994e-01
  2.03159525e-01
  2.80133606e-01
 -9.45195804e-01
  6.93960178e-01
  2.88381861e-02
  4.30641508e-01
 -8.31095728e-01
 -1.12359939e-01
 -6.08855160e-03
  8.95867278e-01
  2.29281364e+00
  1.02420861e-01
 -1.04268717e+00
 -1.70057546e+00
  2.95118799e-01
  1.22922277e+00
  9.77543803e-01
 -5.35482391e-02
 -8.06117739e-01
 -6.21949775e-01
 -1.30761009e-01
 -3.58100200e-01
  1.45209263e+00
 -4.19748171e-01
  4.93001240e-01
  9.42201076e-01
  1.81361193e-01
  1.00562598e+00
  2.24924075e-01
 -2.14926185e-01
 -9.57212720e-01
 -9.49887825e-01
  7.53157595e-01
  1.99183160e-01
  1.08681029e+00
 -1.33446158e+00
  1.58432711e+00
 -1.77126902e+00
 -8.47228335e-01
  2.81444433e-01
  6.16524342e-01
 -5.54188362e-01
  1.61149486e+00
  2.56633020e+00
 -3.64091567e-01
 -1.63620195e+00
 -9.16876990e-02
 -4.93895723e-01
 -7.18195188e-01
  5.65824478e-01
 -8.63515613e-01
 -1.50078040e+00
 -1.82541320e+00
 -9.37151009e-01
  4.04876744e-01
  2.06338603e+00
 -3.32337936e-01
  3.93223425e-01
  1.34707162e+00
  1.88544117e-01
 -5.59631702e-02
  3.84816596e-01
 -1.61862795e+00
  1.39628603e+00
  7.46473056e-01
  5.12624928e-01
  9.48343299e-01
 -2.36043939e-02
  1.83175255e+00
 -1.40436157e+00
  9.33851055e-01
  1.61904981e+00
 -1.43344483e-01
 -1.55148326e-01
  3.35412545e-02
  3.25102580e-01
  1.87912176e+00
 -2.17911480e-01
 -6.64001129e-01
  1.15253703e+00
 -1.19931814e+00
 -3.05105477e-01
 -1.13122489e-01
 -1.52188149e+00
  5.33921353e-01
  8.63586770e-01
 -9.50808445e-01
 -6.47707679e-01
  9.28856996e-01
  4.83080935e-01
 -2.85927459e-01
 -2.22615575e+00
 -1.23599852e+00
  8.82979488e-02
 -8.90446703e-01
  6.25628261e-01
 -1.21019020e+00
  8.67269692e-01
 -1.84225857e-01
 -1.42515068e+00
  1.88570914e+00
  1.01985567e+00
  1.35951747e+00
 -1.30315523e+00
  3.96513764e-01
 -3.15130801e-01
  2.92252262e-02
  3.74661191e-01
 -1.03537968e-01
  1.22232755e+00
 -1.05525889e+00
 -8.11859506e-01
  9.74637808e-01
  1.04055176e+00
 -1.78127650e+00
  2.79075496e-01
  1.43803637e+00
 -1.94297214e-01
  2.30580283e-01
 -2.40475217e+00
  1.02869521e+00
  9.88691904e-02
  1.17857396e+00
  3.23076835e-01
  9.26856823e-02
  1.15810888e+00
 -1.37834749e+00
 -6.09718931e-01
  2.45460426e+00
 -7.97549887e-01
 -3.01967993e-01
 -4.86105460e-01
  5.90251153e-02
  3.58489456e-01
  2.60721218e+00
  6.96471318e-01
  3.02945449e-01
 -4.47317203e-01
 -3.04914279e-01
  1.13439756e+00
 -2.50227920e+00
  4.96126693e-01
 -6.29963078e-01
  4.91285316e-01
  1.52956616e+00
  2.68581544e-01
 -5.95424149e-01
 -8.05033651e-01
  1.24650848e+00
  1.14442059e+00
  1.68573208e+00
 -8.82646664e-01
  1.52233829e+00
  8.94596683e-01
  2.37949508e-01
 -7.49748370e-01
  8.78522726e-01
 -1.88049723e-01
 -8.62392824e-01
  1.65769999e-01
 -3.07922675e-01
  3.73425416e-01
 -1.18831946e+00
  7.08713870e-01
  9.75793277e-01
 -1.86721658e+00
 -1.10423930e+00
 -6.84252731e-01
 -6.07239958e-01
 -8.65361391e-01
 -1.08484182e+00
 -4.24385746e-02
  1.07502723e+00
  1.67098541e+00
  5.00352102e-01
 -1.66238717e+00
  1.16810398e+00
 -1.31874261e-01
 -1.30688548e+00
 -1.03120757e+00
  1.35813036e+00
  9.69235746e-01
  1.60047705e+00
 -8.01114074e-01
 -2.27585001e-01
 -4.00837235e-01
  1.00621324e+00
 -5.39505066e-01
 -1.55066650e+00
 -1.74075349e+00
 -1.12404145e+00
 -2.03743201e+00
  2.24343774e+00
  2.89627360e-01
 -2.21938149e-01
 -8.27003711e-01
  9.99283004e-01
  7.04814396e-02
 -7.94677951e-01
  5.80729223e-01
  2.91537189e-01
 -8.54394051e-01
  1.17459275e+00
  5.72791116e-02
  8.38734151e-01
 -5.97748443e-01
  4.60643782e-01
 -7.82689264e-01
 -2.74870092e-01
  3.23590231e-01
 -8.17522142e-01
 -1.93537560e-01
  1.03509359e+00
 -7.14498580e-01
 -1.47597518e+00
  2.12276130e-01
 -3.60508920e-01
  1.09354507e+00
 -1.57941630e-01
 -1.21044559e+00
  2.18994796e-01
 -2.43900649e-01
 -5.84569505e-01
 -2.57372816e-01
  7.95637894e-01
 -1.89255696e+00
  2.34415056e-01
  2.55935728e-02
 -5.25606281e-02
 -2.67003978e-01
 -6.73506168e-01
 -1.47829817e+00
 -4.83964353e-01
  2.17037683e-01
 -2.24347283e-02
 -3.17972436e-01
 -3.91689522e-01
 -7.29985123e-01
 -1.25067942e+00
 -1.80899301e+00
 -1.11684415e+00
 -2.78326094e-01
 -2.24424091e-01
  2.72731737e-01
  3.16115170e-01
  4.36873736e-01
  9.13387956e-01
 -1.51546181e+00
  1.92646852e-02
  1.64199942e-01
 -1.28600370e+00
 -7.46177919e-02
 -1.06726307e+00
  2.38107628e-01
  2.40785111e-01
 -5.12132824e-01
  8.85951413e-01
 -7.67630027e-02
  6.18722073e-01
 -2.09734451e-02
  5.38018417e-01
 -1.32045054e+00
  8.79226458e-01
 -2.53920235e-01
  1.67543638e+00
  7.48516287e-01
 -1.65064729e+00
 -5.35707642e-01
  1.42473399e+00
 -1.33792075e+00
  4.07732257e-01
 -4.66903457e-01
 -4.58557258e-01
  2.64649341e-01
  9.65834308e-01
 -1.24632316e+00
 -6.19787652e-01
  6.90887997e-01
  5.40514635e-01
 -5.24290370e-01
  2.26328621e+00
  1.56831102e+00
  9.30721074e-01
  3.93491726e-01
  2.32758287e-01
  3.07270461e-01
  4.99454261e-01
  4.78301719e-02
 -7.71500262e-01
 -2.48901195e-01
 -1.40548142e-01
  1.59129384e+00
  1.20693803e+00
  4.89999652e-01
 -6.78437501e-01
 -1.34359573e+00
 -1.04232648e+00
  5.46138573e-01
  8.94492514e-01
  2.17401356e-01
  1.16488600e-01
  9.32848696e-01
  2.72398146e-01
 -5.19498186e-01
  6.89823659e-01
  8.21278353e-01
  5.91262575e-01
  8.38719533e-01
 -1.40178811e+00
  1.20431166e+00
 -1.46959693e-01
 -4.52536899e-01
  1.05017366e+00
  1.16130990e+00
 -5.40727631e-02
 -6.26317581e-01
  5.79340684e-02
  1.62104108e-01
  1.03943943e+00
 -1.62485404e+00
 -1.23050767e-01
  1.64141576e+00
  2.25920604e-01
  2.22817917e+00
  7.61636541e-01
 -1.10753075e+00
  4.91326523e-01
 -2.43106835e-02
 -7.96731380e-01
  4.21581483e-01
  3.87426091e-01
 -1.15676952e+00
 -9.67417668e-01
  8.65938831e-01
 -1.15321654e+00
  1.87683353e+00
 -4.05952268e-01
 -8.22181301e-01
  4.46899532e-01
 -3.64856979e-01
  4.30355506e-01
 -4.45347909e-02
  8.75692311e-01
 -4.58555291e-01
  3.87069684e+00
  5.03095867e-01
 -3.27307850e-01
  3.60982439e-01
 -4.03299418e-01
  1.89533505e-01
 -6.52132381e-01
  8.29610029e-01
 -2.18389207e+00
 -1.98336547e+00
  6.29286536e-01
 -7.28939213e-01
 -3.70837767e-01
 -4.23578869e-02
 -9.51840509e-01
 -1.04930197e+00
 -1.16766749e+00
 -9.00066960e-01
 -6.41534354e-01
  1.04389072e+00
  7.48196067e-01
  1.08918021e+00
  1.63886624e+00
  1.94113196e-01
  2.23132119e+00
  2.53554201e-01
 -8.15216320e-01
  3.18199163e-01
  1.26984612e+00
 -6.82543360e-01
  1.89628028e+00
 -7.04105088e-01
 -8.70055028e-01
  7.73730501e-01
  9.45167126e-01
 -1.14148732e+00
 -7.50943507e-01
  3.62382800e-01
 -1.22016956e+00
 -5.87278128e-01
 -6.68646450e-01
 -2.17112968e+00
 -1.23578195e+00
  7.39795100e-01
  1.44249007e+00
 -1.60480312e+00
 -6.28490724e-01
 -1.85635564e+00
 -1.22567056e+00
  2.01557429e-01
 -2.91266654e-01
 -2.43178807e+00
  1.00155057e+00
 -1.85714762e-01
 -9.11781907e-01
  8.03590834e-02
 -1.75638091e+00
 -9.03105668e-01
 -6.67784588e-01
 -1.58958599e-01
  1.85210554e+00
  1.44364195e+00
 -2.56212223e-01
  1.01152034e-01
 -5.43271618e-01
  2.05208656e-01
  1.27971304e-01
  3.64600805e-01
 -2.17455219e-01
  1.51691020e-01
 -6.36049864e-01
  1.21732474e+00
  1.34305355e+00
 -3.18020786e-02
 -4.28398300e-01
 -1.06969800e+00
  6.76462595e-02
 -1.62240994e-01
  2.42692632e-01
 -4.87871900e-01
 -1.89884732e+00
 -2.52519629e-01
 -2.38570080e-01
  1.72334164e+00
  1.55097864e+00
  1.03860401e-01
  1.87265963e+00
  1.13022374e-02
 -2.42162434e+00
 -1.01597395e+00
  1.53396884e+00
 -4.94670458e-01
  7.74388570e-01
  3.22012095e-01
 -1.86260824e+00
 -7.72882574e-01
  3.95576322e-01
 -3.65142011e-01
  7.09859397e-01
  1.64546664e+00
  7.96255196e-01
  2.43595654e-01
 -1.57296476e+00
  1.82472192e+00
 -1.24554417e+00
 -9.60919046e-01
 -1.45328575e+00
 -5.49563514e-01
  6.85726948e-02
  2.25027404e-01
 -1.71591628e+00
  3.82003553e-01
  1.24260733e+00
  1.83115332e+00
  2.00927035e+00
 -6.37102114e-02
 -8.54065832e-02
 -1.39469930e+00
 -5.83642342e-01
 -1.33831363e+00
 -7.66637548e-01
 -1.10977748e+00
  6.68098876e-01
  2.78128268e-01
 -3.54941870e-01
  7.36172818e-02
 -1.83318239e-01
  3.66472737e-01
  3.10608505e-01
 -2.99134499e-01
 -2.70044522e-01
 -9.02760417e-01
  1.66925807e+00
 -1.36388403e+00
 -2.07607929e-01
 -1.48217014e-02
 -5.46777240e-01
 -9.10807383e-01
 -5.49895706e-01
 -2.64402651e-01
 -2.44750325e-02
 -1.49989891e+00
  9.32397404e-01
 -1.19439112e+00
  1.02257878e+00
  7.15797511e-01
 -1.32273820e+00
  2.33984993e-01
 -1.36546012e-02
  1.62257048e+00
  2.52600459e-01
  3.31580901e-01
  5.45516208e-01
  1.48790116e+00
 -9.39039641e-01
 -3.57817560e-02
 -8.06335500e-02
 -6.24585597e-03
 -1.79825754e+00
 -5.17817734e-01
  4.04845961e-01
 -2.07349622e+00
 -6.15557429e-01
  1.00518751e+00
 -2.27683715e+00
 -2.31324157e-01
  3.49620723e-01
  8.96082341e-02
 -1.23051499e+00
 -6.66252627e-01
  8.79911819e-01
 -1.93599635e+00
  1.01361579e+00
  8.21082096e-01
 -5.70803566e-02
  4.63913413e-01
 -1.73055979e+00
  1.45551941e+00
  3.57892761e-01
 -1.85614186e+00
  1.77822983e+00
  2.20942965e+00
  1.35663743e-01
 -8.52638883e-01
 -6.67380402e-02
 -8.14203675e-01
  1.16667840e+00
 -3.21297189e-01
  3.39843963e-01
 -5.44078103e-01
 -8.14897710e-01
 -1.04461994e+00
  4.17551117e-01
  2.28193930e-01
 -5.31004062e-01
 -6.52335683e-01
  3.98057492e-01
 -4.13198445e-01
 -5.31664653e-01
 -1.62490210e+00
 -7.53107588e-01
  1.01473651e+00
  6.48334280e-02
 -5.21889437e-01
 -7.63483181e-01
 -9.99118692e-01
 -6.31449382e-01
 -2.36739812e-01
 -8.05124590e-02
  3.05484751e-01
  1.84565436e+00
 -6.81688772e-01
  8.13002852e-01
 -7.63798695e-01
 -9.40604062e-01
  2.99458481e-01
 -6.88629404e-01
  1.18453640e+00
  1.27604837e+00
  1.79560092e+00
  4.84720180e-01
  3.42739826e-01
 -1.07729779e+00
  4.65173010e-01
  2.52510022e-01
  6.36108195e-01
  3.87779689e-01
 -3.73512135e-01
  5.08341286e-01
 -1.16617015e-02
 -1.11073342e+00
 -1.02837974e+00
 -3.47314425e-01
  1.17898885e+00
  2.13181229e+00
  9.68411302e-01
  3.33862347e-01
  6.55311019e-02
  4.81531434e-01
 -1.05885667e+00
  5.10626864e-02
 -2.31442237e+00
 -6.15527719e-01
  1.24942603e+00
 -1.59557359e+00
  8.39581172e-01
  5.24786356e-01
  2.48721987e-01
 -6.38579209e-01
 -3.05646245e-01
 -3.16003893e-01
 -7.37367538e-01
 -1.36902494e+00
  1.64058509e+00
 -1.07626044e+00
 -2.73238147e-01
  2.68867147e-01
  4.07113149e-01
 -2.56307552e-01
  1.09080520e+00
  1.64433763e-01
 -1.31312277e+00
  5.58813853e-01
 -1.41577998e+00
 -6.00836714e-02
  6.21378262e-01
 -2.06808350e+00
  3.79394677e-01
 -3.10342588e-01
  1.92137209e+00
 -8.15816887e-01
  2.16785979e-01
 -3.44746863e-01
 -1.69227672e+00
  3.88242885e-01
  1.20848500e+00
  2.34733007e-01
 -2.37179499e+00
  8.04185376e-01
 -5.12031007e-01
 -5.14124997e-02
  5.59467334e-02
 -2.70215489e+00
 -1.27826321e+00
 -3.93619215e-01
 -4.83363845e-02
 -2.90740691e-01
 -1.14986529e+00
  7.03276230e-01
  1.33068744e+00
  2.51266690e-01
 -1.67593715e+00
 -4.34475061e-01
  4.96396047e-01
 -1.58203784e+00
  7.96991659e-01
 -5.25223812e-01
  3.06357043e-01
  6.77408380e-01
 -1.84100778e+00
  1.40452511e+00
  1.23380518e+00
  1.33002253e+00
 -9.56024285e-01
  3.59011912e-01
  4.67864459e-01
 -1.89593874e+00
 -1.56633275e-01
  1.01459668e+00
  5.33819845e-01
  4.42639062e-01
 -4.52945407e-01
 -2.06306564e+00
  1.81020464e-01
  1.35859367e+00
 -1.15406895e+00
  1.94209824e-01
 -1.93169137e+00
 -4.25796052e-02
 -3.25666721e-01
 -9.61776861e-01
 -7.88167828e-01
 -2.19034479e+00
  1.05550037e+00
 -2.58954032e+00
 -9.97457343e-01
 -1.25514105e+00
  4.09959122e-01
 -7.85759785e-01
 -2.99346579e-02
 -1.08934550e+00
 -8.59741998e-01
  7.53202228e-01
  6.33365363e-01
 -1.67177104e+00
 -1.12506997e+00
  1.28547159e+00
  1.46485397e+00
 -1.85233059e-01
  4.73368356e-01
  2.41874937e-01
 -1.15894576e-01
  9.34652376e-01
 -6.49410392e-01
  7.46940285e-01
 -2.44115082e+00
  2.21320143e-01
 -1.09652778e+00
 -1.49546265e+00
 -5.88774555e-01
  1.10826958e+00
  2.84407197e-01
  1.42265416e+00
  1.01405219e+00
 -9.32909190e-01
 -2.00299483e-01
 -1.20453727e+00
 -2.03847245e-01
  1.45706810e-01
  7.86980136e-01
  7.61779361e-01
  1.90747216e+00
  6.61511575e-01
  1.36670486e-01
  4.69621222e-01
 -1.69430829e-01
 -1.94808243e+00
  9.98869813e-01
  1.03596913e+00
 -3.67823949e-01
 -1.78895359e-01
 -1.65079520e+00
 -6.81325159e-01
 -2.74673737e+00
  8.45302377e-01
 -4.00930908e-01
  7.90018138e-01
  7.38020353e-02
  1.55230127e+00
 -1.03818813e+00
 -9.64676821e-01
  1.64817750e-01
 -2.63150598e-01
 -3.35590803e-01
 -2.24147511e-01
 -3.32333164e-01
 -1.92796510e+00
  5.83189628e-01
 -6.78923154e-01
  5.28151983e-01
 -2.94659131e-01
  1.15507485e+00
 -8.31158503e-01
 -1.43060030e+00
 -5.79612747e-01
  7.58747237e-02
 -7.95773585e-01
  6.57529341e-01
  6.27662029e-01
  1.32154100e+00
 -7.63271250e-01
 -1.65236743e+00
  1.04163190e+00
 -1.71717156e+00
 -5.40707829e-01
 -1.80156153e+00
 -1.50137258e+00
  2.36288067e-01
 -1.85535732e-01
 -1.02403556e+00
  2.04424945e-01
 -7.11194413e-01
 -8.78483688e-01
  4.50159653e-01
 -9.00419759e-01
 -3.33939708e-02
 -1.06412189e+00
  1.99244482e+00
  3.00339102e-01
  2.64440481e+00
 -1.54627621e+00
 -6.72306621e-01
 -9.83288375e-02
 -9.63675223e-01
 -1.22649988e-01
 -3.99459669e-01
 -6.01131836e-01
  1.17335743e-01
 -1.60299550e+00
 -2.00146438e+00
 -8.51208143e-02
  5.99398793e-02
  1.40347384e+00
 -1.32309948e-01
  6.23140042e-01
 -3.45915531e-01
 -1.82021532e+00
  5.85971748e-01
  2.67945986e+00
 -4.96846223e-01
  2.14521819e+00
 -1.13102126e+00
  2.45230341e+00
 -5.66999026e-01
 -1.73893571e-01
 -1.50975595e+00
  1.33856667e+00
  4.25861566e-01
 -1.60648960e+00
 -1.82913887e+00
 -1.16578773e+00
  1.48664888e+00
 -1.71892309e+00
  1.16689326e+00
