 -1.50197341e+00
 -3.22721419e-02
  1.00681837e+00
 -3.43145619e-01
  6.42023316e-01
 -4.85741229e-01
  1.37284842e-01
 -7.25265426e-01
 -2.40833620e-01
  4.20476965e-01
  7.67871647e-01
 -1.60046433e+00
  9.20522303e-01
  1.01992472e+00
 -3.40620269e-01
 -9.05584073e-01
  1.50148255e+00
 -7.38869719e-01
 -9.00054293e-01
  1.52015677e+00
  1.16861314e+00
  7.03866659e-01
  2.56720356e-01
  2.19552612e+00
 -1.72859532e-01
 -7.87301481e-01
  2.82925365e-01
 -1.61820479e-01
 -3.59954946e-01
 -1.97267513e+00
 -1.26119325e-01
  1.08861859e+00
 -2.05860977e+00
 -1.70921627e-01
 -8.14708566e-01
 -2.44269842e+00
  8.32324701e-01
  3.15038311e-01
 -6.51120683e-01
  9.13710419e-01
 -4.73041631e-01
 -9.33650851e-01
 -3.97714876e-01
  5.27069527e-02
 -1.65602987e-01
 -4.63118017e-01
  7.28929898e-01
  7.73419339e-01
  9.42515174e-01
 -3.99696539e-01
 -5.40899919e-01
  1.30847988e+00
  1.18140121e+00
  3.21363878e-01
  1.41893164e+00
  5.56786166e-01
 -1.55326227e+00
  5.92298234e-01
  9.93490755e-01
 -5.22966258e-01
  1.04756771e-01
 -3.22663641e-01
 -6.65685695e-01
  7.01230000e-01
  2.89942226e-01
  7.01512965e-01
 -8.33623639e-01
 -8.62347826e-01
  3.91463303e-02
  5.47069461e-02
 -1.15442310e+00
  2.71567576e-01
 -4.24351596e-01
  9.01143378e-01
  7.85141369e-01
 -4.16874095e-01
 -8.27241568e-01
  1.38130834e-01
  1.13141045e+00
 -1.94247022e-01
  1.55625917e+00
  8.45138624e-01
  1.33776116e+00
  7.82179593e-01
  4.42933966e-02
  6.51318100e-01
 -9.45222276e-01
 -4.13427284e-01
  1.34295948e+00
  1.33299533e+00
  9.64919146e-01
 -9.25221719e-01
 -9.96990100e-01
  2.12936340e+00
  8.29929737e-01
 -7.64807498e-02
 -1.22233337e+00
  4.49836830e-01
  3.61222152e-01
  9.37378683e-01
  5.65699180e-01
 -7.48466726e-01
  1.38435122e+00
 -3.23273328e-01
 -2.06094534e+00
  1.73437922e+00
 -2.06260974e+00
  3.77489093e-01
  6.95739283e-01
 -2.75653501e-01
 -2.50134052e-02
  2.43518626e-01
  6.30793448e-01
 -1.00792528e+00
 -1.20880426e+00
  1.22273241e+00
  1.96432478e+00
 -1.18191528e+00
 -1.91986003e+00
  2.92863331e-01
 -1.12353661e+00
 -1.48099538e+00
 -1.94688434e-01
  4.92733357e-01
 -3.30357997e-01
 -6.31467540e-01
 -6.58411700e-01
  1.70570061e+00
  3.76446664e-01
 -7.96578373e-01
 -6.07815989e-01
  1.38227869e+00
  1.80364122e-02
 -1.47886812e+00
  7.43808785e-01
  8.50578145e-02
 -6.56870956e-01
 -4.78297220e-01
 -6.85200619e-01
  1.64624997e+00
  2.96733684e-01
  3.14808270e-01
  5.46948153e-02
 -9.97684986e-01
  7.96671147e-01
 -1.09178920e+00
  1.00684533e-01
  1.05271462e+00
 -3.63889989e-01
 -9.95776378e-01
 -1.22725666e-01
 -7.75559369e-01
  5.91917902e-01
  1.36388940e+00
 -2.06077894e-01
  2.67221443e-01
 -8.71818694e-01
  1.79366445e+00
 -7.69449343e-01
  2.66268864e-01
 -1.40919696e+00
  3.51733190e-01
  1.38195333e+00
  1.30883169e+00
  1.20835454e+00
  1.07263584e+00
 -1.68855704e+00
  1.03329135e+00
  1.08586905e+00
 -1.12740001e+00
 -1.79031685e+00
  8.26149866e-01
  6.94143424e-01
 -3.46544543e-01
 -3.05449929e-01
  6.36260360e-01
  1.15673757e+00
 -1.08116967e+00
 -3.43996596e-01
 -7.15421604e-01
  1.94550152e-01
  1.42802708e+00
 -9.02119169e-01
 -8.05731539e-02
 -1.51288036e+00
  1.06502309e+00
 -7.87180774e-01
  1.53474277e+00
 -1.78888276e-02
  8.52256856e-01
  1.05135698e+00
 -1.24160763e+00
  1.04475048e+00
 -5.18073218e-01
  9.14416767e-01
 -8.31633826e-01
  2.80055553e-02
 -4.04478221e-01
  2.56586719e-01
 -1.63168175e+00
 -1.13077839e+00
  5.19587625e-02
  1.18239307e+00
 -4.06036444e-01
  3.48870953e-01
  6.34352863e-01
  5.21097391e-01
 -8.75176374e-02
 -1.70731489e+00
 -6.49887305e-01
  2.83100597e-01
 -7.01264548e-01
  1.20402198e+00
  2.68145679e+00
  7.08779189e-01
  1.27948928e-02
  6.10838195e-01
  1.11931517e+00
 -8.06009231e-02
  3.41125260e-01
  6.49720539e-01
  4.95042973e-01
 -9.66384493e-01
 -3.03366276e-01
  1.76338246e-02
  8.88334061e-01
  6.85816110e-01
  4.86281431e-01
  2.37190436e-01
  5.14437772e-01
  3.93252879e-01
  3.18249714e-01
  3.94410926e-02
 -9.23614282e-01
  5.00895211e-01
  2.71526145e-03
 -3.50035054e-01
  2.48144010e-01
  6.51308773e-01
 -1.10087691e+00
 -2.73414061e-01
 -6.62846218e-01
  5.31028523e-01
 -2.76694263e-01
  8.73872452e-01
 -5.27819223e-01
 -3.46444905e-01
  1.13667489e+00
 -1.82489232e-01
  4.90764417e-02
  1.47632939e+00
  9.81628912e-01
  2.84681443e-01
 -1.16106697e+00
  1.03564949e-01
  1.86170807e-01
 -6.83986528e-01
 -6.95000893e-01
 -7.53697768e-01
  5.86862776e-01
 -3.21016028e-02
 -3.09443793e-01
 -1.03798979e+00
  2.36715452e-02
  1.08983320e+00
  9.75215745e-01
 -1.31898345e+00
 -6.06152134e-01
  1.11346338e+00
 -2.49987121e-01
 -3.59175694e-01
 -3.33611020e-01
  1.16096506e+00
 -7.31688775e-01
 -9.03000841e-01
  2.26331314e+00
  7.98943695e-02
  3.78196200e-01
 -2.84165674e-02
 -3.28062159e-01
  1.87326358e+00
 -6.22799964e-01
 -2.37658676e-01
  1.10040965e+00
  1.22868122e+00
 -3.37746923e-01
  1.25583081e+00
 -2.14709462e-01
  6.84232161e-01
 -1.07823133e+00
  1.98764712e-01
 -5.02291946e-01
  1.47152744e+00
  2.58424530e-01
  2.56717286e+00
  1.74672858e+00
 -3.44139843e-01
 -1.42547667e+00
  3.74124674e-01
 -3.01720742e-01
  1.80412916e+00
 -8.71405421e-01
  1.54857127e+00
 -1.87595188e+00
  4.46817686e-01
 -7.92622364e-01
  3.31953436e-01
 -1.49764038e+00
  5.92537472e-01
 -1.42532926e+00
  1.37189746e-02
  9.76138149e-01
  3.77807018e-01
 -1.39787021e+00
 -1.41741309e+00
 -6.58294807e-01
  2.25309591e-02
 -3.23218114e-01
  4.87916135e-01
 -3.14566498e-01
 -5.08252658e-01
 -9.47896959e-01
  3.67511644e-01
  1.13041254e+00
 -1.82655941e-02
 -6.14698974e-01
  1.07203181e+00
  1.09365721e+00
 -1.07739664e+00
 -1.04839406e+00
 -9.68170365e-01
 -7.63542273e-01
  3.09753417e-01
  1.36985593e+00
 -1.42392746e-01
 -1.58414613e+00
 -1.10725044e+00
 -2.87380486e-01
  2.32575512e-01
 -6.35563343e-01
 -7.44553207e-01
 -2.79275814e-02
  2.83975521e-01
  1.17754298e+00
  5.56280987e-01
  1.01088608e-01
 -2.29038528e-01
  2.88407589e-01
 -2.04427521e+00
  9.05284970e-01
  5.23944278e-01
  1.69456867e+00
 -1.19412229e+00
 -1.17090276e+00
  1.84975229e-02
 -7.11636305e-01
  1.88881979e-02
 -2.89269780e-01
  1.37063200e+00
  1.65520068e+00
 -3.95581053e-02
 -2.98145874e-01
 -1.78201789e+00
 -2.10911462e+00
  4.19362749e-01
  1.05010988e+00
 -1.27902170e+00
 -4.29923869e-01
  1.08735139e-01
 -7.41011319e-01
  1.79820594e+00
  2.28983603e+00
  1.53965480e+00
 -2.65320300e-01
  8.19333285e-01
  1.14096787e-02
  9.80375527e-01
 -3.35667854e-01
 -1.99264031e+00
 -5.99677763e-01
  6.27093619e-01
 -2.81403705e-01
 -1.67931515e+00
  1.00741903e+00
  3.73109368e-01
  3.67075994e-01
  4.12909656e-01
 -7.17421863e-01
 -1.17485587e+00
  1.29441997e+00
  3.97819088e-02
 -2.29618071e+00
 -1.74157984e+00
  4.58713594e-01
 -3.74736028e-01
 -3.25605337e-01
  3.83964823e-02
 -8.62038935e-01
 -1.09646206e+00
 -1.35534531e+00
 -5.93413897e-01
  5.91361484e-01
 -2.13468576e-03
 -2.27618248e-01
  7.80738885e-01
 -4.88501034e-01
  2.35343739e+00
  1.56420449e-01
 -2.97869302e-01
 -9.15738847e-01
  1.37797567e+00
  9.61307057e-01
 -2.08712300e-01
 -4.64987178e-01
  6.99070939e-01
 -6.68201522e-01
  4.20409471e-01
  7.07732306e-01
 -2.04590221e+00
  1.27740123e-01
  8.31774646e-02
  2.05341430e+00
  7.08199853e-01
  1.71467485e+00
  2.58922487e+00
  7.32991137e-01
  5.86125361e-01
 -2.44272848e-01
 -2.23622933e+00
 -1.16771423e+00
  5.54974569e-01
  4.16845867e-01
 -1.92273065e+00
 -9.61525336e-01
 -2.19705258e+00
 -1.39418637e+00
 -6.27662551e-01
  5.20774758e-01
  9.45612779e-01
  6.45681203e-01
  3.44575787e-01
 -4.40860362e-01
  1.80222965e+00
  7.72926034e-01
  7.13049057e-01
  2.22889144e-01
 -9.59186529e-01
 -2.26464912e-01
  1.59061899e-01
 -2.42494269e-01
 -1.08080459e+00
  1.02089849e+00
 -1.89400138e-01
 -1.21177514e-01
  5.14042964e-01
 -1.60488807e+00
  6.06762737e-01
  3.22817976e-01
  3.72522353e-02
 -4.38687087e-01
 -2.48042161e-01
  1.51384653e+00
 -1.01562878e+00
 -3.89376957e-01
 -3.91071694e-01
  4.15904530e-01
 -1.87083920e+00
  1.05518901e+00
 -1.03700898e+00
 -7.59160257e-01
  3.79829560e-01
  5.19473194e-01
 -7.57373178e-01
  1.99890963e-01
  5.51010235e-01
 -7.50152339e-01
 -1.00323626e+00
 -3.63991907e-01
  1.50596145e+00
  9.00899520e-01
 -6.22941018e-02
 -5.81654909e-01
 -6.27960761e-01
 -1.47245395e-01
 -1.64201878e+00
  1.99762963e-01
  3.77712858e-01
  7.54119037e-01
 -7.38477075e-01
  3.54469194e-01
 -1.94453823e-01
  7.05133301e-01
  9.24895526e-01
  3.60977775e-01
 -8.72945978e-02
 -6.69124459e-02
 -5.49283826e-01
 -7.02461088e-01
  4.18002168e-01
 -4.84198428e-01
 -1.27381579e+00
  3.11641022e-01
 -5.72053900e-01
 -9.40526262e-02
  1.45524121e+00
  9.21100209e-01
  1.00877103e+00
  2.88597864e-01
  3.65923315e-01
  7.09707365e-01
  5.55758575e-01
 -2.35239440e-01
 -4.26836444e-01
 -9.00865859e-01
  1.15903122e+00
  5.14017700e-02
 -6.84135687e-01
 -1.30979433e+00
  2.64209718e+00
 -5.50480227e-01
 -1.06639156e+00
  1.24931678e+00
  1.38883755e-01
  2.12963043e+00
 -8.10653062e-01
  3.14221499e-01
  1.22720059e+00
  1.53657066e+00
 -9.03776007e-01
  4.90277584e-01
  8.33213500e-02
  6.96259625e-01
 -3.25352521e-01
  4.38317658e-01
  2.27444277e+00
 -1.10341871e+00
  5.45923706e-01
  3.73575432e-01
  9.54363089e-01
  1.38877764e+00
 -5.92053054e-01
  4.40888635e-01
  6.07400674e-01
  7.65765491e-01
  2.34079017e+00
  4.55744385e-03
 -2.90266490e-01
 -4.16745575e-02
  2.54241324e+00
  4.47683449e-01
 -2.44312290e-01
  3.89698982e-01
  7.11955059e-01
  5.78650882e-01
  3.43243286e-01
 -1.33055767e+00
 -2.88379848e-01
 -1.15329399e+00
 -6.88814022e-01
 -7.62928811e-01
 -3.98237504e-01
 -1.47090485e+00
  1.26285975e+00
  5.64226624e-02
 -7.96684895e-01
 -9.33428059e-01
 -5.43689335e-01
 -6.91851889e-01
  1.61506419e+00
  1.29130364e+00
  3.91252661e-01
 -1.58333078e+00
 -2.28986531e+00
  1.22863685e+00
  1.47672409e-02
  1.01580151e+00
 -4.51509499e-01
  4.33488280e-01
  1.75909357e-01
 -5.62473767e-01
  5.61600067e-01
  1.01411556e-02
 -2.46009270e-01
  2.96684053e+00
  1.34646513e+00
  3.74009314e-01
 -1.14715861e+00
 -2.61333590e+00
 -6.51357936e-01
 -5.42389672e-01
 -7.71004058e-01
  7.55835626e-01
  6.92311085e-01
  1.43718018e+00
 -1.15049717e+00
  1.09135367e+00
 -1.43592861e+00
  7.36586322e-01
  4.68282783e-01
  8.55195175e-01
 -6.89159382e-01
  2.37366043e-01
 -3.27593878e-01
  9.00008480e-02
  2.81782630e-01
 -6.78468952e-01
 -7.83331903e-01
  1.38573640e+00
  7.46011023e-01
 -1.29449278e+00
  1.68892592e+00
 -5.08112305e-01
 -1.70501409e+00
  1.34609810e+00
  1.36780771e+00
  3.19877099e-01
 -3.93122287e-01
 -2.37419976e-01
 -1.60651980e-01
 -1.65700844e+00
  1.39916326e+00
  5.75996204e-02
  1.97721645e+00
  9.99468265e-01
  7.42564134e-01
  3.35780431e-01
 -6.43708480e-01
  2.53464498e-01
 -1.97559819e+00
  3.41447845e-01
  1.74281858e+00
 -4.06666618e-01
  1.87526946e+00
 -1.20284039e+00
 -7.98567981e-02
 -5.92177952e-01
 -5.87770264e-01
 -1.53624358e-01
  3.11702521e-01
 -2.03845446e+00
 -1.92974475e+00
  3.44184092e-01
  1.33354130e-01
 -6.15205550e-01
  3.38732296e-01
 -2.62715612e-01
  7.64879133e-01
  1.25826828e+00
 -3.73910389e-02
  3.38403447e+00
  1.06986688e+00
  4.19851492e-01
 -8.37013740e-01
  1.31915257e-01
 -5.75063199e-01
  7.39515839e-01
 -9.95230649e-01
 -1.52534615e-01
 -2.48893677e+00
  2.71281983e-01
 -7.81706352e-01
 -9.29538150e-01
  1.13029353e+00
 -1.13781298e-01
  1.96006563e+00
  1.22393829e+00
 -4.95581616e-01
  4.93478318e-01
 -2.62220161e-01
 -1.72348819e-01
 -2.51931079e+00
  1.49499305e+00
 -2.41715905e-01
 -3.50043898e+00
  1.11612538e-02
  9.10132123e-01
 -7.07317008e-01
 -2.94216814e-01
 -2.20903963e+00
  2.22001666e+00
 -5.98154644e-01
  1.16037187e+00
  1.64034211e+00
  1.55261990e+00
  5.67671871e-01
  1.50555270e+00
 -1.01283504e+00
  9.02422788e-01
  1.91967359e+00
  8.05861677e-01
  3.48605372e+00
 -5.51359766e-02
  2.56579647e+00
  1.67708410e-01
 -6.09981808e-01
  1.53534505e+00
 -6.49765791e-01
  4.41362660e-01
 -9.28974851e-01
 -4.34419658e-01
  4.21890738e-01
 -7.47487599e-01
  4.56924470e-01
 -1.52202585e-01
 -1.95613885e-01
  2.54986135e-03
 -5.88713639e-02
  2.59190514e-01
 -2.56034841e-01
 -5.95384583e-01
  2.95557674e-01
 -1.39670672e+00
 -5.32309149e-02
  8.59013825e-01
  7.14673573e-01
  1.36590935e-01
  7.75703865e-01
  1.41953420e+00
  5.88797748e-01
  9.10257554e-01
  7.40664736e-01
 -1.64080296e+00
 -6.47898115e-01
  2.86769277e-01
  4.74906701e-01
 -8.82792423e-02
  8.11899689e-01
 -2.62086749e-01
 -8.03301597e-01
 -1.50946843e+00
 -2.44302970e-01
  1.51227977e+00
 -7.97338116e-01
 -1.60863045e+00
  2.20399598e-01
  3.25848440e-02
  5.53698958e-01
 -6.40587739e-01
 -1.50527186e+00
 -6.23910185e-01
  9.76085558e-01
 -2.83928349e-01
  1.29453693e+00
 -1.07765401e-01
 -3.36647422e-01
  7.68251415e-02
 -3.80432577e-01
 -2.58324611e-01
 -7.53473189e-01
  3.56438164e-01
  3.11071961e-01
  4.24803032e-01
  1.36281806e+00
 -3.35688636e-01
  7.57743513e-01
 -9.10896377e-01
  6.15338963e-01
 -6.14296754e-01
  1.19843156e+00
  1.40031929e+00
  4.50652903e-01
 -1.15752676e+00
  4.57512818e-01
 -8.51881578e-01
  5.32582819e-01
 -1.01182269e+00
  1.76327373e+00
 -6.50089261e-01
 -9.02590956e-02
  7.85364434e-01
  1.02291285e+00
 -2.87079902e-01
  8.75019160e-02
 -1.43799365e-01
  3.99326760e-01
  7.10185916e-02
 -2.90444015e-02
  2.71587194e-01
  1.02510275e+00
  6.50768170e-01
 -1.57969364e+00
  1.20500706e+00
 -1.03442575e+00
 -8.15239826e-01
  6.75808992e-01
 -1.22123273e+00
  2.77872955e-01
 -1.71105377e+00
 -6.16882871e-01
 -1.45589415e+00
  7.22343874e-01
 -1.45937544e+00
 -8.21690667e-01
  8.75082927e-01
  5.45056184e-01
  1.54348090e-01
  3.21052341e-01
 -4.76678507e-01
  1.62779254e+00
 -7.50619242e-01
 -1.58237970e+00
  1.15363713e+00
 -1.45817982e+00
 -2.08706925e+00
 -1.49975827e+00
  1.47398371e+00
  7.22084694e-01
 -5.35002119e-02
 -1.18357276e+00
  2.93802997e+00
  5.65571363e-01
  1.82036083e+00
  2.27801237e+00
  1.67022527e+00
 -2.05716027e+00
 -2.99618512e-01
  6.16025295e-01
 -3.10876673e-01
 -1.66485141e+00
 -2.55687943e-01
 -6.09143169e-01
  1.33707029e+00
 -1.15595878e+00
 -1.29022503e+00
  8.13671257e-01
  1.93607065e-01
  4.53786610e-01
  1.38141227e+00
 -1.00951348e+00
 -1.53048544e+00
  1.24387089e+00
  1.38241510e-01
 -4.09269780e-01
  1.23592581e+00
  5.81174520e-01
 -6.60452280e-01
 -2.49749835e-01
  1.95012124e+00
  1.11037999e+00
  1.47806449e+00
  8.44599684e-01
  6.64691234e-01
  6.64804887e-01
  3.20027391e-01
  1.57330760e-01
 -2.05751468e-01
 -1.96182293e-01
 -1.05512481e+00
  4.16578390e-01
 -8.06761056e-01
  1.15568343e+00
 -6.50704518e-01
 -6.14387536e-01
 -4.88056236e-01
 -5.84206116e-01
  2.14233415e-01
  4.34853135e-01
 -9.32759483e-01
  1.37782103e+00
  5.50743375e-01
  1.22066377e+00
  4.19294762e-04
 -3.93580205e-01
 -1.54748862e+00
  1.26752855e-01
  3.84041012e-01
 -2.09383641e+00
 -1.45818267e+00
 -1.14589945e+00
  2.09226247e-01
  7.55678567e-01
  5.83840236e-01
 -2.36722035e+00
 -1.08872469e+00
 -1.33213962e-01
  1.42476315e+00
  6.05966670e-01
  2.95613054e-01
  1.28171498e-01
 -7.55673542e-01
  2.03788618e+00
  6.00257762e-01
  9.01871465e-01
  5.96971972e-01
 -1.08407454e+00
 -1.43186684e-01
 -1.65150249e+00
  1.58648836e+00
  8.07027244e-01
 -9.64931854e-01
  1.26276292e+00
 -3.11368656e-01
 -2.29974662e+00
 -2.80790313e-01
  1.87966346e+00
  1.35118520e-01
  1.75537115e+00
 -7.43061538e-01
 -8.06321180e-01
  8.04558087e-01
  9.09161860e-01
 -1.29669659e+00
 -1.39075598e+00
  7.20844709e-01
 -5.06109535e-01
 -1.45168360e+00
  1.12437684e+00
  2.52331045e-01
  4.24658751e-01
 -2.26968235e+00
 -7.20082516e-01
  2.13319904e+00
 -6.79365249e-01
 -8.30811650e-01
 -5.33437322e-01
 -3.38324729e-01
 -1.11520898e+00
 -4.82930720e-02
 -1.07260583e+00
  2.92658584e+00
  8.54716348e-01
  1.56014665e+00
 -1.47349103e-01
 -3.19715672e-01
  1.01915356e+00
 -1.48677655e+00
 -6.20162664e-01
 -6.53338003e-01
  2.26098686e-01
 -9.92228387e-01
 -1.34050571e+00
 -1.32331008e+00
 -9.20469373e-01
  1.70887464e-01
  2.10352653e-01
 -1.38555540e+00
  6.28059741e-01
 -7.06018062e-01
  3.06785397e-01
  8.48066884e-01
 -1.52870565e-02
  1.02732615e+00
  4.15898748e-01
  4.13504790e-01
 -1.49369290e-01
 -8.94327293e-01
 -9.68799995e-01
 -9.70399371e-01
  1.51207890e+00
  6.04543974e-02
 -5.70311619e-01
 -1.34099194e+00
  2.80467859e-01
  4.50944676e-01
 -2.47595614e-02
 -1.07377607e+00
 -2.03789350e+00
  7.38486655e-01
  4.98714300e-02
 -3.82277205e-01
  2.93582504e-01
 -1.11092980e-02
 -1.79623521e-01
 -8.66938943e-02
  8.06707977e-01
  9.87074572e-01
 -3.62356164e-01
 -5.43111847e-01
  5.31968301e-01
  6.46833376e-02
 -5.71478929e-01
 -1.35318750e+00
  1.23877487e-01
 -5.86937408e-03
 -9.73140052e-02
  1.20218028e-01
 -1.74203112e-01
 -5.21918206e-02
  2.74968846e-01
  1.15476054e+00
 -2.14257847e-01
 -2.65556249e-03
  2.13450575e-01
  8.69069211e-01
 -1.63832046e+00
 -5.69794958e-02
  7.40354571e-02
  1.21406432e+00
 -2.95221005e-01
  1.00286039e+00
 -1.58485908e+00
 -6.69657462e-01
  2.73428350e+00
  5.78518061e-01
 -9.73571315e-01
 -1.63744027e+00
 -1.37410409e+00
  7.01230843e-01
  1.62609129e-01
 -5.19423548e-01
  8.18630777e-01
 -2.15501706e-01
 -1.02459753e-01
 -3.05521599e-01
  1.17768950e+00
 -5.84792569e-01
  1.54989627e+00
  2.40391785e-01
  1.34233491e-01
  1.38541437e-01
 -7.77250867e-01
  6.76717714e-01
  5.52343417e-01
  5.13076693e-01
  4.34506023e-01
 -4.26008204e-01
  1.01362650e+00
 -7.93123611e-01
 -6.32007479e-01
 -3.38502780e-01
  1.11648696e-01
  2.51130096e-01
 -2.69591106e-01
  3.37412832e-01
 -2.36334262e-01
 -3.26458558e+00
 -8.93624473e-01
 -1.00579538e+00
  7.02830074e-01
  1.17997732e+00
  1.05205572e+00
 -1.22697315e+00
  9.27761233e-01
 -1.21036534e+00
  4.57333150e-02
  1.64974798e-01
 -7.74062250e-01
  2.96131009e-01
  8.05692978e-01
  3.10939048e-01
  1.11970930e+00
  4.33795485e-01
  1.31090705e+00
  7.77666931e-02
 -1.29068483e+00
 -3.14424594e-01
  9.04996294e-01
  4.12490697e-01
  1.61177572e+00
  1.18817584e+00
  4.23583519e-01
 -1.83364951e-01
  1.30923952e+00
  1.37906201e+00
 -1.42651348e+00
  4.49593618e-01
  4.93857638e-01
  2.69673629e-01
 -1.71123080e+00
 -1.51807867e+00
  2.71262246e-01
 -5.48709711e-01
  9.53598823e-01
 -8.15073375e-01
  1.23593822e+00
  7.28959061e-02
  1.04200642e+00
  1.42152917e+00
  1.48399250e+00
  1.19758991e+00
 -8.99914835e-01
  3.58993361e-01
  1.19183070e-01
  6.17112144e-01
 -8.84441015e-01
 -8.91433251e-02
  2.33202128e-02
 -2.42064064e-01
 -1.34706988e+00
 -2.25559304e-01
  9.20255508e-01
 -1.65596884e+00
  1.32208762e+00
  1.52131454e-01
 -9.57666530e-01
 -1.75014468e+00
 -7.01830668e-01
  8.37205845e-01
  1.54660736e+00
 -4.97898784e-01
 -1.21634113e-01
  5.01154493e-01
 -6.80150399e-01
 -1.18073536e+00
 -2.31718385e-01
 -1.44915111e+00
 -6.27964223e-01
  1.81232527e-01
 -1.84979043e-01
  8.47239601e-01
  3.32294433e-01
  1.00257615e+00
 -2.05390428e+00
  2.03061347e+00
  9.11400459e-01
 -5.77289528e-02
  6.31407988e-01
  3.33036811e-01
 -8.93790717e-01
  7.17117028e-01
 -1.32305034e+00
 -1.63968794e-01
  1.21567050e-01
 -4.35370633e-01
  3.22174758e-01
  3.52008818e-01
 -2.23362026e-01
  4.94729739e-01
 -3.03835325e-01
 -9.92510791e-01
 -1.70227174e+00
  3.40977857e-02
  1.45519757e-01
  7.98160198e-01
 -6.88834705e-01
  2.77776435e-01
  8.34184310e-02
 -1.77197429e-01
  9.29502186e-01
 -1.87116965e-01
 -2.24389518e-01
  1.81895462e+00
 -3.87374205e-01
  1.29222856e+00
 -5.38236908e-01
 -4.52679437e-01
 -1.07328998e+00
 -4.72031127e-01
  2.66299894e-01
 -3.79129380e+00
 -1.80333126e+00
 -1.69236410e+00
  8.39232105e-01
 -9.98991995e-01
  8.84423849e-01
 -8.83556438e-02
 -1.57579923e-01
 -2.20311519e+00
 -6.70003184e-01
 -3.36732538e-01
  1.45467730e+00
  9.43573931e-01
 -4.91704005e-01
  2.82248873e-01
 -4.42596151e-01
 -9.16804068e-02
 -4.11405401e-01
 -4.77867107e-01
 -1.08690847e+00
  2.10562041e+00
  2.01267080e+00
  1.81803648e+00
 -6.90688706e-01
  2.42716736e+00
 -1.43585838e-01
  1.25408135e+00
  1.20194384e+00
 -1.23578521e+00
  5.66882423e-01
 -1.57497149e+00
 -1.25930681e+00
  8.03671647e-01
 -4.60921936e-01
 -8.73490000e-02
 -1.17200948e+00
 -1.44990789e+00
  1.16355964e+00
 -1.57063898e+00
 -3.53481255e-01
 -1.52954116e+00
 -1.62371434e+00
 -8.38477864e-01
  4.43485469e-01
 -5.27660761e-01
 -2.72505791e-01
  1.08280646e+00
 -6.10818128e-01
  1.25723431e+00
 -1.70590675e-01
  1.28912262e+00
 -5.04578001e-01
 -6.72232124e-01
 -2.37726508e-01
 -1.54418775e+00
  1.19625301e+00
 -1.12491345e-01
  8.01327838e-01
  2.04185437e+00
  1.34089938e+00
  1.00194033e+00
  6.61279611e-01
 -7.50870201e-01
 -4.16876540e-01
  2.33508599e-01
  5.44681053e-01
  1.07882078e-01
 -5.68975268e-01
 -1.42524346e-02
  8.50688783e-01
  4.05840061e-01
  7.68275187e-01
  4.27585098e-01
  8.09424368e-01
  1.62401820e-01
 -2.48981353e-01
 -5.02514032e-01
  5.51510873e-01
 -2.09074064e+00
  7.19856077e-01
  1.13312611e-01
  5.17650969e-01
 -1.65267551e+00
  1.60603873e-01
  7.04384795e-03
  4.14844226e-01
  2.43891737e+00
 -1.42938386e+00
 -3.71625128e-01
  2.06745425e-01
 -6.07807463e-01
 -8.61668757e-01
 -2.68903166e+00
 -7.22549302e-01
  8.04552968e-01
  1.20174612e+00
  1.14312844e+00
  1.05773717e+00
 -1.51885196e+00
  1.24504302e+00
  1.49372599e+00
 -1.09345311e+00
 -3.94401068e-01
 -2.09441506e-01
  1.10317510e+00
  8.50852105e-01
 -1.12536045e-01
 -1.00897783e+00
  5.64831576e-01
 -1.49100825e+00
 -7.06198950e-01
 -1.32415719e+00
  1.96948345e-01
 -1.12069364e+00
 -1.25038021e+00
  3.99137069e-01
  2.35059640e+00
  7.37068512e-01
  6.68242806e-01
 -3.54297912e-01
  6.74976118e-01
  1.90559990e-01
 -3.98635934e-01
 -7.24618192e-01
 -2.59845409e-01
  1.82322734e+00
 -5.51730491e-01
 -7.35175995e-02
  1.37882372e-01
  1.47632071e+00
 -1.88929639e-01
  1.37296004e-01
 -5.12855587e-01
  1.74371848e+00
  3.08924665e-01
 -1.43842669e+00
  8.17688043e-01
  5.62297496e-01
  8.91377266e-01
 -2.98480412e-01
  8.17290748e-02
  1.05774536e+00
 -1.49853437e+00
  8.32637191e-01
  8.59471413e-01
  2.29025838e-01
 -1.18416221e+00
 -3.12674260e-03
 -6.77886066e-01
  9.61725004e-01
 -4.25550243e-01
 -1.04195295e+00
  2.45474810e-01
  3.72551537e-01
  3.13454545e-01
  8.57475478e-01
 -6.03654135e-01
  1.16046265e+00
  9.65035263e-01
 -1.47363439e+00
 -7.66431661e-01
 -3.69104461e-01
 -7.79584912e-01
 -4.16728602e-01
 -7.60205222e-01
 -5.34435057e-01
  7.52531473e-01
  9.08647103e-01
 -1.63202181e-02
  1.76967927e+00
  2.18868520e+00
  4.52223628e-01
  7.03394734e-01
 -5.33446950e-01
 -7.86535013e-01
  1.44532524e+00
  1.33813449e+00
  4.68889440e-01
 -6.21078600e-01
 -1.20074262e+00
 -1.32811365e+00
 -1.98737782e-01
 -8.42441045e-01
 -8.15116240e-01
  2.22650711e-01
 -3.58717573e-01
  1.04758467e+00
  1.97726641e+00
 -9.67923043e-02
 -1.63568409e-01
  8.99878468e-01
 -1.68049204e+00
 -1.62978430e+00
  5.44465760e-01
  2.21763041e+00
  2.66371346e-01
  1.22959435e+00
  1.47766450e+00
  3.16137040e-01
 -4.28970229e-01
 -6.88697018e-01
  6.19662190e-01
  8.78355107e-01
  4.80234130e-01
  2.05446738e-01
 -3.18559872e-01
  4.28703436e-01
  1.19829352e+00
  8.61417872e-01
 -1.32508623e+00
 -3.73544150e-01
 -1.97617102e-02
  8.55142253e-01
 -4.81038500e-01
 -2.24512266e-01
  5.84561661e-01
 -4.53727997e-02
  2.01687233e-01
 -9.73609254e-01
  3.61432534e-01
 -2.56258494e-01
  1.98891201e+00
  9.91593436e-01
 -1.40705764e-01
 -8.13011526e-01
  7.56138134e-01
  9.86525157e-01
 -3.48687987e-01
 -1.21748839e+00
 -1.57643151e+00
 -8.77820667e-01
 -5.86143819e-01
 -2.67963998e-01
  6.76637911e-01
  5.30081394e-01
  3.10997042e-01
  9.24853955e-01
 -1.52343954e-01
 -1.74067826e-01
 -4.08113261e-01
 -8.13507853e-01
  5.97067051e-01
  1.40130278e+00
  1.42369917e+00
 -4.21724653e-01
 -4.07305102e-01
  9.80533926e-02
  6.58866461e-01
  7.57221484e-01
 -1.42175322e-01
  9.32582195e-01
 -3.30490467e-01
  3.81631936e-01
 -8.71556727e-01
  1.46885541e-01
 -9.74618055e-01
  1.81258621e+00
  8.73525093e-01
  1.09370373e+00
 -7.70098113e-01
 -2.46405538e-01
 -9.42453257e-01
 -1.55322547e+00
  8.30268728e-02
 -4.38780012e-02
 -7.43784099e-01
  1.03899922e+00
 -1.72933409e+00
 -1.23726648e-01
  9.80863495e-02
  1.30440766e-01
 -6.82630119e-01
  7.61245481e-01
  4.03139245e-01
  1.58572671e+00
 -8.83219058e-01
  2.47475866e-01
 -6.32110745e-01
  2.23778650e-01
  1.17604298e+00
  3.96069476e-01
  1.80349125e+00
 -1.23173432e+00
  8.77342840e-01
 -1.23266875e-01
  8.26423555e-01
 -6.53965908e-01
 -6.18313308e-01
 -1.16867386e+00
  1.17520152e+00
  1.28923869e-01
 -6.92105202e-04
 -5.77704299e-01
 -3.63653768e-01
 -2.03501737e+00
 -1.81791153e+00
  7.22948174e-01
 -5.33846945e-01
 -1.15022446e+00
 -6.85825760e-01
 -1.90188333e-01
 -3.04815640e-01
 -6.64592415e-02
 -1.70987990e-01
 -1.38528566e-01
  1.77748160e-01
 -2.58685636e-01
  9.34153317e-01
 -2.51197472e-01
 -6.94653568e-01
 -5.86808725e-01
 -4.13548324e-01
 -1.21518902e-02
  1.02183649e+00
 -1.02296985e+00
  1.29736990e-01
 -2.19070055e-01
  6.39685106e-01
  5.20669135e-02
 -4.52847200e-01
  3.94444351e-01
  2.42082802e+00
 -1.58118941e+00
  2.37870962e+00
  3.65110717e-01
 -4.56346449e-01
 -4.48033615e-01
  1.89792922e-01
 -9.25470506e-01
 -1.54026886e-01
  2.46929125e-01
 -1.02191252e+00
  3.21391916e-01
 -1.33954288e-01
  4.05199613e-01
 -6.27481436e-01
  1.53212945e+00
 -1.66165356e-02
  7.54676435e-01
  2.70064063e-01
  6.81766885e-01
 -6.53147404e-01
 -2.79479317e-01
  3.89572576e-01
  9.69717731e-01
  1.61147028e+00
  4.09350823e-01
  4.32096809e-01
  1.39265658e+00
 -4.54348261e-01
  6.69131468e-01
 -5.49753154e-01
  4.45619981e-01
 -1.76628641e+00
 -1.16890062e+00
 -8.17414572e-01
 -9.77162127e-01
  4.94820815e-01
 -1.58170746e+00
 -7.03392492e-03
 -4.15134813e-02
 -3.68505266e-01
  7.82998156e-01
 -1.21191815e+00
  8.66426085e-01
  1.18446265e+00
  2.06792148e-01
  1.39760498e+00
 -2.61074705e-01
 -1.14279188e+00
 -9.20557615e-01
  5.58177531e-02
 -1.49323764e-01
  1.31623265e-01
  7.93883379e-01
  5.52494860e-01
 -8.85576356e-01
 -4.07448527e-02
  4.34935562e-01
 -5.43257559e-01
  3.14183866e-01
 -8.71017281e-02
  9.09024706e-01
  8.93364173e-01
  1.67231527e+00
 -8.10582622e-01
 -1.49447587e+00
 -2.54057269e-01
  4.58020510e-02
 -1.43722416e+00
 -1.56209276e-01
 -1.25743346e+00
  2.11916841e+00
  5.90824296e-01
 -1.38713556e-01
 -3.11152315e+00
 -7.45940318e-01
 -4.59811780e-01
 -5.79262249e-01
  9.79155792e-01
 -2.62494338e-01
  1.50637245e+00
  1.73690524e+00
  9.48508905e-01
  1.62486523e-01
  1.37313770e+00
 -1.45953045e+00
 -8.24827687e-02
  2.89537228e-01
  8.30078589e-01
 -1.47029348e-01
  1.01174732e+00
 -2.95125314e-01
 -6.38628941e-01
  8.78106909e-01
  4.88227640e-01
 -9.81261970e-01
 -1.18684927e+00
 -6.46260730e-02
 -1.56009670e+00
 -4.66821285e-01
 -1.12149951e+00
  1.35011277e+00
  6.75406983e-01
 -7.44101404e-01
  5.77029021e-02
 -1.02896997e+00
  4.58074022e-03
 -1.95666433e+00
 -5.68431400e-01
  9.09244686e-01
  4.82359942e-01
  1.08657912e+00
 -2.28879196e-01
  9.84321902e-02
  9.17044341e-01
 -3.15600420e-01
  2.71438528e-01
 -8.66282655e-02
  3.05106976e-01
 -4.81087157e-01
  9.06019947e-01
 -1.12027691e+00
 -3.96548999e-01
 -9.43935621e-01
  5.18276184e-02
 -1.11944315e+00
 -1.73685195e+00
 -2.37221702e-01
  1.79541899e+00
  1.23452535e+00
  2.25581843e+00
 -1.36479963e+00
 -4.68940944e-01
  5.36391120e-02
  1.14110326e+00
  3.96880868e-01
  1.47681808e-01
 -1.03134136e+00
 -9.30739298e-01
  1.28579575e-01
  2.24323511e-02
 -6.21129398e-01
 -8.78098813e-01
  2.05527502e+00
 -2.32006285e-01
  1.22052312e+00
 -4.97553332e-01
 -5.88296045e-01
  2.25210566e-01
 -5.57370354e-01
  8.53860884e-02
 -2.51787082e-01
 -5.46808078e-01
  1.63216781e+00
  1.25410987e+00
 -1.36073203e+00
 -1.63705206e+00
  3.61861660e-01
  2.29893900e+00
 -1.87267383e-01
 -2.08272323e+00
  1.61415375e+00
 -9.40056326e-01
 -1.11730673e-01
  5.50160442e-01
  7.89782935e-01
  4.20102397e-01
  1.03368890e+00
 -1.24136012e+00
 -1.63486968e+00
  1.29161114e+00
  1.20792938e+00
  3.03924041e-01
  9.34575664e-01
  2.52275378e-01
 -2.67316103e-02
  7.56512976e-01
  9.19159575e-01
 -8.60883357e-01
 -4.09042533e-01
  1.49822588e-01
  1.31322797e-01
  3.35810478e-01
 -1.20928314e+00
  1.16785223e+00
  3.30182064e-01
  1.19589013e+00
 -1.93764702e-01
  2.88115116e-01
 -1.05438554e-01
  9.41012915e-02
 -3.45475191e-01
  1.35731229e+00
 -1.84387916e-01
  2.09966789e+00
 -8.72793655e-01
  7.93653358e-01
  1.48682954e-01
  5.08791778e-01
 -1.34212219e+00
 -3.72140656e-01
  1.42801356e+00
 -5.06542811e-01
 -3.07972212e-01
 -2.13097499e+00
 -7.04459412e-01
 -9.11028008e-01
 -6.71760789e-02
  6.46697321e-01
  1.66155484e+00
 -1.15881064e+00
  1.09146761e-01
  1.33623705e+00
  1.52383820e+00
  2.33990346e+00
 -1.83506237e-01
  1.84147745e-01
 -1.36979116e+00
 -5.03227725e-01
  9.54769734e-01
 -5.05162536e-01
  7.51610069e-01
 -6.99718871e-01
 -3.29298089e-01
  1.13368135e+00
 -3.60430226e-01
 -1.59180914e-01
  1.02798001e-01
  2.72084558e-01
 -2.67909424e-01
  1.14547566e+00
  8.92409832e-01
  1.09847971e-01
 -7.13570959e-01
 -1.34199766e+00
  1.31625570e-01
  1.35379368e+00
  1.69996079e+00
  2.57447793e+00
 -1.43737167e+00
  2.26841097e-01
 -2.86696679e-01
  1.09524731e+00
  1.16464414e+00
 -1.79795259e+00
 -8.83623647e-03
  6.55952162e-01
 -6.98841657e-01
  7.12265947e-01
 -9.82363126e-01
 -6.75458525e-01
 -1.33459992e+00
 -1.41274729e+00
  5.74186047e-01
 -6.06744953e-01
  5.57859078e-01
 -2.03497256e+00
 -9.56723008e-01
  7.39263133e-01
  6.51366195e-01
 -4.09972893e-01
 -9.43341079e-01
 -8.43013150e-01
  1.32811957e+00
 -9.12133597e-01
  8.17240380e-01
 -1.49771609e+00
  6.08147531e-01
  1.88271070e+00
 -2.39009731e-01
  3.14157477e-01
 -2.71061732e-01
 -7.62748679e-01
  3.69008836e-02
 -1.11833014e+00
 -1.86994510e+00
 -1.28606335e+00
 -9.80653641e-01
  1.66319509e+00
 -7.59804860e-01
  1.84090977e+00
  1.14457998e+00
  1.20206156e+00
  5.32214087e-01
  5.85442598e-01
  2.51005941e-01
  1.45271284e+00
  1.44233317e+00
  7.05805133e-01
  6.53172158e-01
 -3.70671910e-02
  1.07226186e+00
 -7.92353872e-01
 -1.18993901e+00
  7.01366352e-01
  1.11079677e+00
 -1.19993146e+00
  2.61889892e-01
 -7.55670124e-01
 -1.17114949e-01
  6.53777903e-01
 -1.86481263e+00
  1.21017557e+00
 -1.18575882e+00
 -3.67796447e-01
 -1.22085880e+00
  1.19494618e+00
  7.46297955e-01
  1.12675039e+00
 -4.36728562e-01
  1.64059732e-01
  2.83959781e-01
 -6.07486714e-01
 -2.48128537e+00
  1.71562485e-01
 -6.02451026e-02
  1.81067536e+00
  1.31376199e-01
  1.71349304e+00
 -1.22239601e+00
  7.79974350e-01
  7.40440608e-01
  1.27417532e+00
  4.75536651e-01
  1.27206103e+00
 -5.43235305e-01
  8.76346215e-01
 -2.30817216e+00
  1.51986035e+00
  5.32604037e-01
  2.04280378e-01
 -7.12047668e-01
 -1.29787806e+00
 -1.89384190e-02
 -2.47633308e-01
  8.25316237e-01
 -5.14633688e-01
  1.47856873e-01
  1.36778970e+00
  9.77614573e-01
 -1.01819885e+00
  7.11031738e-01
 -1.00595597e+00
 -7.29315850e-02
 -1.57837510e+00
  9.91772951e-01
  3.79154600e-01
 -4.20768189e-01
 -8.46817894e-01
  5.94998698e-02
 -1.22030346e+00
 -6.77054694e-01
 -3.09397471e-01
 -5.57624155e-01
  8.98259566e-01
  1.40807268e+00
 -5.87404297e-01
  1.44808959e+00
  7.36022469e-01
 -1.30500461e+00
 -3.31133498e-01
  1.22407731e-01
  1.30564026e+00
 -6.86215203e-02
 -4.23946515e-01
 -1.60360078e-01
  3.07904796e-01
 -7.36659246e-01
 -1.09410501e+00
 -1.52795790e+00
  2.53172008e+00
  1.42297941e+00
 -7.84835885e-01
  4.83091692e-01
  1.07305030e+00
 -3.08684166e-01
 -6.61612953e-01
  1.02111151e+00
 -8.16354866e-02
 -7.21077511e-01
 -4.59146999e-02
  5.29170231e-01
  6.69106604e-01
 -9.84539596e-01
  7.45207165e-01
 -9.54840280e-01
 -2.39164122e-01
 -7.99866665e-02
  1.60239086e+00
 -7.84788487e-01
 -6.35409098e-01
 -4.29652442e-01
  1.88642686e-02
 -5.81439658e-01
 -7.80250393e-01
  1.21086286e+00
  6.38219025e-01
 -1.41229794e+00
  1.66187002e+00
 -6.80989831e-01
  3.88066897e-01
  1.14508104e+00
  5.17276686e-01
 -9.04931686e-01
 -2.54244532e-01
  1.84252259e-01
 -3.04734588e+00
 -1.10334086e+00
  7.27485800e-01
 -1.33911147e+00
 -5.84993076e-01
  2.88567314e-01
 -1.39426994e+00
 -1.35041063e-01
 -8.81804804e-01
 -1.71429350e-01
  3.73170735e-01
 -7.57200447e-01
 -7.77897529e-01
 -5.92804549e-02
  8.32772316e-01
 -1.04837446e+00
 -1.77898019e-01
 -1.06547458e+00
  9.28391590e-01
  7.83671703e-02
 -4.77481611e-01
  7.44963374e-01
  1.37521639e+00
  5.33810832e-01
  1.00904944e+00
  1.67255510e+00
 -3.28016083e-01
  1.47067606e-01
 -8.89554269e-02
 -1.09894311e+00
  1.48894190e+00
 -2.89595743e-02
  2.83124330e-01
 -1.07185175e+00
  9.02788905e-01
  4.38740861e-02
  5.59453175e-01
 -1.31967467e+00
 -3.00816964e-02
 -9.78641129e-01
  1.84929232e+00
  1.74761407e+00
 -7.73284104e-01
 -3.17273314e-01
  3.98290956e-02
  4.96106329e-01
  5.20772029e-01
 -6.32555913e-01
  8.62921583e-01
 -2.25631213e-01
  4.66388073e-01
  7.14837098e-01
  5.00616947e-01
  7.48773365e-01
 -5.35703951e-01
 -1.53333442e+00
  1.02475353e+00
  4.52023355e-01
  6.24080105e-01
  7.06381892e-01
 -1.01863586e+00
  6.67623423e-01
 -1.03761287e-01
 -3.93288440e-01
 -3.18109540e-01
 -1.15361273e+00
 -2.69959062e+00
 -2.42205269e+00
 -9.46854509e-01
 -1.42303409e-02
 -5.73557010e-01
  3.54452562e-01
  4.60837071e-02
 -6.17803883e-01
 -5.89934513e-01
 -1.74789351e+00
 -6.73542338e-01
  6.80369377e-01
  9.08050333e-03
  9.06303581e-01
  1.59257870e+00
  1.02030426e+00
 -1.36861088e-01
 -1.34370078e+00
 -1.00148407e+00
 -3.88548561e-01
 -1.93513536e+00
  1.66457577e-01
 -1.02596702e+00
 -1.19959125e+00
 -1.16164656e+00
  9.39153551e-01
  2.98749166e-01
  4.51769832e-02
  2.64774717e-01
  4.09658551e-01
 -1.52980290e+00
 -7.88035497e-01
 -1.13209940e+00
  1.04472397e+00
  6.49054415e-01
 -1.38416094e+00
 -7.37930699e-01
 -6.63054945e-01
 -6.40784138e-02
  1.32679662e+00
 -7.14253047e-02
  2.20122228e+00
  4.55935165e-01
  3.08337806e+00
 -3.41531488e-03
  9.30777315e-01
  8.45348000e-01
  7.00487456e-01
  2.83041870e-01
 -9.11084121e-01
  3.80816860e-01
 -1.94141507e-01
 -1.33685152e+00
  1.01902215e+00
 -1.02991820e-01
 -1.17427820e+00
 -7.63808396e-01
  6.75173898e-02
  5.99915922e-01
  6.66520340e-01
 -3.29963646e-02
  3.80229940e-01
 -1.34608790e+00
 -4.13421505e-01
 -7.05161167e-01
  4.70338106e-01
 -1.21633547e-01
  1.77893102e-01
  1.06282288e+00
 -2.30949478e+00
 -2.14284133e-01
 -4.27579489e-01
 -5.90800810e-01
  1.88389863e-01
 -3.63892632e-01
  6.69239024e-01
 -8.20435209e-01
  1.47123910e+00
 -9.64969890e-01
  1.67279830e+00
 -1.14641011e+00
 -4.06119928e-01
  1.05549783e+00
 -2.03867510e+00
 -9.70761402e-01
 -1.68637186e-01
 -6.56484610e-01
  4.44169819e-01
 -6.30893734e-02
  1.58636840e+00
 -1.23219841e+00
  1.94232008e-02
  1.27072183e+00
  7.92328903e-01
 -5.08070596e-01
  7.50674019e-01
 -1.31274967e+00
 -1.37799845e-01
 -6.15163827e-01
  2.19595588e+00
  9.70125094e-01
  1.92045327e-01
 -2.17197719e+00
 -2.06455412e+00
 -2.52259685e-01
 -1.75527960e-02
 -1.60386332e+00
  8.55031088e-01
  6.82934903e-01
 -5.05019191e-01
 -3.80253633e-01
 -1.59090902e+00
  1.27435351e+00
  7.01109788e-01
  5.67479303e-01
 -7.38571223e-01
 -3.43410936e+00
  7.19978891e-01
  1.03226285e-01
 -1.05538641e+00
  1.77399514e+00
 -1.79293505e-01
 -1.31786190e-01
  7.06794739e-01
  4.45065302e-01
 -8.20251531e-01
  3.10309051e-01
  1.25477567e+00
  8.60437371e-01
 -1.77583380e+00
 -6.00337172e-01
  4.14608964e-02
 -1.04203198e-01
  7.65806546e-01
 -4.81356504e-01
  7.31574810e-01
 -6.02536021e-03
 -1.52642274e+00
  7.64201290e-01
 -4.25128743e-01
  2.24086100e-01
  2.15981984e-01
 -9.61783600e-01
  3.15322868e-02
  1.44707097e+00
  1.63935846e+00
 -2.03082268e-01
  1.03773479e-01
 -1.03908425e+00
 -9.03162851e-01
 -1.05449595e-01
  7.36580690e-02
 -9.92401448e-01
  2.05440788e+00
  4.39813658e-01
  8.22270376e-01
  1.57579934e+00
 -5.52761088e-01
 -1.54936863e+00
  3.40302798e-01
  1.15582845e-01
 -4.93864369e-01
  1.99245471e+00
  7.82958629e-01
 -1.85634112e-01
 -1.51296663e-01
 -3.48577407e+00
 -4.72457938e-01
 -1.46458223e-01
 -7.80691561e-01
  4.39009300e-01
  1.77695081e+00
  9.12531755e-01
 -1.72161973e-01
 -9.59196338e-01
 -1.17106428e+00
 -9.01900177e-01
 -7.86890164e-01
  1.20149421e+00
 -7.73289530e-01
 -3.35611531e-01
 -3.18620914e-01
 -2.55398019e-01
  2.21795906e+00
  4.13259467e-01
  1.39644222e+00
  9.10468383e-01
  1.08870669e+00
  7.85798119e-01
  5.75155984e-01
  3.52335840e-01
 -2.20672179e-01
  1.60297213e-01
  1.20155536e+00
  1.32292150e-01
  1.44551287e+00
 -6.15964528e-01
  2.75605057e-02
  1.86082300e+00
  1.03432764e+00
 -1.17167883e+00
 -3.71104437e-01
  1.87799751e+00
 -6.01160118e-01
 -9.50056351e-01
  6.04765715e-01
 -5.97227470e-01
  1.03434495e+00
 -3.25202396e-01
  1.18672321e+00
  5.83980955e-02
 -9.91253663e-01
 -1.36042394e+00
 -1.14697019e-01
  1.04642639e+00
 -1.91015476e-01
 -3.74440848e-01
 -1.99503573e-01
 -1.46230606e-01
  4.74789752e-01
  1.36119467e+00
  1.02845306e+00
  1.56064767e+00
  1.70648069e-01
 -7.22303091e-01
  5.55437405e-02
  6.35991634e-01
  3.50779106e-01
  1.43375892e-01
  8.69150414e-03
 -1.29131542e+00
  1.27096027e+00
 -3.14669569e-01
 -1.16491007e+00
  5.93499179e-01
 -3.27498347e-01
 -5.31489801e-01
  1.65332532e+00
  1.66075061e-01
  3.79582673e-01
 -1.58937520e+00
 -3.26314182e-01
 -7.94569556e-01
  1.44417720e+00
 -1.11709148e+00
  5.68572046e-01
  8.70844193e-01
  1.78478694e+00
  1.80987219e+00
 -6.12220702e-01
 -1.10009286e+00
  3.45006606e-01
 -2.50849420e-01
 -3.68719278e-01
 -9.47883641e-02
  2.68384303e-01
 -5.60937950e-01
  1.87150431e-01
  1.44615108e+00
 -2.50527031e+00
 -5.05716020e-01
  1.08395134e-01
 -3.20906311e-01
  1.20597111e+00
 -1.15280946e+00
 -7.46402918e-01
 -7.44223681e-01
  3.37656404e-01
  1.34486875e+00
  7.57228906e-01
  1.12658036e+00
 -1.91475437e-01
  8.51270824e-01
 -5.23199452e-01
 -5.60256294e-01
 -1.32125038e-01
 -4.13878012e-01
 -1.63082960e+00
  1.81196289e+00
  4.19313209e-01
 -5.66908003e-02
 -1.14222767e+00
  2.91746302e-01
 -1.38957590e+00
  1.04764822e+00
 -1.67514831e-02
  2.21704112e+00
 -6.48945096e-01
  2.88679737e+00
 -6.19942821e-01
 -3.21410211e-01
  5.37616417e-01
 -8.06941553e-01
  6.19460729e-01
  1.72089451e-01
  4.28221410e-01
  1.17296421e+00
  1.39828330e+00
 -9.55835491e-01
  2.85871691e-01
 -2.12417548e-02
 -4.96138857e-01
  1.09465309e+00
  1.33652539e+00
  2.41547101e-01
  3.13483285e-01
 -1.04329206e+00
 -1.71188533e+00
  5.42781144e-01
 -7.00970734e-01
 -4.66846316e-01
 -3.29186654e-02
 -5.76254033e-01
 -3.85061622e-03
  5.84347859e-01
  3.62824978e-01
  1.53952062e+00
  9.65587564e-01
 -1.50960532e+00
  2.18737952e-01
 -7.35361766e-01
 -8.94996467e-02
  6.16417607e-01
  5.23608548e-01
  2.40812241e-01
 -1.83389985e+00
 -6.06186394e-01
  4.18275644e-02
 -1.23482078e+00
  1.05773710e-01
 -1.73899350e-01
  5.08959922e-02
  9.77239996e-02
  1.10940513e+00
 -2.92311933e-01
  9.66529931e-01
 -1.18887582e+00
 -1.17442917e+00
 -1.22424097e-01
 -1.88152923e+00
  1.02050265e+00
 -2.66124689e-01
  1.45596493e+00
 -1.90108720e+00
  6.02806296e-01
 -1.10319659e+00
  8.32296233e-02
  2.05625651e-01
 -2.16202410e+00
  1.68493054e+00
  2.78776345e-01
  1.05247348e+00
 -8.66605273e-02
  4.44123869e-02
  5.55596930e-02
  6.26287030e-01
  1.71585953e+00
  3.84663367e-01
 -3.60945243e-01
  1.17781603e+00
 -6.42838151e-01
 -8.91292589e-01
  1.01356021e+00
  5.25675333e-02
 -1.22856838e+00
  1.30595599e+00
 -2.69225959e-01
  4.57832894e-01
  9.27081875e-01
  1.22955663e+00
  2.43047544e-01
 -1.33789781e-01
 -9.34772148e-01
  6.13737725e-01
  7.14913022e-01
 -1.11227664e+00
  1.60312160e+00
 -1.30386107e-01
  8.33497053e-02
 -2.30011648e-01
  3.73259141e-01
  2.04417204e-01
 -5.80342783e-01
  2.78439822e+00
  2.56163608e+00
 -1.38932632e+00
  8.97805526e-01
 -1.35522360e+00
  4.05738363e-01
 -3.70104480e-01
 -1.36222874e+00
  5.25603244e-01
  9.52581163e-01
 -7.25876516e-01
  5.19510098e-01
  2.00982999e-01
 -1.06608882e-01
  3.40040779e-02
 -3.76898481e-01
 -3.96450446e-01
  6.28176970e-01
  2.55346964e-02
  1.32682107e+00
  7.01323711e-01
  8.43758404e-01
 -1.75096458e-01
  1.12760097e-01
 -7.72806403e-01
 -5.07219547e-02
 -6.33306721e-01
  7.79805081e-01
 -1.84826197e-01
  1.46820223e+00
 -1.59680219e+00
 -8.38721674e-01
 -9.16660393e-01
 -3.08755814e-01
  1.20750346e+00
  6.34288786e-01
  6.67667052e-01
  2.07264459e-02
 -5.49077953e-02
  1.72451329e+00
 -1.33000872e+00
  5.65745537e-01
  7.75535180e-01
 -1.27705566e+00
 -9.72275551e-02
 -5.75657607e-01
  8.68858565e-01
  4.81753760e-01
 -9.68558228e-01
 -1.46617149e+00
  6.20768273e-01
  8.14318069e-01
  6.83010779e-01
 -8.51433540e-01
  6.71776242e-01
  7.52741864e-01
  1.13938631e+00
 -1.08968411e+00
  6.01369667e-01
 -8.10840194e-01
  9.74787307e-01
 -9.80826171e-01
 -1.09387250e-01
 -3.98416492e-01
  1.10806180e+00
 -4.33307052e-01
 -5.01892134e-01
  1.76133478e+00
  3.34436149e+00
 -2.29277495e+00
 -4.87584760e-01
 -5.68441208e-01
 -1.34915979e-01
 -2.67334418e-01
 -5.90640018e-01
  1.78205131e+00
  1.62104370e+00
 -6.05742250e-02
 -1.29140526e+00
 -8.75647873e-02
 -1.21954158e+00
  5.64928208e-01
  2.82546713e-01
 -1.49425499e-01
  4.21212207e-01
 -1.34164380e+00
  1.37616630e-01
  3.66130895e-01
 -6.38307572e-01
  2.05285098e+00
 -2.36437303e+00
 -1.05209985e+00
 -2.02943012e-01
  7.48168199e-01
  5.37025651e-01
 -5.73034612e-01
  5.87072717e-01
 -4.43111510e-01
  1.59853470e-01
 -1.45818487e+00
  9.44935680e-02
 -2.45377949e+00
 -1.74428649e+00
 -2.36309780e+00
  3.40926683e-01
  2.65482002e+00
 -5.22059972e-02
  3.80433505e-01
 -7.14771706e-01
  3.17577586e-01
 -3.35619594e-01
  7.44373230e-02
  1.25582385e+00
  4.34555919e-01
  1.29538543e+00
  1.24630883e+00
 -1.61883379e+00
 -1.97121428e-01
  9.80352475e-01
 -1.63045295e+00
 -9.21681667e-01
 -3.79342835e-01
 -3.54099584e-01
 -7.62782121e-01
 -1.01992287e+00
 -7.98307240e-02
  3.75739373e-01
  1.80563845e+00
  9.03378211e-02
 -4.00953274e-01
 -1.83471051e+00
  1.15995325e+00
  1.82153530e+00
 -1.89272787e+00
  2.56421072e-01
 -1.49742366e+00
  2.01365007e-01
  7.57021335e-02
 -1.31748966e+00
 -1.22296933e-01
 -4.51025586e-01
  1.20064249e+00
  1.18381229e+00
  2.39509920e-01
 -6.67209368e-02
 -7.17439391e-01
 -3.67896092e-01
 -1.59529770e+00
 -5.33601038e-01
  1.61306116e-01
  3.22130975e-01
  1.36771891e-01
  5.40507041e-01
  1.50614487e+00
 -1.68462891e+00
 -2.87421081e-01
  6.09441180e-01
 -4.62449986e-01
  2.58419604e-02
 -1.33571172e+00
  3.06620602e+00
 -1.40361433e+00
  1.54496982e+00
  4.08089742e-01
 -1.40390597e+00
 -8.82204030e-01
 -1.25435808e+00
  6.90775592e-02
 -1.53934874e+00
 -4.19148990e-01
  1.03615371e+00
  2.18744675e+00
 -1.05618929e+00
 -1.00546465e-01
  1.40913786e+00
  3.21214011e-01
 -1.56048286e+00
 -6.32601301e-01
 -7.60374493e-01
  6.70249340e-01
  2.09717746e-01
 -1.40216697e+00
 -9.13574642e-01
  1.03956810e+00
  1.80140837e-01
