  -9.18246276e-01
  -5.31738522e-01
   3.33929226e-01
  -7.11016054e-02
  -4.22495232e-01
   1.02070501e+00
   3.25071267e-01
  -2.20438536e-01
  -2.02204528e+00
   1.44625891e+00
  -1.48175280e+00
  -1.27997423e+00
  -1.15936280e+00
   1.61349563e+00
   2.23598659e+00
  -4.24637933e-01
   1.24394207e+00
   1.54814975e-01
   1.27252685e+00
  -2.69995489e-01
   1.09036094e+00
   1.76305349e+00
   7.81971876e-02
  -1.22387517e+00
  -1.26899224e-01
   6.48610564e-01
  -2.59375532e-01
  -8.11610401e-01
   4.32316882e-01
  -1.49555020e+00
  -4.87108146e-01
   2.70688161e-02
   3.15700368e-01
   6.51756450e-02
   1.08163585e-01
   9.51551746e-01
   1.92914502e+00
  -1.17607310e+00
  -2.13220026e-01
   7.00390862e-01
  -1.81955716e+00
   3.49653249e-01
  -5.12857427e-01
  -6.07487901e-01
   1.24587750e-01
  -1.07450284e+00
  -8.13541837e-02
  -1.76263367e-02
   5.37089267e-01
  -3.00756655e-01
  -1.22969774e+00
  -1.88377322e-02
  -8.39187799e-01
  -6.32167671e-01
  -3.98060432e-01
   8.78273810e-01
   2.84173226e-01
  -4.32746617e-01
  -7.29606343e-01
   1.05135318e+00
  -1.22577548e+00
   9.02098304e-01
   5.08301129e-01
   2.74497804e-02
   3.37636210e-01
   4.61973457e-01
  -2.60542797e+00
   4.56581731e-01
   3.86622487e-01
  -3.19256399e-01
  -9.03297188e-01
  -3.66783632e-01
  -7.91305237e-01
  -5.38351119e-01
  -8.51340826e-01
  -8.99068063e-01
  -3.38242596e-01
  -2.07025370e-01
  -6.04946785e-01
  -6.87182109e-01
  -7.78522227e-02
   1.51896155e-01
   2.25317058e-02
   5.27945368e-01
   9.34997498e-01
   4.69494922e-01
  -2.09972108e-01
   4.72144890e-01
  -5.53865742e-01
  -9.51402035e-01
  -1.03510227e+00
  -2.20507894e+00
  -1.22273723e+00
  -2.19332858e+00
  -1.07731384e-01
  -6.96518311e-01
  -5.69249681e-02
  -5.97214908e-02
   1.00336580e-01
   1.68941573e-01
  -4.02555257e-01
   6.32128817e-02
   4.40248854e-01
   1.34868764e-01
  -9.96210315e-01
  -1.01864338e-01
  -7.30892826e-02
   1.29913031e+00
  -5.45507471e-01
  -8.24128954e-01
  -1.15230926e+00
   1.12052706e-01
   3.16549044e-01
  -1.20241094e+00
  -2.17035877e+00
  -2.90585023e-01
   2.27684946e-01
   1.30575951e+00
  -1.25703872e+00
  -2.22540513e-02
  -5.01763076e-01
  -1.09476383e+00
  -1.93271659e+00
  -1.18764942e+00
   7.71025721e-02
   1.41162989e+00
  -3.44119052e-02
  -4.37081327e-01
  -7.04684973e-01
   1.72693882e+00
  -1.21844722e+00
  -2.48562350e-01
   6.34703854e-01
  -1.36839305e+00
  -7.93076082e-01
   1.02670125e+00
  -8.03099644e-02
   2.21301261e-01
  -8.15797325e-01
   1.02757102e+00
   1.91827524e+00
  -1.33286724e+00
   3.93306262e-01
  -4.49607789e-01
   1.47789082e+00
   4.25630359e-01
   8.36458156e-01
   6.83912094e-01
   7.05970586e-01
  -1.26755734e+00
  -5.36187950e-01
   1.18725361e+00
  -6.13206115e-01
   1.16869876e-05
  -1.71204075e-01
  -7.60045714e-02
  -6.05744585e-01
   1.03521489e+00
   9.57253313e-01
  -1.22574506e+00
  -3.97303629e-01
   1.32340530e+00
   8.04141738e-01
   5.02586056e-01
  -1.35871346e-01
  -1.30900817e+00
  -8.94500096e-01
   5.97743800e-01
   1.06537567e+00
  -2.81212177e-01
  -1.02145121e+00
  -1.62290842e+00
   2.03965723e+00
   1.41491663e+00
  -3.81861021e-01
   8.16916525e-01
   1.96165473e-01
  -1.02304739e+00
  -6.23411923e-02
   4.93315550e-01
  -1.32471328e+00
  -1.38747278e+00
   2.90532518e+00
   1.04071945e+00
   1.19855529e-01
   7.56931670e-01
  -3.11085823e-01
  -1.03569608e+00
   9.21029887e-01
  -1.70217050e+00
   7.01181612e-01
  -5.27027888e-01
  -8.07838990e-01
  -6.44822194e-01
   3.84813519e-01
  -1.30513363e+00
   7.32928149e-01
  -5.20269211e-01
   7.94002244e-01
   9.25154943e-02
  -2.06262174e-01
  -6.45324544e-01
   9.36290920e-01
  -8.20488171e-01
  -1.54607536e+00
  -1.15257044e+00
   1.00347839e+00
   1.24981137e+00
   1.19384523e+00
   1.12147132e-01
   1.50076934e+00
   2.05898048e+00
   1.08722890e+00
  -1.07530285e+00
   5.06533281e-02
   8.11093457e-02
   1.00965230e+00
  -6.54487518e-02
   7.35462856e-01
  -7.55166521e-01
   4.20153263e-01
  -5.68653093e-01
  -7.13425164e-01
  -1.42021054e-01
  -2.52421040e-01
  -1.23179082e+00
  -3.53252171e-02
  -8.30579236e-01
   9.74934552e-01
  -2.66220342e-02
  -2.85970266e-01
   4.56544885e-01
  -1.24435348e+00
  -2.54693990e-01
   6.82144525e-01
  -9.79550260e-01
  -6.89602319e-01
   4.67512569e-01
  -2.01168568e+00
   3.88763630e-01
  -6.81933032e-01
   1.06643611e+00
  -3.22821684e-01
  -7.28917175e-01
   9.19498477e-02
  -9.03295039e-01
  -2.75369814e-01
   5.77357794e-01
  -4.52304713e-01
   7.44434661e-01
   1.08657222e-01
   3.07004021e-01
  -1.57728358e+00
   1.98631375e-01
  -3.58670173e-01
  -1.03510470e+00
   8.28303399e-02
   1.52248634e+00
   7.07963530e-01
  -8.20508378e-01
  -5.48090211e-01
   2.67952208e-01
  -1.18587739e-01
  -1.74258843e-01
  -6.70903377e-01
  -4.32015879e-01
   1.10973953e+00
  -2.20077654e+00
  -2.04718441e+00
  -4.42894317e-01
  -1.23425476e+00
  -1.07654832e+00
   1.54484239e+00
  -2.24390343e-01
  -4.00379350e-01
  -6.79774808e-01
  -7.06246043e-01
  -1.64428288e+00
  -1.13691120e-01
  -8.29320621e-01
   7.11603481e-01
   1.88408533e+00
  -1.47742423e+00
  -1.73565957e+00
   9.62965551e-01
  -1.29794288e+00
   7.37129710e-01
   1.93165392e-01
   3.49617751e-01
  -6.70195461e-01
   1.33411903e+00
  -2.13941599e-01
  -1.03702079e+00
  -8.97951326e-01
   5.69288799e-01
   1.74285900e+00
  -9.85740447e-01
  -2.17258860e+00
   1.14516110e+00
  -1.13930388e+00
   1.19974739e+00
  -1.32505421e+00
   3.26211916e-01
   2.37983697e-01
   1.13291199e+00
  -4.15732310e-01
   5.48987721e-01
  -1.34709458e+00
   7.01697752e-01
  -4.37675969e-01
   7.31903143e-02
   3.72238223e-01
   5.42964102e-01
  -1.38208583e+00
   2.31615124e-01
  -1.04624148e+00
   9.52648925e-01
  -3.69345585e-02
   6.84908722e-01
  -1.56306670e-01
   5.61635414e-01
   6.49950495e-01
   1.29320164e-02
  -3.85396339e-01
  -8.32771257e-01
   3.39701827e-01
   3.40143100e-01
  -1.51423102e+00
   2.24292226e+00
  -8.88516128e-01
   5.30405864e-01
   3.94389685e-01
  -3.84557910e-01
   2.59157048e+00
   8.86620420e-01
   8.46949974e-01
  -1.21883642e+00
  -1.32938998e+00
  -1.96702746e-01
   1.13633372e-01
  -4.29337472e-01
  -8.65708320e-01
   5.75867590e-02
   1.49653109e+00
   1.09937068e+00
   8.00468168e-01
  -5.08793488e-01
   2.42009964e-01
   8.32242924e-01
  -8.52945361e-01
  -1.26857800e+00
   7.01601548e-01
   7.76682459e-02
  -5.21228477e-01
   5.40506956e-01
   3.90322766e-01
   7.63941992e-01
  -4.99971124e-01
   1.44590665e+00
   5.56770474e-01
  -5.29631307e-01
  -1.68502038e+00
   1.13325573e+00
   2.04287800e+00
   4.28122741e-02
  -1.94333902e+00
   1.04958000e+00
  -1.11243403e+00
   1.74867923e+00
   6.76503194e-01
  -1.47475244e-01
  -1.05899230e+00
  -5.45011883e-01
  -1.29812857e-01
  -1.41645955e-01
   2.59358940e-02
   2.01876746e+00
   6.15461411e-01
   7.22103149e-01
   3.64525438e-01
   7.53707205e-02
  -8.53795630e-01
  -1.20108598e+00
   2.95594636e+00
  -1.32542356e+00
   2.22965406e-01
   9.49007000e-01
   3.86209296e-01
  -4.49974222e-01
   1.68822000e+00
   4.53891154e-01
   1.18835062e+00
  -6.77181901e-01
   8.14579321e-01
  -2.12145543e-02
  -3.28388047e-01
  -2.29529731e+00
  -7.34455675e-01
  -4.90516273e-01
   2.00746604e+00
   2.16634932e+00
   2.06817454e-01
  -2.66041931e-02
   1.14162860e-01
   1.20458583e-01
  -4.45789240e-01
  -1.02278654e+00
   3.15346515e-01
  -6.14485856e-01
   3.92253190e-01
   2.18779481e-01
   3.58437065e-01
  -9.39045185e-02
   9.28065107e-01
   1.40196473e+00
   4.17591279e-01
   6.77417277e-01
  -2.98356120e-01
   9.49669637e-01
  -1.42724814e+00
   1.84331732e-01
  -4.46106282e-01
  -1.02749796e+00
   3.58284375e-02
   5.47087275e-01
   2.32530829e+00
   4.27783794e-01
   1.35969300e+00
  -1.99846788e+00
  -1.05648803e+00
  -9.84998993e-01
  -3.85131870e-01
   1.77719719e+00
   3.41075308e-01
   1.13325298e+00
   1.52549565e-01
  -1.13363066e+00
   4.87555554e-01
  -6.14548133e-02
  -1.80122540e-01
  -9.29150930e-02
   7.67667653e-01
   5.39442579e-01
   1.01753367e+00
  -4.87685838e-01
  -1.58434447e-01
   1.76512888e+00
  -2.20945050e-01
  -2.63592345e-01
  -2.63819130e-01
  -5.72835965e-02
  -4.71386989e-01
   1.40658691e+00
   3.16106998e-01
  -7.50781325e-01
  -1.07768931e-01
   1.34318072e+00
   2.11122173e-01
   4.91650178e-01
  -4.08311486e-01
  -7.44940182e-01
  -9.83519204e-01
   2.51664321e-01
  -2.90865063e-01
   4.00969803e-01
   5.34515960e-01
   1.73657641e-01
  -1.68741748e+00
  -5.94755707e-01
  -2.24199070e-01
   1.22284567e-01
   3.66850733e-01
  -7.30590376e-01
   8.24111835e-01
  -2.16094831e+00
  -1.73701467e+00
   1.26000775e+00
   2.14666283e-02
   5.91755596e-01
  -1.77955251e-01
   4.63684453e-01
   1.09214681e+00
   1.47329313e-01
   4.76012822e-01
  -1.01322829e+00
  -1.89087332e-01
  -8.77575286e-01
   3.54807030e-01
   1.29217851e-01
   1.08761434e+00
   2.57525084e-01
  -3.50971944e-01
   1.55711520e+00
  -3.38727727e-01
  -1.67299850e+00
   7.58335789e-01
  -5.06654605e-01
   5.22292150e-01
  -1.42054079e+00
   3.03943215e-01
  -2.26033643e-01
  -1.01706018e+00
   1.07227325e+00
  -3.17724900e-01
   1.38898464e+00
  -1.26321887e+00
  -1.88789373e-01
  -2.34644368e-01
  -6.47834129e-01
  -8.47935893e-01
  -1.57843003e-01
  -1.36042544e+00
  -4.47821406e-01
   3.87103107e-01
   1.14275832e+00
  -1.09262441e+00
   1.86350399e+00
   1.94599978e+00
   2.42821764e+00
  -8.54713814e-02
   1.41512004e-02
  -1.34848923e+00
  -1.49949110e-01
  -8.81586579e-01
   1.95456014e-01
   1.32548369e-01
  -1.60524031e+00
  -5.90117641e-01
   2.92269856e-02
  -1.14725569e-01
   9.36647352e-01
  -1.19033798e+00
  -4.58586672e-01
  -1.22519461e+00
   1.80430216e+00
  -1.03050940e+00
  -9.74783641e-01
  -5.55937842e-01
   1.28138409e+00
   1.00902274e+00
   3.92889617e-01
  -2.79582808e-02
   1.50939727e+00
   7.14052904e-01
   6.22301061e-01
  -1.80773168e+00
   3.30334147e-02
  -6.93209865e-01
   8.77421442e-01
   3.32998106e-01
   1.40842971e+00
  -7.54817268e-01
  -8.37519972e-01
  -5.16043027e-01
  -2.69987230e-01
   5.53337490e-01
  -1.13117356e+00
  -3.94562410e-01
   5.91411321e-01
   6.36481038e-01
   1.00977488e+00
   7.99467919e-01
  -8.86478809e-01
   4.00913269e-01
  -1.70189576e+00
   5.17860421e-01
   1.37396251e+00
  -1.39495150e+00
   6.96839246e-01
  -5.37200369e-01
   1.64898195e+00
  -9.35172710e-01
   1.52503177e-01
  -9.85432798e-02
  -1.22499745e+00
  -4.90362197e-01
  -3.13812072e-01
   1.32365463e+00
  -4.58711515e-01
  -9.56372730e-01
  -6.49564496e-01
   7.17444004e-01
   2.72832870e-01
  -5.14136748e-01
   8.10588120e-01
   1.50322779e+00
   3.23140160e-02
   4.75820834e-01
  -3.41383919e-01
  -3.15054507e-01
   9.11216966e-01
  -7.93962386e-01
   7.01792410e-01
   7.15169264e-01
  -1.41665016e+00
   8.10119665e-01
  -6.80519736e-01
   9.33237913e-01
   1.36759693e+00
   3.15686546e-01
  -7.04280223e-01
   1.40262038e+00
   2.43279394e-01
  -2.01888269e+00
  -1.60044044e+00
   3.42652977e-01
  -8.52616427e-01
   3.42929679e-01
  -1.31971648e+00
   1.14304972e+00
   3.11809705e-01
  -5.20863936e-01
   1.88489850e-01
  -7.16698260e-01
  -4.93191340e-01
  -3.79897760e-01
   8.48980836e-01
   6.59497763e-01
  -7.64976450e-01
  -9.61755034e-01
   3.43449405e-01
   3.41639869e-01
  -8.22017427e-01
  -8.35583048e-01
   1.31162834e+00
   7.97871784e-01
  -2.32855276e-01
   4.05403888e-01
   4.51439065e-01
   1.98874183e-01
  -4.51100374e-01
  -1.91153352e+00
   5.89812920e-01
  -9.48784244e-01
   2.01926582e+00
   6.79524811e-01
  -1.15143939e+00
  -3.53149149e-01
  -3.59982981e-01
   1.66472707e+00
  -1.28459068e+00
   1.03563161e+00
  -1.84796123e+00
   8.31805647e-01
   6.28816753e-01
   1.18079089e-01
   1.32985936e+00
  -6.40182519e-01
   2.87842077e-01
   1.24242493e-02
  -2.34596272e+00
   1.75245530e-01
  -4.69166175e-01
  -2.67745575e-01
   1.57576799e+00
  -1.01625337e+00
   4.89573625e-01
  -8.17494344e-01
   2.83232575e-01
   4.90809598e-01
  -2.13290943e-01
  -3.37569884e-01
   1.40835750e-01
   1.29743244e-01
  -1.77855600e+00
  -8.78766368e-01
   4.13836298e-02
   8.95092136e-01
  -2.38850648e-01
  -1.66307422e+00
  -5.71111718e-01
   2.72508535e-01
   6.05864197e-01
   5.72769975e-01
  -1.85879622e+00
  -1.82484505e+00
   2.41210307e+00
  -6.56342451e-01
  -1.01189642e+00
  -1.02063669e+00
  -4.99477618e-01
  -4.78078529e-01
  -1.43828674e+00
  -3.74604841e-01
  -1.87708722e+00
   6.48260904e-01
  -1.74037475e+00
  -8.72131018e-02
  -1.25194299e+00
   8.56292692e-01
   6.02425791e-01
   1.00474755e+00
   8.76891542e-01
  -1.22481957e-01
  -1.52083708e+00
   8.04244498e-01
   1.21693186e-01
   7.17305391e-01
  -1.28932339e+00
   8.07590076e-01
  -2.12959072e+00
   3.95127870e-01
   1.39176071e+00
   1.04003359e+00
   5.42444512e-01
   1.29334716e+00
   6.67692003e-02
   8.23887183e-01
   2.10262016e+00
  -2.02244423e+00
   3.00637232e-01
   2.40982960e-02
   7.52155517e-01
  -7.24208715e-01
  -2.03020778e+00
   3.74524561e-01
  -8.12697937e-01
   1.69277477e-01
  -2.38454971e+00
   8.62946012e-01
  -1.94993672e+00
   5.98689816e-01
  -9.86519897e-01
  -3.95873240e-01
   1.86569414e+00
   1.21476642e+00
   5.63521334e-03
  -8.87676257e-01
   1.32697561e-01
  -1.75602187e+00
  -4.69645626e-01
  -4.04739484e-01
   1.12689101e+00
   7.54410872e-01
  -1.34680178e-01
   3.18854204e-01
   2.08081059e-01
   4.89276313e-01
  -7.10089000e-01
   2.15835505e-01
   1.71055667e+00
  -1.08266062e+00
   6.38530822e-01
   3.29461601e-01
  -6.43549365e-01
  -1.26333528e-01
   8.90418964e-02
  -6.16697669e-01
  -1.52906809e+00
   1.13948102e+00
  -4.45387051e-01
   8.11168774e-01
   1.63116828e-01
  -4.44745299e-01
  -2.82857079e-01
  -1.32505545e+00
  -3.82146290e-01
   1.42609050e+00
   4.23218242e-01
  -5.58943883e-01
   9.46932434e-01
   1.30358016e+00
   7.56498892e-01
   3.10689686e-02
   7.29380475e-01
   1.88473336e+00
  -3.97550354e-01
  -6.41743984e-01
  -5.93988986e-01
  -4.98377248e-01
  -2.40912403e+00
  -1.03098834e-01
  -1.77307564e+00
   1.02121641e+00
  -2.22489320e+00
  -1.47231561e+00
   1.61974009e-01
   7.18062454e-01
  -9.67314808e-01
  -1.17119110e+00
   1.01342918e+00
   5.37230620e-01
   1.12148375e+00
  -4.62291551e-01
   9.94581422e-01
   2.10137377e-01
   5.22959486e-01
  -3.72111234e-01
   5.73766483e-01
   2.02443646e-01
   9.04081034e-02
   9.71341896e-02
   1.09817320e+00
   8.35284988e-01
   7.99014252e-01
  -5.14735129e-02
  -1.35690666e+00
  -2.96100462e-01
  -5.51907740e-01
   1.92722625e+00
   1.26390060e+00
  -6.90165983e-02
  -1.30966361e+00
  -4.33738308e-01
  -1.18117370e+00
  -1.34148671e+00
  -7.29451874e-01
  -2.03889950e-01
   1.96061287e+00
  -1.54475623e+00
  -1.15080190e+00
  -6.86928855e-01
  -1.67081821e-01
  -1.06841164e+00
  -7.69649426e-02
  -1.00785094e+00
   8.81552810e-01
  -1.46478689e+00
   4.08832030e-02
  -1.61859936e-01
   3.67305951e-01
   1.10047606e+00
   2.19015805e+00
  -9.10502235e-01
   1.41323611e+00
   1.84189948e-01
  -1.15921328e+00
   1.58873024e-01
  -1.64118030e+00
  -3.89263422e-01
  -1.93419952e+00
  -6.85889711e-01
   8.54942909e-01
  -2.54626218e+00
  -3.19644012e-01
  -1.52067475e-01
  -4.36276663e-01
  -4.82237224e-01
  -3.97272481e-01
  -1.08119646e+00
  -4.17828507e-01
   4.74540120e-01
   9.70961045e-01
  -8.88565976e-02
  -2.26301786e+00
   1.86572476e-01
  -1.69018643e+00
   9.41966045e-01
  -1.79856771e-01
   6.72739922e-02
  -1.37062820e+00
  -8.02117324e-01
   1.97396030e-01
   5.51944666e-01
   9.65720883e-01
   1.15590667e+00
  -3.86269732e-02
   5.78684063e-01
   1.05210181e-01
   6.89149111e-01
   9.09633707e-01
   9.58182835e-01
  -3.09153938e-01
  -4.08740345e-01
   3.81368898e-01
   1.79762870e+00
   1.31554709e+00
   2.09210721e+00
  -6.11026820e-01
  -3.58483440e-01
   1.16483971e-01
   3.73703434e-01
   1.01806723e+00
   1.99835093e-01
   1.74452118e-01
   1.01442011e+00
   1.59718170e-01
  -1.58923109e-01
  -3.86680968e-02
   2.10968867e-01
   9.01489239e-02
   5.52979837e-01
   1.06228269e+00
   5.74179416e-01
   4.25116485e-01
  -1.40724160e-01
  -1.14260466e-01
  -1.34573234e+00
   3.81743069e-01
   4.97934518e-01
  -1.24849141e+00
  -4.97395762e-01
   1.26067913e-01
  -2.30869579e+00
  -3.06693073e-01
   1.12551534e+00
  -4.09455482e-01
  -8.06593253e-02
  -2.01949949e-01
   6.66521468e-01
  -1.79998137e-01
  -5.18880617e-01
  -1.56973787e+00
   6.45170198e-01
   2.17563188e+00
   8.68419694e-01
   1.43187619e+00
  -8.91522324e-01
   5.62660974e-01
  -1.02632997e+00
  -1.21738731e+00
  -7.81771114e-02
   2.30474023e-01
   1.30807138e+00
   1.36526871e-01
  -4.57460006e-02
  -2.07527278e-01
   4.47342317e-01
  -2.95788538e-01
  -2.02333449e-02
  -1.05334074e+00
   2.14325666e+00
   1.18900129e-01
  -5.99952123e-01
   1.56663457e+00
  -2.09130708e-01
   1.55787454e+00
  -3.01831717e-01
   1.93600107e+00
   1.24516781e+00
   2.05839172e-01
   6.18846961e-01
  -9.30034645e-01
  -6.63674919e-01
  -1.16332367e-01
   1.91721321e+00
  -4.20657165e-01
   4.93039376e-01
   1.38059789e+00
  -1.11145161e+00
  -1.26303673e+00
  -2.74521970e-01
   2.13679628e+00
  -3.01309561e-01
  -4.35153388e-01
   5.74082453e-01
  -8.79775046e-01
  -8.34888348e-02
  -7.32999317e-01
   2.04481467e-01
  -7.02934056e-02
  -8.89669492e-01
   1.04492855e+00
   1.95705927e-02
  -4.20662586e-01
   1.08185659e+00
   2.54993704e-01
   1.52757133e-01
  -1.40392700e-01
   5.30261523e-01
   2.02142475e+00
   1.35790215e+00
   1.25312185e+00
   2.48911747e+00
   9.29669598e-02
  -6.28721517e-02
   7.28519672e-01
   4.19860261e-01
   3.46886997e-01
  -1.34788957e+00
   6.79682644e-01
  -1.67626885e+00
  -3.91974794e-01
   7.30464440e-01
   4.34921872e-01
   8.96979866e-01
   9.32568948e-01
   1.07525919e+00
   8.19601249e-01
  -1.28791129e+00
  -8.03501841e-01
  -1.78014531e-01
  -5.07353760e-01
  -6.00975348e-01
   5.38358703e-01
  -3.50901553e-01
  -3.42528437e-02
  -2.07772810e+00
   3.90375170e-01
  -1.63206569e+00
   4.73501752e-01
   6.63810224e-01
   2.26750934e+00
  -1.25127367e+00
  -5.38216700e-01
   1.11271714e+00
  -5.65481044e-02
   3.94564638e-01
   5.17426286e-01
  -6.66958978e-01
  -2.96354783e-01
   2.39331906e+00
   1.10857596e+00
  -1.94349799e+00
  -3.21838963e-01
  -9.48442196e-01
  -3.79484366e-01
  -4.10405236e-01
   2.59417008e-01
   2.93635497e-01
   1.51788978e-02
  -8.64020955e-01
   4.65675251e-01
   1.03126879e+00
  -1.03929190e+00
   1.66768236e-01
  -6.67591279e-02
   8.09022205e-01
   9.04741980e-02
  -9.24667334e-01
   1.61900780e+00
   9.85812643e-01
  -7.56138660e-02
   1.18727590e+00
   1.84234657e+00
  -1.53894168e+00
  -3.08062735e-01
   1.28233457e-01
   4.61291397e-02
   1.24780539e-01
   1.41331507e+00
   1.56986404e+00
   1.11107482e+00
   1.50867872e+00
  -6.94327325e-01
  -1.04484505e+00
  -5.08858948e-01
   1.55587255e+00
  -3.19642936e-01
   3.06013800e-01
   8.44338700e-01
  -7.02555998e-01
  -3.37957703e-01
   4.18079403e-01
  -1.28894125e-01
   5.49413409e-01
  -1.62548112e+00
   1.82332295e+00
   1.54800837e+00
  -4.74270643e-01
  -7.38294103e-01
  -1.04726606e+00
  -2.09534105e-01
   1.60709366e+00
  -1.06453223e+00
  -1.35977358e+00
   1.04068531e+00
  -1.24537852e-01
   2.60694281e-01
  -1.85982497e-01
  -6.90130562e-02
  -5.41948321e-01
   9.47804858e-01
  -1.99021137e+00
   9.99987931e-01
   8.44602952e-01
   1.29134265e+00
   1.72458873e+00
  -1.75298354e-01
   9.78471717e-01
   4.91368868e-01
  -5.02606036e-01
  -1.24183911e+00
  -1.30817113e+00
   1.78511974e-01
  -8.16555872e-01
  -1.46394494e+00
  -1.85954688e+00
  -7.81356137e-02
   9.29524710e-01
   1.26299021e+00
  -1.53960518e+00
  -4.45301341e-01
  -1.89952132e-02
   4.11996916e-01
   2.00707109e-01
  -8.30904677e-01
  -3.96136511e-01
  -1.77989961e-01
  -7.73036522e-02
   4.00117854e-01
   7.83883585e-01
  -7.92315607e-01
  -2.20347639e+00
   7.85491586e-02
   9.78332403e-01
   1.04952926e+00
   1.36180081e+00
  -9.46631156e-01
   1.65270630e-01
  -1.21817771e+00
   2.42650922e+00
  -6.23995340e-01
   9.12196799e-01
   1.21593808e+00
   8.84033008e-02
  -2.12210976e-01
   1.25542098e+00
  -2.91480509e-01
  -4.94313843e-01
   5.83344041e-01
   2.12295088e-01
   9.41306532e-01
   1.66120411e+00
  -5.90611810e-01
  -1.56110291e-01
  -3.67443520e-01
   1.64131579e-01
   6.09786115e-01
  -1.00226760e+00
   8.65052103e-02
  -7.64218114e-01
  -2.20945534e+00
   1.86348699e+00
   1.86754132e-01
   7.89942664e-01
   6.34394162e-01
  -1.28285703e-01
   4.76554808e-01
  -4.33785182e-01
  -9.30512056e-01
   7.72766116e-01
   1.46843311e+00
  -1.29667973e+00
   1.26122710e+00
   2.84990531e-01
   2.00667646e-01
   1.06161628e-01
   5.64742672e-01
  -9.84527547e-01
   4.78622518e-01
  -1.15993699e+00
   1.01623486e+00
   5.23955716e-01
  -6.57224663e-02
   5.98678131e-01
   1.41355407e+00
   1.30524340e-01
   7.02290609e-01
   5.67325827e-01
  -4.03006700e-02
   8.79178021e-01
  -3.29487749e-01
   6.61420254e-02
   3.69180167e-02
   1.89849351e-01
  -9.97572825e-01
  -4.33741312e-02
  -2.54096974e-01
  -1.33288036e+00
   2.38811317e-01
  -2.89669521e-01
   7.87533352e-02
  -1.48971632e+00
  -6.57435211e-01
   4.02398241e-02
   9.14779024e-01
  -4.23184654e-01
   5.17095373e-01
  -7.96429494e-01
  -1.02294040e+00
  -1.30393804e-01
   2.30451871e+00
  -3.56866976e-01
  -2.43664377e-01
   7.06601414e-01
  -5.49757316e-01
  -1.48997478e+00
  -8.28483200e-01
  -8.17779085e-01
  -7.34631854e-01
  -1.13516745e+00
   6.25609490e-01
  -1.03678919e+00
   8.04950760e-01
  -1.10063282e+00
   4.45878605e-01
  -9.23071103e-01
   2.40605412e+00
  -1.31659858e+00
  -5.39929701e-01
  -7.64792258e-01
  -4.91297979e-01
  -3.16778192e-01
   5.51208862e-01
   4.25788260e-02
  -1.17436520e+00
   2.27100427e-01
  -1.55219750e+00
  -9.67106044e-02
   8.85095640e-01
  -1.11925532e+00
   7.37790346e-01
   1.03491027e+00
  -8.38818981e-02
   1.94518706e+00
   7.85948036e-02
  -1.21522389e+00
  -1.44626727e+00
  -1.21250926e+00
  -1.27790554e+00
  -3.76996639e-01
   1.29818181e+00
  -7.25523667e-01
   1.35004123e+00
   8.35686173e-02
  -4.39223281e-01
   4.06729398e-01
  -5.18914369e-01
  -6.05322823e-01
  -2.04980530e+00
   8.31153573e-01
   6.42616913e-01
   1.82421028e+00
  -9.32028380e-01
  -1.62940411e-01
   2.04161128e-01
   1.29881412e-01
   2.53027392e+00
  -3.41962032e-01
  -7.67644145e-01
  -8.71363515e-01
  -4.77607056e-01
  -1.62213615e+00
   5.83643946e-01
   1.35333657e+00
   3.48034539e-01
   9.25733353e-01
  -9.97909264e-01
   4.74366551e-01
   7.13372601e-01
   2.00053600e-01
   4.46146891e-03
  -9.35583908e-02
   1.10749668e-01
  -1.39964312e+00
   5.25595710e-01
  -6.17920057e-02
   9.58220858e-01
   6.12785549e-01
   8.60754170e-01
  -4.52839901e-01
   1.19452559e+00
  -8.84596904e-01
   5.00676543e-01
  -2.51050254e-02
  -1.26229632e+00
   4.61364909e-01
   1.08223240e-01
  -3.56034225e-01
  -6.48284123e-01
  -1.82045252e-01
  -1.56911174e+00
   4.62726726e-01
   4.18171289e-01
   1.14235482e+00
   1.72507491e+00
   1.06102897e+00
   6.52610745e-01
   6.33953074e-01
  -2.22400568e-01
  -2.80382984e-01
   7.60542987e-01
  -3.11918456e-01
  -3.79505027e-01
  -1.88959772e+00
   5.05455429e-01
   7.59279489e-01
   4.03909556e-01
  -9.06564291e-01
   1.54951583e-01
   5.00261608e-01
   1.82225392e-01
   7.99619009e-01
  -2.93946741e-01
   9.31392869e-01
   1.04878340e+00
  -3.68418439e-01
   5.31053269e-01
   1.07678432e-01
   4.91089671e-01
  -5.86500865e-02
  -1.83200034e+00
   2.52482857e-01
  -1.27630055e+00
  -8.38783766e-01
   1.10778837e+00
  -1.60003756e+00
   7.11203068e-01
  -4.17033350e-01
  -1.31079396e+00
  -1.24651614e+00
  -3.96272664e-01
   3.47081897e-01
  -1.02476350e+00
  -7.31760334e-01
   3.33079655e-01
  -6.30674614e-02
   1.56456470e+00
   6.02733954e-01
  -6.68094425e-01
  -6.30591842e-02
  -1.05763416e-01
  -9.08086317e-01
   2.03027057e-01
   6.87974496e-01
   8.98584335e-01
   7.57353844e-01
   7.02288720e-01
   8.98215922e-01
  -2.26817741e-01
  -1.31362710e-01
   2.46341705e+00
  -5.78098437e-01
   1.45127194e-01
   5.94791854e-01
   4.83134826e-01
  -4.06382934e-01
   2.84791183e-01
  -1.19252340e+00
   1.60363692e+00
   7.62049921e-01
  -5.10422876e-02
  -1.24076334e+00
   6.60063875e-02
   5.67662473e-01
  -5.33391332e-01
   1.07503934e+00
  -5.20641524e-01
   1.15949674e+00
  -4.68099498e-01
  -5.78424415e-01
  -5.82731540e-01
   1.85638718e+00
  -1.30900096e+00
  -8.29635197e-01
   1.05399884e+00
   6.36109053e-01
  -3.03267976e-01
  -2.90349870e-01
   1.93896419e-01
  -4.61415162e-01
   2.08284897e-02
  -4.40308859e-01
  -3.76044362e-01
   1.19275514e+00
  -3.61727704e-01
   1.44266053e+00
   7.18325448e-01
   1.26691261e+00
  -5.61353263e-01
  -7.95752523e-01
  -2.78386951e-01
  -6.68798360e-01
   7.67478525e-01
  -6.89683918e-01
  -5.81578835e-01
  -9.66897289e-01
   5.42944254e-01
   2.62378539e-01
   8.43956602e-01
   7.16022507e-01
  -1.27432653e-01
   2.46073808e+00
  -5.32787536e-01
  -1.24253592e+00
   2.75742025e-01
   4.37405149e-01
  -1.24349228e+00
   6.45668293e-01
  -3.44416366e-01
  -1.89601233e-01
   1.37843377e-01
   4.56278595e-01
   5.47097354e-02
  -1.91784550e-01
   1.06470739e+00
   1.81829936e-01
   6.38075531e-01
  -2.10515121e+00
   6.79393311e-01
  -5.54704194e-01
  -3.51982108e-01
   1.03008503e+00
  -7.07229987e-01
  -9.70505183e-02
  -1.29649306e+00
   1.82023495e-01
  -3.46541679e-01
   2.93057268e+00
   1.96486427e+00
   1.21806582e+00
   1.94142495e-01
  -6.81638817e-01
  -2.87714680e-01
   4.30316294e-02
  -1.20014448e+00
  -8.87757952e-01
   9.67551001e-02
  -5.30506857e-01
  -2.00991961e+00
  -8.60292647e-01
  -7.91482366e-01
   2.86154126e-01
   2.63564010e-01
   6.86729167e-01
   3.35335756e-01
   2.92940444e-02
  -9.81671487e-01
  -1.33315967e+00
   1.84018925e+00
  -2.24588174e-01
   1.61399106e+00
  -5.09341503e-01
  -7.44517549e-01
   3.05045667e-01
   1.53024690e+00
  -7.37953750e-01
  -5.14543270e-01
  -1.24859059e+00
  -7.98541927e-01
  -8.06839582e-01
   3.29726985e-01
   7.40702328e-01
  -2.18973784e+00
  -1.41314846e+00
   8.34210721e-01
   2.45833030e+00
   8.73147347e-01
   1.23610399e+00
  -1.47828094e+00
   1.34336879e+00
  -4.74969638e-02
  -1.06677262e+00
   1.37413625e+00
  -5.04311138e-01
   5.28276201e-01
   8.57941562e-01
  -1.48380596e+00
  -2.00033649e+00
   3.44639478e-01
   2.33543536e-01
   1.33218463e+00
  -9.09247536e-01
   4.79287428e-01
  -2.62113106e-01
   1.44432977e-01
   2.85318865e-01
  -1.41856809e+00
  -5.80801543e-01
  -4.36886801e-01
   1.05690048e+00
   6.98737830e-01
   1.41534517e+00
   1.77478029e+00
  -1.30457499e+00
  -6.57153590e-01
   1.49209851e+00
  -6.96233911e-01
   2.92723817e-01
   3.44209716e-01
  -2.70445723e-01
  -6.44920950e-01
  -5.67194014e-02
   1.38892263e+00
   5.81506591e-01
  -6.18942842e-01
   1.05997235e+00
   3.68499780e-01
   6.58019921e-01
   1.28896930e+00
   1.54968862e+00
  -6.16501734e-01
  -1.94233007e+00
  -9.91586644e-01
  -1.68589207e+00
   1.34296300e-01
  -7.99492448e-01
   1.42684917e+00
  -2.94565801e-01
  -1.31080053e+00
  -1.77505154e-01
  -2.20235787e+00
  -7.32725733e-02
  -2.08952918e-01
   2.10226845e-01
   9.17849263e-01
  -1.29969099e+00
  -2.73747051e-01
  -3.05245760e+00
   1.36046380e-01
  -3.10243648e-01
   2.21955134e+00
   2.24828981e-01
   2.20496414e+00
  -7.51684904e-01
   1.68773816e+00
   1.01358808e+00
  -1.64880632e-01
   2.32758589e-01
  -1.28594834e+00
  -6.66885961e-01
  -8.99879782e-02
  -7.83714138e-02
  -5.33739501e-02
  -6.77286282e-01
   9.81058948e-01
   1.56115432e+00
   1.47260013e+00
  -1.90108724e+00
   3.41452313e-01
   2.62169701e-02
   9.57204662e-01
   8.09389661e-01
   4.86040506e-01
   2.98816207e-01
   1.74319376e+00
   3.24617640e-01
   8.47791513e-01
   2.02444994e-01
   7.13361624e-01
  -2.87223608e-01
   1.72137646e+00
   5.29436227e-01
   3.91340625e-01
  -6.16044883e-01
  -2.25645285e-01
  -9.31000372e-01
   9.69268337e-01
   6.44155786e-02
  -2.69643429e-01
  -9.81782699e-01
   1.09128294e+00
  -6.24499161e-01
   3.19918797e-01
   1.49553718e+00
   9.82803711e-01
  -6.17652769e-01
  -3.95706474e-01
   1.43355290e+00
  -8.08171999e-01
   1.50029293e-01
   1.15657512e+00
   7.35854219e-01
  -2.25563766e-01
   1.39633506e+00
  -9.83639756e-01
   5.76086633e-01
  -5.04199615e-01
  -5.41870634e-01
  -7.83998938e-01
  -4.73810473e-02
   1.17512510e+00
  -1.96252217e-01
  -1.15582682e+00
   7.36504634e-01
  -8.67663569e-01
   1.28732985e+00
   4.48257289e-02
  -1.55642331e+00
   1.95949455e+00
  -2.16563026e+00
   1.07011770e+00
   1.60965596e+00
   9.59977684e-01
  -1.25947961e-01
  -1.57873326e+00
  -1.05514721e+00
  -1.24727513e-01
   2.64255625e-01
   1.46583619e+00
  -9.38387554e-01
   1.40981223e-01
  -8.47347634e-01
   4.83508676e-01
   3.84162969e-01
  -2.18598833e+00
   4.05593720e-01
   4.91400814e-01
  -3.03968407e-01
  -6.98197904e-01
  -1.03155470e+00
  -2.94946581e-01
  -1.14651244e+00
   1.33383381e+00
  -1.37201797e-01
   1.00088183e+00
   2.72074896e-02
   2.19435113e+00
  -7.30776730e-01
   5.09560242e-01
  -6.21526024e-01
   4.56896053e-01
   4.43617513e-01
   1.97355824e+00
   1.13910405e-01
   3.72952392e-01
  -2.27101314e+00
  -8.47454654e-01
  -2.41356967e+00
  -2.01368478e+00
   2.19202571e-01
  -3.23145743e-01
  -5.26128954e-01
   8.73373574e-01
   6.96330224e-01
   1.24810133e+00
   9.91872241e-02
  -2.57379442e+00
   6.10428290e-01
   1.81375462e-01
   1.03969782e+00
  -1.93601654e-01
  -6.79177815e-01
   1.43690035e+00
   1.42698265e-01
   7.66374447e-01
  -1.85289366e-03
   7.68287778e-01
  -3.14493527e-01
  -6.33830951e-01
  -4.51056490e-01
  -5.76125682e-01
   1.68531835e+00
   5.73244970e-01
  -1.09224422e+00
   1.18342137e+00
   1.39027137e+00
   1.09047095e-01
   7.01271570e-01
   1.37838935e-01
   4.18909730e-01
   1.93580845e-01
   1.23309431e+00
  -5.33253031e-01
  -9.39672380e-01
  -1.08184976e-01
   5.65045207e-01
   9.36627771e-01
   8.82452165e-01
   1.28749115e+00
   4.73711281e-01
   5.54188995e-01
   2.24884884e+00
   4.48787567e-01
  -8.64406152e-01
   1.33591303e+00
  -6.85442636e-01
   7.48512309e-01
  -1.49876416e+00
   2.06150372e+00
  -8.01177305e-01
   6.27114386e-01
  -9.79348629e-01
   8.40396840e-01
  -1.56098784e+00
  -3.43367165e-01
  -1.11741711e+00
   1.68637513e+00
   1.55528762e-01
   1.41529737e+00
   4.15919941e-01
  -1.12985243e+00
   5.88412102e-01
  -1.13925331e-01
  -1.34843498e+00
   1.26820874e+00
  -1.03910353e+00
   6.93924261e-01
   3.57950230e-01
   1.61590764e-01
   3.14970212e-01
   2.92264831e-01
   7.08999869e-01
   9.88468092e-01
  -1.22463378e+00
  -1.68374358e+00
  -1.40032503e+00
  -9.43689287e-01
  -1.73022226e+00
  -7.09609505e-01
  -1.21999260e+00
  -2.71919740e+00
   4.28577259e-01
   2.12940472e-01
   5.85755152e-02
   7.58537023e-01
   3.87886703e-01
  -2.37748070e-01
  -4.44367212e-01
   2.47137940e-01
   1.13292570e-01
   7.27925755e-01
  -1.30178917e+00
   7.42650772e-01
  -3.40990385e-01
   6.99460591e-01
  -3.57117841e-01
  -2.25271435e-01
  -8.95361145e-01
   7.18342468e-01
   1.15122679e+00
  -4.03061073e-01
   4.07645100e-01
   1.04894631e+00
  -4.72309342e-01
   7.71560023e-02
   9.34077037e-01
  -8.55819944e-02
  -1.07777241e+00
   3.73683646e-01
  -9.57119734e-01
   6.50428952e-01
  -3.17303064e-01
  -8.86959139e-01
  -8.67010228e-01
   2.59655204e-01
  -4.83464541e-01
   1.42213373e-01
  -4.21441868e-01
   2.30646253e+00
   7.97471975e-01
  -1.44088623e+00
  -1.39822002e+00
  -9.46256808e-01
   6.06373442e-01
   6.69321332e-01
   9.16435562e-01
   6.43646783e-01
   3.43185321e-01
  -2.21462036e+00
  -3.71470020e-01
   5.39470844e-01
   7.60203786e-01
  -2.46288480e-01
  -4.60711736e-01
   2.99049168e-01
  -6.60980402e-01
   1.04024148e+00
  -6.03124777e-01
   7.07793948e-01
   4.67705007e-01
   1.93244234e+00
   9.93747125e-01
   1.38460024e-01
  -4.21212978e-01
   1.57047160e-02
  -1.50217569e+00
  -1.24140743e-02
  -1.11613037e+00
  -2.24715715e+00
   5.71934595e-01
   5.47036829e-01
  -6.13491441e-01
  -3.31650827e-02
  -2.00165106e+00
  -1.16028272e+00
   1.20853630e+00
  -1.76559659e+00
  -4.36953533e-01
  -3.20358996e-01
  -4.18584766e-01
   1.49841181e+00
   1.92713664e+00
   8.91948945e-01
  -3.84051029e-01
  -7.80114693e-04
   8.01540738e-01
  -6.07416253e-01
  -1.43123034e-01
  -4.73810368e-01
   4.91667102e-01
   1.12929658e+00
  -1.12315841e+00
  -6.84598322e-01
  -4.55454092e-01
   1.01627600e+00
  -2.00266824e-02
  -1.09554771e+00
  -5.05048498e-01
   5.08875447e-01
  -1.11017482e+00
   1.18146296e-01
   3.28488375e+00
  -1.56884198e-01
   5.08578520e-01
   6.74447180e-01
  -2.03321612e-01
  -9.22489155e-01
  -9.52442736e-01
   9.98961099e-01
   3.49801731e+00
   7.41579753e-01
  -1.20032810e+00
  -6.32979924e-01
   1.08790297e+00
   4.22427490e-01
  -3.67935922e-01
  -5.34230558e-01
  -7.86619143e-01
  -6.21182970e-03
   6.80898891e-01
  -1.86888556e+00
   6.55636220e-01
  -5.38035060e-02
   3.60923942e-01
   1.19669132e+00
  -6.05380886e-01
  -7.33891048e-02
   8.50994260e-01
  -1.89568486e-01
  -1.22177685e+00
   4.39245680e-01
   1.91723001e-01
  -2.07616105e-01
  -2.45338753e-01
   1.05766839e+00
  -4.70494112e-01
  -1.61487341e+00
  -4.50405202e-01
   9.33270909e-01
   1.12453709e+00
   2.08452312e-01
  -2.80244874e-01
   7.69519761e-01
   1.24017572e+00
  -3.11798887e-01
  -1.07522471e+00
  -6.77400536e-01
  -6.62811173e-01
   6.76246908e-01
   1.00922811e+00
   1.90956159e+00
  -4.70412467e-01
   8.06602506e-01
   8.59112727e-01
   1.14929573e+00
   1.13438681e+00
  -9.52481309e-01
  -9.11129311e-01
   1.09202801e+00
   4.05847384e-01
  -8.61374676e-02
  -4.18865621e-01
   7.06450148e-01
   4.84868217e-01
   9.84154670e-01
   6.84157808e-01
   9.64021472e-01
  -7.46821559e-01
  -4.51065039e-01
   1.38140660e+00
  -2.29580281e-02
   7.39541010e-01
  -6.63546981e-01
   1.73686213e+00
   4.97876194e-01
  -7.95807238e-02
   2.06716373e+00
  -1.15986206e+00
  -1.36328111e+00
  -1.76594039e+00
   1.06775744e+00
  -1.11397889e+00
   4.49325662e-01
  -8.67704225e-01
  -6.23584206e-01
   3.34843655e-01
  -2.70388147e+00
   7.02254283e-01
  -1.18764529e+00
  -1.92152270e+00
  -2.21675005e+00
   1.11268657e-01
  -2.23380066e-01
  -5.96359537e-01
  -8.40778439e-01
  -6.47431272e-01
   2.61789610e-01
   6.64607619e-01
   1.28232515e-02
  -3.23319620e+00
  -4.03620770e-01
   7.72563231e-01
  -4.00190378e-01
  -6.34833833e-01
  -1.97891885e+00
   1.35429350e+00
  -5.82676816e-01
   5.01374783e-01
  -1.09929895e+00
  -7.22894312e-01
  -1.55511882e+00
   5.22456736e-01
  -1.45063770e+00
   1.45916644e+00
   9.95486042e-01
  -1.15278211e+00
  -1.33450762e+00
  -1.31145378e+00
   1.04402347e+00
   1.07518256e+00
  -8.97679343e-01
   2.61455755e+00
  -1.57928295e+00
   1.00148448e+00
   8.19596856e-01
  -1.50371959e+00
   1.60627029e+00
   1.51241265e+00
  -2.42973714e-01
   1.58414584e+00
  -1.01941774e+00
   5.76111760e-01
  -2.09472737e-02
  -7.90800545e-01
  -4.25434991e-01
   1.24043342e-01
  -2.79534019e-01
  -9.81692149e-01
   4.93687265e-01
  -2.37085247e-01
   3.84677210e-02
   3.67403724e-01
  -9.99153335e-01
   3.99091011e-01
  -1.15615979e+00
  -1.57817896e+00
   1.67323042e-01
   8.84374350e-01
   1.11854679e+00
  -3.21915431e-01
  -7.62091352e-01
   5.05603487e-02
  -1.34353049e+00
   2.20902080e-02
   1.19284341e+00
  -2.10047773e+00
  -1.25361127e+00
  -1.42426501e+00
   3.42071805e-01
  -1.20200888e+00
  -9.26438808e-02
   2.27167907e+00
   7.59909890e-01
   1.64840269e-01
  -3.15327821e-01
   4.19365596e-01
  -5.85415195e-01
   1.89465073e-01
   1.61163102e+00
  -1.14314454e-01
   1.37773043e-01
   6.67811083e-01
   1.66169436e+00
  -3.69898015e-01
  -9.26093033e-02
  -3.78060899e-01
   4.86888652e-01
  -1.55898110e+00
  -7.75432540e-01
  -3.10874597e-01
   1.36924709e+00
   1.62675493e+00
   1.75405683e+00
   2.00246397e+00
   1.25513300e+00
   6.74819431e-04
  -1.16109979e+00
   4.61309427e-01
  -2.85700086e-01
  -1.70591483e+00
  -1.50706648e+00
   8.75438338e-01
  -3.72287672e-02
  -1.60706463e-01
   3.91976695e-01
  -5.61451145e-01
   8.21813126e-01
   2.47426988e-01
   2.13217084e-01
  -1.48988465e+00
  -6.34391898e-01
   9.02025752e-01
  -1.08713569e+00
  -2.06833140e-01
   3.47475980e-01
   2.96727740e-01
   3.04096587e-01
  -1.82225951e-02
   2.07862422e+00
   4.15176076e-01
  -4.83423678e-01
   1.04730141e-01
  -4.14492186e-01
  -1.25487081e-02
  -1.34450107e+00
   1.06842466e+00
  -4.40289834e-01
   3.36651737e-01
   9.08400121e-01
  -5.76775040e-01
   9.49638830e-01
  -3.78571410e-01
   2.92629560e-01
   4.33445988e-01
   4.59696487e-01
  -1.12013088e+00
   1.44609084e+00
   3.06550295e+00
   1.00672717e+00
  -1.47936487e-01
  -9.89201269e-01
  -2.55822828e+00
   1.91974920e-01
   8.79473812e-02
   8.68052286e-01
  -9.51124161e-01
  -1.42651327e-01
  -2.54181540e+00
   1.58125256e+00
  -1.23187108e+00
   8.07419128e-01
   1.42679007e+00
   1.53667297e+00
  -1.92705659e-01
  -5.88818089e-01
   4.59439360e-01
  -9.77294787e-01
   7.41977658e-01
   4.12973414e-01
  -3.74605108e-01
  -1.02934787e+00
  -5.69603748e-02
   1.37745523e+00
  -1.07492911e+00
   4.62256923e-01
  -1.37661604e-01
   2.96833315e-01
   1.11144676e+00
  -7.42633488e-01
   3.99811058e-01
  -2.42383544e-01
   2.66272553e-01
   6.83027493e-01
  -1.23739427e+00
   1.54114910e-01
  -1.11300285e+00
   6.03007279e-01
  -1.30475235e-01
   9.09758501e-01
   1.39967384e+00
   5.78088856e-01
   1.24200702e+00
  -2.67103037e+00
  -2.85456853e-01
   6.59167676e-01
   5.98588861e-01
   9.87873024e-01
  -9.30034456e-01
   8.38684909e-02
  -1.16123477e+00
  -3.29593169e-01
   1.60037434e+00
   1.04455836e+00
   5.95278146e-01
   1.35731397e+00
   7.78394372e-01
   2.40871348e-01
  -8.06171128e-01
  -2.65984632e-01
  -2.58579616e-01
  -2.90243757e-02
   9.34407422e-02
   5.50888476e-01
   1.06460648e+00
  -5.70416832e-01
  -2.61684435e-02
  -5.43349736e-01
   1.49765523e+00
   1.14941261e-01
  -7.21681058e-01
   2.44229427e+00
  -7.33142648e-01
   3.71740806e-01
  -4.49355911e-01
   1.13440408e+00
  -7.17407874e-01
  -2.23015678e+00
   2.04515643e+00
  -3.23321104e+00
   3.02257962e-01
  -1.57022483e-01
   1.99447724e+00
  -1.00254934e+00
  -2.46433826e-01
  -8.16200255e-01
   8.88757464e-01
  -6.69456990e-01
   5.01687403e-02
   8.19521176e-01
   4.61347521e-01
  -3.54920242e-01
  -1.09752320e+00
   1.50279829e-01
   1.72671871e+00
  -1.67775544e+00
   7.15028091e-01
   2.58754435e-01
  -2.06339923e+00
  -9.37301416e-01
  -1.29402497e+00
  -1.66789403e+00
  -5.70966566e-01
  -1.36734766e-01
   1.11271187e+00
   1.65325813e+00
   9.17671430e-02
  -8.99326736e-01
   1.25350028e+00
   1.19278002e+00
  -5.69643636e-01
   8.66647789e-01
   1.16722388e+00
   1.87083660e-01
  -2.88803472e-01
  -1.01669568e+00
   2.19845652e-01
   1.56173797e+00
  -1.21367996e-01
   1.15859036e+00
   1.51912409e+00
  -3.98317814e-01
  -9.78831615e-01
   1.83086155e+00
  -1.25354225e-01
  -1.95605388e+00
  -6.16655840e-01
  -1.39773071e+00
  -1.13809744e-01
   3.58089464e-01
  -4.32811976e-01
  -2.24713431e+00
   1.07703623e-01
  -1.25621848e+00
  -2.58147849e+00
  -4.54707646e-01
  -4.49515392e-02
  -1.26590827e+00
   5.67287816e-01
  -7.69556033e-01
  -1.74854348e+00
   5.68905451e-01
   4.39441637e-01
   1.04102475e-01
   1.58770377e-01
   1.45531784e+00
  -1.01080956e-01
   4.75348992e-01
  -2.44925871e-01
  -1.09066151e-01
   6.34585262e-01
  -3.41786644e-01
   8.65949520e-01
  -4.13729065e-01
   1.82149356e-01
   1.43199603e+00
   2.65470536e-01
   1.41974035e+00
  -2.06149977e-01
   2.70826579e-01
   7.98250177e-01
  -5.40216710e-01
   5.77832771e-01
   1.73221246e+00
  -5.81690383e-01
  -3.48202922e-01
  -9.96772759e-01
  -6.16010716e-01
   3.11229915e-01
  -8.97848675e-01
  -7.84722241e-01
  -1.55933628e-01
  -6.67414361e-01
   2.82745900e-01
   1.23170848e+00
  -2.23233514e-02
   2.00305176e+00
   1.32600217e+00
  -5.32306943e-01
  -3.75477796e-01
  -8.37946797e-01
   1.78714339e-02
  -8.71311173e-01
   2.12510969e-01
   1.44963512e-01
  -3.17354598e-01
  -4.95951041e-01
  -1.20627100e+00
   5.01845004e-02
   1.16454104e+00
  -4.30141571e-01
  -5.18787128e-01
   1.21097008e+00
  -2.78405671e-01
   1.40049121e+00
  -1.05736205e+00
   6.99300588e-02
  -6.04255781e-01
  -1.74331592e+00
  -1.98507191e-01
  -8.88801767e-01
  -5.24934505e-02
   3.07994652e-01
   2.16663542e-01
   1.91778406e-02
  -1.11450129e+00
   2.86284514e-01
   5.16760745e-01
   5.04664647e-01
   1.65833431e-01
   7.86062154e-02
  -1.23985235e+00
  -3.16490124e-01
  -3.69092406e-01
   1.31239433e+00
  -1.49548867e+00
  -8.19269568e-01
  -1.16154737e+00
  -5.29493160e-01
   4.32753436e-01
   9.18592343e-01
   1.19873266e+00
   6.47871204e-01
  -1.05866759e+00
   3.41124900e-01
  -1.06576477e+00
   1.78431198e+00
   1.08844940e-02
  -4.68941455e-01
  -1.66036489e+00
   2.74348372e-01
   3.09891060e-01
   1.16914833e+00
  -7.68915533e-01
   1.44978504e+00
  -4.80343073e-01
  -4.75955127e-01
  -1.88436870e+00
   1.94945290e-01
   2.52054301e-05
   1.96084316e-01
   2.29688862e+00
   9.91634235e-01
   4.00777460e-01
  -1.10156300e+00
   5.80097138e-01
  -2.33825275e+00
  -6.36113005e-01
   2.91846501e-02
  -6.38790512e-01
   2.13294225e-01
   5.29117045e-01
  -1.07147143e+00
   7.17324537e-02
   6.85558106e-01
  -1.36588635e-01
  -1.42617414e+00
   5.15276692e-01
   1.07978971e+00
  -1.82718482e+00
   1.09286238e+00
   6.67353782e-01
   9.81716671e-01
   2.34047648e-01
  -3.64433707e-01
  -2.24966134e-01
  -1.01719974e+00
   6.74009173e-02
   9.42619844e-01
   5.51545332e-01
   7.42492199e-02
  -5.98636979e-02
   8.10415118e-01
  -1.80563414e+00
  -7.25844535e-01
   5.97816062e-01
   1.65844686e+00
   5.71114586e-01
  -5.54290749e-02
   2.08593854e+00
  -9.80471758e-01
  -5.15685289e-01
   1.22668901e+00
   2.09537858e-01
   1.98871498e+00
  -1.78269421e+00
  -1.82182527e+00
  -4.41923754e-01
  -1.80618760e-01
  -4.74931053e-01
  -1.99531418e+00
   1.59999711e+00
   1.34447205e+00
  -1.43518184e+00
  -2.45176136e-01
   1.39360549e+00
   7.05374947e-01
   1.39229093e-01
  -1.21084249e+00
  -2.54214819e-01
   1.34031590e+00
   3.94446049e-01
  -4.78541064e-01
  -5.15135121e-01
   2.32074515e-01
   1.43914757e+00
  -3.45379027e-01
   1.08025863e+00
  -6.48537828e-01
   2.87184921e-01
  -7.60605325e-01
   3.23041755e-01
  -4.54318526e-01
  -1.43045913e+00
   2.44355463e-01
   9.36099408e-01
  -4.14269156e-01
   2.10386267e+00
   1.52791434e-01
  -2.64818467e-01
  -5.06939697e-01
   3.91227051e-01
   2.00408236e+00
  -1.63939559e+00
  -5.37566510e-01
  -5.11777327e-01
   5.91806565e-01
   1.27803633e+00
  -2.09122815e+00
  -4.70726957e-01
   4.21462601e-01
  -1.58343058e+00
   6.72221839e-01
  -3.66482005e-01
  -1.00845036e+00
   1.69047181e+00
  -2.31099703e-01
   1.70346958e+00
  -6.58293010e-01
  -2.45235483e+00
   7.99766886e-01
   1.42020696e+00
   8.70700898e-01
   1.48747540e+00
  -3.77873529e-02
   3.29774751e-01
   1.83286638e+00
   5.76641324e-02
  -1.61325645e-01
   6.11573095e-01
   7.90552558e-02
  -8.77301240e-01
  -4.71622586e-01
  -1.66978438e+00
  -6.42278796e-01
  -9.20555128e-01
  -4.34563484e-01
   2.52295199e+00
   7.32068545e-01
  -4.03675877e-01
  -3.95296866e-01
   8.09344680e-01
  -6.98682605e-01
   8.07617820e-02
   8.65540282e-01
   7.78259036e-01
  -9.17110712e-01
   6.29353470e-01
   8.00908994e-01
  -7.27723764e-01
   2.59049370e-01
  -1.12190820e-01
   8.59652555e-01
   1.87015813e-01
  -7.42361737e-01
  -1.72660548e+00
  -2.87678281e-01
   2.32484008e+00
  -1.22909861e+00
  -1.48460649e+00
   3.74621058e-01
   1.83139390e+00
   1.03689974e+00
   3.80623920e-01
   7.63317491e-01
   3.90672512e-01
   5.94047079e-01
   2.66038062e-01
  -1.27561776e+00
   1.06499390e-01
   3.54521899e-02
   3.44304495e-01
   1.28791641e+00
  -9.72466500e-01
  -1.28518849e+00
   1.38406126e-01
   1.29947780e+00
  -5.85309991e-01
   4.90993149e-02
  -7.41907802e-01
  -1.66787156e+00
   5.54522860e-01
   1.36476119e+00
   1.66684778e-01
  -3.67915555e-01
  -1.04725271e+00
   1.41336914e-01
  -1.24690290e+00
  -6.02452727e-01
   1.68104198e+00
   1.41629794e+00
   1.75633371e+00
  -4.34636692e-01
  -1.34787668e+00
  -4.00908276e-01
   3.50421383e-01
   3.52493047e-01
   1.48517745e+00
  -1.36582541e+00
   1.89675462e+00
  -3.56592854e-01
   4.69076206e-01
  -5.73364343e-01
   6.80027974e-01
   2.00818644e+00
  -2.14290186e-01
   1.49923379e+00
  -2.43987388e-01
   1.60458165e-01
   6.17003611e-01
  -8.31847726e-01
   5.37211587e-01
  -7.40775989e-01
   7.96443347e-01
   1.13539811e+00
  -1.79569737e+00
  -1.57957778e+00
  -4.48331926e-01
   7.96830730e-01
  -2.95625532e-01
  -3.36836022e-01
   1.58233422e+00
   1.23560986e+00
  -7.54790600e-01
  -5.15737032e-01
   1.02536526e-01
  -6.97407891e-01
   3.48878917e-01
  -5.02471373e-01
  -6.95469797e-01
  -3.37103325e-01
   3.90661482e-01
   9.21629083e-02
  -1.00291991e-01
   5.66339773e-02
  -3.88067378e-01
  -4.20757453e-01
   7.01686615e-01
  -2.10317346e+00
  -1.07772319e+00
   1.65583433e+00
  -2.82070942e-01
   1.35410618e-01
   7.56555021e-01
   2.83309213e-01
  -1.74660858e+00
   7.34165373e-03
   5.16553327e-01
  -1.76016452e-01
   1.72258210e-01
   6.32630564e-01
  -3.25633076e-01
   2.68965104e-01
   1.47450821e+00
   4.38499158e-02
  -5.32981516e-01
   9.43323346e-01
  -1.15228150e+00
   4.31534275e-01
