   8.07643640e-01
  -3.23650547e-01
  -2.89710349e-01
   1.40373119e+00
   9.91594491e-01
  -1.80961127e-01
  -5.10947781e-01
   1.14669912e+00
   1.26623684e-01
   6.80641923e-01
  -3.68949535e-03
  -1.03539844e+00
  -1.58939070e+00
   1.04443495e-02
  -2.50366802e-01
  -8.41475242e-01
  -3.10356772e-01
  -1.08052787e+00
  -1.16954842e+00
  -2.79960010e-01
  -7.40255939e-02
  -4.53503038e-01
   2.91207457e-01
   6.51103631e-01
   1.23336050e+00
  -1.39435466e-01
   1.26523926e-01
  -4.00457984e-01
  -8.01285035e-01
  -1.45641554e-01
  -1.28464029e+00
   2.76752232e-01
   3.45804590e-01
  -1.08495010e+00
  -3.21338853e-01
  -1.24159544e-01
  -2.90526126e-01
   7.81881493e-01
  -1.89978620e-01
  -1.14098729e+00
  -5.95425712e-01
   9.32611889e-01
  -9.84962146e-01
   6.89797964e-01
   3.72478137e-01
   9.58125873e-01
   6.27050678e-01
  -8.86369124e-02
  -7.48638507e-01
   4.53309052e-01
   1.73533210e+00
   8.81313068e-01
   6.90178583e-01
   5.37304193e-01
   6.60594243e-02
   1.19190404e+00
  -4.01723304e-01
   2.52606277e+00
   1.16878806e+00
   7.87673332e-01
  -1.08000805e+00
   3.27766008e-01
  -1.37680081e-01
  -3.17733388e-01
  -1.49654504e+00
   1.40339128e+00
   2.45940759e-01
  -1.21635302e+00
   1.03956863e+00
   1.97447194e-01
   4.22856403e-01
   9.11044716e-01
   7.67322443e-01
  -2.53794054e+00
  -9.28564125e-01
   2.05161503e+00
  -2.00278073e-01
  -4.07360077e-02
   1.39180498e+00
   6.72228530e-02
   4.82133227e-01
  -9.43789452e-01
  -8.50240817e-01
  -1.07481422e+00
  -2.75095204e-01
  -6.51254543e-01
  -9.86296433e-02
   5.92734506e-01
  -1.94195954e-01
  -8.72946482e-01
   7.46837700e-01
  -5.89902036e-01
  -6.94487795e-01
   1.55765824e-01
   6.12056260e-01
  -8.02476728e-01
   3.68648348e-01
  -1.23884738e+00
  -1.31139151e+00
  -9.29013017e-01
   1.26259268e+00
   1.22281754e+00
  -8.57062783e-01
   8.47574618e-01
  -6.11583627e-01
  -8.25836358e-01
   8.53766246e-01
   4.33952382e-01
  -7.97256033e-01
  -9.93459388e-01
  -2.67233065e+00
  -8.36434534e-02
   9.69062211e-02
   2.02981613e+00
   7.34363350e-01
   4.08180754e+00
   5.48255908e-02
   1.14990969e+00
  -6.76881461e-01
   1.20675606e+00
   2.84107179e-01
   1.16772885e+00
  -1.95380420e-01
   7.78892766e-01
   4.59276244e-01
  -6.79107057e-02
  -6.34763483e-02
   5.27507123e-01
  -1.20373195e+00
  -1.26757953e+00
  -1.64376297e-01
   1.84262547e+00
  -2.44821234e+00
  -1.47770193e+00
   4.50625285e-01
   1.26236052e-01
  -1.76145992e+00
  -5.89552768e-01
  -8.12512714e-01
  -1.32748421e+00
  -3.59507417e-01
   2.05324861e+00
  -8.15565501e-01
   1.33898833e+00
  -9.20218184e-02
  -3.44639029e-01
   4.47420941e-01
   5.06271649e-01
   7.70719864e-01
  -1.11878731e-01
  -1.44076252e+00
  -1.12764709e-01
  -1.81661938e+00
  -3.27827233e-01
   1.30101833e+00
   1.98983812e+00
   1.08527928e+00
  -9.11064724e-02
  -3.09459880e+00
  -1.73915578e+00
  -1.15152931e+00
  -1.27683323e+00
  -6.12042317e-01
  -9.96680483e-01
  -1.09808553e+00
   3.37561525e-02
   8.32229633e-01
   1.03076053e+00
   1.09105760e+00
   1.00842323e-01
   1.93111954e-01
   6.33087618e-01
   6.70991265e-01
  -7.35514108e-02
  -4.72119843e-01
   5.83329320e-01
   1.34582325e-01
  -5.00966832e-01
  -2.94466558e-01
   6.80950082e-02
   1.37792518e-01
  -1.73284250e+00
  -2.09091128e-02
  -4.82183848e-01
   2.27944948e-01
   1.02996361e+00
  -2.05661413e-01
  -8.08086365e-01
  -2.89583597e+00
  -8.53717864e-01
  -2.15153631e+00
  -1.27316578e-01
  -2.53360783e-01
   3.35046949e-01
   6.05525466e-01
  -2.58801283e-01
   8.44764228e-02
  -1.39315110e+00
   1.55750616e+00
   4.30519687e-01
   1.59986051e+00
  -1.34704343e+00
   6.21084845e-01
   5.60595557e-01
  -1.77593623e-01
   2.04919125e+00
  -1.17840920e+00
   2.36399046e-01
   5.45257925e-01
   1.08094454e+00
  -4.98657565e-01
  -9.34215827e-01
   3.79531913e-01
  -3.34672258e-01
  -1.85297256e-01
   1.39683859e+00
   1.43582749e+00
   5.29280868e-02
   5.70378455e-01
  -9.25624263e-02
   1.13445638e+00
   1.56117717e+00
   1.74030715e+00
  -8.86705437e-01
  -1.96957651e-01
   1.61759294e-01
   3.26211677e-01
   2.06625544e+00
  -5.56289881e-01
  -2.92363674e-01
  -1.23759488e+00
   1.89913021e-01
  -5.98635511e-02
  -2.13882221e+00
   6.28217144e-01
  -8.38772653e-01
   3.87258063e-01
   6.08775533e-01
   1.12076766e+00
  -1.88665454e+00
   7.34320577e-03
  -2.30491577e-01
   7.10947444e-01
   5.40212229e-01
   5.29656363e-01
  -5.32561278e-01
  -5.70424959e-01
  -6.23963391e-01
  -4.03320737e-01
  -1.35182255e+00
   6.56063257e-01
   2.07279671e-01
   5.05940685e-01
  -2.78167938e-01
   3.42976681e+00
  -4.68322225e-01
  -7.81383438e-01
   1.15588177e+00
  -5.67312116e-01
  -1.29933165e+00
   3.11222728e-02
   2.99462902e-01
  -1.35070359e+00
  -1.67462819e+00
  -2.80667971e-01
  -6.37579616e-01
   1.21643616e+00
  -7.92940464e-01
   1.55898554e+00
  -6.90058123e-01
   1.39277798e+00
  -2.27943010e+00
   5.31827128e-01
   6.19709390e-01
  -7.16606032e-01
  -7.15763785e-01
  -2.13090040e-01
   5.09314470e-01
  -8.81960513e-01
  -6.90185809e-01
   1.25247440e-01
  -1.14525390e+00
   2.09904758e+00
  -6.17213274e-01
   2.03881592e-01
   7.92891650e-01
   1.45913018e+00
  -9.35317033e-01
  -1.42304869e-01
   2.06440327e+00
  -8.14234894e-02
   4.20188368e-01
   6.59957710e-01
  -7.53451728e-01
  -1.68747119e-01
   7.79924843e-01
   6.04597824e-01
   7.95198388e-01
   1.09898242e+00
   2.12487751e-01
  -9.98432752e-01
  -1.27659122e+00
  -1.21041378e+00
   6.74216617e-01
  -8.16471668e-01
   2.01411425e+00
   3.20510562e-01
  -1.00078654e+00
   8.69669179e-01
   5.94071012e-02
   1.33778216e+00
   1.88464196e+00
   1.00161816e+00
   6.30606282e-01
  -6.10226822e-01
  -9.60386741e-01
  -1.62824839e+00
   3.60360511e-01
  -1.43679347e+00
  -1.15438465e+00
   3.41131711e-01
   1.10733006e+00
  -8.79317034e-01
  -1.42918673e-01
  -1.60287113e-01
   7.36149608e-01
  -1.75583580e-01
   2.07577242e+00
  -2.14254105e+00
   1.11348261e+00
  -4.49267133e-02
  -4.36338008e-01
   1.03108574e+00
   1.00469525e+00
   8.02549169e-01
  -7.42984148e-01
   5.09614936e-01
  -1.86106701e-01
   1.61525582e-01
  -5.36662984e-01
   1.05305270e-01
  -9.02077843e-01
   6.74910525e-01
   5.32022044e-01
   2.01182479e+00
   2.74213020e-01
   3.93076983e-01
   1.09085879e+00
  -1.55293325e+00
  -6.38951259e-01
   1.06168344e+00
  -2.16777042e-01
   1.17377206e+00
   6.25604062e-01
  -1.85346865e+00
   4.32265961e-02
  -3.04233590e-01
   1.54400097e+00
   1.43224495e+00
   2.46348959e-01
  -1.58481170e+00
  -5.61739185e-01
   5.53765683e-01
   1.65633263e+00
  -1.89118346e+00
  -4.15596017e-01
   1.19509600e+00
  -2.40071474e+00
  -1.04328095e+00
   2.09648884e-01
  -2.47914455e+00
   1.08830826e+00
  -2.74562777e-01
  -4.71483214e-01
  -8.45378306e-02
   6.22992289e-01
  -1.18351787e+00
  -5.74819494e-01
   1.30307314e+00
  -1.03448434e+00
   1.11222413e+00
  -3.46203252e-01
  -2.76442472e-02
  -1.51441054e+00
  -1.21114090e+00
  -1.70186532e+00
  -1.25513914e+00
   3.62808680e-01
  -5.01612915e-01
   1.88122670e+00
  -1.27128981e+00
  -5.02456786e-01
   7.96199285e-02
  -7.38652806e-01
  -5.22579410e-01
  -1.73143759e-01
  -6.94669536e-01
   1.48069972e-01
   1.18623918e+00
   5.70484702e-01
  -9.55025885e-01
   9.25579972e-01
  -1.39290615e-01
   4.53981896e-01
   3.39301579e-01
  -3.88166968e-01
  -2.08306319e+00
   5.12167919e-01
   7.57805526e-01
  -1.72360722e+00
   1.39445103e+00
   1.65855125e+00
  -5.48048165e-01
  -1.49509186e+00
   5.60503027e-01
   3.24549031e-02
  -1.63253077e+00
  -1.01434520e+00
  -5.42496045e-01
   6.92133144e-01
  -2.71206256e-01
   1.63474885e+00
  -2.57697043e-02
  -1.41295192e+00
  -1.64403345e+00
  -1.58919520e+00
   1.61460807e+00
   3.11703111e-01
   1.58764077e+00
  -3.34132083e-02
   5.08346174e-01
   1.95630091e+00
  -3.49965371e-01
  -2.08677142e+00
   5.01974756e-01
   9.62055227e-01
  -4.97911003e-01
   1.25489526e+00
  -3.78864952e-01
   1.67005396e+00
   7.11038408e-01
  -6.89847603e-01
  -7.38858478e-01
   1.32439686e-01
   9.39815496e-01
   8.47680755e-01
  -1.07387112e-01
   1.40117248e+00
   5.78297307e-01
  -3.83256665e-02
   2.00659211e+00
   6.81460797e-01
   5.87668522e-01
  -2.27108775e+00
  -9.54942396e-01
   3.18986588e-01
   1.88715653e+00
  -8.10382706e-01
   5.16553922e-01
   1.09778004e-01
  -2.55112733e-01
   6.12552776e-01
   1.65713081e+00
  -4.52369437e-01
  -6.32573191e-01
  -1.80514025e+00
   1.80386833e+00
   1.39551142e+00
   5.27788579e-03
   1.79286030e+00
   6.43997728e-01
   8.84484887e-01
  -1.60150899e+00
  -6.20244379e-01
   4.49762306e-01
   1.22588508e+00
   4.35565766e-01
  -7.75662235e-03
   2.22310902e+00
   4.51141501e-01
   2.29915866e-01
  -1.03252532e+00
  -6.96203674e-01
   2.98515024e-01
   2.88406741e-01
  -8.12755358e-01
  -3.21500820e-01
   1.03014867e+00
   1.74670675e+00
  -1.43999508e+00
  -3.95749825e-01
  -2.24804397e-02
  -3.11818967e-01
   1.10280189e-01
  -9.20529208e-01
  -1.95375242e-01
   1.08459924e+00
  -6.85811594e-01
   1.29826888e-01
   4.31514819e-01
  -1.65538436e-01
  -1.16168536e+00
   1.23408210e+00
  -1.78558285e+00
  -4.42915958e-01
   2.06900611e+00
   8.12440816e-01
   1.38376154e+00
  -1.17770429e+00
   9.13921073e-01
   6.15836522e-01
  -8.85238197e-01
  -1.48383349e-01
   2.75927522e-01
   9.28355182e-01
   9.59474395e-02
   1.70712707e+00
   3.52184261e-01
  -3.60538246e-01
   3.17131239e-01
   9.31706220e-01
  -1.03673836e+00
   7.99572128e-01
   4.23534260e-02
  -6.17516123e-01
   1.26815752e+00
   1.23789296e+00
   1.24763752e+00
  -4.99759576e-01
   2.77593842e-01
   8.60230717e-01
   3.05193861e-01
  -5.00058752e-01
   1.63445945e+00
  -2.28813124e-01
   9.61737561e-01
   6.74583573e-01
  -2.51413595e+00
  -5.00645807e-01
   1.73939048e+00
   8.65205338e-01
   5.85840365e-01
   9.79380856e-01
   8.31719487e-01
  -1.26866668e-01
   9.45687081e-01
   6.27297105e-01
   2.31637214e-01
   1.36111869e+00
   1.82403266e+00
   7.05207441e-01
   9.73746069e-01
  -4.80351854e-01
   5.94543600e-01
   1.13017035e+00
   1.35084050e+00
  -3.18511459e-01
  -7.66125327e-01
  -8.21194055e-01
   6.36138271e-01
   9.48800561e-01
   4.91160460e-02
   2.60361129e+00
  -6.04027978e-01
   1.13916088e+00
  -5.21529175e-01
   5.28761325e-01
  -9.55492591e-02
  -1.24335815e+00
   8.77105838e-01
   2.13893124e-01
   1.24104943e+00
  -3.41882930e-01
   3.92168370e-01
  -1.75291709e+00
   1.43700198e+00
   5.61286066e-01
  -7.46871264e-01
   1.41864604e+00
   2.53601152e-01
  -4.26381091e-01
  -2.62599129e-01
  -1.38807020e+00
   6.81833604e-01
   5.32757120e-01
   5.70926787e-01
  -9.24581176e-01
   6.23384577e-01
   4.81347547e-01
   3.37736918e-02
  -1.15773915e+00
   6.01274668e-01
   1.31324313e+00
   1.03915816e+00
  -1.04778725e+00
  -8.99554031e-02
   2.46794412e-01
   1.46857444e+00
  -5.23676337e-01
   5.50119611e-01
   1.91165906e+00
  -3.84692369e-01
  -6.53165420e-01
   2.35464833e-01
  -1.23270999e+00
  -5.72370021e-01
  -4.51900499e-01
   3.33675126e-01
  -1.70254071e-01
  -2.57623800e+00
  -1.07603697e+00
  -5.23816027e-02
  -1.08943510e+00
   8.27230509e-01
  -9.91247573e-01
  -1.15712632e-01
  -1.43215915e+00
   8.86503626e-01
   3.57263477e-01
   1.24675857e+00
   1.24271247e+00
  -1.72501747e+00
   1.33334567e+00
  -1.10664674e+00
   4.34418493e-01
   1.61188633e-02
  -1.04801558e-01
  -2.31448121e+00
   1.17859541e-01
  -1.40183718e+00
   3.68854270e-01
  -2.64420736e-01
   4.14160975e-01
   3.58832191e-01
   3.01680576e-02
   6.17300232e-01
   7.11724210e-01
  -9.42699440e-02
   3.92580354e-01
   7.82726494e-01
   1.48134565e-01
  -5.25778442e-01
  -6.68713993e-01
  -9.51741805e-01
   6.43592018e-01
   1.26834295e+00
   1.41362605e-01
   6.84351500e-01
   6.44976573e-01
  -1.98508593e-01
  -5.09438030e-01
  -3.68566188e-01
  -1.25778619e+00
   1.15636946e+00
   8.78335370e-01
   1.66100925e+00
  -5.15294020e-01
   1.06944345e+00
   5.15857950e-01
   1.36521108e+00
  -9.56755118e-02
  -1.44896462e+00
  -1.27747920e-01
  -9.51675337e-03
   1.50157803e+00
   4.51833832e-01
   1.04081064e+00
   7.06628811e-01
   3.33917217e-01
  -4.08908520e-01
  -7.51765523e-01
   1.35468517e+00
  -1.97530093e+00
  -5.98587940e-01
  -9.76184173e-01
  -2.88117761e-01
  -1.15521644e-01
  -3.67558991e-01
   2.19416994e-01
   8.51388507e-01
  -1.01794167e+00
  -3.00065617e-01
   1.02767818e+00
  -1.04187101e+00
   2.73290024e-01
   8.82121366e-01
  -8.89808780e-01
   3.44197377e-01
  -1.59012082e+00
   7.19926872e-01
  -7.64351017e-01
   1.20934292e+00
  -2.45744116e-01
   2.61583963e-01
  -1.65317106e+00
  -4.81666445e-01
  -2.36195855e-01
  -5.03270082e-01
   1.17138703e+00
  -1.32552133e+00
  -8.17347111e-01
  -3.65260969e-01
  -8.68228236e-01
   1.68195567e+00
  -1.89358392e+00
   5.65395004e-01
   2.11111625e+00
   4.53538857e-02
  -1.68385504e+00
   3.15472788e-01
  -5.26329780e-01
  -1.30110169e-01
   6.69705832e-01
   5.24615889e-01
  -4.29688054e-01
   5.59144190e-01
   1.81018911e-01
   1.79697391e+00
   7.81332643e-01
  -1.00472645e+00
   4.52167027e-01
  -2.27713610e-01
  -4.77848806e-01
   5.01356774e-01
  -4.38605292e-01
  -7.61499069e-01
  -3.13657233e-01
   1.01822708e+00
  -1.58099977e-01
   1.02677234e+00
   8.38836317e-01
   1.23892873e+00
   3.04377480e-01
   1.37298086e-01
   1.45881928e+00
   1.05591969e+00
  -1.19669846e+00
   1.02435034e+00
   1.54695426e+00
  -7.99397862e-02
  -4.37312035e-01
   4.84946368e-02
  -2.37329325e-01
   1.70608062e+00
   2.29620523e+00
   1.23009757e-01
   9.03725951e-02
   2.33559905e-01
   1.66367937e+00
  -7.52879594e-01
   7.74004723e-02
  -8.03344968e-01
   5.40570844e-01
  -3.20031422e-01
   3.70922305e-01
   2.96925922e-01
   9.27845895e-01
   8.90962042e-01
   1.39496761e+00
   5.18405946e-01
  -1.70529881e+00
   2.04159659e-01
  -7.43117914e-01
   2.29290330e+00
   9.31631327e-01
  -2.24236008e-01
  -2.53157609e-01
  -1.50280186e-01
  -2.07000482e+00
   7.36516744e-01
   6.02777459e-01
   7.41083127e-01
  -2.16318133e+00
  -1.03891948e+00
  -9.19475398e-01
   8.81959967e-01
  -5.95540045e-01
  -9.81841492e-01
   7.43497200e-01
  -2.99516545e+00
   5.12994233e-01
   7.78995765e-01
  -6.91649593e-01
   9.25801571e-01
   2.25353682e+00
   7.65560302e-01
   2.19489873e+00
  -4.29489175e-01
   9.58272239e-01
   4.89105955e-01
  -2.28640661e-01
  -2.58352084e+00
  -8.40566132e-01
   5.35397925e-01
   9.05669221e-01
  -1.35255683e-01
  -1.00699593e-01
  -6.31158602e-01
  -9.92810265e-01
  -8.82371505e-01
   2.29238604e-02
   1.46457988e+00
   3.01625364e-02
  -6.08516189e-01
  -1.20198022e+00
   1.81389529e+00
  -1.61423392e+00
   2.74801202e-01
  -1.74295469e+00
  -8.29105099e-01
  -1.33298867e+00
   7.84840343e-01
  -4.99230034e-01
   1.55596371e+00
   3.15519141e-01
   1.49822709e+00
   1.97244839e-01
  -1.18814901e+00
   4.93759739e-01
  -7.22855002e-01
  -6.42934329e-01
   1.51579905e-01
  -4.55070854e-01
   9.24328378e-01
   1.94492767e+00
  -9.42436313e-01
  -3.96696187e-01
   5.06553804e-01
   1.64293629e+00
  -1.83008308e+00
  -1.53668634e+00
   3.10868679e-01
   8.30681136e-03
   4.14627700e-01
  -7.92050146e-01
  -1.62580940e+00
   8.78953605e-01
   3.03878467e-01
  -4.49811709e-02
   1.07315331e+00
   1.04381075e+00
  -8.35093355e-01
  -7.50297959e-02
   4.76212240e-01
  -3.45424533e-01
   1.01421132e-01
  -1.41532052e-02
  -3.45550939e-01
   1.52535543e+00
  -4.19087120e-02
  -5.35861436e-01
   4.42715152e-01
   4.50793812e-01
   5.42107808e-01
   2.34825902e-01
  -1.79894608e+00
  -1.74148463e+00
   1.41751505e+00
   1.60594497e+00
  -6.16115005e-01
   7.29592375e-01
   8.86112055e-01
   5.39034648e-01
  -3.94356238e-01
   3.19166603e-01
   1.21115072e-01
  -8.53229230e-01
   1.64207413e+00
  -1.15192319e+00
  -5.31220632e-01
  -6.77297802e-01
  -4.15889490e-01
  -5.96456068e-01
   2.22431125e+00
   2.30196481e+00
  -5.56780887e-01
   1.31292895e+00
  -9.04845127e-01
   3.64479039e-01
   1.20429713e+00
   1.97102055e-02
   4.67147973e-01
   1.01398299e+00
  -1.28286276e+00
  -4.06468564e-01
  -1.28716651e+00
   2.80899270e-01
   1.70404363e+00
   1.58805762e+00
   2.59612044e+00
   5.09846989e-01
  -1.81952287e+00
   2.49066370e-01
   5.68920732e-01
   4.17343983e-01
   1.40525565e+00
  -7.60336819e-01
   4.53755334e-01
  -1.32146756e+00
  -1.23794322e+00
  -1.51529803e+00
   1.39140574e+00
  -1.15478655e+00
   2.31160845e+00
  -1.06616910e-01
   1.29957071e+00
   2.62092442e+00
  -1.41005057e+00
   5.55028331e-01
   1.80301465e+00
  -5.68607066e-02
  -8.47684845e-01
  -1.70166929e+00
  -5.12739347e-01
   6.73842713e-01
   3.46762785e-01
   1.41952589e-01
  -8.41304653e-02
   8.71530831e-01
   8.71558104e-01
   1.98275729e-01
   4.83305543e-01
   2.28181899e+00
   3.01096632e-01
  -7.03769183e-01
   1.64925351e+00
  -6.34095571e-02
   2.21914802e-01
  -5.84566295e-01
  -1.14451280e-01
   2.20635963e+00
   1.36537350e+00
   1.31493365e-03
   1.13352046e-01
   3.05377954e-01
   1.38897672e+00
   4.87609943e-01
   1.33446869e+00
   7.36548394e-01
   1.28011742e+00
  -3.22684885e-01
  -7.54474633e-02
   5.23738417e-01
  -5.02818879e-01
   1.06818118e-01
  -9.01597244e-01
  -2.56506702e-01
   8.87113343e-01
  -4.54463716e-01
   1.60339803e-01
  -9.91750264e-01
  -1.79067051e+00
   1.67792528e-02
   1.63643601e+00
   7.44501242e-01
   7.40304949e-01
  -6.65006268e-01
  -6.13836060e-01
   2.13350874e+00
   7.03770149e-01
   1.24515440e+00
   9.31713513e-01
   7.94233156e-01
   3.30580576e-01
  -1.65189851e+00
   3.45517027e-02
  -1.01589724e-01
   7.96498021e-02
   4.99013105e-01
   3.20986740e-01
   1.67091872e+00
  -3.62078956e-01
  -7.13189665e-01
   1.11718165e+00
   1.95309958e-01
  -3.23384503e-02
   1.90360190e+00
   3.19977295e-01
   8.50592214e-01
   1.27671984e+00
   2.27924795e-01
  -9.70670724e-02
  -3.07152880e-01
   1.11783974e+00
   3.06607419e-01
  -3.59316346e-02
   1.82440212e-01
   5.10964173e-01
   2.43507880e+00
   4.64376890e-01
   4.18253228e-01
   7.46802479e-01
  -1.73288222e+00
  -1.14772928e-01
   9.34995934e-01
  -2.68873068e-01
   1.06793901e+00
   2.00664471e+00
  -2.05271717e-01
   6.81025875e-01
   4.09489573e-01
   1.39127530e-01
   1.18612960e+00
  -7.36714621e-01
  -2.82832334e-01
  -6.70680784e-02
  -3.30965975e-01
  -6.42400509e-01
   3.09810540e-01
  -1.35648060e+00
   2.60338757e-01
   3.71678991e-02
  -1.42506138e-02
  -4.04551913e-01
  -1.27938919e-01
  -1.88785117e+00
  -1.56371193e-01
  -1.27809093e-01
  -7.29547437e-01
   1.95177957e+00
   1.11162860e+00
   1.39395923e-01
   1.80123377e+00
   7.04756234e-01
  -5.37138056e-02
  -6.80223903e-01
  -6.20242150e-01
   1.03319796e+00
   3.08716460e-01
  -1.39094895e-01
   6.46398734e-01
  -1.19199213e+00
  -1.52468774e+00
   4.12123458e-01
  -1.31886462e-01
  -1.36062452e+00
   5.32759377e-01
   4.01145517e-01
  -1.15545996e+00
  -2.43382893e-01
  -1.67655756e-01
  -1.62843592e-02
   1.47212946e+00
   1.94656987e+00
   1.14528262e+00
   4.32274815e-01
   7.37361141e-01
   1.07388284e+00
   4.38259233e-01
  -1.52727064e-01
   3.97586400e-01
  -7.26111084e-01
   1.22843506e+00
  -2.65921767e-01
   4.76227192e-01
   1.01001989e+00
  -1.29105665e+00
   8.22215717e-01
  -1.12482486e-01
  -4.84007956e-01
   8.33776134e-01
   1.28405159e+00
   9.43987636e-01
   1.78250967e-01
   5.14898352e-01
  -1.40174116e+00
  -6.49053238e-01
  -8.71735824e-01
  -9.37868803e-01
  -3.28121594e-01
   1.16807021e+00
   5.36035503e-01
   5.66071475e-01
   9.30235472e-02
   3.75919207e-01
  -2.45226877e-01
  -1.49846823e+00
   2.69183300e-02
  -1.39457905e+00
   1.53492533e+00
   2.02579468e-02
   1.85070129e+00
  -4.06950314e-01
   1.91387144e-01
  -3.83502110e-01
  -5.00465533e-01
  -9.84586020e-01
   5.52172520e-01
  -6.86806427e-01
   9.41036433e-01
   1.04027319e+00
   1.09948384e+00
  -9.23049919e-01
   2.49538274e-01
   1.69469400e-01
   1.17054473e+00
   6.06275554e-01
  -2.07077636e-01
   3.81687065e-01
   7.02404811e-01
   1.45369780e+00
   1.10433419e+00
   1.24169087e-02
   9.90331184e-02
  -1.71653558e+00
   3.59829180e-01
  -5.15168599e-01
   1.47597537e+00
  -1.06042079e+00
  -2.94044291e-01
   1.34526687e+00
   4.57225718e-01
  -7.62370060e-01
  -7.02229585e-02
  -6.84193117e-01
  -6.50980203e-01
  -1.05743683e+00
   2.34093942e-01
   1.10993660e+00
   6.91488935e-01
   4.35434857e-01
   7.01723072e-01
   1.71815233e+00
  -2.41554045e+00
  -7.16659615e-02
   1.00008603e+00
   1.41961410e-01
   7.22238612e-01
   9.62395990e-01
  -3.64140221e-01
  -1.07527181e+00
  -5.21716633e-02
  -7.30807201e-01
   2.34681518e-01
   9.01874440e-02
  -1.38827907e+00
  -3.75175423e-01
   6.77380429e-02
   7.76914608e-01
  -2.49469614e+00
  -5.26788309e-01
  -4.19054308e-01
  -8.96393909e-01
   3.10090745e-01
   8.15857003e-01
   3.93248141e-01
  -4.67699220e-01
  -6.63475086e-01
   1.25528907e+00
  -1.18254975e-02
   5.19493048e-02
   8.77397891e-01
   1.00087735e+00
   2.95415006e-01
  -6.04668380e-01
  -1.34858071e+00
   3.18008831e-01
  -1.52056087e+00
   8.74040901e-01
   1.12739145e+00
   1.52998898e+00
   1.20318026e+00
   5.20771180e-01
  -9.39600939e-01
  -2.56297930e-01
  -2.01132937e-01
  -1.98450073e+00
  -1.89505480e+00
   1.92004230e+00
  -9.33101609e-01
  -3.88826696e-01
  -1.43839648e+00
   5.61879088e-02
   1.32906282e+00
   3.60916110e-01
   2.44987072e+00
   3.29354049e-01
  -1.55363887e+00
  -9.91646186e-01
  -6.76593960e-01
  -1.03141613e+00
  -1.13186568e+00
   6.78776502e-02
   1.77185078e+00
   3.72912456e-01
  -3.49760742e-01
   2.52071444e-01
  -2.16217324e-01
   3.04783853e-01
   5.17626945e-01
   4.21863708e-02
  -1.68094605e+00
   2.34227174e-01
   1.98825286e-02
  -1.11043857e+00
   3.27936218e-01
   2.75410269e-01
  -1.75113718e-01
  -2.21066796e+00
  -3.05279503e-03
   5.11572024e-02
   1.05546588e+00
   1.12689005e+00
   2.46972370e-01
  -1.07330410e+00
  -5.27786828e-01
   3.45580145e-01
   2.51727907e+00
   1.07051244e+00
  -7.49216842e-01
   1.31354233e+00
  -1.95430312e+00
  -8.99846045e-01
  -7.73016586e-01
   7.14092499e-01
  -1.73403958e+00
  -6.19479182e-01
  -1.49972962e+00
   1.21659862e+00
  -6.02156722e-01
  -1.32819301e+00
   1.76211670e-01
   1.10158928e+00
  -1.89217362e-01
   2.03828240e-01
   1.72565789e+00
  -1.18269784e+00
   1.42300874e-01
  -2.01049927e+00
  -2.43796696e-01
  -8.65741584e-01
  -1.70656262e-01
   1.75428393e-01
  -1.33485939e+00
  -8.64312671e-01
   7.68568261e-01
   2.00249076e-01
   1.34384279e-01
   1.58770896e-01
   1.18536489e+00
  -1.49247660e+00
  -1.28378371e-01
   6.54035173e-01
  -1.04017499e+00
   8.60475157e-01
  -7.50435598e-01
   2.37039528e-01
   5.68112786e-01
  -5.58521307e-01
   5.54156379e-01
   1.06874468e+00
  -9.33519214e-01
   2.41363578e-01
   6.23816398e-02
   1.44354384e-04
   7.64458849e-01
  -7.18999969e-01
   1.26994140e-01
  -5.65925702e-01
  -8.95859729e-01
  -7.59681232e-01
  -8.12954563e-02
   6.54368858e-01
   2.36898995e-01
   3.64508361e-01
   3.02347129e-01
  -1.32472970e+00
   4.17472623e-01
  -5.22222153e-01
  -4.32958891e-01
  -1.88848747e-01
  -1.79819301e+00
   2.30056636e-01
   1.45960971e+00
  -3.05849080e-02
  -2.56058143e+00
  -4.07254622e-01
  -5.30640497e-01
  -2.15853775e+00
   1.78709881e+00
  -9.91826169e-01
   6.95319424e-01
   6.27723352e-01
  -1.10562761e-02
  -1.68668182e+00
  -1.40595766e+00
  -3.46173764e-01
   1.17696133e-01
  -9.16235378e-01
  -9.75377639e-01
  -2.72546602e-01
  -3.82599237e-01
  -2.75288983e-01
   1.17444852e+00
   1.57760143e-01
   1.00415958e+00
   1.42428266e+00
  -5.99618163e-01
   7.49961076e-01
   1.97976938e-01
  -8.32913893e-01
   7.14811117e-01
   9.95721815e-01
   5.53191890e-01
   1.49112129e-01
  -7.08699728e-01
  -1.55628217e-01
  -1.06104973e+00
   1.65860724e+00
   1.13871087e+00
  -6.23540696e-01
  -1.82630437e+00
   6.00786947e-01
   1.03581640e+00
  -7.25276265e-01
   5.05939680e-01
   7.58243403e-01
  -1.30696122e+00
  -2.49157232e-01
   4.82797474e-01
  -3.81973744e-02
   1.22677474e+00
   7.31779068e-01
  -7.01477165e-01
   1.65994258e+00
  -3.21071243e-01
   3.96670092e-01
   4.36724231e-01
   2.86508221e-01
   1.99699601e+00
   8.13168150e-01
   6.93399158e-01
  -1.37270152e+00
  -1.05413216e+00
  -2.94677981e-01
   1.20591691e+00
   6.92534457e-01
   3.41880582e-01
  -3.26301776e-01
   1.24254196e+00
   7.30704910e-01
  -4.25978180e-01
  -1.09641555e+00
  -1.24831950e+00
  -3.64620438e-01
   2.06453558e-01
  -1.27836924e+00
   4.95800394e-01
  -2.15587176e+00
  -1.16039952e+00
   4.28586757e-01
  -1.20372677e+00
   1.24587618e+00
  -3.19481952e-01
  -1.76616437e-01
  -7.66287795e-01
   1.01977175e+00
  -1.99210413e-01
  -5.01027165e-01
   5.02791429e-01
   2.34164007e-01
   1.11788948e+00
  -8.76383599e-01
  -6.48041553e-02
   8.00162477e-01
   4.24703141e-01
  -1.88410837e+00
   8.11357869e-01
   1.63715668e+00
  -3.28339713e-02
   1.99674695e-01
  -3.35117866e-02
   1.92632973e+00
   8.76821254e-01
  -2.00060823e+00
   2.22896758e+00
  -1.19472086e-01
   2.23531328e-01
   4.42507284e-01
   2.03873917e-01
   4.37736150e-01
  -6.72308338e-01
  -1.03356641e+00
   2.84953586e+00
  -1.07317351e+00
   5.52948723e-02
  -7.01545265e-01
  -1.61561304e+00
   5.03766290e-01
   9.17411721e-01
   1.18498728e-01
  -1.66129174e+00
  -1.29398802e+00
   1.38120929e+00
  -1.86807131e-01
  -1.23332558e+00
  -8.77841207e-01
  -1.68610592e-01
   1.75284943e+00
   4.21768346e-03
  -7.50574251e-01
  -1.85727629e+00
   9.86791441e-01
  -1.46988451e-01
   2.27262702e+00
  -8.64100519e-01
  -1.48334448e-01
  -7.79899652e-01
   1.40313258e+00
   4.51306301e-01
  -4.45071418e-01
   6.48286124e-01
  -8.22086829e-01
   5.27067057e-01
   1.61683552e+00
  -1.11442111e+00
   2.09204999e-01
   1.34220384e-01
   4.60762647e-01
   5.56798649e-01
   8.02491912e-01
  -7.79624066e-01
   7.15287017e-01
  -7.69946539e-01
   6.70747654e-01
  -7.54500911e-01
  -7.53240613e-01
  -3.70779759e-01
  -1.08915211e+00
   1.19128895e+00
  -1.61875418e+00
  -3.01504656e-01
   6.46996220e-01
   1.81520874e+00
   5.48427479e-01
  -5.29706235e-01
   1.85237842e+00
  -1.25193483e+00
  -9.41337304e-01
  -3.02752092e-01
   2.31294944e+00
   2.05637434e+00
   6.02978225e-01
  -6.77866536e-01
   4.41406641e-01
   2.50918976e-01
  -1.57062889e+00
   5.93025487e-01
  -6.50634094e-01
  -9.41310192e-01
  -2.54885378e-01
  -6.14608593e-01
  -4.61474599e-01
   3.70826762e-02
   8.40964325e-01
  -9.28944145e-01
   8.55855707e-02
  -1.01217014e+00
  -2.10924293e+00
  -6.39911598e-01
   5.61428290e-01
  -1.24054483e+00
   2.02236772e-01
  -2.00324168e-01
   2.79382002e-01
  -2.56659770e+00
   1.50587662e-01
   1.02034602e+00
  -6.14946039e-01
   5.22649953e-01
   7.13226309e-01
  -1.22682950e+00
  -6.70086178e-01
   1.86716402e+00
  -4.21951836e-01
   2.50891903e-03
  -4.10891429e-02
  -7.69519555e-01
  -9.54917245e-01
   1.26877181e+00
  -1.40409531e-01
  -3.30915888e-01
  -9.27834029e-01
   1.70043353e+00
  -5.14465496e-01
  -2.79977057e-01
   7.33962903e-01
  -1.71060629e-01
   1.24501469e+00
  -1.74145790e+00
   3.11594134e-01
  -1.42990347e+00
   7.72511271e-02
   1.70222606e-02
  -1.25618919e+00
   1.95342716e+00
   9.07049545e-01
   4.62834513e-01
   4.57422771e-01
  -5.40147743e-01
   7.62486630e-01
  -9.95346274e-01
   9.25282220e-01
  -1.52873680e+00
   1.31885809e+00
   1.26526363e+00
  -1.72517505e+00
   6.55730618e-01
   4.03719560e-01
  -1.77210143e+00
  -1.21794189e+00
   1.04439894e+00
   2.09749604e-01
   3.19579033e-01
   7.45176453e-01
  -4.57391295e-01
   7.95704341e-01
   8.29549529e-01
  -3.02473556e+00
  -3.78202060e-01
  -3.62021244e-01
   5.00129081e-01
   1.63598291e+00
  -7.41239971e-01
   4.39716475e-01
  -7.39870028e-01
  -9.07579949e-01
  -5.30636667e-01
  -4.15029533e-02
   1.04850188e+00
  -5.90969862e-01
  -1.01087381e+00
  -2.73879170e-01
  -1.51205114e-01
  -1.47044293e+00
  -5.67620710e-01
  -2.54462654e-01
  -9.34272958e-01
   1.87844128e+00
   5.91854223e-01
   6.22298776e-01
   1.11137923e+00
   2.87611152e-01
   3.79998190e-01
   4.28253074e-01
   5.27186400e-01
  -9.78629121e-02
  -1.46345576e+00
  -6.95587905e-02
  -5.48556510e-01
   1.16457449e+00
   3.56532219e-01
  -9.88341783e-01
  -1.67969900e+00
   3.68240210e-01
  -7.74878508e-01
   1.60351558e+00
   1.25200192e+00
  -5.00626087e-01
  -9.35324222e-01
   1.67578198e+00
  -1.17135386e+00
   8.36063241e-01
   1.78330398e+00
  -5.60447133e-01
  -1.20472491e+00
   2.31739072e-01
   2.76764980e-01
   1.58979697e-02
   5.34762743e-01
  -9.51243756e-01
   8.04889297e-01
   1.30840616e+00
  -1.31001074e-01
  -1.06939240e+00
  -4.37118760e-01
   2.32387095e+00
   1.05501462e+00
   5.22013719e-01
  -9.35834802e-01
  -4.44503258e-01
  -5.28432805e-01
  -9.64546882e-01
   6.93929324e-01
  -5.04330077e-01
   2.65465356e-01
   1.70502497e+00
   7.28811296e-01
  -5.56631966e-02
  -1.02445895e-01
   1.34158814e+00
  -6.46498038e-01
  -2.78724512e-01
  -1.65117338e+00
   2.40283208e+00
   4.57429941e-01
  -1.06304630e+00
  -9.69796122e-02
  -2.68805184e-01
   4.24416403e-01
  -1.16582854e+00
   1.02996609e+00
  -7.33129561e-01
  -1.18687488e+00
   8.00376432e-01
  -9.43484800e-01
   3.69852185e-01
   2.57701531e-01
  -9.03316535e-01
  -1.88593748e-01
   1.57038157e+00
   6.08780471e-01
   1.63023714e+00
   4.90458285e-01
   5.35628189e-01
   3.38743058e-01
  -2.28490702e-01
   2.37008702e-01
   1.96024185e-01
   3.41999246e-02
   2.10217349e+00
   2.02346819e+00
  -1.60365466e+00
  -5.98930997e-01
  -2.57345409e+00
   1.93419484e+00
  -1.83110416e-01
   1.62963890e+00
   7.59387304e-01
  -8.43194688e-01
   1.42151521e+00
   9.62610123e-01
  -1.55772299e+00
   5.33965282e-01
  -3.85284842e-01
   2.06856737e+00
   3.05635322e-01
  -7.59449773e-01
  -9.32072711e-02
  -3.22859191e-02
  -1.13964110e+00
   1.09707947e+00
   1.95636797e-01
  -1.57081776e+00
  -1.84692353e+00
   1.02897829e+00
  -8.86789442e-01
   4.05840481e-01
   1.76360201e+00
   9.44229365e-01
  -1.36443349e+00
  -2.57887681e-03
   1.09204451e+00
   6.88682900e-01
   5.09393976e-01
  -1.13791962e+00
   1.13318356e+00
  -2.39958513e+00
  -6.22937615e-01
   1.38459966e-01
  -9.50519349e-01
   1.17130963e+00
  -6.88156383e-01
   4.89386678e-01
  -5.40335840e-01
   4.49810596e-01
  -3.98090059e-01
  -2.36132545e-01
  -1.64129675e+00
   2.97108737e+00
  -7.54584069e-01
  -1.52521465e+00
  -8.12328849e-01
   2.68672764e-01
  -4.79768427e-01
   1.48833140e+00
  -8.58893534e-01
  -2.09178326e+00
   1.85098821e+00
   1.38742682e+00
  -9.69216857e-01
   3.11808825e-01
  -5.58613801e-01
   1.47599721e+00
  -3.97794548e-01
  -8.01611376e-01
   1.14536437e+00
  -1.88303729e-01
   1.63885839e+00
  -6.87306447e-01
   6.16535448e-01
  -1.00637894e+00
  -3.71359296e-01
  -1.61610048e-01
  -5.06294466e-01
   2.51918853e-01
  -3.90308093e-01
   1.23959962e+00
  -4.45979134e-01
  -1.17211374e+00
  -9.76114104e-01
  -3.25185823e-01
   9.00642809e-01
  -2.94245705e-01
   1.67683966e-01
  -2.03471591e-01
   8.59606875e-01
   1.69554709e-01
   1.20544085e+00
   2.19079173e-02
   6.09176404e-01
   1.05413177e+00
  -7.08611873e-01
  -7.43465958e-01
  -3.81669036e-02
   9.59225974e-01
   4.71558819e-01
  -5.24020795e-01
   1.36269135e+00
  -7.76317626e-01
   4.19206576e-01
  -1.12642986e+00
  -5.50461772e-01
   1.22002260e+00
   1.32358636e+00
   6.48808809e-01
  -6.51555060e-01
   1.26576332e+00
   2.10219063e-01
  -5.09538250e-01
   5.06542162e-01
   6.50856812e-01
  -7.70159559e-01
  -1.38195488e+00
   1.16160199e+00
  -4.89059054e-01
   1.17629106e-01
  -7.22427715e-01
   1.56743118e+00
   7.21074517e-01
  -8.79842537e-01
   2.35281446e+00
  -1.16157420e+00
   4.03334780e-01
   6.50076050e-01
   1.02352060e+00
   1.69681150e-01
   9.89245339e-01
   1.08818810e+00
  -9.24638388e-01
   2.38795690e+00
  -1.44993402e+00
   3.88773754e-01
  -8.93232677e-01
   5.23043585e-01
   7.44159749e-01
   1.16872843e-01
  -3.11173845e-01
   7.20741589e-01
  -7.79172373e-01
   6.53368550e-01
   3.43481412e-01
   2.31925026e-01
  -2.83156387e+00
   1.86124350e-01
   1.40702310e+00
  -1.49095992e+00
   1.33491344e+00
   1.05849163e+00
  -9.75537374e-01
   5.91804585e-01
   1.84742642e-01
  -5.46360306e-03
   9.48508423e-01
  -8.77667640e-01
   8.89541997e-02
  -1.60058779e+00
   3.22171177e-01
  -1.39192124e+00
   9.25467334e-02
  -2.85288162e-01
   3.30606421e-01
   7.76059251e-01
   7.99998167e-01
   1.31043091e+00
   1.94994653e+00
   2.87116858e-01
  -9.72187119e-01
  -7.90070280e-01
  -1.19405574e+00
   1.28168272e+00
  -2.47607344e-01
  -7.01710029e-01
  -8.69210653e-01
   1.85277755e-01
   5.91600102e-01
  -2.49553406e-01
   2.67616370e-01
   2.43966246e-01
   1.37873072e+00
   2.09620419e+00
   6.52744905e-01
   1.10556082e+00
  -7.68083760e-01
   6.89885790e-01
   2.87342040e-01
   1.61241010e-01
  -7.48916315e-01
  -7.34997804e-01
   1.09385129e+00
   4.30405142e-01
   2.57997307e+00
   7.91174299e-01
   1.19890316e+00
   3.18279323e+00
   9.54297284e-01
  -8.06255883e-01
   2.24985160e-01
  -4.43823279e-01
  -4.78653871e-01
   3.40856430e-01
   4.38284231e-01
   9.95686208e-01
   1.75348883e+00
   3.87005755e-01
   2.29459599e+00
   1.47256324e+00
   7.18798871e-01
   1.02617310e-01
   1.53506762e-01
   3.39017388e-01
  -7.11798579e-01
  -5.68805934e-03
   6.19912789e-01
  -2.01796281e+00
   6.78641087e-01
   6.05054708e-01
  -2.11806594e-01
   2.98538502e-01
  -1.52365229e-02
   1.76416608e-01
  -3.10955945e-01
   1.23981549e-01
   5.73699783e-01
  -1.25540415e+00
  -1.11112774e+00
  -6.87772737e-01
  -1.17012755e+00
  -9.42356838e-01
  -3.50767632e-01
   7.19576220e-01
  -1.65996907e+00
  -1.12539235e+00
   1.15932938e+00
  -2.50215076e+00
  -1.93253753e-01
  -9.21954368e-02
  -6.47984772e-01
  -1.29457552e+00
   3.12220896e-01
  -5.55236906e-01
   8.62691185e-02
  -2.15088443e-01
   2.53343339e-01
   1.66770679e+00
  -1.10525145e+00
  -1.75794822e+00
  -1.37581599e+00
  -6.53321660e-01
  -6.92513328e-01
   1.52233871e+00
  -1.10600734e+00
   1.59127243e+00
   6.93097744e-01
   8.22433059e-01
   5.80910956e-01
   8.98383944e-02
  -7.03700969e-01
  -7.20237465e-02
  -6.81242249e-02
  -2.88671139e+00
   2.40144169e-01
   2.67913088e-01
  -1.47675791e+00
   2.25194470e-01
   1.37858786e+00
   3.99213300e-01
   1.81537186e-01
   3.71365115e-01
   4.90109771e-01
   4.00155934e-01
  -1.74120083e+00
  -5.81420647e-01
   4.68298046e-01
  -9.90661349e-01
   3.04386247e-01
   2.05807333e-01
   4.23978592e-01
  -5.25962451e-01
   4.63013217e-01
  -1.13159815e+00
  -2.36476799e-01
  -2.57751947e-01
  -2.67204195e+00
   6.09808986e-01
  -2.23293175e-02
   1.51829351e+00
   1.80860944e-01
   3.34145743e-01
   1.31331954e+00
  -6.76450066e-02
  -1.58123473e+00
  -1.17173425e-01
  -7.50637970e-01
  -7.02213137e-03
   1.21557008e+00
  -8.91695307e-01
  -3.05439642e-02
   1.25239120e+00
   9.03405209e-01
  -4.19019649e-01
   3.38387882e-02
  -1.21113761e+00
   9.24403713e-01
   5.63321200e-01
   6.13481652e-01
   1.62268029e+00
  -1.43474739e+00
  -3.01444352e-01
   1.28027294e-01
   2.56690426e+00
  -8.55474221e-01
   2.28550412e-01
  -1.88676335e+00
  -9.07075634e-01
  -4.84577816e-02
   1.46968206e-01
   7.08537395e-01
   2.29856017e-01
  -7.86940763e-01
  -1.76763195e+00
  -1.23619986e-01
   4.65939990e-01
  -1.68825493e+00
   1.81533121e-01
   6.66080107e-02
   2.31404544e-01
  -1.05680359e+00
  -1.88659252e-01
   4.53589018e-01
  -3.98450420e-01
   4.49815979e-01
   3.44187895e-01
   1.22927042e+00
   5.96695109e-01
  -1.39805764e-01
   1.02247800e+00
  -3.54293363e-02
  -8.47191779e-01
   8.25743996e-01
  -5.39028890e-01
   1.05954055e+00
   6.25469231e-01
  -1.41172165e+00
   1.57592502e+00
   5.91958690e-01
  -4.09118061e-01
  -1.24703766e-01
   5.51264511e-01
  -4.34945812e-02
   6.78876151e-01
  -6.74765101e-01
  -2.09930884e-01
  -1.77211993e+00
  -6.38902698e-01
   8.53844246e-02
  -1.52186853e+00
  -7.18911763e-01
  -1.49949781e-01
  -1.09016428e+00
   6.88439675e-01
  -1.85173832e-01
   6.16906362e-01
  -4.08540397e-01
  -3.33240506e-01
  -7.79869888e-01
  -5.76368457e-01
  -9.83797163e-01
   1.68024044e+00
  -7.43950797e-01
  -3.83758086e-01
  -1.86979101e-02
   3.77418338e-01
   1.01366111e-01
   1.56921546e-01
   5.73840769e-01
  -1.42630831e+00
  -2.42026748e-01
  -7.26884972e-02
   6.77886473e-01
  -9.44255230e-02
   9.96453110e-01
  -9.72430639e-01
   1.29219455e-01
   1.49985773e+00
  -6.52702514e-01
  -7.46085493e-01
   8.70400704e-02
  -5.62140618e-01
  -9.81957108e-01
   1.03560512e+00
  -6.42978156e-01
   5.50921982e-01
   6.39520481e-01
  -7.28002899e-01
  -2.63686545e-01
  -2.66653674e+00
   1.63175122e-01
  -5.47972669e-01
  -1.28453184e-01
   1.39683204e+00
  -1.83875768e+00
   1.30007781e+00
   1.26397383e+00
  -8.43073339e-01
  -4.26124509e-01
   5.25979198e-01
  -1.69516176e-01
  -1.00600542e+00
   2.62987954e-02
  -9.65123382e-01
  -4.31655551e-01
   5.36594038e-01
  -6.73349230e-01
   1.89989581e-01
  -6.13028128e-01
   3.54349279e-01
   1.13389369e+00
   4.90952228e-01
   5.78527116e-01
   1.53925695e+00
   1.03054974e+00
  -1.56478810e-01
   4.87064998e-01
  -4.12916423e-01
   1.02442048e-01
   6.51805044e-01
   1.16708409e+00
  -3.30760446e-01
   8.95257301e-01
  -6.59789514e-01
   1.67068915e-01
   1.00379216e+00
  -9.41703513e-01
  -9.46557787e-01
   5.28365513e-01
   7.85104020e-01
  -1.51015339e+00
  -9.45024580e-01
   1.78016639e+00
   2.01830630e-01
  -4.58351916e-01
   5.17558965e-01
   1.27242225e+00
  -4.61734155e-01
   3.98289542e-01
  -2.49040270e-01
  -1.49893390e+00
   2.32626842e-01
   1.02201242e+00
   7.63940901e-01
  -1.68590904e-01
  -2.17559019e-01
  -8.27764507e-02
   1.78437879e-01
  -1.92932233e-02
  -3.59420849e-01
  -9.17468479e-01
   5.14561299e-01
  -2.26021079e-01
  -5.73017793e-01
  -4.39235949e-01
   5.96508487e-01
   8.08296756e-02
  -3.82425517e-01
  -6.52089738e-01
  -1.46675886e-01
  -1.13325365e-01
  -6.32195489e-01
  -1.81920307e+00
  -9.07244914e-01
   8.85822550e-01
   3.30524025e-01
  -2.29588418e+00
  -2.56978782e-01
   1.15086786e+00
   1.00470256e+00
  -5.37934704e-01
  -1.03776746e+00
   2.58108144e-01
   1.71526494e+00
   2.03778526e+00
  -1.71644730e+00
  -6.52692832e-01
   1.83893104e+00
  -1.54393521e+00
  -1.28574959e-01
   8.13253070e-01
   7.66851237e-01
  -1.08129651e+00
   1.09636099e+00
   1.45837544e+00
  -1.57592278e-01
   9.58806829e-01
   1.62745624e-02
   1.01215346e+00
   5.94652638e-01
  -9.62079310e-01
  -2.00690537e+00
   1.42202074e-01
   1.45159082e-01
   3.46746095e-01
   6.72082301e-01
   1.61813423e-01
   1.51988345e+00
   1.19750679e-01
   2.11717129e+00
   2.68986927e-01
   1.72180102e+00
  -3.31486275e-01
  -5.31746399e-01
  -6.67417742e-01
   2.40686058e-01
  -2.53534647e+00
   1.71907253e+00
  -1.20635376e+00
   1.07984655e+00
   4.25563776e-02
   1.38652941e+00
  -1.38041247e+00
   8.38138567e-01
  -8.56011052e-01
  -7.93753001e-01
   7.23665011e-01
  -3.10590025e-01
   2.26912622e-01
   9.26405610e-02
   5.79080222e-01
  -4.87220423e-01
   1.45588498e+00
  -1.39124414e+00
   1.61396917e+00
   5.39479095e-03
   7.48880979e-01
  -2.03987349e-01
  -3.66659615e-01
   2.31643363e-01
   7.64752358e-01
  -6.86275700e-01
   1.04850155e+00
  -8.51482952e-01
   1.66085440e+00
  -1.61864603e+00
   2.42449752e-01
  -4.45139825e-01
   2.39151573e-01
   3.59468905e-01
  -3.91190307e-01
  -7.25749048e-02
  -5.06209767e-01
  -9.65515335e-01
   1.10102548e+00
  -6.42761661e-01
  -5.01962290e-01
  -6.29135759e-01
   8.80302597e-01
   1.53484348e+00
   2.34835994e-01
   6.00149258e-01
   3.60960026e-01
   6.75535547e-01
   5.50740058e-01
   2.21440784e+00
  -7.31909071e-01
  -4.01996706e-01
  -9.75173261e-01
  -7.99359781e-01
  -8.43135534e-01
  -1.27565569e+00
   1.17947151e+00
  -1.36171002e+00
  -1.89040905e-01
  -1.07321183e+00
  -8.25673225e-01
  -2.34922373e-01
   8.15551053e-02
   9.33554016e-01
   4.21922548e-01
  -2.59583096e-02
   1.80548882e+00
  -8.65921334e-01
  -1.36964601e+00
   6.01051161e-01
  -4.29058000e-01
   3.06606599e-01
  -3.44690043e-01
  -1.99390678e+00
   1.56089022e+00
   3.82716227e-01
  -1.18787437e+00
   1.24838165e+00
  -5.25500888e-01
   5.81912951e-01
  -1.20523617e+00
  -2.05071004e+00
   7.16289351e-02
  -1.25044371e+00
  -8.93542761e-02
   7.70803081e-01
   2.49475779e+00
   6.69982887e-01
   2.11832526e-01
  -9.03938874e-01
   7.95576363e-01
   1.40448263e+00
   4.09535311e-01
   8.80906028e-01
  -1.08558614e-01
  -1.64434028e+00
  -6.22591832e-01
   1.43920746e+00
   5.82973091e-01
  -1.79159021e-01
  -1.28098268e-01
  -1.60126002e-01
   9.92301753e-01
   1.59173413e+00
   1.49510250e+00
  -1.47088605e-02
   1.03972261e+00
   2.25400907e-01
   6.45371576e-01
   7.56047947e-02
  -8.48812616e-01
  -1.21195111e+00
   1.77594074e+00
  -1.60830015e+00
  -1.05642314e+00
  -1.23308577e+00
   1.71557757e+00
   1.48554086e+00
   5.57850126e-01
  -1.91909768e-01
   4.09804728e-01
  -2.28841038e-01
   2.92971653e-01
  -1.71691822e-01
  -9.83299459e-02
  -2.68002977e-01
   4.42420392e-01
   1.12276903e-01
   2.81544444e-01
   1.43005494e+00
  -2.67881312e-01
  -1.42284008e+00
   1.42153177e+00
  -8.34268612e-01
   2.98438619e-01
  -6.64744400e-01
   1.19105789e+00
  -8.26162517e-01
  -1.35169170e+00
   1.07827988e+00
  -4.08027024e-01
  -1.89101397e+00
  -1.06281580e-01
  -5.33923209e-02
   1.66965791e+00
   1.25238584e+00
   1.27119244e+00
  -1.36599515e-02
  -6.32222566e-01
  -1.23585223e-01
   7.41144474e-01
  -6.20369999e-02
   2.40565007e-01
  -1.31657545e+00
  -9.50657441e-01
   2.80762596e+00
  -1.04845673e+00
  -6.01928402e-01
  -5.37808253e-01
   2.30402716e-01
  -4.92763187e-01
   1.27513953e+00
   1.21674459e+00
  -1.52144296e-01
   7.14659949e-01
   5.06938823e-02
  -6.81156522e-01
  -1.67979901e+00
  -1.34580625e+00
   4.37609330e-01
   1.05206645e+00
  -2.46944770e-01
   3.29539987e-01
  -6.23964230e-01
  -6.15892557e-01
   7.30527023e-01
  -2.00561470e-01
  -6.40665843e-02
   1.58679145e+00
  -1.12789566e-01
   9.20189059e-01
  -5.67904011e-01
   3.91740211e-02
  -1.01970244e-01
  -1.54423757e-01
   1.40990154e-02
  -5.46176421e-01
  -1.91938354e-01
   1.14442179e+00
   3.29027028e-01
   1.27008374e+00
  -6.27806386e-01
   8.83046611e-02
  -1.25176401e+00
   3.63573412e-01
  -1.84464902e+00
  -4.83925524e-01
   1.17292273e+00
   1.67740494e-01
   3.97763541e-01
   1.42055086e+00
  -1.12508367e+00
  -1.47442320e+00
  -8.00205891e-01
  -1.85010557e+00
  -6.51146213e-01
  -2.13728395e-01
   7.27673090e-01
  -7.01997698e-01
  -1.45835172e+00
  -1.27564550e+00
  -1.53481903e+00
  -6.86037392e-01
  -5.28460996e-01
  -9.37615684e-01
   1.41002762e+00
   4.75259482e-01
   1.07708704e+00
   7.89267145e-01
   3.82189122e-01
   8.17814028e-01
  -1.96499780e-01
  -1.46411403e+00
  -8.13323679e-01
   6.56515103e-01
  -7.58142181e-01
   5.10440073e-01
  -1.68433057e+00
  -2.12549279e-01
   4.23895342e-01
   3.95701391e-01
  -7.84426854e-01
  -1.38158559e+00
   2.24900416e-01
  -8.42831010e-01
   1.12169172e+00
   3.44786447e-01
   1.24270757e+00
   4.55562294e-01
   2.12594148e-01
   1.05915489e+00
   3.14143284e-01
   2.41777288e+00
   1.57815307e-01
   1.51797790e+00
   1.06439165e+00
   1.33016712e+00
   9.45629450e-01
  -1.01866328e+00
  -4.93352161e-01
  -2.81732457e-01
   1.49989764e+00
  -8.73529211e-01
   1.19877467e+00
  -4.60796474e-02
   1.61829988e+00
   3.77619210e-01
  -4.20759530e-01
   9.38876840e-02
   1.30780617e-01
  -9.21548624e-01
  -7.32793510e-01
  -9.37690536e-01
   7.71539756e-01
  -3.71496348e-01
   5.96504692e-01
  -3.55576729e-01
  -7.51711687e-01
   1.78105633e-01
   1.03060883e+00
  -4.37735067e-01
   3.26219422e-01
   4.34387279e-01
   1.27471049e-01
  -9.68617780e-01
  -3.40808155e-01
   1.07585981e+00
  -1.04094469e-01
   2.05586679e-01
   3.67602392e-01
  -9.29227254e-01
  -1.55883915e+00
   1.31530532e+00
   1.48349147e+00
   6.12728644e-01
  -2.18421025e+00
  -2.91220371e-01
   3.59236713e-01
   9.81225393e-01
  -4.56701160e-01
  -3.00442185e-01
   2.88446108e-01
   6.50589275e-01
   1.21301702e+00
   1.59084182e+00
  -1.85165444e-01
  -9.52390842e-01
  -8.95684259e-01
  -1.40123564e+00
  -2.88958506e-01
  -1.35208528e-01
   9.86227919e-01
  -2.99561670e-01
   1.57431214e+00
   3.15467640e+00
   7.83636829e-01
   8.48757022e-01
  -1.31840107e+00
   3.87057413e-01
   1.70729332e-01
  -8.85375482e-01
  -4.01465831e-01
   1.74109644e+00
   6.64066728e-02
  -1.36961084e+00
   6.11739773e-01
   8.44990484e-01
   1.32079526e+00
  -1.24681248e+00
  -8.66627819e-01
  -6.00042095e-01
   2.93876142e-01
  -1.18130687e+00
   4.96755264e-01
   1.89926980e-01
  -2.34491164e-01
   2.18459711e-01
   1.06507186e-01
   8.93932382e-02
   5.95418326e-01
  -1.67936437e-01
  -4.98015839e-01
   1.49584655e-01
  -7.94088132e-01
   2.27746916e+00
   1.76105764e+00
  -1.96000384e-01
  -2.22289259e-01
   6.76232240e-01
   5.91561134e-01
   1.03812877e+00
   1.44333484e+00
   3.59017099e-01
  -1.06922628e+00
   3.74174536e-01
  -4.50681139e-01
  -8.95635034e-01
  -1.69532658e+00
  -1.15178389e+00
   1.29840973e+00
  -3.99755754e-01
  -3.24612564e-01
   1.18906588e+00
   1.13769910e+00
   4.01011643e-01
  -4.33700873e-01
   1.05995991e+00
  -1.00380760e-01
   1.04187525e+00
  -3.30998544e+00
  -8.99165574e-01
   4.75036932e-01
  -9.25427316e-01
   1.91029380e-01
   1.00996466e+00
  -1.21468118e+00
   1.17680543e-01
