   1.09644056e-01
   7.21761995e-01
  -1.21036679e+00
  -5.80203849e-01
  -4.50851495e-01
  -1.03001655e+00
  -1.03386011e+00
  -2.39814788e+00
  -6.23794816e-01
   1.26645134e+00
  -2.67114211e+00
  -1.30220065e+00
  -9.28237819e-01
  -3.01885085e-01
  -3.31600331e-01
  -2.07403203e-01
   1.50424802e+00
  -6.30993249e-02
   1.63426990e+00
  -5.01521774e-02
  -1.47774889e+00
  -1.56978359e+00
  -1.53897575e+00
  -1.69909542e+00
  -1.82918272e+00
   2.25196727e+00
  -1.39659660e+00
   1.03586551e+00
  -1.15774495e+00
  -7.65407010e-01
   1.95154022e-01
   4.24548923e-01
  -2.16973347e+00
  -1.36699667e+00
  -1.61946265e+00
   1.28812098e-01
  -7.71432067e-02
  -5.86445797e-01
  -8.14919708e-01
  -4.65547262e-01
   2.04187326e+00
   9.04894120e-01
   1.11391079e+00
  -2.42914374e+00
   7.46114775e-01
   1.19658236e+00
   6.28173031e-02
   5.18560466e-01
  -9.08538206e-01
   2.01270002e-01
   1.22683876e-01
   1.33265279e-01
  -9.79626471e-01
  -4.02826193e-01
  -3.49364565e-01
   2.21886442e-01
  -1.65864845e+00
  -9.31047759e-01
  -6.76899613e-01
  -1.21812452e+00
  -3.36479996e-01
  -5.11958036e-01
  -9.08065359e-02
  -1.33228616e+00
   4.07952607e-01
  -2.20048197e+00
  -4.83085482e-01
   1.15133237e+00
  -1.73292372e+00
   2.24911785e+00
  -2.62209086e+00
   8.12232889e-01
  -9.67544893e-01
   2.62632136e-01
   1.48638252e-01
   2.27785286e-01
   6.26709481e-01
   3.23158827e-01
  -6.94516418e-01
   3.12974878e-01
   6.63269618e-01
   3.45394515e-01
   8.72173283e-01
  -1.48498679e+00
  -5.74805466e-01
  -4.78879811e-01
  -6.04676936e-01
   1.07736250e+00
  -7.52372610e-02
   1.50275951e+00
  -3.53991366e-01
   2.60684912e-02
  -1.40050000e-01
  -8.15147093e-02
  -9.44824063e-01
   1.07351683e+00
   7.56555107e-01
   1.22902757e+00
   6.74820199e-01
  -1.38466923e+00
   1.64603234e+00
  -5.51991753e-01
  -1.99774424e+00
   1.43578626e+00
  -1.65647253e+00
  -1.65869504e+00
   5.59766875e-01
   5.12481378e-01
  -5.75889520e-01
   8.64665150e-01
   4.89567244e-01
   6.49325314e-01
  -1.34999442e+00
  -1.17545355e+00
   9.09989797e-01
  -6.65125738e-01
   2.11706802e+00
   9.32072911e-01
  -1.77965762e-01
   5.33910675e-01
  -8.67923756e-01
  -9.33711363e-02
   1.23499353e+00
   4.87376360e-01
  -1.26584637e-01
  -1.04849812e+00
   1.99236901e+00
   1.26433908e+00
   9.78647719e-01
  -1.53765598e+00
   1.25917456e+00
   1.27930764e-01
   6.09254838e-03
  -2.69219804e+00
   1.14773425e-01
   1.36201759e+00
  -2.00949473e+00
  -2.91909930e-03
  -6.19542264e-01
   1.77237125e+00
  -8.75210424e-01
  -3.94456503e-01
   7.05276351e-01
  -2.88842775e-01
   3.82732139e-01
   7.93428493e-01
   9.57571589e-01
  -6.80443729e-01
   1.66298951e+00
  -1.35689388e-01
   1.27670908e+00
  -3.72916779e-01
  -9.91900156e-01
  -2.31901801e+00
   5.30792416e-01
  -9.83486072e-01
  -4.82000836e-01
   1.28375031e+00
   2.79390174e-01
  -4.23250052e-01
   3.52076716e-01
  -1.41101698e+00
  -1.37915363e-01
  -1.04048789e+00
  -9.90605960e-01
   6.64276691e-01
  -2.03454030e+00
  -7.31425001e-02
   3.44317952e-01
  -4.92396379e-01
   1.05155342e+00
  -1.85488351e-01
  -3.76350936e-02
   4.01302901e-01
   6.11241069e-01
   1.81389948e-01
  -9.29445576e-01
  -2.04182447e-01
  -7.82382793e-01
   7.44238702e-01
   3.74149377e-01
  -1.59152021e+00
  -9.00895806e-01
   8.32825518e-01
   1.02218382e+00
  -5.13711232e-01
  -6.25028369e-02
  -9.88923833e-01
   1.33937418e+00
   5.60569919e-01
  -1.16297070e+00
   1.02905369e+00
  -8.73334306e-01
  -1.96607402e+00
  -7.35208607e-01
  -9.08391274e-01
  -6.24255239e-01
   5.31111492e-01
   2.34640041e-01
   1.68336111e+00
  -4.41206859e-01
   1.74511556e+00
   5.56372241e-01
  -4.45402938e-01
   4.80910289e-01
   1.18806931e+00
  -1.61925692e+00
  -1.11147753e-01
   4.36298261e-01
   5.33184868e-02
   1.75313754e+00
   1.62916275e-01
  -2.01240405e+00
   1.92405110e+00
  -9.02390445e-01
   9.01934061e-03
   7.44681658e-01
   1.06197567e+00
   8.24518921e-01
   7.26313279e-01
  -1.31073285e-01
   7.58365102e-01
  -1.21295422e+00
  -3.31772161e-01
   2.15909007e-01
  -1.63417262e+00
   9.64767051e-01
   5.99004313e-01
  -5.64584716e-01
  -1.69330969e+00
   9.19146973e-01
  -3.59783247e-02
   2.14351227e+00
  -2.13966752e-01
  -1.24802866e+00
   1.60606775e-01
  -1.18753453e+00
  -6.55461462e-01
   8.06436448e-01
  -1.82603341e+00
  -6.32498524e-01
   1.65506584e+00
  -4.83715335e-01
  -1.35406908e+00
   2.30483689e+00
   3.97227684e-01
  -3.85852784e-01
   9.50563268e-01
   7.07289579e-01
  -1.31093346e+00
  -7.70606986e-02
  -1.87131537e+00
  -3.38222070e-01
  -1.02676541e-01
  -1.16248539e+00
   1.73254855e+00
   1.11565502e-01
   8.65184575e-01
   9.86288301e-03
   2.36043589e-02
  -3.72493742e-01
   1.29917968e+00
  -3.18067234e-01
   2.90018863e-01
   1.15141285e+00
   9.58330623e-01
   4.80347709e-01
  -2.09777335e-01
   1.22380902e+00
  -6.58782901e-01
  -8.31721437e-01
   9.64158867e-01
   1.98649368e-01
  -1.95191020e-01
   3.98788213e-02
   6.10157040e-01
   3.07910030e-01
   7.60982548e-02
  -1.20424388e+00
  -3.20762340e-01
  -2.08027890e-02
   1.08079521e+00
  -7.47743092e-01
  -3.19597887e-01
  -1.36239031e-01
  -2.30870544e+00
   4.42854405e-01
  -4.96591407e-01
   1.21219465e+00
   4.15199691e-01
   1.49944911e-01
   2.58340183e+00
   1.67755456e+00
   1.52252345e-01
   1.00734683e+00
   4.71620288e-01
  -1.47269747e+00
   1.08762520e+00
  -1.12082202e+00
   1.12925486e+00
  -3.78139572e-01
  -1.09185803e-03
  -1.77214282e+00
   1.15800629e+00
   9.36293331e-01
  -1.45884092e+00
  -7.46987570e-01
   1.42024052e-01
  -1.82240673e-02
   5.32885374e-01
  -2.67390546e-02
   1.59558945e+00
   1.32270972e+00
  -1.03726109e+00
   5.49956327e-01
  -1.14729611e+00
  -2.07340757e-01
  -1.09644518e+00
  -1.21537210e+00
   6.52668159e-01
   1.60165694e+00
  -7.73890146e-01
  -1.42183762e+00
   6.04142085e-01
  -9.31207076e-01
   9.96026307e-01
   7.92501663e-01
  -5.11754865e-01
  -2.35152847e-01
   4.19030741e-01
   2.51914775e+00
   1.36644653e+00
   9.43160912e-02
  -1.29458831e+00
   1.13683258e+00
   9.78388374e-02
  -1.26049862e+00
   4.28744473e-01
   6.87318011e-01
   5.72896958e-01
  -1.25648758e+00
   1.40180252e+00
   1.28612055e+00
   1.37199267e-01
  -5.67722651e-01
  -9.11755384e-01
   5.82866540e-01
  -6.14076727e-01
  -8.30257629e-01
  -1.02752487e+00
  -7.38562967e-01
  -8.59727595e-02
   1.01285815e-01
  -6.69405953e-01
   1.15291670e+00
   1.41762896e+00
  -1.83804617e-01
   1.01751852e+00
   7.00457381e-01
  -4.69945738e-01
  -5.60291960e-01
  -1.17445545e+00
  -1.96252736e-01
   2.89737864e-02
  -3.83700749e-01
  -8.09654436e-01
   2.80469664e-01
  -7.94634371e-02
  -4.98050299e-01
  -1.00237378e+00
  -6.22711168e-01
   1.10730879e+00
   1.41751346e+00
   1.26854640e+00
   1.28256478e-01
  -7.99362377e-01
  -1.92143192e-02
   1.87178653e-01
  -4.01563956e-01
   1.08747275e+00
  -9.65667057e-01
   2.60593014e+00
  -6.00885473e-01
   1.72286419e+00
  -1.04631908e+00
   1.47477721e+00
  -3.23678025e-01
  -1.40556327e+00
   1.05177388e+00
   7.58618967e-01
  -2.89458154e-01
  -1.84807353e+00
  -1.51628645e-01
   2.04436246e-01
  -1.18591952e-01
  -3.32642742e-01
   2.71350033e-01
   6.32253153e-01
  -1.28900410e+00
  -5.65815552e-01
   2.47622717e-01
   4.88222458e-01
   1.85311573e-01
   1.02268817e+00
   3.19881102e-01
   1.51052272e+00
  -3.17859751e-01
  -1.42247152e+00
  -7.43707096e-01
  -8.35944978e-01
  -1.62916847e+00
  -9.17674036e-02
  -1.06863165e+00
   1.15972471e+00
  -1.04556488e-01
   1.17657831e+00
  -2.18233696e+00
  -1.56334743e+00
   1.24446333e+00
   1.61602937e-01
   7.35333963e-01
  -8.31715263e-01
  -3.21187685e-01
  -1.35487647e+00
  -3.06700436e-01
   2.46929194e-01
  -1.83454542e+00
  -2.58715571e-01
   1.04880036e+00
  -1.52096947e+00
  -4.08246276e-01
  -2.74927795e+00
  -8.71277937e-01
   7.27782655e-02
  -4.16450990e-01
  -4.04956647e-01
  -1.17400577e-01
  -1.16909408e+00
   5.76885610e-01
  -1.17835155e-01
  -1.19236941e+00
  -9.77451946e-01
   3.92987356e-01
  -4.62839511e-01
  -1.57408851e-01
   3.70342803e-01
  -3.98275136e-01
  -8.96342489e-01
   9.60506854e-01
   1.64886743e-01
   1.39750293e+00
  -1.94694158e-01
  -6.41980085e-01
  -1.05265472e-01
  -1.11992510e+00
  -5.37006853e-01
  -9.10064079e-01
  -9.12684172e-01
   4.29070269e-01
   2.00601684e+00
  -1.05952687e+00
  -1.04943701e+00
  -7.78687566e-01
   3.29972002e-01
  -1.57651957e+00
  -1.60507502e+00
   2.92937550e+00
   1.14428422e+00
   8.46685443e-01
   7.17728604e-01
  -7.89284012e-01
   7.53612995e-01
  -5.01865473e-01
   7.58366629e-01
  -5.02286921e-02
   5.62153509e-01
   2.39135147e+00
   5.73003623e-02
   1.05811204e+00
  -4.95754978e-01
  -1.90582961e-01
  -6.82691962e-02
  -5.99268147e-01
  -8.42374624e-01
   1.03635504e+00
  -2.68475838e-01
  -1.02445266e+00
  -1.19722913e-01
  -2.03549313e+00
   1.08963689e+00
  -6.51459985e-01
   3.81430343e-01
  -1.32699207e+00
  -9.07310718e-01
   1.17668130e+00
   1.21804648e+00
   1.40663701e-01
   7.21290681e-01
  -1.21285449e+00
   5.43723385e-01
   1.01820240e+00
   4.94534307e-01
   3.36785874e-01
  -2.54187887e-01
  -2.61784697e-01
  -1.01897573e-01
   5.94457073e-01
   6.40873361e-01
  -1.11146366e+00
  -1.24621548e+00
   1.57770101e+00
  -2.03077211e-01
   2.64469115e-01
   1.56948977e+00
  -1.11842517e+00
  -5.58633283e-01
   9.97753714e-01
   6.29240335e-01
   1.66029085e+00
   5.61554133e-01
   7.93449999e-01
  -2.62748373e-01
  -5.05537561e-01
   1.85520998e+00
   9.59657803e-01
   1.36447999e+00
  -1.58784129e+00
   1.77819134e+00
   8.53710393e-01
  -7.80327745e-01
  -2.89330042e+00
  -5.94185245e-01
  -2.00232586e+00
  -1.57101929e+00
   1.09927987e-02
  -5.93163402e-01
   5.77120896e-01
  -1.80910534e+00
   7.65201423e-01
  -1.18768634e+00
   1.17402643e+00
   1.46928016e+00
   8.86944126e-01
   9.29955924e-01
   9.61860377e-01
  -7.65018354e-01
   4.55493264e-01
   2.77844687e-01
  -4.00351148e-01
   4.28167941e-01
   6.16783230e-01
   1.17112395e+00
  -1.57947835e+00
   7.89015053e-01
  -2.42429773e+00
  -1.39395413e+00
  -8.54125752e-02
   1.06571730e+00
   7.47833242e-01
  -6.01291306e-01
  -1.00995273e+00
   7.89749503e-02
  -1.20125759e+00
   1.75831345e+00
   1.00452996e-01
  -7.71518078e-01
   4.96604824e-01
   6.10108630e-01
   3.99702426e-01
   8.49320396e-01
   8.71361137e-01
   9.22007644e-01
  -7.36636555e-01
   9.69809613e-01
  -1.26513261e+00
  -1.10780057e-02
   7.39312943e-02
   3.59707320e-01
  -3.71257104e-01
   5.24209679e-01
  -1.75638176e+00
   4.63977761e-01
   8.60141059e-01
  -1.68322376e-01
  -8.77524749e-01
   1.73426342e+00
   1.24088274e-01
   1.27370549e-01
  -1.77146924e+00
  -7.20619757e-01
  -6.92483881e-01
  -3.18629763e-01
  -9.64064341e-01
   4.88755317e-01
   1.49060267e+00
   1.24191628e-01
   1.18811826e+00
  -8.62932440e-01
  -1.10794518e+00
  -5.78411968e-01
   8.69925367e-01
  -1.46142416e+00
  -5.52279831e-01
  -7.50350162e-01
  -6.02318088e-01
  -2.50126173e-01
   1.27461163e+00
   4.33570024e-01
   1.12576039e+00
   4.01830711e-01
  -1.01062229e-01
  -2.85908846e-01
  -1.32657527e-02
  -2.70548015e-01
  -9.06878364e-02
   3.99113545e-01
   7.93283336e-01
   9.57348332e-01
   1.43151010e+00
  -3.30087285e-01
  -7.19673172e-01
  -8.43625292e-01
  -6.43019807e-01
  -1.77254053e-02
   1.77773040e+00
  -9.31445891e-01
   9.05217644e-02
  -1.20428628e+00
  -2.38448877e-01
   4.55877794e-02
   3.96519377e-01
  -3.12264199e-01
   7.99258944e-01
   8.36066993e-02
   2.53739019e-01
  -1.58713937e+00
  -4.57286034e-01
  -5.55450038e-01
  -3.46296625e-01
   4.32454002e-01
   1.28479242e-02
   1.11199411e+00
   1.78871406e+00
   1.38199871e+00
   1.99988814e-01
   6.64818366e-01
  -6.94828626e-01
  -4.84247918e-01
  -1.18321447e+00
  -7.64684291e-01
  -1.24245083e+00
   1.30536564e-01
   8.37302385e-01
   3.07723435e+00
   8.38683259e-01
   7.00333302e-01
  -3.76477459e-01
   1.28726670e+00
   4.03503436e-01
   3.37450661e-02
   5.33905156e-02
   4.36536004e-01
   6.51090306e-02
   1.73009722e+00
  -1.13628268e+00
  -3.42239158e-01
   5.72026277e-01
   1.02761319e+00
  -7.47956901e-01
  -1.20495834e+00
   1.76980382e+00
   1.77858007e-01
   1.80108984e+00
  -3.70781224e-01
  -1.69363746e+00
   2.46793559e+00
   3.21014798e-01
  -1.18008864e+00
  -1.23800686e+00
   1.83470054e-01
  -2.79240491e-01
  -6.36679878e-01
  -1.31816622e+00
   4.79190512e-01
  -1.81627259e-01
   3.74082038e-01
  -5.21717025e-02
   1.72263441e+00
   7.74204635e-01
  -6.67298083e-01
   1.77276332e-01
   2.25715262e-01
   1.55481128e+00
  -6.97380709e-01
  -7.16816088e-01
   8.11734047e-02
  -5.20858675e-01
  -1.60824017e+00
  -8.12616370e-01
   1.21001104e+00
  -5.02306158e-01
   2.43291828e+00
   2.61897159e-01
  -6.21027604e-01
   3.35862413e-01
  -1.72119885e-01
  -5.38654582e-02
   1.32526798e+00
  -7.94767434e-01
   5.16690237e-01
   1.91304240e-02
  -6.65570196e-01
   1.22516308e-01
  -1.34282927e+00
   4.75196585e-01
   4.26906100e-01
  -1.96641729e-01
  -1.05518405e+00
   1.02993164e+00
  -1.09118800e+00
  -3.80282540e-01
  -3.93093712e+00
   1.29479314e+00
  -3.79555906e-01
  -1.17907609e+00
  -5.64502412e-01
   1.30902982e+00
  -1.54189385e+00
  -6.98817382e-01
  -2.03131837e-01
  -1.18262368e+00
  -1.18108483e-03
  -4.16268944e-01
  -7.37583755e-01
  -3.84651122e-01
  -9.26619002e-01
  -3.43992088e-01
  -6.32839675e-01
  -2.11230458e-02
  -8.28332216e-01
   8.99641232e-01
   1.01741912e-01
  -3.44299680e-01
   4.00063225e-01
   4.86325616e-01
  -2.08797825e+00
  -9.23225121e-01
  -5.29891852e-01
   1.25389877e-01
   1.29161505e-01
  -1.29407225e+00
   5.55465697e-01
  -1.60472914e+00
  -4.37418299e-01
  -1.12408142e+00
  -1.42738546e+00
  -5.11550193e-01
   5.25822383e-01
   9.56201593e-01
  -2.82919193e-01
  -7.82115543e-01
  -1.06686199e+00
  -8.24345738e-01
   4.36548618e-01
  -2.84213557e-01
  -1.95719319e-01
  -3.80654622e-01
  -1.74278599e-02
   4.38897510e-01
  -5.53899556e-01
  -1.57226684e+00
   3.44061250e-01
  -6.71599557e-01
  -1.69205517e-01
   1.14750673e+00
  -7.79983374e-01
  -3.92927635e-01
  -8.06418047e-02
  -1.17521662e-01
   1.31932924e+00
  -1.64300164e-01
   8.17628635e-01
   3.89579559e-01
  -1.00034234e+00
  -5.67143146e-01
  -8.15872644e-01
   6.99004400e-01
  -7.11024586e-01
   1.52510296e+00
  -4.00007751e-01
   2.01566935e+00
   3.78585007e-03
  -3.43878413e-01
  -5.58305260e-02
  -2.53792674e-01
  -1.13803221e+00
  -5.59117971e-01
  -2.77644721e-02
  -1.82570057e-01
   5.74764703e-01
  -9.44944067e-02
  -4.25410136e-01
   5.99071507e-01
  -1.77145860e-01
  -8.00507506e-01
  -2.26212438e-01
  -7.03435345e-01
  -8.12513249e-01
   7.84686683e-02
  -1.14055842e+00
  -1.49394673e-01
   1.44514366e+00
   1.36700204e+00
  -8.35039736e-01
   2.20869137e+00
   4.96086762e-01
  -4.76803104e-01
  -8.14732844e-01
   1.60645096e+00
  -1.54523365e-01
  -6.83104723e-01
   1.19359672e+00
   6.62069056e-01
   2.37401910e-01
   2.05864642e-01
  -2.30603196e-02
  -1.66642146e+00
   9.91775060e-01
  -1.21065227e+00
  -3.33483250e-01
   7.26904731e-01
   1.89090271e+00
   4.99539735e-01
  -1.80082051e+00
   1.02385916e+00
   3.67308812e-01
   1.32581331e+00
   8.98738080e-02
  -9.33691048e-01
   8.89907805e-01
  -9.66232762e-01
   1.48219973e-01
  -1.24147085e-01
  -5.84701845e-01
   7.99490919e-02
   1.21306882e+00
   2.59628219e-01
   2.75991141e-02
  -1.80202667e+00
   5.17772495e-01
   5.57714208e-01
   6.60058676e-01
  -1.48057908e+00
   1.22039077e-01
  -3.58758909e-01
   9.48402488e-01
   1.69174815e+00
   1.20557042e-01
   1.73021418e-01
  -4.75326019e-01
   3.04859449e-02
  -1.81430984e+00
   4.20630051e-01
  -6.66347229e-01
   2.89535014e-01
   2.04492961e+00
  -1.22216063e+00
   1.05402051e+00
  -1.77064793e+00
  -7.88910582e-01
   1.07407585e+00
   9.29239364e-01
   1.47730972e+00
   3.75627248e-01
  -1.64337716e+00
   1.23169175e+00
  -6.79788269e-01
  -2.64306650e-01
   2.86156138e+00
  -8.32603673e-01
   4.38326010e-01
   1.04124680e+00
  -3.77673247e-01
   8.12897492e-01
  -4.42579957e-01
  -2.29209320e-01
  -8.89411578e-01
  -1.05387162e+00
   1.24388506e+00
  -2.18276733e+00
   6.23309619e-01
   7.03843636e-01
  -1.69449286e+00
   1.97827395e+00
  -4.86424917e-01
  -1.13689480e-01
  -1.78388429e+00
   1.31426637e+00
   7.47769198e-01
  -7.78357011e-01
   2.41241144e-02
  -1.59453315e+00
  -9.81297520e-01
   7.05122399e-01
   1.31873409e+00
   1.63929342e+00
  -9.83190953e-01
  -3.04998538e-01
  -2.08119565e+00
   2.06389840e-01
   1.01567367e+00
  -1.27398130e+00
   1.77766522e+00
   1.62981947e+00
  -5.28539255e-02
  -5.46665145e-01
   1.16563638e+00
  -2.67801119e+00
   1.35830224e+00
  -1.01969013e+00
  -6.25190843e-01
  -6.18672683e-01
   1.26233613e+00
  -1.07326308e+00
   1.25051734e+00
  -1.38491084e+00
  -5.26000013e-01
  -3.69487970e-01
   9.63181101e-01
  -4.41921377e-01
   4.40760877e-01
  -1.15665317e+00
   1.30873496e+00
   2.92329103e-01
   1.52241802e+00
   3.14530047e-01
  -1.34484828e-01
  -3.79161119e-01
   9.76677640e-01
  -2.78402232e-01
  -7.02563970e-01
  -2.53601681e-02
   2.69564209e-02
  -2.35639562e-01
   8.93002836e-01
  -1.27823806e+00
  -8.42635528e-01
   5.38713331e-01
  -9.88290356e-01
   2.93516685e-01
   1.01443073e+00
   3.59464153e-01
  -1.77769012e+00
   5.74419336e-02
   2.31482370e-01
  -9.31209516e-01
   1.37107898e+00
  -1.13131062e+00
  -8.37449045e-01
  -2.08652472e+00
   4.77082438e-03
  -3.16849753e-01
  -1.82025702e+00
  -3.57702725e-01
   2.44302178e-01
  -4.79979721e-01
  -5.75070721e-01
   8.92732489e-01
   3.86625876e-01
  -8.82429157e-01
   7.76869197e-01
  -1.78395366e+00
   9.39656100e-01
   1.04789482e+00
  -1.45666750e+00
   1.25370870e+00
  -8.19073536e-01
  -2.40555947e-01
   1.48467525e+00
   1.08810097e+00
   9.27883257e-01
   3.10683639e-01
  -1.86095312e+00
  -1.61435962e+00
  -1.42690356e+00
   1.29408310e+00
   4.83422438e-01
  -1.22615774e+00
  -6.09410910e-01
  -1.22432562e+00
   9.08355684e-01
  -1.78742320e+00
   3.17282274e-02
  -5.25041704e-01
  -9.71674958e-01
   9.09652524e-02
  -1.47444923e+00
  -1.31847093e-01
  -1.54511737e+00
  -6.77286426e-01
  -2.18667331e-02
  -1.05324829e+00
   9.34109824e-01
  -9.90697981e-01
   2.10076166e+00
  -4.49649337e-01
  -1.48973306e+00
   1.38763077e+00
  -5.01241259e-01
  -6.68248138e-01
  -1.07207647e+00
  -6.23779826e-01
   3.24914389e-01
   9.89168576e-03
   1.21092513e+00
  -6.55572369e-01
   1.90896432e-01
  -1.55384279e+00
  -1.29535737e+00
   3.94487834e-01
  -9.35956912e-01
  -3.49406472e-01
   9.61903172e-01
   8.68534954e-01
   4.46552453e-01
   2.13167632e-02
  -1.12941401e+00
  -5.16039208e-01
  -7.59983717e-01
   5.66646634e-01
   1.11763433e+00
   1.34105399e+00
   1.00764456e+00
   2.40324064e+00
  -1.66091255e+00
  -2.74326676e-01
   7.60720980e-02
  -5.06606061e-01
  -1.41592977e-01
   3.65618533e-01
  -1.98674047e-01
  -1.17904698e+00
  -6.24773863e-01
  -2.04865060e-02
   6.17194064e-01
  -6.59187663e-01
   1.28226219e+00
   1.30235075e+00
  -3.91426304e-01
  -5.23711556e-01
   5.12721582e-01
  -9.57236898e-01
  -1.17710464e+00
  -7.51067034e-01
   9.41294897e-01
   8.19987975e-01
   5.22639362e-01
  -2.09060142e-01
  -5.43690435e-02
   7.23006520e-01
   5.81638842e-01
   1.62267215e+00
   2.09555031e-01
   1.91036541e+00
   5.91113090e-01
   2.21652050e+00
  -5.16425343e-01
  -5.13089231e-01
  -5.76541875e-01
   9.70714307e-01
  -8.54673721e-01
   1.33528061e-01
   4.04230207e-01
   9.19152344e-02
  -2.21112076e-01
   1.57471539e+00
  -3.03856671e-01
   7.10188948e-01
  -1.17317583e+00
  -7.31834945e-01
   1.01170195e+00
  -2.89697480e-01
  -3.62607982e-01
   1.06407493e+00
  -1.89908887e+00
   5.15993084e-01
  -7.72138094e-01
   7.05483927e-01
   1.28290568e+00
  -6.96753790e-01
   1.73335005e+00
   3.64831875e-01
  -4.69860647e-01
  -7.02296422e-01
   5.58121855e-01
   1.34069778e+00
   7.42299450e-01
   3.79637583e-01
  -2.65765764e-01
   7.63954620e-02
   5.51673933e-01
  -1.16887190e+00
  -2.98851660e-01
   1.76243624e-01
   1.16634155e+00
   8.41960077e-02
   9.53614977e-01
  -2.04246311e-01
  -3.87715039e-01
  -1.43512061e+00
   1.15901871e+00
   1.46150729e+00
   7.87027841e-01
   5.04424572e-01
  -4.25327575e-01
  -9.97373189e-01
  -2.23178677e+00
   1.39154294e+00
  -2.34752937e-01
   2.03614498e-01
  -2.72198708e-01
  -2.96745764e-01
  -1.87379636e-01
   9.84960449e-01
   1.89208248e+00
   3.41174541e-01
   1.52600941e-01
   8.94201475e-01
  -1.99792325e+00
  -5.33581004e-01
  -1.93662346e+00
  -8.62844803e-02
  -6.17193816e-01
   5.03722934e-02
  -5.27880704e-01
  -1.04815551e+00
   2.49518215e-01
  -9.15009908e-01
   1.63683402e+00
   3.56484591e-01
   1.44833055e+00
  -4.28251765e-01
   3.59696885e-01
  -1.30881687e+00
   1.09730810e+00
   8.30729235e-01
  -3.03330145e-02
   5.80086645e-01
  -1.47942329e+00
   1.44471399e+00
   3.55277868e-01
  -1.58899889e+00
   1.35052003e+00
  -4.94345924e-01
   1.19396494e+00
   5.84314779e-01
   2.12754737e-01
  -2.98229352e+00
   9.24553730e-01
   1.52484255e+00
   9.23402423e-01
  -1.37094497e+00
   7.00596202e-01
  -1.00287594e+00
   7.85523100e-01
   2.75956076e-01
   1.06244155e+00
  -7.74839061e-01
   2.12302127e+00
  -1.63007834e+00
   2.33079657e-02
  -2.79141505e-01
  -7.63198211e-01
  -1.10500926e+00
  -2.40711209e-01
  -1.41826851e+00
  -6.76500934e-01
   1.15003977e+00
  -1.13128613e+00
  -2.88434453e-02
   1.87218521e+00
   2.20005483e+00
  -1.68395529e+00
  -1.49431477e+00
   1.73496919e+00
  -2.09433563e-01
   2.29005928e-01
   9.43211881e-02
   1.92980179e+00
  -6.48507760e-01
  -8.63245851e-01
   3.31617191e-01
   2.13101076e+00
   1.25561789e-01
   9.17708638e-01
   2.33892198e+00
  -3.59180433e-01
   1.25450465e+00
  -1.12575877e+00
  -1.39795063e+00
   4.08635908e-01
  -7.01900542e-01
  -2.73875300e-01
  -1.25920344e-01
   4.22666153e-01
   1.49107812e+00
  -1.17739056e+00
   3.42896597e-01
   4.93865535e-01
   5.74008931e-01
  -1.18462897e+00
   1.45442383e-01
   1.17453708e+00
  -1.01740650e+00
   2.02686243e+00
  -1.56044897e+00
   1.91258515e-02
   5.57305480e-01
  -9.63617692e-01
   7.48792479e-01
   5.58131953e-01
   1.30890870e+00
   2.02807640e+00
  -1.53702326e+00
  -6.01315059e-01
  -1.06995722e+00
   1.65020471e+00
   1.99450745e+00
   1.23653298e+00
  -1.06041106e+00
  -1.11842242e+00
  -7.81267108e-03
  -7.51857430e-01
  -1.05260174e+00
  -2.60508384e-01
   1.07722385e-01
   9.42716686e-01
  -3.42198641e-03
   8.74446209e-01
   1.76973584e-01
   1.76227311e+00
   1.39753000e+00
  -5.02238737e-01
   6.22320831e-02
  -1.22667664e+00
   9.52239521e-01
  -3.35095556e-01
  -3.52992706e-01
  -7.55095831e-01
   2.89674509e-01
   7.92447594e-01
   2.65460406e+00
   1.94439296e+00
   5.48397881e-01
   1.65851069e-01
   3.87555426e-01
   2.79948860e-01
   1.45462540e-01
   2.26902383e-01
   2.28025178e-01
   4.71073623e-01
   7.26368657e-01
   1.69594497e+00
  -5.10709184e-01
   8.33302384e-01
   3.18964208e-01
   3.41622405e-01
   4.80634890e-01
  -9.10453343e-01
   1.91022791e-01
  -2.49997813e-01
   3.03201295e-01
   7.37887210e-01
  -9.37637079e-01
   8.30167985e-01
   1.78978279e+00
   2.81797560e-01
  -1.34025472e+00
   1.62227368e+00
  -2.82295885e-02
   2.98300123e-01
   1.19904208e-01
   4.92969497e-01
  -4.78771565e-01
  -1.58852188e-01
  -2.17089264e+00
   2.64798055e-02
  -4.34480518e-01
  -9.77646610e-02
   4.07371003e-01
  -5.64264149e-01
  -6.63602052e-02
   7.92229004e-01
  -9.67001758e-01
   4.93268143e-01
  -9.50898506e-01
   2.72994989e-01
   2.62546972e-01
  -2.42847200e-01
   4.40569791e-01
   2.76608288e-01
   1.73674679e-01
   8.69591784e-01
   4.06816015e-01
  -4.88840818e-01
   2.11182563e-01
   1.82170127e-01
   8.69020484e-01
   3.76867882e-02
  -1.06577189e+00
   6.68753719e-01
   5.41639675e-01
  -9.20545663e-01
   9.75735150e-01
   2.01832008e+00
  -1.90922165e-01
  -1.42562524e+00
  -1.46634933e-01
   1.45628837e-01
   1.49335579e-01
  -1.11936061e+00
   1.54219088e+00
   2.30870219e-01
   1.33196671e-01
   1.19672101e+00
  -6.64978197e-01
  -1.62870126e+00
   1.49936519e-01
  -1.72392530e+00
   1.14260211e+00
   8.74649956e-01
  -3.61120755e-01
   4.89409185e-01
   1.38547500e+00
  -7.20062905e-01
   4.83501109e-01
   1.19889603e+00
  -2.51051390e+00
  -5.14969148e-01
   9.42934163e-02
  -1.12070053e+00
   1.50767875e+00
   4.77988516e-01
  -1.20614495e+00
   5.63694303e-01
   4.58401505e-01
  -3.18714217e-01
   3.85209199e-01
  -1.53840622e-02
   1.09645586e+00
  -7.31207111e-01
  -1.05519852e-02
  -1.31954926e-01
  -8.88387516e-01
   4.10195244e-01
  -2.62410609e-01
  -1.61969247e+00
  -2.29012296e-01
  -4.94992064e-02
   7.92568750e-01
  -4.73260312e-01
   4.47933226e-01
  -1.36511251e+00
   1.38554606e-01
   8.22556608e-01
   8.37687302e-01
  -3.45893513e-01
  -9.77683372e-02
  -1.10798031e+00
   3.23441219e-01
   6.89363415e-01
  -2.62628082e+00
   2.98492439e-01
   8.37772891e-02
  -1.13049325e+00
  -5.15736125e-01
   3.08080990e-01
  -3.86291963e-01
  -1.12331882e+00
   7.06977570e-02
   7.83251021e-01
   9.50973544e-02
  -2.58102352e+00
  -3.25647656e-01
  -3.18067721e-01
   1.05391880e+00
   9.99435865e-01
   7.72329656e-01
  -6.26374606e-01
  -1.45770324e+00
  -6.40200261e-02
  -1.49758035e+00
   8.97277847e-01
   1.84200547e+00
   5.83665825e-01
   1.11529847e+00
  -1.19508166e+00
   2.18078248e-02
  -1.75769487e+00
  -3.17507495e-01
   8.85115167e-02
   1.36185719e+00
  -2.55983562e-01
   5.31523806e-01
   1.62153793e+00
  -7.25370963e-01
  -7.14322264e-01
   1.53645444e+00
  -1.40417056e+00
   5.43060276e-01
   8.77263333e-01
   4.46862504e-01
  -3.14451281e-01
   4.62386498e-01
  -8.17436688e-01
  -1.39674605e+00
   1.08102154e-01
   1.41893198e+00
  -4.52851995e-02
  -1.37491156e+00
   1.87169639e+00
   5.28113121e-01
  -2.83683495e+00
  -8.97776803e-01
   1.33115054e-01
  -6.25173129e-01
   3.18953994e-01
   6.67069781e-01
   4.60818754e-01
   8.92269481e-01
   9.59865815e-01
  -1.48931352e-01
   2.34223726e-01
   6.59627969e-01
   4.82741608e-01
  -2.21157378e-01
  -2.76664166e-01
  -1.78580539e+00
  -6.97738081e-01
   8.11395203e-01
  -3.24711547e-02
   4.76607540e-01
   1.82199311e-01
  -9.06115353e-01
   1.76184345e+00
   1.03302703e+00
  -9.59257267e-01
   1.29873913e+00
  -1.45944978e+00
   1.28840104e+00
   3.06840139e-01
   1.60046570e+00
   5.78235734e-01
  -1.92159234e-01
  -1.64759715e+00
  -2.25121814e+00
  -4.36812371e-01
   4.66381713e-01
   1.10434787e+00
   1.48660670e+00
  -7.11918155e-01
  -6.04398039e-01
   8.94291861e-02
  -5.19856157e-02
   6.83270846e-01
   3.97593967e-01
  -4.55788438e-01
  -2.94475960e-01
   1.76601479e-01
   1.10432189e+00
  -9.28026359e-01
   1.47657324e+00
  -1.02090637e+00
   2.48048196e-01
   1.63177076e-01
  -1.04910942e-01
  -1.03018968e+00
  -3.93379699e-01
  -3.01964045e-01
  -9.79014936e-01
   9.25742075e-01
  -5.65104427e-01
  -4.72979352e-01
   1.05450709e+00
  -1.35421222e+00
  -6.33428434e-01
  -1.58046844e+00
  -2.66283712e-01
  -1.90833871e-01
   8.43257151e-03
  -1.00468714e+00
   2.57987817e-01
   7.07289961e-01
   1.24653845e-01
  -3.53286646e-01
   6.97008670e-01
  -6.58776955e-01
  -4.43788319e-02
   7.55031762e-01
   8.82791626e-01
   1.45484345e+00
  -9.06553970e-01
  -1.47025900e+00
   5.44016698e-01
   6.64662015e-01
   2.35460431e+00
   1.24370728e-01
  -6.95439972e-01
   9.34803827e-01
  -2.84319662e+00
  -1.05366872e+00
  -6.63604665e-01
   1.94754658e-01
   4.31578091e-02
  -4.48315999e-01
   1.37262210e+00
   7.72046895e-01
   2.24472021e-01
   1.75815878e+00
   7.94691457e-01
  -6.82950686e-01
  -8.39021430e-01
  -1.42979462e+00
  -7.90471181e-01
   8.46681108e-01
  -2.19474932e+00
   7.17502697e-02
  -1.50373932e+00
   1.74029459e-01
  -1.77939908e-01
   1.21712882e+00
   9.57658184e-01
  -9.41884026e-01
   1.48977364e+00
   1.02941706e+00
  -6.76104851e-01
   2.81568252e-02
   1.81525546e+00
  -1.95265139e-01
  -1.22664349e+00
  -7.20419424e-01
  -4.09926058e-01
  -9.25020601e-01
   1.74309589e+00
   4.02334502e-01
  -6.01968012e-01
  -1.82252194e+00
   3.92489646e-01
  -6.34048534e-01
  -7.36468037e-01
  -5.21632531e-01
  -6.86934497e-01
  -1.31866000e+00
  -5.48593334e-01
   4.19444405e-01
  -9.28024651e-01
  -5.72546452e-01
  -9.30761707e-01
  -1.50897688e+00
  -2.66564040e-01
  -1.08954424e+00
  -8.27497157e-01
  -1.00856004e+00
  -6.96159598e-01
   1.76264114e+00
   5.19320614e-01
  -1.34833120e+00
   2.49958019e+00
  -2.13222030e-01
   1.75994827e+00
   1.41604169e+00
   2.06045780e-01
  -2.08806312e+00
   5.26231237e-01
  -6.61083851e-01
  -5.26474069e-02
  -2.23927228e+00
   5.25002682e-01
   1.64232492e-01
   5.40857303e-01
  -1.77222236e+00
   1.04608749e+00
   5.88230671e-01
   5.33521122e-01
  -5.29092027e-01
  -5.02111193e-01
   9.55018516e-01
   1.17617197e+00
   1.42847623e+00
  -2.34317228e-01
  -1.98682900e+00
   3.81489414e-02
   3.96869606e-01
   8.66672359e-01
   1.11172878e-01
  -2.36259329e-02
  -8.97273784e-02
  -9.93905461e-01
  -6.75862520e-01
   1.38184648e+00
   5.76502333e-01
   3.04253517e-01
  -6.40587251e-01
   5.80696778e-01
  -3.76366373e-01
   6.76615135e-02
  -2.11941124e-01
  -1.05848956e+00
  -1.24987396e+00
   4.38051164e-01
   1.74614545e+00
   3.68695780e-01
  -5.30672792e-01
  -2.31314829e+00
  -2.26953423e+00
  -9.46180141e-01
  -9.55201345e-01
  -3.01236335e-02
  -1.51065287e+00
  -7.19423783e-02
  -7.34784666e-02
  -2.58928548e-01
   4.84887930e-01
  -1.02477119e+00
   2.35219689e-01
  -1.36795743e+00
  -1.82125157e-01
   1.13670371e+00
   1.34190547e+00
   5.60938692e-01
   9.06373906e-01
  -5.54185035e-01
   6.86937227e-01
   5.18192570e-01
   1.47172498e-01
  -6.81406957e-01
  -3.13456504e-01
   2.06873608e-01
  -2.80426875e-01
  -3.97947933e-01
   1.34670397e+00
  -1.40850023e+00
   1.12368166e-01
   4.50497171e-02
   9.78929027e-01
   7.09782146e-01
   4.70635394e-01
  -1.30818576e+00
   6.45222600e-01
   6.99585079e-01
   1.89605234e+00
   3.22112578e-01
  -6.10259437e-01
   3.93818446e-01
   1.27847044e+00
  -1.42116924e-01
  -1.91555350e-01
   2.25300181e-01
  -3.99896127e-01
   9.23736850e-02
   5.61625215e-01
  -1.15768335e+00
   1.65954298e+00
  -2.81601382e-01
  -6.30018716e-02
   1.57745669e+00
  -7.61732655e-02
  -1.51043424e+00
   7.40012125e-01
  -8.69416689e-02
   1.07796336e+00
   1.08770666e+00
   7.20470450e-01
   1.26367160e+00
  -2.43898861e-01
   1.30359481e+00
   2.06292140e-01
  -9.69574533e-01
   8.40890785e-01
   7.01774582e-01
  -5.21385035e-01
   1.77148454e+00
   1.16671974e+00
   5.93171903e-01
  -5.87140467e-01
  -1.28807302e-02
  -8.05944037e-01
   1.11668802e+00
  -1.46769735e-01
   1.03086783e+00
  -1.44639179e+00
  -9.08591872e-01
  -1.35830132e+00
   1.48811356e+00
   6.19419670e-01
  -1.63154351e+00
   2.49080086e-01
  -3.05063548e-01
  -5.63426389e-01
   1.48861568e+00
  -3.32649223e-01
   1.58928109e+00
   1.88134868e+00
   7.73608870e-01
   9.08483590e-02
   2.81504766e-01
   4.96614511e-01
  -1.69813314e+00
  -7.70347458e-01
   9.57045387e-01
  -8.46347505e-01
  -7.58125286e-02
   1.90115444e+00
  -3.46118246e-01
  -6.23479808e-01
   1.72051015e+00
  -5.89660813e-01
  -4.97902365e-01
  -8.19004785e-01
  -6.31313418e-01
  -7.01395521e-01
  -7.59674588e-01
  -1.28150423e+00
   6.07193121e-01
   9.35394383e-01
  -2.17034485e+00
   6.50287935e-01
  -1.65956913e+00
   1.34681339e+00
  -5.95235352e-01
   7.16231626e-01
  -2.03738236e-01
  -3.56669075e-01
  -8.36978555e-01
  -3.33355379e-01
   1.68566847e-02
   1.19761909e+00
  -1.30583462e+00
  -8.58871482e-01
   3.53934941e-01
   4.39059531e-01
  -3.68540343e-01
  -1.85376911e-01
  -2.27287732e-01
   6.89193343e-01
   1.65600241e+00
  -4.33652312e-01
   4.22841682e-01
   1.42706503e-01
   1.15893288e+00
   2.08797538e-01
   1.18574964e+00
   4.75843902e-01
   2.19357608e+00
   7.61365083e-02
   4.03861995e-01
  -1.44399565e+00
   3.15839738e-01
  -9.15995965e-01
  -1.34858096e+00
   1.58607691e-01
  -5.44972627e-01
  -2.30112377e+00
   1.10475420e+00
  -1.52269934e+00
   7.84382523e-02
  -1.46435367e+00
   9.39365907e-02
   1.02379456e+00
   6.65505994e-01
   1.66901801e-01
   8.39844136e-01
  -1.02221907e+00
   1.14445890e-01
   1.19688494e+00
   7.28846691e-01
  -1.66491611e-01
   1.54199613e+00
  -2.58694802e-01
  -1.13216022e+00
  -9.08368680e-01
   1.40248435e+00
  -1.92637583e+00
  -6.66583354e-01
  -3.24904551e-01
   2.29107078e+00
   2.01696262e-01
   8.27470704e-01
  -5.96334637e-01
   7.89982511e-02
  -1.08548032e+00
   1.46006646e+00
   1.13711048e+00
  -1.11118048e+00
   1.50418164e+00
   1.06967229e+00
  -4.11801693e-01
   1.21200881e+00
  -2.07327325e+00
  -4.14519158e-01
   5.19820876e-02
   5.61053269e-01
  -8.26185469e-01
   4.16213947e-02
   1.85790320e+00
   8.73888194e-01
  -1.40439771e-01
   5.54268353e-02
   3.42922652e-01
   4.63485874e-01
  -1.55697848e+00
   3.29348938e+00
  -1.49693292e-01
  -1.90463495e-01
  -1.21567433e+00
   9.18696064e-01
   5.61477548e-01
   2.10623883e-01
   3.59629939e-01
   9.81331571e-01
  -3.33533601e-01
   8.83171800e-01
   7.38529133e-01
  -9.54606270e-02
   1.45431998e-01
  -9.63722275e-02
  -1.41945809e+00
  -2.31814750e-01
  -7.99377725e-01
   7.57882315e-01
   9.92157261e-01
  -1.21753707e-01
   1.50933332e-01
   3.56940210e-01
   1.38266590e+00
  -1.64825269e+00
   8.98310115e-02
  -1.00389798e+00
  -1.11997827e+00
   3.49782737e-01
  -4.79339384e-01
  -1.10757423e+00
   6.80119265e-01
  -4.48163669e-01
   3.52529713e-01
  -5.80076802e-01
   1.12900501e+00
   8.06840077e-01
   2.07769606e+00
  -1.42596585e+00
  -4.44631806e-01
   3.43689228e-01
  -1.18105264e+00
  -6.98112594e-01
  -2.43860608e-01
  -6.76752695e-02
  -2.28458179e-01
   1.91008511e-01
  -5.01378083e-01
  -9.19380512e-01
   9.89310163e-01
  -2.95023498e-01
   1.24961316e-01
   6.04157934e-02
   2.18409439e-01
   4.56133318e-01
  -3.59139614e-01
  -8.09215035e-01
   3.98102043e-01
  -8.82354947e-01
  -4.14807750e-01
   1.13728695e+00
   5.11580248e-01
   1.17865302e+00
   4.37162199e-01
   1.00308961e+00
  -2.70081068e-01
  -1.73231051e-01
   2.27250466e-01
   1.25710830e+00
  -4.51003186e-01
  -3.80503841e-01
  -8.19730919e-01
  -1.90658822e+00
   7.57464054e-01
   4.04906089e-01
   8.00802495e-01
  -2.12169089e-01
  -1.25356525e+00
   6.86278604e-02
   2.84227745e-01
  -9.38518288e-01
  -3.41455012e-01
   1.62127905e+00
  -3.71229412e-02
   3.59889288e-01
   1.46639641e+00
  -6.07452060e-01
  -1.03010635e-01
   3.90813244e-01
   1.49365245e+00
   8.97387333e-01
   8.01684311e-01
  -9.50291673e-01
  -4.21837398e-01
  -1.10879639e+00
  -1.75890882e-01
  -5.72974902e-01
  -1.06113308e+00
  -1.23337225e+00
   6.61923203e-01
   4.39051984e-01
   1.14102425e+00
  -5.46194640e-02
   1.67471480e+00
  -1.72411264e+00
  -1.95669052e-01
   3.19606299e-01
   2.40462136e-01
  -5.93994114e-01
  -2.67598619e-01
   1.10816211e+00
  -4.31854455e-01
  -3.10364949e-01
  -1.90380842e+00
  -5.57541820e-01
  -1.34211826e+00
  -1.86638035e+00
   8.91253073e-01
  -1.25576297e+00
   1.01427338e+00
   8.41667362e-01
  -2.71274159e-01
  -8.01042061e-02
   1.71640099e+00
  -7.00276799e-01
   1.66501744e+00
   8.55591605e-01
  -2.25955510e-01
   7.60108566e-01
   2.27623023e-01
   2.55297979e-01
   8.00884629e-01
  -1.01029390e+00
   2.46117906e-01
  -9.66256944e-01
  -1.49453117e+00
   1.03025191e+00
  -1.11708752e+00
  -3.95365336e-02
  -3.88817432e-01
   1.03087618e+00
   3.01750205e-01
  -1.20414966e+00
  -7.09106064e-01
   1.64601323e-01
  -3.94886767e-01
  -1.27333768e-01
  -2.32349043e-01
  -7.56239229e-01
   1.80990033e+00
  -4.58823856e-01
  -9.04598528e-01
   7.99193768e-01
  -6.38875007e-01
  -6.10469665e-01
  -9.30710329e-01
   3.06258889e-01
   1.07640654e+00
  -3.57108513e-01
   9.87165175e-01
   1.43298492e+00
  -9.31368059e-01
   1.05647328e+00
  -1.79656716e+00
  -9.69342908e-02
  -6.74171449e-01
  -2.02218915e+00
   6.54832444e-01
   4.13584445e-01
  -5.54309625e-01
   2.45504423e-01
   1.58612405e+00
  -1.18237532e+00
   6.75486248e-01
   2.76892278e-01
   1.18217447e+00
   2.84641472e-01
   4.64201701e-01
  -6.59361411e-01
   5.04778386e-01
   9.25490789e-01
  -2.78040256e-01
   3.47145507e-02
   1.88683675e+00
   2.26118955e+00
   2.70554816e-01
   9.85925556e-01
   2.06504851e+00
   4.63445108e-02
   8.13518079e-02
  -3.81515621e-01
  -1.12833463e+00
   8.98551358e-01
   1.64632691e+00
   6.69192961e-02
  -1.41769446e+00
   1.51241389e+00
  -3.23029270e-03
  -5.54977420e-01
   1.08395805e-01
   6.49791285e-01
  -4.70623693e-01
   6.13375184e-01
  -4.19890742e-01
   3.86729584e-01
   5.90488804e-01
   1.39494757e+00
   8.19444155e-01
   1.00390525e+00
  -5.48065298e-01
  -5.67291696e-01
   1.03057241e+00
  -1.59295816e+00
  -3.57980246e-01
  -3.25915610e-01
   7.74463753e-01
  -1.63236566e-01
  -4.10616110e-01
  -4.65152530e-01
  -3.97933743e-01
   3.14309918e-01
  -1.78215269e+00
  -9.69780666e-01
  -5.73926852e-01
   5.02419058e-01
   1.48672654e-03
  -5.33076974e-01
   3.82830010e-01
   1.13391167e-01
  -8.87093714e-01
   1.09938771e+00
   7.22613442e-01
   1.01196737e+00
   1.54347187e-01
   3.63193820e-01
   5.59734118e-01
   8.89154713e-01
  -1.78235547e+00
  -1.90597869e-01
  -2.41961870e-01
   7.58074596e-01
  -6.63158243e-01
  -2.87172324e-01
   1.14282871e+00
   6.54731270e-01
   1.92038143e-01
   5.30679632e-01
   8.05197831e-02
  -1.11771730e-01
   2.37491712e-01
   1.25432357e+00
   8.09992107e-01
   1.58697002e+00
  -5.64513802e-02
   1.64109550e+00
  -1.68148465e-01
   2.15996107e+00
  -8.97474548e-02
  -1.15129290e+00
  -1.74321949e+00
   7.71127196e-01
   1.10826084e+00
   1.59007441e-01
  -6.52974185e-01
   2.39699947e+00
   4.28468619e-01
   2.85102808e-01
  -5.67970129e-01
  -8.24996613e-01
   2.94038607e-01
   2.17677747e-01
   2.46907753e-01
   4.47802092e-02
  -6.22781728e-01
   1.02336473e-01
  -2.90435618e-01
   4.38107690e-01
  -8.00733221e-01
  -5.00258429e-01
  -8.73792865e-01
  -2.23428852e+00
   6.81798473e-01
   4.86886725e-01
   5.31374642e-01
  -6.51892199e-01
  -7.93120318e-01
  -4.66650407e-01
  -1.30348071e-01
  -2.73884043e-01
  -1.23140354e+00
   2.08129134e-01
  -7.16261110e-01
  -2.23490478e+00
   3.83086669e-01
  -5.22317122e-01
   5.10392314e-01
   2.10023855e+00
   3.41003000e-01
  -9.74630083e-01
   1.27120847e+00
   1.82110555e+00
   6.91329403e-01
   6.34412470e-01
  -5.13624523e-02
   1.54543698e+00
   8.80723776e-02
   1.15909806e+00
   9.38555085e-01
   2.70942251e-01
  -4.95748974e-01
   5.59678471e-01
   7.19992802e-02
   8.26084705e-01
   8.08426755e-01
  -2.37346820e-01
  -1.29074127e+00
   2.57960744e+00
   1.14335242e+00
   6.81117958e-01
  -4.17886051e-01
   6.38170664e-01
  -1.44527104e+00
  -1.38786286e+00
  -8.39137798e-02
  -9.88347327e-01
  -4.27073993e-01
   2.13481909e-01
   8.29148727e-01
   1.38385423e+00
  -1.63777464e+00
   8.95371651e-01
   7.24996168e-01
  -1.01995774e-01
   1.13809941e-01
   1.29174526e+00
   3.44455651e-01
  -1.00112408e+00
  -3.28695147e-01
  -9.87801964e-01
  -8.56272938e-01
  -7.07152275e-01
   1.88105859e+00
   1.10156690e-01
  -2.79647115e-01
  -1.86499112e-01
  -7.43565334e-02
  -5.42160261e-01
  -1.11606741e+00
  -6.74062464e-01
   2.80451410e-02
  -1.39481405e+00
   8.15044722e-01
  -8.53787805e-01
   2.38044610e+00
   1.81082572e+00
  -1.19954749e+00
   1.59909642e+00
  -5.57585732e-01
  -1.56039533e+00
   2.34439435e+00
   8.85695910e-01
  -3.97506788e-01
   1.68627091e-01
  -2.41041187e-01
  -3.57228258e-01
  -9.33246191e-01
  -8.43064499e-01
   3.26183377e-01
  -8.11051434e-01
  -1.43426945e-01
  -2.11766153e+00
  -1.24880066e+00
   1.27220045e+00
   1.08553351e+00
  -7.52589477e-01
   3.21554783e-02
   5.15775750e-01
  -9.80752165e-01
  -5.55552418e-01
   1.38750973e+00
  -5.87197235e-01
   9.56669733e-01
   7.05972251e-01
  -5.35532978e-01
   1.35650896e+00
  -1.62291825e-01
   2.28117256e-01
   1.07051580e+00
   9.66377662e-01
  -1.48590540e+00
  -1.07448177e+00
   1.43256246e+00
   3.81734896e-01
   5.74238624e-02
  -2.48781447e+00
  -1.18281430e+00
   3.11167481e-01
  -1.48557322e+00
  -1.00298927e+00
   9.87768338e-01
   8.80185215e-01
  -9.92752376e-02
  -8.56410510e-01
  -5.70525177e-01
  -1.56670614e-01
  -6.35825114e-01
  -1.44213402e+00
   1.27772619e+00
  -3.76878248e-01
   1.73626239e-01
  -2.94276603e-01
   6.74064450e-01
  -2.60862712e-01
  -2.24175094e+00
   1.83793116e+00
   2.13403540e+00
  -1.70938963e+00
   1.93465771e+00
  -6.63975933e-01
  -2.89886856e-01
   2.86647147e-02
   1.13830386e+00
   8.09954154e-02
   5.96470594e-01
  -1.15196129e-01
  -9.17582650e-01
   1.34523989e-01
  -1.00335592e-01
   7.09457351e-01
  -8.95272535e-01
  -8.92972289e-01
  -3.88563465e-01
  -2.18560351e+00
  -7.16592954e-01
  -6.36886791e-01
  -1.13007683e-01
   1.17355578e+00
   9.54352291e-01
  -1.09365854e+00
   6.37426894e-01
   1.23596388e-01
   1.03363066e+00
  -2.86213021e+00
   5.10889536e-01
   5.46485685e-02
   6.01151081e-01
  -5.17369801e-03
   1.09473896e+00
  -8.21849873e-01
   3.75824290e-01
   2.61390515e+00
  -7.64365256e-01
   1.27762033e+00
  -2.77442941e-02
   2.75031763e-01
  -4.52662917e-01
  -1.07618601e+00
   1.60170837e-01
  -9.27938077e-01
   1.03564825e+00
  -1.18517712e+00
  -3.95820656e-01
  -1.05686154e+00
  -5.07203178e-01
   1.04946572e+00
   1.82186461e+00
  -8.86246626e-01
   9.93473291e-01
   2.66010030e-01
   1.88108819e+00
  -7.53854131e-01
   9.65114175e-01
   1.15167006e+00
  -2.26361087e+00
  -1.58522849e-01
  -6.04946220e-01
  -6.13184256e-01
  -6.64981269e-01
   1.42166675e+00
  -7.10854246e-01
  -2.31639140e-01
  -4.47782952e-01
   1.77263928e-01
   3.93572460e-01
   1.21357967e+00
  -1.38268616e+00
  -1.03996888e+00
  -1.11244417e+00
  -1.66207914e+00
  -5.34410526e-01
   1.91652698e+00
   1.01080521e+00
   3.46858893e-01
   4.29133859e-01
   2.30940126e+00
   1.25016765e+00
  -1.07797486e+00
   3.17783011e-02
   1.30902262e+00
   4.04949637e-01
  -9.03373656e-02
  -1.00915608e+00
  -1.21211820e+00
   1.48466002e+00
   1.20548999e+00
  -2.27701322e-01
  -2.11323393e+00
   6.05262978e-01
   9.09383895e-02
  -2.23359820e-01
   4.90129620e-01
  -7.85099254e-01
  -1.92908582e+00
   3.31619423e-01
  -1.69370645e+00
  -6.74248161e-01
  -3.61814974e-01
  -2.14293563e-01
  -5.78203918e-01
  -7.82349376e-01
  -1.65262212e+00
  -7.89768875e-01
  -8.31299159e-01
  -6.31092804e-01
   3.10365162e-01
   3.19974094e-01
  -8.30255004e-01
  -1.24202664e+00
  -2.84928709e-01
   5.44108177e-01
  -7.69742110e-01
   1.54408579e+00
   1.19258780e+00
   7.72324411e-01
  -6.94669014e-01
   5.05770218e-01
  -4.10119332e-01
   6.01724663e-01
   6.91496180e-01
   1.61861605e+00
  -9.87519966e-02
  -3.23231485e-01
   5.42750928e-02
  -1.17301325e+00
   1.25789661e-01
  -9.74095208e-01
  -1.78333137e+00
  -7.28369185e-01
   6.07385811e-01
  -1.76729179e-01
  -2.84443076e-01
  -5.76959369e-01
   1.65091396e-01
   8.12943583e-01
  -9.42563590e-01
  -1.02819046e+00
  -9.76752892e-01
  -7.11685768e-01
  -1.92944619e+00
  -9.66547344e-01
  -3.52067463e-01
  -4.77478169e-01
   1.01992917e-01
   1.43946302e+00
  -9.48161456e-01
   6.72043316e-01
   9.35180156e-02
  -1.84567233e+00
  -8.39203414e-01
   8.18309063e-02
  -4.37227842e-01
   9.28828175e-01
   9.32139875e-01
  -7.52500315e-01
  -3.95791416e-01
   3.41842809e-01
   3.62923259e-01
   1.10553122e+00
   1.55392509e-01
  -4.09550073e-01
  -1.09762948e+00
  -1.66807873e+00
   3.18484189e-01
   1.87753128e-01
   1.00248260e-01
  -8.70164103e-01
  -5.66656641e-01
   1.92099757e+00
   1.66331367e+00
  -8.62525526e-01
   1.03971848e+00
  -5.14818895e-01
  -2.87875888e-01
   4.25369784e-01
  -1.19512412e+00
   6.62497560e-01
   1.63735477e+00
  -2.79984984e+00
   1.20464330e+00
  -1.81926439e-01
   5.93199204e-01
   2.51001936e+00
   5.49191639e-01
   8.82413875e-01
   1.77341841e-01
  -1.20616667e+00
   1.05994637e+00
  -1.08215014e-01
  -9.05953382e-01
  -2.39445162e+00
  -3.45811787e-01
   5.43723891e-01
   9.74698790e-01
   1.14490439e+00
   5.93396335e-01
   1.04592717e-01
   2.42780633e-01
   8.57250444e-01
  -3.98236754e-01
   4.68195098e-02
  -1.50899528e+00
   6.26032137e-01
  -1.20055991e+00
  -1.91334072e-01
  -9.98624940e-01
   1.69416915e+00
  -1.74012949e+00
   2.81898927e-01
  -4.24052604e-01
  -2.65000768e-01
  -4.94446760e-01
   1.45256075e+00
   7.52869791e-01
   1.22694212e+00
  -4.09711496e-01
  -1.55870326e-03
   1.23627775e+00
  -6.24058287e-01
  -4.57665476e-01
  -1.11571643e+00
  -1.60361990e-01
  -3.04418965e-01
   6.68695458e-01
  -3.95468838e-01
  -5.77204721e-01
  -9.61270549e-01
  -1.64877627e-01
   2.89950378e-01
  -1.55846965e+00
  -4.39364881e-01
  -3.94125934e-01
  -1.66623346e-01
  -1.08421345e+00
   5.31142808e-01
  -7.77128989e-01
   1.04616081e+00
   8.92236398e-01
   5.33309330e-01
  -2.01786479e-01
  -1.01417245e+00
   1.59971902e-01
  -1.28752326e+00
  -7.91990327e-02
   6.05614198e-01
  -1.13724589e-01
  -1.63876827e+00
  -4.67482545e-01
  -6.96436641e-01
   1.85906165e-01
   7.59435679e-01
   6.59412481e-01
  -2.04432001e-01
   5.77510349e-01
  -8.62921871e-01
   5.53543507e-01
   1.17542434e+00
   1.60770967e-01
  -1.99356132e+00
  -9.25030980e-01
   3.96430508e-01
   3.27725225e-01
  -4.80006743e-03
   7.10474872e-01
  -3.74803594e-01
   3.37493154e-01
   2.29417336e+00
   1.62468314e+00
   1.22401827e+00
   2.13637034e-02
