   7.69655025e-01
  -9.99099645e-02
  -3.56415836e-01
  -4.59333392e-01
  -1.20115966e+00
   3.95675559e-01
   1.54493948e+00
   9.20426597e-01
   8.45894257e-01
  -1.07643080e+00
   6.40567058e-02
  -1.34592535e+00
   9.17909671e-01
   6.23014829e-01
   4.27942784e-01
   7.90452622e-01
  -2.11815572e-01
   1.29688222e+00
   1.84716957e-01
  -6.92505319e-01
   6.86901219e-02
  -1.11050420e+00
  -3.78302572e-01
   2.16089376e-01
   5.01902545e-01
  -1.11155064e+00
  -9.63498642e-02
   5.51560639e-01
   7.37380364e-01
  -7.25230267e-01
   7.83640395e-01
   3.74970465e-01
   4.11935621e-01
   6.61154264e-02
   2.01837044e-01
  -9.66040330e-01
  -4.72310149e-01
   3.65436927e-01
   4.42594689e-01
  -6.09622535e-01
   1.01981234e+00
   4.92393067e-01
   1.37410561e+00
  -1.51886110e+00
   2.72802478e+00
  -1.71533312e-01
   4.50438886e-01
  -1.22175994e+00
   5.84913590e-01
  -6.34188347e-01
   6.75362081e-02
  -1.27031075e-01
  -3.73990980e-01
   3.16466527e-01
  -1.75610477e+00
   7.97639189e-01
  -1.32094508e+00
   7.46632496e-01
  -1.19865019e-01
   5.44510728e-01
  -2.94073877e-01
   1.07455628e+00
  -1.75662863e-01
   5.41205796e-01
   1.65471635e+00
   2.30393943e+00
  -1.91236950e+00
   9.78007202e-02
  -9.97375052e-01
  -8.06429699e-01
  -2.69747924e-01
  -9.22302378e-01
   2.81527707e-02
  -1.04816481e+00
   1.22253073e+00
  -7.42066377e-01
  -1.61535221e+00
  -1.63950174e+00
   1.45386943e-01
  -1.13462181e+00
  -2.77497831e-01
   2.27309597e-02
   1.78151297e+00
   9.99167817e-03
  -1.14634325e-01
   4.33793283e-01
   8.75056325e-01
   2.07727243e+00
   8.67709703e-01
  -3.94576477e-01
  -1.69514066e+00
  -7.36657895e-01
  -1.05328661e+00
   3.00840240e-02
  -1.75088269e+00
  -2.78129954e-01
  -6.80117655e-01
   1.82002635e+00
   1.26313651e-01
   4.51005946e-02
  -1.18339123e+00
   1.86991763e+00
   1.71944847e-01
  -1.52290606e-02
  -6.78634427e-01
  -9.14168144e-01
   2.76593336e+00
  -4.12322442e-01
   2.23501974e-02
   4.96988957e-01
   8.81638636e-01
   2.57728166e-02
   1.72645758e-01
  -9.91736878e-01
  -1.25597887e-01
   5.75305917e-02
   1.51276801e-01
   3.19027900e-01
   9.69001220e-01
   7.83023793e-02
   1.52929670e+00
  -1.01825388e+00
  -1.53299649e+00
   2.42613613e-01
   1.51472284e+00
  -1.67941507e+00
  -1.55494464e+00
   8.43069703e-01
  -8.41154991e-01
  -7.65200948e-01
  -1.36033118e+00
  -1.28994097e+00
   1.27214329e+00
  -5.79987150e-01
  -2.69667892e-01
  -6.08180260e-01
  -1.01977065e+00
  -1.90197894e+00
   9.83584468e-02
  -2.10238081e-01
  -4.58938509e-01
   4.74708040e-01
  -6.59219602e-01
   2.43943710e+00
  -1.45617574e+00
   1.32920979e-01
  -6.80849239e-01
  -1.20795214e+00
   2.33787129e-01
  -5.21848416e-01
   1.42853101e+00
  -5.54903723e-01
   7.46603772e-01
  -1.23186576e-01
  -9.79889787e-01
   2.56730626e-01
  -1.55394288e+00
   1.84566361e-01
   4.48604918e-02
   4.27895425e-01
  -3.15275397e-01
   1.77768587e+00
  -9.99149616e-01
  -8.64183123e-01
   5.34058826e-01
  -6.15508026e-01
   4.46534638e-01
  -1.94873465e-01
  -7.68142335e-01
  -2.15306194e-01
   8.89514686e-01
   1.46994560e-01
  -1.21326626e+00
   1.30502021e+00
   2.42488304e-01
  -2.18862730e+00
  -7.67858464e-01
  -1.39913351e+00
   1.84569232e+00
   1.08234685e+00
   3.01202667e-01
  -3.24983766e-01
  -2.79996232e-01
   2.27218017e+00
  -4.58845534e-01
  -1.03300207e+00
   1.16747383e+00
   1.05095265e+00
  -1.79289398e+00
  -1.11408259e+00
  -2.12219290e-02
  -6.79068622e-01
  -1.07704478e+00
  -4.73833482e-01
   1.03641785e+00
  -1.26974101e+00
   2.23777528e+00
  -6.11527523e-01
   9.38337009e-01
   5.81672851e-02
   8.55330011e-01
  -4.29440904e-01
  -4.72508430e-01
  -2.41466895e+00
  -6.06717813e-01
  -1.27112301e-01
  -2.95710591e-01
  -5.59186751e-01
   1.65293932e+00
   2.92396233e-01
   9.18677951e-01
  -8.08027772e-01
   6.27823208e-01
  -5.34450629e-01
  -9.78422723e-01
   4.91142050e-01
   3.49703155e-01
  -4.66131255e-01
  -7.87127580e-01
  -4.51239793e-01
  -1.07357080e+00
  -1.77782678e+00
   1.59020432e-01
   9.88156986e-01
  -1.10335362e+00
  -2.47172823e+00
   1.55594101e-01
   9.20326706e-01
   1.10179868e+00
  -6.69421986e-01
   1.25402277e+00
  -8.62371192e-02
   1.78737957e-01
   3.07658691e-01
  -4.81272150e-01
   6.70418673e-01
   9.08937431e-01
   1.56384909e-01
  -7.14876663e-01
  -5.39909812e-01
   9.47916980e-01
   4.16469491e-01
   3.68837094e-01
  -3.94390958e-01
  -6.54972222e-01
  -4.61573884e-01
   6.31323139e-01
   3.71070738e-02
  -3.15718249e-01
   1.43399534e-01
   2.96327289e-01
   9.90755822e-01
   3.82579315e-01
  -4.92000516e-01
   2.71624648e-01
   2.88395593e-01
   9.39383239e-01
  -1.48699532e-01
   5.01714106e-01
   5.44689771e-01
  -1.23073888e+00
   1.55656418e+00
   1.81201477e+00
   4.76801301e-01
   8.60721165e-01
  -3.15704737e-01
  -5.33929428e-01
  -2.43167462e-01
   1.98013028e-01
  -3.66996871e-03
  -1.30123085e+00
   6.46480167e-01
  -1.53447556e+00
   1.66107704e-02
  -9.25998127e-01
  -1.03184232e+00
   1.10554205e+00
  -8.13418932e-01
   1.10858228e+00
  -3.58309854e-01
   1.82592541e+00
  -9.18021791e-01
  -4.17962392e-02
  -1.31826129e+00
   3.00716515e-01
  -8.01683220e-01
   2.30327496e-01
  -1.21747287e-01
   1.67452950e+00
   2.07895992e+00
  -1.03985933e+00
   8.05364363e-01
   2.63609148e+00
  -3.45939344e-01
  -2.47421049e+00
   9.52062884e-01
  -5.89574643e-01
  -1.66071773e+00
  -7.92405447e-01
  -5.36192949e-01
  -8.09750900e-01
   4.27784038e-01
   2.99320691e-01
  -1.62075283e+00
  -5.26460542e-03
  -1.04865531e+00
  -2.92326711e+00
  -2.16264938e-01
  -1.21549277e+00
   1.12608067e+00
  -1.30632185e-01
  -4.99613843e-01
  -1.47686904e+00
   3.04687983e-01
   9.36225879e-01
   1.18657837e+00
   1.22562589e-01
   6.13270337e-01
   3.54528452e-01
  -7.67267161e-01
  -1.16785523e+00
   5.15185785e-01
   2.06300188e+00
  -6.62989233e-01
  -1.29691934e+00
   7.01973589e-01
  -8.22576448e-01
   1.30874871e+00
   1.94784408e+00
  -2.09100382e+00
   1.08871011e+00
   1.88400575e+00
  -6.70228582e-01
  -4.67856220e-01
   3.42357108e-02
  -1.31825939e+00
  -3.17749299e-01
   9.35609524e-01
  -5.72639127e-01
   5.27577163e-02
  -5.13992986e-01
  -5.52996892e-01
  -6.82662183e-01
  -1.98640397e-01
  -1.56551690e+00
  -3.79882735e-01
  -1.04838793e+00
  -9.86744824e-02
  -1.41716780e-01
  -1.30978162e+00
  -1.51148237e-01
  -4.83329626e-01
  -6.65752091e-01
  -1.73507558e+00
   2.21701606e+00
  -1.63024669e+00
   8.67010447e-01
   6.26515598e-01
   2.44183330e-01
   1.54728033e-01
  -1.23150217e+00
  -3.08281330e-01
  -1.38370442e-01
  -4.56370009e-01
   2.61943151e+00
   4.55629595e-01
   1.85580742e+00
   1.95712421e-01
  -2.96692980e+00
   1.10959058e+00
   4.91159513e-01
  -3.68081462e-01
   1.80002782e+00
  -3.10672880e-01
  -3.88797810e-01
  -1.75536789e-01
  -3.22744261e-01
   5.71083864e-01
   1.54625978e-01
  -9.52545915e-01
  -9.45246526e-01
   1.14947547e-01
   3.59195957e-01
  -4.50889547e-01
   3.73741932e-02
  -1.41611469e+00
   7.98026707e-01
   1.23544539e+00
   1.70131207e+00
   9.93688785e-01
   5.46817978e-01
   2.06987354e+00
   7.90893643e-01
   1.64224483e+00
   1.81792712e+00
  -1.44123536e-02
  -1.10724421e-01
   2.50158773e-01
   1.01168939e+00
  -1.44532818e-01
   1.18862626e+00
   5.19395701e-01
  -1.40459239e+00
   5.62832617e-01
   2.91678089e-01
  -1.09325146e+00
   6.27031350e-01
   2.09332764e+00
  -6.57334176e-01
   4.52067847e-01
   9.73769913e-01
   1.17304686e+00
   6.71896719e-01
  -4.90429139e-01
  -1.30662491e+00
  -6.43765857e-01
   8.89809646e-01
  -3.31494143e-01
  -3.47000345e-01
  -8.35182130e-01
   1.46782899e+00
   3.57213445e-02
  -1.63632194e-01
  -1.00421700e+00
   1.42674425e+00
   5.88471145e-01
   5.44017124e-01
  -4.32919420e-01
  -3.41865254e-01
   1.28263613e+00
   3.45307571e-02
  -2.79842888e-01
  -6.14847098e-01
   9.60601372e-01
   8.93966900e-01
  -3.97720732e-01
   1.19205525e+00
  -2.71106420e-01
  -1.29810149e-01
  -3.07727451e-01
   3.85647582e-02
  -5.81025987e-01
   3.07369205e-01
  -6.94511499e-01
   4.21115296e-01
   1.08972766e-01
  -9.27729475e-02
   8.44333979e-01
  -3.89360296e-01
   1.19852909e+00
  -1.29590372e+00
   8.91004008e-01
   3.57641906e-01
  -1.24050225e+00
   6.37532941e-01
   9.53272565e-02
   5.32746846e-02
  -1.24611094e+00
   8.87556752e-01
  -8.13504414e-01
   1.79380537e-01
   3.99666086e-02
   8.79211237e-01
  -1.80818979e-02
   3.58312406e-01
  -4.69697622e-01
  -1.11196677e+00
  -2.00582727e+00
   1.11554720e+00
  -2.58237614e+00
   2.51701665e-01
   1.28584225e+00
  -6.48171606e-01
   5.36265480e-02
  -8.04702301e-02
   1.33670176e+00
  -4.77653833e-01
  -1.53362962e+00
   3.99996006e-01
   5.62604280e-01
   2.76632126e-01
  -1.12527438e+00
   7.24462470e-01
   3.77167553e-01
  -2.45623379e-01
  -1.72004333e+00
   2.27727310e-02
   1.64879252e+00
  -4.87262621e-01
   2.02020542e-01
  -1.01995621e+00
   6.15356957e-01
  -1.32198317e+00
  -7.95518148e-01
  -4.98877730e-01
  -2.25839741e-01
  -2.52789099e-01
  -1.16563575e+00
   4.40265228e-01
  -5.33985023e-01
   9.37439037e-01
  -1.10677902e+00
   1.81950195e+00
  -8.59396190e-01
   1.58578226e+00
   3.69027817e-01
  -2.93030472e-01
  -1.70274130e-01
   6.92149981e-01
  -6.17092664e-02
   1.51037975e+00
   1.67826308e+00
   1.42480291e-01
   7.94771304e-01
  -7.50047667e-01
  -1.20916401e+00
   2.21402196e-01
  -1.22651354e-01
   7.72181652e-01
  -7.16897002e-01
   1.71390018e+00
   3.87102937e-03
   1.15398289e+00
   8.56053858e-01
  -1.01357946e-01
  -1.67294827e+00
   6.57566874e-01
   8.41455748e-01
   1.79178094e+00
   2.82450035e-01
   6.18269534e-01
  -1.45975723e-01
  -6.80976764e-01
  -5.70943408e-01
  -6.79305621e-01
  -6.15695059e-01
   7.91040966e-01
  -8.89216814e-01
   9.92104293e-01
  -1.84477108e+00
   6.80468103e-02
  -4.43032157e-01
  -1.03537858e-01
  -3.47215969e-02
   1.67601830e+00
  -8.82201495e-03
   3.89665852e-02
  -1.57327090e-01
   1.15908209e+00
  -8.25615114e-01
  -1.52761978e+00
  -2.14748082e+00
  -1.10136328e+00
  -9.60805089e-01
  -1.33796404e-01
   1.31476834e+00
  -8.86752810e-01
   4.90286730e-01
  -1.06260683e+00
  -1.98527087e-01
  -4.77835126e-01
  -9.15277941e-02
   1.61238480e+00
   7.00923576e-01
  -2.80144682e-01
   1.74185068e+00
   3.88628129e-01
   8.45444891e-01
   4.62202893e-01
   1.58931076e+00
   5.10505292e-01
   6.05019750e-01
  -7.95973284e-01
  -3.90384028e-01
   7.46167893e-01
   1.35641554e-02
   4.76060107e-01
   6.26043879e-03
  -2.61418962e+00
  -5.34921566e-01
   4.85005257e-01
  -1.14908691e+00
   3.55453338e-01
  -1.12108869e+00
  -1.40496061e+00
   3.68539255e-01
  -7.76495424e-01
  -1.65733547e-01
  -5.83681685e-01
   5.34308311e-01
  -3.26171010e-01
  -8.93952279e-02
  -3.34251641e-01
  -3.28438027e-01
  -6.92485013e-01
   2.14055445e-01
  -1.60952070e+00
   2.01487916e+00
   1.36556653e+00
   2.40905864e+00
  -1.00704416e+00
   1.10030019e+00
  -1.27414470e+00
   2.08703930e-01
  -5.17185586e-01
   1.16560729e-01
   7.49640499e-02
  -1.21478909e-01
   8.06379974e-01
  -1.46921415e+00
   1.01057420e+00
  -1.01853485e+00
   1.66817966e+00
  -5.32073590e-01
   8.83417768e-01
  -5.88891329e-02
   1.26225060e+00
  -8.55322815e-01
  -5.02420649e-01
  -8.66598920e-01
  -1.92798816e+00
  -1.69355967e+00
   1.45093313e-01
   5.09565107e-01
   1.33798329e+00
   1.85410998e+00
   9.68951295e-01
   4.02391496e-01
  -1.37619771e-01
   1.12865607e+00
  -3.00511921e-01
   5.89301563e-01
  -2.27123915e+00
  -1.25823413e-01
  -2.36708547e+00
   8.42851443e-01
   2.92132867e-01
   5.05766144e-01
  -7.69822325e-01
   2.41004561e+00
   2.20804790e+00
  -3.64877034e-02
  -3.16404291e-02
  -1.43273093e+00
  -6.19012863e-01
  -1.00371883e+00
  -3.49317002e-01
  -8.08847003e-01
  -5.51929125e-01
  -1.01886943e+00
  -4.84892308e-03
   7.91018512e-01
   2.27407061e+00
   1.28224547e-01
   8.18781690e-01
  -1.07868095e+00
   1.39359733e+00
   2.00344363e+00
   7.62399982e-01
  -9.29395364e-01
  -2.74397617e-01
   3.56823316e-01
   1.84487921e-02
   6.56960425e-02
  -1.90234987e-01
   4.29491261e-01
   6.40411578e-01
  -4.36793758e-02
   1.22241290e-01
  -8.85286657e-01
  -1.63625773e-01
   5.24921639e-01
   7.29326580e-01
   9.50550840e-01
  -6.35287846e-01
   4.04585546e-01
   7.92911913e-01
   6.94729197e-01
  -4.97912721e-01
   7.53652495e-01
   7.76856469e-01
  -7.93870389e-01
  -2.42892476e+00
  -6.74790432e-01
  -4.38903736e-01
  -1.36455831e+00
   1.19742311e+00
   1.20936729e+00
   1.32476440e-01
   3.24098452e-01
  -5.61680180e-01
   1.54580305e+00
   5.28906297e-01
   5.19303370e-02
  -3.02716126e-01
  -1.61338778e+00
   8.83768464e-02
   6.11835199e-02
   1.77813252e-01
   9.00777689e-01
  -2.67687589e-01
  -5.04597782e-01
  -1.72642570e+00
  -9.01635641e-01
  -1.45349583e+00
   1.23056472e-01
   1.60848940e+00
   3.39460755e-01
   2.20503994e-01
   5.19706951e-02
  -8.70697756e-01
  -1.14653623e+00
  -1.16220198e+00
  -7.31701568e-01
  -6.41534726e-01
  -5.71989579e-01
  -6.92332384e-01
  -9.74065047e-01
  -2.04475329e+00
   2.03359375e+00
   5.31453724e-01
  -2.54255900e-01
   1.71126469e+00
   4.77287045e-02
  -1.61820715e+00
   7.99173042e-01
  -8.71042396e-01
   2.28037523e-01
   2.06230125e+00
   1.93585800e+00
   3.00901662e-01
   4.67794243e-01
  -1.38655690e+00
   1.01879569e-02
  -1.06402368e+00
  -4.05293747e-01
   1.04108236e+00
   8.29905564e-01
  -1.21866070e+00
   3.67651699e-01
  -2.24994687e-01
   3.15453807e-01
   1.06965172e-01
   2.52685513e-02
  -1.12599601e+00
   2.07428992e+00
   2.39592956e-01
  -9.12111656e-01
   2.85954217e-02
   9.71867586e-02
  -5.79664183e-01
   2.35950026e-01
   6.42735841e-01
  -2.70167572e-01
   3.05950421e-01
  -3.12075865e-01
  -7.82389754e-01
   5.00118614e-01
   1.34506126e-01
   7.86171886e-01
  -3.70126707e-01
   4.94147348e-01
   1.94412272e+00
  -1.24191797e+00
   2.25534575e-01
   9.36070847e-02
  -3.51739967e-01
   9.35404075e-01
   4.05643835e-01
   1.09599626e+00
   8.81737173e-01
  -1.04176520e+00
   3.57511803e-01
  -1.90995577e-01
   2.15319995e-01
  -1.90290022e+00
   1.19090752e+00
   1.17286794e+00
   1.85127264e+00
   5.53863576e-01
   5.84586962e-01
  -5.91865115e-01
   2.42933732e+00
  -5.59412421e-01
   4.73726771e-01
  -3.32737388e-01
   1.36551452e+00
   1.56777902e+00
  -1.01615631e+00
   9.16355540e-01
   1.55578913e+00
   2.33640796e-01
   6.93440124e-02
   9.64455947e-01
  -3.89675931e-01
   2.13275892e-01
  -1.06875148e-02
   7.55022729e-01
  -5.53524938e-01
   1.75386050e+00
   6.63033221e-01
  -6.88298129e-01
  -1.35761100e+00
   2.02451073e-01
   2.68496937e-01
   6.44831771e-01
   5.63993306e-01
  -4.46945045e-01
   2.01665215e+00
   9.52805206e-01
   5.72743642e-01
   5.91864465e-02
  -4.93872208e-01
  -1.45469822e-01
  -7.93752069e-01
   5.03613545e-01
   1.51194994e+00
   3.61590243e-01
  -2.11438170e+00
  -5.93845799e-02
  -8.95831497e-01
  -3.87036377e-01
   5.44422695e-01
   6.79317861e-01
  -8.91643626e-01
   5.15048129e-01
  -3.64091118e-01
   1.28238389e+00
   7.24197450e-01
  -3.45276769e-01
   8.58164824e-01
  -4.81571768e-01
  -1.29475247e+00
  -2.51650557e-01
  -1.36329617e+00
   2.34584117e+00
   1.67550145e+00
  -1.27893486e-01
   2.13410512e+00
   1.42638020e+00
  -1.36770296e+00
   8.45643626e-01
   4.61202676e-01
   2.53171904e-01
  -1.07895720e-01
   4.18750678e-01
   1.14517519e+00
  -4.47010538e-01
   3.24810617e-01
   5.06932571e-01
   7.20235179e-01
   4.44185737e-01
  -4.23631343e-01
   4.54512104e-01
   4.02569254e-01
   1.58381125e-01
  -1.06246318e+00
  -1.26210875e+00
   7.85411613e-01
   1.22768544e+00
  -2.00151192e-01
   1.83022220e+00
  -2.98285687e-01
  -3.86455579e-01
   1.72742763e+00
  -5.87005871e-01
  -2.05449322e+00
  -2.04235710e-01
   1.10377275e+00
  -1.31303688e-01
   1.23132441e+00
   1.31863405e-01
  -2.03005435e-01
  -1.53179695e-01
   8.64129242e-02
   3.06094442e-01
   6.66916614e-02
   2.00356196e-01
  -8.54524460e-01
  -1.64056924e+00
  -9.42974675e-01
   6.90938372e-01
  -6.82956050e-01
   8.11779379e-01
  -3.95147387e-01
   1.27071148e+00
   1.15591274e+00
  -9.98367200e-01
  -5.58668859e-01
   3.26831242e-01
  -9.86788293e-02
  -2.41815534e-01
   4.75908322e-01
   7.33426709e-01
   1.28101086e+00
   7.10352843e-01
   9.72830618e-01
   9.24775044e-01
   5.10166208e-02
  -5.09811021e-02
  -4.63408010e-01
  -6.93717999e-01
   1.74419577e+00
  -3.13778761e-01
   9.93668059e-02
   4.82479849e-01
   1.32118655e+00
  -2.93047706e-01
  -5.67362984e-01
   9.96601816e-01
  -6.19766899e-01
   1.88050536e-01
   7.71902850e-01
  -1.08173116e+00
   6.59907963e-02
   2.93760945e-01
   3.03063102e+00
   6.36383793e-02
  -8.00375490e-01
  -1.70890873e-01
   1.54071002e+00
  -3.75792170e-01
   4.70406508e-01
   2.90781235e-01
  -7.69387125e-01
  -1.97120048e+00
   1.06339195e+00
   5.59410309e-02
  -1.06582750e+00
  -6.09240429e-01
   1.47730003e+00
   6.68086708e-01
   1.17211292e+00
   2.92501734e-01
   1.23090190e+00
   2.27930880e-02
   1.58896183e-01
   1.13622861e-01
   2.27077378e-01
  -8.46550408e-01
   7.88683827e-01
   7.90810227e-01
   1.46820662e+00
   1.10946467e+00
  -2.53107108e-01
   1.35827251e+00
   1.72646493e+00
   3.22038324e-01
  -1.99543968e-01
   4.86742565e-02
  -1.15773056e-01
  -4.82938958e-01
  -4.86087397e-02
  -2.87901202e-01
   1.94916765e+00
   1.78799782e+00
   1.35852072e+00
   2.62390309e-02
   1.47449984e+00
  -4.90829443e-01
  -2.51283166e-01
  -1.50576438e+00
  -1.80279372e-01
   4.47753506e-01
   1.16699932e+00
   6.63344193e-02
  -3.79920848e-01
  -1.48059956e+00
   1.24977295e+00
   4.70960631e-01
   1.36639166e+00
   1.58655246e+00
   1.30484183e-01
  -3.68301785e-01
  -2.75266120e-01
   3.00760089e-01
   3.56906246e-01
  -2.24972941e-01
  -2.27899971e-02
  -4.42994556e-01
  -1.18225777e+00
   2.98102052e-01
   9.27972848e-01
  -1.97666439e-01
  -6.00088897e-01
  -1.48589045e-01
  -1.61573038e+00
  -1.78005550e+00
  -9.96908898e-02
   1.35198430e+00
   1.36250446e+00
   1.58701826e+00
   2.36068653e-01
  -1.19502042e+00
  -8.86581727e-01
   5.40650247e-01
   1.20724340e+00
  -1.91318297e+00
   1.38227900e-01
  -9.53710314e-01
   1.80169721e-01
   1.20387447e+00
  -9.93846153e-01
  -1.33518146e+00
  -4.94209952e-01
   4.97100622e-01
  -1.06732566e+00
  -1.10445052e+00
  -1.11620227e+00
   1.43654460e+00
   1.08819673e+00
   1.04005131e+00
   5.43713638e-01
  -1.66713430e+00
  -3.99588235e-01
  -7.38552930e-01
   5.29919232e-01
  -5.71003677e-01
   2.63429945e+00
   1.02366833e+00
  -7.62970392e-01
   8.44988798e-01
  -3.60836613e-01
  -2.10672071e+00
   1.72187774e+00
   3.59530402e-01
   9.73631231e-01
   1.13894221e+00
  -1.03240714e+00
  -1.59539522e+00
   2.89042667e-01
  -7.72593994e-01
   6.66263844e-03
  -5.60748369e-01
  -2.35112288e-02
  -9.64396643e-01
  -9.76900936e-01
  -2.18916169e-01
  -3.26240421e-01
   3.80869815e-01
   3.26851791e-01
   1.65799592e+00
   1.57468265e-01
   1.29378582e+00
  -3.09717270e-01
  -4.13316510e-01
   7.06436668e-01
  -1.94689464e+00
   1.18564162e+00
  -3.60108900e-01
   1.31646502e+00
  -8.82530141e-01
  -7.20000620e-01
   4.57597728e-01
  -9.48485176e-01
   3.13473386e-01
  -1.57078779e-01
   6.80565659e-01
  -2.39267578e-02
  -1.04456692e+00
   1.34608673e+00
   3.08921994e-01
   6.69208535e-01
   9.96968625e-02
   1.26324548e+00
   3.97041479e-01
  -4.64905006e-02
   5.75058932e-01
   1.08087570e+00
  -4.47944190e-01
  -1.71527872e+00
   3.81304338e-01
  -2.15798394e+00
   2.43388058e-02
   1.74119935e+00
  -6.85665030e-01
   1.98051881e+00
   4.27084356e-01
   1.49176668e-01
   7.56747125e-01
   6.81201940e-02
   8.85448209e-01
   1.79332640e+00
  -2.34667084e+00
  -3.34005354e-01
   3.85068048e-01
   9.12867407e-01
   5.94750413e-01
  -6.05078623e-01
  -4.35186540e-03
  -2.21421505e-01
   1.72832941e+00
   2.96120098e+00
  -9.68938743e-01
   7.91263728e-01
   1.94077086e-01
   2.42683547e-01
  -7.30620322e-01
   1.19916297e+00
  -5.02052304e-01
  -2.56305895e-01
  -1.33467216e+00
  -2.80074462e-01
   1.65438687e+00
  -9.27693367e-02
  -4.88912216e-01
  -1.20132419e+00
   1.16579652e+00
  -3.73571598e-01
  -7.42419346e-01
  -8.74463774e-02
  -5.17950642e-01
   8.67052733e-01
  -5.55624709e-01
  -8.25104618e-01
  -1.51482158e+00
   8.71552927e-01
  -3.60802669e-01
   1.34678529e+00
   6.55446009e-02
   4.03404735e-01
   3.08666264e-01
  -3.96029589e-02
   7.00756828e-02
  -3.22136087e-01
   3.35003635e-02
   2.20472352e+00
  -1.74543171e+00
   2.83289364e+00
  -1.89024962e+00
   3.71430297e-01
  -1.62979120e+00
  -3.88855224e-01
  -1.31729107e+00
   4.69141265e-01
  -1.09215734e+00
  -1.17706240e+00
  -2.20994979e-01
  -7.84438285e-01
  -4.02582928e-01
   1.34816996e+00
  -2.90552299e-01
  -9.46787494e-02
   5.88744362e-01
  -1.15498054e+00
   1.84940874e+00
   5.77030808e-01
   1.58715264e+00
   7.02581334e-01
  -1.83892916e-01
  -1.12134021e-01
  -4.22027438e-01
   2.60194735e+00
   9.96781783e-01
  -7.69539169e-01
   8.70620537e-01
  -5.71415800e-02
   1.48847389e-01
   4.92997275e-01
   1.65506686e+00
   6.32282454e-01
  -7.72364553e-01
   6.46182808e-01
   2.34421539e+00
  -2.30824014e-01
  -2.79683691e-01
  -6.99647199e-01
  -2.28366037e+00
  -1.93856377e+00
   9.87637607e-01
   9.02015698e-01
  -1.94934569e+00
  -8.58762712e-01
  -1.08485143e+00
  -1.38020599e+00
   3.05468393e-01
  -5.12787055e-01
   1.32766873e+00
   8.74191457e-01
  -4.41890591e-01
   1.35114690e-01
   2.10059373e-01
  -1.48587001e+00
   8.28751963e-01
   6.51013878e-01
   8.77792848e-02
  -1.08709660e+00
  -2.96152209e-01
  -9.77064149e-02
   7.01832474e-01
   6.39310597e-01
   1.41104523e-01
   1.64941380e-01
   1.33655918e+00
  -2.10608186e-01
  -5.91239437e-01
   9.60577066e-01
  -3.09096275e-01
  -1.08316358e+00
  -8.69554353e-01
  -1.78765149e+00
  -1.72860054e+00
  -1.37153048e+00
   6.22905614e-01
  -3.12353518e-01
  -1.14835272e+00
   1.43412410e+00
   7.40481226e-02
   1.50543146e+00
  -1.86112217e+00
  -3.74865891e-01
  -1.50855999e+00
  -6.41836370e-01
   3.99716677e-01
   1.90959260e-01
   1.06019555e+00
  -5.33155285e-01
  -8.05750865e-01
  -1.84377572e+00
   1.03364781e+00
   1.09395296e+00
   4.06892470e-01
  -9.64601284e-01
  -4.55333428e-02
   3.35104953e+00
  -5.88740838e-01
  -9.12107905e-01
   2.22374198e-01
   1.23440126e+00
  -8.12983888e-01
  -5.50410972e-01
  -2.42906031e-01
   8.98191066e-01
   9.70064940e-02
  -2.82877775e-01
   6.42104776e-01
   1.73636660e+00
  -1.28421415e+00
   4.53923499e-01
  -4.16071736e-01
  -7.19918019e-01
   9.91635521e-01
  -6.17351227e-01
   4.55899273e-01
   5.77270421e-01
  -2.27652041e-01
   1.18113505e+00
   1.71983784e+00
   3.49527193e-01
  -5.72689104e-01
   6.32342151e-01
  -1.79566324e+00
  -2.65418963e-01
  -3.57531061e-01
   1.12173871e+00
  -4.50223719e-01
   2.01311518e-01
  -1.81616514e+00
   8.87814195e-01
  -1.37565219e+00
   7.89782369e-01
  -9.69974552e-01
  -2.93571874e+00
  -3.01903931e-01
  -2.85661344e-01
  -6.69732365e-02
  -3.22444559e-01
   1.52177495e+00
   9.94056817e-01
  -7.00836091e-01
  -1.80645134e+00
   4.34638074e-01
  -1.30538856e+00
  -8.70674789e-02
  -6.84356109e-01
  -2.45215529e-01
  -5.63638665e-01
  -2.18672895e-01
  -9.30431826e-02
  -4.82212379e-01
  -9.90947144e-01
   1.59687863e+00
  -3.04979733e-01
  -1.97937799e-01
   1.70001104e+00
   1.84384812e-01
   1.53690796e+00
  -3.23619211e-01
  -5.60507312e-01
  -1.60472732e-02
  -7.47153701e-01
  -4.65514312e-01
   3.25275208e-01
  -1.79878212e+00
  -1.89653700e-01
  -1.76924936e+00
  -1.73967374e-01
  -1.37293739e+00
   1.21349978e-02
  -1.87504011e+00
   1.09681346e-01
   3.27615847e-01
  -1.05070570e+00
  -8.28424311e-01
   1.57773945e+00
  -2.15980353e+00
   6.37661514e-01
   2.89859888e-02
  -3.26875202e-02
  -2.79540300e-01
   3.09746915e-01
   4.44370668e-01
  -5.42018840e-01
  -1.85600905e+00
   8.93280351e-02
   2.06548324e-01
   3.25262019e-01
   4.44537062e-01
  -1.00301677e+00
   4.67018817e-01
  -1.70346336e+00
  -1.81604008e-01
  -1.80340796e+00
  -3.02303879e-01
  -1.06811101e+00
  -4.49330327e-01
   4.15358832e-01
  -3.10444229e-01
   1.08496357e+00
   1.71887291e+00
   1.01389561e+00
   8.85044832e-01
   1.09657888e+00
  -4.74830121e-01
   1.08339470e-01
   8.69567316e-02
   1.21425103e+00
  -1.57767149e+00
  -6.28382738e-01
  -6.27019229e-02
   9.50155553e-01
   2.16905349e-01
  -8.55933966e-01
   7.41127531e-01
   2.45281327e+00
  -2.77068676e-02
   9.01828073e-01
  -1.34350109e+00
  -1.28648280e+00
   2.32057755e-01
  -5.25789299e-01
  -2.80831741e+00
   1.95047882e-01
  -6.74267947e-01
  -6.08632658e-01
   1.28512530e+00
  -7.21759000e-01
  -1.93570126e-02
   1.02635496e+00
  -4.96015280e-01
   1.81268160e-01
   2.33908059e+00
  -3.81343432e-01
   6.07154795e-02
   1.00684920e+00
   1.20181159e+00
  -1.77425786e+00
  -1.13452733e+00
   2.35713325e+00
  -4.18171537e-01
   2.89483997e-01
  -2.33758782e+00
   1.88242053e-01
  -2.50259349e-01
  -7.31442012e-01
   1.19826956e+00
   6.00698872e-01
   1.88972619e+00
  -1.07464329e-01
   6.69931887e-02
  -1.87097298e+00
   2.98319616e-01
   3.45825233e-01
   5.01081122e-03
  -9.55922269e-01
  -1.94594641e+00
  -8.25336018e-01
   8.74704390e-01
   3.73650616e-02
  -3.26345487e-01
  -6.87960259e-01
   4.48107965e-01
  -1.14722358e+00
   1.43886998e-01
   9.77683829e-02
   6.80086788e-01
   1.55422166e-01
  -6.51182898e-01
   1.22552141e+00
   7.42445575e-02
  -4.54053021e-01
  -9.81383596e-01
   1.57916401e+00
   7.35490694e-01
  -1.20223064e+00
   3.24096673e-02
  -3.12786693e-01
  -9.84650757e-01
  -6.36699888e-01
   6.70705755e-01
   1.51843900e+00
   6.83345629e-01
   1.12465711e+00
  -3.87509295e-01
   4.79873559e-02
  -1.91103488e+00
   4.83043062e-02
  -9.69639613e-01
  -1.63181223e+00
   6.79734807e-01
  -7.32180147e-01
  -2.10954790e-01
  -4.70542552e-01
   1.58123075e+00
   9.26856325e-02
   1.00890244e-01
  -4.08796645e-01
   7.83769856e-01
  -1.40698748e+00
  -4.53164521e-01
   1.71014328e-01
   9.65927328e-01
  -2.54031659e-01
   2.81392263e-02
   1.19632136e+00
   5.94699472e-01
   1.02239443e+00
   1.39347104e+00
  -1.06982565e-01
  -2.46453381e+00
   1.12101047e+00
   7.09989845e-01
  -4.94609178e-01
  -4.09332780e-01
   2.51531214e-02
  -1.08977416e+00
   1.52792599e+00
   1.38735028e+00
   1.96359770e+00
  -9.05154998e-01
   1.71007947e-01
  -4.86352805e-01
   2.84922783e+00
  -1.11579149e+00
  -7.44976724e-01
   7.37077495e-02
   9.07847910e-01
   8.41016088e-01
  -5.09246615e-01
   8.11796669e-02
   8.88381603e-02
   5.49868200e-01
  -7.82671324e-01
   2.17021022e+00
   2.21314803e-01
   3.11092203e-01
   1.80681346e+00
   2.08513533e+00
   2.19629955e+00
   1.46190692e+00
   4.16690647e-01
  -1.32126749e+00
  -1.35111091e-01
   4.43020326e-01
  -5.79378965e-01
   7.54583238e-01
  -7.45517556e-01
  -6.77701998e-01
   1.15658647e+00
   3.06053642e-01
   1.04505740e+00
  -5.72480197e-01
   8.49436469e-01
  -4.13107941e-01
   7.93210338e-01
   4.88952903e-01
   4.18442939e-01
   1.32331444e+00
   4.41159560e-01
  -1.08475963e+00
   1.44793873e-01
  -7.80435121e-03
  -1.49828976e+00
   1.72591239e+00
   8.20890861e-01
   9.80996140e-01
   9.91973347e-01
   8.59580358e-01
  -4.58166954e-01
  -1.63533231e+00
  -4.59858571e-01
   1.54073948e+00
   1.38198499e-01
  -3.02047884e-01
   8.61474700e-01
  -1.01809800e+00
  -2.89919614e+00
  -6.82017648e-01
   1.52892696e+00
  -4.10168337e-01
  -1.18550433e+00
   1.32432768e+00
  -4.77047931e-01
   9.81369080e-01
  -4.86951605e-01
   4.85107226e-01
   4.22156017e-01
   5.73708957e-01
  -1.53320773e+00
  -1.15196895e+00
  -1.89751357e-01
   3.06673689e-01
   4.52085316e-03
   1.27017339e+00
  -2.13690131e-02
   5.76299080e-01
   7.05140987e-01
  -1.07287061e+00
   6.53902232e-01
   1.88980431e+00
  -1.99950617e-01
  -1.07872507e+00
   1.07701616e+00
   7.33336215e-01
   2.92791693e+00
   9.91978421e-01
   2.26500629e+00
  -1.59164126e+00
  -1.10552118e+00
  -2.43156982e-01
   2.51438607e-01
   9.05536950e-01
   3.34466362e-01
   4.74684499e-01
  -2.86677915e-01
  -1.14198735e+00
  -6.75218899e-01
   1.67120418e+00
   1.08473740e+00
   3.20844261e-01
   1.14294997e+00
   2.93966624e-01
  -2.40032813e-01
   1.10608642e-01
  -3.91928412e-01
   4.32469419e-01
   8.39065907e-01
   7.72501999e-01
   9.77459160e-01
   7.77780923e-01
  -5.19021762e-01
   4.94963761e-01
  -1.65482303e+00
  -4.25419467e-01
   2.67861437e-01
  -1.58365384e+00
   1.24379311e-01
  -8.03151510e-01
   1.21782321e+00
  -8.06988156e-01
   1.99617906e-01
  -1.36004478e+00
   8.01543952e-01
  -1.39030701e-01
   7.61443800e-01
  -5.67968440e-01
   8.95687766e-01
  -4.82887927e-01
   2.41014486e-01
   1.04441535e+00
   4.57359070e-01
   2.02617261e+00
   1.38189041e+00
  -9.38441126e-01
   6.18531627e-01
   5.97044488e-01
   2.35620256e+00
   1.86853893e+00
  -5.92625902e-01
  -1.25200578e-01
  -6.93693738e-01
  -1.22374204e+00
  -3.20915776e-01
   2.15425417e+00
  -1.86190615e+00
  -5.98195281e-01
  -4.17885818e-01
  -2.85563472e-03
   6.24596251e-01
  -1.69005260e-01
  -5.64506016e-01
   1.00737398e+00
  -1.41545698e+00
  -1.15355531e+00
  -5.59346413e-01
  -1.67692332e-01
  -7.28402952e-01
   2.44879526e-01
   5.41751639e-01
  -6.14499424e-02
   5.81371578e-01
  -1.12918425e-01
   7.67728680e-01
  -1.14810180e+00
  -1.80882120e+00
  -1.55601767e+00
  -2.17175839e+00
  -2.48559887e+00
   1.02496708e-01
  -4.34338797e-01
   1.52463858e+00
   3.06818655e-01
   1.57328921e+00
   1.14506701e-03
  -1.55873466e+00
  -1.13414098e+00
   1.02951208e+00
   1.75372995e+00
   1.54794435e+00
   2.25484932e+00
   3.28891368e-01
  -8.44700221e-01
  -1.27131136e+00
   4.08574177e-01
   1.51661223e-01
   1.51537517e+00
   4.10029084e-01
   3.23386681e-01
  -6.68448663e-01
  -1.22174819e+00
  -9.56804957e-01
   4.47430953e-02
   6.00925081e-01
  -5.64082717e-01
   8.75758738e-01
   5.40134291e-01
  -6.54274995e-01
   1.85900152e-01
   6.73322005e-01
  -3.06824085e-01
   6.75049099e-02
  -1.30679671e+00
   7.67133424e-01
  -1.35651325e+00
  -4.72875247e-01
  -3.23753350e-01
   1.21544255e+00
  -6.12783402e-01
   2.93080353e-01
   3.22537405e-01
  -1.27986733e+00
  -1.62030004e-03
   4.99532836e-02
  -5.37494484e-01
   3.79633175e-01
  -1.88688391e-01
  -1.72419369e+00
  -1.40473076e+00
  -6.05147162e-02
  -8.05763757e-01
  -6.83935859e-01
   1.44970109e-01
  -1.37300392e+00
  -1.30647441e+00
   1.35780129e+00
   1.34246769e+00
  -5.54484434e-02
  -1.37222072e+00
   6.56640372e-02
   3.54797567e-01
   4.75878643e-01
  -1.17495750e+00
   9.44493037e-01
  -1.60979956e-01
   4.38623367e-01
  -1.70227027e+00
  -6.75131025e-03
  -7.53961729e-01
   2.09820635e-01
   1.05898858e+00
   1.67391488e-01
  -4.55295357e-01
  -9.19918910e-01
   3.93461913e-01
   9.82064328e-01
   6.52665824e-02
  -6.21512862e-01
   1.96483365e+00
  -1.06276169e+00
   5.03576517e-01
  -7.97834700e-01
   1.09388621e-01
  -3.36126609e-01
  -1.29453446e+00
  -4.58996578e-01
   1.50893640e+00
   1.74232978e-01
   7.51165481e-01
   1.30476757e+00
  -6.94454384e-01
  -1.53008413e-01
  -1.52354233e-01
  -4.09083631e-01
   2.14111173e-01
  -8.27278788e-01
  -1.78730994e+00
   1.18738248e+00
  -1.27230971e-01
  -2.70774130e-01
   1.29949521e+00
  -1.68619150e-02
  -3.07390477e-01
   4.69094496e-01
   3.96447277e-01
   1.57149168e+00
  -1.58346530e+00
   1.13474398e+00
   6.21539900e-01
  -1.63989374e+00
   5.98574562e-01
   1.24263354e-01
  -1.55015432e+00
  -1.19981561e+00
   4.50332767e-01
   1.55012876e+00
  -1.15609355e+00
  -5.04771527e-01
  -9.64578631e-01
   4.15879907e-01
  -9.48747235e-01
  -1.54599279e-01
  -2.47672887e-01
   1.19222679e+00
   1.12808504e+00
   3.13785062e-01
   5.85885937e-01
   4.62204305e-02
  -1.82122848e-01
  -1.29644835e+00
  -1.08526846e-01
   7.72245072e-01
  -1.46404891e+00
  -1.85191655e-01
  -8.03660819e-01
   9.92924656e-01
  -2.26306454e+00
   3.23507164e-01
   2.11171199e-01
  -6.23670103e-01
  -8.63718770e-01
  -1.15350646e+00
   2.54217644e-01
  -3.80068840e-01
  -1.74938015e+00
  -8.21809839e-01
  -1.28111780e-01
  -4.22219115e-01
   1.22444193e+00
  -1.38110637e-01
   3.01237408e-01
   1.32742276e-01
   7.11831978e-01
   4.35325583e-01
   1.12180593e+00
  -2.26963175e-01
  -1.40096389e+00
   6.82221274e-01
   3.27186444e-02
   8.76928025e-02
   8.70724907e-01
  -4.12082023e-01
  -8.31236523e-01
  -9.25496246e-01
  -1.73522704e+00
   2.15369345e+00
  -3.70960764e-01
  -7.90687652e-01
   5.09059743e-01
   1.46026424e+00
   7.46570299e-01
  -1.50772857e+00
  -9.61287516e-01
   3.11493672e-01
  -4.76758651e-01
   8.87951417e-01
  -6.28139197e-01
  -1.33920926e+00
   7.05836297e-01
  -1.90029803e+00
  -6.98649182e-02
   2.08258990e+00
   1.94819929e-01
  -1.16730434e-01
  -6.15517836e-01
   6.51462964e-01
   1.13256255e+00
   6.52979020e-01
   1.98968938e-01
  -6.22775113e-01
  -1.78424707e+00
  -3.89882327e-01
   1.63987721e+00
  -9.01780205e-01
   4.98177426e-01
   1.36744351e+00
   4.28300535e-01
   1.21749365e+00
   5.89869731e-01
  -2.34571484e+00
   3.53461195e-01
   6.53409395e-01
   1.66791915e+00
  -4.67578870e-01
  -6.92761399e-01
  -6.44991847e-01
   7.93005075e-01
   6.53431457e-01
  -5.04189812e-01
  -6.14818656e-01
   7.12861897e-01
   5.43145015e-01
   3.83194880e-01
   8.82870983e-02
   8.02606021e-01
  -4.52862165e-01
   1.09188135e+00
  -2.54108870e-01
  -2.44272014e+00
   7.02705729e-01
   6.05664826e-03
   6.46704715e-02
  -3.23163829e-01
  -2.38309947e-01
  -1.42206056e+00
   8.97720738e-01
   5.09782649e-01
  -2.21118455e-01
  -6.74048071e-01
   1.26942857e-02
   3.53346649e-01
   7.60993016e-01
  -2.98829306e+00
   2.71212869e-02
   3.35293946e-02
  -1.00636716e+00
   9.33414204e-01
  -1.43251979e+00
   6.93094673e-01
   6.97764523e-02
   7.28586543e-01
  -3.57692466e-01
  -3.73743808e-01
  -6.19184247e-01
  -3.53773685e-01
   8.46390489e-01
  -2.48084706e-01
   5.24296997e-02
  -1.11453373e+00
   1.04684987e+00
  -1.11115182e+00
  -1.10348425e-01
   1.87529707e+00
  -6.86377256e-01
   1.11524952e-01
   1.60284225e+00
  -1.21436035e+00
  -1.32269625e+00
   1.01699558e+00
  -5.95387949e-01
   3.69804393e-01
  -6.71554522e-01
  -3.55633523e-01
   4.75051088e-01
   4.15665108e-01
   9.89173920e-01
  -9.73727171e-01
   9.84536086e-02
  -8.86149824e-01
  -1.17659346e+00
   7.46983214e-01
   6.54577421e-01
  -2.54699581e-01
   2.49003073e-01
   4.68932909e-01
  -1.80661555e-02
   2.14573833e+00
   1.46046201e+00
  -5.53901707e-01
   2.00383717e+00
   1.73683129e+00
   3.78358154e-01
  -1.02917091e+00
   7.76654728e-01
  -3.35180120e-01
   3.06931128e-01
  -2.12500604e+00
  -3.58505521e-01
   8.40505532e-03
   9.95732298e-01
   1.32631119e+00
  -8.56229412e-01
   5.87587624e-01
   8.52536502e-02
  -1.50513251e-01
  -1.75228050e-01
  -1.07862967e-01
   1.19377778e+00
  -2.04299497e-01
   1.43835135e+00
   8.42420134e-01
   5.32004548e-01
  -9.28326040e-01
  -1.42075943e+00
   4.06274542e-01
  -4.49614346e-01
   2.78493259e-01
  -1.02422349e+00
  -3.87202612e-01
   5.00893427e-01
   1.19482731e+00
  -1.29787112e+00
   1.68111074e+00
  -1.23885806e-01
   1.04452947e+00
   5.26806912e-01
  -9.40946815e-02
  -2.32247349e-01
   6.29524594e-01
   7.19851700e-01
   4.88675821e-01
   1.80776886e+00
   1.12246279e+00
  -7.49891072e-01
  -5.79221875e-02
   1.95059573e+00
  -1.53834910e+00
   1.68842421e+00
   1.16951173e+00
   1.52035630e+00
   8.62145413e-01
  -1.05039973e+00
  -2.59741009e-01
   6.29623157e-01
  -9.34215952e-01
   1.04782203e+00
  -5.52298664e-01
  -3.85413802e-01
  -1.33917363e+00
   9.51072403e-02
  -1.30861265e+00
  -2.16534370e+00
  -4.58934470e-01
  -8.22029320e-01
   4.07646075e-01
  -9.58688769e-01
   1.95592007e+00
  -1.20078502e+00
  -1.88408924e-02
  -9.14367345e-01
  -7.84163850e-01
  -1.10890839e+00
   1.66435391e+00
  -1.40509729e+00
  -8.36706308e-01
   9.59581023e-01
   1.67084585e+00
  -1.15293957e+00
   2.00678779e-01
   2.27165796e-01
   4.76092985e-02
  -1.64589895e-01
   1.22729610e-01
  -4.66610133e-01
  -5.31939219e-01
  -4.75485960e-01
   7.95385328e-01
  -1.22280542e-01
   1.41456780e+00
   1.40661879e+00
   7.99070731e-01
  -6.38659556e-01
   8.41489217e-02
  -2.41254853e+00
   7.84230584e-01
  -1.12217003e-02
  -9.07118950e-01
   4.87715462e-01
  -2.21597874e-01
   8.82939001e-01
  -2.01746485e-01
  -3.62757712e-01
  -1.60336598e-01
  -1.24875186e+00
  -1.04081103e+00
  -1.62062332e+00
  -7.59311431e-01
   1.28319273e+00
  -1.43005836e-01
  -5.35353326e-01
  -1.74378859e+00
  -5.54515027e-02
   5.95989342e-01
  -1.55163964e+00
  -4.94972817e-01
   5.99434478e-01
   7.62417265e-01
  -3.15844703e-01
  -2.78530269e-01
   2.16111948e+00
  -1.37879545e-01
   5.76717112e-01
  -1.67248039e+00
   1.55030193e+00
   1.43906481e+00
   3.37533647e-01
   1.41144012e+00
   2.09008808e+00
   9.46295079e-01
  -1.04333674e+00
   1.62271263e+00
  -2.96461582e-01
  -2.43065732e-01
  -1.24348802e-01
   5.24002543e-02
   3.21444412e-01
  -2.97743082e-01
  -9.93333125e-01
   2.10229310e-01
   1.70992105e+00
  -1.67175163e+00
   6.10125289e-02
  -1.05510828e+00
   4.72924901e-01
  -4.48362779e-01
  -1.02132139e+00
  -1.15707464e-02
   1.00222249e-01
   1.78654481e+00
  -8.75542909e-01
  -4.51720586e-01
  -4.81650992e-01
  -2.60686766e-01
   3.84864749e-01
  -1.14859393e+00
  -1.04898635e+00
   8.07551532e-01
   2.13158808e+00
   7.98463785e-01
  -2.73896252e+00
  -2.83625529e+00
  -7.78669399e-01
  -2.38325502e-01
   1.80931829e+00
   7.09336201e-01
   4.25128826e-01
   6.80450897e-01
  -5.24872345e-01
  -1.21532363e+00
  -6.30278452e-01
  -7.97880188e-01
   3.70389219e-01
  -1.03565943e-01
  -2.46316497e+00
   1.20987475e+00
  -1.69689975e+00
  -5.20709676e-01
  -9.29065226e-01
   1.48350877e-01
   1.14935028e+00
  -4.35659383e-01
  -3.26316277e-01
  -7.40488400e-01
   1.84759793e+00
  -8.99516417e-01
   1.78588693e-01
   8.20246683e-01
  -4.98375526e-01
  -1.47477850e-01
   6.64825970e-01
   1.60240702e+00
  -5.27802304e-01
   2.27734869e-01
   3.96951126e-01
  -2.85213073e-02
   9.75850534e-01
   6.27163648e-01
   7.23986619e-01
   2.60338036e+00
   2.39562921e-01
  -4.09290101e-01
  -6.90709917e-01
   1.20731496e+00
   5.19317702e-01
  -4.54489430e-01
  -1.16573070e+00
  -1.28980107e+00
  -1.65087710e+00
  -3.89621203e-01
  -1.13476807e+00
   7.26503173e-01
   1.36166451e+00
   2.32247173e+00
  -2.12263959e+00
  -7.60399733e-01
  -2.95562226e-01
   1.16897035e-01
  -2.36917165e-01
  -4.35969692e-01
  -7.11538333e-01
   7.83677954e-01
   1.70539841e+00
  -7.39548837e-01
  -1.87683133e-01
  -1.18403235e+00
  -1.09034490e+00
  -5.47998189e-01
  -1.30923436e+00
  -4.21158098e-01
   1.59662171e-01
   5.32827115e-01
   1.50579506e+00
   1.00920902e+00
  -2.83238375e+00
  -6.81861464e-01
   2.73032460e-02
   4.55618068e-01
   3.42606680e-01
  -3.65953216e-01
   6.85952248e-01
  -4.02252978e-01
  -2.25304963e-01
   1.15057195e+00
   1.07955080e+00
  -7.57984162e-01
   3.96615070e-01
   1.78137554e-01
  -3.97711801e-02
  -4.37158588e-01
   1.44325948e+00
  -7.08965462e-01
   1.54088054e+00
  -4.25489979e-01
   3.42105175e-02
   1.36479230e+00
   4.79490800e-01
  -7.38999218e-01
   1.69082247e-01
   3.76258018e-01
  -1.72110048e+00
   5.66966018e-01
   2.52981625e-01
   1.13749130e+00
  -1.38382728e+00
  -1.13741636e-01
   5.70953237e-01
   2.07586057e+00
  -3.69447448e-01
  -7.18004641e-01
  -9.37504069e-01
  -1.51808966e+00
  -5.03558839e-01
  -8.89491039e-01
   8.22123043e-01
   1.10490648e+00
   8.27595812e-01
  -8.37089289e-02
  -4.82089833e-01
   2.13531401e-01
  -5.11639813e-01
  -6.84988467e-01
   2.47733898e-01
   9.15863051e-01
   1.81309244e-02
   6.26766266e-01
   5.28231467e-01
   1.17195161e-01
  -1.90334353e-01
  -1.58073109e-01
   9.16840146e-01
  -7.41409593e-01
  -4.98930025e-01
  -4.78033106e-01
  -2.16264304e-01
   7.04936914e-01
   1.01015199e+00
   5.16233123e-01
  -1.33441151e-01
   4.85539519e-01
   1.23699859e+00
  -6.07800034e-02
  -1.32454177e+00
   2.11583495e-01
  -1.55709089e+00
   1.07403315e+00
   3.37700180e-01
   1.81951325e+00
  -7.15651457e-03
  -1.20956444e+00
  -8.26965068e-01
  -1.33855276e-01
   4.56664752e-01
  -1.32213035e-01
  -4.16879605e-01
   3.46237271e-01
   3.82497572e-01
  -5.88613054e-01
   4.11990202e-01
   3.36119396e-01
  -1.54684454e+00
   9.06589830e-01
  -2.32757437e-01
   4.21252934e-01
  -7.86863413e-01
  -1.44229228e+00
   1.52182847e+00
  -4.13780338e-01
  -2.76970214e-01
  -9.27129665e-02
  -2.08623883e-01
   1.15607722e-02
   1.00852344e+00
  -1.72001695e+00
   1.61157694e+00
  -3.39860340e-01
   1.74312378e-01
   7.96311847e-01
  -6.48979147e-01
  -6.84257209e-01
   7.08555736e-01
  -8.20694172e-01
   9.00149574e-01
   3.41858288e-01
   3.85235716e-01
  -5.75501400e-01
  -5.80173454e-01
  -8.34294017e-01
  -4.60927098e-01
  -8.10889277e-02
   9.26296017e-02
   2.30401685e+00
   4.95117481e-01
  -4.57919853e-01
  -2.05287921e-01
  -1.90379392e-01
   9.73410355e-01
  -1.63533577e+00
  -4.39000668e-02
   2.79197009e-01
  -1.03118714e-01
  -2.41463706e-01
  -9.46167559e-01
   1.98459246e+00
   6.50312250e-01
   1.88518923e-01
  -3.03784420e-01
  -4.31559017e-01
   4.79195654e-01
   2.69940241e-01
  -8.17201321e-01
  -1.06660935e+00
   7.07766251e-01
   7.59272992e-01
  -3.00725707e-01
   2.16676608e-02
  -7.20493003e-01
  -2.95606838e-01
  -4.02108355e-01
  -1.67058278e-01
  -6.77727884e-02
   9.74922756e-01
  -6.08112657e-01
  -2.60105142e+00
   1.11781307e+00
  -1.56494770e+00
   6.94180862e-02
  -5.85447255e-01
  -9.59420217e-01
  -1.41813827e+00
  -7.31801183e-01
   1.48835549e+00
  -4.15537401e-01
  -1.68425003e+00
   3.18180430e-01
   1.56913889e+00
   2.76707743e-01
   2.24329417e-02
  -2.31818075e-01
  -3.95569943e-01
   5.04103564e-01
  -1.25951639e+00
  -2.77499477e-01
  -1.87773026e+00
  -4.44878519e-02
  -9.53716126e-02
  -6.24086749e-01
   8.26402999e-01
   6.78269966e-01
  -1.48354793e+00
   2.63075341e-01
   1.75282250e+00
   1.27161845e+00
  -3.17469434e-01
  -4.61894240e-02
  -5.97619859e-01
   4.15452963e-01
  -4.58768827e-02
  -6.94198138e-01
  -9.89380460e-02
  -1.54600640e+00
   5.53203031e-01
  -1.37697233e-02
   5.89358177e-01
   1.13639381e-01
   7.87266508e-01
   5.99873510e-01
   1.60186886e+00
   3.98522120e-01
  -1.63921357e+00
   7.68769017e-01
   8.28323837e-01
   4.11753672e-01
  -1.83090287e+00
  -1.46765191e+00
  -4.85992830e-01
   6.52237013e-01
   2.28144137e-01
   5.33713799e-01
  -1.67661417e+00
  -7.38511842e-01
   1.56602233e+00
  -3.95271826e-01
   2.59653265e-01
   1.09634858e+00
  -1.40037523e+00
   6.77799742e-01
   7.19177327e-01
   2.25870699e-01
  -3.91061274e-01
  -4.19012947e-02
   1.17701143e-02
   1.11129949e-01
   6.14311853e-01
   3.27729904e-01
   5.08526446e-01
  -9.10485552e-01
  -9.87981064e-02
  -7.00815882e-02
  -7.98300691e-01
   7.42108666e-01
  -1.78881983e-01
   6.78340436e-01
   9.71434119e-01
  -1.44281688e-01
   1.11838433e+00
   1.45333501e+00
  -8.44796974e-01
  -3.83132261e-01
  -1.26904150e+00
  -2.36411348e+00
  -1.54944793e-01
   8.04174571e-01
   8.06133264e-01
  -3.10717029e-01
   3.53503244e-01
  -4.42076333e-01
   7.98088378e-01
  -2.54626094e-01
  -2.25093507e+00
   4.37584724e-01
   1.52846837e-01
  -2.41262876e+00
   7.18147509e-01
  -1.51431003e+00
   3.84040269e-01
   1.90711048e+00
  -1.24443869e+00
  -1.67216207e+00
  -1.14558892e-01
  -2.04795054e-01
   3.58617980e-01
   1.15864082e+00
   2.92698237e-01
  -6.97377210e-01
   6.77551648e-01
  -2.97674439e-02
   5.91084966e-01
   2.00602179e+00
   5.55409271e-01
  -2.41592237e-01
  -7.49775275e-01
  -2.29081403e+00
   4.12125411e-01
   5.84839683e-01
   9.31772548e-01
  -4.49114644e-01
   1.65218851e+00
  -1.33329862e+00
   1.14599252e-01
  -1.56797433e-01
  -1.21891961e+00
  -1.53432683e-01
   2.12597222e+00
  -3.80721263e-01
  -1.25742249e+00
  -1.77202430e-01
   3.19410770e-01
  -1.10648920e-01
   1.40199483e+00
   2.97832932e+00
  -6.02494499e-01
   6.95220590e-01
   1.54731782e+00
   4.97648981e-01
   1.82020881e+00
  -2.82124294e-01
  -5.08870175e-01
  -1.45768349e+00
   8.05752242e-03
   6.27480501e-01
   1.16763315e+00
   4.12001772e-01
  -1.36751620e+00
   1.15030710e+00
  -1.11910718e+00
  -1.61042586e-01
   1.63807059e+00
  -2.83141353e+00
  -1.44867560e-01
   9.58768885e-01
  -1.16189486e+00
  -1.76838761e+00
  -7.13524990e-02
   1.74196127e-01
   5.47076748e-01
   4.88916009e-01
   5.90598840e-02
   1.73324883e+00
  -1.06126565e-01
   1.09543997e+00
   8.60024611e-01
   8.56021089e-01
   8.04028398e-01
  -1.63738085e-01
  -7.22326552e-01
   7.64570906e-01
  -5.66268374e-01
   1.56573371e+00
   2.64339759e-01
   1.26837500e-01
   3.26814086e-01
   4.56461806e-01
  -3.33148449e-01
  -1.29222251e+00
   2.72402450e-01
   2.68396520e-01
  -1.89038336e+00
  -1.62021876e+00
   3.24944990e-01
  -4.44439247e-01
  -1.36149898e+00
  -1.88863018e-02
   1.95141313e+00
   1.04732289e+00
  -8.40714299e-01
  -6.11405523e-02
   8.68869126e-01
   5.70204233e-02
   5.84149429e-01
  -7.14942042e-01
  -8.42961048e-01
   3.61344516e-01
   1.87508466e+00
   1.86512059e-01
   1.15597800e+00
   6.38011997e-02
  -1.60577932e+00
   5.31927534e-01
   1.39662777e+00
  -7.84820224e-01
   1.06126538e+00
  -2.19693871e+00
  -2.00339495e+00
  -3.84901861e-01
   1.65069331e-01
   4.74886156e-01
  -5.40697777e-01
  -1.59076516e+00
   1.80775671e+00
   1.27106397e+00
  -1.21407606e+00
