  -9.77887188e-01
   1.56296092e+00
  -5.72108223e-02
  -1.08886460e+00
   1.94194325e+00
  -5.03779506e-01
   1.06645632e+00
   1.98704477e+00
   1.33849234e+00
   1.43850324e+00
   3.69630823e-01
  -5.35579610e-01
   4.03187297e-01
  -1.02530610e+00
   1.26798594e+00
   2.34416874e-01
  -8.08162297e-01
   7.28349004e-01
  -1.88091110e-01
   1.72299988e+00
  -1.16832752e+00
   4.18944327e-01
   3.08706024e-01
  -2.05866393e+00
  -1.43226472e+00
   8.09329836e-01
  -1.13495942e+00
   1.60079795e+00
   1.74246556e-01
   7.18341427e-01
  -1.25597622e+00
   1.36547552e+00
   1.09458389e+00
  -4.92761232e-01
  -1.70446656e+00
   3.44844476e-01
   1.25251846e+00
  -4.37917311e-01
   5.14626077e-01
   3.85952069e-02
   1.86980061e+00
  -2.66662529e-01
  -2.53721442e-01
   2.08681550e+00
  -5.59935027e-01
  -9.65293315e-02
   4.46367892e-01
   1.74446872e+00
   9.53854937e-01
  -1.91901822e+00
  -1.42493567e-01
  -6.80551339e-01
  -5.55932810e-01
   6.58319606e-01
   3.53465291e-01
   2.14491081e+00
  -6.14258443e-01
  -1.34171970e+00
   2.20654465e+00
   6.54847082e-01
   1.29043666e-01
  -6.28993843e-01
  -2.84978271e-01
  -4.96533372e-01
  -1.82869751e-01
   5.59597993e-01
  -2.97026832e-01
   1.67529548e-01
  -3.47581383e-01
   4.39342603e-01
  -8.71989236e-01
  -4.02131956e-01
   2.46642992e-01
  -8.80012910e-02
   9.86343567e-01
   1.25574053e+00
  -1.94418547e+00
   1.09547488e-01
  -3.34583235e-01
   8.12816228e-01
  -2.99722521e-01
  -7.04182495e-01
  -1.09559695e+00
  -1.08519159e+00
  -4.02294519e-01
  -1.45895321e+00
  -8.46356491e-02
  -1.43145334e+00
  -2.89255421e-03
   1.15097529e+00
   9.33064571e-01
   1.52853475e+00
  -1.46203579e-01
   4.40958385e-02
   1.10917627e+00
   1.83079462e+00
  -5.88659373e-02
  -1.28935003e+00
  -3.68672644e-01
   8.40260527e-01
  -1.29137692e+00
   7.93808510e-01
   1.09912670e-01
   1.12633930e-02
  -1.26344634e+00
  -5.63631276e-01
  -7.23895917e-01
   2.90321735e-01
   1.37827860e+00
   3.49253864e-01
   2.83321562e-01
  -3.22029547e-01
  -6.67730413e-01
  -7.36216619e-02
   5.67048753e-02
   2.86466553e-01
   5.57202778e-01
   1.05577834e-01
   6.13182944e-01
   4.96195842e-01
   7.82225233e-01
   1.24133696e-03
   1.39169579e+00
   1.42786857e+00
   3.70898433e-01
  -4.34661145e-01
   2.23078877e-01
   1.04725648e+00
  -8.31932505e-01
   6.98998137e-02
   2.01262796e+00
  -1.92721386e+00
  -4.36435050e-01
   5.27212912e-01
   8.35551119e-01
  -2.26878998e+00
   2.43156052e-01
  -1.33184871e+00
  -1.90630895e+00
   3.58562700e-01
  -7.06703128e-01
  -1.56832768e-01
   1.03927581e+00
   1.83284511e-01
   1.31236126e+00
  -1.03597440e+00
  -7.78756949e-01
   6.26299517e-01
   2.85920860e-01
  -1.06192535e+00
   1.52692794e-01
   1.84461757e+00
   6.34845954e-01
   2.08403443e+00
   7.23654577e-01
  -1.00705706e+00
  -2.37493574e+00
   5.65947311e-01
   1.11161898e+00
   5.02477187e-01
  -1.12341836e+00
   3.43695963e-01
   1.57074528e+00
  -1.56283953e+00
  -4.66366719e-01
   5.68425158e-01
   8.10253537e-01
   4.64681059e-01
   4.32007942e-01
  -1.57669196e+00
  -2.20678228e+00
  -9.96712696e-01
   4.35607797e-01
  -9.15096092e-01
   1.58607680e-01
   5.56954761e-01
   2.28002303e+00
  -1.13471148e+00
  -4.04860334e-01
   7.76202088e-01
  -8.59502921e-01
   4.50743900e-01
   3.35058693e-01
  -1.78600229e+00
  -5.21813046e-01
  -1.14744123e+00
   2.40211867e-01
   3.95715239e-01
   1.23297913e-01
  -1.23326439e-01
   4.92903564e-01
   1.40591361e+00
  -9.61077740e-01
  -5.00672247e-01
   1.86182417e+00
  -4.16415490e-01
   7.95948926e-02
   1.06174527e+00
   9.27069814e-02
   8.27701783e-01
  -4.50900336e-01
   1.57084358e+00
  -3.89311573e-01
   2.84114606e-01
  -7.76570467e-01
  -7.18485060e-01
  -1.78141816e+00
  -2.82536570e+00
  -1.90643507e+00
  -9.07683354e-01
  -4.39690642e-01
   1.02170155e+00
   1.33956748e+00
  -4.98187659e-02
  -7.25071450e-01
   1.71176935e+00
  -2.95299284e-01
  -6.46785566e-01
  -1.99872972e+00
   3.70760435e-01
   2.88065847e-01
   9.68661070e-01
  -1.10105675e-01
   7.35391996e-01
  -8.30440822e-01
   1.73556903e-01
   1.40682044e+00
  -1.25362660e+00
  -1.70387957e+00
   1.22784658e-01
  -1.34522861e-01
  -3.14536997e-01
   1.36975188e+00
  -4.41839578e-01
  -1.86880914e+00
  -1.75662565e+00
   7.41349975e-01
   6.93425345e-01
  -2.00025212e+00
   1.91221407e+00
  -7.26852186e-01
   4.63104880e-01
   1.25481736e+00
   1.80194513e+00
  -1.56185452e+00
  -4.06865330e-01
  -1.07671176e-02
  -3.54440591e-01
  -1.52151902e+00
   1.60929106e-01
  -7.20754019e-01
   9.83430024e-01
   4.14329777e-01
  -2.04809158e+00
   6.24387919e-01
  -3.38078574e-01
  -2.62151181e-02
  -4.38116722e-01
  -9.61894459e-01
   8.44385888e-01
   4.78950175e-02
   3.99061441e-01
   9.57706064e-01
  -1.67218304e-01
   1.16545365e+00
  -1.26981507e+00
  -1.54898754e-01
   2.65419848e-01
   9.07938299e-01
   1.52747727e-01
   1.27166167e+00
  -1.13836056e+00
  -5.94415540e-01
   4.15384753e-01
   1.04225264e+00
   2.03238428e+00
   6.93407109e-01
  -2.56379140e-02
  -2.04458674e+00
  -5.18927706e-01
  -2.53624636e-01
   2.04250633e-01
  -1.18124608e+00
  -2.28226539e-01
  -2.77936384e+00
  -5.30671558e-02
  -7.95581609e-01
   1.12562823e+00
   2.47387772e-01
   6.36038487e-01
  -9.03207560e-01
  -4.56723487e-01
   3.28259337e-02
  -6.20095841e-01
   3.75420203e-01
  -5.00455708e-01
   1.01832907e-01
  -1.62358449e+00
   1.61904879e+00
  -1.03579942e+00
  -6.51926245e-01
   9.17170498e-01
   1.78278478e+00
  -5.74035462e-01
   7.27162336e-01
   5.08526470e-01
  -1.73557815e+00
   1.63882504e+00
   7.87301502e-01
  -2.88468565e-01
   8.94800435e-02
  -5.21456463e-01
   2.45579572e+00
  -4.89455366e-01
  -1.06185247e+00
   1.99375238e-01
  -3.88272568e-01
   1.35937777e+00
   1.30140571e+00
  -1.31890877e+00
   2.29969381e-01
   3.75490207e-01
   2.17530963e-02
  -3.64893072e-01
  -7.90859415e-01
  -1.52196855e+00
  -1.01087669e+00
  -3.63335168e-01
   7.16712821e-01
  -1.31853671e+00
  -1.32924818e+00
  -4.07549157e-01
  -7.20710960e-02
   2.35563023e+00
  -1.27864126e+00
   1.55287455e+00
   1.29784054e-01
   2.11123925e+00
  -5.97957711e-01
   6.43676792e-01
  -5.16259777e-01
  -5.90520629e-01
  -7.56566155e-01
  -6.73398342e-01
  -4.23921778e-01
  -7.44990386e-01
  -1.85799075e+00
   5.07340712e-01
  -8.36749007e-01
  -1.02892045e+00
   7.08566852e-01
  -1.70518134e-03
  -9.91032278e-01
   3.84858166e-01
  -2.12487045e-01
   2.23650937e+00
  -4.03777936e-01
  -1.01542273e-01
  -1.65094797e+00
  -5.12243571e-01
   1.68808516e+00
  -9.46806652e-01
   2.08284959e-01
   4.08567680e-01
   5.81884486e-01
   4.57854355e-01
   5.18638980e-02
   1.04690916e+00
   7.20652162e-01
  -1.86166342e+00
  -5.10371597e-01
   2.04360936e+00
   1.31492259e-01
  -7.64376748e-01
  -1.83762407e-01
  -1.35526001e+00
  -3.88798085e-01
   1.06135212e+00
   7.70007152e-01
  -8.75672247e-01
   3.09474260e-01
  -4.70795868e-02
   9.33028699e-01
  -6.45511452e-01
   7.10834609e-01
  -3.07128196e-01
  -1.44893937e-02
   8.86001644e-01
   8.17138379e-01
   7.76637460e-01
  -6.59599830e-01
   4.44470579e-01
  -1.52804320e-02
  -6.04133315e-01
  -6.82831225e-02
  -1.52107379e+00
  -5.24593678e-01
  -3.07134525e-01
   1.19679095e-01
  -2.85954090e-01
   8.30664914e-02
  -3.91286836e-01
   1.39326051e-01
   9.01460652e-01
   6.06397843e-01
  -1.42146158e-01
   1.45217401e-01
  -4.46248820e-02
  -9.31813219e-02
   1.39937605e+00
  -2.99019906e-01
   2.51035262e+00
   3.76692076e-03
   4.33310114e-01
   1.33671857e-01
   1.91306119e+00
   5.70969952e-01
  -2.95258641e-01
  -3.69986144e-01
   7.20065431e-01
  -1.63705440e+00
  -4.32625509e-01
  -6.47102380e-01
   5.20630627e-01
   1.83955131e-01
   6.88837790e-01
   1.65408049e+00
   3.25371506e-01
   7.25048768e-01
   9.60187326e-01
  -8.03195152e-01
  -1.38335133e+00
   8.82804606e-01
   1.14138964e+00
  -4.72838239e-01
  -1.08814110e+00
  -2.00854118e-01
   7.93710080e-01
  -8.71834087e-01
  -4.66140249e-01
  -2.26299725e-01
  -1.50959732e+00
   3.90821215e-01
  -6.95204267e-02
  -8.57173974e-01
   4.95709391e-01
  -4.56289011e-01
  -7.75248531e-01
  -4.27098850e-01
   3.70777446e-01
   1.68761188e-01
  -1.89850693e-01
   5.25006670e-02
  -3.34624459e-01
  -8.64477141e-01
   4.79671119e-01
  -1.25439612e+00
  -3.03898332e-01
  -1.19653117e+00
  -1.27715244e-01
   3.19173534e-01
  -1.57723612e+00
  -1.13217903e+00
  -1.48112014e+00
  -1.57225418e+00
  -2.47189221e-01
  -9.68477548e-01
  -2.30652041e-01
  -1.74496098e+00
   4.66943761e-02
   9.22116119e-02
   4.30592057e-01
  -5.60224239e-01
  -1.51087836e-01
  -7.35628409e-01
   3.51999011e-01
  -5.03156335e-01
  -6.97310722e-01
  -7.39827066e-01
   1.21267309e+00
  -5.49746898e-02
   3.19147184e-01
  -1.68925833e+00
   6.95482552e-01
   3.57034852e-01
  -1.05708997e+00
   6.71870848e-02
   7.91552440e-01
  -3.19053688e-01
  -1.58762549e-01
   3.57543284e-02
   3.06018400e-02
   1.70679602e-01
   5.23056349e-01
  -4.24097207e-01
   1.57087644e-02
   6.28531591e-01
  -2.82677179e-01
  -2.61413776e-01
   1.91490248e+00
  -6.93539817e-02
   3.81137685e-01
  -1.42694328e+00
  -1.95712822e+00
   4.80472557e-01
  -3.47568863e-01
   3.63914203e-01
   6.74468051e-01
   1.44146087e+00
  -9.21102222e-01
   1.23398052e-01
  -1.53919823e+00
  -5.21630532e-01
  -1.04768190e+00
  -6.11771040e-01
   1.37848651e+00
   1.93418515e+00
   2.41376194e+00
  -1.68325940e-01
  -1.17761057e+00
  -4.59552723e-01
  -1.35641796e-01
  -1.55157835e+00
   1.15727560e+00
   8.22836795e-01
  -7.26042211e-01
  -6.85958683e-01
   3.55584028e-01
   2.48553992e-01
   1.93593102e-01
  -6.59442823e-01
   6.47579135e-01
   7.56504334e-01
   9.47956391e-01
   3.99553322e-03
   2.74130254e-01
  -1.06228687e+00
   5.58057295e-01
  -1.54606914e+00
   1.58916901e+00
  -4.41819661e-02
   1.75575417e+00
  -3.02506134e-01
  -5.16106531e-01
  -1.04061685e-01
  -6.42493332e-02
   6.44643517e-01
   1.63753585e-01
  -3.12153609e-01
   1.66222722e-01
  -2.47098377e-01
  -5.42326410e-01
  -1.07701027e+00
  -5.48517323e-01
   1.76645232e-01
   4.32509374e-01
   1.39955147e-03
   3.91204733e-01
   1.70410465e-01
   2.02241140e+00
  -1.61160235e+00
  -7.62321392e-01
   2.94141774e-01
  -2.72231511e-01
   1.14555519e+00
   1.30093344e-01
   6.80429584e-01
   3.96433413e-01
  -1.44254563e+00
   1.29148209e+00
   1.64909150e+00
  -3.34136059e-01
  -1.62589898e+00
   2.01035366e-02
   4.91113525e-01
  -9.55181937e-01
   1.47621815e+00
   7.92272376e-01
  -5.88833999e-01
  -7.24716364e-01
   3.02366845e-01
   2.33625228e+00
   3.51038716e+00
  -9.00120932e-01
  -5.99195634e-02
  -1.70620380e+00
  -7.32830890e-01
   1.66620450e+00
  -7.93326103e-01
  -1.71612163e+00
  -6.05354174e-01
   6.23287564e-01
  -1.08424760e-01
  -4.90411302e-01
   1.16572911e+00
   3.48051432e-01
  -2.79794838e-01
   5.00607428e-01
   2.88795379e-01
   1.71304471e+00
  -6.84591490e-01
  -1.18138579e+00
   4.00358875e-01
  -6.62070558e-01
  -1.57608146e+00
  -1.03751496e+00
  -1.29918111e+00
  -1.83624535e+00
   9.50251393e-02
  -7.29604441e-01
   1.36056565e+00
  -4.57027712e-01
   1.25552926e+00
  -1.70669571e-01
  -8.30293826e-01
   5.45995291e-01
   5.23490027e-02
   9.80047979e-01
  -1.73225848e+00
   8.70480241e-01
   9.39715138e-01
  -4.65962185e-01
   1.29231969e+00
  -5.65521194e-01
  -5.47237983e-01
  -2.89323432e-01
  -1.07377874e+00
   1.19698094e+00
  -1.07399153e+00
  -1.63846706e-01
  -1.62807323e-01
   3.50859898e-02
  -1.03667466e+00
   1.85213949e+00
   6.11596536e-01
  -1.27064577e-01
  -1.09745040e+00
  -8.05248496e-01
  -6.83992803e-01
   9.10906478e-01
   5.71700089e-01
   8.65620733e-01
  -6.60988704e-01
  -1.84035165e+00
   4.95871735e-01
   9.86055802e-01
  -4.73763742e-01
  -3.48426641e-01
   1.26128655e-01
  -1.22147134e+00
  -6.17619276e-01
  -1.06318854e+00
  -8.07997869e-01
  -3.89178809e-01
  -1.69788272e+00
   1.11338273e+00
   6.95239126e-01
   1.93270902e-01
   6.49747623e-01
   1.96633744e+00
  -1.19814073e+00
   9.00220539e-01
  -1.46340111e-01
  -3.18926595e-01
  -1.39914864e-01
  -4.78069387e-01
  -1.26216412e-01
  -1.04114353e+00
  -1.35872453e+00
  -1.30874913e+00
  -9.09577623e-01
  -5.33209658e-01
  -7.87947208e-01
   1.19326052e+00
   9.25973482e-01
   1.10017121e+00
  -1.23193380e+00
  -1.53892755e+00
  -9.85263311e-03
  -1.36208203e+00
   5.60016553e-01
   9.49426322e-01
   6.64096419e-01
   5.24320259e-01
  -7.27532952e-01
  -2.00608881e+00
  -8.49815374e-01
  -1.08809184e+00
  -1.11295236e+00
   5.55960848e-02
  -7.72471586e-02
   3.53698240e-01
  -1.94947703e+00
  -9.56336400e-01
  -1.03200322e+00
  -1.07644929e-01
   1.11946307e+00
  -4.27344814e-01
   8.93207600e-01
   1.99635073e-01
   7.19123551e-01
   1.41244827e+00
  -4.91960593e-01
  -4.55676800e-01
  -1.08262645e+00
   6.53174380e-01
   9.94209726e-01
  -1.02492098e+00
  -2.54288915e-01
   1.04928248e+00
   1.12120022e-01
  -1.18336327e+00
  -2.44667598e-01
   2.26643120e-01
  -9.75379961e-01
  -6.85125677e-01
  -5.83364380e-01
   2.75743171e-01
   2.73609665e-01
   5.06982662e-01
   2.02247377e+00
   7.44138545e-01
  -1.66123149e+00
  -1.61412280e+00
  -1.78779463e+00
   8.38467369e-02
  -3.52439009e-01
  -4.67677028e-01
   2.73760996e-01
  -1.70988868e-01
   1.20059583e-01
   7.58049324e-01
  -5.40263687e-01
  -9.97257421e-02
  -8.90407322e-01
   9.20179961e-01
   1.01444504e+00
   6.49579939e-01
   2.04982463e-01
  -4.01353686e-01
   9.30375412e-01
  -3.69528422e-01
   3.08047703e+00
  -4.89173110e-01
  -4.22700323e-01
  -1.55036267e-01
   1.84547706e-01
  -3.35789545e-01
  -4.04890628e-03
  -4.86666706e-01
   1.63975296e+00
  -5.98238665e-01
   1.54307926e+00
   5.35028114e-01
  -5.62868971e-01
  -1.95590577e+00
  -1.36562903e+00
   1.82029781e+00
  -9.26322998e-01
   6.23708976e-01
   9.02337406e-01
   6.52405737e-01
  -1.25100088e+00
   6.53791095e-01
   2.03520367e-01
   9.76086055e-01
  -1.78911959e+00
  -1.29683308e+00
   4.10928732e-01
  -6.95560250e-01
  -8.98402498e-01
   8.25131790e-01
   1.65977362e+00
  -5.22890525e-01
  -4.94700983e-01
  -6.75878447e-01
  -4.35748424e-01
  -1.04312102e+00
  -6.11290150e-01
  -1.74735438e-01
  -9.55737095e-01
   3.73706037e-01
   6.17705143e-01
   7.82819757e-01
  -1.00787785e+00
   2.03504978e+00
   1.20335410e+00
   5.08954114e-01
   3.74169974e-01
  -1.11387563e+00
  -7.18360509e-01
   6.34143025e-01
  -9.86824106e-01
  -3.52059809e-01
   1.05014935e+00
   6.02282088e-01
   1.20346988e+00
   4.15516670e-01
   5.26244483e-01
  -1.15851085e+00
   1.86971526e-01
   6.78353796e-01
  -5.07151536e-01
   1.87668981e-01
   1.15038561e+00
  -2.59976347e+00
   1.02591001e+00
  -6.33813196e-01
  -1.18782274e+00
   3.63466671e-01
   1.92301436e+00
  -1.90166494e+00
  -5.47706267e-01
  -5.82189365e-01
   4.30137019e-01
  -5.08613848e-01
  -1.34029785e+00
  -1.34902996e-01
  -9.74220803e-01
   1.42555355e+00
   1.55376222e+00
  -2.66437329e+00
   1.75186535e+00
  -1.46991608e+00
  -3.07696818e-02
   1.16506591e+00
  -4.97528406e-01
  -2.45053005e-01
  -5.35811434e-01
   4.72704416e-01
   1.35221368e-01
  -9.64782480e-01
  -1.42555206e+00
  -1.49087554e-01
   2.36768540e-01
  -8.53177270e-01
  -1.80295626e+00
   6.87116425e-01
   4.38356759e-01
  -2.00936027e+00
   2.84089481e-02
  -5.11944676e-01
   8.98354563e-02
  -7.33306069e-01
   4.95269295e-01
  -7.08442007e-01
  -3.61569069e-01
   2.20768293e-01
  -6.69346181e-01
  -9.70923452e-01
  -1.88106569e+00
  -1.20908240e-01
   8.31270991e-01
  -5.49315420e-01
  -3.03747456e-01
  -7.87870627e-01
  -9.61307498e-02
   3.29256416e-01
  -7.97391204e-02
  -1.11630951e+00
   5.79164315e-01
   5.27700435e-01
  -1.18554505e+00
   1.33750061e+00
   6.48021169e-01
   5.44170769e-01
   1.19822348e+00
   9.50126541e-02
  -3.93117689e-01
   4.19763311e-02
   1.40440625e+00
   1.00888313e+00
   4.64901358e-01
   5.83667158e-01
   8.83153503e-01
   5.22041382e-01
  -7.86905145e-01
  -1.28038151e+00
  -4.90113923e-01
   1.49028372e+00
  -1.70812951e-01
   1.15973650e+00
  -9.70923264e-01
  -1.64337085e+00
  -4.38590019e-01
   1.32809023e+00
   7.78701353e-02
  -4.88782522e-01
   1.11799110e+00
   1.49442139e-01
   6.21736517e-02
  -1.15547927e+00
   9.41422758e-01
   8.10705678e-02
  -1.78459758e+00
  -6.03749813e-01
  -1.53249252e+00
  -8.56146651e-01
   8.36803982e-01
  -1.33811707e+00
   7.55032005e-01
  -2.31824482e+00
  -2.13901056e+00
  -2.00719747e-01
   1.30940327e+00
   9.01381145e-01
   7.44562485e-01
  -5.65785708e-01
   2.03360606e+00
  -1.94020683e-02
   2.53803810e+00
   8.35795405e-01
   1.26512833e+00
   6.03200928e-01
   1.04842204e+00
   3.73425680e-01
   1.17088975e+00
  -1.99558144e-02
   5.57667363e-01
  -2.00573710e-02
   3.27063097e-01
   1.44355785e+00
   2.80460813e-01
   1.38105832e+00
   1.01537481e+00
   1.71438421e-01
  -7.62533704e-01
  -7.52953363e-01
  -1.89250728e+00
   3.01611158e-01
  -1.89289517e-01
   4.54327713e-02
  -6.76463506e-01
  -1.80631810e-01
  -3.17151987e-01
  -1.34309197e-02
  -1.39255651e+00
  -8.09759685e-01
   6.17778948e-01
  -2.12003741e+00
  -1.06388275e+00
   8.55972279e-01
  -4.20188191e-01
   1.53095525e+00
  -8.32565700e-02
  -2.38936517e-01
   1.00842980e+00
   2.20135269e+00
  -3.02325986e-01
  -1.82443775e+00
   1.35261714e+00
  -1.07267212e+00
   1.77492072e+00
   8.17790159e-02
  -9.19597809e-01
   5.96703228e-01
  -1.87629822e+00
  -1.00064074e+00
   7.40128218e-01
   1.20226398e+00
   1.02511127e+00
   2.02041653e-01
  -1.50761740e-01
  -1.85977292e-01
  -3.52515426e-01
  -1.81731732e+00
  -1.95376976e+00
   2.48326381e-01
  -3.80551832e-01
  -2.61872054e+00
  -7.19213073e-01
   1.18472427e+00
  -1.03326166e+00
   9.11176688e-01
   7.40058369e-01
  -3.78470160e-01
  -8.72698149e-01
   8.17032896e-01
  -1.22762661e+00
   1.01543052e+00
  -7.10424311e-01
   3.79439457e-01
   4.83455521e-01
  -1.58493744e-02
  -1.28487970e+00
  -6.28284890e-01
   1.32446281e+00
  -1.36511677e-01
   2.63447650e-01
  -9.06362849e-01
   1.14868295e+00
   7.95205500e-01
  -1.02400478e+00
   9.06026118e-01
  -1.32712498e+00
  -1.18919251e+00
  -7.52569207e-01
  -2.69193841e-01
  -5.29097540e-01
   7.96483031e-01
   3.94847867e-01
  -1.63695811e+00
   1.08856294e+00
   1.21286528e+00
  -9.45823257e-01
   1.26089417e+00
   1.00537312e+00
  -1.01730532e+00
  -1.35810102e+00
  -6.86374552e-01
   8.22798650e-01
   4.06443847e-01
   1.52107600e+00
   1.17366298e+00
   5.09040186e-01
  -5.43786364e-01
  -3.99866402e-01
   5.54957812e-01
   2.27521605e-01
  -4.58042203e-01
   1.44763062e+00
   9.83337829e-01
  -9.03274140e-01
  -6.48803959e-01
   1.18473476e+00
  -5.95228313e-01
   3.71954960e-01
   7.90942271e-01
   1.77044029e+00
  -1.33061409e+00
  -9.62118223e-01
   2.53833566e-01
   7.47009977e-03
   1.31784420e+00
   8.98896821e-02
  -9.50736109e-01
  -1.14797512e+00
   7.21303025e-01
  -5.76471258e-01
  -7.48794696e-02
  -1.59142562e+00
  -1.09882964e+00
  -1.17410379e+00
   8.29710940e-01
  -9.79513045e-02
   2.07978238e-01
   8.54856362e-03
  -4.25065478e-02
   1.11103423e+00
   6.03022123e-01
   5.39706676e-01
   1.46257669e+00
  -1.79985645e+00
   2.45668606e+00
   5.35330033e-01
  -6.31149569e-01
   2.59206314e-01
   2.57336716e+00
  -1.26705655e+00
  -1.08336027e+00
  -1.57310808e+00
  -2.19539632e-01
  -2.27419570e+00
   1.70467005e+00
  -1.09906333e+00
  -3.26390755e-01
  -1.28338753e+00
   3.43691998e-01
   4.56494238e-01
  -1.71344423e+00
   7.13125906e-01
  -7.88641487e-01
  -4.34999458e-01
   2.66720670e-02
   7.86872272e-01
   7.42545678e-01
  -1.43173697e-02
   1.28782876e-01
  -8.05692878e-01
   1.61199745e+00
   6.36256590e-01
  -9.70705990e-01
   2.83583828e-01
   6.63510362e-01
   5.39580022e-01
   9.63895904e-01
  -1.14856349e+00
  -1.83622101e+00
   1.19070865e+00
  -1.63771414e-01
  -3.93074512e-01
  -2.99063887e-01
   1.28288443e+00
  -2.36350253e+00
   1.68281742e+00
  -1.52743843e-01
  -1.42662194e+00
   1.01647899e+00
  -2.18218762e+00
   6.06420515e-01
  -1.40033210e+00
  -1.15744032e+00
  -1.41196205e+00
   1.11821856e+00
   7.83187587e-03
   1.13247301e+00
  -1.93596163e-01
  -2.59603568e-01
  -1.92588408e+00
  -7.10681946e-01
  -7.73057545e-01
  -9.89993758e-01
  -1.12062219e+00
  -1.12132872e+00
  -6.74279773e-02
  -6.03347067e-02
   2.65031648e+00
  -1.40983362e-02
   8.09890489e-01
  -5.86360472e-01
  -4.61861741e-01
   4.27906499e-01
  -6.80117437e-01
  -2.29334515e-01
   1.78597359e+00
  -1.09220584e+00
   2.95026243e-01
   1.92778767e+00
   6.51320873e-01
  -2.15332554e+00
  -1.30542786e+00
   2.10065724e-01
   4.76404312e-01
  -6.72499954e-02
   4.32434433e-01
   4.51787868e-01
   2.34315057e-01
   7.69074415e-01
  -6.14735724e-01
  -7.33043693e-01
   1.01964868e+00
   8.67022519e-01
  -8.55676241e-01
  -1.95911976e+00
   2.03826786e-01
   4.32384527e-01
   2.43094196e-01
  -1.67353242e-04
   1.85906762e+00
   7.96965066e-02
  -6.97729544e-01
  -3.13217554e-02
   2.09729572e+00
   8.53674360e-01
   1.32402457e-01
  -6.58424955e-01
   1.37569186e+00
   3.89272539e-01
  -7.10599865e-01
   7.82199727e-01
   5.23747500e-02
  -2.62362881e+00
   8.95251497e-01
  -9.54642719e-01
  -1.37514938e+00
  -1.78415934e+00
   5.08324494e-01
   9.09293493e-02
   6.91765963e-01
  -4.07898458e-01
  -4.39793188e-01
   1.23397984e+00
  -2.48011203e-01
   1.70869301e-01
  -5.60311918e-01
  -7.14365384e-01
   2.84222079e-01
  -1.07835267e+00
   1.55072654e+00
  -2.53101729e-01
  -1.35428073e-01
   2.81639525e-01
   1.16438034e+00
   2.27012125e-01
  -4.64738182e-01
  -5.52186290e-01
   1.39239680e+00
  -2.07833573e-01
   5.31632395e-01
   1.17369973e-01
   3.18473253e-01
   4.96018967e-01
   1.95365032e-01
   1.41422403e+00
  -5.84271440e-01
   1.72768940e+00
  -8.51819289e-01
   1.01154978e+00
   6.45169448e-01
   1.12432566e+00
  -2.07301821e+00
  -9.49240003e-01
  -1.44286498e+00
  -1.36509807e+00
  -3.09976086e-01
  -8.97799505e-01
   3.79317275e-01
  -8.26775458e-01
   2.28735904e-02
   5.55396601e-01
   1.28226909e-01
  -2.81074436e-01
  -6.93325830e-01
   1.00776475e-01
   5.40835992e-01
  -7.13582758e-02
  -1.36378701e+00
   5.83631876e-01
  -4.82876819e-01
   1.63252261e-01
  -6.15320624e-01
   4.06882519e-01
  -2.73305708e-01
  -5.67491552e-01
  -1.25716259e+00
  -6.28570970e-01
   7.10679568e-01
  -4.69469134e-01
   2.54317711e-01
  -2.04869114e-01
  -7.31513611e-01
   9.18530594e-01
  -1.60067321e-01
   4.58020693e-01
  -5.62811381e-01
  -4.31529907e-01
   1.23248576e+00
  -1.36476765e+00
  -6.33608176e-01
  -9.67163024e-01
   1.77846890e+00
  -1.16957023e+00
  -1.57003822e+00
   2.53432212e-02
  -3.89846327e-02
   2.02890725e-01
   2.78350267e-01
   5.88572881e-01
   1.26217644e+00
  -8.08310981e-01
   7.19365753e-01
  -8.13816877e-01
  -2.25295659e+00
   9.58674797e-01
  -5.79835230e-02
   7.26276141e-01
  -1.09747143e+00
   4.65617051e-01
  -1.19765930e+00
   9.72794667e-01
   1.04979077e+00
  -5.64896267e-01
  -1.31767642e+00
   5.47729018e-02
  -1.07493326e+00
   1.22166139e-01
  -5.68399400e-01
   9.15823773e-01
   9.65950699e-01
   7.79932579e-01
  -7.89742092e-01
  -4.62876757e-01
   3.80780182e-01
   4.70425373e-01
   9.08491315e-01
  -1.00916098e+00
   5.73451357e-01
   1.24666877e+00
   2.62005996e-01
  -3.57269519e-01
  -9.37829809e-02
   4.55479229e-01
  -4.02955556e-01
  -9.38693640e-01
   1.32855428e+00
  -4.55782861e-01
  -3.11408332e-01
  -5.39549065e-02
   1.49666077e+00
   2.60138540e-01
  -3.62474332e-01
   4.77791495e-01
   4.61385090e-01
   8.16476024e-01
   1.88873065e-01
   6.95299847e-01
   8.02626634e-01
   1.19139934e+00
  -3.99363477e-03
  -7.27412423e-02
   4.28689598e-01
  -6.26233494e-01
   1.33895642e+00
  -2.93619398e-01
   5.11233469e-01
   1.27144001e+00
  -4.95812056e-01
   2.23877593e-01
   5.56500402e-01
   2.63828940e-01
   2.69241241e-01
  -1.06760798e-01
   6.86572169e-01
  -9.12958244e-01
   5.37404699e-02
   1.13943270e-01
  -3.38468702e-01
   2.55670461e-01
   1.12498398e-01
  -2.74118089e-01
   8.98899464e-01
   8.50215893e-01
   1.10428697e-01
   8.59730208e-01
  -9.15105085e-01
  -1.57872299e+00
  -1.34492154e+00
   5.62310959e-01
  -2.52493942e-01
  -1.88231460e-01
  -3.94759826e-01
   1.16125501e+00
   3.75387235e-01
  -1.32074304e+00
   1.09504248e+00
   1.69418168e-01
   2.75540149e+00
   1.35764909e+00
   2.76945638e-01
   6.91774627e-01
  -3.54711624e-01
  -2.02984741e+00
   1.97640916e+00
   5.58910104e-01
   9.01318881e-01
   3.90586677e-01
   3.74108491e-01
   4.49353214e-01
   5.81693781e-01
  -1.07525179e+00
   4.95319049e-01
  -7.46341255e-01
  -7.58577493e-01
   1.53855952e+00
  -1.05229020e+00
   8.54915747e-01
   1.64071718e+00
   4.01699492e-01
  -7.93886556e-01
   3.78533712e-01
  -7.20260708e-01
   1.15536478e+00
  -4.63229415e-01
  -9.91623170e-01
   3.49843170e-01
  -1.05497783e-01
   6.49915793e-01
   9.85868665e-01
   1.75506841e+00
   7.55754162e-01
   4.62812308e-01
  -1.05177262e+00
   3.28988770e+00
   1.42288848e+00
  -2.11140492e+00
  -1.35167102e+00
  -6.72049335e-01
  -2.38869747e-01
   1.46665337e+00
   2.30099431e+00
   7.92904203e-01
   1.10703984e+00
  -5.92000967e-02
   1.96021744e+00
  -1.30417205e-01
   5.14040441e-01
   1.81263236e+00
   2.32584436e-01
  -9.53737222e-01
  -9.74699905e-01
   2.52133181e+00
  -5.14807316e-01
   7.23730206e-01
   4.90939929e-01
  -9.04230142e-02
  -2.91102510e+00
   4.52089864e-01
   2.21077810e+00
  -4.16569400e-01
  -9.80440174e-01
   1.23181409e+00
  -4.90042544e-01
   1.58135543e+00
  -1.30560347e+00
   6.19243140e-01
   4.43974140e-01
  -8.01791660e-01
  -1.92951008e+00
   1.40950956e+00
   8.73391071e-01
  -2.20527071e-01
  -1.10448384e+00
  -1.00466001e-01
   2.09267454e+00
   8.31058390e-01
  -3.77572624e-01
  -8.35901007e-01
  -6.44075362e-01
  -1.09249047e+00
   3.39200197e-01
  -1.19599400e-01
  -6.92745907e-01
   1.14013792e+00
  -1.16958286e+00
  -1.07948493e-01
   1.19403278e+00
   1.15312754e+00
   1.34629928e+00
  -6.75513704e-01
   9.80786155e-01
   1.34359823e+00
   1.77894651e-01
  -2.44807672e-01
   4.82688947e-01
  -2.01873225e-01
   5.56259593e-01
   5.72106484e-01
   4.88863984e-01
  -7.97075264e-01
  -9.62677376e-01
   8.02561148e-01
  -1.98611193e-01
  -1.24347274e+00
   5.94998880e-01
  -7.12957595e-02
  -1.15240156e+00
  -2.27481237e-01
   1.07874966e+00
   2.48927593e-01
  -1.86364456e+00
  -9.61513236e-01
  -4.35855298e-01
   1.46555174e-01
  -5.70141509e-01
  -1.02873573e+00
   8.96980989e-01
  -3.60215644e-01
   1.63216372e+00
   1.31589651e+00
   1.13341881e+00
   6.11262767e-01
  -1.13226769e+00
  -4.98835833e-01
   1.88762895e-01
   3.54272860e-01
  -1.25831978e+00
   9.17867653e-01
   7.63821740e-02
   7.27460798e-01
   9.59840776e-01
   2.17346992e+00
  -4.15866906e-01
   9.30849531e-01
   4.43603102e-01
  -1.53344140e+00
   1.89895420e+00
   2.15612111e-01
  -6.66823764e-01
  -4.14464582e-01
  -8.16297618e-01
  -7.07997035e-01
   1.28627503e+00
   1.63777974e+00
   1.02945829e+00
  -2.04427882e+00
  -8.54543726e-01
   3.57707307e+00
   1.98233186e+00
   5.57075743e-01
   2.32729858e-01
  -1.38738295e+00
   6.02305402e-01
  -3.38010023e-01
  -4.61145585e-01
  -8.26611802e-01
   1.93223012e-01
  -1.01464413e+00
  -2.74801003e-01
  -1.75589284e+00
  -4.35087458e-01
   8.07467625e-02
   2.14905894e+00
   6.61799884e-01
   6.54350945e-01
   1.82064614e+00
  -7.27431453e-02
   7.10113119e-03
   1.33210783e+00
  -8.45391353e-01
  -4.27493869e-01
  -9.54605509e-01
   1.33749427e+00
  -9.70044289e-01
  -9.71923684e-01
  -6.27101704e-01
  -2.54080874e-01
  -3.72631690e-01
  -1.17837575e+00
  -1.83857997e-01
   3.27400750e-01
   1.15188743e+00
  -2.71669432e-01
  -7.92189350e-01
  -5.25229364e-01
  -2.48055472e-01
  -1.42272924e+00
  -4.94268029e-01
   8.97825458e-01
   7.17767609e-01
   8.45691786e-01
  -1.79328156e-01
  -2.66869384e-01
  -5.47721215e-01
   4.94083028e-01
  -1.45347083e-01
  -1.13070249e+00
   2.24875495e-01
   3.36747034e-01
  -1.20295380e-01
  -7.26010698e-01
   7.22130147e-01
  -1.09002124e+00
  -6.66486132e-01
  -9.62593189e-01
   8.46019596e-01
   1.09396167e+00
  -6.84882085e-01
   9.53103874e-01
  -1.02076159e+00
   1.41459697e+00
   7.24493788e-01
   1.42321492e-01
   2.24213939e+00
   1.54695920e+00
  -4.65084827e-01
   6.67008952e-01
   3.54908849e-01
  -6.36910254e-01
  -3.19503357e+00
   1.01776202e-01
   1.38007017e+00
   7.47821393e-01
   7.58927045e-02
   6.90828359e-01
  -9.24792379e-01
   7.25328039e-01
   5.60222637e-01
  -2.29627275e+00
  -6.20662900e-01
   2.00889132e+00
   5.19259735e-01
  -4.64535694e-01
  -9.78349177e-01
   1.61740497e+00
   2.89549572e-01
   1.26800406e+00
  -1.55834082e+00
  -6.62376261e-01
   7.09329129e-01
  -8.07320480e-01
   2.26957527e+00
   6.18553337e-01
   1.84786940e+00
  -9.74713557e-01
  -8.10876833e-01
  -9.92577392e-01
  -4.59339010e-01
   6.74229952e-01
  -9.06076229e-01
   1.04405561e+00
  -1.95635157e+00
   5.46219691e-01
  -1.02987661e+00
   8.83547137e-01
  -1.17304735e+00
  -1.29714640e+00
  -1.54486312e+00
  -1.68664521e+00
  -5.42285841e-03
  -4.54769050e-01
   6.78392200e-01
   1.26676875e+00
   2.23892083e-01
   2.90465265e-01
  -1.36828851e+00
   1.17505238e-02
  -9.56683068e-01
   2.80808519e-01
   8.08308841e-01
   1.56218949e+00
  -2.59870046e-01
  -2.94250826e-01
  -8.99949871e-02
   2.15511992e+00
  -1.44783022e-01
   5.72368032e-01
  -3.00573071e-01
  -3.80194479e-01
  -1.05856289e+00
  -2.87211113e-01
  -4.23268563e-01
   1.23687227e+00
   1.16553128e+00
  -9.25174316e-01
   1.32242791e+00
   1.74218231e+00
   7.55979236e-01
  -1.97285576e-01
  -3.09302562e-01
  -5.00698098e-01
   2.93540064e-01
   5.23882415e-01
   6.81838236e-01
  -1.34019502e-01
   3.08285711e+00
  -1.12589053e+00
  -1.50863972e-02
  -8.03428377e-01
   5.82878354e-01
  -1.28601062e+00
   4.82078631e-01
   1.05329674e-01
  -7.71044880e-02
   9.81931825e-01
   7.64583671e-01
  -7.00631458e-02
   7.69069916e-02
   1.14041987e-01
  -1.31817770e+00
  -8.78296833e-01
  -1.11971291e+00
   4.37121591e-01
   4.11080972e-01
  -4.52019121e-01
  -3.95551808e-01
   9.38685577e-01
  -5.55489740e-01
   1.65931968e+00
   7.23379277e-03
   4.43092739e-01
   5.37370365e-01
   2.40027025e-01
   9.02713175e-01
   1.79967662e-01
  -1.46394188e+00
   1.71695895e+00
   5.82823785e-01
   7.26047857e-01
   1.08880477e+00
   9.61984142e-01
  -5.52626310e-01
   1.04685673e+00
   6.64989163e-01
   7.53033727e-01
  -4.89778726e-01
  -4.07050645e-01
   1.91483769e-01
  -1.21050637e-01
  -6.21375816e-01
   1.16977961e+00
   1.84739870e+00
   1.41793836e+00
   1.46405091e-01
  -1.24308416e+00
  -4.63949858e-01
   9.78333947e-01
   1.65921593e+00
   7.80144967e-01
   1.76113708e+00
   3.71344983e-01
   1.97483841e-01
  -1.28215530e+00
  -1.63408963e+00
   3.29315217e+00
   8.44988835e-01
  -1.41001113e+00
  -5.12431498e-01
   9.43894198e-01
  -6.37739870e-01
  -1.37595633e+00
  -2.13388107e-01
   1.16059525e+00
  -6.73222612e-01
   1.21239473e+00
   5.80638487e-02
   1.39983995e+00
   2.18352505e-01
   1.12056084e+00
  -1.00680753e+00
   8.02883030e-01
  -5.92959313e-01
   1.62247834e-01
   4.65095122e-01
   8.02083857e-01
  -6.88924889e-02
  -4.74587685e-01
   8.55763388e-01
  -8.44948371e-01
   3.84633850e-01
  -1.95928173e-01
   2.54102428e-01
  -1.14749945e+00
  -8.19841575e-01
  -1.73773699e+00
  -1.68189007e-01
  -1.36347898e+00
   5.65659202e-01
  -5.43301699e-01
  -1.33992651e+00
   5.72645589e-02
  -1.84870994e+00
  -1.35172811e+00
  -1.98262901e-01
  -1.24578564e+00
   1.55768425e+00
  -1.67922484e+00
  -2.59870632e+00
  -1.80579317e+00
  -9.95006532e-01
   3.19318876e-01
  -1.37249093e+00
   8.47814270e-01
   3.89347834e-01
  -4.06352941e-01
  -7.90550227e-01
  -4.17434981e-01
   1.62079401e+00
  -1.59518185e+00
   9.64611464e-01
   1.08624754e+00
  -1.10799125e+00
   1.06751842e+00
  -1.54920214e+00
   5.04270046e-01
   1.18219222e+00
  -8.25156351e-01
   8.81687352e-01
  -4.96862098e-01
   2.45789056e+00
  -1.46014849e+00
   3.97343735e-01
   2.03241823e-02
  -3.82479960e-01
   3.09578730e-01
   8.46416476e-01
   9.39660423e-01
   1.19616221e+00
   1.41723952e-02
   5.45454536e-01
   2.60149078e-01
   4.94110205e-01
  -2.20772162e-01
  -3.37352363e-02
  -8.57972504e-01
  -5.22146526e-01
   3.72944206e-01
  -1.92222958e-01
   4.47198609e-01
   6.65318899e-01
  -1.42817783e+00
  -2.35413574e+00
  -2.06424257e+00
   2.11724836e+00
   1.13698606e+00
   4.72332700e-01
  -2.62570094e-01
  -6.41339160e-01
  -3.66535661e-01
   9.02282225e-01
   5.42091877e-01
  -1.32599987e+00
   7.42696622e-01
   1.94570524e-01
   1.25355982e+00
   5.81644932e-02
  -1.19915390e+00
   6.49273255e-01
   7.97940190e-01
   6.37603487e-01
  -3.11096734e+00
   5.33680060e-01
   1.00118005e+00
  -1.07639212e+00
  -1.40416483e+00
   8.95309190e-01
  -1.71879626e-01
  -6.54100247e-01
   5.52032140e-01
   7.59705869e-01
  -1.04826360e+00
  -8.20543603e-01
  -1.71673638e+00
  -1.30374950e+00
   3.74719227e+00
   1.46112948e+00
  -2.11387019e+00
   4.26957597e-01
   6.26592207e-01
   4.09004120e-01
   3.42654222e-01
  -3.05203753e-01
  -6.29870641e-01
  -7.91228515e-01
   1.03649902e+00
  -2.70497155e-01
   2.33808709e+00
  -1.11841110e+00
   1.21072672e+00
   2.61180364e-01
  -1.06978058e+00
   1.13635970e+00
  -1.02774900e+00
  -3.01527409e-01
  -2.10215412e-01
   2.22041320e+00
   1.02177214e+00
  -1.44316350e+00
  -5.69838079e-01
   3.60160703e-01
  -6.20687713e-01
  -1.12369915e+00
  -9.85876431e-01
   1.12089271e-01
   1.42303505e+00
  -1.23118720e-01
   9.50399376e-01
  -2.13772323e-01
   1.46209607e+00
  -2.19222570e+00
  -1.75015969e+00
   4.28889077e-01
  -9.27712216e-01
  -6.22101956e-01
   4.32079620e-01
   6.42939854e-01
   1.59245536e-01
   8.80965240e-01
   1.84696692e+00
  -5.39677325e-02
  -9.16936799e-01
   1.78927588e+00
  -5.54649355e-01
   9.66326991e-01
   1.30163144e+00
   1.20622247e+00
  -8.81836234e-01
   9.85871141e-01
   6.13751252e-01
  -4.05291991e-02
  -6.04110924e-01
  -1.44426449e+00
  -2.55762295e-01
   1.48729049e+00
   1.22237646e+00
  -6.17663470e-01
   1.19148489e+00
  -1.25089377e+00
   1.36942787e+00
   8.41327523e-01
   2.90702859e-01
  -9.55035117e-01
  -7.72986620e-01
   1.08505732e+00
  -9.27247235e-01
  -7.53435760e-01
   2.15500605e+00
   7.48134733e-02
  -1.31756816e-01
   3.43191537e-01
   1.55018284e-01
  -1.43475378e+00
  -2.65805038e-01
   1.62706800e+00
  -1.02908442e+00
   1.23787072e+00
  -2.97620530e-01
  -6.39415469e-01
  -3.25512717e-01
   2.05646726e-01
   7.69663248e-01
   3.05503764e-01
   3.93307865e-01
   8.98275408e-02
   4.82063492e-01
   8.80841409e-01
  -8.79046208e-01
  -5.12854923e-01
   6.96839410e-01
  -2.56024801e-01
  -1.77617376e+00
  -5.97527402e-02
   1.09383253e+00
   1.07437077e+00
  -1.00798237e+00
  -1.47241485e+00
   1.83496873e-01
   2.04301787e+00
   1.13855868e+00
   1.26965633e+00
   1.37242163e+00
  -6.40367551e-01
  -1.53261901e+00
   1.12486100e+00
   1.13506983e+00
   2.78700576e-01
   2.11504480e+00
  -4.34003627e-01
   9.68751368e-01
   7.11698625e-01
   6.96898785e-01
   6.78907737e-01
   9.69444817e-01
  -3.57012897e-01
  -6.48096377e-02
   8.58202222e-01
   1.00252707e+00
  -7.15802640e-01
  -2.28183914e+00
  -1.95273076e+00
   3.95521104e-01
   3.13091036e-01
  -2.29965559e-01
  -1.20075870e+00
   1.35647883e+00
  -4.97760600e-01
  -3.00429959e-01
   1.93998312e-02
   1.74594849e+00
  -8.78726302e-01
  -9.45508763e-02
  -6.47130706e-01
   1.36887319e+00
  -6.67985160e-01
   8.78480812e-01
  -7.93934229e-01
   7.65111447e-01
  -1.74171384e+00
  -4.30742127e-01
   1.35282508e+00
   3.76057221e-01
   6.59541821e-01
  -5.40620317e-01
  -2.26496415e-01
   2.22146467e-01
   5.86786179e-02
   9.58195178e-01
   8.88116423e-02
   9.71436548e-01
  -1.56733154e+00
   1.20179981e+00
  -5.82786405e-01
  -1.49885311e+00
  -1.03012455e+00
   2.55280970e+00
  -1.87066482e-01
  -1.87155308e-01
  -9.73785581e-01
  -3.99870192e-01
   3.03143135e+00
   8.58243461e-01
   1.61019900e-01
  -1.67838234e+00
  -3.79677083e-01
   1.00586616e+00
   8.02589847e-02
   3.16735537e-01
  -1.66009174e+00
   2.62385119e-02
   7.97960744e-01
   1.21565796e-01
  -1.50261153e-01
  -1.04095837e+00
  -3.65162178e-01
   5.20858272e-01
   1.78098710e-01
  -1.16110255e+00
   7.83722537e-01
  -1.29744348e+00
  -7.10391120e-01
  -8.39472219e-01
   4.56363131e-01
  -1.48786638e+00
   1.29322606e+00
   3.27661500e-01
   4.48983540e-01
  -4.01239843e-01
   1.21587658e+00
   4.11959848e-02
  -5.02715388e-01
   1.45764500e+00
   2.84574137e-01
   2.80991796e-01
   8.56376198e-01
  -2.44691732e-01
  -4.56836258e-01
  -1.27242457e+00
  -2.08997872e-01
  -6.38019053e-01
   9.14339002e-01
  -2.06538906e+00
  -6.38484377e-01
  -2.54069643e-01
  -3.31426929e-01
  -8.89431262e-01
   8.32996821e-01
   2.00933571e+00
  -1.37281728e+00
   8.99394302e-02
  -3.05920004e-01
  -3.45212269e+00
   6.71593431e-01
   1.80018610e-01
   1.21763498e+00
  -4.29597850e-01
  -9.50238848e-01
  -1.03941877e-01
   9.14399032e-01
   6.55853937e-01
  -4.21278926e-01
   4.50625131e-02
   6.61816563e-01
   7.46385810e-01
  -1.00517957e+00
   1.20108844e+00
  -1.49005629e+00
  -6.95704942e-01
  -1.24317480e+00
   1.23977187e+00
   3.89457374e-01
   1.49913489e+00
   6.50115211e-01
  -4.17078855e-01
  -1.06034310e+00
   4.81978995e-01
  -3.74922484e-01
  -6.18145271e-02
   2.18244449e-01
  -2.19787212e+00
  -2.90674936e-01
   1.02178656e-01
   1.64431705e+00
   6.14192966e-01
  -2.08372393e+00
   1.21326450e-01
   2.16225400e+00
   6.02117898e-01
   7.35468953e-01
   4.96405833e-01
   1.13403820e+00
  -1.59866479e+00
  -1.58178867e+00
  -4.49250270e-03
   4.28341196e-01
   1.10615457e+00
  -4.89995704e-01
   1.72057062e+00
   3.06746610e-01
  -9.15374198e-01
  -3.18788877e-01
   5.77596305e-01
   5.67962549e-01
   1.24592021e+00
   1.37776173e+00
  -1.58660749e-02
  -3.12403967e-02
  -3.32802617e-01
  -1.46985288e+00
   1.01317294e+00
  -1.23297393e+00
   7.96252295e-01
  -2.66107189e-01
   2.69854127e+00
   5.69030909e-01
  -9.79746567e-01
   9.07224592e-01
   4.22027889e-01
  -8.49603172e-01
  -1.50656075e-01
  -1.14645381e+00
   1.31830869e+00
   6.45864987e-01
   2.01800516e-01
  -8.69622586e-01
  -7.83446895e-01
   3.91909752e-01
   1.51270318e-01
  -7.90564269e-01
   7.49870442e-01
   1.03704193e+00
  -2.15778655e+00
  -8.59037256e-01
   1.12651772e+00
  -1.65568356e-01
  -6.91941005e-02
  -5.09188989e-01
   5.51884629e-01
   9.14057651e-01
  -5.56433887e-01
  -4.17306043e-02
   7.97286418e-01
  -1.23889217e+00
   5.41405532e-01
  -5.98411138e-01
   1.74808732e+00
  -3.83370682e-02
   4.62602665e-01
  -5.06234927e-01
   3.05392853e-02
   1.74399163e+00
   9.25387959e-01
   7.41729403e-01
   3.28651045e-01
   2.98154431e-01
  -7.00461990e-01
  -4.27407286e-01
  -1.79186629e+00
   3.14134197e-01
  -3.39817073e-01
   2.86869614e+00
  -1.47097945e-01
  -1.15271816e+00
   9.41666835e-02
   8.36932228e-01
  -1.18208590e+00
   1.16850784e+00
  -3.14932765e-01
   1.37959700e-01
   1.05998865e+00
   5.86427794e-01
   1.56247503e-01
   6.47890192e-01
   4.90171307e-01
   1.32256430e+00
  -7.52157242e-01
   2.29293599e-01
   6.66608223e-01
   1.00772596e+00
  -5.23867917e-01
  -5.94286812e-01
   5.00003949e-01
  -1.36506068e+00
   3.53352345e-01
  -8.12407587e-01
  -1.58838014e+00
   2.92111903e-01
   5.80963891e-01
   9.68327572e-01
  -9.53860269e-01
  -4.98544431e-01
   2.12354676e+00
  -1.74194521e+00
  -1.20585717e+00
   1.84063362e+00
   1.00020622e+00
   6.22782250e-01
   1.76779349e+00
   6.44357786e-01
   7.35484638e-01
   2.16115590e-01
   1.36915589e+00
  -1.22366111e+00
  -4.23826992e-01
   9.91402476e-01
  -6.45577256e-01
  -3.27137081e-01
  -1.61160940e+00
   6.69462604e-01
   7.02870425e-01
  -1.29784722e+00
  -1.38136647e-01
  -3.17243250e-01
  -2.62005495e-01
   3.38545069e-01
   2.59548821e-01
   5.31429891e-01
   2.67963081e-01
   3.33954873e-01
   9.84650648e-01
   7.57033398e-01
   5.98275173e-01
  -8.06819053e-01
   3.67288780e-01
  -4.37730194e-01
  -6.70932960e-01
   2.37224335e+00
   1.19368337e-01
  -9.93809683e-01
   4.81687769e-01
  -1.35839209e+00
   1.02078528e+00
  -4.32966627e-01
  -4.08320564e-01
   7.13391747e-01
   2.24814642e-01
  -3.13220526e-01
  -9.38314795e-02
  -2.57216902e-01
   8.91978403e-01
   3.30194082e-01
   1.32302306e-01
  -5.01599159e-01
  -6.40248235e-01
   1.11534793e+00
  -1.20910044e+00
   1.14687373e+00
   2.52948098e-01
   1.36117512e+00
  -3.13311166e-01
  -5.39728635e-01
   5.61379090e-01
  -2.41348537e-01
   7.52267453e-01
   1.00329440e+00
  -1.77573627e+00
   2.39790932e+00
  -3.01650590e-01
  -3.14450644e-01
   9.24486511e-02
  -3.45089710e-01
  -1.08044840e+00
  -4.98282138e-01
  -1.07605850e+00
   8.72027443e-01
   8.37154483e-01
  -4.28236998e-01
   1.31914900e+00
  -5.53583550e-01
  -1.36281221e-01
   3.54213125e-02
  -2.10440590e+00
  -8.99905213e-01
   1.07918921e+00
   7.93340992e-01
  -1.26350758e+00
  -6.24840650e-01
  -7.27062017e-01
  -2.17689094e+00
   2.27908897e-02
  -1.00898603e+00
  -3.99458884e-01
  -8.56646570e-01
  -8.20349635e-01
   8.42625419e-01
  -4.90796498e-01
  -3.83524694e-01
   4.96015096e-01
  -2.74571755e-02
   1.56787190e-01
  -2.90335385e-01
  -9.75493381e-01
  -8.13527536e-01
  -2.78430888e-01
  -1.09195907e+00
  -1.53557761e+00
  -4.25992309e-02
  -7.21281310e-01
  -1.26852856e+00
   7.98310509e-01
   1.82618195e-01
  -7.37963492e-01
   8.93543355e-01
  -1.13217499e-01
  -4.01934188e-01
  -4.08690414e-01
   1.16691899e-01
  -1.09886369e-01
   1.49359512e-01
   1.01697720e+00
  -4.04787284e-01
   9.91443718e-01
  -2.45563798e-01
   7.61616928e-01
   5.01071747e-01
  -1.94432207e+00
  -1.76261080e-01
   1.69789604e+00
   3.87420991e-01
   1.23440185e-01
   3.71791542e-01
  -1.32946297e-01
  -2.81258022e-01
   8.75353794e-02
  -4.42524936e-01
   6.71643823e-03
   6.10545365e-02
  -3.21975980e-02
  -2.06484846e-01
  -1.35748669e-01
  -9.47021159e-01
  -5.24132469e-01
   7.59377552e-01
   8.58845965e-01
  -7.66043137e-01
   1.32254397e+00
  -7.33654106e-01
  -2.57146958e-01
  -8.42307276e-01
   7.34560963e-02
   1.72843939e-01
   1.22293614e+00
   9.93425307e-01
   1.44904963e-01
   5.84015639e-01
  -1.48695299e+00
  -8.28589892e-01
   1.12499542e+00
  -1.33965981e-01
  -4.91668660e-02
   5.35829296e-01
  -1.53358704e+00
   1.21614846e+00
   1.29574177e+00
   1.56370890e+00
  -7.98240230e-01
   9.83465871e-01
   1.10067931e+00
   1.51958167e+00
   6.87708590e-01
  -3.45633995e-01
  -7.85246662e-01
  -8.54772930e-01
   1.54533079e+00
  -2.94296810e-01
   3.34222434e-01
   1.08959182e-02
  -7.68186377e-01
  -2.80759374e-01
  -2.08761407e+00
  -8.84377728e-01
  -2.03518265e+00
  -4.48319631e-01
   5.17670427e-01
  -2.01502695e+00
   9.01032765e-01
  -3.81186060e-02
   1.03448394e+00
  -3.46851947e-01
   1.29621440e-01
  -4.42001011e-02
  -5.67339702e-01
   4.75373082e-01
   1.15238083e+00
  -1.52889251e-01
  -3.15176313e-01
   4.58382584e-02
  -7.98510699e-01
   2.41258028e-01
   1.96108104e-01
  -9.03698420e-01
   8.32599137e-02
  -6.43294471e-02
  -1.28129453e+00
   1.49499154e+00
  -5.09396735e-01
  -1.57111945e-01
  -6.11093810e-01
   4.42366544e-01
  -1.71401316e+00
   8.91163645e-01
   8.64927804e-01
   2.52974113e-01
   1.19557881e+00
   3.82295857e-01
  -1.16688040e+00
  -6.39435750e-01
  -1.14491782e-01
   1.11010649e-01
   5.53198467e-02
   3.70792019e-01
   3.79373026e-01
  -3.97723999e-01
  -1.00942639e+00
  -7.86246893e-01
   2.84120409e-01
  -5.97854343e-01
   1.21214207e+00
  -1.14457671e+00
   2.76155855e-01
   7.03430819e-01
   7.56377410e-02
   2.02608038e+00
  -4.56973559e-01
  -3.79409149e-01
  -2.29704305e+00
   1.35467939e+00
   5.50686136e-01
  -4.00631813e-01
  -1.54519527e+00
   4.89255561e-01
  -4.51769846e-01
  -1.64134422e+00
  -7.18465659e-01
  -6.16456325e-01
  -4.80006293e-01
   1.07999152e+00
  -1.75470614e+00
  -8.48826760e-01
  -8.80096494e-02
  -1.85063106e+00
  -2.48211647e-01
   1.25192138e+00
  -1.72900369e+00
  -3.69268272e-01
  -9.13528739e-01
   2.08447144e+00
   6.38424731e-01
   1.78258708e+00
  -8.60188941e-01
  -1.46855074e+00
  -7.55863914e-01
  -1.23905688e+00
   5.94129591e-02
   1.67571032e-01
   4.18643204e-01
  -1.23388646e+00
   1.17749222e+00
   1.34597358e+00
   1.15661686e+00
   6.71457906e-02
  -2.24738226e+00
  -2.38252763e+00
  -1.71041700e+00
  -2.38811438e+00
   6.68113501e-02
   4.55057169e-02
   1.49202389e+00
  -1.38560611e-01
  -1.51709498e+00
  -3.36743634e-01
   1.72512765e+00
   1.38691733e-01
  -1.75122378e+00
  -5.95602371e-01
   5.44914204e-01
   6.52629949e-01
  -8.85599134e-01
  -7.72359793e-01
   5.27923867e-01
   2.24538518e+00
   1.59016852e-01
  -7.53381118e-01
   8.20241984e-01
   1.06730030e+00
   2.76199831e-01
  -1.05534582e+00
   4.34843847e-01
  -8.91166131e-01
  -1.74998235e+00
  -5.26303140e-01
   9.09959960e-02
   3.61435343e-02
  -1.09299761e+00
   6.12729632e-01
  -1.48281386e+00
  -1.49997133e+00
  -7.46298452e-02
  -2.67283098e-01
  -5.08548936e-01
   1.45110029e+00
   6.95860885e-01
  -8.48196555e-02
  -8.50280140e-01
  -1.31991793e+00
   2.46730219e-01
   1.00392381e+00
  -2.93258504e-01
   1.16907431e+00
  -3.96992462e-01
  -2.46945494e-01
   1.28134030e+00
   1.73219466e+00
   9.11549064e-01
  -1.12503883e+00
  -8.74956017e-01
   1.27840729e-01
  -1.55191783e+00
  -1.76613836e+00
  -1.54596353e+00
  -1.91480273e-01
  -8.97605682e-01
