  -5.99942038e-01
  -3.53760046e-01
  -2.83837126e-01
   1.14719828e+00
  -2.19559968e-01
   9.59856997e-01
   2.21965521e-01
   1.28271193e-01
   4.92753541e-01
  -1.73683401e+00
   1.59883311e-01
  -4.53676519e-01
  -3.08387234e-01
  -4.47371636e-01
   1.21656296e+00
  -4.47565418e-01
   5.54996170e-01
  -1.15922254e+00
  -4.81082292e-01
  -8.35381873e-01
  -1.01872112e+00
   1.42711864e+00
   7.05807378e-01
  -1.39230218e+00
  -4.50337070e-01
   1.15874603e+00
  -1.42152942e+00
  -6.01590164e-01
   4.11493451e-01
  -5.34422396e-01
   1.27216761e+00
  -1.71498839e+00
   1.07383474e+00
   1.56386052e+00
   1.59568636e+00
  -1.40679867e+00
   4.53554085e-01
  -3.77509069e-01
   4.65254116e-01
   3.70462463e-01
   3.88186167e-01
  -7.62133777e-01
   8.45573982e-01
  -2.56149342e-01
  -8.82627970e-01
   6.90487402e-01
   1.19588429e+00
   1.84336831e-01
   2.22647789e-01
   2.00914271e+00
  -1.54171491e+00
  -2.35816694e-01
  -5.70257248e-01
  -4.36340468e-01
  -3.78335961e+00
  -1.65601484e+00
  -3.86409947e-01
  -9.24221962e-01
  -7.32221100e-01
   6.83039048e-01
   9.52884880e-01
  -8.25645732e-02
   9.50574416e-01
   4.00543570e-01
   1.07729944e+00
  -1.28074450e-01
  -1.55280789e+00
   7.00896714e-02
   5.76014585e-02
  -1.05875992e+00
   1.06386260e+00
  -5.86615885e-01
  -1.57283574e+00
  -3.61976802e-01
  -4.27103961e-02
  -1.03909176e+00
   3.63055847e-01
   9.24895163e-01
   3.08952683e-01
   3.20515515e-01
  -1.34363870e+00
  -1.05641930e+00
   1.02604118e+00
   2.15618918e+00
   1.67054714e-01
   1.36196020e+00
   7.98453774e-01
  -6.95209258e-01
  -6.86816268e-01
   8.67399542e-02
  -2.28633487e+00
   1.17412422e+00
   9.57545267e-01
   1.19743052e-01
  -1.16141702e+00
  -9.87256809e-02
   4.09291904e-01
   6.12671440e-01
  -5.70622033e-01
   1.02080025e+00
  -1.35774928e+00
  -1.01570111e+00
   1.60822553e+00
  -1.18881431e+00
   1.27503141e-01
  -6.27718539e-01
  -1.00376275e+00
  -8.21438111e-01
   1.02712104e+00
   1.10433565e+00
  -1.44115292e+00
   2.54460096e+00
   1.45414875e-01
  -1.00773374e-01
  -4.48006173e-01
   7.13205762e-01
  -5.27929072e-01
  -6.98373652e-01
   1.09535415e+00
   8.83956119e-01
   1.89724663e+00
   9.33952556e-01
   1.08815440e-01
  -1.36685501e-01
  -1.87950766e-01
   7.31425700e-01
  -3.23648753e-01
   1.36833236e+00
  -3.27373449e-01
   1.20088857e-01
  -2.16873518e-01
  -5.10196871e-01
   1.12570310e+00
   2.52536193e-01
  -4.29329198e-01
   3.00123134e-01
   6.52954303e-01
   3.01234167e-01
   4.52795078e-01
  -2.07927524e+00
   3.75573256e-01
   1.13798740e+00
   4.05216199e-01
  -1.89900351e-01
   1.25405891e+00
  -1.20711303e-01
  -9.76374567e-01
   1.49770532e+00
  -2.72795056e-02
  -4.01343587e-01
  -2.50442142e-02
   9.63383002e-01
  -1.12893226e+00
   9.96955915e-02
   8.32706522e-01
  -4.24226973e-02
   2.51903578e-01
   2.17866824e-02
   3.84728372e-01
   2.70570147e-01
  -3.21589196e-01
  -6.85463723e-01
   1.49815290e+00
  -6.16091806e-01
   9.54947317e-02
   1.58972578e+00
   1.47075860e+00
  -1.54233338e-01
  -8.03899626e-01
   3.33615256e-01
   6.14559680e-01
  -4.66429578e-01
  -4.28597708e-01
   3.62551538e-01
   1.29047473e+00
   3.58935391e-01
   1.03797818e-01
   1.19798555e+00
  -8.69898888e-01
  -1.09679791e+00
  -9.95692106e-02
   9.06043216e-01
   1.83326882e-01
  -6.04939781e-01
  -4.00735392e-01
  -1.57573495e+00
  -1.89384750e+00
   1.22998469e+00
   1.32067459e-01
   5.88175402e-01
  -1.09555382e+00
   1.51547124e+00
   1.00961793e-01
   1.03651835e+00
  -4.58855484e-01
  -2.16989326e-01
  -1.74512789e+00
  -9.79813793e-01
   1.03471716e+00
  -5.11232241e-02
  -1.01469642e+00
   5.07488884e-01
   5.01325043e-01
  -3.10442767e+00
  -3.76738465e-01
   6.24265361e-01
   4.63190209e-01
   3.38185235e-02
   1.77449300e+00
  -2.44378334e+00
   4.31631015e-01
  -3.78845023e-01
  -1.21099804e+00
   8.68210425e-01
   7.21450724e-01
   5.82014761e-02
  -2.86011269e-01
  -1.70700336e+00
  -1.21962620e+00
   5.23149959e-01
   1.53436850e+00
  -4.80522485e-01
  -2.24057389e+00
   2.13098890e-01
   1.33465670e-01
  -8.35199473e-02
  -9.80064563e-01
  -1.79665336e+00
  -7.04880391e-01
   2.23540941e+00
   7.16332216e-02
  -6.27965446e-01
   2.46657086e+00
  -1.25435130e+00
   2.63444881e-01
  -1.08632358e+00
  -9.68764323e-01
  -2.85492193e-01
  -8.45781140e-02
  -3.86192987e-01
  -1.73775327e+00
   1.33579914e+00
  -1.00177134e+00
   7.51844853e-01
  -5.09221689e-01
   3.56394982e-01
  -1.28515996e+00
   2.28632818e+00
   2.88619887e-01
   9.81247618e-01
   1.60403473e-01
  -9.82677860e-02
  -1.42583079e+00
  -1.65676845e+00
  -1.32551964e+00
   9.81253511e-01
  -2.13933288e-01
  -4.53193612e-01
  -1.06500438e+00
   4.30399873e-01
  -1.17428872e+00
   6.28480744e-01
   8.98341708e-02
   5.97423465e-01
   1.51506608e+00
  -1.23630288e+00
   5.92835262e-01
   4.08628780e-01
  -4.40315994e-01
   1.57699889e-01
  -1.43581270e+00
  -2.22370812e-01
   9.49195361e-01
   8.03829570e-02
  -1.46671428e-01
   8.43971665e-01
  -5.35946691e-02
  -1.72190658e-01
  -8.11278606e-01
   1.55488623e-01
  -9.10273330e-01
  -5.98818117e-01
   1.24012590e+00
  -5.73009234e-01
  -1.08533440e+00
  -9.64178360e-01
   1.09487644e+00
   4.30374937e-01
   2.69938846e-01
   3.70508083e-01
   1.15883348e+00
  -2.36258936e+00
   2.74204175e+00
   9.13404025e-01
   6.23730328e-01
   1.49839692e-01
  -1.46680507e+00
   1.02889932e+00
   1.74774328e+00
  -1.01638445e+00
  -5.84671361e-01
   4.42854373e-01
  -2.18578126e+00
  -1.52250358e+00
   3.19276301e-01
   2.64183200e-01
   3.85990970e-01
  -1.86281356e+00
   9.56680365e-01
  -1.26243477e+00
  -4.16792033e-01
  -3.75288562e-01
   2.14097886e-01
   1.09489514e+00
  -3.74716254e-01
  -3.85378267e-01
   8.18383345e-02
   2.16633968e+00
  -5.99344337e-02
  -6.61684995e-02
  -6.78130512e-01
  -8.09682994e-01
   3.23807428e-01
  -8.26248763e-01
  -1.68295105e+00
  -2.31348192e-01
   1.19504903e+00
  -1.13008258e+00
  -2.80752086e-01
  -1.07033334e+00
  -9.94582117e-01
   9.32849890e-01
  -3.91363801e-01
   1.62727640e+00
  -7.26312651e-01
   6.25896252e-01
   1.46775686e+00
  -1.78686381e-01
   1.45374643e+00
   1.08112844e+00
   1.34368715e-01
   7.49649484e-01
   5.76381111e-01
   7.06617944e-01
  -9.00479964e-01
   9.31356771e-01
   2.71545838e-02
  -4.95752893e-01
   5.76023220e-01
   3.80428626e-01
   9.04409272e-01
   2.93803554e-01
  -5.38720061e-01
   2.21005861e+00
   1.37949356e+00
  -2.48953636e-03
  -5.51018805e-01
   8.67745794e-01
  -2.17421971e-01
   2.11116134e-01
  -1.19740419e+00
   4.77718210e-01
  -4.37422134e-02
  -6.58805742e-01
  -1.17336076e+00
   2.94248719e-01
   1.94622994e+00
   3.74465393e-01
   4.63184316e-01
  -1.34846333e+00
   1.28270904e+00
  -6.48163317e-01
  -1.96411435e-01
   1.55480461e+00
   4.02003703e-01
   4.62361264e-01
   6.37381583e-02
   6.73776929e-01
   9.65914979e-01
  -1.40985729e+00
   1.13252663e+00
  -1.16527288e+00
  -1.18742208e+00
  -5.14225308e-01
  -7.96097480e-01
  -1.41476156e+00
   1.17835409e+00
   6.40108623e-01
   6.66937756e-01
   1.34689897e-01
  -1.57876346e-01
   1.99710710e+00
   3.40658403e-01
   5.36602697e-01
   6.43880420e-01
   5.34121416e-02
   9.75110259e-01
  -1.23635849e+00
  -3.75354376e-01
   1.22448075e+00
  -9.49996034e-01
   7.63089304e-01
   2.60407622e-01
   8.40842140e-01
   1.09372045e+00
   3.68749850e-01
  -4.96468630e-01
  -1.08181389e+00
  -1.00614775e+00
   3.05044606e-01
  -1.68282487e+00
   1.27536009e+00
  -1.51828595e-01
   1.85586434e+00
  -1.39472086e+00
  -1.34797991e+00
   5.34523002e-01
  -1.16636067e+00
   3.58238856e-01
   1.56965547e+00
   1.28292859e+00
   1.39291870e-01
  -2.11203303e+00
   2.82624304e-01
   3.06809418e-01
  -1.53010552e+00
  -6.59787779e-01
   4.70493148e-01
  -7.85134806e-01
  -4.39449125e-02
   1.60657572e+00
  -1.01662756e+00
  -1.90045310e-01
   1.02923117e+00
  -1.26947884e+00
   1.25802018e+00
   7.41912324e-01
   1.82767990e-01
   8.19609703e-01
  -2.05634336e-03
  -4.02943271e-01
  -5.58585741e-01
  -2.45818622e-01
  -2.65393333e+00
  -7.19468612e-01
   8.83849537e-01
   1.05051189e+00
  -6.76142638e-01
   1.63756619e+00
   1.28970001e+00
  -1.55558092e+00
   6.19703557e-01
  -1.75333203e+00
  -6.66364819e-01
  -9.64639156e-02
   1.26106248e+00
  -2.25958098e-01
  -7.36127088e-01
   1.20798054e+00
   4.88983525e-01
  -3.94916759e-01
   1.12625748e+00
   2.28529655e+00
   4.38928476e-01
   6.13631954e-02
   9.59852773e-01
   2.08486687e-01
   1.41507402e+00
   8.20840206e-01
   1.57276263e+00
  -5.13225126e-01
  -6.22266185e-02
   4.28819958e-01
  -1.57053514e+00
   1.77485529e+00
  -4.32317682e-01
   4.79360608e-01
  -5.95691124e-01
  -1.02099846e-01
   1.45679794e+00
   6.25949299e-01
  -1.00549127e+00
   2.18670697e+00
   1.18018459e-01
   7.43665985e-01
  -3.65159781e-01
   2.40656796e-01
  -6.15764788e-01
   1.01611445e+00
   5.26803305e-01
   3.11909920e-01
   5.35023989e-01
   7.60965623e-02
  -2.72231867e-01
  -1.46555859e+00
   1.97500229e+00
  -2.53116591e-01
  -1.09651032e+00
   1.90858726e+00
   2.50870134e+00
  -2.17848001e+00
  -7.96857605e-01
  -7.06762442e-02
  -1.04140022e-01
   1.13127930e+00
   1.88891702e+00
  -1.04846268e+00
   7.50288138e-01
   1.75462242e+00
   4.48133415e-01
   2.26489128e-01
  -2.25441289e-01
   1.57598608e+00
   4.50587429e-01
  -4.78118432e-03
   7.89558911e-01
   2.02780515e-01
  -1.06534803e+00
   1.73280335e+00
  -6.80513340e-01
  -5.44085495e-01
  -5.33547212e-01
   2.65368532e-01
   7.55433685e-01
   1.76517075e+00
   3.94060596e-01
   1.09829818e+00
   2.08468897e+00
  -6.47404286e-01
  -2.56508123e-01
  -2.70436037e-02
   9.65444910e-01
   1.18029304e+00
  -8.01074718e-01
   1.63639950e+00
  -4.83897679e-01
   1.08283287e+00
  -1.60460318e+00
  -1.43612812e-01
   5.01499827e-01
  -1.45933742e+00
  -1.29539847e+00
   4.84680700e-01
   2.82283294e-01
  -2.37595328e+00
  -1.18878192e+00
   2.16496202e+00
  -6.76499346e-01
   2.53499745e-01
   6.99109701e-01
   7.86380836e-01
  -6.83415859e-01
   1.27074788e+00
   5.32777712e-01
  -1.54104455e+00
   1.96129642e+00
   6.19013512e-01
   9.20258891e-01
  -1.39732640e-01
  -2.00010582e+00
  -1.05184884e+00
   1.50847203e-01
   2.82595444e-01
  -1.07476823e+00
   1.59807642e+00
   1.79811423e+00
   8.13525706e-01
   1.16505679e-01
  -2.98010725e-01
   1.82491707e+00
  -1.29166339e+00
  -5.32134541e-02
   5.61650056e-03
  -8.40680102e-01
   3.73835147e-01
   1.47817367e-01
  -1.25734090e+00
   1.29663162e+00
   2.23594483e-01
  -2.94965419e-01
  -5.45597396e-01
   2.79052436e-01
  -6.79212793e-02
   3.89101798e-02
   3.08442445e-01
   3.65336220e-01
  -1.32315242e-01
   1.48059007e+00
   6.60554546e-01
   8.12656671e-01
  -8.29109601e-01
  -3.30033291e-01
  -9.48209114e-01
   9.19138477e-02
   8.92120873e-01
   9.90997403e-01
  -2.36786730e-01
  -8.64474857e-01
   1.98167045e+00
   7.99865499e-01
  -8.14749214e-01
  -7.56941325e-01
  -1.14731452e+00
  -3.18414948e-01
  -1.38870646e-02
  -1.51209332e+00
  -6.42948337e-01
  -4.24936514e-01
  -1.11157780e+00
   1.23921738e+00
  -1.65561515e+00
   3.66561377e-01
  -6.09566808e-01
  -2.38895122e-01
  -9.03671340e-01
  -1.03959160e+00
   1.95967974e+00
   5.88604261e-02
   8.14468175e-01
   2.62878916e+00
   1.07823630e+00
   7.90105468e-01
  -3.81525896e-01
  -1.13210073e+00
  -2.80102998e-01
   6.33989901e-01
  -7.26339191e-01
   1.20596506e+00
  -6.40409785e-01
   4.75689039e-01
  -1.31607032e-02
  -2.52834167e-01
  -2.52020697e+00
   4.24587655e-01
  -1.03785056e+00
  -1.33696064e+00
  -6.55042488e-01
   1.05938723e+00
   1.67885183e+00
  -1.67969789e+00
   5.03633713e-01
   1.34447075e+00
  -5.80574418e-01
   7.24616766e-01
  -1.11709377e+00
   7.10914278e-01
   2.89837813e-01
   1.89283708e+00
   1.15390747e+00
   1.94307593e+00
   2.83826362e-01
  -2.39428857e+00
  -1.15317974e+00
   1.43062542e+00
  -5.38533159e-01
  -1.60022231e+00
  -1.17520504e+00
  -2.15253356e+00
  -4.41515048e-01
   6.95483776e-01
   1.16928428e+00
  -9.10827010e-01
  -1.72420977e-01
  -8.02099737e-01
  -1.10723116e+00
   1.16653813e+00
  -1.72487798e-01
   6.14683042e-01
  -1.54815183e+00
  -5.90716807e-01
  -6.11302749e-01
   4.74420944e-01
  -1.54253380e-01
  -8.65707469e-01
   1.89988881e-01
   3.50876160e-01
  -9.97328897e-01
  -1.68196643e+00
  -1.65203539e-01
  -3.96015432e-01
  -5.31408314e-01
   9.22164588e-01
  -1.11271662e+00
  -1.00121557e+00
  -1.58465965e+00
   1.89373423e-01
  -9.60174540e-01
   1.99785089e+00
   7.53705852e-01
  -1.35705371e+00
   4.43314754e-01
  -1.00649541e+00
  -5.11303495e-01
  -1.45758449e+00
  -3.00533586e+00
  -2.67425181e-01
  -2.32636416e-01
  -6.64711366e-01
  -1.63781246e+00
  -1.02491791e+00
   2.72672778e-01
   1.38795191e-01
   3.97732866e-01
  -1.13377580e-01
   2.31683306e+00
  -1.07372962e+00
   1.11569393e+00
  -6.31211244e-01
   4.09699757e-01
  -7.11433944e-02
  -1.56064799e+00
   1.02366595e+00
  -9.34070162e-01
  -6.19715277e-01
  -4.32737765e-01
   6.56243041e-01
   2.03122194e+00
  -1.77300459e-01
  -2.04157077e+00
  -1.92733865e-01
   1.66214867e+00
  -9.77743908e-01
   1.39878020e-01
  -1.37098650e+00
   9.98390240e-02
  -1.77281128e+00
   1.58192350e+00
   1.24137464e+00
  -6.19579747e-02
  -1.25679940e+00
  -4.51933766e-01
   1.40911434e+00
   6.14636893e-01
   1.03750459e+00
   1.05055093e+00
  -5.25651083e-01
  -3.60210321e-01
   6.82811587e-01
   6.35122092e-01
   5.47549039e-01
   5.47294984e-01
  -4.25736462e-01
   6.50558032e-01
   5.23715108e-01
  -2.25538828e-01
   9.22759398e-01
   5.22114727e-01
  -1.23266539e+00
   9.31493143e-01
   5.97408004e-01
  -1.09552256e+00
  -2.85214322e-01
  -3.27413295e-01
   1.70254323e+00
   2.26890071e+00
  -1.66607949e+00
  -1.47397437e+00
   1.41822703e+00
  -5.45937324e-01
  -1.02531595e+00
  -1.30594894e+00
   8.99787810e-01
  -1.22119573e+00
   1.03090652e+00
   1.13993159e+00
  -1.64459850e+00
   5.75721748e-01
   5.21130353e-01
   8.52728258e-01
   1.43901088e+00
   1.22285726e+00
   1.35597601e-01
   3.07391611e-02
  -1.15159536e+00
   6.65015927e-01
   3.53606325e-02
   6.31201007e-02
   4.41720732e-01
  -3.32992632e-01
   1.06140019e-01
  -1.87917131e-01
  -2.37626365e+00
   1.59668307e+00
   6.27136584e-01
   1.49760945e+00
   1.75649338e+00
  -5.65717539e-01
   3.48565199e-01
   7.26586635e-01
   6.53866125e-01
   4.22658045e-01
  -1.70956007e+00
   1.74241061e-01
  -6.53937933e-02
   1.19062079e+00
   2.26090490e-01
  -1.35754604e-01
  -4.89482577e-01
   1.35197781e+00
  -1.85191000e+00
  -2.05128266e+00
  -1.78163692e+00
   1.86349023e+00
   6.36960017e-02
  -2.30228314e-02
  -1.24033283e+00
  -5.60951507e-01
  -8.93613419e-01
  -1.73700125e-01
  -8.76204157e-01
  -1.16162480e+00
  -4.34200498e-01
   5.56518436e-01
  -2.52069276e-01
   1.21666328e+00
   1.52366896e+00
   1.59503798e-01
   3.11840894e-01
   4.10777283e-01
   4.42861141e-01
   6.97495113e-01
  -6.53157292e-02
   3.86067724e-01
  -5.34584973e-01
   1.18104855e-01
  -9.55281608e-01
   2.05746243e+00
   4.58388985e-01
   1.23429703e+00
   1.97692289e-01
   1.58151416e-01
   2.00344670e+00
   1.26148354e+00
   4.57363734e-02
   5.80841616e-01
   1.63141912e+00
   3.26455436e-01
   2.42114542e-01
   7.59965428e-01
   2.52887615e-01
  -8.82557598e-01
   2.70515408e-01
  -4.34191022e-01
  -4.47829764e-01
  -1.08994969e+00
  -6.64668067e-01
   1.27837073e+00
  -9.78538126e-01
   9.47693689e-01
  -1.92102671e+00
   2.39692437e-01
   4.49971427e-01
   5.13935247e-01
  -1.93207089e+00
   8.35394902e-01
   1.05159037e-01
   1.21773600e-01
   5.59569079e-01
   3.44301699e-01
  -2.79145797e-01
   1.69689323e-01
   1.84185350e-01
   8.60644438e-01
  -2.59109445e+00
  -5.59413528e-01
  -1.68798824e+00
   2.69833442e+00
  -4.21597920e-01
  -4.89419230e-01
  -1.43323990e+00
   1.72255281e+00
  -1.22305792e+00
   4.90611657e-01
   5.75823187e-01
   5.75880189e-01
  -3.18398951e-01
   6.90675268e-01
  -6.28488856e-01
   8.39016618e-01
  -7.76175855e-02
  -1.92320952e+00
   1.56105313e+00
   1.29951403e+00
  -1.51048133e+00
   1.93149118e-01
   1.00599263e+00
   2.93959572e+00
  -1.27626876e-01
  -2.36362029e-01
   5.57933576e-01
   7.99733042e-03
   4.04854040e-01
  -1.98610944e-01
   4.46997459e-01
  -2.07708154e-02
   1.00794121e+00
   8.18825433e-01
   7.15738159e-01
   9.73350789e-01
   1.09485454e-01
   9.03526658e-01
   2.56614047e+00
   2.71051945e-01
   4.66356970e-01
  -1.75784057e+00
  -2.09816713e-01
  -7.34969437e-01
  -7.17471498e-01
   2.68370590e-02
   4.85072238e-01
  -7.22159668e-01
   2.65921044e-01
   1.10756160e+00
  -8.09781051e-01
   1.16928392e-01
  -1.85635787e+00
  -8.91525143e-01
   8.97480620e-01
  -3.36289852e-01
  -1.59819681e+00
   1.85526379e+00
   1.16924129e-01
   2.29952226e-01
   1.73882308e+00
  -7.26848997e-01
   8.70712586e-01
  -6.89483870e-01
   1.86371943e-01
   1.03697014e+00
   1.18718006e+00
  -1.58932067e+00
  -9.14351207e-01
   1.83820123e+00
   1.62879845e+00
   3.62207687e-01
   2.37742609e-01
  -7.15708464e-01
  -1.45089737e+00
   1.10242064e+00
  -3.39850073e-01
  -8.46076592e-01
   1.37009880e+00
   1.68454564e+00
   2.57452390e-01
  -1.29710942e+00
   1.31640255e+00
  -1.22587410e-02
  -9.02997390e-01
  -1.32214237e+00
   9.81905198e-01
   2.35591027e-02
   6.73416756e-02
  -3.28744649e-01
   2.17283741e-01
  -9.90324548e-01
  -2.89888091e-01
  -6.11012205e-01
  -2.52614501e-02
   1.17184810e-01
   3.20735325e-01
   6.11618285e-01
   2.92014989e-01
   5.65322502e-01
   7.55828702e-01
   1.19013436e-01
   1.80707409e+00
   2.85114290e-01
   5.29283212e-01
   5.28277018e-02
  -1.10587367e+00
  -1.41542201e+00
  -1.59244547e+00
  -1.03478211e+00
   3.63663365e-01
   3.83194593e-02
   7.08111543e-01
  -7.26445737e-01
   6.56694945e-01
  -7.35568079e-01
  -4.88318609e-01
   1.80858773e+00
   7.48923687e-01
  -1.14240077e-01
  -2.39541383e+00
   2.20186401e+00
   1.40483284e+00
  -7.70156218e-01
   1.57579382e+00
   2.66827872e+00
  -2.98597917e-01
  -4.68679285e-03
  -3.72961136e-01
   1.26400422e+00
   1.77751350e-01
  -1.42934338e+00
  -8.33617904e-01
   1.09730834e+00
  -4.83547062e-01
   1.43133606e-02
  -1.06556842e-01
   6.88637072e-01
  -6.72746258e-01
  -9.76953919e-01
   1.45163276e-01
   8.96263700e-01
  -1.01484076e-01
   5.15373002e-02
  -8.14299598e-01
  -2.84170306e-01
   1.42431563e+00
  -4.48283715e-01
   5.39286660e-01
   1.71282807e-02
   6.47784229e-01
   3.22937200e-01
   9.99382469e-01
   8.33671466e-01
   4.84952417e-01
  -1.55069573e+00
  -1.83379995e+00
   1.24794234e+00
  -3.49530258e-01
   1.16676545e-01
   9.44644039e-01
  -1.07050937e+00
   9.06915138e-01
   1.41967632e+00
   6.78416977e-01
  -1.65252561e+00
   1.27504236e+00
  -1.11579802e+00
  -1.42977117e-01
   5.60485003e-01
   5.66653484e-01
   4.65512157e-01
   1.73352796e+00
  -1.54530019e+00
   1.72822219e-02
   1.30726766e+00
  -5.63501286e-02
   9.86913963e-02
   9.54764458e-01
  -4.10523957e-01
  -1.26521630e-01
  -4.10515184e-01
  -3.25032239e+00
   3.24916087e-01
   4.95559455e-01
   1.67149963e+00
   1.49856456e-01
  -9.25063855e-03
   5.55177621e-01
   8.74215138e-01
  -4.19947406e-01
   2.01449552e+00
  -5.04666752e-02
  -1.18272732e+00
   1.47029947e+00
  -4.38342048e-02
   3.44467611e-02
   8.01645948e-02
  -1.34815116e+00
  -1.41348899e-01
  -1.46426182e-01
   4.79476941e-01
  -9.42987167e-01
  -4.15771903e-01
  -3.05403687e-02
  -2.86987679e+00
  -1.58506911e+00
  -1.88532289e+00
  -3.36853220e-02
   4.24425748e-01
   7.61128575e-01
   1.63926800e+00
   1.45628380e+00
  -2.43672527e-01
  -2.95442649e-01
   6.93300581e-01
   7.29290842e-01
   2.34705227e-01
  -1.33801043e+00
  -4.09460428e-01
   1.89780332e+00
  -1.18502928e+00
  -5.74410784e-01
  -1.29923617e+00
   4.06331072e-02
  -5.90230831e-01
   6.05723325e-01
  -4.16187785e-01
  -1.15491281e+00
   7.73457568e-01
  -1.99868402e+00
  -1.67834608e+00
  -2.77428569e-02
  -8.88935185e-01
   1.55937266e-01
   9.26414142e-01
   1.44383533e+00
  -1.36991763e-01
   1.50641730e+00
   8.38760451e-01
   5.04227891e-01
  -3.83502889e-01
  -4.24060675e-02
   9.49509086e-01
   4.83340383e-01
   5.19148935e-01
  -1.38696808e+00
  -3.61589143e-01
   7.43930265e-01
   1.39360685e+00
   1.26358139e-01
   3.32256213e-01
   5.56563481e-01
  -1.03138366e+00
  -3.11841213e-01
  -4.02866093e-02
  -1.30762243e+00
   6.07165653e-02
   3.60512117e-01
   4.22084031e-01
   2.41991086e-01
   2.11855322e+00
  -1.36202555e+00
   1.19930545e-01
   5.96470228e-01
   5.53696110e-01
   3.27940701e-01
   2.24801039e+00
  -2.28945104e-01
   6.00647824e-01
  -1.60443090e-01
   1.14380941e+00
  -2.11041843e-01
  -1.06915845e+00
   9.88642004e-02
  -2.32437263e+00
   5.75995355e-01
  -1.44009238e+00
   1.08872920e+00
  -8.17210768e-03
  -1.46534535e+00
   4.79724468e-01
   8.12879027e-01
  -3.89721471e-01
  -2.99035148e-04
  -1.60782026e+00
  -1.39178903e+00
  -1.88080079e-01
  -7.29389437e-01
   5.76215962e-02
   7.91058394e-02
  -2.55114530e-01
   1.63616737e+00
  -5.51853314e-01
   1.73263621e+00
  -7.37219988e-01
  -4.74911298e-01
   1.47023873e+00
   8.48583667e-01
  -8.00027169e-01
  -3.71101075e-01
   1.21227173e+00
   9.47492085e-01
   5.92347792e-01
   1.07336109e+00
   9.80881373e-01
  -1.81348500e+00
   1.32384832e+00
  -1.82772260e-02
   9.76911122e-01
   5.66083804e-01
   1.28856769e+00
   3.21314605e-01
  -7.75159593e-01
  -1.69989473e-03
   4.17713967e-01
  -4.14477284e-01
   6.56691101e-02
  -8.81333172e-01
   4.72584874e-01
  -6.19218511e-01
   5.40097582e-01
  -5.93583958e-01
  -8.62029936e-01
  -3.65393147e-02
   1.58839632e+00
   2.17830834e-01
  -1.36849093e+00
   7.36992858e-01
  -1.52306329e-01
   1.19632881e+00
   1.55643682e+00
   3.72041453e-01
  -3.37799691e-01
   1.14140091e+00
   1.50315751e-01
  -3.84007406e-01
  -8.73998328e-01
   7.91256290e-01
   2.09348894e-02
  -8.38608786e-01
   1.62155577e-02
  -7.46973158e-01
  -1.14468274e+00
  -1.16837849e+00
   9.94458149e-01
   5.64029033e-01
   1.04825883e+00
   1.69010129e-02
  -1.87917684e+00
   6.34083382e-01
   3.63230514e-01
  -1.04611970e+00
  -3.71061975e-01
   5.46957673e-01
  -1.52848979e+00
   5.52479828e-01
   7.02885209e-01
  -6.34859527e-01
  -5.30693560e-01
  -5.72198139e-01
   6.13755731e-01
   1.01014172e+00
   7.97903826e-01
  -5.39720479e-01
   2.21318335e+00
   1.79664719e+00
  -5.73865409e-02
   1.06718708e+00
   5.13303045e-01
  -6.34495144e-01
   9.23005058e-01
   2.41873279e-01
  -2.18790250e-01
  -1.15618164e+00
   4.74601288e-01
   1.55356655e+00
   8.10674884e-01
  -1.29119682e-01
   5.73148938e-01
  -1.41823785e+00
  -2.09158433e+00
  -1.93283128e-01
   8.36126637e-01
  -2.74919938e-01
  -9.37355218e-01
  -8.12068251e-01
  -1.93249259e+00
  -5.70530312e-01
   8.33003292e-01
  -1.03254672e+00
  -4.66149100e-01
  -7.08079078e-01
   1.12491354e+00
   4.34822853e-01
   2.35077990e+00
   6.52652283e-01
  -5.67969341e-01
   1.11639824e+00
   1.01179714e-02
  -6.03365184e-01
  -1.77973362e-01
   1.10018099e+00
  -9.67750642e-01
  -1.52897504e+00
  -1.55310375e+00
   8.76092708e-03
   2.13141760e-01
   3.76992765e-01
   2.35914373e+00
   9.23727283e-01
   1.13171121e+00
   1.09478653e-01
   6.66767856e-01
   1.19876780e+00
  -1.94426214e+00
   3.63656904e-01
  -6.15368512e-01
  -1.70240390e-01
  -1.66098395e+00
  -1.48084410e+00
  -1.76324282e+00
  -1.37611862e+00
  -5.56002793e-01
  -1.09859256e+00
  -1.00617066e+00
  -1.02392617e+00
  -1.40385490e+00
   1.03339217e+00
   6.13510204e-01
  -5.94395932e-02
  -8.44072503e-01
  -7.24211216e-01
   9.40989931e-01
  -9.31887403e-02
  -8.52671013e-01
   6.47449305e-01
  -1.08407323e+00
   4.18410476e-01
   1.70360023e+00
   4.06136569e-01
  -3.10697736e-01
  -4.05432301e-01
  -2.83001005e-01
   3.59152869e-01
  -3.71520702e-01
   5.94772522e-01
   4.78638144e-01
  -7.14698854e-01
  -7.76114256e-01
  -1.18035433e-01
  -3.91227327e-01
   1.53104991e+00
  -6.90628617e-02
  -9.03338158e-01
  -1.77077116e+00
   1.43874798e+00
   4.04323604e-01
  -5.07938818e-01
  -2.04315297e-01
   3.22231010e-01
   9.91220725e-02
  -6.39631223e-02
   5.98496612e-02
   9.45092768e-01
  -1.18096714e+00
   7.35667962e-01
  -5.45908432e-01
   4.86793559e-01
  -2.22019823e+00
   2.70634438e-01
   1.59978311e-01
   3.94405969e-01
   1.05906206e+00
  -1.31380227e+00
  -1.04974514e+00
   1.93509491e+00
  -7.29823091e-01
   5.60623325e-01
   5.25853633e-01
  -4.65162233e-01
   6.14911654e-01
   9.18270714e-01
  -2.99069573e-01
  -1.86921655e-01
  -4.45778139e-01
  -6.91175277e-01
  -2.67797126e-01
   5.37616684e-01
  -6.46917579e-02
   7.93810123e-01
  -1.68358182e+00
   1.02530298e+00
   6.84589112e-01
   1.06228078e+00
   5.28061874e-01
   1.67713506e+00
   9.96023924e-01
  -2.27459294e-02
   4.41767417e-01
  -1.49164818e+00
   4.82429368e-01
   6.60757492e-01
   1.82735657e-01
   3.20392440e-01
  -1.64856535e+00
  -5.49078990e-01
   1.33760209e+00
  -2.18355873e-01
  -2.32989044e-01
   4.70070530e-01
  -9.43769106e-02
  -1.08232027e-01
   1.31805159e+00
   5.16463763e-01
  -1.27790847e+00
  -5.77923272e-01
  -1.08702847e+00
  -3.01434163e-01
   3.48864619e-01
  -3.82010085e-01
  -3.26146187e-01
  -8.31972079e-01
  -2.21787859e-01
   1.05035051e+00
  -4.36849571e-01
  -1.41486787e-01
  -9.58066125e-01
  -7.96347889e-02
  -6.42642667e-01
   7.64991680e-01
   1.53144036e+00
  -9.53737529e-01
   6.83336510e-01
  -1.18800332e+00
  -9.87368999e-01
  -8.52408123e-01
   1.73478791e+00
  -1.39306839e+00
   2.05121789e+00
  -9.27292802e-01
  -1.14009176e+00
   1.50554403e+00
   8.28874013e-01
   1.94541268e+00
   1.40462507e+00
  -5.26516134e-01
   2.61764297e+00
   8.18008363e-01
   7.40846845e-01
   7.06492124e-01
  -5.83075193e-01
   1.67641690e-01
  -2.81596746e-01
  -3.72948802e-01
   8.80942862e-01
   1.13955793e+00
  -1.72911239e+00
   6.59570655e-01
   6.90504796e-01
  -2.43948422e-01
  -3.82873219e-01
   1.69055511e-01
   4.01078467e-01
   8.67291956e-01
  -7.79584091e-01
   2.58048465e+00
   1.54968545e-01
   1.09180371e-01
  -2.36189254e+00
   1.39927482e+00
  -6.53717271e-01
  -1.88019570e-01
   8.42780264e-02
  -5.62175610e-01
   9.36003484e-01
   4.19065930e-01
  -4.89733597e-01
   3.03332282e-02
  -1.30615852e+00
  -1.31846808e+00
   8.94294495e-01
   1.64568818e+00
  -4.25664395e-01
   3.17833270e-01
  -8.96568227e-01
  -1.00962865e+00
  -2.29348901e-01
  -3.78730649e-01
  -9.82075432e-01
   6.24118880e-01
   1.11270828e+00
  -2.29921463e-01
  -1.16351201e+00
   9.74259685e-01
   4.25019902e-01
   1.75618056e+00
   4.37042286e-01
  -1.85837313e+00
  -8.87333558e-03
   3.10728792e-01
   1.33296262e+00
  -1.82369199e+00
   4.98037088e-01
   1.39223398e+00
  -4.51483486e-01
  -4.02374877e-01
   3.33404374e-01
   7.88856418e-01
  -1.05674688e+00
  -6.89763244e-01
  -3.97563897e-01
  -1.05289829e-01
  -9.98263290e-01
   1.07918122e+00
  -1.45112635e+00
  -5.57637092e-01
   1.69696748e+00
   1.80586585e+00
  -2.16193717e-01
   1.88261694e+00
   5.91828066e-01
   7.02896516e-01
   5.10590203e-01
  -4.49166082e-01
  -9.85774021e-02
  -2.23105267e+00
  -1.16824464e-01
   1.58828491e-01
  -1.92641941e-02
  -1.14411417e-01
   6.69119588e-01
  -3.28667635e-01
   4.30325238e-01
   2.12598545e-01
  -2.00865590e-01
   2.36044133e+00
  -5.06224410e-02
  -2.56940433e-01
   1.33842504e+00
   3.86985020e-02
   5.22534680e-01
   8.10865775e-01
  -1.88956981e-01
  -7.15066361e-01
  -1.04895189e+00
   1.54269250e+00
   4.95408112e-01
  -1.07754196e+00
  -2.01490108e-01
  -4.38488635e-01
   8.73793014e-01
  -1.28683093e+00
  -3.09889997e-01
  -9.29420597e-02
  -8.37066000e-01
  -1.80772350e+00
  -7.05972156e-01
   6.13209935e-01
   7.71531678e-01
  -1.72048799e-01
   2.76728031e-01
   2.08081637e-01
   1.07224734e+00
   1.74589237e+00
  -1.61730643e+00
  -6.39489392e-02
  -5.61484465e-01
  -9.57686053e-01
  -3.90068618e-01
   3.96107966e-01
  -5.28723638e-01
   1.76082173e-01
   2.08243078e-01
   4.33611425e-01
   8.60963069e-01
  -1.20107403e+00
  -1.66443449e+00
  -2.01913447e+00
   7.90458318e-01
  -8.96238085e-02
  -8.08387721e-01
   8.02479344e-01
  -3.74828707e-01
  -6.39217871e-01
  -1.31929496e+00
  -2.68081698e-01
   2.66123292e+00
  -1.16475232e+00
  -1.88954839e-01
   3.57689502e-01
  -8.10716066e-01
  -3.46168026e-01
  -1.34428014e-01
  -1.89407150e+00
  -2.20421513e-01
   1.09410272e+00
  -3.21226974e-01
  -1.38327485e+00
   1.13013515e+00
  -1.15763343e+00
   1.58534104e-01
   1.51341678e+00
   1.84719290e+00
  -3.29067363e-01
  -1.39976843e-01
  -8.58824323e-01
  -8.28967311e-02
  -4.16395862e-01
  -1.47270158e+00
   7.33501813e-01
  -1.29421904e+00
  -1.67139916e+00
  -3.57582641e-01
  -1.64348228e+00
  -8.56173741e-01
   1.45779088e+00
  -3.31963547e-01
  -9.78125002e-01
  -6.93844141e-01
  -8.82798803e-01
   4.99116073e-01
  -1.72104328e-01
  -2.55223126e-01
   6.13555586e-01
  -1.24988917e+00
   4.36079549e-01
  -1.75762871e+00
  -6.53874495e-01
  -1.91282388e+00
  -2.24454525e-01
   5.64301206e-01
  -6.92667617e-01
   5.07267672e-01
   3.37674770e-01
  -1.30529863e+00
   1.61838475e+00
  -1.24929432e+00
  -8.69274182e-01
  -1.32572173e+00
   6.30959735e-01
   5.47340325e-01
  -1.79673949e+00
  -5.64147507e-01
   8.68425801e-02
   2.18654738e+00
  -9.50397590e-02
   1.04709397e+00
  -1.14546815e+00
  -4.79452171e-01
   1.31052958e+00
  -8.82982196e-02
  -1.13447956e+00
   3.01669381e-01
  -1.04974623e+00
  -1.59916624e+00
   1.38887485e+00
   4.59410035e-03
  -8.31032502e-01
   2.06352578e+00
   9.07842827e-02
  -1.04474181e+00
   2.11055809e+00
   7.49737596e-01
   1.32205467e+00
   1.28983079e+00
  -1.11165575e+00
   4.16806463e-01
   1.23531437e-01
   1.31805750e+00
  -1.29955481e+00
  -1.18335751e+00
  -1.03822545e+00
  -1.08561187e+00
   3.23661754e+00
  -2.93335202e-01
  -6.29936471e-01
   2.03076212e-01
  -2.80376192e-01
  -1.11727762e-01
  -9.98575343e-01
  -7.30219900e-01
  -8.41645235e-01
  -8.34754939e-01
   7.10355838e-01
  -1.55069314e-01
  -3.60851815e-01
   8.30933038e-01
  -1.12490081e+00
  -6.42043954e-01
  -1.80111440e-01
  -3.55576489e-01
   1.20753498e+00
  -6.27708623e-01
  -6.49438093e-01
  -7.42640408e-01
  -9.25299797e-01
  -1.32422277e+00
  -3.97929611e-01
   1.32788421e+00
   9.21957850e-01
   2.01167837e+00
   3.25250906e-02
  -5.74725878e-01
   7.51921202e-01
   3.36372072e-01
   7.88620724e-01
  -8.78444737e-01
   1.44547808e+00
   8.78133409e-01
  -8.87159873e-01
  -1.02145630e+00
  -7.09302189e-01
  -2.43089584e-01
   1.30254808e+00
   4.69525446e-01
  -1.58983349e+00
  -7.88573432e-01
  -1.30185285e+00
  -8.10261412e-01
  -6.09598660e-02
   1.30245311e+00
  -7.00687104e-01
  -3.18371955e-01
   6.29872227e-01
  -1.52898256e-01
   1.01014609e+00
   2.31896671e+00
   2.43687147e-01
  -7.18593699e-01
   1.13103337e+00
   2.64264435e+00
   6.96057455e-03
  -2.36800719e-01
   9.19821450e-01
  -1.12695381e+00
   6.11805678e-01
   6.86557019e-01
   1.26303697e+00
   7.64487911e-02
   1.68841036e+00
   1.37661974e+00
   6.18153167e-01
   8.36678110e-01
  -6.56706076e-01
  -1.38105725e+00
   1.55378063e+00
   5.51998900e-01
  -7.29737763e-02
   1.03207919e+00
  -6.90435725e-02
  -5.40327553e-01
   1.65607248e+00
   2.34523292e-01
  -4.21807443e-01
  -1.12346700e+00
  -9.72051781e-01
   1.03932836e-01
   9.49429913e-01
   6.34387857e-01
  -2.44726289e-01
   7.21572171e-01
   3.16710862e-01
  -5.02023184e-01
  -6.04305797e-01
  -3.69619936e-01
  -1.01705026e+00
   7.32925449e-04
  -1.59448144e-01
   1.07428128e+00
   4.85776313e-01
   1.29555555e+00
  -1.05994542e-02
  -6.59626809e-01
   4.75074815e-01
   6.25320062e-01
   5.34082046e-01
  -5.32041347e-03
  -8.88024829e-01
   1.35705026e+00
   5.48034009e-01
   5.45317369e-01
   2.53303526e-01
   6.22524571e-01
  -2.46353754e-01
   1.02853939e+00
  -1.24610560e+00
   1.69682957e+00
   1.07930851e+00
  -3.98494601e-01
  -2.18971659e+00
  -1.50727871e+00
  -2.74805983e-01
  -1.15421417e+00
  -3.20290648e-01
  -3.27480234e-01
   9.71179346e-01
  -1.13637959e-01
   4.16137610e-01
  -3.46250545e-01
   8.01545994e-01
  -2.48367361e-01
  -1.32018175e+00
  -3.93996959e-01
   2.51532261e-01
   6.65403383e-01
  -7.70508171e-01
  -1.01970773e+00
  -4.41427952e-01
   5.91400726e-01
  -7.12239285e-02
  -1.16048511e+00
   2.02632300e-01
   4.30454237e-01
   6.69412794e-01
   1.49082501e+00
  -4.89040062e-01
   8.29481654e-01
  -5.66656873e-01
   8.44195914e-01
   3.38005591e-01
  -3.57239897e-01
   1.90463820e+00
  -8.14653635e-01
  -2.71541377e-01
  -2.79405763e+00
  -8.42924925e-01
  -5.21955567e-01
   1.48830167e+00
  -1.49194582e+00
  -1.00186458e+00
  -6.61492913e-01
  -9.72381333e-01
  -1.03318998e+00
   1.42760230e+00
   3.27417121e-01
  -3.53826740e-01
   2.72487295e+00
  -8.93479066e-02
   4.78682931e-01
  -1.14043227e+00
  -1.50362246e-01
  -2.79516161e+00
   4.33536592e-01
   2.79224623e-01
  -1.68838601e+00
   7.36210966e-01
  -8.15726327e-01
   1.59173243e-01
  -1.27910985e-01
  -9.73928387e-02
  -2.01213244e-01
   1.73425852e-01
  -1.88086110e+00
   4.84654361e-01
   5.46763311e-04
   9.08701933e-01
  -8.88350951e-01
   1.54265115e+00
  -9.11501293e-01
  -6.64325474e-01
  -6.63248427e-01
   2.77436531e-01
   6.12943841e-01
   1.34668420e-01
   2.55093014e-02
   9.96679876e-01
  -1.28917669e+00
  -8.60160937e-01
  -1.11531679e+00
   3.60503716e-01
  -9.36454232e-02
  -6.75807514e-01
  -8.11097223e-01
  -7.79255371e-01
  -1.12084696e+00
   7.39808502e-01
   9.96099835e-01
   4.00488027e-01
  -8.00599614e-01
  -8.58583356e-01
   1.26919192e-01
   7.45606882e-01
  -1.24931870e+00
  -1.07945153e-01
   5.65687572e-02
   1.62722302e+00
  -1.42418040e+00
   2.93678291e-01
   1.69279542e+00
   5.27514511e-02
   2.89553826e-01
   2.66117283e-01
   4.60462341e-01
  -3.33966103e-01
   6.85794111e-01
  -4.08546493e-01
  -6.92655217e-01
   2.02576465e-01
   5.43564503e-01
  -1.64629149e-01
  -5.55061945e-01
   1.28484465e+00
   1.77115539e+00
  -1.86002017e+00
   3.93321973e-01
  -5.38290980e-01
   1.66884242e+00
   1.44663620e+00
  -8.61911706e-01
   8.70436513e-01
  -3.53533098e-01
  -1.27863616e-01
   1.64421231e+00
   1.98000340e+00
  -5.22532474e-01
  -3.02364360e-01
  -7.46177548e-02
   2.00506409e+00
  -1.89744931e-01
   4.71503414e-01
  -6.89316991e-01
   1.99331978e+00
  -2.22635456e+00
  -3.12545072e-01
   1.39180499e+00
   8.23432810e-03
  -3.42512956e-01
   1.42175970e+00
   6.74033855e-01
  -1.49845537e+00
   7.39530143e-01
  -8.12988014e-02
   8.22331313e-01
   2.39939140e+00
   3.60708201e-01
  -2.15214256e-01
   3.33943855e-01
   6.62208478e-01
   5.29845241e-01
  -8.06823598e-01
  -6.65015469e-01
  -5.99297054e-01
  -9.30394816e-02
   7.46001771e-01
   2.15037592e-01
   1.03592407e+00
   1.77309440e-01
   1.68317343e+00
  -2.21258475e-01
   1.58040303e+00
   7.65652525e-01
  -1.26769314e+00
  -1.23753712e+00
   7.43692611e-01
   2.51100023e-01
   6.12521378e-02
   1.09715926e+00
  -1.39902609e+00
   2.37314971e-01
  -1.44113333e+00
  -2.02161090e+00
   6.24688999e-02
   1.63175598e+00
  -1.63671572e+00
   1.14946378e+00
  -2.08560726e-01
  -6.23978336e-01
  -7.77484126e-01
  -9.57011556e-02
   1.23544744e-01
  -3.01656668e-02
  -6.82446448e-01
  -1.67045595e+00
  -9.69645583e-01
  -9.87693958e-01
   8.87796594e-01
  -1.75847451e+00
   1.52863309e+00
   1.48076980e+00
  -2.40707295e-01
   1.24124632e+00
  -5.65246433e-01
   7.13248402e-01
  -1.25432967e+00
   1.52826677e+00
   1.16458021e+00
  -3.44613399e-01
   2.25339694e-01
  -9.93840656e-01
   9.92179066e-01
   2.09482270e-01
   1.24534544e+00
  -1.24046889e-01
  -1.40748256e-01
   1.08260877e+00
   1.23102347e+00
  -7.06841205e-01
   1.79373758e-01
   1.60002957e-01
   1.35727451e+00
  -8.63762977e-01
   3.33732898e-01
  -1.13775706e+00
   1.53376368e-01
   1.46851056e-01
  -1.46624379e+00
  -4.22625026e-01
   2.35641187e+00
  -1.55857692e-01
  -1.13447810e+00
   6.64177400e-01
   5.54968145e-01
   1.26929426e+00
  -1.23842418e+00
   4.89386067e-01
  -2.39506213e-01
  -2.62395379e+00
  -2.05644901e+00
  -1.65009609e-01
   5.65088623e-01
   6.02556386e-01
   1.13496427e+00
  -1.42531661e+00
   1.93565810e+00
   6.67596810e-01
   3.93703535e-01
  -9.74518028e-02
   7.36592077e-01
   7.27225402e-01
  -2.71513172e-01
   1.57591146e+00
   1.12470099e+00
   8.23116201e-02
   2.54330521e+00
  -1.23256308e+00
   8.17724832e-01
   8.56739516e-01
   3.51257142e-01
   1.90818039e-01
   1.14597886e+00
  -1.51920070e+00
  -6.42790980e-01
   8.67522364e-01
  -6.93852659e-01
   4.64444481e-01
   7.54222879e-02
  -7.26897072e-01
  -1.34698289e+00
   1.01715154e+00
  -1.57782655e+00
   1.28305019e+00
  -8.74232109e-01
  -7.38480916e-01
  -1.40490613e+00
   1.65576824e+00
   4.58169918e-01
   9.74629945e-01
   8.85151824e-02
  -3.61955668e-03
   8.27656751e-01
   7.01306896e-01
  -1.89037397e-02
   1.89091170e-02
  -4.05140573e-01
  -6.02189739e-01
  -1.09192597e+00
  -6.99408318e-01
   2.45615627e-02
   7.33788831e-01
  -3.96056285e-01
  -5.52685188e-01
   1.01119616e+00
   1.34635524e-01
  -7.56794501e-01
  -7.17157899e-01
  -2.33507623e-01
  -1.22158939e+00
  -4.41227755e-01
   1.05144137e+00
  -1.50465286e+00
   3.79298143e-01
   1.71089881e-01
  -1.31510348e+00
  -5.03479260e-01
   6.21616199e-01
  -5.10192272e-01
  -2.60278133e-01
   2.92800033e-01
   4.97903294e-01
   2.53656840e-01
  -8.94043664e-02
   1.00914301e+00
   1.46345192e-01
   1.46953727e+00
  -8.63333645e-01
  -4.28654514e-01
   1.79146038e-02
   6.38449759e-01
   4.04046618e-01
  -3.69183285e-01
   1.73600668e+00
   2.74956156e+00
  -1.33578158e+00
   9.66633173e-01
  -1.98913080e-01
  -7.91713947e-01
   7.29271893e-02
  -1.16505611e+00
   2.60681738e+00
  -7.78334165e-01
  -9.94300263e-01
   1.50399566e+00
  -6.50430176e-01
  -2.20467550e-01
   1.37932558e+00
   5.63415215e-02
  -2.21222343e+00
   8.55191709e-02
  -1.18525194e+00
   4.85862379e-01
  -1.07612540e+00
  -2.21033426e+00
  -1.90654343e+00
  -9.00748466e-01
  -1.89559486e-01
   6.29183207e-01
  -9.18527407e-01
   1.23000447e+00
   5.60715833e-01
   4.01729659e-01
   7.70271343e-01
  -6.30189423e-01
   3.11094838e-01
   1.38980770e+00
  -8.20870922e-02
   3.28249493e-01
  -1.17144391e-01
   3.05847970e+00
   3.33664272e-01
   1.07562512e+00
  -5.29493442e-01
   1.21581423e+00
   8.77387398e-01
   7.78805288e-01
   6.23787853e-02
  -2.36066879e-01
   7.75863977e-01
  -2.95761538e-01
   9.16628872e-01
   8.44245186e-01
  -1.62715196e+00
   1.06357278e+00
   6.05610028e-01
   1.64493908e+00
   1.35423353e-01
   1.15919233e-01
   5.78543600e-01
  -1.30432788e+00
   3.60714627e-01
   1.14077320e+00
   5.17146332e-01
  -2.73220134e-01
  -2.04463753e-01
   2.38484027e+00
   4.55859438e-01
  -9.33865086e-01
   6.66599001e-01
  -4.84144184e-01
  -2.91864281e-01
  -1.70952694e+00
   1.68450321e+00
   2.31179980e-01
  -2.31641581e+00
  -1.60230162e-01
  -1.53981747e+00
  -1.19236838e-02
   4.40373527e-01
  -4.98384587e-01
   1.20566563e+00
   9.94870642e-01
   4.48770375e-01
   5.13460438e-01
   1.72617604e-01
  -1.95197855e-01
  -2.90294756e-01
   8.21721451e-01
  -3.05574464e-01
   7.66909849e-01
   7.01446220e-01
  -5.81132179e-01
   8.71260188e-01
  -6.16709240e-01
   1.04735824e-01
  -6.73978612e-01
   1.08398432e+00
   7.96850749e-01
   1.62203956e+00
  -3.57621789e-02
   8.12875099e-01
   1.91882213e-01
  -2.55349238e+00
  -6.01399749e-01
  -1.08923949e+00
  -6.29155304e-01
  -2.35089617e-01
   2.24402072e-01
  -2.72930262e-01
  -3.51854027e-01
   2.45203088e-01
  -1.83267185e+00
   9.44990613e-01
  -5.15594976e-01
   1.32230590e+00
  -7.74093137e-01
   6.77821870e-01
  -4.88735228e-01
   8.00213164e-01
   4.84676156e-01
  -1.82934296e+00
  -1.77276534e+00
   1.01483697e+00
  -2.42495422e+00
  -2.19517206e+00
   1.42798395e+00
  -6.85079248e-01
  -5.52253605e-01
   1.39143543e-01
  -5.36769320e-01
   3.31863976e-01
  -4.01590171e-01
  -3.66825459e-01
  -1.13045921e+00
   1.12810985e-01
  -1.27046827e-01
   8.57637453e-01
   1.15158309e+00
  -9.64802374e-01
  -3.17888970e-01
  -2.20749353e+00
   1.63973512e+00
  -4.53971792e-01
  -5.52473758e-03
   2.61511727e-01
   2.98103455e-01
  -7.17104587e-01
   2.21712289e+00
  -2.19743973e-01
  -6.79968878e-01
  -1.08431862e+00
  -2.82843417e-01
  -2.80058235e-01
   1.80977122e+00
   1.39496932e+00
   5.82902323e-01
   8.83771845e-01
  -3.60176236e-01
   4.36850884e-01
  -1.52246435e+00
  -7.51935576e-01
  -3.42871378e-01
   3.53722140e-01
   1.72371611e-01
  -5.57415449e-02
  -1.83086387e-01
   4.66632264e-01
  -2.06925751e+00
   1.00719952e+00
  -3.24042855e-01
  -5.85573305e-02
  -9.93989671e-01
  -6.03820817e-01
   1.65312568e-01
   1.15897819e-01
   5.29641974e-01
  -1.27122627e+00
  -3.24704111e-01
  -1.67309960e-01
  -7.28042213e-02
  -4.40123665e-01
   1.13828559e+00
   5.88589865e-01
  -1.87300084e+00
  -1.35036230e+00
   1.65134873e-01
  -7.28469826e-01
  -1.07530769e-01
  -1.09566322e+00
   6.03277810e-01
   1.43188082e+00
  -4.79796725e-01
  -7.65656758e-02
  -4.91735276e-01
  -1.37406018e+00
  -3.61750945e-01
   1.36905667e+00
   1.99172177e+00
  -1.21414367e+00
  -9.60406264e-01
   2.32028241e-01
  -7.14598872e-01
  -1.05002832e+00
  -2.81654876e-01
   1.08143380e+00
   1.01645767e+00
   8.60498933e-01
   1.49976115e+00
   6.29833468e-01
  -9.59492426e-01
   8.43674767e-01
  -1.46404819e+00
   1.09684965e-01
   1.65305620e+00
   9.82445636e-01
  -9.85869536e-01
   1.19117713e+00
  -1.56501285e-01
  -6.57910294e-01
  -5.81471799e-01
  -2.37821337e+00
   1.51405770e+00
  -5.38158299e-01
  -8.55688344e-01
   3.50150847e-01
   3.19297779e-01
  -1.17880051e+00
   6.38220064e-01
  -7.46091166e-05
   5.61685529e-02
  -1.04292434e+00
  -1.72824528e+00
  -1.19753638e+00
   1.93041422e+00
  -9.48114107e-01
  -1.81049668e+00
   2.02601005e+00
   1.01235369e-01
  -1.39823915e+00
  -1.50372568e+00
   1.69723615e-01
  -1.89520218e-01
   3.83280479e-01
   1.07271907e+00
  -1.50190694e-01
   9.40962953e-01
   1.85988079e+00
   5.40062356e-01
   9.31398340e-01
   5.15415188e-01
  -1.42303133e+00
  -1.03357625e+00
  -2.49354152e-03
  -4.87063697e-01
  -2.25619831e-01
   1.00469225e+00
  -1.96867182e-01
  -6.01962055e-01
   8.14962776e-01
   7.67655761e-02
  -1.97130705e+00
  -5.56249652e-01
   9.57234610e-01
  -1.14469823e+00
   5.86122917e-01
   6.95850824e-01
   6.80903667e-01
  -1.18519529e+00
  -5.56268706e-01
   8.33246077e-01
  -5.96827333e-01
  -1.22818206e+00
  -4.77132002e-01
   2.70456167e-01
  -1.31091639e-01
   2.14201564e-01
  -8.23530266e-01
   1.97736934e-01
  -4.54345622e-01
  -5.10491715e-02
  -3.44095255e-01
   5.09141831e-01
   1.26186965e+00
  -1.14708316e+00
   8.16006984e-01
   6.66053087e-01
   9.28503462e-01
   1.29167242e+00
  -1.90853637e+00
   6.71301600e-01
   7.10140902e-01
   7.73238271e-01
   5.99516469e-01
   6.79041563e-01
  -1.95443359e-01
   1.54713750e+00
   3.25688058e-01
   1.19021408e+00
  -8.60926637e-01
  -7.39355069e-01
   1.48431112e+00
   3.57211999e-01
   7.57386059e-01
  -4.58511902e-01
  -7.26965231e-01
   2.08534730e+00
  -6.20268826e-01
   8.80924414e-01
  -9.82521702e-02
  -1.84254073e+00
  -3.08244450e-01
   1.07033222e-02
   1.81066391e+00
   2.34328366e-01
  -5.33044755e-01
  -8.99209206e-01
  -7.34029825e-01
  -8.96409317e-01
   3.40863986e-01
   2.18839219e-01
  -5.39697209e-01
  -1.99543096e+00
  -6.36969647e-01
  -3.93690449e-01
   2.53589599e+00
  -6.24383722e-01
  -3.70554668e-01
  -2.18620729e-01
   1.24618810e+00
   6.64088808e-01
   4.12717221e-01
   6.85916576e-01
  -1.55322638e+00
  -1.64525620e+00
  -4.25303995e-01
   5.55288853e-01
   4.69767419e-01
   1.80801277e+00
  -2.18559802e+00
   1.05362204e+00
   3.36779791e-01
   1.00626971e+00
   3.21031072e-01
   5.28472566e-02
   9.76987943e-01
   5.38424229e-01
   2.22901384e-01
   1.95120423e+00
  -1.02548310e-01
  -6.35837146e-01
  -7.86625969e-01
  -1.68827787e+00
   2.77672712e-01
   7.10856582e-01
   2.53736975e+00
  -8.99543942e-01
  -1.26039491e+00
  -3.70399348e-01
   1.02288468e+00
   4.95304708e-01
   2.50649049e+00
  -1.56130837e+00
  -4.16808890e-01
  -1.05667325e+00
   7.61012549e-01
   7.83129007e-01
  -1.28548052e+00
  -1.25231542e+00
   4.85549760e-01
  -1.55666541e+00
  -1.24119913e-01
   6.05654162e-01
  -2.36462369e+00
   7.25704145e-01
   4.70937163e-01
  -2.30455480e-02
  -6.00248996e-01
   9.81471966e-01
   1.77008034e+00
   1.88400141e+00
  -8.62053603e-01
   6.67918788e-03
   6.33071642e-02
   1.04922699e+00
   6.27466809e-01
   2.10132790e+00
  -1.86320866e+00
   1.91658918e+00
   1.44415805e+00
   1.93558099e+00
   1.17777238e+00
  -1.33198392e-01
  -7.20007342e-01
   7.58735172e-01
  -1.09819801e+00
   9.26631954e-01
   1.83063131e+00
   5.44415837e-01
  -1.38688101e-01
   4.55411619e-01
   8.15556629e-01
  -1.88538084e+00
  -3.85267925e-01
  -1.29745065e-01
   1.66755589e+00
  -9.67674820e-01
  -1.10617891e+00
  -6.24868657e-01
   2.80157102e-01
   1.79250374e+00
   1.71327011e+00
   1.04851366e+00
   5.37377192e-01
  -3.35899621e-01
   6.33333044e-01
   1.25172712e+00
  -9.70205092e-01
   2.81313263e-01
  -4.10780930e-01
  -7.69066709e-01
  -7.51429413e-01
  -1.15857032e-01
   1.68045294e-02
   3.71621520e-01
   2.92497656e-02
  -5.18177729e-01
   1.48888795e-01
   5.79714423e-01
   9.39559233e-01
  -1.41374830e-01
  -5.39103164e-01
  -6.35620770e-01
   6.15985795e-01
  -1.05824823e+00
  -6.60690394e-01
  -5.66121783e-01
  -2.90464943e-01
   2.82898902e-03
