  -1.29515872e+00
   1.69343742e+00
   1.35672147e+00
  -1.93933997e-01
  -5.66332237e-01
   1.16195745e+00
  -3.38889423e-01
   1.12743490e+00
  -2.67306402e+00
  -1.21326001e-01
  -2.54408299e-01
   1.18934195e+00
   2.19514181e-02
  -7.30994015e-01
  -4.81384078e-01
   1.20125905e+00
   5.75005634e-01
  -1.51394399e+00
  -2.60969419e-02
   8.90676883e-01
   6.93863184e-01
   2.71018439e-01
   2.98635687e-01
   6.40430891e-01
   1.41737182e+00
  -1.58878806e-01
   6.70634843e-01
   1.39152961e+00
  -1.27255335e+00
  -1.23869498e+00
  -1.63897195e+00
   2.29307343e-01
   1.68680383e-01
  -6.08701512e-01
   5.16244447e-01
  -7.06967334e-01
  -1.28987652e+00
   1.25663341e+00
  -5.77476835e-01
  -3.96413184e-01
   5.37518348e-01
   6.58562376e-01
  -1.29912665e+00
  -1.26309557e+00
   8.13598666e-01
  -7.37567920e-01
   8.19919596e-01
   3.55953987e-01
   2.04736188e-01
  -5.68489833e-01
  -8.61719513e-01
  -2.56732071e-01
  -3.86250751e-01
   3.45216652e-01
   4.90726342e-01
   1.85320159e+00
  -8.67369739e-03
   6.46214871e-01
   7.29669584e-01
   2.28577035e+00
  -2.22007963e+00
   4.06907157e-01
  -6.56431237e-01
   3.04943392e-01
   8.47706000e-02
  -1.12399594e+00
  -1.01944348e-01
   4.59026291e-01
  -5.30076824e-01
   9.77586524e-01
   1.13437730e+00
   7.03276547e-01
  -2.15809812e-01
   7.52070382e-01
   2.12157905e-01
  -3.62179189e-01
   8.18156545e-01
   8.66480976e-01
   9.40266334e-01
  -5.64555449e-01
   3.58180503e-01
   4.91332959e-01
   1.60278856e+00
   1.54637798e+00
  -1.14954799e+00
   7.03356369e-01
  -5.15399230e-02
  -5.19649105e-01
   2.51760010e-01
  -8.93187266e-01
   2.33911280e-02
  -4.58547498e-01
   1.85783369e-01
   2.96581043e-01
  -9.84172400e-01
  -7.61515422e-01
   6.85678199e-01
   4.37112694e-01
   1.59486745e+00
  -6.34000492e-01
  -8.90882589e-01
  -5.12986383e-01
  -1.35026439e-01
  -2.40893600e+00
   2.31568795e-01
  -4.38744123e-01
   8.56743015e-01
  -2.91502934e-01
   2.25843758e+00
  -1.34159957e+00
  -2.31241949e-02
   5.23546748e-01
   5.21358456e-01
   9.72590580e-01
  -1.56197831e-01
   2.55749517e-01
  -8.61141587e-01
  -6.68775476e-01
  -2.91004492e-02
   3.61229750e-01
   1.65957165e+00
  -1.78424992e+00
   1.47188280e+00
   2.18341451e+00
   2.82489614e-01
  -8.51366044e-01
   2.18004773e+00
  -1.49507290e+00
   4.70295134e-01
   5.27011082e-01
   1.10351617e+00
  -1.13702257e+00
  -1.19637309e+00
   5.08299819e-01
   2.87709848e-01
   3.54455311e-01
  -4.78550192e-02
  -1.42971802e+00
  -5.69790756e-01
  -1.02030559e+00
  -9.26970504e-01
   2.54794126e-01
   2.64219243e-01
  -5.44876031e-01
   5.01150281e-01
   1.07135488e+00
   1.41795405e-03
  -7.24790771e-01
   1.14260124e+00
  -8.50781749e-01
   1.32422021e+00
   3.01285111e-01
   2.03922644e-01
   1.32830338e-01
   8.04456170e-02
  -3.44746465e-01
  -2.24712712e+00
   6.29140090e-01
  -2.22113838e-01
  -8.85026517e-01
  -2.93125156e-01
  -9.02050772e-01
  -1.53669851e+00
  -1.41088837e+00
   9.95400860e-01
  -8.01092520e-01
   1.88472024e+00
  -2.48734413e-01
   2.60261684e-01
  -3.65978274e-01
  -4.61747589e-01
   5.74526104e-01
  -6.22250897e-01
  -7.67647322e-01
  -3.64059369e-01
   3.44030780e-01
   1.05285360e+00
  -3.97722711e+00
  -6.26642257e-01
   2.81466497e-01
  -2.83960223e-01
  -1.72956258e+00
  -2.77002810e-01
   7.17228050e-01
   5.07617039e-01
  -1.07484234e+00
   1.68954488e+00
   7.13011903e-01
   1.17772330e+00
   2.62775944e-01
  -6.97726268e-01
  -1.17130988e-01
   1.65092659e+00
   9.82238989e-01
   3.27617513e-01
   1.70272021e+00
   1.11859719e-01
   1.73848843e+00
  -4.84192532e-01
  -5.67534001e-01
   6.04130863e-01
  -7.55372345e-02
  -2.18384116e-01
  -1.18706770e+00
   9.87363665e-01
  -4.14796720e-01
  -7.72606967e-01
   1.75703748e+00
  -7.08971795e-01
  -1.12789415e+00
   1.19043449e+00
   1.05404546e+00
  -1.86924471e+00
  -2.81887346e+00
   4.48900501e-01
   5.38384389e-01
  -3.90683933e-01
  -1.46803726e+00
   3.87261198e-01
   5.30854155e-01
   1.84975505e+00
   1.40816051e+00
  -6.01944987e-03
  -1.86704044e+00
  -6.82185342e-01
   2.57458849e-02
  -1.16312950e+00
   1.77195827e+00
  -1.68719476e+00
  -2.54258398e+00
  -1.52579423e+00
   4.65461068e-01
   6.19553025e-01
  -1.50235013e+00
   3.51278122e-01
  -1.78182365e+00
  -8.38073535e-02
   1.77763699e+00
   1.42135778e+00
  -1.36189652e-01
  -1.04003073e+00
   2.89528411e-01
   1.91466556e+00
  -1.63462885e-01
   4.15551672e-01
  -3.79681209e-01
  -8.07029328e-01
  -2.66874130e-01
  -5.26035873e-01
  -1.36843046e+00
  -1.31044118e+00
   1.29792913e+00
   2.67288170e+00
   2.50306507e-01
   1.18299163e+00
   5.26008805e-01
   7.99833557e-01
  -4.45862868e-01
  -1.90225955e-01
   1.82157204e-01
   7.31197049e-01
   8.16619264e-02
   1.41591005e+00
  -7.40935010e-01
  -8.29562418e-01
  -1.42548287e-01
  -9.53242383e-01
   2.10951717e-01
   1.07914640e-01
  -1.85646564e+00
   1.54920014e-01
  -1.40504669e+00
  -4.74937581e-01
   9.42619505e-01
  -1.57284592e-01
   1.47819604e+00
   1.91702032e+00
  -8.19213031e-03
  -6.00584601e-02
   2.13234484e+00
   1.60724398e+00
   8.49860443e-01
  -3.80166065e-01
   2.11782288e+00
  -7.98151593e-01
   2.35053259e+00
   6.89458440e-01
   5.01305557e-01
   5.61959175e-01
  -2.89658804e-01
  -6.00761922e-01
  -6.33525017e-01
  -1.50411082e+00
   2.84535919e+00
   1.25185649e+00
   6.99024520e-01
  -3.23873037e-01
  -1.69156497e-01
  -2.20320695e+00
  -1.96828803e+00
  -5.49430823e-01
   6.17849446e-01
   5.96823440e-01
  -5.86694687e-02
  -5.70045467e-01
   7.37016935e-02
  -1.01922958e+00
  -1.20340500e+00
  -9.09225631e-01
  -1.26874979e+00
  -6.30505330e-01
   9.22448896e-01
   2.16585870e+00
  -9.11364106e-01
  -1.76457668e+00
   9.81345194e-02
  -2.43431546e+00
  -2.43966250e-01
   1.34283944e+00
  -7.88930327e-01
   1.51876141e-01
  -1.17671658e-01
   3.68432931e-01
  -1.22617966e+00
  -1.70360979e-01
  -7.71704762e-01
  -6.87433845e-01
  -1.70845481e+00
   2.18275162e+00
  -1.10975292e+00
   9.37971741e-01
   5.91714095e-01
  -1.34581369e+00
   2.07545087e+00
  -1.96068107e+00
  -3.33321856e-01
  -6.40754986e-01
  -1.67001197e+00
  -9.26061716e-01
   1.09192530e-01
  -6.10755181e-01
   1.44037863e+00
   6.74020633e-01
  -9.46671031e-01
  -1.87150369e+00
  -3.56399932e-01
  -1.30848445e+00
   1.01052265e+00
  -7.31617160e-01
   1.38848166e+00
   6.76349922e-01
  -1.07683837e+00
   5.86775052e-01
   1.52083745e+00
   2.15233444e-01
  -1.35182557e+00
  -1.02595527e+00
  -7.67465017e-01
  -4.59261858e-01
  -6.94249674e-01
   3.54603029e-01
   6.79521404e-01
  -5.13447702e-01
   7.99670712e-01
  -7.23663377e-01
   4.15324330e-01
   2.00967898e-01
   9.82502798e-01
  -6.95710748e-02
   1.40996279e-01
  -1.09370937e+00
  -1.05856613e+00
  -9.38344381e-01
  -3.72912947e-02
   4.74593656e-01
  -1.09227496e+00
   4.90382119e-01
   8.17350735e-01
   3.23289402e-04
  -1.50772935e+00
  -6.58615752e-01
  -9.00504294e-01
   7.53460643e-01
   5.35039951e-01
   1.34717656e+00
   4.77416801e-01
  -1.38106215e-01
  -3.52842020e-01
   1.18926660e-02
   7.16958292e-01
  -1.22721564e+00
  -1.13884564e+00
   1.47285891e-01
  -1.24577370e-01
  -7.22651801e-01
   3.11494440e-01
   9.10419780e-01
   1.00636765e+00
  -9.98676614e-01
  -1.42252769e+00
  -1.28646750e+00
  -1.36636491e-01
  -3.44076313e-01
  -2.78956459e+00
   1.68729442e+00
   1.34710180e-01
  -1.45691491e+00
  -7.79963280e-01
   2.11571553e+00
  -4.03078906e-01
  -8.62664923e-01
   6.91182592e-01
   2.29005982e+00
  -2.65744661e+00
   5.15550690e-02
   6.43550007e-01
   8.64844664e-01
   4.86702319e-01
  -2.23390213e-01
  -1.28584163e+00
  -2.18767392e+00
  -5.77393122e-01
   8.12382589e-01
   9.50237051e-01
   6.47290652e-01
  -4.56939768e-01
   1.29753873e+00
   2.61968813e-01
   1.59126988e+00
  -1.89055609e-01
  -3.11169026e-01
   1.04839062e+00
  -2.52018950e-01
  -1.52058130e+00
   5.63997058e-01
  -1.43604287e+00
   9.52860149e-01
  -8.58033696e-01
   3.30436612e-02
   5.16506556e-01
  -1.21002922e+00
   7.03031358e-01
   6.97720079e-01
   1.89621364e+00
  -1.40219700e+00
   8.91219553e-01
   3.99767483e-01
  -5.74893222e-02
   2.89090671e-01
  -3.99404552e-01
  -2.00190235e-01
   3.62402177e-01
   5.19297759e-01
   3.73012467e-01
   1.36935736e+00
   4.28872103e-01
   7.92154470e-02
  -5.81394455e-01
   8.74013034e-02
   1.21817410e+00
   5.58957157e-01
  -2.76328260e-01
  -1.03720302e+00
   8.25396811e-01
   4.19503642e-01
  -1.06761625e+00
   5.29300702e-01
  -1.18567865e+00
  -4.28327188e-01
   1.01755592e+00
  -1.98447655e+00
   2.20092232e-01
   4.67085995e-01
  -6.12747040e-01
   6.18620445e-01
  -2.94398531e-01
  -5.27512968e-01
  -2.07369655e-01
  -1.47367669e+00
   4.10502298e-01
  -1.10841272e-01
   4.30983691e-01
   8.75548346e-01
   1.05255119e+00
  -1.70463889e-01
   2.07752885e+00
   1.56218944e+00
   1.12539324e+00
  -1.06164369e+00
   8.04564693e-01
  -6.62252952e-01
  -8.51461854e-01
  -3.99872599e-01
  -8.39093596e-01
   1.41230517e+00
  -7.42765931e-01
  -3.46780717e-01
   5.00393324e-01
   1.68966349e+00
  -3.41191627e-01
  -3.97626066e-01
  -1.70641543e+00
  -1.27417081e-01
  -6.78691362e-01
   1.02949675e+00
   2.38873751e-02
  -5.27449873e-01
   1.72232391e-01
   2.57767949e-01
  -6.71359010e-01
   3.38563230e-03
   2.94160044e-01
  -6.84605137e-01
  -2.22943195e-01
   9.49672310e-01
  -9.86552575e-01
   9.30790246e-01
   5.99520537e-01
  -1.72808090e-02
  -5.60572391e-01
  -7.28141207e-01
  -1.40310462e-01
  -9.11744288e-01
   5.78209392e-02
  -1.45426294e+00
  -2.05263387e-01
  -6.41151461e-01
  -1.23997403e+00
  -1.01622197e-01
   1.13191803e+00
  -1.26796442e+00
   7.99763287e-01
  -1.03562149e+00
  -2.25801726e+00
  -1.76276673e+00
  -1.33174379e-01
  -9.05443798e-02
  -3.04953441e-01
  -1.22068837e-01
  -6.26594541e-01
   6.40100864e-02
   7.89966523e-02
   1.17537693e+00
   5.29694049e-01
  -8.37454150e-01
  -9.98992107e-01
  -5.53628551e-01
  -2.17721494e+00
   7.62018211e-01
   3.93616869e-01
  -4.21758117e-01
   7.75441492e-02
   1.24369899e+00
   2.63015350e+00
  -5.97838658e-02
  -6.65069387e-01
   1.76716922e-01
  -8.29945461e-01
   1.44637662e+00
  -5.38416976e-02
  -1.50174682e-01
   2.99551062e-01
   3.61646355e-01
  -3.79285875e-01
   1.21389396e+00
   9.35524066e-01
  -1.20791894e+00
   1.76443392e+00
   3.22780136e-01
  -2.38356148e-01
  -2.55118882e+00
   4.57287493e-01
   5.94502037e-01
  -2.66637423e-01
   4.86241661e-01
   4.62421621e-01
   1.93259851e+00
   3.24081581e-01
  -4.17455804e-01
  -8.31001431e-01
   1.60819620e+00
   4.59258380e-01
   5.31878809e-01
  -9.89390269e-01
   1.06219153e+00
  -2.21357323e+00
   1.98979561e+00
  -4.02264396e-01
  -1.47317282e+00
   1.99081778e-01
   1.78604645e-01
  -2.09773943e-01
  -5.10798747e-01
   9.40233392e-01
   1.30285306e-02
   9.28382618e-01
   1.30745716e+00
   1.33514592e+00
   1.49002769e+00
  -6.27648400e-02
   7.31735466e-01
   2.25004264e+00
  -2.02196488e+00
  -1.87173978e+00
   1.92284659e+00
  -8.84578762e-01
  -5.29586170e-01
   7.47141760e-01
  -1.08303961e+00
   2.24797216e+00
   1.02653881e+00
  -1.29655099e+00
  -6.51813834e-01
   4.82630761e-01
  -3.36742693e-02
   1.67707595e+00
   6.15733136e-01
  -9.07554196e-01
  -7.42387671e-01
   2.22838193e-01
  -3.47362111e-01
  -7.58675591e-02
  -9.83037153e-01
  -1.29469768e+00
   2.58597892e-01
  -6.97431620e-02
   1.47934483e+00
   2.27771448e+00
   2.14352935e+00
  -1.17560803e+00
   3.16453108e-02
   7.72241865e-01
   1.56873215e-02
  -1.08382717e+00
   2.13330651e-01
   1.54600237e+00
  -8.15266150e-03
   4.45377148e-01
   4.25773095e-01
  -2.71346720e-02
  -7.08634227e-01
   1.30544871e+00
  -1.78583203e+00
  -8.43158076e-01
   1.14664851e+00
  -4.72019186e-01
   5.64171831e-01
  -3.73978301e-04
   6.59486813e-01
  -1.27716527e+00
  -1.32653011e+00
   4.91575346e-01
   3.14282626e-01
  -1.73056992e+00
   1.13961300e+00
  -4.55185018e-01
   2.75527266e-01
   1.52771263e+00
   3.27342149e+00
   9.08125103e-01
  -8.28289370e-01
  -5.20992309e-01
   1.37784233e+00
   4.32260711e-01
  -1.30106557e+00
   6.77988714e-01
  -5.18876666e-01
   8.92438209e-01
  -8.97866440e-01
  -1.61723813e-01
  -5.17756154e-01
   9.71418915e-01
   3.20855903e-01
  -9.44035083e-01
  -1.20953819e-01
  -5.85748241e-01
  -1.10624391e+00
  -2.26158684e-01
  -1.14857003e+00
  -1.98349104e+00
   7.79336907e-02
  -2.20929246e+00
   6.59419572e-01
   1.94498864e-01
   1.03096149e+00
   8.29093499e-01
   7.53737750e-01
   6.80260993e-01
   7.62673027e-02
   1.21493776e+00
  -7.47952657e-01
   6.29110252e-01
   4.09370217e-01
   5.52872657e-01
   6.20497327e-01
  -1.48228393e+00
  -1.73204738e+00
   2.52810148e-01
   7.71023981e-01
  -1.19773614e+00
  -3.34017375e-01
   4.28685953e-01
   6.44890615e-02
   1.27862591e+00
   4.17755207e-02
  -1.05391215e+00
  -6.98163218e-02
   2.77948909e-01
  -7.37029676e-01
   4.72223154e-03
   6.84493413e-01
  -9.27260487e-01
  -3.89342281e-01
   1.36973958e+00
  -4.07690314e-01
   1.08058362e+00
   1.55910774e+00
   8.41223969e-01
  -7.90651581e-01
  -1.61902150e-02
   1.64092013e+00
   2.14274176e+00
   1.14807971e+00
   2.00124429e-01
  -5.88444637e-01
   1.19007261e+00
  -1.63917832e+00
   6.41842174e-01
  -1.15401674e+00
   7.07857769e-01
   1.15808546e+00
  -6.27012605e-02
   5.40651417e-01
   1.23093281e-01
   1.26829024e+00
  -6.47632968e-01
  -8.92814675e-01
  -4.91995800e-01
   7.58497614e-03
   7.67505250e-03
  -5.09879627e-01
   5.07215023e-01
  -1.40023659e+00
   2.10450305e+00
  -4.82429487e-01
   9.40046332e-01
   5.87595708e-01
   1.51494115e+00
   1.09506111e+00
  -2.33709080e-01
   3.72869420e-01
   8.29488020e-01
  -9.13656668e-01
   8.58399709e-01
   4.75561189e-01
   8.69847828e-01
  -3.94147572e-01
   7.10360876e-01
  -8.99023202e-03
  -6.07676016e-01
   3.95152380e-01
   1.67326580e+00
  -7.60856278e-02
   6.62179696e-01
   1.16995253e-01
   1.14972981e+00
  -1.05655165e-01
  -1.08726131e-02
   2.08057265e-01
   1.13562514e+00
  -4.88877165e-01
  -4.66959015e-01
   1.78466109e+00
  -4.30439452e-01
   7.13355672e-01
  -3.75905719e-01
   1.82486822e+00
  -2.65331479e-02
  -2.65042210e-01
  -1.07890677e+00
   3.06359977e-01
   1.02784147e+00
   1.47089760e-01
   1.27123912e+00
   1.69026694e+00
   6.80594806e-01
   5.36439101e-01
  -1.09107198e+00
  -6.51028957e-01
   1.17552500e+00
  -3.27277773e-01
  -7.56671003e-01
   1.64749130e+00
   1.00918420e+00
  -1.31934573e+00
   2.02063644e-01
  -1.68862333e+00
  -6.46911181e-01
   1.09100763e-01
  -1.35206355e-01
  -6.20511104e-01
  -8.08101679e-01
  -2.40475477e-01
   6.51968237e-01
  -2.79062834e-01
   1.08236971e+00
   8.18896065e-01
  -4.98201778e-01
   2.15874616e+00
   5.86203361e-01
  -1.01536409e+00
   1.12445821e-01
  -3.34599681e-01
  -3.97763187e-01
  -7.83137963e-01
   6.33456208e-01
   2.05713634e+00
  -2.23375529e+00
   8.18917130e-01
   1.30790208e+00
  -3.48119036e-01
   4.44613031e-03
   2.17943389e-01
  -2.00122555e-01
  -5.99767038e-01
   1.37492515e+00
   1.41811206e-01
   4.49326983e-01
   3.19254403e-01
  -2.97320259e+00
  -9.92331787e-01
  -2.83136844e-01
   1.05342674e+00
   9.46758036e-01
  -5.61659223e-02
   2.14814062e+00
   8.52190618e-01
  -1.44740518e+00
  -6.89212712e-01
  -1.94711722e-01
  -1.69310682e+00
  -6.43034506e-03
  -1.08468781e+00
  -1.42504578e-01
  -1.12343237e-01
  -6.31808372e-01
   8.86445207e-01
   7.28352613e-01
   1.39036779e+00
  -6.99683175e-01
  -1.51264971e+00
   8.58410434e-01
   1.10622846e+00
  -5.82027149e-01
  -1.13521735e+00
  -3.14128293e-01
   1.53828658e-02
  -6.44879356e-01
   7.17601127e-01
  -1.25190619e+00
   1.43598684e+00
   1.78565548e+00
   1.52425685e-01
   8.05443783e-01
   6.56311956e-01
  -2.88783580e+00
   1.49771093e+00
   8.93859358e-01
   2.72697350e-01
  -1.30565483e+00
  -1.00337038e+00
   6.23916921e-03
   8.48533138e-01
  -1.23155170e+00
  -2.12911766e+00
  -3.12323304e-01
   1.56403524e+00
  -5.97494491e-01
  -1.68469139e+00
   6.74045607e-01
  -1.09625050e+00
   1.76746547e+00
  -1.40399940e+00
   1.10457581e+00
  -2.00941112e-01
  -1.72318231e+00
  -6.15671762e-01
  -3.22840374e-01
   2.08394229e+00
   2.35245744e+00
   1.18868669e-01
  -1.19696191e+00
   2.23088722e-01
   6.78238642e-02
  -5.70092892e-01
   5.79894363e-02
   2.42681698e+00
  -4.10512191e-01
  -2.38773899e-01
  -1.95768525e-01
  -3.23139401e-01
   2.34021871e+00
   1.36379438e-01
   7.68422888e-01
  -9.38826128e-01
   1.26228159e+00
  -5.94093306e-01
  -3.08487456e-01
  -1.35895481e+00
  -1.71804754e-01
   1.04714681e+00
   1.78143033e+00
   7.53398693e-01
   1.11506196e+00
  -1.48473376e-01
   6.15124919e-01
   2.45842335e+00
  -3.49029131e-01
  -3.11190703e-01
   1.64552468e+00
  -1.26868921e-01
   3.37016195e-01
   2.26954010e-01
  -6.41601171e-01
  -7.52221632e-01
   1.02857647e+00
   1.34639285e+00
  -9.66099586e-01
  -4.54319012e-01
   6.42043646e-02
  -4.47174096e-01
  -3.28421042e-01
   9.82958269e-02
   2.55864124e+00
  -4.31747578e-01
  -6.44809439e-02
   4.62543370e-01
   5.55541482e-02
   8.88784650e-01
  -2.25267818e+00
   5.94463792e-01
  -5.69479718e-01
   1.87513997e-01
   1.05557828e+00
   2.06640784e+00
  -2.05331033e+00
  -4.99071540e-01
   5.26297956e-01
   9.86392924e-01
  -5.46278417e-03
  -1.02162520e+00
   1.08100301e+00
  -6.42695818e-01
  -1.98384776e-01
  -4.31932272e-01
   2.01871492e-01
   7.66321644e-01
  -1.07039254e+00
   7.42007403e-01
   9.51744021e-01
  -1.22354782e+00
   1.10984909e+00
   4.36915158e-01
   1.15612417e+00
  -1.63164440e+00
  -1.09577019e+00
   1.78364774e+00
  -1.27143284e+00
  -1.99560758e-01
  -7.60772587e-01
  -1.14519033e+00
  -3.14681067e-01
  -2.93053468e-01
   6.08965022e-01
  -1.62589886e+00
   1.33717127e+00
   7.56834290e-01
   2.72819843e+00
   8.49078261e-01
  -1.51763773e+00
   1.18428501e+00
   7.88446162e-04
  -6.02003259e-02
  -4.82883082e-03
   2.84669883e-01
   1.42968401e-01
   6.31274852e-01
  -1.73438294e+00
  -8.51731442e-01
  -8.22881115e-01
   2.18907820e-01
  -2.44491189e-01
  -2.50892536e-02
   1.16803826e-01
  -7.94564458e-01
  -1.40034639e+00
  -3.53859897e-01
   1.00017375e-02
  -1.20401371e+00
   7.09424388e-02
   9.98387276e-01
  -1.32967600e+00
   9.32834945e-01
  -4.02726411e-01
   6.86416513e-01
  -4.22251653e-03
  -6.09411718e-01
  -2.64443267e-01
  -1.67074812e+00
  -1.67534487e+00
   7.64566036e-01
  -7.84626994e-01
   2.19282945e+00
  -8.18053975e-01
  -1.53570981e+00
   2.68350655e-01
  -1.11066727e+00
   2.24251931e+00
  -9.05165181e-01
   1.35339929e+00
   1.88247879e+00
   3.31057314e+00
   1.04982655e+00
  -8.03936978e-01
   1.42750007e+00
   3.43265333e-01
   7.96100889e-02
  -2.83536086e-01
  -7.84697738e-01
   1.42567583e-01
   1.89797888e-01
  -1.91766681e+00
   9.37231117e-01
  -2.70869905e+00
   4.16875216e-01
  -1.83234639e+00
  -3.25035596e-01
   9.45187095e-01
   4.73628729e-02
  -7.95871217e-01
   4.01372797e-02
   9.00871675e-01
  -9.67866967e-01
   2.91299049e-01
   4.60227419e-01
  -8.10897754e-01
   8.92890410e-01
  -1.72488148e+00
  -7.74377594e-01
   4.25057268e-01
   1.63341218e+00
  -2.19948350e+00
   1.32168159e-01
  -1.18604215e-02
  -1.13901341e+00
   9.96646815e-01
   1.27370247e+00
   4.80794316e-01
  -4.48911424e-01
   4.80852145e-01
   9.77161408e-02
  -1.38479700e+00
   1.34288974e+00
   6.35439093e-01
  -1.28970545e+00
  -1.46444043e+00
  -3.89167907e-01
   6.20197229e-01
  -9.42656484e-01
  -5.07580412e-01
   2.69571601e-01
   9.74542497e-01
  -6.11502620e-01
  -1.65981836e+00
   6.40223405e-01
  -4.32556161e-01
  -6.84672582e-01
   9.62270466e-01
  -5.83143074e-01
  -8.66066031e-01
   7.49625455e-01
   3.85238382e-01
  -1.35702627e-01
   1.42061679e+00
  -7.14571219e-01
   1.48082630e-01
   1.91630849e-01
  -4.99094317e-01
  -5.57100564e-01
   6.98329481e-01
   2.93255326e-01
  -1.00172834e+00
  -1.72201544e+00
  -2.46986737e+00
  -1.70456959e+00
  -8.85513383e-01
  -4.83031796e-01
  -3.23783544e-01
   9.97079478e-01
  -1.21939836e+00
  -1.41711907e+00
   5.36345042e-01
   1.34010505e+00
   8.25965248e-01
   4.14235251e-01
   3.78945640e-02
  -1.01496554e-01
  -8.38764988e-01
  -4.35361625e-01
   3.01975306e-01
   6.25069193e-01
   1.45689037e-01
   7.73549785e-01
   1.02577106e-01
  -7.33864202e-01
  -1.54065181e-01
  -7.93756731e-01
  -6.27703784e-01
   3.16749264e-01
  -4.13856373e-01
  -2.55863994e+00
   2.74898830e-01
  -6.21599270e-01
  -5.00823241e-01
   8.17599046e-01
   1.62890864e+00
  -2.30105253e+00
   6.30492194e-02
  -1.84860314e+00
   1.20217728e-02
   1.00155517e+00
  -1.64117207e-01
   2.36411509e-01
  -1.09668192e+00
   2.82037550e-01
  -2.27110392e+00
  -1.07437160e+00
   1.84694281e+00
   3.22348254e-01
   5.68186385e-01
  -1.36303886e+00
  -8.15734651e-01
   8.81648474e-01
   8.02429735e-01
   9.41304060e-01
  -1.06850727e-01
   1.07385449e+00
  -2.49789285e+00
   7.82179267e-01
  -8.45822045e-01
  -1.77066580e+00
   1.17301039e+00
   7.86412303e-01
  -4.66623899e-01
   7.30726257e-01
   8.97433747e-01
  -2.19100437e-01
  -9.09993173e-01
  -1.42685678e+00
  -6.45450615e-01
  -6.47569977e-01
   2.06466098e-02
   1.89869315e-01
  -4.24794291e-01
   9.04638527e-01
   8.11369874e-01
  -1.05336341e+00
  -2.75379969e+00
   1.55975991e-02
  -8.51413070e-01
   6.34738203e-01
   1.11722574e-01
   1.58366456e+00
  -3.14291934e-01
  -1.08361764e+00
   4.75685525e-01
   6.39362840e-02
   4.69331413e-01
   9.00091599e-01
  -1.57212595e+00
   6.31335971e-01
   2.56450677e+00
  -2.04545240e+00
   1.14638296e+00
  -2.34561054e-01
  -4.22423608e-01
   1.31818766e+00
  -2.54486033e-01
  -8.73138560e-01
   3.18896067e-01
  -6.90732226e-01
  -4.99762464e-01
  -8.95503960e-01
  -3.02940036e-02
   1.00109313e+00
   1.48152472e+00
  -8.75695886e-01
   2.90879961e-01
  -1.28466824e+00
  -1.34073147e+00
  -3.36246780e-01
  -6.76880105e-01
   1.01838089e-01
  -3.96848825e-01
   5.47273695e-01
  -5.23148784e-01
   2.50186374e-01
   1.07448306e-01
   3.74066529e-01
  -5.92323737e-01
   1.35469289e-01
   1.15331034e+00
   1.30069725e+00
  -1.15936735e+00
   9.51023366e-01
  -6.48117800e-01
  -1.82989772e+00
  -1.48597502e+00
  -5.70794022e-01
   1.26844888e+00
  -1.37864094e+00
  -1.96795369e+00
   4.77982628e-01
   9.73280724e-01
  -6.82947418e-01
  -1.54934929e+00
   9.12787377e-02
   2.99647187e-01
   2.37451459e-01
   1.32338713e+00
  -1.06575963e+00
   1.07907672e+00
  -1.40522050e+00
  -3.46331484e-01
   2.26321180e-01
   1.22342448e+00
   4.93646167e-01
   1.65132993e+00
   1.92127922e+00
  -1.26493355e+00
   4.66106700e-01
   4.36971553e-01
   9.04592457e-01
  -6.13852440e-01
  -8.94484809e-01
  -8.02440090e-01
   1.43139209e-01
   1.47178483e-01
  -1.91012804e+00
  -1.00421971e+00
  -1.64303978e+00
   2.56253549e-01
   4.96140705e-01
   5.46822146e-01
  -2.96689203e-01
  -5.93573716e-01
  -8.07707785e-02
   1.19285121e+00
   3.08060462e-01
  -1.29872965e-01
  -9.62478511e-01
  -1.14565319e+00
   3.46746934e-01
  -2.54169049e+00
   1.01425261e+00
  -1.13781925e+00
  -4.47162582e-01
   4.40194482e-01
  -8.09273078e-01
   1.77159095e-02
   1.69668816e+00
   7.42210105e-01
   4.33375997e-01
  -2.41650234e-01
   6.48454536e-01
  -1.33694763e+00
  -1.37958883e+00
  -9.35451110e-03
  -5.98235676e-01
  -1.32976464e+00
   7.63967870e-01
  -3.65552237e-01
   6.34619435e-01
   1.64488202e+00
  -5.29347056e-01
   8.00388994e-01
   5.18121635e-01
   3.10673937e-01
   4.35405690e-01
  -1.51735335e+00
  -1.37545432e+00
  -1.55749638e+00
  -2.26224635e+00
   5.34062558e-01
  -1.30141674e+00
  -5.23789201e-01
  -1.16567702e+00
  -6.97682377e-01
  -1.23327124e+00
   1.01478856e+00
  -1.33243327e+00
  -4.14023133e-01
  -1.36937190e+00
  -2.49427590e-01
   2.73317074e-01
   1.57200201e+00
  -8.83652382e-01
  -1.77915778e+00
   4.40151314e-01
   1.10192499e+00
  -6.48816774e-01
  -7.99759737e-01
   2.42840514e-01
   8.16327466e-01
  -1.63055438e+00
  -5.48836829e-01
  -1.43280377e+00
   1.11702034e+00
   8.44859976e-01
   6.97695442e-02
  -5.73355124e-01
  -8.23265087e-01
  -5.88238300e-01
  -2.12900227e+00
  -2.01334874e+00
  -1.48443349e+00
   2.99213331e+00
  -3.17684443e-01
   6.18541881e-01
  -1.02596822e+00
  -1.26588960e+00
  -2.44732111e-01
   7.07071110e-01
  -3.29184823e-01
  -1.50384668e+00
  -1.04593851e-01
  -4.14691967e-01
   9.21346725e-01
   7.53524257e-01
  -1.36510632e+00
   2.35694039e+00
   4.01465587e-02
  -2.12905073e-01
  -7.86568243e-01
   1.12469903e-01
   2.93385376e-01
  -1.48491443e+00
  -9.18481179e-01
   1.62630499e+00
  -1.30079214e-02
  -7.09521824e-01
   1.31982596e+00
  -1.26426046e+00
  -1.63072575e+00
   1.78897735e-01
  -1.25328926e+00
  -4.75066579e-01
  -9.31298922e-01
  -1.58685421e-01
  -1.01590354e-01
   1.43922218e+00
  -6.42725984e-01
   1.34707323e+00
  -9.45081856e-02
  -3.67251127e-01
  -3.11098663e+00
   1.10633549e+00
  -9.90841375e-01
   8.37726996e-02
   7.97832964e-01
  -2.17562577e+00
   1.56094281e+00
   4.45765728e-01
   3.42048994e-01
  -2.40296948e-01
  -1.87398372e+00
   1.34516459e+00
   9.57434222e-01
   3.57777399e-01
   4.69747424e-01
   4.05137413e-02
  -1.84436164e-02
  -8.45622419e-03
   1.06215064e+00
   1.18032532e+00
  -1.15015606e+00
   4.52197524e-01
   1.71716879e-01
   1.05495128e+00
   9.21764155e-01
   5.28701169e-01
   6.42436313e-01
   6.00585119e-01
   1.76807889e+00
  -5.75956830e-01
  -1.59409540e+00
   9.06510816e-01
  -1.29132751e+00
  -1.51544322e+00
   5.57309668e-01
   1.41721531e+00
   1.06988009e+00
   1.09759885e-01
   3.44280231e-01
  -4.71931517e-01
   2.61897402e-01
  -3.49397928e-01
  -7.72520602e-02
   2.56123166e+00
  -2.01476604e-01
  -2.53460201e-01
  -1.54536226e+00
   1.25108540e+00
  -1.30656885e+00
   1.63896400e+00
   1.20804092e+00
  -1.68989467e+00
  -1.89712290e+00
   1.43431425e+00
   1.32912279e+00
   1.70754327e+00
   1.06467478e+00
   2.03437347e-01
   1.46409716e+00
  -1.06682013e+00
   2.15829435e-01
  -2.86910825e-01
   7.04769530e-01
  -4.85038901e-01
   7.40225166e-01
  -1.52639762e-01
   4.25186014e-01
  -5.19757730e-01
   3.85066518e-01
  -3.11366900e-01
   3.11656006e-01
   3.70330354e-02
   6.87059708e-02
   3.07071788e-01
   2.44683684e-01
  -1.16747289e+00
   8.67159903e-01
   1.19369576e+00
   5.54993530e-01
   1.98666907e+00
  -1.02286262e+00
  -1.26212582e+00
  -8.66562938e-01
  -1.98602009e-01
  -9.54211089e-03
  -3.60893168e-01
  -1.26743852e-01
   7.69229235e-01
  -1.64286168e+00
  -6.15446776e-02
  -5.62293301e-01
   6.45657981e-01
   3.86841094e-01
  -7.48171238e-02
  -1.87709905e-01
  -4.46866502e-01
   9.79774359e-01
  -2.32546295e+00
  -9.73038080e-01
   2.37860302e-01
   8.40926059e-02
  -4.55858151e-01
   5.84397992e-01
   9.44762649e-01
   6.75911503e-01
   7.47092287e-01
  -1.80685046e+00
   5.79002147e-01
   1.79352379e-01
  -3.72736694e-01
   6.34152527e-02
  -1.43162474e+00
  -1.03272731e+00
   4.32004559e-01
  -4.48262308e-01
  -4.56379884e-01
  -3.95255055e-01
   2.46502627e-01
   1.15542923e+00
   5.88559762e-01
  -1.11846597e+00
  -1.73002027e+00
  -1.73980539e+00
  -3.32587781e-01
  -1.01245151e+00
   6.69935425e-01
   7.32328754e-01
  -4.81568759e-02
   1.05214097e-02
   4.69058099e-01
   1.67897594e+00
  -2.71956128e-02
   5.32768738e-01
  -8.05349666e-03
   4.97681352e-01
  -3.84115812e-01
  -1.41447998e+00
   6.78179450e-01
  -1.06228656e-01
   3.71038076e-01
  -9.78583723e-01
   1.02440277e+00
   5.38438346e-01
   3.79407511e-02
  -6.37390621e-01
   6.33178590e-02
   2.93466978e-01
   1.85565095e-01
   1.11774584e+00
   4.84185358e-01
   4.55407061e-01
  -9.47618011e-01
  -7.12957203e-01
  -1.94285028e+00
  -1.78931980e+00
  -8.48365777e-01
   7.97801571e-01
   1.45280479e+00
  -2.76264561e-01
   1.04561730e+00
  -6.73318299e-01
   7.59774715e-01
   3.19414941e-02
   9.34540621e-01
   1.02612073e+00
   1.03831866e+00
  -1.60647466e+00
  -6.55417739e-01
   3.18696087e-01
  -9.41914601e-01
   3.85621324e-01
  -2.38980558e-01
   2.74103239e-01
  -4.20031624e-01
  -3.93133172e-01
   5.03607249e-03
   1.05842798e+00
   7.27052097e-01
  -1.83739422e-01
   3.96913051e-02
   3.64987849e-01
   2.05551827e-01
  -1.08405364e+00
  -1.57341711e-01
  -6.01522209e-01
  -1.63263240e-01
  -7.03937916e-01
   6.61907709e-01
   2.93770176e-01
  -1.30617135e+00
  -6.27126992e-02
  -1.37171117e+00
  -5.29354784e-01
  -6.50548873e-01
   1.80213468e-01
   8.26833419e-01
   7.00086329e-01
  -7.39325740e-01
   8.32583798e-02
  -9.10933894e-01
  -4.56189274e-01
   9.35193931e-01
   5.85365731e-01
  -1.10871753e+00
   1.79517914e+00
  -8.02314852e-01
   1.79284332e-02
   1.87738713e+00
   3.97210488e-02
  -1.23016327e+00
   7.17641839e-01
   7.62361711e-01
  -9.69753519e-01
   3.24997660e-01
  -8.14007924e-02
  -1.98052485e-01
  -2.99670970e-01
  -5.91878867e-01
   1.41084758e+00
  -1.15339326e+00
  -7.39784521e-01
   6.25031610e-01
  -1.65003903e+00
   8.83714378e-01
  -1.86872184e+00
  -4.62532252e-01
   7.45281575e-01
  -2.13367511e+00
   5.48041355e-01
  -1.33828738e+00
   1.00365814e+00
   2.09746149e-01
  -1.05642019e+00
  -6.41240179e-01
  -7.91479489e-01
  -2.43735225e+00
  -3.51438788e-01
   2.13144180e-01
   1.05458020e+00
   1.87225629e+00
   1.67226872e-02
   1.32987445e+00
  -7.08691557e-01
  -3.33762600e-01
  -9.91444012e-02
   1.76897379e-03
  -1.41696549e+00
   6.87087416e-01
   1.20371739e+00
  -6.04409619e-01
   1.42331314e+00
   1.93258291e-01
  -7.72229521e-01
   2.99839162e-01
   3.07443675e+00
  -7.76722186e-01
  -1.12331979e+00
  -5.88360811e-01
  -1.06994977e-01
  -6.45803656e-01
  -1.46950159e+00
  -7.17852420e-01
   2.47987006e-01
  -1.25504725e+00
   7.56716088e-01
  -8.79266933e-01
   5.13566789e-01
   9.67553767e-01
  -9.85764500e-01
   4.98713472e-01
  -1.00268157e+00
   2.71986331e-01
   1.57163442e+00
  -5.35560375e-01
  -4.63685277e-01
  -2.78146979e+00
   1.68855175e+00
   5.15859924e-01
  -1.01049101e+00
  -1.00084036e-02
   8.12384698e-01
   1.58016419e+00
  -1.90732842e-01
   2.24703555e-01
   5.28367645e-01
   1.44447383e+00
   5.51378833e-01
  -2.30630026e-01
   1.15384939e+00
   6.24754894e-01
  -1.65207711e-01
  -8.77252193e-01
   9.63758781e-01
   7.61580044e-01
   2.65248923e-01
   3.77140132e-01
  -1.25585459e+00
  -1.12856429e+00
   7.27506545e-01
   3.04156701e-01
   1.85048756e+00
  -9.22540308e-01
  -6.11696050e-01
  -1.41808289e+00
  -5.91651046e-01
  -7.59223847e-01
   4.96098334e-02
  -1.41566332e+00
   2.62341056e-03
  -1.53466899e-01
   8.96215059e-01
   4.33136353e-02
   6.91158614e-01
  -2.41788664e-01
  -2.41215933e+00
  -4.89253005e-01
   1.18117805e+00
  -7.95516211e-01
   3.25540717e-01
   1.25526226e+00
  -4.27410616e-01
  -2.57643995e-01
   9.61662186e-01
  -4.20127429e-01
   3.13420853e-01
   4.45347225e-01
  -3.66523622e-01
  -8.07409329e-01
  -8.27224796e-01
   3.86217430e-01
   2.14996624e+00
   6.88708677e-01
   1.03978761e+00
   3.68500623e-02
  -2.84728236e-01
  -2.39541543e-02
   7.16153512e-01
  -1.40250402e-01
   1.42512237e-01
  -6.63347950e-01
   2.53480655e+00
  -2.27241397e+00
   1.16298244e+00
   6.02873216e-01
   6.45908562e-01
  -1.18959546e+00
  -2.70473403e-01
  -1.32338100e+00
  -1.87727442e+00
  -1.52807990e-01
   2.22475128e-02
   5.11710293e-01
   9.11733479e-01
  -4.41150985e-01
  -9.11240473e-01
   9.28360070e-01
   1.03096213e-01
  -7.50657593e-01
   1.83755894e+00
  -1.57779069e+00
   4.90759704e-02
   2.46449097e+00
  -1.59250068e+00
   1.74498423e+00
   2.95848488e-01
  -1.17829379e+00
   8.54177586e-01
  -3.43094127e-01
  -2.43973081e-01
   6.31710965e-01
   7.95427764e-01
  -7.02268609e-01
   1.63675957e-01
   2.43935246e-01
   4.30818892e-01
   3.05589431e-01
   4.66577190e-01
  -2.43643726e-01
  -1.07834949e+00
   1.50210370e+00
   3.34355149e-01
   3.46829547e-01
  -1.70924155e+00
   6.69602651e-01
  -1.58238237e+00
  -7.58940620e-01
   3.23265164e-01
  -9.86219217e-01
  -2.12322988e-01
  -3.83952107e-01
   2.27736594e-01
  -3.47981158e+00
   2.63877040e-01
   2.16464720e+00
  -2.46728957e-01
  -3.14867974e-01
  -7.80205453e-02
  -1.62537453e+00
   2.94833993e-01
  -7.50457755e-01
  -6.54545620e-01
  -6.04835598e-01
   8.67711297e-02
   2.09285681e+00
   1.42706358e-01
  -5.48810046e-01
   2.29357573e+00
   6.53775231e-01
   9.43550119e-01
  -4.74026833e-01
   7.20010479e-01
   1.90284204e-01
  -6.16119696e-02
  -7.39589220e-01
   1.56862951e+00
  -5.52834718e-01
  -5.96010908e-01
   7.22267391e-01
   6.66954899e-01
   5.20293644e-01
  -2.21417493e-01
  -1.10418839e+00
  -1.20020484e+00
  -7.65205458e-01
   6.62578058e-01
   2.78612820e-02
  -3.39878626e-02
  -7.70091605e-01
  -1.68940648e+00
   7.55795970e-01
   1.27341568e+00
  -5.71692021e-01
  -2.21539350e-01
  -8.84011755e-01
  -7.06987419e-01
  -9.65712041e-01
   1.75711925e+00
  -1.32589242e+00
   9.70792668e-01
  -1.42880658e-01
  -1.12874600e-01
  -1.51694102e+00
  -1.20080635e+00
  -5.49894635e-02
  -2.35695181e-01
   9.47105976e-02
   8.48224340e-01
   1.62079550e+00
   1.29750932e+00
  -5.22776094e-01
   5.75641488e-02
   3.92641134e-01
   8.59646924e-01
  -1.69637660e-01
   8.56511045e-01
   1.47009586e+00
   9.33611752e-01
  -1.37521235e+00
   1.01153345e+00
   1.76124974e+00
   1.02312281e+00
  -2.16431346e+00
   1.51218148e-02
  -6.54000025e-01
  -4.31028942e-01
   1.81736747e-01
  -8.80830154e-01
  -2.37019235e-01
   9.79876411e-01
  -2.38429611e+00
   2.50817823e+00
   2.59989429e-01
   5.10849463e-01
  -8.46858549e-02
  -1.63258515e+00
   1.97318126e+00
  -1.33088783e-01
   1.03317205e-03
   5.98783261e-01
  -9.34074721e-01
  -1.15293541e+00
  -1.54967648e+00
  -1.20965427e+00
   1.32967637e+00
  -1.12792932e-01
   4.64013925e-01
   2.00352702e-01
   2.10307375e-02
   2.30221864e+00
  -1.37485275e+00
   1.61158678e-01
   1.14172656e+00
   1.00398022e+00
   6.07163113e-01
   5.95652629e-01
  -1.90248371e+00
   1.08322882e+00
   2.52227287e-01
  -5.25655901e-01
   5.14847300e-01
  -1.50775721e+00
  -4.80086289e-01
   1.65856546e+00
   2.21820796e-01
   9.04650508e-01
  -6.85511782e-01
  -1.24418682e+00
   1.06834067e+00
   6.61340459e-01
   6.81829985e-02
   8.99215312e-01
   4.98377316e-01
  -2.04723469e+00
  -1.46464254e+00
   2.31246843e-01
   6.96906349e-01
   1.03976355e+00
  -3.73139878e-01
  -1.32245982e+00
  -2.79215053e-01
  -1.04649941e+00
   1.39012946e+00
  -1.61466174e-01
   6.08966543e-01
   1.53051211e+00
   2.96338599e+00
   5.25653724e-01
   1.31910399e+00
   9.11602122e-01
   1.20069556e+00
  -1.56678409e+00
   5.67012743e-01
  -2.07194314e-02
  -9.65494778e-01
  -9.49015792e-01
  -1.05792755e+00
  -4.05055627e-01
  -7.20936800e-01
  -6.44735812e-01
   1.03288085e-02
   6.49283514e-01
  -3.13405628e-01
  -2.20778251e-01
   8.21990961e-01
  -7.72207700e-01
   2.47327776e+00
   6.00369672e-01
  -6.76005358e-02
  -1.01907741e+00
  -3.39714043e-01
   1.23615424e+00
   4.33964104e-01
  -6.12760976e-02
  -4.61693602e-01
   3.80118049e-01
  -9.83448946e-01
   7.54028573e-01
  -1.20048600e+00
  -1.02371036e+00
   2.85185951e-01
   4.02516733e-01
  -6.95975114e-02
   4.13055836e-02
   7.29110324e-01
  -1.09658271e+00
   1.54467817e+00
   2.16255572e+00
   5.14599602e-01
   5.63157853e-01
  -1.76392244e+00
  -8.18100930e-01
  -9.86642070e-02
  -9.65577628e-01
   1.61884492e+00
  -3.68994823e-01
  -7.91086768e-02
  -1.30939020e+00
   3.99365565e-01
  -1.79484160e+00
   2.86829839e-01
   1.09055640e+00
   3.58963724e-01
   1.61793273e-01
  -6.18939759e-02
  -5.88814788e-01
  -3.29076495e+00
   2.50201442e-01
   5.63310588e-01
  -1.35816037e+00
  -1.84087394e+00
  -1.00917396e+00
  -1.12091998e-01
   1.19102186e-01
   1.93451302e+00
   1.34220781e+00
   3.43876527e-01
  -2.38428288e+00
  -4.30140687e-01
   1.45690161e+00
  -1.67491568e+00
   5.54288696e-01
  -6.68590060e-01
  -5.26727407e-01
  -5.37871527e-01
  -3.55036323e-01
  -1.16786502e-01
  -3.51942971e-01
   1.94667290e+00
   8.04187586e-01
  -6.39079169e-01
   9.77075537e-01
   1.54355435e-01
  -4.10906553e-01
  -9.04839626e-01
  -1.57428888e+00
   5.63024286e-01
   9.37775277e-01
   2.70468642e+00
  -1.36041954e+00
   4.06393029e-01
  -1.57347126e+00
  -3.00720193e-01
   9.22312453e-01
  -1.54872766e+00
   1.75697674e+00
   2.06650809e+00
  -5.96385756e-01
  -8.36882888e-01
   3.86983750e-01
   1.39873478e+00
   1.27877186e+00
   6.85114544e-02
  -2.06600029e+00
  -9.05525821e-01
  -1.15233259e+00
   8.64611162e-01
  -1.00731069e+00
  -2.09807054e+00
   2.86229401e-01
   4.89588716e-01
   1.35107257e+00
   2.09447365e-01
  -8.42822571e-01
   1.67555298e+00
  -4.54141646e-01
  -1.77816027e+00
  -2.40932238e+00
  -5.49299306e-01
   1.67817540e-01
   1.58246140e+00
   6.34449909e-01
  -4.21777781e-01
   9.93653688e-01
  -7.61743639e-01
  -1.14476627e+00
  -1.15791675e+00
  -3.08889123e-01
   1.38087190e+00
   7.14469525e-01
   3.34010020e-01
   1.16167918e+00
  -5.02431187e-01
  -1.00547402e+00
   2.71121647e-01
   1.71221685e-01
  -8.60443452e-01
   3.39267577e-01
  -1.63960852e-01
   4.50598648e-02
  -4.71553683e-01
  -2.27932805e-01
   1.82885407e+00
   3.86605670e-02
  -6.22854431e-02
   2.72996715e-01
  -8.34175015e-01
   5.15533314e-01
  -1.56332777e+00
  -1.63797658e+00
  -4.05334113e-01
  -1.07277650e+00
  -1.53458562e+00
   1.03084732e+00
   1.80828938e-01
   5.91951603e-01
   2.09198447e-01
  -1.06914066e+00
  -7.65604448e-03
   1.32228512e+00
   1.12652418e+00
   4.95941272e-01
   5.37043762e-01
   6.60628051e-01
  -1.05239912e+00
   3.41191493e-01
  -1.74770719e-01
   3.14116836e-01
   2.29943510e-01
   1.24214071e+00
  -4.46876385e-01
   4.74810074e-01
  -7.56266363e-02
  -2.86824547e-01
   1.23526839e+00
   8.14265035e-01
  -5.29912208e-01
   2.59159165e-01
  -1.68236879e-01
  -3.93509141e-01
  -1.78741089e+00
   2.65167498e-01
  -3.42328099e-01
  -7.63392548e-01
   1.07487160e+00
  -5.04545384e-01
  -1.09376055e+00
  -6.65615328e-01
  -6.37987219e-01
   1.12244346e-01
   5.95692552e-01
   7.29958554e-02
  -4.21220010e-01
   1.52747575e+00
   1.57876636e+00
   7.21531980e-01
   1.33759815e+00
   6.06887036e-01
   4.03818426e-01
  -5.88555297e-01
  -5.51447416e-01
  -3.26447587e-01
   7.08550149e-01
   9.95379654e-01
  -8.06701292e-01
  -2.27765506e-01
   2.70698216e-03
   4.67256886e-01
  -2.43822130e-01
   3.75679392e-01
   1.29033989e+00
   1.17186962e-01
   1.71374272e+00
  -2.04023990e-01
  -1.10556900e+00
  -1.12706908e+00
  -1.62936586e+00
  -5.87717951e-01
  -3.62175311e+00
  -2.02440224e+00
   6.69353489e-01
  -2.29165882e-01
  -4.72136032e-01
   8.94648899e-02
   3.66009005e-01
  -9.67416448e-01
  -2.05984658e+00
  -2.69032905e-01
  -4.86711001e-01
   1.32926611e-01
   1.23531295e-01
  -4.16275950e-02
  -1.70146012e+00
   2.24243303e-01
   1.25380288e+00
   5.80822493e-01
   4.64138301e-02
  -1.77327689e-01
  -1.63774331e+00
  -1.78288336e-01
   1.77592619e+00
  -1.09227855e+00
   9.27633676e-02
   7.18394996e-01
  -2.70464957e-02
  -1.12584297e+00
  -1.22970134e+00
  -1.22283460e+00
   2.62602095e+00
  -4.86956353e-02
   7.24713118e-01
  -9.96078314e-01
   7.25538109e-01
  -3.09704317e-01
  -5.90589195e-01
  -1.41051804e-01
  -4.56173681e-01
  -8.12121076e-01
   8.02214853e-01
   1.40995402e-01
   3.51421099e-01
   6.42065426e-01
   1.94611032e+00
  -1.18059590e+00
  -7.41678394e-01
  -1.07261942e+00
   1.23405090e+00
   4.74137439e-01
   1.64725223e+00
  -8.90647634e-01
  -4.33403884e-01
   2.15169289e-01
  -1.34555945e-01
   7.66479258e-01
  -8.07079502e-01
  -4.46652888e-01
  -6.52766462e-02
  -1.07286847e+00
   1.51686725e-01
   4.18078173e-01
  -8.99877386e-01
   1.25291190e-01
  -7.93625995e-02
   7.84390172e-01
  -1.21925301e+00
   3.51108852e-01
   2.55140214e+00
  -6.15732256e-01
  -5.69772291e-01
   1.10675646e+00
  -6.40023003e-02
   1.27390594e+00
   1.89150186e+00
   6.39864826e-01
  -8.22264631e-01
  -6.95563782e-01
   2.58892602e-01
  -2.16540574e+00
  -2.21982433e+00
   7.35691906e-01
  -6.37313824e-01
   1.04973977e+00
  -4.56046182e-01
  -6.63673530e-01
  -1.57690190e-01
   1.12486794e-01
   1.68202976e+00
   3.15277532e-01
  -8.22051478e-02
   8.78889828e-01
  -5.57757745e-01
   9.96383548e-01
  -3.93123960e-01
   4.41784529e-01
   1.97910505e-01
  -1.02088810e-02
  -2.12458487e+00
   6.84970489e-01
  -2.68610566e-01
  -9.68460486e-01
   1.53839007e-01
   8.61732562e-01
   3.30765103e-01
   5.43126532e-01
  -4.44940230e-01
   1.37348219e+00
   5.38856804e-01
  -1.05672626e+00
  -1.83621162e+00
   6.43601177e-01
   5.74010406e-01
  -9.52876909e-01
   4.11986295e-01
   3.20507201e+00
   1.20819622e-01
   7.61066905e-02
   5.90437115e-01
  -4.52455904e-01
   1.50452647e-01
   5.97559243e-01
   1.01794886e-01
   2.05549534e-01
  -6.53346212e-01
  -6.94557595e-01
   1.80082124e+00
  -1.02587142e+00
   5.44935405e-01
  -1.33698647e+00
   1.06101208e-02
   1.25303469e+00
  -7.88067608e-01
   1.83323407e+00
   3.32174251e-01
  -1.06872644e+00
  -1.88762792e+00
   7.28056625e-01
  -3.17071091e-01
   1.41558727e-01
  -6.06090219e-01
   1.19646994e-01
   4.78985897e-01
  -1.88822358e+00
   7.38661776e-01
  -6.28823948e-02
   1.00598300e+00
   1.45016437e+00
  -1.88278456e-01
  -3.51712839e-02
   6.25763767e-01
  -7.26481498e-01
  -9.89259982e-01
  -4.09041471e-01
   7.68262701e-02
   6.90605533e-01
   1.79445890e+00
   9.66574281e-01
   5.23301422e-01
   3.93570990e-01
  -2.45880504e-01
   1.89186107e+00
  -7.14527559e-01
   3.12412964e-01
  -3.81245010e-01
   8.82533010e-02
  -6.52682953e-02
  -3.12482724e-02
   4.67000306e-01
   1.29444059e+00
   7.55106207e-01
  -1.00790301e+00
   9.55608584e-02
   1.22307364e+00
   3.05374590e-01
   1.48153093e+00
  -6.36808609e-01
  -8.08167985e-01
   5.13408960e-01
  -1.37386728e+00
  -1.34152810e-01
   9.61266956e-01
  -5.91602105e-01
  -3.56848493e-01
   3.44418812e-02
   4.04386459e-01
   1.19586075e+00
  -1.33603583e+00
   1.59661495e+00
  -1.20431872e+00
  -7.07567965e-01
  -5.87754082e-01
   8.25349575e-01
  -8.23631927e-01
   1.51924521e+00
  -2.44611909e-02
   2.11217172e-01
  -7.36091743e-01
   3.69834598e-01
   1.11142574e+00
  -4.07757536e-01
  -7.07721802e-01
   1.55626417e+00
  -6.21949083e-01
   5.52617271e-01
   6.21087512e-01
  -1.05090522e-01
  -7.60549712e-01
   8.72743706e-02
  -1.03358087e+00
   9.29957752e-01
  -4.26376085e-02
   1.02790183e+00
   8.54583172e-01
  -4.24252978e-01
   2.66030963e-01
   7.99574173e-02
   8.80880022e-01
  -3.89895596e-01
  -1.17276234e+00
  -3.97175102e-01
   6.90482393e-02
   2.08461976e-01
  -4.69025187e-01
   6.94727568e-02
   3.56615935e-01
   3.59282744e-02
   5.42575106e-01
   3.78716451e-01
   2.92010003e-01
  -3.18634738e-01
   6.29814090e-01
  -1.04011233e-01
   8.79525587e-02
  -7.84855583e-02
  -5.40975588e-01
   7.58698661e-01
  -1.24959511e+00
  -2.53425882e-01
   1.50433894e-01
   1.63420684e+00
   4.81688859e-01
   1.11629682e+00
  -1.30881570e+00
   7.10447773e-01
   6.93318473e-01
   1.20749159e+00
   1.47145584e+00
  -2.30607105e-01
   1.01808002e+00
  -6.12487191e-01
   5.44218692e-01
   1.13444253e+00
   3.80158392e-01
  -1.43084580e+00
   1.34231861e+00
  -1.38432134e+00
   1.27742156e+00
  -4.89279367e-01
   4.41110526e-02
   2.82795975e-01
  -3.91612195e-01
   2.68725098e+00
  -7.65150968e-01
  -1.21778052e+00
  -1.95732188e-02
  -9.76150391e-02
   9.94925842e-01
  -8.10856088e-01
   1.45042429e+00
   8.91741230e-01
   5.50261039e-01
  -4.94239159e-01
  -1.97708338e+00
   1.07763165e+00
   5.37191139e-01
   4.82945939e-01
  -2.21352537e-01
   2.18649978e+00
  -9.24002289e-01
   4.72338781e-01
   1.64932578e+00
  -4.49998881e-02
   9.82216829e-01
  -1.48154140e+00
  -8.78199425e-02
   2.23735959e+00
   1.13265115e+00
   9.50540676e-01
  -1.14508384e+00
   7.91001036e-01
   9.74641379e-02
   1.29605539e+00
   4.80617346e-01
  -6.89311916e-02
  -3.09701999e-01
  -4.61589936e-01
   2.17948014e-01
  -9.82109984e-01
   4.05124532e-01
   2.65465872e-01
  -1.39821226e-01
   9.21861147e-01
   1.49590244e+00
   1.46085391e+00
  -4.13341116e-01
  -1.63421099e+00
  -1.68354128e-01
   3.56111469e-01
   5.06220324e-02
  -1.20054910e+00
  -1.10625567e+00
  -3.65074783e-01
   5.13494442e-01
   1.08110864e-01
  -3.69630040e-01
  -3.14765451e-02
  -7.09504529e-01
   8.74922991e-01
  -8.73822553e-01
  -6.84108758e-01
  -2.04993424e+00
   2.44961681e+00
  -2.59373125e-01
  -2.11158767e-01
   8.67996262e-01
  -4.78030521e-01
  -1.72950140e+00
  -2.77599636e-01
   3.81038624e-01
  -1.72079094e+00
  -2.40349686e-01
   1.96333455e-01
  -6.32953460e-02
   8.52415386e-01
  -2.15440587e-01
  -1.42289854e-01
  -2.74308590e+00
  -1.16329698e+00
   8.62867958e-01
  -5.37117643e-01
  -1.85013049e+00
  -6.62964691e-01
  -4.74606893e-01
   5.21088578e-01
  -7.75214982e-01
   2.86761504e-01
   1.77858681e+00
  -3.08799671e-01
  -4.54054126e-02
   3.66973641e-01
  -1.60578482e+00
  -8.96838532e-01
   9.00975266e-01
   5.26308494e-01
  -4.01908992e-01
   1.13246287e+00
  -1.03511406e+00
  -1.02457685e+00
   1.65215704e+00
  -6.51097801e-01
  -1.28787438e+00
   8.59320784e-01
   7.47473226e-02
   8.79208763e-01
   1.47122754e+00
  -4.59764249e-01
   7.43232540e-02
   8.86886075e-01
  -1.62203402e+00
   1.51345052e+00
  -1.00277164e+00
  -2.47577141e-01
   1.81865880e+00
   2.77563852e-01
   1.54991728e+00
   4.03079851e-01
  -1.52946091e+00
  -7.75676508e-01
   1.65215903e+00
  -2.08804112e+00
  -1.97668816e+00
  -1.11859568e+00
   8.60453416e-02
   2.14289757e-01
   1.73300147e-01
   1.96955245e-01
   1.97382842e-01
