   1.58456311e-01
   1.49258861e+00
   2.27128844e-01
   8.04487977e-02
   8.76007876e-01
  -3.32606573e-01
   1.24485758e+00
  -1.87959768e-01
   2.73550544e+00
  -5.53113201e-01
   7.56098310e-02
   6.14600787e-01
   1.10781732e+00
   3.46584552e-01
  -6.16233821e-01
  -1.12191631e+00
   4.04633830e-01
   6.94009444e-01
  -1.97095071e+00
  -6.86444129e-01
   1.00445749e-02
   1.46333776e+00
   1.56511257e+00
   3.08456159e-03
  -1.31819800e+00
   1.39734509e+00
   1.62969422e+00
   5.52721662e-01
  -8.88209203e-01
   2.23786987e+00
  -6.54978278e-01
  -4.09268795e-01
  -1.72899639e+00
  -2.21581279e+00
  -1.13545226e-01
  -4.59513990e-01
  -7.12796462e-01
  -8.47189230e-01
  -5.73218864e-01
   2.42960625e-01
   2.22932949e-01
  -1.79957097e+00
   5.35934819e-01
  -5.25307079e-01
   7.96884914e-01
   1.78407185e-01
   9.68698231e-01
  -7.74500079e-01
   1.24981584e+00
   1.33241798e+00
  -9.27178950e-01
  -6.08625076e-01
   9.34425062e-02
  -1.12788980e+00
   6.03753837e-01
  -8.16588354e-01
   2.00749974e-02
  -1.08742983e-01
   5.14470248e-01
  -1.02310654e+00
  -1.13096490e+00
   5.95403043e-01
  -6.87893001e-01
  -5.82226417e-01
  -2.94053812e-01
  -1.44827900e+00
  -1.42120846e+00
  -8.65057688e-01
  -1.26021968e+00
  -7.20175682e-01
  -2.30730346e-01
  -2.31800886e+00
   1.52231639e+00
  -8.52321123e-01
   1.52836873e-01
  -6.78169828e-04
   6.17048003e-01
   1.07375105e+00
   3.99126005e-01
   3.48759909e-01
  -1.50423535e+00
  -8.18432521e-01
  -6.97133010e-01
   1.24683352e+00
   3.05448029e-01
  -9.56174268e-01
   1.61244126e+00
  -1.12672291e-01
  -1.04199859e+00
  -1.41834765e+00
  -7.59553880e-01
   5.20588051e-01
  -1.18527810e+00
   7.77066633e-01
   5.09282133e-01
   1.88925006e+00
  -5.05270368e-01
   6.40252119e-02
  -1.90881190e-01
  -6.60901854e-01
   6.65857446e-01
  -3.95382133e-01
  -1.74047619e+00
   1.50900861e+00
  -1.18534649e+00
   6.06462835e-01
  -1.14233846e-01
   1.64810233e+00
  -3.76804192e-01
  -1.18419248e+00
  -7.58971155e-01
   5.47800081e-01
   2.51551140e-01
   4.00861138e-01
   2.52809543e-01
   4.70114904e-01
  -1.02269584e-01
   1.42831232e+00
   7.06500877e-01
  -3.41663227e-01
  -4.01005330e-01
  -7.79620572e-01
  -1.26564408e+00
  -1.11464532e+00
  -1.98472107e+00
   8.52058542e-02
  -8.70813768e-01
  -1.59607252e+00
  -1.37040241e+00
   5.96641683e-01
   8.29963157e-01
   1.51938238e+00
  -2.85047001e-01
   1.59995840e+00
  -9.50536993e-01
  -4.18979601e-01
   1.89261939e+00
   9.38243806e-01
   7.46983179e-01
   1.05929013e+00
   7.65316911e-01
   7.65130959e-01
   1.46747287e-01
   2.02824524e+00
  -1.79061823e-02
   6.47103763e-01
  -1.03135207e+00
  -4.65450926e-01
  -6.07811944e-01
  -1.61036748e+00
  -1.13048423e+00
   4.52116154e-01
  -1.92955415e-01
  -1.85097500e-01
  -3.73570509e-01
   8.19833468e-01
  -4.88164055e-01
   2.19504279e-02
   1.38059110e+00
  -3.99721076e-01
   4.52952220e-01
   9.81188749e-01
   1.50786871e+00
   6.59086445e-01
   1.85951803e+00
  -5.70377943e-02
   1.36259645e-01
  -5.81009321e-01
   4.78420202e-01
   3.36206945e-01
  -3.53447405e-01
   3.31871742e-01
   5.96790068e-01
  -1.49842895e+00
   6.80434072e-01
  -8.48877286e-01
   1.61442451e+00
  -1.40687340e-01
   5.07794727e-01
   3.45626656e-02
   1.04560862e+00
  -8.04011256e-01
   2.09118367e+00
  -1.31222362e+00
   6.09514913e-01
  -3.20472806e-01
   8.47505610e-01
  -8.54160796e-01
   1.62555655e+00
  -2.78843215e-01
  -5.90191262e-01
  -1.45549385e-01
   9.79526101e-01
  -4.70463663e-01
   1.16117981e+00
   3.79091651e-01
  -8.60423398e-01
   1.73991708e+00
  -4.71834257e-01
   2.54212546e-01
   1.22309073e+00
  -9.42734405e-01
   1.41332735e+00
  -1.08343894e+00
   5.04840705e-01
   9.22421747e-01
  -2.69840164e-01
  -7.73521652e-02
   2.27514099e-01
   8.41814952e-01
  -3.39099368e-01
  -2.59765624e-01
   1.05198328e+00
   5.58478261e-01
  -4.54561794e-01
  -1.01004221e+00
   4.21949761e-01
  -9.06095185e-01
   1.55617175e+00
  -1.48972755e+00
  -1.05914436e+00
  -7.42185354e-01
  -1.24869801e+00
  -2.80893100e-01
  -2.03949919e+00
   1.87131019e-01
   1.49226692e+00
  -5.99538286e-01
   9.99438322e-01
  -7.85298698e-01
   6.26379661e-01
   1.64905927e+00
  -4.62557995e-01
  -3.61780975e-01
   9.28154982e-01
   2.47439201e-02
   7.48997934e-02
  -4.68137837e-01
  -4.23964326e-01
  -1.55819090e+00
  -7.97549620e-01
  -6.04054571e-01
   3.69979665e-01
   4.26575285e-01
   6.93074227e-01
  -1.55994988e-01
  -1.60242256e+00
  -1.37187048e+00
   1.07929287e+00
  -3.80470206e-01
   4.04419297e-01
  -1.94648683e-01
   9.98315316e-01
   2.32821919e-01
  -5.31654750e-01
   5.79156353e-01
  -1.25172050e+00
  -4.67416099e-01
   3.32032474e-01
  -5.09303229e-01
  -5.53707426e-01
   1.00714535e+00
  -2.82722112e-01
  -4.82067412e-01
   1.44139847e+00
  -4.82800434e-01
  -1.27395870e+00
   8.60965814e-02
   1.14141032e+00
   4.63562887e-01
  -1.65767855e+00
   2.19176395e+00
  -9.59857400e-01
   1.46458757e-01
   2.30922432e-01
  -5.38357659e-01
  -2.48471814e+00
  -9.08707924e-01
   5.87687663e-01
  -8.95578811e-01
   1.10907296e+00
  -2.95813084e-01
   5.64338757e-01
  -7.57380265e-01
  -1.01237572e-01
  -2.29781337e+00
  -8.03896201e-02
  -7.11314115e-03
   2.23368175e-02
   1.48887227e+00
   1.32952096e+00
  -4.69203932e-01
   2.09036065e-01
   4.02191753e-01
   1.80309136e-01
   3.89091914e-01
   1.00400255e+00
  -8.54927460e-01
  -1.91301288e+00
  -8.79607174e-01
  -5.75053266e-01
   5.89951431e-01
  -6.32678028e-01
   7.20139452e-01
  -1.52941919e+00
   4.15515041e-01
  -1.34318327e+00
  -1.36330011e-01
   5.51362577e-01
  -3.00369548e-01
   6.88908315e-01
  -1.52293643e+00
  -5.90784180e-01
  -5.50378426e-01
  -1.76959831e+00
  -4.99133584e-01
  -1.85481666e-01
  -7.07184172e-01
  -1.18743082e+00
   2.74839939e-01
  -4.59997939e-01
  -1.23737778e+00
   2.33197900e+00
   4.23448651e-01
   4.50785581e-01
  -7.99200555e-01
  -1.05708672e-01
   2.07545933e-02
  -2.68442229e+00
   1.26936789e+00
   4.01164061e-01
  -6.77586817e-01
   7.11737774e-01
   8.47530999e-01
   1.42125528e+00
  -1.42199704e+00
   5.64972066e-01
   6.97035363e-01
   9.98702253e-02
   4.03655763e-01
   1.68570959e+00
   5.69148147e-01
  -2.50637944e-01
  -7.11220797e-01
  -5.45878972e-01
  -1.19471966e+00
   1.94585103e-01
   4.54175982e-01
  -9.30690103e-01
   5.05322704e-01
  -1.22984725e+00
  -7.03656467e-01
   8.31852661e-01
   3.08013104e-01
  -4.68745977e-01
  -7.59922844e-01
   5.40227937e-01
   6.54910600e-01
   2.12589909e+00
   3.78970342e-02
  -5.47499159e-02
  -2.28351344e+00
  -4.48723311e-01
  -7.01928630e-01
   7.22479485e-01
   1.17560933e+00
   1.57501311e+00
   1.55530243e+00
   9.17373619e-01
  -6.77192747e-01
   6.43860352e-01
  -1.36485711e+00
  -7.33306427e-02
  -1.70665388e-01
  -9.16898669e-01
   9.39746324e-02
  -8.22169029e-02
  -7.60966260e-01
  -3.29939456e-02
   1.00046705e+00
  -1.45245581e+00
  -2.81989986e-01
   3.64820643e-01
   4.77377049e-02
   7.84912627e-01
   9.86580147e-01
  -1.02730357e-01
   9.89855550e-01
   1.82347160e-01
   5.64803404e-01
   1.38755551e+00
   1.96062454e+00
  -2.07745214e-01
  -3.16374604e-01
  -5.18707490e-01
  -7.45796199e-01
  -6.94622390e-01
  -6.49002248e-01
   2.58516499e-01
   1.32691947e+00
   8.61300737e-01
   3.87959095e-01
  -3.94859171e-01
   2.47548363e-01
   1.52510300e+00
   2.25154950e+00
   1.88507139e+00
   2.68901014e-02
  -1.30567266e+00
  -1.44629404e+00
  -1.21559904e+00
   5.28217229e-01
  -1.16190505e-01
  -8.41639131e-01
   1.64467974e+00
   1.77660862e-01
  -9.55453804e-01
   3.71463444e-01
  -1.60872303e-01
   1.22906738e+00
   8.26341186e-01
  -2.13227345e-01
  -1.29716924e-02
  -2.21982084e+00
  -7.76290275e-01
   2.25751279e+00
  -6.69748549e-01
  -3.79547594e-01
   1.77709407e+00
   2.56180003e-01
   3.25453979e-01
   1.47385998e+00
  -2.91141818e-02
  -8.81881129e-01
  -8.12435640e-01
   1.68303868e+00
   1.47000257e-01
   1.43276962e+00
  -2.99148061e-01
   1.13040683e+00
  -4.95259130e-01
   8.71414098e-01
   1.46997413e-01
  -3.27294505e-01
  -1.76072952e+00
   1.63346829e+00
  -4.10142209e-01
   9.00528504e-01
   1.16991260e+00
  -6.39537009e-01
   4.22335319e-01
   8.32619737e-01
  -1.39907830e-01
  -5.44238857e-01
   8.57718447e-01
  -1.29053330e+00
  -1.14618473e+00
   3.09379808e-01
  -2.80203647e-01
  -7.73453805e-02
  -6.12411436e-01
   6.09297435e-01
  -1.80171313e+00
  -9.98652505e-01
  -5.16326069e-01
  -6.26337975e-01
   8.52388714e-01
  -2.05636162e+00
  -7.86512286e-01
   1.82650546e-01
  -1.57368411e+00
  -6.87075550e-02
   1.14663355e+00
   3.48289783e-01
   2.01774240e-01
   2.18351084e+00
   5.12815031e-01
  -1.26876347e-01
   1.28183076e+00
   2.76403048e-01
   1.29483888e+00
  -8.16997475e-01
  -4.58524172e-01
   1.43640629e+00
  -9.71190541e-01
   4.27730966e-01
  -1.03952140e-02
  -6.07015525e-01
   4.16680301e-01
   5.53059759e-01
   1.50066197e-01
  -1.70151261e-01
   2.27874178e-01
   1.13656948e+00
   1.54815732e+00
  -4.93012670e-01
   2.88690945e-01
  -1.25586668e+00
  -4.79881558e-01
   9.48313815e-01
   7.08225357e-01
   1.07364090e+00
   4.99465807e-01
   3.86281556e-01
  -1.27397872e+00
   3.70330463e-01
  -2.69041257e-01
  -3.52138493e-01
   1.41477102e+00
   8.03293829e-01
  -1.58027591e+00
   1.38508839e-01
  -7.66694993e-01
  -4.45832506e-01
   2.36698531e+00
   3.84087036e-01
  -1.29601123e+00
  -2.95738210e-02
   3.13824439e-01
   1.60550652e+00
   2.42066480e-02
   1.10030281e+00
   1.01404526e+00
  -7.90350455e-02
   5.56244520e-01
   5.21202687e-01
   1.10079640e+00
   1.63686465e+00
   9.90895652e-01
   1.58374223e+00
   4.28067272e-01
  -9.47591008e-01
   1.29622680e+00
   1.00950563e+00
   1.56308477e+00
  -2.67705845e-01
   4.10761647e-01
  -1.48403431e+00
   2.86709677e-01
  -2.28511054e-01
   1.72852690e+00
  -1.80369135e+00
  -1.26355074e+00
   5.39480196e-01
  -2.03378447e+00
   2.25780349e+00
   2.71587633e-01
  -4.54435424e-01
  -8.64819094e-01
  -1.45390374e+00
  -5.41522777e-01
  -7.57690140e-01
   1.46601085e+00
  -4.87760836e-01
   5.60321433e-01
  -1.04893055e+00
  -8.11047765e-01
  -5.52417714e-01
   2.23280677e+00
  -6.27887786e-02
  -1.25918935e+00
  -9.70097227e-01
  -1.45650284e+00
  -1.07436610e+00
  -3.50878086e-01
   1.23651473e+00
   2.93557471e-01
   8.19873650e-01
  -1.97289271e-01
   7.95293879e-01
   1.61096297e-01
   7.09786869e-01
   2.26203016e+00
   1.32365665e+00
   4.29800167e-01
  -5.49341531e-01
   1.82185304e+00
   4.54069366e-01
   6.42721623e-01
   2.77889940e-01
  -2.08982453e+00
   1.23925773e+00
   1.11264251e+00
   6.97682643e-01
   8.72710065e-01
   5.74007542e-01
   1.35112853e+00
  -1.18403106e+00
   4.39477183e-01
   7.09330499e-01
  -2.55772926e-01
  -3.43114632e-01
   9.45918824e-02
  -1.62650822e+00
   2.51119434e-01
   6.88394356e-02
  -2.50798694e-01
  -2.10740751e-02
  -1.02015517e+00
   8.46840286e-01
   6.77597897e-01
  -3.19851413e-01
   2.28824916e-01
   7.28494120e-01
   1.66278095e+00
  -6.95057669e-01
  -4.98885642e-01
   1.60168113e+00
  -1.65755706e+00
  -5.41647117e-01
  -1.14933139e+00
  -9.24071255e-01
   1.89860931e+00
  -1.20805068e+00
  -5.99069598e-01
  -1.85745176e-01
   6.69800174e-01
   3.87753623e-01
   3.26737168e-01
   5.92704625e-01
  -1.11929166e+00
  -1.00880257e-01
  -8.13910907e-01
  -6.15210185e-01
   3.45574087e+00
  -1.07551971e+00
  -1.51570981e+00
  -1.09916746e+00
  -2.19026658e+00
   1.65618077e+00
  -2.07627396e+00
   1.07251477e+00
   1.96858348e-01
  -6.00621679e-01
   1.08428223e-01
  -6.36399014e-01
  -2.10008443e+00
   2.05135429e+00
   1.50588044e+00
   1.29848522e-02
   5.08225392e-02
   6.84760181e-01
  -3.28205315e-01
   5.53877070e-01
   3.08203313e-01
   8.84794394e-01
   8.38207165e-01
  -5.62055578e-01
  -1.17687195e+00
   1.08101186e+00
  -1.18273014e+00
  -1.68838473e+00
   6.84599838e-01
   4.13321876e-01
   1.83991821e-01
   6.81994873e-02
   2.49247586e-02
   1.71180510e+00
  -7.29433273e-01
  -4.32957390e-01
   6.54571144e-01
  -7.53878493e-01
  -2.23839051e-01
   5.54412665e-01
  -8.01065375e-01
  -1.17893271e+00
   4.51930307e-01
  -6.38073222e-01
  -2.37552225e-02
   8.78424921e-01
   3.88559063e-01
  -5.66640576e-01
  -1.31349534e-01
  -1.70063940e+00
  -1.47602428e-01
   1.92509107e-01
  -1.98563492e+00
  -8.21992927e-01
   1.49722008e+00
   9.82277028e-01
   2.15252184e-01
  -1.48859893e+00
   1.38848718e+00
   1.68824388e+00
   3.29306068e-02
  -5.03215478e-01
   7.88678848e-01
  -6.33288038e-01
   3.95985881e-01
  -1.09316446e+00
  -1.00905842e-02
  -1.12553331e+00
  -1.48458240e+00
  -3.24646906e-01
  -1.52584918e+00
  -5.53038568e-01
   1.30328009e-01
  -2.73429539e-01
  -5.11414868e-01
   4.76835400e-01
  -5.28349871e-01
   2.01814956e-01
  -2.37641383e-01
  -8.57318482e-01
   6.18718267e-01
   2.52108559e+00
  -2.20462113e+00
   7.09049685e-01
  -5.84862120e-01
  -7.12563375e-01
  -1.20362209e+00
   7.37782713e-01
  -2.98199060e-01
  -5.77381033e-01
  -8.81427299e-01
  -9.97099557e-01
   1.79754585e+00
   1.03905528e+00
   1.15655297e-01
   1.90798898e+00
  -1.93196578e+00
   1.42398044e+00
   1.67480009e+00
   4.69888604e-01
  -1.00452791e+00
   4.45241067e-04
  -1.48684744e+00
   2.55096913e+00
   6.89933015e-01
   2.36129136e+00
  -2.54517560e+00
  -1.12474916e+00
  -7.31134022e-01
   4.14543127e-01
   6.01978995e-01
  -3.31825308e-01
  -6.68251183e-01
   8.25798203e-01
   4.96005964e-01
  -2.00908599e+00
   6.81151984e-01
   7.98021427e-01
   6.39841767e-01
   7.76673440e-02
   3.81867646e-01
   1.00883998e+00
  -4.60735557e-01
   6.65159894e-01
  -2.53052007e-01
   1.00082786e+00
  -1.24726967e+00
   7.60928979e-01
  -1.49283169e+00
   1.26499045e+00
   7.50715757e-01
   1.85343733e+00
  -4.30258871e-01
  -2.04217803e+00
   2.00465953e+00
   1.27913081e+00
  -1.46718009e-01
   5.13542295e-02
  -3.87824258e-01
  -4.21677427e-01
  -1.25950272e-01
  -1.05107654e+00
   2.19390097e-01
  -1.46799380e+00
   2.55239229e+00
   1.32551493e+00
   1.60554904e-01
  -2.90913126e-02
   1.78198514e-01
  -1.62863700e+00
  -1.57506769e+00
   6.84669925e-01
   1.55075824e+00
  -6.15642682e-03
  -1.10318163e+00
  -1.12312710e+00
   1.44318325e-01
   3.00942607e-01
  -1.43214805e+00
  -1.16290882e+00
  -1.26610656e-01
   1.13604041e+00
  -1.35542240e+00
  -6.99595584e-01
   1.45982799e+00
  -1.72546938e+00
   4.19044175e-01
  -1.12290736e-01
  -1.43693120e-01
  -7.82424048e-01
   6.05850755e-01
  -4.12719022e-01
  -6.29878558e-01
  -2.29909320e+00
  -1.53351045e+00
  -1.45372106e+00
  -1.15671166e+00
   1.51225892e-01
   2.09927299e-01
   1.11798711e-01
   2.57044522e-01
   6.53590155e-01
  -8.04705884e-02
   4.88269977e-02
  -2.56969201e-01
  -8.18181817e-01
   4.35484196e-01
  -3.59247234e-01
   9.18385726e-01
   9.31406927e-01
  -8.61252210e-02
   2.03000779e-01
  -3.62634476e-01
  -2.56598750e-01
   7.92542684e-01
  -6.72906470e-01
   8.13416286e-02
  -2.16160909e+00
  -4.06695839e-01
   6.99567649e-01
  -2.89866543e-01
  -1.69694536e+00
  -9.15378513e-01
  -7.33680227e-01
   1.41156911e+00
  -1.89886952e+00
   1.32369175e+00
   1.63651035e+00
   4.39526385e-02
   1.61703264e+00
   2.33859961e+00
  -1.95003988e+00
   4.59225128e-01
  -1.32618080e-01
   5.16338301e-01
   1.00709862e+00
  -5.81991971e-01
  -4.56778031e-01
  -4.07236222e-01
   4.59262009e-02
  -9.04738151e-01
  -1.65956502e-01
   1.02000759e-01
  -1.27561686e+00
  -1.56426505e+00
   9.39516506e-01
  -4.44312036e-01
   5.50938239e-01
   1.60410475e+00
   1.14292761e+00
   5.70431894e-01
   1.01675972e-01
   1.55797504e+00
   6.49962119e-01
   1.68750965e+00
   1.40791781e+00
   2.09930853e-01
  -1.67152692e+00
   1.25407015e+00
  -8.32187105e-01
   1.41171730e+00
  -2.10317618e+00
   5.57374307e-01
  -1.13836339e-01
  -8.70119662e-01
  -4.03865571e-01
   2.40660522e-01
  -5.22301249e-01
  -8.22811517e-01
  -4.71843580e-01
  -4.44487915e-01
  -7.95990780e-01
   6.73227233e-02
   1.09791861e+00
  -5.45793341e-01
   2.11241808e-01
  -1.53468616e+00
  -1.73835135e-02
   5.39378714e-01
  -1.64802873e+00
  -3.93999426e-01
  -8.11564083e-01
   4.81433234e-01
   1.84446200e+00
   2.50888204e+00
   2.20116667e-01
   1.96988776e+00
  -1.73053465e+00
  -1.56765394e+00
  -5.30348060e-01
   1.28048721e+00
   1.65188392e-01
   5.54908522e-01
   2.08790642e-01
  -8.05582373e-01
  -6.41426204e-02
  -1.14331522e+00
  -7.57206225e-01
  -5.54260472e-01
   6.49097077e-02
   9.73117436e-01
  -1.03058143e+00
  -1.43915832e+00
  -7.90059157e-02
   8.24486806e-01
  -3.48909083e-01
   9.31867734e-01
   7.87227513e-01
   4.26261820e-01
  -1.50636851e+00
   1.07549548e+00
   7.24491117e-01
   6.96788798e-02
  -3.23898725e-01
   2.25413602e+00
  -1.75252018e+00
   4.65422421e-01
   9.79853332e-01
  -3.73498392e-01
   1.32006913e+00
   1.41010596e+00
  -1.81212496e+00
  -1.47721592e+00
  -2.84300018e-01
  -4.28812157e-01
  -3.68307822e-01
  -6.09108517e-01
  -1.00741956e+00
   1.15055269e+00
   4.91502891e-01
  -2.17833197e+00
   1.43741715e+00
  -1.30625179e+00
  -2.06311852e-01
  -4.51978794e-01
   5.43027836e-02
  -4.66005111e-01
  -9.02933943e-02
  -1.18679592e+00
  -1.19618656e+00
   3.98919128e-01
   7.65102036e-01
   2.42006710e+00
   1.93426451e+00
   1.02977277e+00
   1.70060899e+00
  -2.50732850e-02
   1.72198380e+00
   1.01361855e+00
   1.07620816e+00
   1.27845267e+00
  -9.32355099e-01
   8.27312059e-01
  -6.59585072e-01
   5.15275538e-01
   4.68215192e-01
   1.06060220e+00
  -1.86099978e+00
   3.35239953e-01
  -2.79382989e-01
  -2.43218288e+00
   3.41200310e-01
  -8.49850912e-01
   6.45986552e-01
  -8.85147208e-01
   1.32299214e-01
   7.27977011e-01
  -1.24170533e+00
   7.65131322e-01
  -2.64216733e-01
  -6.61006872e-01
  -1.10103455e+00
  -1.93890500e-01
  -1.04781632e-01
  -8.43396304e-01
   1.50961955e+00
   6.35816573e-01
   5.51305356e-01
   8.34501882e-01
   6.43075629e-02
  -1.77466435e+00
   6.78415134e-01
   7.97919739e-01
   1.31085204e+00
   9.23573764e-01
   8.73374367e-02
  -6.11575937e-01
   1.46064759e+00
  -5.97478065e-01
   1.77184440e+00
   1.40784388e+00
  -9.57439274e-01
   1.01841195e+00
   2.82667750e-02
   5.87816941e-01
  -8.87346622e-01
   1.10490567e+00
   3.54412675e-01
  -3.79826146e-03
   6.80833915e-01
   9.59498858e-01
   9.92725886e-01
   1.24132796e+00
  -5.26172314e-02
   2.19558843e+00
   1.47744715e+00
  -3.28853119e-02
   1.74877434e+00
  -1.07408302e+00
   1.32436107e+00
  -4.86298347e-02
  -4.35528462e-01
  -1.13097794e+00
   1.68176697e+00
  -8.90659291e-02
   1.97754319e+00
   1.03215519e-01
  -2.02336788e+00
   5.89763437e-02
   6.42674936e-01
  -1.90835343e+00
   1.43342968e+00
   5.99655755e-01
   5.73999079e-01
  -1.79524985e+00
   1.54841764e+00
  -1.78262618e+00
  -1.56193081e-01
  -3.81910512e-01
   2.22952437e-01
  -4.21745288e-01
   7.16543872e-01
  -3.40221333e-01
  -1.78693368e+00
  -8.16777262e-01
   6.22865347e-01
  -8.67212282e-01
   2.69587654e-01
   9.91134087e-01
  -6.76637160e-01
  -3.03638522e-01
   9.15087110e-01
  -3.50628561e-01
   1.14978258e+00
   6.18318053e-01
   9.58123226e-01
   5.84086759e-01
   1.70158642e-01
  -1.25566774e+00
   7.24718444e-01
   4.38999281e-02
  -1.06479469e-01
  -2.44831750e+00
  -5.03153704e-01
   9.17075642e-01
   6.73215198e-01
   3.57779810e-01
   3.04822573e-01
  -8.93473378e-03
  -1.94949479e-01
  -1.45616553e+00
   4.38530347e-01
  -1.00816051e+00
   1.22611243e+00
  -9.26736809e-01
  -2.73520460e+00
   5.02793759e-01
  -5.74604621e-01
   4.12534620e-01
   9.33200629e-01
  -5.80746256e-01
   8.98768007e-01
  -1.36656955e+00
  -1.12803778e+00
  -2.29408562e-01
  -8.96817156e-03
  -6.87812487e-01
  -4.63299233e-01
   4.25429077e-02
  -1.38917108e-01
  -1.55746258e+00
   2.84031402e-01
   1.45930554e+00
  -5.27688817e-01
  -4.37646896e-01
   2.20769622e+00
   2.97622177e-01
   1.83486316e+00
  -8.37255469e-01
   1.16604262e+00
  -9.51959776e-01
   3.83474810e-01
   7.45596002e-01
   1.71586493e-01
   1.31314605e+00
   4.33985051e-02
   2.63655884e-01
   2.19137083e-01
   2.13407372e-01
   1.38393677e+00
   1.24439664e+00
   2.93087422e+00
  -1.61929354e-01
   1.62837834e-01
  -4.93388029e-01
   2.01538385e-01
  -1.44216432e+00
   6.01854263e-01
  -9.53332640e-01
   2.25603682e-01
  -1.25032277e+00
  -9.78827855e-01
   1.89277673e+00
  -2.15717853e-01
  -1.27471002e-01
  -5.99676545e-01
  -4.24143781e-01
   1.06515729e+00
  -1.26215173e+00
   3.60701905e-01
   1.36276398e+00
  -8.06259673e-01
   1.88569521e+00
  -2.95806475e-01
   1.01418565e-01
   5.11462684e-01
   5.90560582e-01
  -1.64300828e+00
  -1.94373271e-03
   1.68913282e+00
   1.80668224e+00
   7.33299713e-02
  -8.40772155e-01
  -9.77493457e-01
   5.06719036e-01
   2.28739866e+00
   1.73278027e-01
  -3.89430544e-01
   9.08038703e-01
   9.21841100e-03
   6.76323419e-01
  -1.77318724e+00
   6.53076471e-01
   1.29854140e-01
  -3.22358615e-01
  -1.51938431e+00
  -2.67226598e-01
  -2.18925084e-01
  -7.83115406e-01
   3.80828452e-01
   1.75811259e+00
  -8.38551874e-01
  -1.07807875e+00
   1.02765050e+00
  -5.40642150e-01
   2.10703646e+00
  -8.27601217e-01
   3.66042988e-01
  -4.84449351e-01
   3.97329271e-01
  -6.57799140e-02
   4.08679392e-01
  -1.86751201e+00
  -4.52642136e-01
  -7.56126855e-01
   1.79017166e+00
  -1.37052030e+00
  -2.28665390e-01
   1.71422123e+00
   1.41508580e+00
   5.76008692e-01
  -1.04411958e+00
  -2.66764952e-01
   1.40950639e+00
   2.89129597e-01
   1.13025574e+00
   1.39327174e-01
   2.64439599e-01
  -3.23886697e-01
  -1.01895304e+00
  -1.53666115e+00
  -7.33125077e-01
   4.63242505e-01
  -6.77107604e-01
   1.08177100e+00
  -8.18900690e-02
   1.79683654e+00
   6.48563678e-01
  -8.07339497e-02
   9.42852013e-01
   5.24889697e-01
  -8.33211101e-01
   9.52338449e-01
   3.87235683e-01
   1.31986793e+00
   1.01141092e+00
  -2.66698658e-01
  -5.59212526e-01
   1.40669275e+00
   7.04709112e-02
  -4.61918364e-01
   6.71372412e-01
   5.02908412e-01
   1.66762383e+00
   1.79526518e-01
  -7.53451518e-01
  -1.98623759e-01
  -1.64995465e+00
  -1.04082288e+00
   3.85630062e-01
  -4.21027233e-01
  -3.30049874e-01
   9.34310580e-01
   8.46320357e-01
   7.01118850e-02
   3.09957609e-01
   1.46754267e+00
  -1.00793783e-01
  -5.98138250e-01
   3.35860923e-01
  -3.38692206e-01
  -4.14410103e-01
   5.65046929e-01
   1.16402711e+00
   1.97742927e-01
  -1.04768594e+00
   8.83386836e-01
   3.19626317e-01
  -1.35025108e-01
  -2.32274788e-01
   2.96708644e-01
  -5.53980426e-01
   1.96450099e-01
   7.26847685e-01
   4.19079676e-01
  -2.20259947e-02
  -2.22871528e+00
   3.90680366e-02
   1.14151696e+00
   9.02049967e-02
   1.96260679e+00
  -8.74438626e-01
  -8.93638987e-01
   2.64819032e-01
   1.59075383e-01
  -6.08832384e-01
  -8.70710556e-01
   5.54738259e-01
  -8.92520318e-01
  -4.78383020e-02
   2.88096733e-02
   1.29847916e+00
  -1.29305423e-01
   2.72414505e-02
   8.09973232e-01
   1.90053855e+00
   7.71021791e-02
   7.36809187e-01
  -1.25532186e+00
  -1.70120922e-01
   5.07221858e-01
   2.58197887e+00
   4.88394529e-01
   3.35241682e-01
  -2.24129876e-02
   2.11688153e-02
   5.65852431e-01
  -2.71040734e-01
  -1.61850798e-01
   1.81784164e+00
   1.77001313e+00
   1.74524205e+00
  -7.22669199e-01
  -3.11812253e-01
  -1.76440329e-01
  -8.47093585e-01
  -4.96345730e-01
   1.43069360e-01
  -8.03715735e-01
  -1.45834573e+00
   7.27392524e-01
   3.42316525e-02
  -1.15309121e-01
   1.28802302e+00
  -2.85110628e-01
  -1.58811729e-01
  -1.37126310e+00
  -3.12535330e-01
   1.11466122e+00
   1.15846773e-01
   4.76117065e-01
   1.11719501e+00
   1.74740585e-01
  -1.00080831e+00
   2.28651258e+00
   9.73921827e-01
  -8.09693315e-01
   1.22056797e+00
   4.35682052e-01
   2.99977015e-02
   7.14811389e-01
   1.01003730e-01
  -6.44059147e-01
  -3.24662081e-01
  -8.23656234e-01
   7.66168361e-01
  -1.37061267e+00
   6.21834453e-01
  -5.24782282e-01
  -7.41529073e-01
  -1.97509783e-01
   1.71775475e+00
  -1.46954559e+00
  -1.13276748e+00
  -1.89266094e+00
  -3.07570558e-01
  -9.54572185e-01
  -1.78740325e-01
  -1.63420881e+00
  -7.07698676e-01
  -2.35926044e-01
  -1.08000796e+00
   7.97385905e-02
   6.74431885e-02
  -1.07071896e+00
  -2.15842813e+00
   2.64847503e-01
  -9.27000546e-01
  -9.76908354e-01
   2.25104464e+00
   1.40953193e-01
  -1.35632609e-01
  -1.31940660e+00
  -1.61235424e+00
  -2.81484077e+00
  -4.78010517e-01
   5.72405210e-01
  -1.61700160e-01
  -7.59630594e-01
  -1.22508937e+00
   1.56871798e+00
   5.72051219e-01
  -1.82620431e+00
   1.41193647e+00
   2.53917665e-01
  -9.27690961e-01
  -8.30300032e-01
  -2.29940845e+00
  -1.91953121e+00
  -1.58816547e+00
  -1.02519504e+00
   1.40130513e+00
  -1.18616405e+00
  -1.30682437e+00
  -7.94451535e-01
  -7.40718199e-01
  -8.28325626e-01
  -3.91282597e-01
  -8.45974217e-01
   1.26255243e+00
   4.09558814e-01
   1.49887794e+00
  -8.84693864e-01
   1.34410615e-01
   5.85401181e-01
   5.97767843e-01
  -7.41688923e-01
   1.10773104e+00
   3.04360140e-01
   7.82149262e-01
  -1.53253501e+00
   1.98502588e+00
  -1.18022341e+00
   1.54232535e-01
  -2.50352028e+00
  -3.56299780e-01
  -9.31709896e-01
   6.81177258e-01
   4.89003442e-01
   1.04310627e-01
   1.96241398e+00
   3.72939856e-01
  -3.66332447e-01
   4.67977490e-01
   2.39645075e-01
   2.07701195e-01
  -1.34188789e+00
   1.49527865e+00
   3.37691945e-01
  -6.61772631e-01
  -6.88430453e-01
  -1.21002662e-01
  -1.34458708e+00
   1.09650168e+00
  -8.08085436e-01
   2.12326239e+00
   8.67282857e-01
  -4.92914355e-01
   1.31119323e-01
  -2.79741373e-01
   1.22437176e-01
  -1.30488621e+00
  -7.34316813e-02
  -7.99034368e-01
   1.58460167e-01
  -9.44395801e-01
   3.28009310e-01
  -1.95706362e+00
   2.22823524e+00
  -1.35251651e+00
   8.81956500e-01
  -7.04974215e-01
   8.85598981e-01
   5.75111238e-01
  -1.16782440e+00
  -4.82165785e-01
   3.06527347e-01
   1.09693007e+00
   8.16988989e-01
  -1.68159958e+00
  -3.98913743e-02
  -5.32677391e-01
  -5.76206337e-01
   1.55935001e+00
  -8.68797910e-01
   7.94243754e-01
   2.68653310e-02
   1.42249818e+00
  -5.75805135e-01
   6.84771539e-02
  -1.60088209e+00
  -8.46043338e-01
  -7.81471621e-01
   1.33446088e+00
  -3.21673202e-01
  -1.41675902e+00
   3.65664487e-02
   2.76265202e-01
   4.97717202e-01
   1.17112481e+00
   1.23900678e-01
   1.42862636e-01
   1.63011502e-01
   2.96792525e-01
  -4.12225880e-01
   3.31679232e-01
   1.85507866e+00
   1.39729586e+00
  -1.89683915e-01
   8.45448057e-01
   4.20509460e-01
   1.02526562e+00
   1.64518943e+00
  -2.63165887e-01
  -2.11397584e+00
   3.26393920e-01
  -1.17377164e+00
  -3.34351529e-01
   6.17415874e-01
   9.85668231e-02
   1.40130237e+00
   4.42241422e-01
   3.12770581e-01
   3.04174582e-02
  -1.88386035e+00
  -1.23608361e+00
   1.42970930e+00
  -2.42693658e-01
  -4.45502986e-01
   1.42971755e+00
  -9.87641994e-01
  -2.16959798e-01
  -6.61321971e-01
   9.50145517e-01
  -5.18777489e-01
   2.59664517e-01
  -1.44170366e+00
   4.33382849e-01
  -4.06616193e-01
  -6.01282039e-01
  -9.74609352e-01
  -2.35040757e-01
  -4.50324199e-01
   3.51264510e-01
   5.04503851e-01
   8.14209731e-01
   1.31794506e+00
  -8.88503868e-01
  -1.97952063e-01
   7.10566331e-01
   7.53084590e-01
  -1.41130120e+00
  -1.84474144e-01
  -8.62587633e-01
  -8.02394337e-02
   7.64546540e-01
   1.20336402e+00
   7.04609246e-01
   9.65515789e-01
   3.37643986e-01
   8.37924527e-01
   1.72507528e+00
  -2.69096239e-01
   6.55692438e-01
   1.07138604e+00
  -2.25044277e+00
   2.48569383e-01
  -2.80811921e-01
   2.52775970e-01
   2.25076497e+00
  -7.46784288e-01
  -3.74160554e-01
   7.75359672e-01
   1.61944350e+00
  -6.12760339e-01
  -1.06976047e-01
   3.04262833e-01
   8.90335633e-01
   5.67630466e-01
   5.09399636e-01
  -1.33416402e-01
  -4.63675876e-01
  -3.84346473e-01
  -7.91173774e-01
  -5.74850771e-01
   9.17856489e-02
   1.73701730e-01
   9.17174134e-02
   3.91359771e-01
  -1.76087476e-01
   4.18043471e-01
  -1.05549621e-01
   3.60460457e-01
   1.38532581e+00
   1.57704734e+00
   1.53406662e+00
  -7.49614239e-01
  -2.18516318e-01
   1.67321192e-01
   3.46431293e-01
   2.95205819e+00
  -7.85748911e-01
   5.59645654e-01
   5.33167822e-01
   1.03903837e+00
  -6.87096823e-01
  -2.01131933e+00
  -1.30494982e-01
  -2.89992906e-01
  -1.37134432e+00
   2.86808563e-01
  -9.04562987e-02
  -1.22680984e+00
   4.62049719e-01
  -1.38488216e+00
   2.07712852e+00
   4.05402802e-01
  -2.81448789e-01
   4.95535683e-01
  -6.32915468e-01
   7.59980275e-01
  -1.08545113e+00
  -5.28139425e-01
  -3.97341688e-01
  -5.81145026e-01
  -1.08156969e+00
   3.41034288e-01
  -1.35031640e-01
  -1.21555641e+00
  -1.34533608e+00
  -1.91762667e-01
  -1.58185594e+00
  -4.41649337e-01
  -5.30149283e-01
   4.63654421e-01
   1.58615391e+00
  -6.71490213e-01
  -1.65524895e+00
   1.28455603e+00
  -1.95929137e-01
   4.39177020e-01
   3.26007268e-01
   1.26391073e+00
  -9.84572899e-01
   9.82529121e-01
  -2.14639608e-01
   1.78449016e+00
  -8.12037112e-01
  -1.10096558e+00
   7.91490156e-01
   4.14749325e-01
   5.98312349e-01
  -1.28173433e+00
  -1.57564935e-01
  -9.87524270e-01
  -2.02317676e+00
   1.87657538e-01
   3.65386082e-01
   8.25178254e-01
  -1.66828141e+00
   3.91893857e-01
   1.36333784e+00
   1.89990889e+00
   1.05271865e+00
  -8.49953570e-01
   1.22390011e+00
  -1.24385189e-02
  -2.61144533e+00
  -8.37506713e-01
   2.63020657e+00
  -1.76924436e+00
   1.64867953e+00
  -1.68544269e+00
   4.85529540e-01
   1.18579012e+00
   8.29613299e-01
  -9.80173434e-01
   1.74347966e+00
  -6.85668230e-01
   9.22075541e-03
  -8.57165315e-01
  -4.72524652e-01
   5.00471114e-02
  -1.23350647e+00
  -2.14582228e-01
  -1.12766735e+00
  -1.08201109e-01
  -1.70168479e+00
   3.33716852e-01
   2.05752928e+00
  -1.05835169e+00
   1.31034999e+00
  -1.31778181e+00
  -2.86920022e+00
  -9.31776480e-01
  -7.05882835e-01
  -2.24972372e-01
   4.47969136e-01
  -8.05240071e-02
  -6.93101362e-01
   1.23335776e-01
  -3.75444165e-01
   1.17408696e+00
  -5.55319315e-01
   5.55682870e-01
  -2.54105676e-01
  -5.09880131e-02
   1.35932753e+00
  -8.75324381e-02
  -1.62500044e-02
  -4.59366357e-01
  -6.18627129e-02
   3.20382926e-01
  -1.63950801e+00
   8.18447599e-01
   9.90534978e-01
  -6.34902286e-01
  -6.32544241e-01
   2.19870334e-01
  -5.43273320e-01
   1.72580837e+00
  -6.79130249e-01
  -9.10095752e-01
  -7.24307981e-01
   4.11303313e-01
  -7.34679926e-01
   8.18902926e-01
  -1.00179807e-01
  -1.01551656e+00
  -6.09378654e-01
  -1.35306335e+00
  -3.01733105e-01
   1.33398944e-01
   1.58765813e+00
   1.20946478e+00
  -3.35068189e-01
  -3.09000321e-01
  -1.29574305e+00
   5.45389546e-01
   1.12347987e+00
  -1.52471350e-02
  -8.07377423e-01
  -2.17234886e-01
  -7.97115536e-02
  -1.09351188e+00
   5.39694838e-01
   6.21486925e-01
  -2.87030721e+00
  -3.32632214e-01
  -1.08942798e+00
   4.10608208e-01
  -3.21489618e-01
   1.21574212e+00
  -9.05851788e-01
   2.10325918e+00
  -4.36406543e-01
   1.43860049e-01
   1.67818887e+00
   9.11301301e-01
  -2.13440947e-01
  -4.14496367e-01
  -1.10334819e+00
  -5.56648889e-01
   6.60045851e-01
  -9.64363227e-01
  -8.36127562e-01
   6.60214705e-01
   9.25240873e-01
  -1.56910891e+00
  -7.11212576e-01
  -2.42544158e-01
  -1.65125710e-02
  -1.66342665e+00
  -5.19362472e-01
  -9.03258358e-01
  -1.06936900e+00
  -7.69875737e-01
  -1.88049582e+00
  -1.09168652e+00
   6.28324843e-01
  -1.52369107e+00
  -2.86450634e-01
  -3.76050219e-01
   1.25460045e+00
  -1.40577904e+00
   7.90087404e-01
  -1.49005662e+00
  -1.59540128e-02
  -1.65580469e+00
  -1.65065823e-01
   5.88283758e-01
  -4.24715932e-01
  -4.08973169e-01
   5.52906974e-02
   2.13225621e+00
   2.49835249e-01
   1.26690567e+00
   5.28458075e-01
  -4.48643515e-01
   1.21042460e+00
   8.65465868e-01
   5.33976876e-01
   1.45102966e-01
   1.82584216e+00
   8.86022442e-02
   1.58623848e-01
   7.24790607e-01
  -1.10981566e+00
  -4.98984387e-01
   7.82005326e-01
  -6.93872673e-01
   5.94663325e-01
  -2.47802534e-01
   3.32733730e-01
  -2.71639437e+00
  -5.11432886e-01
   1.72395262e+00
   3.08826696e-02
  -8.27682283e-01
  -2.10576091e-02
  -6.68975162e-01
  -1.45867707e+00
   4.20204631e-01
   3.24472134e-01
   8.54005828e-01
  -1.10431342e+00
  -6.54193735e-01
  -5.82877220e-01
   1.18943130e-01
   7.04830573e-01
   4.66182399e-01
  -4.25337423e-01
  -2.00086424e-01
  -1.11806675e+00
  -9.31169632e-01
  -1.50961071e+00
   1.56491637e+00
   4.13085682e-01
  -5.87315889e-01
  -1.35008724e-01
   1.25271850e+00
  -5.78238971e-01
  -1.36535266e+00
  -3.89333712e-01
  -6.20269161e-01
   6.05304674e-01
  -6.18974152e-01
  -1.37806044e+00
   1.65057545e+00
  -1.56243624e+00
  -4.35825768e-01
   7.39300694e-01
   8.75576120e-01
  -2.57996932e-01
  -5.07952355e-01
  -3.50085058e-01
   1.76976581e+00
   1.14916219e+00
   1.96478504e+00
  -1.68160053e+00
  -2.26907466e-01
  -2.18304656e-01
  -7.54913370e-01
   1.29713924e+00
   1.41854656e-01
  -1.38332898e+00
  -7.88531123e-01
  -7.88125176e-02
   1.33519974e-01
   2.31541150e+00
  -2.34878249e-01
   8.29829482e-01
  -2.62102717e-01
  -7.35070899e-01
   1.15213233e-02
  -1.72836521e+00
  -1.10215773e+00
   1.84358486e+00
  -1.86643956e-01
  -1.08808096e+00
  -8.50588140e-01
  -4.80209023e-01
  -5.65482087e-01
   1.11464933e+00
   4.57407061e-01
  -2.68273359e-01
   7.01534730e-01
   6.36534428e-01
   5.94178529e-01
  -1.31282145e+00
   2.45479518e+00
   7.21301644e-01
   6.33130703e-02
  -1.37384206e+00
   6.33452705e-01
   1.25179638e+00
  -8.80656250e-01
  -5.74913920e-01
   2.76177981e-01
  -6.42762163e-01
   7.33222086e-01
  -1.83258151e-01
   1.08504809e+00
   1.56254693e+00
  -8.20792720e-01
  -2.32400044e-01
  -7.11776548e-01
  -8.90411697e-01
   3.05546160e-01
   1.00605107e+00
  -8.55275576e-02
  -3.96413418e-01
   1.08808279e+00
   7.54427981e-01
  -1.11039730e+00
   4.34958817e-01
  -1.41292673e+00
   4.97640998e-01
  -7.51148137e-03
   1.15740417e+00
   7.33006126e-01
   6.23034995e-01
  -2.46024694e-01
   8.18093764e-01
  -1.47295295e+00
  -2.27041003e-01
  -4.08995612e-01
  -3.38631448e-01
   1.72748027e+00
  -1.15525603e+00
   7.23896185e-01
   1.14866554e+00
   1.08081740e+00
  -2.01222875e+00
  -1.56157848e+00
  -1.48259031e-01
   1.31206941e+00
   5.36935308e-01
  -5.90909050e-01
   8.38531475e-01
  -1.01614602e+00
   4.40625185e-01
  -8.52869306e-01
  -3.05663342e-01
  -2.64250164e-01
   4.60217173e-01
   4.03017884e-01
   1.00008769e-01
   2.43798303e-01
  -6.30066962e-01
  -5.80453015e-01
   1.21278845e+00
  -7.38953823e-01
  -4.61096124e-01
  -9.12259744e-01
   6.16139047e-01
  -7.92847442e-01
  -2.50619718e+00
  -7.69113779e-01
   5.35779452e-01
   1.67538187e+00
   1.30151566e+00
   6.51694941e-01
  -2.25103386e+00
   7.52872253e-01
   3.81796059e-01
   9.72819376e-01
  -5.66702750e-01
  -2.38230735e+00
   2.34961159e+00
  -1.38374549e+00
  -3.43746100e+00
  -4.06474857e-01
  -4.79961687e-01
   1.49663288e+00
   1.96654594e-01
  -3.23875871e-01
  -3.64719272e-01
  -1.14834682e-01
  -5.48781688e-02
   5.29732297e-01
  -1.22115628e+00
   6.56228377e-01
   1.45903016e+00
   9.25945142e-01
  -1.04903361e+00
  -1.57201938e+00
  -1.20025725e+00
   1.02014970e-01
   4.23352522e-01
  -5.11162455e-02
  -2.01156435e+00
  -5.65780000e-01
   9.23071128e-01
  -5.75316823e-01
  -6.59914160e-01
  -1.98320590e+00
  -1.54892529e-01
  -6.81853708e-01
  -1.23353535e+00
   2.55224443e-01
  -6.54414413e-01
  -1.25017138e-01
   1.37459230e+00
  -7.94555480e-01
  -6.66257262e-01
   5.84836057e-01
  -1.15622735e+00
  -3.72504405e-01
   8.44355968e-01
   1.36795574e-01
  -2.57511016e-01
  -1.20845585e+00
  -9.16247182e-01
  -3.21771584e-01
   3.91606719e-01
  -9.43200072e-01
  -2.95900602e-02
  -1.14165927e+00
   4.27470784e-01
  -6.12705081e-01
   1.12356994e-01
   2.43646180e-01
   1.96428785e+00
  -5.01925662e-01
   8.60376751e-02
   4.13471027e-01
   8.65900452e-01
  -2.19477261e-01
   6.32750240e-01
  -1.11595891e+00
   7.65981219e-01
   2.76841715e-01
  -5.93211822e-01
  -1.83253362e+00
  -1.64266125e+00
   7.22382946e-01
  -1.55447923e+00
  -3.21356618e-01
   4.32403637e-01
   1.37226404e+00
  -4.35050261e-01
   2.34016320e-01
   7.06608536e-02
   2.93653150e-01
  -1.01180254e+00
  -1.19569118e+00
   1.27907524e-01
  -3.04743391e-01
  -7.97047945e-01
  -8.36711196e-01
  -1.24916957e+00
  -8.75004954e-01
   1.11677048e+00
   8.68268345e-01
  -8.03065365e-01
  -1.29132077e+00
   1.07563329e-01
   9.03265457e-01
   6.85664877e-01
   9.83083194e-01
  -1.82058690e+00
  -9.78267072e-01
   1.05768635e+00
  -1.00779868e+00
   8.27088303e-01
  -1.63701886e+00
  -7.91921558e-01
   1.50078642e+00
  -2.33718761e+00
  -8.10377116e-01
   1.01164584e+00
  -5.88854197e-01
   1.57013638e-01
   1.25042431e+00
  -1.35434245e+00
   1.59183738e+00
  -1.50354430e+00
   1.19932271e+00
   1.51346429e+00
   8.19768607e-02
  -1.30793498e+00
   1.62215217e+00
   3.40536069e-01
  -8.83556773e-01
   6.13997687e-01
  -7.40220556e-01
   1.00945554e+00
  -5.30837656e-01
   6.15420709e-01
   5.88573064e-01
  -1.50250130e+00
   1.50473394e-01
  -6.69592193e-01
  -1.23665451e-01
   7.66599853e-01
  -2.00432185e+00
  -5.56383870e-01
   1.07544667e+00
  -5.16172320e-01
   5.01024093e-02
   6.43614475e-01
  -7.42078438e-02
   4.22263823e-01
   2.30646760e-01
  -1.49114528e+00
   5.05440568e-01
  -9.85732448e-01
  -3.07203966e+00
   3.21961452e-01
  -9.97009013e-01
  -1.91704986e-01
  -4.14712178e-01
  -1.36890399e+00
  -2.80962413e-01
  -1.00245048e+00
  -4.56350762e-01
   1.93330684e-01
   6.91677033e-01
   7.23412397e-01
   1.88090855e+00
  -1.14853084e-01
   1.11380640e-01
  -5.82356507e-01
   1.47139367e-01
   2.17774643e-01
   1.30462422e+00
   4.53095193e-01
  -2.12238226e-01
   1.14486940e+00
  -5.82530245e-01
  -7.17174041e-01
  -6.00570761e-01
  -1.93049471e+00
   1.25440980e+00
   2.83420100e-01
   7.08536620e-01
   4.14376424e-01
  -4.05914340e-02
  -1.48656103e-01
   2.09107294e+00
  -6.96495580e-01
  -5.29895184e-01
  -4.77108227e-01
  -2.15593015e+00
  -1.02283567e+00
  -6.73219061e-01
   1.16195257e+00
  -1.37306778e+00
  -1.29323889e+00
  -1.34292483e+00
  -2.82337610e-01
   8.74057112e-01
   1.45962199e+00
   1.82982460e-01
  -8.40269814e-01
  -1.31234713e+00
  -1.67097508e+00
  -3.22111273e-01
  -1.73749486e-01
   4.18591111e-01
  -1.41187625e+00
   3.27060901e-01
  -1.90629961e-01
  -4.82923565e-01
   4.82977144e-01
   1.01940612e-01
   2.44676442e-01
   1.22354357e+00
  -8.65438876e-01
   1.36831611e+00
  -2.01312824e+00
  -6.40960405e-01
  -1.27826200e+00
  -1.56623861e+00
   6.13951107e-01
   1.94187108e-01
  -7.11476042e-01
   6.44283659e-01
  -6.74312186e-01
  -2.06414389e+00
   9.92524672e-01
  -1.86545706e+00
   8.92229314e-02
  -1.07183732e+00
  -6.97996134e-01
  -5.84474854e-01
  -2.92550832e-01
   7.98527675e-01
  -1.05991713e+00
   9.56460693e-02
   6.24593889e-02
  -7.27576409e-01
   5.94194054e-02
  -1.28893103e-01
   9.04818487e-01
  -1.62815303e+00
  -7.93444010e-01
   1.05047739e+00
   2.16352245e-01
  -6.85563330e-01
  -7.30652620e-01
  -3.80242087e-01
  -2.37657030e-02
  -7.44199679e-01
   9.97998993e-01
  -7.60609802e-01
  -8.09894135e-01
   8.01009997e-01
   1.16289726e+00
  -2.30846709e+00
  -8.88563194e-01
   1.61358451e-01
   2.46959928e-01
  -8.85625299e-01
   4.76188484e-01
  -8.50327989e-01
   6.03330925e-01
   8.14420430e-01
  -5.64991314e-01
  -1.59383979e-01
  -1.40660956e+00
  -7.01795640e-01
   1.34830596e+00
   3.08857247e-01
   2.50441061e-01
  -2.59170288e-02
  -1.57020097e+00
  -3.83558178e-01
  -8.78364084e-01
  -2.93432551e-01
  -1.48354386e+00
  -5.98184858e-01
  -6.92216967e-01
  -9.94150513e-01
   2.38815143e-01
  -1.67539140e+00
  -5.34507005e-01
   2.53621779e+00
  -7.36267860e-01
   1.25015918e-01
  -2.89425912e-01
  -7.54781734e-01
   1.87742610e-01
  -1.37020967e+00
   2.40865598e+00
  -6.39218820e-01
  -3.44113834e-01
   9.20793297e-02
   5.56340987e-01
  -4.75375760e-01
   1.01058394e-01
  -5.95916417e-01
  -5.23055452e-01
  -4.27854800e-01
  -5.09461436e-01
  -5.57200863e-01
   2.57297629e-01
  -1.35162317e-01
  -5.32310409e-02
   1.20839977e+00
  -6.47367988e-01
  -7.28462956e-01
   2.61734261e-01
   7.94763799e-01
   1.02700917e+00
   1.05373131e+00
  -1.38665771e-01
  -1.44569306e-02
   3.72336644e-01
   1.46790777e+00
   9.37685651e-01
   7.82581867e-01
  -1.44617722e+00
   7.71153195e-01
  -5.50820157e-01
   9.79901764e-01
  -1.05189076e+00
   1.17842313e+00
   4.37795146e-01
  -1.00887206e+00
   1.58902279e-01
   1.88710640e+00
  -1.09324229e+00
   1.54779528e+00
   6.85327892e-01
  -5.01641538e-01
  -1.76167971e+00
   3.49219098e-02
   7.17035788e-02
   2.94496533e-01
   1.12738600e+00
  -6.49706367e-01
  -2.42705792e+00
   9.22846302e-01
   1.71427233e+00
  -1.27180153e+00
   3.08276038e-01
   5.35153725e-02
   1.23154040e+00
   1.55026169e+00
   2.36678962e-01
   2.57638505e-01
  -1.86670883e-01
  -5.13744510e-01
  -9.06746588e-01
   9.68332035e-01
   9.96162167e-01
  -2.81664062e-02
  -6.22558601e-02
   3.32401059e-01
   3.97632770e-01
   7.00866635e-01
   1.07117769e+00
  -9.36243804e-01
   1.08590792e+00
  -4.07074713e-01
   5.85537575e-02
  -1.16130309e+00
   3.96375142e-01
   2.84582688e-01
   1.61256869e+00
  -1.79481409e-01
   1.92404148e+00
   1.14592191e+00
  -1.28268846e+00
   7.83706391e-01
  -6.91764780e-01
   1.04541008e+00
  -1.24048177e-01
   1.23945284e+00
   1.21715087e+00
  -1.30969623e-01
   9.29032861e-01
   7.53379557e-01
  -3.99299330e-01
  -6.41457562e-01
  -4.28297340e-02
   4.04922141e-02
  -1.24358470e+00
  -6.41465772e-01
  -1.30850518e+00
   2.12014509e-02
  -1.27717523e+00
  -1.38891765e+00
  -1.01014076e+00
   8.85345974e-01
   1.73365868e+00
  -4.73845047e-03
   8.52802434e-01
  -1.87549122e-01
   3.11469283e-01
   1.66507608e+00
  -5.42450445e-01
  -6.39086424e-01
   8.99519702e-01
  -1.87049347e+00
  -1.77730790e-01
  -7.04584848e-01
  -1.67100637e+00
   1.24780767e+00
   3.85127915e-01
  -5.75223223e-01
   3.77602030e-01
  -1.60372285e+00
   1.09784758e+00
  -1.87875378e+00
  -2.66602003e-03
  -4.51227600e-01
  -7.80775176e-02
   2.52441321e+00
   1.12898827e+00
  -9.12710231e-01
  -2.10630833e-01
   1.40687460e+00
  -3.31607466e-01
   6.23708849e-02
  -1.05225109e-01
   1.30265609e+00
   4.26898278e-01
  -1.54251508e+00
   6.12236162e-01
  -5.23789468e-01
  -3.39379397e-01
  -5.97827364e-01
   3.12163029e-01
   1.11583555e+00
   5.06288829e-01
  -4.50898164e-01
   1.56820687e+00
   1.19343930e+00
  -3.46462586e-01
  -1.41282148e+00
   1.79122161e-01
  -1.21727906e+00
   9.77262504e-01
   6.58275277e-01
  -5.15536523e-01
  -3.01896302e-01
   1.23051459e+00
  -2.31170980e+00
   9.87508652e-01
  -1.42521475e+00
   5.05284152e-01
   2.09251975e-01
   1.29304015e+00
  -1.94558831e+00
  -5.01676141e-01
  -2.25379122e+00
   1.69830335e+00
  -7.24940068e-01
   1.09076163e+00
  -6.41416408e-01
   6.14537648e-01
  -9.05524095e-01
  -5.96858185e-01
   1.12066401e-01
   1.71685462e+00
  -9.30867601e-01
  -8.29959011e-01
   9.39570869e-01
  -2.09028353e+00
  -1.62958327e+00
  -5.00657704e-01
  -3.47163769e-01
  -4.04842446e-01
  -8.93789960e-03
  -2.20692649e+00
  -1.09737095e+00
   3.43383443e-01
   7.40173818e-01
   9.02585712e-01
  -1.02042456e-01
   2.15263208e-01
   8.81391289e-01
   2.17242010e-02
  -1.14112001e-01
   5.93630052e-01
   1.50444633e+00
  -5.81897315e-01
   1.46012258e+00
  -3.21717678e-01
  -3.44328496e-02
   1.42926880e-01
   3.67660300e-02
  -6.04987044e-01
   1.59659412e+00
   5.03797999e-02
  -1.93432029e-02
   1.88817020e+00
  -4.82687067e-01
   3.74195521e-01
   3.42995985e-01
   2.54424586e-01
  -1.81684789e-01
  -1.81780428e+00
  -9.59940950e-01
   3.85308760e-01
   5.98200581e-01
   1.94323758e-01
  -4.00448156e-01
   1.98657706e-01
   1.77682255e-01
  -1.46601310e+00
   5.04872796e-01
  -3.25628215e-02
   1.45162385e+00
   2.21829472e+00
  -2.45805179e-01
   1.70135392e+00
   1.55104778e+00
  -2.06205732e+00
  -8.56703265e-01
  -2.60711377e-01
  -1.75048067e+00
   1.31163133e+00
  -1.09137664e+00
  -2.64371744e-01
  -4.32576753e-01
   1.29445071e+00
   1.77513701e+00
  -1.31157306e-02
   4.75591120e-01
   5.10201047e-01
  -1.05097472e+00
  -1.31953847e+00
  -6.02156591e-01
   8.82778986e-01
   1.05548104e+00
   6.52072131e-01
   1.00594427e+00
   3.16456811e-01
   2.96963679e-01
   4.99373846e-01
   5.14596143e-01
   5.18601620e-01
   1.36770338e+00
  -4.62715388e-01
   1.06357942e+00
   3.72715208e-01
   2.52628601e-01
   5.05859877e-02
  -1.13866866e+00
  -9.93611677e-01
  -9.19122148e-02
  -3.72754981e-01
   1.43172131e+00
   3.08012081e-01
  -7.67926417e-01
   8.72684026e-01
  -5.84491155e-01
   1.23563435e+00
   1.01983399e-01
  -5.41320068e-01
  -1.79513121e+00
   1.15458505e-01
  -9.49878328e-02
   4.49132924e-01
  -3.05329074e-01
   7.09307116e-01
   4.85993513e-01
  -6.46189875e-02
  -1.22866068e-01
  -1.61349976e+00
  -6.68833075e-01
  -5.77579932e-01
   3.45252063e-01
   3.13858022e-01
  -4.37892582e-01
  -1.41401139e+00
  -1.09351346e+00
  -2.63017778e+00
   3.26463893e-02
   5.71731543e-02
   7.38588171e-01
   5.86047860e-01
   3.73391190e-01
  -7.38215754e-02
   5.75194668e-02
   4.79995692e-01
   1.58973411e+00
  -1.20958489e+00
  -5.81494386e-01
  -1.87178251e+00
  -1.49214000e+00
  -1.12175425e+00
  -6.59026717e-01
  -6.32823370e-01
  -4.73579263e-01
  -2.68753588e+00
  -1.04055982e+00
   5.55627156e-01
   2.64117649e-01
  -1.12085700e+00
   9.51038466e-01
  -1.38343721e+00
