 -3.95090874e-01
  1.40559786e-01
 -1.51722934e+00
 -1.88198534e+00
  7.96513129e-01
  2.41270907e-01
  2.86825774e-01
  2.68611698e-01
 -2.16821785e+00
 -1.56163799e-01
  1.79738121e+00
 -1.46666173e+00
  3.70903082e-01
  7.81021902e-01
 -1.35992614e+00
  3.47564706e-01
  8.42829724e-02
  2.32106019e-01
 -4.37271769e-02
 -9.34200792e-02
  1.94749703e-01
 -1.17952525e-01
  7.15341410e-01
 -2.24060938e-01
 -8.42572558e-01
 -1.28889287e+00
 -1.39599970e+00
  8.95743859e-01
 -3.96093334e-01
 -9.41365059e-01
  1.42160665e+00
  2.37499550e-01
 -5.40198187e-01
  1.16419112e-01
 -1.09863822e+00
  7.69878475e-01
 -8.01662772e-01
 -3.22803455e-01
  1.71624543e+00
  7.36568726e-01
 -1.26839583e+00
  1.90191762e+00
  1.86148289e-01
  9.83343793e-01
  1.63555721e-01
  7.96551583e-01
 -6.98140585e-01
  1.45861261e+00
  1.56212120e+00
  7.02043963e-01
 -2.11632162e+00
 -2.56278099e-01
 -3.54259898e-01
  5.22627772e-02
 -2.24687455e-02
 -1.94624546e+00
  3.25251455e-01
  3.35163456e-01
  2.49130273e-01
  5.74348701e-01
 -6.35728512e-01
 -2.41181349e+00
  7.12229762e-01
 -1.25297792e+00
  1.86099842e+00
  7.80210020e-01
  1.37362871e+00
  1.12703027e+00
 -8.20923836e-01
 -1.03933781e+00
 -9.73562487e-01
  4.91737726e-01
 -1.13015701e+00
  6.53517686e-01
  1.09120784e+00
  6.10750786e-01
  7.10307393e-01
 -8.49243640e-01
 -5.96521790e-01
 -1.04606519e+00
  4.13885310e-01
 -2.81100545e+00
 -1.02105278e-01
 -2.24269604e-02
  4.53817457e-01
 -7.02480607e-01
  2.56038066e-01
  1.52810942e+00
  7.24721341e-02
  5.70315808e-02
  1.27577531e+00
  1.17266194e+00
 -3.92906212e-03
 -1.23828782e+00
  1.17481026e+00
  8.00429463e-01
  3.82758438e-01
  8.76521699e-01
  4.23223904e-01
 -2.56410225e-01
  4.53550220e-02
  5.85270436e-01
  1.94211380e+00
 -6.50791588e-01
 -1.24202094e+00
  1.23005615e-01
 -9.10582797e-02
  1.09201849e+00
 -2.26050938e-02
  1.05310182e-02
 -4.95846104e-01
  9.55566330e-01
  2.59268685e+00
 -1.36017625e+00
  1.17746063e+00
 -9.73757006e-01
 -2.23395200e-01
  7.69484521e-01
 -4.62078732e-02
  1.27897279e-01
  5.80448930e-01
  8.56488387e-01
 -3.38397109e+00
  1.11367166e+00
 -1.70200278e+00
  1.46066462e+00
  2.12258566e-01
 -2.11844897e-02
  1.72239306e+00
 -2.52740021e-01
  1.18016967e+00
  1.11452453e+00
 -7.65843278e-01
  1.23384400e+00
  3.23725893e-01
  3.17507390e-01
 -1.18225790e+00
 -4.12813798e-01
 -6.96301294e-01
  9.31973017e-02
 -2.58630070e-01
 -1.08517203e+00
 -4.40296906e-01
 -2.23290972e+00
  7.21632422e-01
  1.49882315e+00
 -1.57798019e+00
  1.03338638e+00
 -8.61957862e-01
 -6.84874860e-01
  1.22595505e-01
  8.45264067e-01
 -4.88813853e-02
 -5.76943559e-01
 -4.42772083e-01
  6.71976450e-01
  5.32390309e-02
  1.05496093e+00
  1.26890729e+00
  1.78175695e+00
 -7.64646165e-03
  3.33668571e-01
 -5.22323662e-01
  1.27222712e+00
  2.09894931e+00
  1.88519715e-01
  7.47931001e-02
 -1.44858465e+00
 -6.55650699e-01
 -5.09449485e-01
 -1.44165424e+00
 -5.84144634e-01
  5.62034568e-03
  1.29376664e+00
 -6.24784266e-01
  5.26351418e-02
  1.14144572e+00
 -5.35985395e-01
 -2.56783227e-01
  2.26367712e-01
 -1.48580184e+00
 -1.33664286e+00
  2.02026161e-01
 -1.95305628e+00
  1.72547553e-01
 -1.54258303e-01
 -3.07924037e-01
 -1.50510028e+00
  2.04679997e+00
  2.26030943e-01
 -8.28272547e-01
  3.44844565e-01
 -5.96429220e-01
  2.80099258e+00
  8.13469373e-01
  4.11078721e-01
  2.21217328e+00
  2.45110671e-01
 -3.97144812e-03
  6.72393321e-01
  1.23144424e+00
 -1.78373953e+00
  4.88300513e-01
  9.67077344e-02
  1.38333557e+00
  3.73180286e-01
  1.05120249e+00
  1.48324574e-01
 -6.71080804e-01
 -7.76540340e-01
  1.22580594e+00
 -2.03211482e+00
 -1.69677797e-01
 -1.34544121e+00
  7.37593061e-01
  6.06377739e-01
 -1.40960075e+00
  2.85940771e-01
  1.16027901e+00
 -1.23140305e+00
  4.62647124e-01
  1.77429438e+00
 -1.18184882e+00
  4.89404031e-01
 -1.20429259e+00
  1.18748460e+00
 -1.67140876e+00
 -6.48719630e-01
 -4.72022412e-01
 -7.45869889e-01
  1.63421660e+00
 -3.41829712e-01
 -3.32929500e-01
  1.11719414e+00
 -1.99609757e-01
  7.43692455e-02
  1.17935459e+00
 -1.81674069e-01
 -2.40345170e-01
 -3.49606240e-01
  1.69643733e+00
  1.30287058e+00
 -1.26426902e+00
  1.17963061e-01
  3.92139376e-01
 -1.93760896e-02
  4.48786072e-02
  1.18618055e+00
 -4.84732399e-01
 -2.17345449e+00
  2.53308654e-01
  6.04459196e-01
  7.25540400e-01
  1.29355291e+00
  1.68745771e+00
  1.97982706e+00
 -6.53191553e-01
 -8.08667339e-01
  6.38980699e-01
  2.17440446e-01
  6.16474277e-02
 -1.37327656e+00
  6.18552098e-01
  7.80544392e-01
 -3.75659706e-01
 -4.07598166e-01
  1.85740520e+00
 -8.30676724e-01
  1.01910915e+00
 -4.39222339e-02
  1.41666923e+00
 -4.23042455e-01
  1.38995322e-01
 -1.77260059e+00
  1.62400814e+00
  1.92296423e+00
  7.77892384e-01
  1.97960763e+00
 -1.59366096e+00
  9.40657648e-01
 -2.31359026e-01
 -1.34038420e+00
  1.62210125e+00
  4.93964369e-01
 -8.15561058e-01
 -6.74004498e-01
 -1.10568685e+00
  7.68971630e-01
  6.80231521e-01
 -6.85488234e-01
  1.32755993e+00
 -5.84703853e-01
  5.76736695e-01
  7.56333907e-01
  2.23451209e+00
  5.55062516e-01
  4.88183724e-01
 -5.06678727e-02
 -3.57167707e-01
  1.50184332e+00
  3.42662212e-01
  1.50177668e+00
  1.81145788e+00
 -8.90347597e-01
 -1.47857079e+00
 -1.38285757e+00
 -9.41958485e-01
 -1.63387405e+00
  8.66754952e-01
  1.20286062e+00
  1.80393637e-02
 -1.10897248e-01
  4.92811115e-01
 -7.60370280e-01
  9.29872073e-01
 -4.95001145e-02
  6.43016381e-01
  3.36942624e-01
  2.16351338e-01
 -7.67812271e-01
 -7.35220811e-02
  7.35892599e-01
 -1.81106817e-01
  5.45805039e-01
 -8.56520350e-01
 -6.56741543e-01
 -6.54232360e-01
  1.57850415e-02
  1.57087186e+00
  8.32803925e-01
 -6.81085117e-01
 -6.48196815e-01
 -2.74867764e-01
 -7.15928663e-01
  3.87803970e-01
 -3.37058491e-01
 -1.01079745e+00
  2.06295686e+00
  7.66482588e-01
 -7.76379853e-01
 -6.78060552e-01
  3.89559537e-01
  8.62464521e-01
  1.03846546e+00
  5.68017415e-01
  5.08229322e-01
 -5.33071149e-01
  3.27681560e-01
  9.30900329e-01
 -1.34376399e+00
 -1.20174289e+00
 -3.69908015e-01
 -3.45787078e-01
 -5.11193042e-01
 -3.11723085e-02
 -2.08445600e-01
 -1.18261634e+00
 -1.40445124e-01
 -5.23865912e-01
  3.76680803e-01
 -3.47819191e-01
 -1.73779285e-01
  5.99850825e-01
 -1.42259104e+00
  2.39687206e-01
 -1.33231545e+00
  1.41548229e+00
 -1.29923966e-01
 -7.75096095e-01
 -3.04679192e-01
 -1.55911460e-02
 -1.39807489e-01
 -1.24765313e+00
  1.24246215e+00
 -2.07204901e-01
  5.59538366e-01
  1.52366918e+00
 -3.20699426e-01
  7.70318579e-01
 -3.49342347e-01
 -4.92139094e-01
 -7.07336465e-01
  1.45730637e+00
 -3.69223561e-01
  2.68696077e-01
  3.62232884e-01
 -5.09567663e-02
 -5.18562148e-01
 -1.35290006e+00
  7.49984755e-01
  1.72265014e-01
 -1.36485190e+00
 -1.92381572e+00
 -7.10401704e-02
 -1.12570548e+00
  3.78842530e-01
 -2.00216837e-01
 -1.11955861e+00
 -3.76399636e-01
 -1.79666156e+00
  2.77204171e-01
  3.42445200e-01
  6.25437029e-01
  5.76902018e-01
 -3.33042840e-02
  2.06216370e+00
 -3.60354960e-01
  8.29530861e-01
 -1.41740871e+00
 -2.69366749e+00
  8.55264793e-02
 -4.17498420e-01
  8.05771992e-01
 -3.14478011e-01
  4.15055204e-01
 -2.29924058e-01
 -1.97707564e+00
 -1.15393686e+00
 -1.36670856e+00
 -7.77584676e-01
  4.69592456e-01
  8.66541607e-01
  4.60125246e-01
  1.16736726e+00
 -2.55781451e-01
 -6.29382676e-01
  1.49715712e+00
 -2.92665243e+00
 -1.78687566e-01
 -8.32259534e-01
  3.23133380e-01
  1.67264473e+00
 -6.79616190e-01
  1.35712235e+00
 -3.52950635e-01
 -1.42010423e-02
 -1.25738626e+00
 -1.06219710e+00
 -8.34366841e-01
  8.51633322e-01
 -7.03513388e-01
  8.57211881e-01
 -1.26195419e+00
 -2.61293966e-01
 -1.17084624e+00
  5.99677381e-02
  1.51201075e+00
  2.20778039e+00
  1.16139817e+00
 -7.67344052e-01
  3.16533318e-02
  4.06780494e-02
  2.19430028e-01
 -1.04969330e-01
 -1.04847588e+00
  4.75344323e-01
 -1.83884834e+00
  2.23373754e-01
 -8.73881045e-01
 -2.65845921e+00
  1.85957114e-01
 -7.68582414e-02
  1.84480354e+00
 -1.38702190e-01
 -6.32599127e-01
 -1.43114207e+00
 -4.58679528e-01
 -1.74252784e+00
  1.47830895e-01
  1.33610234e-01
  8.02796200e-01
  5.91582542e-01
  4.89643512e-01
  1.29428299e+00
 -1.07673068e+00
  1.66461967e+00
  8.99387058e-02
 -1.43320249e+00
 -1.78098905e-01
  6.06775203e-01
  7.25904520e-01
 -7.04316089e-01
  3.26556231e-01
  1.80666139e-01
  1.14246109e+00
  1.32273779e+00
  5.52745630e-01
 -1.57688752e+00
  1.85893283e+00
 -1.78161544e+00
 -1.42494199e-01
  1.67346095e-01
  1.80488559e-01
  6.82378195e-01
  1.42369384e-01
 -1.63581948e-01
 -6.44688718e-01
  9.96097040e-01
 -3.30814769e-04
 -9.33010624e-01
  5.80020755e-01
 -1.97357675e+00
 -3.32307761e-01
  6.19301120e-01
  2.38828679e-01
 -1.63001168e-02
  1.53548180e-01
  5.48356986e-01
  8.35491470e-01
 -9.15189225e-01
 -1.01680619e+00
 -5.27752545e-01
  1.60549670e-01
  1.15714467e+00
 -7.83358150e-01
  7.48731867e-01
 -1.12458124e+00
 -1.29341039e+00
  4.71276081e-01
 -1.14057646e+00
 -1.02296392e+00
  2.81267560e-01
 -4.42760107e-01
  6.90005659e-01
 -5.85049869e-01
 -8.52996711e-01
 -7.08995109e-02
  2.12456028e+00
 -1.51070903e+00
  9.25050360e-01
 -1.14991346e+00
 -1.47799377e+00
  2.43588622e-01
  1.22265990e-01
 -9.74733105e-03
 -1.14479626e-01
  3.00770871e-01
 -1.12395271e-01
  4.02148240e-01
 -5.22521477e-01
 -5.31935117e-01
  8.79325844e-01
  1.00633233e-01
  2.19594361e-01
  2.89036369e-01
  6.09642237e-01
  6.04190104e-01
 -9.43504624e-01
 -1.45318116e-01
 -1.33594998e-01
  3.79855424e-01
  2.75843550e-01
 -6.05561507e-01
 -1.35676291e+00
 -1.83370367e+00
 -3.69322401e-01
 -1.55306096e+00
  1.06941919e+00
 -1.80568047e+00
 -2.89829704e-01
  1.46537098e-01
  1.28928548e+00
  1.74791478e-02
  4.32726085e-01
 -1.03470257e+00
  2.22063665e-01
  7.03443389e-01
  4.01609506e-01
  1.22742456e+00
 -2.49098886e+00
  1.38557923e+00
 -9.09474626e-01
 -4.35890985e-01
 -3.83068898e-01
  1.63937382e+00
 -6.75724494e-01
 -1.36793510e+00
 -9.00152420e-02
 -6.32765034e-01
  9.03740974e-01
  3.47985816e-01
 -2.27345345e+00
  2.11402353e-01
  4.93390322e-02
  5.38314927e-01
 -4.06685356e-01
  7.22973862e-02
 -2.51524498e+00
  4.34173618e-01
  1.60910935e+00
  3.27440622e-01
  1.28658676e+00
 -6.53756779e-01
 -3.23767040e+00
  6.75654848e-01
 -1.52044197e+00
 -1.18473319e+00
  2.42146860e-01
 -3.58769673e-02
  1.21824468e+00
  2.04751835e-01
  5.28845389e-01
  1.75263908e+00
  4.15598873e-01
 -5.57702500e-02
  3.97017520e-02
 -2.35835405e-01
  2.29146049e-01
 -9.99864347e-01
  1.35362975e+00
 -4.56564649e-01
 -4.46946520e-01
  1.10785099e+00
 -5.70101936e-01
 -1.43544758e-01
 -1.48811362e+00
  5.50547131e-01
 -1.49534466e+00
 -1.07522035e-01
 -8.72144229e-02
  6.53580648e-01
 -6.62545450e-01
  1.56172787e-01
 -4.81987711e-01
  7.05723388e-01
  2.07647151e-01
  1.64654830e+00
 -1.92124726e+00
  2.54370944e-01
 -7.00319872e-02
  7.59738614e-01
  9.27313469e-01
  5.21216957e-01
 -1.07071824e+00
 -3.63382150e-01
  1.01042932e-02
 -6.97961979e-01
 -2.00459059e-01
 -1.18724106e+00
  1.08054918e+00
  1.14118872e+00
 -2.12688567e-01
  2.09826623e+00
  8.67152931e-01
  1.17254809e+00
 -8.58937972e-01
 -1.65159641e+00
 -3.34907810e-01
  1.25992043e+00
 -7.66363129e-01
  4.85755928e-01
 -6.09295208e-02
  2.70917829e-01
 -6.52202757e-01
  3.61800913e-01
  2.28384319e-01
  2.04843411e+00
  7.70003503e-01
  6.04973647e-01
 -6.45970456e-01
  2.14405103e-01
  4.10700958e-01
  2.25487970e+00
  6.42140975e-01
  1.00841392e+00
  3.03274191e-01
 -4.47902003e-01
  9.85342689e-01
  8.52114623e-02
 -6.39571916e-02
 -6.13492582e-01
  3.46578900e-01
 -5.68283349e-01
 -5.25712049e-01
 -1.62581526e+00
  1.15255793e+00
  7.83602209e-01
 -3.04407142e-01
 -4.98137810e-01
  1.59500815e+00
  4.74007066e-01
  2.76327130e-01
  5.68511509e-01
  8.80876396e-01
  1.01864436e+00
  3.56344658e-01
 -1.50410948e-01
  4.54305585e-01
 -6.52356989e-01
 -1.44651016e+00
 -1.10103603e-01
 -1.05985951e-01
  1.08640714e+00
  4.24627990e-02
  5.96637590e-01
  1.73119981e+00
  1.61240328e+00
  1.78436195e+00
  6.23705790e-01
  2.01925389e+00
  1.57735837e+00
 -2.80491635e-01
 -1.76068779e-01
  9.37382089e-02
 -1.39532948e-01
  1.37702377e+00
  5.11973516e-01
 -8.50101453e-01
 -2.41678244e-01
  7.40231914e-02
  5.80557824e-01
  1.59830250e+00
  1.02671746e-01
 -3.29582388e-01
  6.44116788e-01
 -1.28794574e+00
 -7.08832426e-01
  7.65431290e-01
  4.75801394e-01
 -1.41424918e+00
 -1.05731004e+00
 -1.94145722e+00
  9.40663705e-02
  2.91204666e-01
  7.16316329e-01
 -7.56306662e-02
 -1.17047261e+00
  3.01382026e-02
  1.70551768e+00
 -1.34566312e-01
 -9.31120879e-01
  1.35060168e-01
  1.59964001e+00
  9.40215092e-02
  6.12509486e-01
 -2.34007335e-01
 -1.53709675e+00
  8.15639226e-02
 -5.16158779e-01
  4.97408320e-01
  2.24884888e+00
  7.27644863e-01
  1.61110343e+00
 -5.17085495e-01
  4.58802634e-01
  1.25582157e+00
  8.93706683e-02
  1.36976598e+00
 -1.63115435e-01
 -1.51885051e+00
 -1.40457121e+00
 -2.88697246e-01
 -1.80990096e-01
 -9.26498032e-01
 -1.49378761e-01
  2.79342313e-01
  5.73018906e-01
 -3.70150851e-01
  1.61544771e-01
  1.82974172e-01
  8.45816690e-02
  1.92452466e-01
 -1.25616562e-02
  1.13929821e+00
 -1.73287133e+00
  1.56282677e-01
  6.22411033e-02
 -1.68741482e+00
 -1.31284542e+00
 -6.86424365e-01
 -1.01770543e+00
  9.75661911e-01
  2.06917715e-01
 -6.68010285e-01
  4.78022132e-01
 -2.38137719e-01
  9.65344078e-01
 -1.32665548e-01
  1.62432930e+00
  1.52431981e+00
 -6.89154428e-02
  3.85086199e-02
 -1.12921927e+00
 -8.34097101e-01
  1.40662652e-01
  1.03503621e+00
  2.10591412e+00
 -9.87943330e-01
  1.21851213e+00
  1.73004805e-01
 -5.56247398e-01
 -5.12762942e-01
 -1.06091781e+00
 -4.91536129e-01
  6.12303202e-01
  2.25362365e-01
 -6.26895539e-01
 -4.99798730e-01
  5.72751033e-02
  5.80533401e-02
 -2.08010046e+00
  4.57505727e-02
 -5.42412265e-01
 -6.89929456e-01
 -7.87773400e-01
  2.18989996e-02
 -4.99828483e-01
  1.59742437e+00
 -1.51488420e-01
  1.59395893e+00
  5.50041081e-02
  8.65023061e-01
  4.81680571e-01
  1.01653852e+00
  5.30916249e-01
  1.68551060e+00
  4.78794096e-01
 -9.98206981e-01
  2.48908229e-01
  1.16541780e+00
  1.12594559e+00
  4.19696299e-01
  5.02292424e-01
  1.18716072e+00
 -6.60971791e-01
  1.80187582e+00
 -1.76681003e+00
  7.28582901e-01
  1.90613298e-01
  1.67194717e+00
  2.89478481e-01
 -7.34840359e-01
 -2.48234048e-01
  1.97704262e-01
 -8.38527260e-01
 -2.33234502e+00
 -1.60371906e-01
  1.08612128e+00
  6.57495353e-01
 -4.93303920e-01
  9.55618785e-03
  1.61746096e-02
 -2.00142759e-01
 -1.94079322e+00
  9.47653064e-05
 -2.97477529e-02
 -4.53235089e-01
  1.64340626e-01
  6.65549475e-01
  6.78080505e-01
 -4.42054208e-01
  1.33961777e-01
  6.75789345e-02
  1.07661745e+00
 -5.54487738e-01
  2.55525701e+00
 -7.96763225e-01
  5.96374063e-01
  8.69225425e-01
 -1.81131917e-01
 -3.39346341e-01
 -1.29206373e-01
 -3.08811636e-01
 -1.31201642e-01
  1.41785326e+00
  4.10502831e-01
 -3.87591674e-01
 -4.93316965e-01
 -2.07524618e-01
  2.11309402e-01
 -6.19307327e-01
  3.06119596e-01
 -4.82231318e-02
 -5.88509440e-01
 -1.73431619e+00
  2.30524866e-01
 -6.61057516e-01
 -8.28123832e-01
 -4.38331894e-01
  2.99289419e-01
  6.20125572e-01
  2.00431363e-01
  1.24851613e+00
 -1.35962456e+00
  9.74768320e-01
  1.33360638e+00
  1.74627078e-02
  1.55907909e-01
 -2.09523378e+00
 -1.58067834e+00
  3.82605633e-01
  2.90339961e-01
  8.10848425e-01
  1.56169331e-01
 -5.71273143e-01
 -5.52544314e-01
 -9.87322256e-01
 -5.96109756e-01
 -1.49352771e-01
  4.83439651e-01
  3.28193430e-01
 -1.53487282e+00
 -1.76384500e-01
 -2.46108874e+00
  8.20128807e-01
 -1.02240454e-01
 -1.93566218e+00
 -1.10302530e+00
  3.51625008e-01
 -2.14792086e+00
 -9.48040088e-01
 -4.53752423e-01
  4.29032215e-02
 -1.47670329e+00
 -2.46609064e-01
 -1.55281709e-01
 -2.56014420e-01
  1.33943240e-01
  5.20107855e-01
  2.02214954e-01
  5.66671530e-01
 -7.47169796e-01
  6.66035806e-01
 -1.39905602e+00
 -1.01939861e+00
 -1.48937160e+00
 -1.42761456e+00
 -3.23941834e-01
  5.92319841e-01
  1.23348255e-01
  1.64564572e-01
 -7.38353458e-01
  1.01862509e+00
 -1.99910759e+00
 -4.90961090e-01
 -9.88907585e-02
  8.48723074e-01
  6.53008112e-01
  4.12341855e-01
  2.95070573e-01
 -9.81364195e-01
 -2.15201880e-01
  1.20240389e-01
 -2.31440584e+00
 -9.76419382e-01
 -1.44397391e-01
  8.49209890e-02
 -1.51754733e-01
  2.05021426e-01
  2.12790174e+00
 -1.44517446e-01
  6.11774627e-03
 -1.66683352e+00
  5.65450849e-01
  7.09289501e-01
 -1.20586674e+00
 -8.57039411e-01
 -1.77007766e+00
 -2.10755426e+00
 -5.85760675e-01
  1.12247494e+00
 -1.41883372e+00
  4.80383005e-01
  1.72965000e+00
  2.42473251e-01
  8.16340299e-01
  5.86256316e-01
 -1.00204943e+00
  1.34487385e+00
 -5.46783461e-01
 -1.09458532e+00
 -1.61129474e+00
 -9.26513335e-01
 -6.65239389e-01
  1.07269103e+00
 -1.06960931e+00
  1.14687510e+00
 -2.79821299e-01
  6.28719606e-02
  2.33493340e-01
  1.62914018e+00
 -1.53239496e+00
 -1.41215867e+00
 -1.73024498e-01
  8.03179058e-01
  5.63784445e-01
  1.30264718e-01
 -7.79196935e-02
  8.65521336e-01
 -5.64365145e-01
  1.45324763e+00
 -8.09015942e-01
 -1.03405965e+00
 -7.26961899e-01
  4.39840649e-01
 -1.35524628e+00
  2.71444442e-01
 -7.94454271e-01
  1.14820518e+00
 -4.96078918e-01
  2.81950732e-01
 -1.01346388e-01
 -2.79983465e-01
  1.08463107e-01
  1.32828656e+00
 -1.18377754e+00
 -4.62525106e-01
  1.93828944e+00
  1.37871834e-01
  1.09024066e+00
 -2.75107538e-01
  1.43169733e+00
 -1.50278491e+00
 -6.71819720e-01
 -8.09389691e-01
 -1.04632470e+00
 -8.68927135e-01
  3.38171504e-01
  8.00106798e-01
  3.32588279e-01
 -6.71193649e-02
  1.44205395e+00
  1.64473307e-01
 -3.85705348e-01
  9.40127012e-01
  5.34311438e-01
 -9.72335915e-01
 -1.11430543e+00
 -4.79576802e-01
 -1.64870354e+00
 -1.49605102e+00
  8.68682322e-01
 -7.28665708e-01
  3.57611750e-01
 -3.19210733e-01
 -1.17486375e+00
 -1.94209230e-01
 -1.87541040e+00
  1.47556325e+00
 -6.80790869e-01
 -3.94825977e-01
  1.53682102e+00
 -1.79233946e-01
 -2.33763986e+00
 -1.63463540e+00
 -3.22677038e-01
 -1.56025128e+00
  5.83122002e-01
  5.20412730e-01
 -9.99487906e-01
  1.56351433e+00
  7.32193605e-01
  1.22000835e+00
  1.11795366e-01
  5.07867720e-01
  7.61187281e-02
 -1.18470385e+00
  4.09584852e-01
 -2.09421473e+00
 -2.55986915e-01
 -1.26909117e+00
  1.68784745e+00
  5.50795389e-01
  2.43638765e+00
  1.79343045e+00
  1.22157064e+00
  1.06242115e-01
 -6.30245512e-01
 -3.74631421e-01
 -1.50555496e+00
  1.42645582e+00
 -3.24588493e-01
 -5.83225342e-01
 -5.71558923e-02
 -2.60639873e-01
  1.04998842e+00
 -1.16636244e+00
  3.10294782e-03
 -9.02326939e-02
 -4.26687592e-01
  3.04357228e-01
  2.34694965e-01
 -7.17278730e-01
 -2.07376505e-01
 -6.69992991e-01
  9.76283401e-01
 -6.85641418e-02
 -1.22850302e+00
  9.86330972e-01
 -3.09168162e-02
  8.29252301e-01
  2.03892116e-01
 -3.94895553e-01
 -4.68144991e-01
  1.22762074e+00
 -8.82314138e-01
 -3.37159246e-01
 -1.36826691e+00
 -7.44717582e-01
 -1.37773884e+00
  5.73137885e-01
  5.89296417e-01
 -8.29839004e-01
 -2.44517063e-01
 -4.67098871e-01
  1.24642574e+00
  7.52677482e-01
 -2.22282291e+00
 -1.35903189e+00
  1.62211734e+00
  4.66108526e-02
  7.07534605e-01
  8.65065075e-01
  7.88245132e-01
  2.60366753e+00
  1.06905670e+00
  7.89392133e-01
 -5.96753121e-01
  5.19457934e-01
  2.90132683e-01
 -1.22316259e+00
 -2.42315992e+00
  5.51175122e-01
 -2.56729166e-02
  3.06807638e-01
  5.64132680e-01
  1.27426378e+00
  2.32024930e+00
  5.35749544e-01
 -1.26496833e+00
 -2.47092858e-01
  5.77836327e-01
  4.04690547e-01
 -1.67926663e+00
 -2.06808046e-01
  1.10142504e-01
 -4.22141082e-01
  1.00450293e+00
 -1.15928724e+00
 -9.30520648e-01
 -1.15889101e+00
 -1.79763475e+00
 -1.72881805e-01
 -9.96072602e-01
 -1.08654606e+00
  3.21444875e-01
 -1.05779266e-02
  8.47725374e-01
 -9.72883943e-01
  8.70264890e-01
  9.86540163e-01
  5.41799915e-01
  7.93567930e-01
  7.82583002e-02
 -1.24340789e+00
 -9.08649867e-01
 -8.27599192e-01
 -1.25695969e+00
  1.52675488e+00
  5.29148795e-01
 -8.73275969e-01
 -1.22631410e+00
 -2.33479249e+00
 -6.56488172e-01
 -4.54039969e-01
 -6.76393784e-01
  3.48305667e-01
  1.63045337e+00
 -1.67426969e-01
  2.04263392e+00
 -6.00747728e-02
 -3.43896243e-01
  8.17257362e-01
  7.52226253e-01
  1.94233054e+00
  5.02187558e-01
 -4.21261577e-01
 -6.15682967e-01
  5.22608301e-01
  1.89334853e+00
  2.00386567e-01
  2.08841266e-01
 -9.87660324e-01
 -1.44954742e+00
  4.07817945e-01
 -2.37562269e-02
  1.28107185e+00
 -3.69168563e-01
  7.83507329e-01
  2.05931800e-01
  9.49586705e-02
 -4.82712890e-01
  4.46780802e-01
  1.14835732e+00
 -1.39159454e+00
 -8.39252124e-02
  8.21166944e-01
 -2.20015373e-01
 -9.79690319e-01
 -7.07052980e-01
  1.13326153e+00
 -1.22610899e+00
  4.04239449e-01
 -9.86994346e-01
  2.25725315e-01
  8.11809418e-01
 -2.68044183e-01
 -6.93248638e-01
  2.47285207e-01
  2.67298060e-01
 -4.52759338e-01
  4.38831325e-01
 -1.71029915e+00
  9.34994219e-01
 -3.52488972e-01
  1.31303362e+00
 -9.31111320e-01
 -1.44048927e+00
  5.43620842e-01
 -7.54723530e-01
 -5.61167215e-01
 -1.56488152e+00
 -1.41988880e+00
  1.20979867e+00
 -1.22009579e+00
 -5.60765059e-01
  1.20864763e+00
 -1.70547327e-01
  3.38436131e-01
 -9.08733304e-01
 -1.57608314e-01
  1.58672593e+00
 -2.74507159e-01
  1.82087003e+00
 -9.53725827e-01
 -6.82747018e-01
  6.53120299e-01
  2.28430840e-01
  6.29404077e-01
  9.20725718e-01
  1.39708986e+00
  1.95013592e-01
  7.37760052e-01
  3.41815488e-01
  6.07512410e-01
 -5.49600502e-01
  1.04805693e+00
 -9.86378928e-01
 -8.00339796e-01
 -1.97961339e-01
  3.73600205e-01
  9.69234887e-01
 -7.65959876e-01
 -2.28540617e-01
 -2.43233316e-01
  1.25818012e+00
  7.49832775e-02
 -4.33840146e-01
 -1.10290516e-01
 -2.92733663e-01
  5.91562281e-02
 -9.33985505e-01
  1.93001521e-01
  7.25473362e-01
 -3.54703867e-02
 -3.93144347e-01
  1.99663240e+00
  1.29210796e+00
  2.72131345e-01
  7.67243748e-01
  4.99867520e-01
  9.74572984e-01
 -1.82532086e+00
 -1.51899771e+00
 -2.36623083e-02
 -1.95674038e-01
 -2.47300863e-01
 -2.42243169e-01
 -1.49952363e+00
 -5.52520520e-01
  3.53537630e-01
  1.18668338e+00
  4.66705181e-01
 -1.41169420e+00
  1.63583223e+00
  8.80794338e-01
 -8.87509308e-01
 -2.01537788e-01
  5.27622031e-01
  1.84508531e-01
 -4.57099603e-01
  1.54406247e+00
 -1.41183907e+00
 -4.84652134e-01
  1.12656223e+00
  7.29990905e-01
 -6.81881324e-01
 -1.93255089e+00
 -6.22347297e-01
  1.06554099e+00
  3.58838386e-02
  5.98853401e-01
 -4.85174241e-02
 -1.54917008e+00
 -7.93581641e-01
  5.56201488e-01
 -5.10423557e-03
  1.01468784e+00
  1.04196934e+00
 -5.99552318e-01
  3.47166178e-01
  4.96209030e-01
 -6.94156815e-01
 -2.41303902e-01
  3.46711810e-01
  6.23699725e-03
  1.22567820e+00
 -6.89509821e-01
  6.50022896e-01
  9.39734515e-01
  4.02764737e-01
  3.82494002e-01
  2.35428325e+00
  2.22890157e-01
  1.07687341e-01
  7.86357135e-01
  1.28148099e+00
 -1.38764606e-01
  1.37506725e-01
 -3.34022748e-01
  6.07555667e-01
  8.52719970e-01
 -9.42339105e-01
 -2.56153514e-01
  1.94867221e-01
  5.21265191e-02
 -3.49390158e-01
  1.06070642e+00
 -1.60022205e+00
 -2.91371116e-01
 -1.09300484e+00
 -8.20884801e-01
 -1.08319368e-01
 -1.32885287e+00
 -3.93350897e-01
  1.56868202e-01
 -3.19160739e-01
  8.24999981e-01
  2.48595766e+00
  6.61247402e-01
  3.55990763e-01
  8.92935100e-01
 -2.29025638e-02
  4.77195700e-01
  7.66411083e-01
  1.52991939e+00
 -9.78444499e-01
  4.48552193e-01
  1.20059469e+00
  6.61518295e-01
 -8.56233961e-02
 -3.15078837e-01
  3.89927782e-01
 -1.90663026e-01
 -7.98193141e-01
  3.64655374e-01
  1.61313391e+00
 -8.97786360e-02
 -1.13200295e+00
  5.73442145e-01
  6.17397538e-01
 -1.06134491e+00
 -1.47587729e+00
  5.06098482e-01
  5.16711447e-01
 -2.58425306e-02
 -9.55576486e-03
  6.17441652e-01
 -8.06927415e-01
  3.53293994e-01
 -1.40489921e+00
 -1.05161716e+00
 -8.74795358e-01
 -1.40852869e+00
  3.47121288e-01
 -1.59573776e+00
 -3.84525060e-01
 -3.07544760e-01
 -3.28516372e+00
 -9.78562358e-01
  9.78211086e-03
 -5.32713686e-01
 -2.02598729e-01
 -8.85752884e-01
  7.30400206e-01
  4.12941952e-01
 -5.85508833e-01
 -3.56220892e-01
  6.45591546e-02
 -5.70172314e-01
 -2.12228742e-01
  4.91818185e-01
 -6.34831299e-01
  2.10387699e-01
  2.42379752e-01
  1.13115589e+00
  5.50887091e-01
 -3.72233379e-01
  1.21684234e+00
  4.76379598e-01
  8.84342030e-01
 -3.01956621e-01
  3.69378057e-02
  1.03945906e+00
  2.73211663e-01
  8.36109238e-01
 -1.04228390e+00
  1.36543005e+00
  6.81084936e-01
  3.60452366e-02
  1.46760917e-01
  3.65594768e-01
 -1.49647693e-01
 -1.71689948e-01
 -1.20400802e+00
 -2.34577721e-01
 -9.81502652e-01
  5.21960459e-01
 -3.34643389e-01
 -2.27463362e+00
 -1.52931961e+00
 -7.27455690e-01
 -6.69565396e-02
  1.83240879e+00
  4.80878499e-01
  1.17977970e-01
 -1.02884036e-01
 -2.40699339e+00
 -8.37145847e-01
  3.20080464e-01
  2.38293920e-01
 -7.88327353e-01
  1.17551412e-01
 -7.50757814e-01
 -4.74047683e-01
  9.29785072e-01
 -3.27619139e-01
  7.62084557e-01
  9.85556465e-02
 -9.74230648e-01
  2.07008787e-01
 -1.67969522e+00
  6.85006627e-02
 -1.00091548e-02
  2.44012490e-02
 -9.15895977e-01
 -6.32136386e-01
 -4.39288423e-02
  8.98763703e-01
 -1.32079755e+00
  3.73902418e-01
 -1.27865237e+00
  5.77387527e-01
  1.17976060e+00
 -3.39466239e-01
  4.06760366e-01
  8.85143429e-02
  1.45569349e+00
  6.14750132e-01
  5.73513665e-02
  1.25203567e+00
 -2.09268888e+00
  9.38888722e-02
 -5.40310334e-01
 -7.43448526e-01
  1.07806875e+00
  9.40280858e-01
  1.66787460e+00
  1.89201763e+00
  6.96999625e-02
  3.91024773e-01
  2.45597779e-01
 -1.37108761e+00
 -6.64841320e-01
 -1.69119525e+00
 -8.52889398e-02
  3.93291261e-01
 -9.48164283e-01
  4.89825184e-02
 -5.27457176e-01
 -7.96596807e-01
 -2.75487387e-01
 -7.93155249e-01
  1.85030596e+00
 -3.13747696e-01
 -4.25807260e-01
 -5.47119464e-01
  4.15444566e-01
 -1.52571288e+00
  6.52132138e-02
 -1.24150138e+00
  1.22836601e+00
  1.07484193e-01
  9.27887869e-01
 -3.29735025e+00
 -4.09286637e-01
 -2.21220007e+00
  8.04724801e-01
  5.09942332e-01
  4.87691637e-01
  7.17045294e-01
  1.12362067e+00
  4.45942302e-03
 -6.12651432e-02
 -2.29134787e-01
 -2.78670238e-01
  1.69187603e-01
  7.58776612e-02
 -2.12792606e-01
  1.14491916e+00
 -1.68166937e+00
  2.49110960e-01
  1.71814511e-01
  1.98848100e-01
  1.85071749e-01
 -2.92095682e-01
 -1.90873349e+00
 -8.98862760e-01
  5.21751518e-01
 -1.05496527e+00
 -8.31292879e-01
 -3.04612449e-01
  6.94378149e-02
  7.72206609e-01
 -4.86857889e-01
 -2.76635279e+00
 -9.25034640e-01
  6.25452604e-01
  4.17296311e-01
  3.39627190e-01
  6.97135128e-01
  1.40094888e-01
  1.47722959e+00
  3.73694616e-01
 -1.03860796e+00
 -8.30943247e-03
 -1.17460903e+00
 -9.00372039e-01
 -9.33348261e-01
 -9.30609878e-01
  1.11327453e+00
  1.34425493e-01
  1.77271509e-01
 -7.72795542e-01
 -1.73296566e+00
  7.43319507e-01
 -7.00138523e-01
 -2.76017184e-01
  2.22507825e-02
  1.42602330e+00
  2.34210787e-01
 -2.79306037e-02
  1.13317121e+00
 -2.68215535e-01
 -5.78275172e-01
  1.46234301e-01
 -1.14721209e+00
 -7.10721911e-02
 -4.01102802e-01
 -2.47605958e-01
 -2.49797176e-01
  6.93839537e-01
  1.59665071e+00
  1.15174568e+00
  2.48872268e-02
  7.26529613e-01
  6.72398179e-01
  1.35565580e+00
 -6.17899234e-01
  1.18466816e+00
 -2.30168799e+00
  8.25626395e-01
 -5.40327275e-01
  2.58996593e-01
  1.28412011e-01
 -5.86156701e-02
 -7.16043884e-02
 -1.25271260e+00
 -1.05417543e+00
  1.75637722e+00
 -8.44956781e-01
  6.44012530e-01
  1.03326124e+00
 -2.47899421e+00
  2.24073463e-01
 -6.52281065e-01
 -7.30157624e-01
  1.68569302e+00
 -5.89747335e-01
  6.70949731e-01
 -1.35269866e+00
  1.86671183e-01
  3.55728175e-01
  2.86031947e-02
  4.44012716e-01
 -4.71393789e-01
 -5.58583745e-01
 -6.71829203e-01
 -6.40486137e-01
 -3.00821852e-01
  1.21440696e+00
 -1.49823973e+00
  1.71950660e+00
  1.24486206e+00
 -1.16469492e+00
  4.07406885e-01
 -8.62792084e-01
  4.08119876e-01
  4.78405286e-01
 -8.36128769e-01
  1.34525442e+00
  2.27077681e-01
  1.19894384e-01
  1.60860818e+00
 -8.79750800e-01
  9.36501172e-01
 -3.05145249e+00
  5.26310288e-01
  1.41696554e-01
 -1.33489285e-01
  7.84812995e-01
  7.45789195e-01
 -9.71443161e-01
 -2.71403896e-01
 -3.45006620e-01
  1.56758953e-01
  8.39486556e-01
  1.04432579e-01
 -1.50851361e+00
 -1.33395247e+00
 -1.48212642e+00
  1.00108512e+00
 -1.35964079e+00
  9.03096618e-01
 -7.15609669e-01
  1.55508689e+00
  7.90374761e-01
 -4.93141356e-01
 -1.70528577e+00
 -9.11566823e-01
  5.51338035e-01
  9.69249284e-02
 -7.10353392e-02
 -2.06179766e+00
 -8.02815819e-01
 -1.21872194e+00
 -2.00847643e+00
 -5.57705072e-01
 -5.29370495e-01
 -1.20675535e+00
 -6.01500740e-01
 -1.26846425e+00
  1.66386476e+00
 -2.60417448e-01
  8.53012435e-01
  1.46620199e+00
 -1.65166542e+00
 -3.99354245e-01
 -1.82588517e-01
  1.06236795e+00
 -1.88986256e+00
 -7.75675347e-01
 -1.60916689e+00
  8.03311245e-01
  4.28122205e-01
  5.16631641e-01
 -9.86961880e-01
  7.16787981e-01
  4.28904874e-01
 -3.79249295e-01
 -1.39143337e+00
 -1.58081503e+00
 -2.48255168e-01
 -2.18562082e+00
 -2.11998506e+00
 -1.83018796e+00
  7.07123420e-01
  2.48524814e-01
 -1.95334032e+00
 -1.14275478e+00
  1.49804166e+00
  2.85375640e-01
  2.98287971e-01
 -5.15634221e-01
  5.48944057e-01
 -2.43671409e-01
 -1.02596991e+00
 -8.88041724e-01
 -1.77977940e+00
 -1.60279422e-01
 -7.43175136e-01
 -1.10464932e+00
  9.31222941e-01
  7.66557460e-01
 -7.97155049e-01
  8.02425422e-01
 -4.83147388e-01
  3.72584262e-01
  3.45815953e-01
  2.79222569e+00
  1.02405587e-02
  5.11418185e-01
  5.32061683e-01
  5.06885651e-01
  2.11681174e-01
  2.91187551e-01
 -1.01910460e+00
 -5.21670810e-01
  9.77409566e-01
  1.89072342e+00
  7.64864069e-01
  8.60906753e-01
 -1.49627001e+00
  1.02663726e+00
  6.28695796e-01
 -4.98445522e-01
 -7.68908226e-01
 -1.31781972e-01
 -4.10074221e-01
 -1.19491383e+00
  3.46968459e-01
 -3.77772842e-01
 -3.84237027e-01
 -4.27739619e-01
  2.10824752e-01
 -2.32864305e-01
 -1.06456675e-01
  1.71264876e-01
  1.00035308e+00
 -2.67483854e-01
 -9.01465006e-01
  1.18406753e+00
 -4.91566764e-02
 -3.53020985e-03
  3.47595676e-02
  2.27248498e-01
  2.95152797e-01
  1.86037608e+00
 -2.99150298e-01
  4.64364774e-01
 -1.87052920e+00
  2.21485715e+00
  2.09179286e-01
 -8.53034467e-02
  1.11492022e+00
 -7.08947445e-01
  2.71206497e+00
  6.45307369e-01
 -8.29216332e-01
  1.39585344e+00
  5.69300851e-01
  7.25044733e-01
 -1.36705452e+00
  8.34062543e-01
  1.88723372e+00
  1.14567725e+00
 -1.29837441e+00
  8.35984386e-01
  2.04440396e-01
  1.15791209e+00
 -1.03633957e-01
  1.68259957e+00
  1.20801380e+00
  3.41027740e-01
  1.11207666e+00
  1.64333953e+00
 -2.09898114e-01
  9.02724799e-01
  2.02898470e-01
 -1.80502328e-01
  1.52513982e+00
  2.80721101e+00
  8.40984740e-01
 -7.59456502e-01
  9.22080569e-01
  1.46880863e-01
  2.62287325e-01
  9.86563394e-01
  1.56246403e-01
 -2.64117188e-01
  7.93474028e-01
 -2.06752701e-01
  3.64809118e-01
  4.61150240e-02
 -1.22858934e+00
  4.95653693e-02
 -1.40666126e+00
 -1.36595924e+00
  3.74230056e-01
  1.55572967e+00
  8.02251571e-01
  7.92916921e-01
 -4.12750946e-01
 -7.13074085e-01
  4.98858813e-01
  5.83577531e-01
 -6.62409822e-02
 -2.24712696e+00
 -9.31475067e-02
 -1.41116270e+00
 -5.53456113e-01
 -1.16249713e+00
  6.32639783e-01
  2.68239345e-01
  1.37898044e+00
  8.33575500e-01
 -1.79305087e+00
 -5.94138150e-01
 -1.06940815e+00
  8.77802993e-01
  6.73927498e-01
  4.89948454e-01
  7.59876227e-04
 -1.35286271e-01
 -9.49059809e-01
  1.09300227e+00
 -6.61384305e-01
  9.34833302e-01
 -1.13903376e-01
 -2.22084692e+00
 -3.94254869e-01
 -2.33511614e-01
 -2.37090547e-01
 -1.86461331e+00
  1.37579942e+00
  4.05196585e-01
  3.63696140e-01
  9.73888321e-01
 -1.59387765e-01
 -1.70056179e-01
  3.79913500e-01
 -1.27551563e+00
 -4.35221003e-01
 -3.27199050e-01
 -1.30420923e+00
 -2.33893846e+00
 -1.01572002e+00
  4.84574242e-01
  2.15218838e+00
  2.12902600e-02
  4.33421925e-01
 -3.04546441e-01
  1.38302842e+00
 -9.92750389e-01
  9.13013962e-01
 -2.66131727e-01
 -4.30871270e-02
 -4.68419606e-01
 -5.34441620e-01
  1.53703012e-01
  5.57226356e-01
  3.98754246e-01
 -4.78840110e-01
  1.35010769e+00
 -3.42137003e-01
 -7.25788502e-03
  4.25187020e-01
  1.28406357e-01
  1.08091641e+00
  1.59127299e+00
  1.51531560e-01
  8.05039166e-01
 -2.31185992e+00
  1.67003949e+00
 -7.34728112e-01
  2.07540015e-01
  5.73954455e-01
 -7.13876278e-01
  7.07140724e-01
  1.28622420e+00
 -8.45063258e-01
 -6.06019092e-02
 -1.41727773e-01
  1.01575310e+00
 -1.27406357e+00
  6.55594622e-01
  1.10980094e+00
  2.12238493e-01
 -8.97599078e-01
 -1.12672606e+00
  5.07155026e-01
 -5.72368568e-01
 -1.78775473e+00
  1.83493845e+00
  1.80768942e-01
  1.47074378e+00
 -2.93828415e+00
  7.26990763e-01
 -4.72676990e-01
  1.44496493e-01
 -2.83638277e-02
 -1.75808223e+00
  7.75062209e-01
 -3.59124695e-01
  3.20158678e-01
  1.19699889e+00
 -2.52747889e-01
  1.46336046e-01
  4.12976286e-01
 -7.34250779e-01
 -6.61783426e-01
  2.07090589e-01
 -8.45963075e-02
  1.04893121e+00
  5.10731637e-01
 -9.01597897e-01
  1.86557238e+00
 -2.51887570e+00
 -8.25973425e-02
  9.89958657e-01
 -4.57322413e-01
 -5.37564810e-01
 -4.78250321e-02
  1.10314491e+00
 -8.55219071e-01
  5.32401079e-01
 -1.13193369e-01
 -1.99783070e+00
 -2.44758389e-01
 -1.98445946e-01
  5.28535081e-01
  1.42161107e+00
  3.33730317e-01
  9.67074567e-01
 -7.16460198e-01
 -5.49532140e-02
  4.55590290e-01
  2.64906808e-01
  3.69535515e-01
  5.01703648e-01
  9.86462349e-01
 -2.06765525e+00
 -6.09489209e-01
 -2.28072161e-01
  6.64758002e-01
  2.92062054e+00
  5.11363755e-01
 -1.07485997e+00
  3.72173992e-01
  1.17770244e+00
 -2.11771918e+00
  1.16430322e-01
 -4.91978589e-02
 -2.86202364e-01
  2.91037943e-01
  7.69859622e-01
  1.09333730e+00
 -1.64850159e-01
  1.02505614e+00
 -3.15012216e-01
  3.03276305e-01
 -1.36957693e-01
  1.03782208e+00
  4.61692635e-01
 -6.91558148e-02
  7.82371783e-01
  8.60202526e-01
  9.93199006e-01
  1.61043069e-01
  6.75838424e-01
  1.26364157e+00
  1.69298227e+00
 -6.03800107e-01
 -2.11682708e+00
  4.07547323e-01
 -2.85394332e-01
  9.77044759e-01
 -6.96256455e-01
  5.58490961e-01
  8.54211396e-01
 -8.90223786e-01
 -4.00034284e-01
 -8.71246036e-01
 -1.11317039e+00
  1.25126939e+00
  8.27610226e-01
 -5.17891127e-01
 -7.35744987e-01
 -4.70053718e-01
 -1.22844254e+00
  7.96576311e-01
  4.19302571e-01
 -3.54814603e-01
  2.53965944e-01
  5.47908182e-01
  2.07468025e-01
  5.59575965e-01
  1.05532668e-01
 -4.81188613e-01
  2.75763685e-01
 -5.94410258e-03
 -7.34051249e-01
  1.34480319e+00
 -1.30547510e+00
 -1.15345027e+00
  1.16502942e+00
 -1.08454293e+00
 -7.76611330e-01
 -5.37521933e-01
 -8.90483447e-02
 -1.36004144e+00
 -4.13390593e-01
 -1.12385640e+00
 -1.77604234e-01
  1.21921737e+00
  2.19706856e-01
  6.24301309e-01
 -1.15823975e+00
 -1.67746798e+00
  3.65623375e-01
 -3.22901689e-01
  1.38200924e-01
  4.60568668e-02
  8.33250893e-01
 -8.03018263e-01
  3.40423894e-01
  3.40233460e-01
  2.08118516e-01
  9.05080083e-02
 -3.46528834e-01
 -2.60043578e+00
  2.71519099e-01
 -1.01097534e+00
  5.27120758e-01
  1.40244617e+00
 -8.69972630e-01
  1.52385455e+00
  1.23590181e+00
 -1.91033866e+00
  1.16784596e-01
 -8.76918768e-01
 -1.26320450e+00
  5.73254089e-01
 -4.70434349e-01
  2.70305138e-01
  2.46154303e-02
 -7.29799249e-01
  2.96128206e-02
 -1.06298739e-01
  3.62876949e-01
 -6.00011122e-02
 -1.53880902e+00
  1.17455492e-01
 -8.64690895e-02
 -3.73849795e-01
  1.01904560e+00
 -1.35712925e-01
  4.11620006e-01
 -8.39735339e-01
  1.67843732e+00
 -2.00071825e+00
  3.46762213e-01
 -7.22473657e-01
  9.56575022e-01
  5.37951149e-01
  5.77820523e-01
 -1.82074470e+00
  1.50545298e+00
 -5.98439249e-01
 -6.15571109e-01
 -1.08622851e-01
  3.48553700e-02
 -1.26054025e+00
 -2.00390802e-01
 -5.22627486e-01
  8.68674664e-01
 -8.42146480e-01
 -1.28700452e-01
 -4.95990192e-01
 -2.15780304e-01
  1.18422529e+00
 -1.15864217e+00
  1.13426665e+00
  1.17595191e-01
 -8.72854947e-01
 -6.11965215e-01
 -3.37335163e-01
  3.83254397e-01
  8.62026077e-01
  6.10662107e-01
  2.84461094e-01
  2.34164861e+00
  4.26802967e-01
  1.56712313e+00
 -4.74988305e-01
 -2.90814810e+00
  6.86286933e-01
  4.37310327e-01
 -6.55899147e-02
  4.72441600e-01
 -2.54862255e+00
 -4.62589879e-01
  3.71348807e-01
  9.93839220e-01
  5.34430981e-02
 -9.05914941e-01
 -5.76691130e-01
 -4.83802640e-01
  6.86253908e-01
  8.91724912e-01
 -1.08277949e+00
  9.95995030e-01
 -1.54044426e+00
  1.13321165e-01
  8.62481145e-01
  1.72206543e-01
  1.52704121e-01
 -6.84897146e-02
  3.12446279e-01
 -1.40274129e-01
 -4.50819981e-01
 -1.98086961e+00
  9.27639364e-01
 -6.71456037e-01
 -1.19314896e+00
  1.88067306e+00
 -1.04868563e+00
  8.27819790e-01
 -3.98828124e-02
  2.21052444e-01
  4.44709158e-01
 -2.31724806e+00
 -2.39319666e-01
  1.86868665e+00
  2.88075822e-01
 -2.79490555e-01
 -8.65310194e-02
  1.86834797e+00
  8.66073988e-01
  2.17183600e-01
  1.92462758e-01
  5.11569093e-01
  6.66226252e-01
  2.49804407e-01
 -4.60134347e-03
  8.65673531e-01
  1.26626802e-01
 -9.34914005e-01
 -2.05188160e+00
  1.34486713e+00
  2.11135857e-01
  1.45478426e+00
  7.71819279e-01
  3.82679753e-01
 -5.55708053e-01
 -6.49593444e-01
  7.12725379e-01
  2.97376961e-01
  1.33375083e+00
 -9.14042179e-02
 -3.64472889e-01
  1.64570832e+00
  2.21213186e+00
  1.76755515e-02
  2.51772894e-01
  5.01621866e-01
  1.43039601e-01
  9.46968836e-02
 -1.02980046e+00
  5.87813438e-01
 -1.45689765e-01
  6.92152560e-01
 -5.78666209e-01
  1.13084331e+00
  4.10511451e-01
 -9.20856324e-01
  1.16831560e-01
 -9.76172228e-01
  3.44493911e-01
  1.00598048e+00
 -9.41987031e-01
  7.22074373e-01
 -1.37086137e+00
  1.95750524e-01
 -1.58592326e+00
  2.09670481e-01
 -9.81741999e-02
  1.46986913e-01
 -2.47523633e+00
 -1.16401535e+00
 -5.32229301e-01
 -1.03365458e+00
 -1.40877104e+00
 -2.66442682e-01
 -4.62412394e-01
  3.93025661e-01
 -1.46268413e+00
  1.04701636e-01
 -2.56462815e-01
 -1.54763045e+00
  3.92497794e-01
 -8.56376240e-01
 -1.81074272e-01
 -1.99604703e+00
 -1.66072206e+00
  8.63265320e-01
  6.61167647e-01
 -1.39570700e+00
 -2.11816028e-01
  1.93811805e+00
 -6.84615847e-01
 -2.62018049e+00
 -9.30998528e-01
 -7.87445443e-01
  2.08416141e-01
  1.14117218e+00
  3.82642957e-01
 -1.25341988e+00
  1.56276026e-01
  5.13434682e-01
 -7.99256930e-01
 -1.63385526e-01
 -1.61953260e+00
 -2.10889268e-01
 -4.40839627e-01
  5.51975086e-01
 -1.97101178e+00
  5.17676396e-01
  6.24648146e-01
  4.94336856e-01
  2.02486899e+00
  8.20083636e-01
  5.76885005e-01
 -4.99885609e-01
 -3.05253868e-01
 -8.68496176e-01
  1.60656394e-01
  2.82629989e-01
 -1.06313261e+00
  3.78097002e-01
 -1.78910037e-01
 -7.12191295e-01
 -3.09028135e-01
 -1.71576288e+00
  3.29676300e-01
 -1.20767080e+00
 -1.44089878e+00
  9.34662649e-01
 -1.19280002e-01
  1.28681062e+00
  1.68067555e+00
  9.27166114e-01
  1.14504167e+00
 -3.70890940e-01
  1.03856721e+00
  4.01056896e-01
 -9.42885714e-02
  2.44546607e+00
 -6.43216429e-01
  1.16292344e+00
  1.55678404e+00
  7.57158522e-01
 -8.81469597e-01
 -1.27019039e+00
 -2.85806040e+00
  8.08065561e-01
 -1.25760645e+00
  1.21062653e-01
 -2.48153738e-01
  8.17946020e-01
  7.72386105e-01
 -8.05071315e-01
 -1.32069046e+00
  1.76618963e+00
  8.62534760e-01
  1.20355854e+00
  2.45129186e+00
  1.54422073e+00
  3.13235998e-01
 -1.94761361e+00
  1.54516279e+00
  1.51008399e-01
  1.36242337e+00
  1.64517646e+00
 -2.74425059e-01
  1.36040903e+00
  2.02171479e-02
 -6.37274284e-02
  3.82704492e-01
 -6.02198070e-01
 -5.96269517e-01
  6.31566298e-01
  1.11537765e+00
 -1.42964947e-01
  8.91876860e-01
  1.49722263e+00
 -1.33704070e+00
 -1.35286651e+00
 -1.34334717e+00
  1.69271237e+00
  4.06677502e-01
 -1.09257364e+00
 -1.25284156e+00
 -1.82763609e+00
  8.76879945e-01
  9.96908125e-01
 -1.38140314e+00
 -1.71549305e-01
 -1.10726034e+00
 -2.66999343e-01
 -6.17629705e-01
  1.99732470e+00
  2.30642945e-01
 -9.08633686e-01
 -1.15878342e+00
 -1.23016429e+00
 -1.22314081e-01
  1.88526312e+00
  5.17939041e-01
  1.65683070e+00
 -9.06208892e-01
 -6.45243167e-01
  2.73014907e-01
  6.53225897e-02
 -8.01946820e-01
 -2.68499472e-01
 -1.88602855e-01
  2.24745840e-01
  4.58494305e-01
 -9.86209962e-01
 -1.07141965e-01
 -6.60445209e-01
  1.61556300e+00
 -1.52463457e+00
 -3.38240971e-01
  8.99820715e-01
  1.16127719e+00
  4.56129844e-02
  1.26301576e+00
 -2.02846503e+00
 -6.67800005e-01
  3.63121231e-01
  1.29136592e+00
 -1.05452789e+00
  1.21902488e+00
 -3.08666295e-01
  1.03685884e+00
 -9.99762246e-01
 -1.27519586e-01
  9.14600556e-01
 -4.50559545e-01
  8.75546224e-01
 -7.39723749e-01
  1.07908869e+00
  7.31179967e-01
  1.26977113e+00
  2.48569854e-01
  2.06595202e-01
 -4.71426600e-01
  1.03384862e+00
 -1.05063021e-01
  1.67226919e+00
 -3.17443352e+00
  1.32629988e+00
  3.39003849e-01
  2.74525804e-01
  8.67881245e-01
  4.28682873e-01
  3.77094646e-01
  1.31019556e+00
  1.09981997e-01
 -1.27287368e+00
  7.68841989e-02
  6.35765949e-01
 -1.21185628e+00
  9.57248191e-01
  1.02927936e+00
  1.59256071e-02
 -2.22333435e-01
 -7.19634601e-01
  9.56427554e-01
 -6.26970277e-01
  1.08994327e+00
  4.11932220e-01
 -4.08259832e-01
  5.78717926e-01
 -8.89242378e-01
  1.24689773e+00
  6.97124770e-01
  3.55107097e-01
  1.57634043e+00
  1.36133279e-02
 -1.88236124e+00
 -2.89842764e-01
  3.54935471e-01
  1.02341556e+00
 -1.17754486e+00
 -4.31755984e-01
 -5.66707829e-01
 -1.63310614e+00
  1.24496819e+00
 -3.01901115e-01
  4.89385268e-01
  2.04509683e-01
 -1.33980921e+00
  2.20403679e-01
 -1.12120031e-01
 -2.22019021e-01
 -1.19736355e+00
 -3.59442847e-01
 -1.05885120e+00
 -1.40546748e+00
  2.45226643e-02
  5.00289880e-01
  7.64058908e-01
 -6.12884188e-01
  9.29677771e-01
 -1.02344220e+00
  5.70490899e-02
 -5.17161208e-03
  1.03500059e+00
  5.15164296e-01
  1.46747455e+00
 -4.94204506e-02
  3.19214344e-01
  2.02529983e-01
  3.43011915e-01
  2.58181810e+00
 -7.99523934e-01
  2.31885252e-01
 -5.47775747e-01
  2.33378722e-01
 -1.41945987e+00
  1.25756142e+00
 -4.45087395e-01
  9.61712387e-02
 -7.19563826e-01
 -4.68036224e-01
  1.12644146e+00
  1.70688013e-02
 -5.01650124e-01
  1.82269725e+00
 -8.01369075e-01
  1.31950500e+00
  1.04122681e+00
 -5.79662757e-01
  4.83599623e-01
 -1.24052516e+00
 -4.32665083e-01
 -5.39944521e-01
 -3.30502744e-02
 -5.35879857e-01
 -4.53265020e-01
 -1.86517163e+00
  1.15465127e+00
  4.40603621e-01
  1.25017778e-01
  1.01897664e+00
 -9.47532502e-01
  4.21094107e-01
 -3.19654513e+00
 -3.06626941e-01
  6.98781016e-01
  6.15188123e-01
 -1.67775136e+00
 -5.16859394e-01
  1.05644458e+00
 -2.48888858e+00
  1.58320364e+00
  5.09974481e-01
  7.77993601e-01
  3.84080821e-01
 -1.43565301e+00
  2.53141796e-01
 -1.16692497e+00
  1.24691914e+00
 -1.33556856e+00
 -6.01454025e-01
 -5.62064122e-01
  6.49565449e-02
  1.75433172e-01
  4.56498717e-01
  4.32064789e-01
  3.59700766e-02
  5.72662101e-01
 -1.06010149e+00
 -1.86704007e-01
 -1.76950185e+00
  6.39645258e-02
  1.80449934e-01
 -1.70871592e-01
 -1.78967240e+00
  4.23819561e-01
 -1.08869497e+00
 -2.08353402e+00
 -1.47006646e-01
 -3.55332820e-01
  1.29894067e+00
 -1.76438684e+00
 -1.12748819e+00
