 -2.06264363e+00
 -5.13473320e-01
 -6.75515538e-01
 -2.16044175e+00
 -4.90073423e-01
  7.22417319e-01
  3.75418928e-01
  1.96498029e-02
  1.04575168e+00
  3.46774196e-01
  9.79804394e-01
 -1.24448976e+00
 -2.39384052e-01
 -4.86335955e-01
  6.19970638e-01
  1.32131225e+00
 -1.31544181e+00
 -1.60028386e+00
  2.83392132e-01
  1.79319568e-01
 -8.75192746e-01
 -1.34878928e-01
 -3.79667004e-01
 -1.76161522e+00
  1.19566797e+00
 -1.24706159e+00
 -1.06197684e-01
  5.87731573e-01
 -6.50037588e-01
  1.28942516e+00
 -7.50898334e-01
  1.07342955e-01
  1.06747243e+00
  7.15836354e-02
  4.69935038e-02
 -7.40313599e-02
 -1.11788137e+00
  2.49215254e+00
 -1.69156575e+00
 -4.89162894e-02
  6.23097124e-01
 -2.11362003e-01
  3.99764077e-01
  5.61388856e-01
 -5.31337222e-01
  1.03316634e+00
 -1.66692452e+00
  5.30364109e-01
 -1.23218825e+00
  2.90029094e-02
 -8.17356427e-01
  7.91377905e-02
 -4.42628806e-01
  3.43145923e-01
 -6.35684641e-02
  1.12964223e+00
 -3.73362298e-01
  9.95629948e-01
  1.20585509e+00
  1.99138969e+00
 -1.27828478e+00
  2.37687449e+00
  8.87869514e-01
 -1.71313107e+00
  4.93779460e-01
  2.23014608e+00
 -2.02103763e-02
  1.04101834e-01
  7.33670932e-01
 -7.09585210e-01
 -1.55020067e+00
 -5.97861840e-02
  1.53720846e+00
 -2.98648277e-01
  1.41654820e+00
 -2.83141423e-01
  1.70352757e-01
  2.79598632e-01
 -6.62933926e-01
  9.26136241e-01
  9.60497089e-01
  1.53963893e-01
 -8.39502886e-01
 -7.00774485e-01
 -7.75836552e-01
  2.54390683e+00
 -4.96891107e-01
 -7.62568288e-01
 -6.33713162e-01
 -4.46090633e-01
  6.26495027e-01
  1.67361452e+00
 -8.15226470e-01
  1.37542262e+00
  2.15352544e+00
  1.65522977e+00
 -1.30423512e+00
 -1.64169470e+00
 -4.67500266e-01
  1.29542222e+00
  1.02905073e+00
  2.06815319e+00
 -7.63668655e-01
  1.87934719e-01
 -9.28511486e-02
 -2.64594655e-01
  1.62651564e-01
 -1.84512008e+00
 -5.91986921e-01
  1.52947631e+00
  7.96676580e-02
 -8.55760903e-01
 -1.59892218e+00
 -6.85105253e-02
  4.04395248e-01
  7.49108752e-01
 -6.87304099e-01
  1.92341558e+00
 -1.90763379e-03
 -2.16817663e+00
  2.96435044e-02
  5.88064333e-01
 -2.57481292e-01
 -1.15888906e+00
  7.89939547e-01
  1.32117969e+00
  7.43360934e-01
  9.88163064e-01
 -5.29543991e-01
  1.90598849e+00
  3.26987579e-01
  1.07550505e+00
 -1.08762344e+00
  5.36020379e-01
 -2.68589370e-01
  1.14530114e+00
  9.35581622e-01
 -1.76848226e+00
  8.83285623e-01
  5.01241421e-01
  1.85144740e-01
 -4.54330711e-01
  7.50512056e-01
  1.17933953e+00
 -1.33308613e+00
  1.38302306e+00
  1.14875089e+00
 -1.11238606e+00
  1.53463211e+00
 -2.76812437e+00
 -1.41216095e+00
 -4.09594643e-01
  1.39145374e+00
 -5.15548694e-01
  1.23185452e+00
 -7.21923376e-01
  4.58993710e-01
  6.88628336e-01
 -4.62203280e-01
  1.27278874e+00
 -5.44355618e-03
 -1.00863088e+00
  2.45490464e-01
  4.06924574e-01
 -9.96473328e-01
  1.19625172e+00
  8.49590982e-01
 -2.35625747e-01
 -8.87823151e-01
  7.18483498e-01
 -1.70797405e+00
  2.08588327e-01
 -5.41404321e-01
  1.40125681e+00
 -2.78745477e-01
 -1.57361373e+00
  1.50541366e+00
  1.04610549e+00
  1.07564114e+00
 -6.39776468e-01
 -5.32259062e-01
  9.03248185e-01
 -8.98161405e-01
  1.22496918e+00
  3.23062676e-01
  7.79478895e-01
 -1.68089663e+00
  1.22754550e+00
  1.12547234e-01
 -9.55255030e-01
  1.32927175e+00
  7.46530362e-01
  2.29604180e-01
  1.73316265e-01
  3.96983324e-01
  7.60710044e-01
 -4.63058550e-01
 -9.49878587e-01
 -1.63938728e+00
 -9.10586577e-01
 -1.12681307e-01
 -6.90113009e-01
 -3.20630447e-01
  1.46437537e+00
  1.26939666e+00
 -1.50575068e+00
 -5.40326518e-01
  5.50765131e-01
  5.68839332e-01
  1.19936336e+00
 -9.03008532e-02
  5.33986065e-01
 -1.80769165e+00
  7.71321603e-01
  1.18198448e+00
  4.20982151e+00
  8.91959083e-01
 -3.24891807e-01
 -9.63134898e-02
 -1.04640665e+00
  1.61928155e-02
 -1.12966911e-02
 -4.99216089e-01
  6.68702741e-01
  1.11263903e-01
  7.54701720e-01
 -9.29924823e-01
 -3.42034457e-01
 -5.31432549e-01
  4.08621706e-01
  7.77053003e-01
 -2.30594603e-01
  9.48811720e-01
 -7.92700575e-02
  1.08374098e-01
 -6.00411437e-01
 -9.60896609e-01
  1.80596273e+00
 -9.72487582e-01
  4.00901044e-02
 -5.67141695e-01
  2.04528826e-01
 -5.59102818e-01
 -2.44338023e-01
 -1.82183503e+00
 -2.94999514e-01
 -1.01420525e-01
  1.06393040e-01
  2.80349157e-01
  2.85436906e-01
  3.66531363e-01
 -4.00981656e-01
 -1.62646074e-03
 -9.17232470e-01
  3.47558724e-01
  3.84821937e-01
 -3.00501647e-01
 -5.30264956e-01
  2.84609607e-01
  5.32396897e-01
 -1.85903536e+00
 -8.66298967e-01
 -5.83325246e-01
  5.47201272e-01
 -9.91893002e-01
  3.95936728e-01
  5.43049487e-01
  1.47232227e+00
 -1.33815167e-01
  1.45404582e+00
  1.44968801e+00
 -2.98254806e-01
  2.68373742e-01
 -3.01759614e-01
  8.25040147e-01
  1.96298142e+00
 -9.10422234e-01
  6.79126904e-01
  5.77927290e-01
 -3.40784220e-01
  9.03652194e-01
 -1.41933073e+00
  3.96505053e-01
  2.98402379e-01
 -1.55190310e+00
  2.12581332e-01
 -1.80506485e-01
  9.26616064e-01
  3.14856328e-01
 -1.33759001e+00
  5.84943169e-01
  9.61241452e-01
 -1.12596683e+00
  6.24763734e-01
 -1.76041981e-02
  4.19095872e-01
  9.71190581e-01
 -5.03373558e-01
 -1.61950119e+00
 -1.55211867e+00
 -1.43896504e+00
 -1.34802423e+00
 -1.41857878e-01
 -6.27364119e-01
  7.09795560e-02
 -4.70274463e-02
 -9.96254241e-01
 -6.88158213e-01
 -2.45483959e-01
  1.19440126e+00
  1.45437044e+00
  8.17222781e-02
  2.63504523e+00
  1.12329371e+00
  1.21016437e-01
 -1.22357376e+00
 -6.09805839e-01
 -1.33729833e+00
 -1.69457030e+00
  2.08218618e+00
  3.82273913e-01
 -6.19012941e-01
  1.02276304e+00
  1.78717049e+00
  2.28001380e-01
 -9.37691007e-03
 -5.89692470e-01
  3.84687995e-01
  6.38109331e-01
  1.15216634e+00
  1.38224552e+00
 -1.64842923e+00
 -5.35644425e-01
  2.37475911e-01
 -7.07028516e-01
  3.10143019e-01
  8.42810470e-01
  2.07657123e+00
 -1.68399364e+00
 -4.90657709e-01
 -5.65532607e-01
 -3.24408467e-01
  5.60568774e-01
  1.78826032e-02
 -5.80279995e-01
  1.60685024e+00
  2.31733607e-02
  1.06535630e+00
  1.72964507e+00
 -8.37672645e-01
  8.11615259e-01
  4.76870985e-01
 -6.10574123e-01
 -2.07919180e+00
 -3.41873946e-01
 -1.06224894e+00
  7.43184427e-01
 -9.63759743e-01
 -2.70112563e+00
 -4.51771056e-02
 -2.62396543e-01
 -7.77543139e-01
 -1.37797506e+00
  5.90050227e-01
 -6.36384205e-02
 -6.45887596e-01
 -8.13635672e-01
 -3.58318206e-01
  8.66091838e-01
 -1.16104417e+00
 -5.04226308e-01
 -1.63568309e+00
  3.60621630e-01
  3.15009510e-01
  1.41691426e+00
 -5.98944029e-01
  1.61182390e-01
 -8.63730241e-01
 -5.03507868e-01
  2.35600125e-01
  4.90372792e-01
 -1.69005478e+00
 -2.07291109e-01
  3.15125955e+00
 -3.82590284e-01
  1.08373003e+00
  1.86236733e+00
 -9.53121143e-01
 -3.36308562e-01
  2.23561066e+00
  1.49088515e+00
 -1.24113715e+00
  4.89216869e-02
  1.22616097e+00
 -1.65793904e+00
 -2.31849161e-01
 -3.40310953e-01
 -2.63008561e-01
  7.63681608e-01
  6.25742406e-01
 -7.16804530e-01
  5.47095074e-02
  2.19195344e-01
 -1.31593499e+00
  7.65261154e-01
  1.09875462e+00
 -2.88109929e-01
  2.71063073e+00
  1.46010080e+00
  3.44572351e-01
 -1.50212773e+00
  3.77399589e-01
 -1.24056166e+00
 -7.24780299e-01
  1.51725819e-01
 -4.86585518e-01
 -4.10220020e-01
 -2.92515712e-01
 -3.73990231e-01
 -4.33131619e-02
  6.96655768e-01
  3.48512575e-01
  2.33490282e+00
  1.51203259e+00
  5.65033994e-01
  6.03361737e-01
  6.65505163e-01
  1.26976803e+00
 -9.66819943e-01
 -2.88486237e-01
  1.95798901e+00
 -1.67399328e+00
  2.07986660e-01
  1.41817490e+00
  1.41999709e+00
 -1.86402010e+00
 -2.06630363e-01
  7.85022725e-01
 -2.27914158e+00
  1.21199355e+00
 -9.38742380e-02
 -1.67009937e-01
  1.75211385e-01
  9.32771190e-01
  1.71877433e+00
 -8.19962063e-01
 -8.81734050e-01
 -2.05524579e+00
 -1.02093364e+00
  2.20301232e+00
 -2.85754895e-01
  8.27728945e-01
 -4.17964456e-01
 -9.63139757e-01
  1.25807899e+00
 -3.67186738e-01
 -1.37216044e+00
  3.03008060e-01
 -1.06571488e+00
  1.06882197e+00
 -2.32765911e-01
  2.32744678e-01
 -1.68076729e+00
  2.72265375e-01
 -4.70333334e-01
 -5.66945993e-01
  9.07070871e-01
 -1.07635399e+00
  4.69954360e-02
  6.94476018e-01
 -1.13588990e+00
  9.94918204e-01
  1.41764089e-01
 -5.87098566e-01
  8.43488784e-01
 -2.43832770e+00
 -6.27980119e-02
 -7.67123251e-01
  1.57545326e+00
 -8.92182029e-01
  3.05083697e-01
 -2.94882255e-02
  1.41773000e-01
 -1.41409342e+00
  8.72655865e-02
  3.42722389e-01
  6.12813186e-01
 -3.22706521e-01
  3.08353598e-01
  5.58559360e-01
 -1.49828337e+00
 -7.68471239e-01
 -2.43169283e-01
 -1.94860823e+00
  5.03116791e-01
  2.39347398e-01
 -5.87830655e-01
  1.32578740e+00
 -1.43187685e+00
 -9.97816270e-01
 -1.46038987e-01
 -2.64041150e-01
 -1.75245028e+00
 -9.14311122e-01
  6.04471071e-01
 -8.99528746e-02
 -5.84374217e-01
 -1.09475262e+00
  7.80682535e-01
 -1.21679611e+00
 -4.98181822e-01
 -1.10174470e+00
 -6.47883472e-01
  1.15745861e+00
 -6.05500821e-02
  7.66685145e-01
 -5.88274570e-01
 -5.69959246e-01
 -9.67148086e-01
 -6.78281169e-01
 -2.77607205e+00
 -3.92516615e-01
 -7.31978087e-01
  3.53091539e-01
 -5.46215168e-01
  6.73392747e-01
  4.49935429e-01
  1.46048562e+00
  1.59225581e+00
 -9.33692617e-02
  1.70066057e+00
 -3.14854870e-01
 -1.82746341e-01
  6.94443845e-01
  1.05148232e+00
  5.89948453e-01
 -6.81741212e-01
  3.46128364e-01
 -2.35218826e+00
  5.84728330e-01
 -1.74721351e-01
  5.49795286e-01
 -4.96268557e-01
  7.26711857e-01
 -1.65806830e+00
  1.07276241e-01
  6.84373206e-01
  8.88270898e-01
 -4.05580500e-01
 -3.04258244e-01
 -9.36061319e-01
  1.33442995e+00
  1.17114494e+00
 -8.06006956e-01
 -7.21050852e-02
  4.98238928e-01
  9.22002924e-03
  1.00023261e+00
 -9.78773448e-03
 -4.90841635e-01
  1.04279862e+00
 -4.72704665e-01
  1.07900256e+00
  5.81763515e-01
  1.24072105e+00
 -7.34284098e-01
  3.58792645e-01
  5.01477445e-01
 -8.70472633e-01
  1.46812224e+00
 -8.69029975e-01
 -5.86765274e-01
 -9.63448987e-01
  9.98413474e-01
 -5.37604707e-01
  5.29914054e-01
  7.98284431e-01
 -1.40125365e+00
 -1.90320555e+00
 -6.74329344e-01
 -1.28792124e+00
 -1.45775567e+00
  6.08633166e-01
 -7.28931698e-01
 -7.56106859e-01
  8.83505077e-01
 -2.95258859e-01
  2.62648489e-01
  1.38793660e-01
 -7.02453827e-01
 -8.08215107e-01
  5.77465733e-01
 -6.58730528e-01
  6.43634244e-01
  8.69733398e-01
 -6.73692203e-01
  1.49024272e+00
  5.09124133e-01
 -1.72764155e-01
 -1.82081622e+00
 -2.45606209e+00
 -2.48416689e-01
 -4.36811352e-01
  2.86834186e+00
 -1.03370122e-01
  1.08963266e+00
 -2.10662766e-01
  1.04824579e+00
 -7.53481304e-01
  9.12654675e-01
 -1.39299598e+00
 -2.29313614e-01
 -1.22689079e+00
 -8.94762767e-01
 -1.63822887e+00
  6.95854829e-01
  8.28951145e-01
  9.25944484e-01
 -1.35144848e-01
  1.75898139e-01
  2.02206484e+00
 -4.62771118e-01
 -9.17970493e-01
  1.12258863e+00
  3.78145955e-02
 -6.72487113e-01
  5.28268785e-01
 -3.25138152e-02
 -7.20046543e-01
 -2.68622885e-01
 -8.14567394e-01
  1.10363850e+00
 -2.01444644e+00
 -6.92212681e-01
  5.56816357e-01
 -7.86928635e-01
 -1.35209495e+00
  4.49451579e-01
 -1.35644234e+00
  1.02321146e+00
 -5.28289873e-01
 -1.61939326e+00
 -1.77837123e+00
  4.46898641e-01
 -5.21542323e-02
  1.44378896e-01
 -7.41718619e-01
 -1.06103137e+00
  1.06163251e+00
  2.42913702e-01
  5.24539506e-01
 -1.55609266e+00
  3.47442023e-02
 -6.10079343e-01
  2.28748867e-01
  6.62808364e-01
  5.18874182e-02
  1.87718538e-01
 -1.66686354e+00
 -2.95734473e-01
 -1.81589111e-01
 -7.30972353e-01
  1.49499176e+00
 -8.02797328e-01
  2.22145563e-01
 -1.26462623e+00
  2.83111032e-01
 -7.66066191e-02
 -1.32889395e+00
 -9.43572236e-01
 -3.77461465e-01
  5.18578174e-01
 -2.27598335e-01
  1.87625379e-01
  3.58818936e-01
 -2.70130685e-01
  1.90536706e+00
  2.02850025e-01
  4.40272852e-01
 -1.08635549e+00
 -4.39824175e-01
 -1.35121819e+00
 -1.15468015e+00
 -7.49904597e-01
 -1.09065558e+00
 -5.84110230e-01
 -1.99831167e+00
 -7.32118501e-01
  7.90867553e-01
  1.38583274e+00
  5.92157109e-01
 -5.02430317e-01
  2.07986080e-01
  3.73415850e-01
  7.86777210e-01
  1.34352230e+00
  1.94609187e+00
 -1.35211171e+00
  1.19286375e+00
  1.30084158e+00
  1.47491097e+00
 -1.49994201e-01
  3.55049094e-01
 -2.59701156e-01
 -7.86141443e-01
  4.72691678e-01
  9.55472635e-01
  1.95754426e-01
  5.51823551e-01
  1.34051526e+00
  7.60471329e-01
 -6.47861346e-01
  5.58892684e-01
 -6.09887565e-01
 -7.71835803e-01
 -1.28961146e-01
  8.92268988e-02
 -7.11843037e-01
 -1.23852621e+00
 -4.53382955e-01
  6.71341388e-01
 -3.64389734e-01
  5.49754203e-01
 -1.32638080e-02
 -8.36024305e-01
 -9.34172568e-01
 -1.16803258e-02
  8.95335373e-01
  1.56731310e+00
  7.83476452e-02
 -7.59509079e-01
 -8.91189057e-01
 -7.94853566e-01
  1.65653812e+00
 -6.42123891e-01
 -5.42122302e-01
 -1.35564255e+00
  1.24755742e+00
 -9.19322406e-01
 -1.09912767e+00
 -1.06520568e+00
  8.52147659e-01
 -7.97709142e-02
 -1.52237911e+00
  1.01036848e+00
 -8.11227212e-01
 -8.02546679e-02
  5.53184796e-01
 -1.76643868e+00
 -6.28054608e-01
  8.77796005e-01
 -2.45805860e-01
  5.12020696e-01
 -4.60603106e-01
 -7.79672248e-01
  2.35273345e-01
 -5.43381521e-03
  6.38112340e-01
  3.21404485e+00
 -1.43877245e+00
  1.60193886e+00
  2.05370774e-02
 -7.10749599e-01
 -8.13906868e-02
  5.66105679e-02
 -2.72717980e-01
  6.56781841e-01
 -1.93466394e-01
 -8.45673322e-01
  1.60100853e+00
  3.11149390e+00
 -5.31914764e-02
 -1.67051046e+00
  7.44959976e-01
 -2.31884498e-01
  7.52823471e-01
 -2.27858210e-01
 -7.05672505e-01
  2.13746358e-01
  5.95936011e-02
  9.62940926e-01
  9.72736221e-02
 -2.19468485e-01
 -4.25177251e-01
  1.03796858e+00
  4.55044271e-01
 -1.53244659e+00
 -7.35346115e-01
 -4.88862455e-01
 -9.26888409e-02
 -1.66350402e+00
  5.46863336e-01
  5.23127452e-01
 -2.76956723e+00
 -2.86372864e-01
  9.70241809e-01
 -4.54515301e-01
  1.04165784e+00
 -6.57390542e-01
 -5.65757044e-01
  1.11467114e+00
 -6.00243480e-01
 -2.94599616e-01
 -4.26986989e-01
  4.32822988e-01
 -7.10062418e-01
  6.39619694e-01
 -1.08211396e-01
  9.32711348e-01
  1.97991296e+00
  1.47907163e+00
 -3.06901021e-01
 -1.28679756e+00
 -2.37244059e-01
 -4.24253443e-02
 -1.59677391e+00
  2.78294122e-01
 -9.30541403e-01
 -5.05942569e-01
  1.17290924e+00
 -8.64031668e-01
  1.08457270e+00
  1.07462124e+00
 -2.26417766e-01
  2.84491939e-01
  7.52959795e-01
 -3.12897184e-01
 -2.62472223e+00
  1.54407272e+00
 -2.22767666e-01
  2.13916367e-01
  1.54847827e-01
 -1.63065085e-01
  1.46309625e+00
  5.34545462e-02
  7.31060272e-01
  1.19289673e+00
  1.48882007e-01
 -3.38369210e-01
  5.96466075e-01
  6.27827071e-02
  5.78992569e-01
  1.42122839e+00
 -3.95387908e-01
 -9.32819258e-01
  3.65807782e-02
 -2.25744996e+00
 -1.27663715e+00
 -7.08340755e-01
  1.68916417e+00
 -1.05687759e+00
  7.08395882e-01
  2.64044682e-02
  5.03246457e-01
  9.96508679e-01
  1.33204323e+00
 -4.63025521e-01
 -9.46539554e-01
 -5.48178241e-01
 -4.00362423e-01
 -7.68342899e-01
  3.41863888e-02
 -1.29812905e+00
 -1.06332736e+00
  3.07629758e+00
  2.27462030e-01
  1.66726672e+00
 -1.16080864e+00
 -1.14319446e+00
 -8.09472576e-01
 -2.25559245e-01
 -1.68005222e+00
  1.31072531e+00
 -1.87790105e-01
  1.30006374e+00
 -1.92411586e-01
 -2.53306562e-01
  3.94063053e-01
 -8.83752145e-01
  6.41114511e-01
  2.45441133e+00
 -1.01793728e-01
  1.64111836e+00
 -3.89923144e-01
  7.49187693e-01
 -5.07141678e-01
 -2.22908386e-01
  3.44287768e-01
 -1.69676318e+00
 -1.44196319e-01
  7.95992973e-01
  1.31918357e+00
 -5.54718538e-01
  4.87218391e-01
  7.03882483e-01
  5.30891038e-01
  4.13425883e-01
 -5.08009387e-01
 -8.33932039e-01
 -1.05228540e+00
 -9.93714818e-01
 -1.22238192e-01
 -1.91184432e-02
 -1.95283643e+00
  3.37999427e-01
 -5.12512999e-01
 -2.22956076e-01
  1.28011774e+00
 -5.29793213e-01
  1.82807566e+00
 -1.15384398e+00
 -9.08810553e-01
 -1.55189257e+00
  7.48812066e-01
  8.41069655e-01
  2.07085091e-01
  9.84705331e-01
 -1.02320220e-01
 -3.85225908e-02
  7.52124716e-02
 -4.06207554e-01
  1.07553478e-01
  1.57549108e+00
  4.89777729e-01
  1.80267670e+00
 -5.44303898e-01
 -2.57584087e-01
 -8.89071646e-01
  1.20849365e+00
  6.52724161e-01
 -7.39324978e-01
 -3.41941075e+00
 -8.05110967e-01
 -2.22493345e-02
  1.21253410e+00
 -3.96162270e-01
 -7.58620249e-01
 -1.45904860e+00
  8.70003120e-01
  3.52753290e-01
  1.95226180e+00
 -8.45466139e-01
  1.58818201e-01
  1.52497210e-01
 -1.28522733e-01
 -1.48014546e+00
  5.59446629e-01
  7.28217545e-01
 -6.64843618e-02
 -2.32212805e-01
 -1.52646721e+00
  1.84126220e+00
  1.28277475e+00
  1.08597231e+00
  2.61727037e-01
  1.45994359e+00
  5.10812179e-01
  1.49101126e+00
 -5.13525536e-02
 -1.07007451e+00
 -5.31188173e-01
  6.90343061e-01
 -6.17860772e-02
 -9.83666387e-01
  1.01572588e+00
 -1.12638885e+00
 -1.73383221e+00
 -1.31018664e+00
  1.73680989e+00
 -1.41513010e+00
 -8.35894629e-01
  1.12875778e-01
 -1.48045005e+00
 -4.10403917e-01
 -3.04847096e-01
 -2.37044262e-01
 -3.02470665e-02
  4.39408458e-01
  2.33574746e+00
 -2.68899365e+00
  1.18831901e+00
  5.25496031e-01
 -9.40183828e-01
 -8.17934131e-02
  2.08329292e-02
  2.31964956e+00
  1.10219627e+00
  5.88984916e-02
 -1.10181111e+00
  6.29226342e-01
  6.04076327e-01
  1.55867609e+00
  9.43503017e-02
  2.05591523e-01
  7.10340191e-02
  6.11420433e-01
 -1.48437056e+00
  7.56765450e-01
 -9.22968133e-01
 -7.45539952e-02
 -1.01180293e-01
 -7.60306481e-01
 -2.15880940e+00
 -9.00104594e-01
 -3.04086323e-01
 -7.89385607e-02
 -5.86343070e-02
  3.53022953e-01
 -6.77286695e-01
  7.26408121e-01
  1.30071754e+00
 -5.36406051e-01
  6.45540814e-01
  4.24226278e-01
 -4.87157720e-01
  7.75291263e-01
 -1.68126961e+00
  6.18324648e-02
  2.83240758e-01
 -5.79131028e-01
 -1.05872344e-01
  1.31204205e+00
  2.20887190e-01
 -1.94000677e+00
 -7.71444714e-01
 -2.01135018e+00
  1.92003087e-01
  2.66791969e-01
  6.88511039e-01
 -9.81122572e-01
 -5.37383792e-01
  6.56900915e-02
 -8.82392808e-01
 -1.49052517e-01
  1.38235513e+00
  4.05226804e-01
  2.24658490e-01
 -9.23393764e-01
 -1.04738615e+00
  1.28364637e+00
  8.21930736e-01
 -2.30826457e-01
 -8.82578987e-01
  2.03575542e+00
  2.98401826e-01
 -1.29653265e+00
  5.07953219e-02
  8.43171233e-01
  2.98023116e+00
  6.23585821e-01
  5.74932503e-01
  3.93182765e-01
  1.25893773e+00
 -4.34897176e-01
 -3.92128363e-01
  2.95437956e-01
  5.96290040e-02
  6.63590492e-01
  1.61487280e+00
  8.13154448e-01
 -1.31317189e+00
 -5.87485108e-02
  2.22824756e+00
 -3.13435577e-01
 -1.11262976e+00
  1.39043618e+00
  7.13761287e-01
 -6.07122743e-01
 -2.20238608e+00
 -1.20942002e+00
 -6.61504870e-01
 -1.33703461e+00
  5.29400342e-01
  8.32527937e-01
 -5.70086080e-01
  1.11043380e+00
  1.84915120e+00
  4.24469141e-01
 -7.31090360e-01
  1.30144994e+00
 -7.05076387e-01
  7.22968075e-01
 -6.17323239e-01
  7.68206971e-02
 -5.37601065e-01
  3.60280331e-01
 -1.40325331e+00
 -1.57971669e+00
  1.41341810e+00
 -2.10168901e+00
 -4.56913310e-01
  2.08003853e+00
 -7.48907927e-01
  1.49424249e+00
 -1.21425227e+00
 -4.28315493e-02
  2.10607383e+00
 -9.25980180e-01
  7.80882478e-01
  9.10471835e-02
  1.17781604e+00
 -3.21317380e-01
 -1.08261052e+00
 -7.30762532e-01
  2.60905827e-01
  1.42466506e+00
 -1.00697182e+00
 -8.79036098e-01
 -2.14490488e+00
 -3.20576135e-02
 -2.76786911e-01
 -1.49417208e+00
  1.56320250e+00
  3.21437158e+00
 -6.43362307e-01
 -1.42499906e+00
 -9.23130163e-01
  4.95730616e-01
 -4.68701138e-01
  4.76673809e-01
 -1.85705963e+00
  5.96082608e-01
  1.24573101e-01
 -9.59516773e-01
  6.32850307e-02
 -9.00947884e-01
 -1.62009455e-01
  5.78607690e-01
 -1.68122388e+00
  1.88971899e+00
  9.42482978e-01
 -1.38323356e-01
  1.06329197e+00
  1.07208377e+00
  7.58891090e-01
  1.17305974e+00
  1.03702973e-02
  1.55836563e+00
  1.16948401e-02
  1.25594909e+00
  1.24714732e+00
 -3.18656987e-01
  1.13876067e+00
  5.38081023e-01
  2.40007800e-03
  1.05312909e+00
  5.24524272e-01
 -7.78200429e-01
 -3.09435119e-01
 -8.67756153e-02
 -7.72619731e-01
  1.62332091e+00
 -2.02989850e-01
  1.31334764e+00
  1.33831609e-01
 -1.60142534e+00
 -1.79026293e+00
 -3.30622034e+00
 -5.08142329e-01
 -9.01590197e-01
 -1.26256086e+00
  3.31881579e-01
  6.74543718e-01
 -4.65633100e-01
  9.74025243e-01
 -1.21338947e+00
 -7.08811522e-01
  1.20316720e+00
  4.02495775e-01
  1.17912089e+00
 -1.16042569e+00
 -1.16350593e+00
  1.77974939e+00
 -4.86184458e-01
 -1.25462979e+00
  6.88774425e-01
 -5.96148027e-01
 -1.53644790e+00
  2.40927159e+00
  6.79471346e-01
  6.77567711e-01
  8.73613756e-01
  7.05684637e-01
  2.04628678e-01
  5.16173057e-01
 -9.16959109e-01
  7.38398143e-01
 -1.44368231e+00
 -8.91187651e-01
 -1.22895459e+00
 -4.41601898e-01
  1.04267829e+00
  2.56655225e-01
  1.94442049e-01
 -1.94259231e+00
  9.46762497e-01
  1.66202139e+00
  9.59403108e-03
  1.23987948e+00
 -4.00612351e-01
 -1.69385176e+00
 -1.55418393e-01
 -9.46900945e-01
  7.96193606e-01
 -1.38952703e+00
 -2.23234644e-01
  1.57232859e-01
  2.22263915e-01
 -1.75740523e+00
 -6.30109764e-01
 -6.42143092e-01
 -1.09426064e+00
 -8.62166614e-01
  1.36222955e+00
  1.64778334e+00
 -2.74279093e-01
 -1.42993198e+00
 -3.47165010e-01
 -2.18672228e+00
 -8.71981362e-01
  7.09505292e-01
 -1.34463641e+00
  1.67205641e+00
 -6.90991536e-01
  1.15705773e+00
  8.55026843e-02
  1.02854522e+00
  1.61571923e+00
 -6.84343692e-01
  3.98298756e-01
  1.44775337e+00
 -8.25438991e-01
  1.58523961e-01
 -9.53848539e-01
  1.01463662e+00
  3.04722435e-01
  4.05243805e-02
 -6.97861884e-01
 -3.75399369e-01
  4.84273589e-01
 -3.79641857e-01
 -4.57347361e-01
  1.74430677e-01
  2.16380567e+00
 -1.53012910e+00
  6.36897847e-01
 -2.12242084e-01
  1.13049853e+00
 -4.84112977e-01
  4.90513419e-01
  7.40625192e-02
 -4.03163279e-01
 -5.36001155e-01
 -1.01215440e+00
  1.78958197e+00
  9.66718328e-01
 -5.02451876e-01
  6.89775758e-01
  5.77460651e-01
  2.96162282e+00
  2.48562474e+00
 -9.14158927e-02
 -4.79603777e-01
 -1.56684798e+00
  6.91294650e-01
  8.15806544e-01
 -2.43759206e-01
 -4.29515729e-01
  1.01624144e+00
  4.79508991e-01
 -7.65410584e-01
 -6.15060842e-01
  1.06386690e-02
  1.13357371e+00
 -1.02736581e+00
 -1.16327125e+00
 -1.01011277e+00
 -1.75470894e-01
  1.66708389e+00
 -9.83006504e-01
  5.14390193e-01
  9.48170448e-01
 -1.75015921e+00
  7.06272053e-01
  3.36310268e-01
  5.35720713e-03
 -1.29459316e+00
  2.72066077e-01
 -5.04279920e-02
  3.09150115e+00
  2.09932257e+00
 -1.84089409e-01
  7.66575079e-03
 -1.13875912e+00
  9.45441389e-01
  2.02451190e-01
 -1.83046991e+00
  1.13834357e+00
 -6.35073464e-01
  1.79987928e-01
 -7.30322629e-01
  5.87794488e-01
  1.32815772e+00
  1.23091077e+00
 -4.60429543e-01
 -3.48043480e-01
 -7.41831184e-02
 -4.97478660e-01
  2.70460173e-01
 -2.63555392e-01
  1.65315726e-01
  5.91475829e-01
  5.76083696e-01
  8.64874219e-02
  1.19189654e+00
 -2.02516734e-01
 -1.96036730e+00
 -1.12583793e+00
 -1.24496760e+00
  4.70632221e-02
 -1.65031039e+00
 -5.00318032e-01
  1.69418155e+00
 -4.88809818e-01
 -4.33030209e-01
 -2.05244403e-01
  8.19408570e-01
 -1.76519096e-01
 -1.33845523e+00
  7.83234227e-01
  2.30507381e+00
  1.81966505e+00
  7.53130137e-01
  1.02837268e+00
  1.44008695e-01
 -1.16879936e-01
 -8.83610204e-01
  5.84226740e-01
  6.61547770e-01
 -8.58427596e-01
 -1.10511914e+00
 -5.73886427e-01
 -3.12129477e-01
  3.88927399e-01
 -8.62010271e-01
  1.14432827e+00
 -9.99304459e-01
 -6.30556800e-01
  1.04269607e+00
  1.77994490e+00
  1.54768233e+00
 -2.13161460e+00
 -2.73806266e+00
  1.79718738e+00
 -5.77265958e-01
 -6.49275137e-01
 -1.70745436e+00
 -3.02707975e-01
  2.66304811e-01
  3.03758104e-01
  3.75777249e-01
 -6.93104796e-01
 -1.05351469e+00
  1.28867656e+00
 -1.58611366e+00
 -4.88329012e-02
 -7.57868697e-02
 -1.50418661e+00
 -9.36612356e-01
  1.18935552e+00
  2.26753515e-01
  2.24285837e-01
 -8.33601993e-01
 -5.56496972e-01
  4.16613977e-01
 -1.57164435e-01
 -2.10895400e+00
  1.17891674e+00
 -8.81524974e-01
  6.55244638e-01
  6.06075678e-01
 -5.06131809e-01
 -1.96711647e-01
  2.02523040e-01
 -1.77468809e-01
 -1.44637129e+00
 -8.16476599e-01
  6.58540108e-02
 -7.12732311e-01
  7.17931090e-02
  3.54411090e-01
 -4.56448106e-01
  1.18627710e+00
 -9.38070116e-03
 -8.69120378e-02
  8.09902881e-01
  9.98108321e-02
  5.99229433e-01
 -1.48139285e-01
 -1.96676894e+00
  6.10983588e-01
  9.72745648e-01
 -1.05792264e+00
 -3.68692637e-01
  1.38935797e+00
  7.71233754e-01
  6.77034331e-01
  1.51203102e+00
  5.17207184e-01
  1.67203513e+00
 -4.23680116e-01
  7.36541287e-01
 -3.61084289e-01
 -2.21139012e-02
  1.82808264e-01
  1.03224408e+00
 -1.86982002e+00
  3.18721320e-01
  9.20243498e-01
  3.25832453e-01
  5.90583400e-01
 -6.44519865e-01
  1.44304646e+00
  1.68763225e+00
 -7.99038984e-01
  1.38603146e+00
  1.15550157e+00
 -9.89681824e-01
 -1.37183368e+00
  7.66880034e-01
  4.67126201e-01
 -2.04389780e+00
 -5.89142572e-01
 -1.81519352e+00
 -7.31497577e-01
  4.87944109e-01
  1.13052020e+00
  4.11791175e-01
 -2.07967245e+00
  1.14793916e+00
  1.15910915e+00
 -2.69618802e-01
  1.93931381e+00
  1.25121096e+00
 -1.91516905e+00
 -9.77788829e-01
 -6.68546933e-01
 -3.60941689e-01
 -1.33351977e+00
 -8.35960278e-01
  1.05622718e+00
 -1.66332659e+00
  3.39083352e-01
 -6.54919550e-01
 -1.72934445e-01
  3.85082684e-01
 -3.54713254e-01
 -1.20557441e+00
  2.14944708e-01
 -1.73866319e+00
  9.42005018e-01
  5.68313446e-01
  2.06206270e+00
 -3.62335693e-01
  1.76156865e-01
  4.66150486e-02
  4.49026191e-01
 -5.65187600e-01
 -9.07886736e-02
  1.27824793e+00
 -8.12807676e-02
 -1.54393476e-01
 -8.20874726e-01
  1.55828244e-01
 -1.53950546e+00
  6.89955615e-01
  4.04014663e-01
  5.42857537e-01
  6.97996253e-01
 -1.44628577e+00
 -7.39585545e-01
  8.71134271e-01
  3.78105654e-01
 -4.50609681e-01
 -1.22402780e+00
 -1.38476271e+00
 -2.28267572e-01
 -2.50904287e-03
  7.12142793e-01
 -4.49270108e-01
  1.04482816e+00
  1.06655305e+00
  1.62150147e+00
  1.77956510e+00
 -4.70806490e-01
 -2.18497590e-01
  1.25264086e+00
  1.98265045e-01
  2.53442240e+00
  2.05291908e+00
 -1.01149651e+00
 -8.92406749e-01
  7.19685126e-01
 -9.35149541e-01
  1.24193293e+00
 -1.37302527e+00
 -1.65460002e-01
  5.32642385e-01
  9.95828799e-01
  7.16376051e-01
 -2.82515133e-01
  4.38347270e-01
  6.41811682e-01
 -5.84045620e-01
  1.37936785e-01
  2.17705433e+00
 -7.02756411e-02
 -1.61209555e+00
 -1.14052132e+00
 -1.23994898e+00
  6.13307928e-01
  7.44924228e-01
  3.63910114e-01
  1.42328374e+00
 -1.35217823e+00
  3.34956266e-01
 -8.57586550e-01
  9.08246361e-01
  1.87530868e+00
 -2.55256681e-01
 -8.95836750e-01
  1.94207608e+00
 -6.04823811e-02
 -9.20646974e-01
  8.57018100e-01
  7.28226839e-01
  9.11738062e-01
  1.02888911e+00
 -2.25432428e+00
 -4.58059932e-01
 -1.46564567e+00
  2.02985056e+00
 -1.50590172e+00
 -9.21484757e-01
 -8.69846559e-01
  2.48409607e-02
  5.23139734e-01
  1.48700178e+00
  4.22828100e-01
  3.92563691e-03
 -9.06747164e-02
 -1.33607188e+00
  7.04026184e-01
  1.99412375e+00
  7.63218997e-01
  3.92517161e-01
  3.22323162e-01
  1.15785960e+00
 -3.91699703e-01
  5.67316203e-01
 -2.57506191e-01
  2.94716442e-02
 -8.67352347e-01
 -2.25523520e+00
  2.75070180e-01
  1.98420497e+00
 -5.42442715e-02
 -1.88448135e+00
  7.24211003e-01
 -1.12130966e+00
 -9.13751660e-01
 -5.95455731e-01
  6.91785346e-01
 -5.98012508e-01
 -6.76445571e-01
 -1.12596309e+00
  4.56952919e-01
 -5.75888406e-01
 -7.59636922e-01
  1.48907556e+00
  1.01763468e+00
  2.13894372e-01
 -5.11678888e-01
 -1.22409588e+00
  5.18219376e-01
 -1.13220152e+00
  4.46525274e-01
  2.05149432e+00
  3.27100218e-01
 -3.05160892e-01
 -2.08794769e-01
  1.54209667e-01
  1.09155730e+00
  6.30290762e-02
 -7.27003783e-01
 -1.45507045e-01
 -7.86958800e-02
 -3.59609545e-01
  2.18883826e+00
 -2.44310055e+00
  6.90939576e-01
  1.59580101e+00
 -2.27781341e+00
  1.80812791e-01
  4.96036347e-01
  4.36547021e-01
  3.16494396e-01
 -2.31710228e+00
  1.58375137e-01
  9.65329922e-01
 -5.58885392e-01
 -1.03210891e+00
  5.61263399e-01
  8.97915374e-01
  1.62875070e-01
 -6.83143778e-01
  4.44448745e-01
 -1.19648488e+00
 -1.50389925e+00
 -1.29416560e+00
  1.38315961e+00
  9.40507336e-01
  7.58895580e-01
 -4.69426076e-01
 -7.14943778e-01
  1.77075497e+00
 -2.11306415e-01
  3.23224754e-01
  1.14430661e+00
 -6.43824606e-02
 -1.89030992e-01
  1.04903086e-01
 -1.49811956e+00
 -1.69486554e+00
  1.32894455e+00
  5.30627077e-01
 -9.42593031e-01
 -5.20922946e-01
  2.71321984e+00
  5.92440386e-02
  5.04675811e-02
  3.21278011e-01
 -1.72651450e+00
  2.21002907e-01
 -7.10146559e-01
 -2.99528509e-01
 -5.53449356e-01
 -7.55050030e-01
  6.29197705e-01
 -1.47275944e+00
 -2.07484393e-01
  7.03341813e-02
  1.25173383e+00
  1.17255931e+00
 -1.83966647e+00
  4.65491281e-01
  1.00763839e+00
 -3.05074765e-01
  1.23386290e+00
  1.51462210e+00
  4.02139344e-01
  7.58970984e-01
 -4.49298655e-01
 -1.60730279e+00
  1.24285673e-01
  1.14826890e+00
 -5.88321177e-01
 -5.17155524e-01
  1.49467157e+00
  1.77232803e-01
 -8.21999190e-01
 -4.48096907e-01
 -8.31738845e-01
 -6.49202898e-01
  6.61354649e-01
  2.02304277e-01
  1.85207716e+00
  1.26497447e+00
 -1.00768014e+00
 -4.52506611e-01
 -6.30943920e-01
  7.06863231e-01
 -4.24529058e-01
 -7.46815353e-01
 -2.82097167e-01
  8.92261739e-01
 -4.62438120e-01
  9.32324455e-01
  1.78331061e-01
 -1.06386272e-01
  1.01054969e+00
  5.06299364e-01
 -1.03410509e+00
 -5.67194581e-01
  3.27936254e+00
  2.35353877e+00
 -5.40283334e-01
 -1.66554862e+00
  5.66710598e-01
  6.74015617e-01
 -8.02712507e-01
  2.03884052e-01
  2.06717614e+00
  4.15985081e-01
 -3.77966668e-01
 -1.38948158e+00
  8.27239116e-01
  6.78036293e-01
  2.77609012e+00
 -2.24428381e-01
  1.96559553e+00
 -2.09269325e+00
  3.34956438e-01
  9.72908156e-01
  1.00829242e-01
 -1.74330540e-01
  5.84376080e-02
  1.61155906e+00
 -9.08442119e-01
  3.29390834e-01
  6.13290516e-01
 -1.48366247e+00
 -9.75688523e-01
 -1.45417928e-01
  1.21970971e+00
  4.56335132e-02
  6.68856473e-01
 -1.98704540e-01
 -6.88488982e-01
 -1.14619384e+00
  1.47426157e+00
 -1.37416299e-01
 -3.87421845e-01
  5.20605146e-02
  1.29369327e-01
 -3.30326129e-01
 -1.75476518e+00
 -1.00068589e+00
 -7.80144741e-01
 -3.61606237e-02
 -1.72920913e+00
  6.88059974e-01
 -2.43903211e-01
 -7.31352990e-01
 -5.04859131e-01
 -1.83903724e-01
  3.51366454e-01
 -1.03898466e+00
  1.05621129e+00
 -2.61665976e+00
  7.00512038e-01
 -7.94373289e-01
  3.32421175e-01
  1.82449991e-01
  3.08074619e-01
 -5.99674121e-01
  5.90926656e-01
 -8.59820191e-01
  2.43073345e-01
 -6.05088688e-01
  1.95323097e-01
 -7.05034124e-01
 -1.15189321e+00
  1.02988750e+00
 -2.05141822e-01
 -1.44719134e+00
  2.89604099e-01
 -3.83043536e-01
  4.37847419e-02
  1.46539255e+00
  1.15902391e+00
 -4.24500198e-01
 -4.43251874e-01
 -2.50457729e-01
  1.04348394e+00
 -5.18752092e-01
 -2.33456090e-01
 -9.43428111e-01
  6.11683436e-01
 -3.20416796e-01
  3.03433328e-01
 -1.50050813e+00
  6.93051204e-01
  6.43353460e-01
  8.81340553e-01
 -1.97224093e+00
 -1.59286408e+00
  9.07860375e-01
  7.31891699e-01
  4.59128125e-01
 -1.16634245e+00
 -8.91607555e-01
  8.79188720e-01
 -3.24283885e-02
 -2.63361726e+00
  1.64274484e-01
  8.97999971e-01
  1.78655512e+00
  2.46505029e-01
  1.17478883e-01
  2.30505904e+00
 -3.26518995e-01
 -4.05345225e-01
  1.16387491e+00
 -1.58405875e+00
  4.15682955e-01
 -1.28573780e-01
 -5.33294962e-01
 -1.21984330e+00
  7.73786822e-01
 -2.43150693e-01
  9.99097109e-01
  5.12125765e-01
  8.31219115e-01
 -1.11489482e+00
 -1.49657330e+00
 -2.06331295e-01
  8.57896267e-01
 -2.54675263e-01
  1.35065309e+00
  2.06495038e+00
 -7.27158971e-02
 -1.08324074e+00
  1.31972027e+00
  6.20224408e-01
 -6.99214637e-01
 -1.60997548e+00
  3.47658198e-01
 -1.45482173e+00
  1.99997979e+00
  4.86234712e-01
  1.89736320e+00
 -3.94955359e-01
  3.08000000e-02
  1.82022305e+00
  9.44854849e-01
 -8.25549191e-01
  5.93648012e-01
 -1.62732265e+00
 -5.14622141e-01
  1.04634116e+00
 -8.99054729e-01
  2.39611398e+00
 -1.12936740e+00
 -8.99063247e-01
  1.22363710e-01
 -2.33109643e-01
  2.41646565e+00
  9.58403163e-02
 -5.09166706e-01
 -1.65044028e+00
 -2.77381632e-01
  8.57899391e-01
 -1.38822383e+00
 -8.77657889e-01
  8.24189109e-01
 -8.72841877e-01
 -3.69024785e-01
  1.59144777e-01
 -1.35748700e-02
  3.60692227e-01
 -9.48430269e-01
  4.03654038e-01
  2.78204933e+00
 -1.17154235e+00
  1.53914701e-01
 -1.44088899e+00
 -1.51407135e+00
 -1.26130468e+00
  5.23293864e-01
 -8.37350490e-01
 -2.49860472e-01
  2.97652086e-01
  1.69674877e-01
 -2.76126180e-01
  2.72202455e-01
 -1.07895818e+00
 -8.15824135e-01
  6.33555679e-01
  1.32340316e+00
 -6.55488496e-02
  1.47526234e+00
  1.04211893e+00
  1.79416970e-01
  7.82791037e-01
 -2.40465968e-01
 -5.45787154e-01
 -9.89375127e-01
 -7.65847327e-01
 -1.35162001e+00
 -4.58257586e-01
  1.09804177e-01
 -1.08896592e+00
 -6.14434221e-01
 -1.47260576e+00
  6.39253879e-01
  1.28279900e+00
 -3.75467209e-01
  1.87099704e+00
 -5.38899566e-01
  3.73634222e-01
  6.55918929e-01
  1.19419001e+00
 -1.23402499e-01
 -7.88616388e-01
 -1.84927709e+00
  8.42800301e-01
  3.55216501e-01
  7.69785983e-01
 -1.11371106e+00
  1.95347878e+00
 -1.77326600e+00
 -9.05022339e-01
 -1.84943249e+00
 -2.00638326e+00
 -6.25689311e-01
  6.66302903e-01
 -4.21904062e-01
  1.15453157e+00
  1.36949583e+00
  1.80019346e-01
  1.73706880e-01
  6.75853302e-01
  1.10080958e+00
 -3.32186753e-01
 -4.31788491e-02
 -1.01293096e+00
 -1.04026339e+00
  9.53905784e-01
  2.00049708e+00
 -9.50270788e-01
  1.18559567e-01
 -3.62173942e-01
 -7.44745352e-01
 -1.29698511e+00
  5.81522104e-01
 -1.01783542e+00
 -1.89598290e-01
  1.25847349e-01
  2.24125501e-01
  4.31449197e-01
  2.46732840e-01
 -1.31370192e-01
 -4.04145838e-02
  6.61488121e-01
  3.04730386e-01
  9.06620354e-01
 -4.23513042e-02
 -1.71562264e-01
  1.90230195e+00
  9.22889012e-01
  6.68589979e-01
 -7.57502710e-01
  1.04901377e+00
 -6.35796566e-02
  1.75383160e+00
  5.87801364e-01
 -1.23181301e-01
 -1.71508041e+00
 -1.11215319e+00
  1.04583511e+00
  7.19584933e-01
  1.44268739e+00
  5.50185917e-01
 -3.55128192e-01
 -9.84851415e-01
  1.02837222e-01
  1.54676817e-01
  5.69261179e-01
  1.23841965e+00
  5.42396539e-01
 -6.54609967e-01
 -9.03884574e-01
  5.63460981e-01
 -9.25253365e-01
  1.62319877e-01
  1.07773983e+00
  7.01424454e-01
  9.37825229e-01
  5.56924769e-01
  1.09772827e-01
  1.38272677e-01
 -4.85679331e-01
  6.10064029e-01
 -1.11009593e+00
  1.02546163e+00
 -2.64302215e-01
  2.53548988e-01
 -8.93778277e-01
  2.12247570e-01
  5.93615163e-01
 -1.37572024e-01
  9.72704919e-01
 -1.30702599e-01
  1.26715591e+00
  4.93930904e-01
 -6.62679763e-01
  7.52605806e-01
  2.16419152e+00
 -4.34901195e-01
 -1.26488986e-01
 -1.70066584e-01
  1.98261298e+00
  2.11583445e-01
  4.66734655e-01
 -9.11002996e-01
 -7.47342238e-01
  2.18814934e+00
 -7.81572326e-01
  9.51378803e-01
 -2.49248040e-01
  3.37500314e-01
 -1.09686146e+00
 -6.38862142e-01
 -8.88479919e-01
  2.02172022e-01
  8.16556373e-01
 -1.68306519e-01
  4.16672482e-01
 -7.78760762e-01
 -5.20454044e-01
 -4.14375960e-01
  1.95177864e-01
 -8.99844897e-01
 -4.89719140e-01
 -1.56920318e+00
 -2.01578984e+00
  3.35978260e-01
 -5.39858309e-01
  8.52485510e-01
 -8.52975768e-01
  7.71088066e-01
  4.74111268e-01
  3.18744952e-01
  1.58633479e+00
 -5.19639245e-01
 -1.81010183e+00
  2.16293806e-01
 -3.01986069e-01
  5.11753403e-01
  1.11026670e+00
 -1.02512443e+00
 -1.32461176e+00
 -4.56073790e-01
 -3.47260724e-01
 -2.16048488e-01
 -4.20564509e-01
 -4.58143664e-01
 -1.49663070e-01
 -1.12352781e+00
 -1.02855664e+00
 -7.08988266e-01
 -1.09445380e+00
 -5.64712125e-01
  2.20859308e-01
  9.49833753e-02
  3.79438692e-01
  4.56841853e-01
  1.87609114e+00
  4.27320066e-01
 -3.80640981e-01
 -6.87432510e-01
 -1.12132685e+00
  9.95262200e-01
 -9.60872961e-01
  1.47739336e+00
  1.05346881e+00
 -6.89617457e-01
 -2.62745263e-01
 -3.67185095e-02
  5.82128715e-01
  1.83782629e+00
  6.49994854e-01
 -1.83168363e-01
 -9.43616275e-01
 -1.54159594e+00
 -2.14217279e-01
  5.04794808e-01
  1.37274210e+00
  1.33954058e+00
 -3.45429695e-01
  8.68156860e-01
 -8.67877260e-01
  7.78453037e-01
 -9.80820338e-01
 -9.76991683e-02
  4.83454553e-02
  1.00666874e+00
  1.40391985e+00
  5.37643961e-01
 -1.45943419e+00
 -2.15954636e+00
 -1.01562046e+00
 -4.03447543e-03
  1.20875018e+00
 -1.40869906e+00
  6.03446050e-01
 -7.55977360e-01
 -4.44608826e-02
  1.54296349e-01
  1.16167897e+00
  7.79745084e-01
 -7.69089886e-01
 -8.50551001e-01
  5.03141204e-01
  1.23300645e+00
  1.02465603e+00
  2.60726842e-01
 -6.11935737e-01
  1.95605335e+00
 -8.10886875e-01
 -1.32477264e+00
 -1.73186477e+00
 -7.86835099e-01
  5.16506244e-01
  4.25317346e-01
  5.42139485e-01
 -1.71987991e+00
  3.79662571e-01
 -1.35220505e+00
  8.43347315e-01
 -1.02489406e+00
 -6.56933096e-01
 -1.23823295e+00
  1.10435117e-01
  1.25426147e+00
 -4.68637598e-01
 -1.34306030e+00
  6.17473756e-01
  6.47407138e-01
 -7.19926014e-02
  1.82685063e-01
  1.96321522e+00
 -1.69725948e+00
 -7.14226170e-01
 -9.74213467e-01
 -5.25121195e-01
 -7.90111203e-01
  1.65748499e+00
  2.55708645e-01
  2.13301463e+00
 -1.09828493e+00
  2.97309408e+00
  1.27716802e+00
 -1.51995556e-01
  7.93430090e-01
  1.33271863e+00
  2.52649383e-01
  5.57431241e-01
  3.81380065e-01
  1.51601315e+00
  9.47954954e-01
 -1.96175071e+00
  5.57808371e-02
  1.86055558e+00
 -9.32347004e-01
 -2.17052675e-01
 -7.15730178e-01
 -1.26416336e-02
 -1.04153212e+00
 -1.34867534e+00
  1.07613852e+00
  9.21105732e-01
  1.28838080e+00
  4.31934206e-01
  6.93507996e-01
 -2.84853956e-01
 -9.12932542e-02
  3.36320964e-01
  7.06444471e-01
 -1.06980931e+00
 -1.37422831e+00
  5.99784852e-01
 -1.09861328e-01
  7.85715828e-01
  2.73350076e-01
  5.29364451e-01
  3.88403081e-01
  8.22176543e-01
 -1.84231209e-01
  3.71478038e-02
  8.13704677e-01
  1.94023213e+00
  1.93572210e-03
 -2.55925251e-01
 -2.00012234e-02
  2.64703656e-01
  3.14119746e-01
 -1.65093658e-02
  1.81911813e+00
 -1.63071106e+00
 -1.19409959e+00
  1.56300642e+00
 -4.95204054e-01
 -1.30782363e+00
 -1.10153953e+00
  3.17215741e-01
 -4.50621293e-01
  2.05750066e-01
 -6.25859647e-01
  7.70453421e-02
  5.29764858e-01
 -1.60187369e+00
 -3.06601252e-01
  1.89357218e+00
 -1.39499024e+00
  1.48203326e+00
 -1.10609720e+00
  8.13582142e-01
 -2.61071096e-01
  4.19240039e-01
 -3.93778026e-01
 -1.90072170e+00
 -1.54344921e+00
 -1.56681758e+00
  4.55718419e-01
 -2.11586789e+00
 -8.24822750e-01
 -1.35954588e+00
 -7.69498014e-01
 -1.86011717e+00
  1.43675773e-03
  4.31738181e-01
 -1.50727088e+00
  3.83976304e-01
 -7.05228607e-01
 -1.35613720e+00
 -5.20630519e-01
  1.23544396e+00
 -7.77062418e-01
 -1.09589112e+00
  6.15151912e-01
  4.12373864e-01
  4.20136923e-01
 -1.02483450e+00
 -3.65034023e-01
 -1.68796842e+00
 -1.70929188e-01
  9.70129373e-01
  4.94776272e-01
  1.52859431e+00
 -1.22020340e+00
  4.35137798e-01
 -4.74639455e-01
 -1.03156039e+00
 -4.88935197e-01
  1.73520512e+00
 -4.98918960e-01
 -5.99969401e-02
  1.83283231e+00
 -4.27398635e-01
 -1.79611383e-01
  7.60696908e-01
 -6.81677777e-01
 -9.79085241e-01
 -8.07455557e-01
 -6.83168844e-01
 -1.48527287e+00
  1.30236942e+00
 -7.20807166e-01
 -1.41292876e+00
 -7.40049440e-01
  1.31375771e+00
 -1.25303218e-02
 -2.12511391e+00
  2.16071048e-01
  1.07047657e+00
 -6.59120716e-01
  7.49959773e-01
 -1.79350839e+00
  4.09153637e-01
  1.11289115e+00
 -3.94584610e-01
  2.65183557e-01
  3.06961243e-01
 -1.42445611e+00
 -2.46799867e-01
  1.77004486e+00
 -1.05910846e+00
 -8.28817750e-01
  6.08469962e-01
 -4.46307913e-01
  1.67785361e+00
 -8.40281757e-02
  4.40211622e-01
  1.00128405e+00
  3.62255227e-01
 -1.12658457e+00
 -1.14965479e-01
  8.33931007e-01
  1.49783638e+00
 -1.15419285e-01
 -1.37248841e-01
 -9.87761257e-01
 -1.02233156e+00
 -2.27172759e+00
  1.83110609e+00
  1.21895791e-01
 -2.69127130e-01
 -2.35803403e-01
 -6.28374003e-01
  3.62423182e-01
  1.82966466e+00
 -9.80487986e-02
  1.49981322e+00
  3.56324988e-03
  1.17078447e+00
 -1.87347529e-01
 -2.97406276e-01
  6.95778547e-01
  8.62155994e-01
 -4.14933427e-01
 -3.16436121e-01
 -9.94700742e-01
 -1.70485567e+00
 -4.01293869e-01
 -1.08670529e+00
  3.11967208e-01
 -6.45396670e-01
  3.55382155e+00
 -5.63965686e-03
 -3.93872881e-01
  1.30289270e+00
 -4.27139984e-01
 -7.54823444e-02
  2.74839265e-01
 -7.18044820e-01
  2.68696922e-01
  1.55477154e+00
 -1.49091487e-02
 -1.75596984e+00
 -1.76873745e+00
 -3.83577961e-01
  2.76749195e+00
 -1.07120091e+00
  1.81881766e-01
 -3.99520385e-01
  9.39763122e-01
  6.95763699e-01
  1.24931008e-01
  5.93258813e-01
 -6.87310533e-02
 -2.03359695e+00
  2.07798662e+00
  6.21676045e-01
  2.46560571e+00
 -1.15894177e+00
 -6.95141178e-02
  2.70842883e-01
 -2.60048320e+00
 -5.40004303e-01
  2.59854554e-01
 -1.19082982e-01
 -1.60979665e+00
 -9.56552860e-01
  6.71039885e-01
  2.44444572e-01
  1.07579412e+00
 -2.20126965e-01
  6.83964607e-01
  3.60590086e-02
 -5.90056388e-01
 -9.50434442e-01
  1.43418307e+00
  8.40436327e-01
 -8.61405889e-01
 -2.23509314e-01
  2.65786932e-01
  3.02860173e-02
 -6.03550161e-01
 -5.84652946e-01
  3.67628184e-01
 -1.00240499e+00
  1.52464299e+00
 -1.47217807e+00
 -7.15540094e-01
 -1.56228834e+00
 -4.68842844e-01
  3.19602979e-01
  2.35911207e+00
  1.36193663e+00
 -1.91804577e-01
 -2.85370596e-01
 -7.33400261e-01
  1.69883957e-02
 -1.71652929e+00
  3.82448182e-01
  8.21378119e-01
 -6.56109905e-01
 -4.79579291e-01
  1.57811411e+00
  1.48861574e+00
 -5.04427145e-01
 -1.84892780e-01
  5.11425360e-01
  1.02025139e-01
  8.39907093e-01
 -9.13041114e-01
  4.45723171e-01
 -8.66771072e-01
  1.50934985e-01
 -8.68625145e-02
 -3.24463506e-01
  2.34000659e+00
  5.88134476e-01
  6.82388209e-02
 -4.29451033e-01
  7.52434731e-03
  4.05356138e-02
  9.76378827e-01
  4.54751576e-01
 -5.30347944e-01
 -1.13248409e+00
  3.84514459e-01
 -2.02620961e+00
 -7.84526170e-01
 -4.82281599e-01
  9.79822253e-02
 -3.16496611e-01
  7.52227284e-02
  1.50093617e+00
  8.77409374e-01
 -6.36186659e-01
 -7.15432772e-01
  3.67330410e-01
  1.09856663e+00
 -1.20376965e+00
 -1.07951643e+00
  1.51024765e+00
 -1.45151089e-01
  9.84662400e-02
 -2.32774154e+00
  6.18307934e-01
  1.55216220e+00
 -5.69723673e-01
  1.52560703e+00
  1.15924771e+00
  1.26946577e+00
 -1.03692722e+00
 -4.88535400e-01
  1.04742972e-01
  7.47392297e-01
  5.63804683e-01
  6.75259553e-01
  5.51696246e-01
  3.64660153e-02
  1.03516687e+00
 -8.41785119e-01
  1.05900090e+00
 -2.75857840e-01
  8.80904977e-01
  6.06750869e-01
 -6.39684965e-01
 -1.33983447e-01
  7.33131783e-01
 -2.45265909e-01
  2.79562890e-01
  7.60421921e-01
  1.37270415e-01
  1.04295682e+00
  6.91937820e-01
  7.78738955e-01
  1.56924520e+00
  6.37378072e-02
  2.53224195e+00
  1.32423080e-01
 -5.15444472e-02
 -1.07524403e+00
  1.44082259e+00
  9.92496050e-01
  1.28678486e-01
 -4.64382420e-01
  4.62861246e-01
  7.62609826e-01
 -3.94366957e-01
  1.18715798e-01
 -7.58589136e-02
 -9.90425935e-01
  5.89376221e-01
 -3.09145878e-01
  1.53781485e-01
  9.30903069e-02
  1.39252028e-01
  1.33226711e+00
  4.30039133e-01
  4.80826684e-01
 -3.73150971e-01
 -5.41267054e-01
  1.75532538e+00
  2.09587670e+00
  6.22702941e-01
 -6.70909457e-01
  3.17277091e-01
  9.18842388e-01
  4.03507472e-01
 -7.85240914e-01
 -3.93924286e-01
 -4.60634800e-02
 -5.25117271e-01
 -2.23944877e+00
