  7.67908375e-01
 -1.13672490e-01
 -1.25619059e+00
  1.98374575e-01
  5.61512818e-01
  2.43478781e-01
 -1.39703901e+00
  8.72157965e-01
 -3.68213341e-01
  6.10330964e-01
  9.75781214e-01
  4.28341361e-01
 -3.23441127e-02
  1.60525148e+00
  1.53109843e+00
 -8.37447906e-01
  1.43745677e-01
  3.74108166e-01
  7.63238595e-01
  1.91907027e+00
 -9.70343800e-01
 -1.70761635e+00
 -7.68437408e-01
 -5.35732959e-01
  7.93194208e-01
  1.62183094e+00
 -5.76041680e-01
 -6.95187187e-02
 -1.17527512e+00
  1.19262438e+00
  9.12916689e-01
 -1.01247949e+00
 -4.67184944e-01
  2.49876721e-01
 -1.41846715e+00
  8.26623102e-01
  3.31901499e-01
 -7.42120105e-01
  1.62584907e+00
 -4.29816208e-01
 -9.38246912e-01
 -9.10672490e-01
  1.46112325e-01
  2.03047641e+00
  1.27143167e+00
  1.33916169e+00
 -1.14714971e-01
  7.69252666e-01
 -9.02957715e-01
  2.56330324e-01
 -2.64386262e-01
  9.36037490e-01
  2.17481515e+00
  1.74628415e+00
  1.80435775e-01
  1.13815173e+00
  2.72774957e-01
 -4.24831689e-01
 -1.02107824e-01
 -1.98504698e-01
  6.50785730e-01
  2.55891798e-01
  3.17692044e-01
 -8.12023091e-01
  6.86436055e-01
 -2.54365903e-01
 -6.29629124e-01
 -1.42614374e+00
  3.53942196e-01
  1.22114340e+00
  8.79851229e-01
  9.44452517e-01
  1.19814252e+00
  1.88215418e-01
 -2.69390144e-01
  8.96194009e-01
 -1.38079792e+00
  4.77034499e-01
 -9.50310345e-02
  5.26852229e-01
 -3.31498372e-02
 -4.24833199e-01
 -1.61222154e+00
 -1.78583879e-01
  1.35050580e+00
  3.86779247e-01
 -3.06298297e-01
 -6.17241082e-01
 -8.48286193e-01
  2.90701469e-01
 -4.99684367e-01
 -1.73790743e+00
  1.44168736e-01
 -5.08684241e-01
 -2.22325938e-01
  6.14577387e-01
  2.90768744e-01
 -3.60028933e-01
 -6.74601405e-01
 -1.25003582e-01
  3.32243162e-01
 -3.14625181e-01
  5.39001358e-01
  6.68334427e-01
 -7.97330979e-01
  1.11080176e+00
  4.65381916e-01
  1.25868181e+00
  6.79251568e-01
 -1.27236739e+00
 -3.96117552e-02
  1.35484307e-02
  6.76390416e-01
 -1.11854423e+00
 -2.95411629e+00
 -1.82674371e+00
 -8.23769151e-02
 -1.02027150e+00
  7.38835697e-01
 -1.97880678e+00
  1.61269023e+00
  1.90552781e+00
 -4.54425167e-01
  2.98613591e-01
  6.56716278e-01
  6.06262931e-01
  4.10297303e-01
 -1.52794179e-02
  4.20403132e-01
 -8.41136653e-01
  1.49199785e+00
 -8.32727513e-01
 -2.04129838e+00
 -1.12957479e+00
 -1.73955929e+00
 -3.61133129e-01
  1.65963618e+00
  3.26567564e-01
  1.41604472e-01
  4.28627365e-01
  1.02324500e+00
 -1.12675617e+00
 -2.17277482e-02
  1.50433200e+00
 -1.29266487e+00
 -3.04954291e-02
  1.84639913e-01
 -1.62263000e+00
 -2.37404140e-01
  5.34019581e-01
  1.79733922e+00
 -1.15175027e+00
 -6.08864317e-01
  9.68913873e-01
  8.06164835e-02
  9.24543656e-01
  2.77448953e-01
 -2.57849517e-02
 -2.47300238e-01
 -6.06225053e-01
  4.99128323e-02
  2.09869637e+00
  3.87520488e-02
  6.20440884e-01
  8.54856374e-01
 -1.72344146e+00
  5.85001665e-01
  3.22208418e-01
 -9.25003263e-02
 -6.85285882e-01
  3.25141975e-01
 -5.20863858e-01
 -7.73223020e-01
 -2.95961533e-01
 -5.39823169e-01
 -8.58875321e-01
 -1.15542067e+00
 -9.69140594e-01
  2.49381002e-01
 -2.20018497e-01
 -4.52609642e-01
 -3.71801284e-01
 -4.19374755e-01
 -3.17826375e-01
  1.18126119e+00
 -1.70531746e+00
 -3.46719860e-01
  1.04782383e+00
 -1.22779055e-01
  9.12847379e-01
 -1.39783085e+00
 -1.87685860e+00
 -2.73906353e-01
  2.63277093e-01
 -6.08350691e-01
 -8.69421933e-01
 -1.83361717e+00
 -4.17841615e-01
 -5.07212703e-01
  8.28468009e-01
 -1.33888411e-01
  9.94044498e-01
  3.97745323e-01
 -1.04079957e+00
  5.36641838e-01
 -1.02734435e-01
 -1.28001136e+00
  1.18693452e+00
 -2.93125888e-01
  1.70870510e-01
  1.42802489e+00
  9.17369640e-02
 -1.68221291e-01
 -5.15076993e-01
 -3.12254985e-01
  2.18078180e-01
  2.71916120e-01
 -5.81188077e-01
 -1.49989715e+00
  3.79772417e-01
 -8.12070428e-01
 -1.06109562e+00
  1.07353326e+00
 -7.69237572e-01
 -4.59665215e-02
  1.52928785e+00
 -5.48306730e-03
  1.42831723e-02
  6.97338082e-01
 -5.21173848e-01
  2.48128791e+00
 -6.05181908e-01
 -1.56556635e+00
 -4.85643321e-01
  1.27801743e+00
 -1.00644686e+00
 -1.24355065e+00
 -1.73181092e-01
 -9.85192492e-01
  4.52982910e-01
 -1.99507969e-01
  2.11921621e+00
 -3.41687241e-01
 -1.66653648e+00
 -1.34409859e-01
 -5.25441532e-01
 -1.36764719e+00
 -4.80894589e-01
 -6.38981354e-01
  1.16517944e+00
  3.52942964e-02
 -4.60711585e-01
 -7.77730031e-01
 -7.89806222e-01
  9.29780328e-01
  1.32930175e+00
 -1.47968365e+00
 -3.07710549e-01
 -7.37738224e-01
  4.67171248e-01
  1.19069857e+00
  1.10415520e-01
  3.40233674e-01
  4.97472075e-01
 -1.23581411e+00
 -4.63522539e-01
 -3.66967937e-01
 -5.62320735e-01
 -1.72833696e+00
  7.21576323e-01
  5.53305718e-01
 -7.88599405e-01
 -2.37870101e-01
  5.99189508e-02
 -6.59754197e-01
 -5.78489451e-01
 -1.28865058e+00
 -1.45837699e+00
  1.48598218e+00
 -1.97880487e+00
  6.24620201e-01
 -3.73206134e-01
 -1.83790999e+00
  6.20483989e-02
 -8.39150947e-01
 -8.24471152e-01
 -2.21284009e+00
 -2.52965355e-01
  5.42210659e-01
  9.52462141e-01
 -2.42468364e+00
  1.62684890e-01
  6.70805206e-01
  1.28720093e+00
  8.80591520e-01
  7.80875895e-01
  1.21084258e+00
  1.71032940e+00
 -9.60200535e-01
 -9.17612233e-01
  8.80000976e-01
 -7.21991541e-01
  4.07003335e-01
  6.97152632e-01
 -1.00206500e+00
  1.97728961e-01
 -6.84495873e-01
 -1.49391777e+00
  4.91370771e-01
  1.46110224e-01
 -7.81027419e-01
  5.80560650e-02
  1.63283081e+00
 -1.82349469e-01
 -1.00799639e-01
  2.06484996e+00
  7.43943225e-01
 -5.63366731e-01
  1.07902545e-01
  2.08252697e+00
  5.08993117e-01
 -1.79472423e-01
 -1.36417889e+00
  3.64528132e-01
  9.49636892e-01
 -1.44146434e+00
 -6.27976317e-01
 -1.70782476e+00
 -7.04383431e-01
 -2.85069106e-01
 -1.13284781e+00
  1.19631165e+00
 -1.03679737e+00
 -7.65688068e-01
 -4.23681556e-04
  3.13006128e-01
  1.01684420e+00
 -3.43430898e-01
 -2.43225301e-01
  2.82998826e-01
  7.90902212e-01
 -1.11623014e+00
 -5.73686088e-02
  8.60539091e-01
 -5.24813493e-01
 -1.15509111e+00
  5.51193283e-01
 -1.18698229e-01
  1.36169576e+00
 -1.75464691e-01
  1.21798715e+00
  1.92540406e+00
 -8.17873643e-01
 -7.01409765e-01
 -2.35433253e+00
  8.96115075e-01
 -1.49324587e+00
 -8.58389926e-01
  1.22166971e-01
 -8.43821301e-01
 -1.40840215e+00
  7.13888662e-01
 -2.15673531e-01
 -4.97725274e-01
 -7.45219141e-01
 -6.53783715e-01
  1.26562202e+00
 -9.52314924e-01
 -5.97481530e-01
 -1.22456211e+00
 -1.50249068e+00
  9.88081716e-01
  8.14411876e-01
 -1.29963867e-01
  2.26254135e+00
 -3.70101966e-01
 -4.45887472e-01
  1.80408435e-01
 -8.10169121e-01
 -6.73352180e-02
  7.08464743e-03
 -4.85121045e-01
 -1.70666809e+00
 -1.53443485e+00
 -9.24411492e-02
  5.09320392e-01
  6.29459308e-01
  3.61297811e-01
  9.23687232e-01
 -7.05831952e-01
  1.17003073e+00
  1.36596976e-01
  7.83178851e-02
  4.39657527e-01
 -3.13520106e-01
  5.02235505e-03
 -2.99938747e-01
  1.28247287e+00
  4.03417525e-01
 -2.06392786e+00
 -7.18288073e-01
 -5.73579985e-01
 -7.92248567e-01
  1.43432844e-01
 -2.47413519e-01
 -3.13100571e-01
 -1.77372099e-01
  5.77167146e-01
 -1.60494257e+00
  1.04631065e+00
  1.07068962e-01
  6.11493146e-01
  1.14476821e+00
  5.46674283e-01
  3.15019734e-01
 -5.91596488e-01
 -1.33935612e-01
  1.39415563e+00
  1.22018427e+00
  9.44148409e-01
  2.26641635e-01
  4.26324046e-01
  5.85177603e-01
 -1.84178347e+00
 -5.00946462e-01
  8.14837901e-01
  4.48375527e-01
  6.42996017e-01
  2.18866283e+00
  9.19215388e-01
 -7.74050062e-01
  2.54145698e-01
 -1.10693332e+00
 -8.07738917e-01
 -6.76134030e-01
  9.05140583e-01
  2.21306862e+00
 -4.67348341e-01
  7.79930291e-01
 -2.50083090e+00
 -4.53159970e-01
  8.36729968e-01
  3.57467770e-01
 -4.64044543e-01
 -1.93573017e+00
 -7.94090786e-01
  3.65353569e-01
  6.17030601e-01
  1.39843208e-01
  3.49752358e-01
  7.02247194e-01
 -6.95864436e-01
 -2.38503649e-01
  9.29894189e-01
 -1.38852391e+00
 -7.46971325e-01
 -6.84282155e-01
  1.51317811e+00
  7.67530405e-01
  1.16677771e-01
 -5.07874818e-01
  3.72227881e-01
  5.35759679e-01
  1.00435764e+00
  7.86836599e-01
  5.72290187e-01
 -3.03842352e-01
 -9.13942929e-02
  2.29106531e-01
  6.35867098e-01
  1.57541570e+00
  4.82259721e-01
 -9.15193180e-01
  1.28935816e+00
  9.24421515e-01
  3.79668085e-01
 -5.81177839e-01
  1.40403324e+00
 -5.29205690e-02
 -1.13456145e+00
 -1.63428489e+00
 -9.58237558e-01
  1.78361224e-01
 -4.55228094e-01
 -2.19147958e-01
 -2.06374723e-01
 -1.95442358e-01
  2.11420300e-01
  8.07392855e-01
  1.48348824e+00
 -1.93208333e+00
  1.29766868e+00
 -1.05600327e+00
  3.76502117e-02
  2.04346520e+00
 -1.32139797e-01
  2.72328770e-01
 -5.76641365e-01
 -6.99905107e-01
 -1.68722576e-01
 -1.91840474e-02
  4.00804121e-01
 -3.57089452e-01
  3.81008495e-01
  4.16465981e-01
  9.57555660e-01
 -8.95262578e-01
 -5.88001725e-01
 -1.35319593e+00
 -3.32887781e-01
  1.20109918e+00
  2.03606049e+00
  6.41191253e-01
  1.23268444e+00
 -6.83275129e-01
  1.55143603e+00
  2.11901956e+00
 -1.77015794e+00
  2.23021041e+00
  3.76030237e-01
 -1.01836330e+00
  1.48194412e+00
  6.99392401e-01
  8.46151719e-01
  3.51950153e-01
  1.62395773e+00
 -1.00766548e+00
 -2.48106786e-02
  2.63167422e-01
 -4.39407166e-02
  2.96432113e-01
 -9.00733824e-01
  1.92522542e+00
 -5.52096829e-01
  3.46590218e-01
  1.06715689e+00
 -1.21597248e+00
  8.53590459e-02
  7.91614277e-02
  7.96486335e-01
 -1.68635568e+00
  9.37467704e-01
 -9.70497169e-01
 -1.04579042e+00
 -7.91650113e-01
 -3.63608953e-01
  1.47070962e+00
  1.34615442e+00
  6.90806806e-01
  6.83454322e-01
 -2.13986622e-01
 -6.05000142e-01
  5.72205716e-01
 -6.63451749e-02
  1.05358915e-01
  8.81638583e-01
 -1.30253775e+00
 -4.36348091e-01
  4.38139320e-01
 -8.98844430e-01
 -3.43038185e-01
  1.73693036e-02
 -1.23230017e+00
 -2.04752012e+00
  1.58007171e+00
  6.26470023e-01
  6.64909521e-01
  1.40002736e+00
 -7.46458855e-01
 -3.63455769e-01
  6.82742211e-01
  2.73847560e-01
  1.38049266e-01
  3.38209812e-01
  1.96225341e-01
 -1.69746942e-01
  6.36049555e-01
  3.75711681e-01
  7.56679417e-01
  1.34082147e+00
  1.70929788e-01
 -1.11253647e+00
 -3.84397464e-01
  1.63973710e+00
 -2.87058858e-01
  1.45161332e+00
  4.34664676e-01
 -5.56362274e-01
  1.26035374e+00
 -1.66919123e+00
  7.96430083e-01
  2.11972378e-02
 -1.25436412e+00
 -6.47463581e-01
 -8.25509577e-01
 -1.39992865e-01
  1.16260144e+00
  1.99820953e-01
 -4.76783007e-01
  2.44812789e+00
  6.21796324e-01
  1.18836632e+00
 -2.23432070e-01
 -3.68617440e-01
  9.33696890e-01
  1.30431299e+00
 -1.24784276e+00
 -1.35378131e+00
  2.84648519e-01
 -1.30702464e+00
 -1.07611213e+00
 -1.45540897e+00
  7.86356612e-01
  9.77248923e-02
 -5.16407919e-01
 -1.15740316e+00
  7.06259681e-01
 -2.83954865e-01
  6.60914650e-01
 -1.45266649e+00
  6.14507529e-01
  1.01093375e+00
 -8.29963970e-01
  2.18045115e-01
  6.22747439e-01
 -1.46700800e-01
  3.11091661e-01
 -1.25957324e+00
  1.49313141e+00
  1.14333175e+00
 -1.27237985e-01
  2.18495472e+00
 -2.49690152e-01
 -3.32423296e-02
 -5.71396112e-01
 -1.07484198e+00
  1.00094772e+00
 -3.62171130e-01
 -1.27599645e+00
  1.19906405e+00
 -6.37802463e-01
 -5.25413255e-01
  1.19750636e-01
  1.82971224e+00
  1.11885501e+00
  1.58615111e-01
 -5.07931368e-01
 -3.83843681e-01
 -8.12842455e-02
 -2.73602255e+00
  8.70953617e-02
 -7.14087604e-01
 -1.03545245e+00
  5.62370121e-01
 -2.05005326e+00
 -1.81905911e-01
 -7.70848282e-01
  1.66004291e+00
 -1.23690092e+00
 -6.14311860e-01
 -1.66526954e+00
 -1.75725368e+00
 -9.62601007e-02
 -2.13437735e-01
  1.05153703e-01
  4.98786514e-01
  1.00578008e-01
  2.16676989e+00
  1.92643860e+00
 -6.70332134e-01
 -2.23308685e+00
 -3.17320253e-01
  9.36952996e-01
 -2.26395891e-01
  1.88397989e+00
  1.25319885e+00
 -1.06568955e+00
  1.03669421e+00
  1.32405138e+00
 -4.87376213e-02
  3.89855746e-01
 -4.92628112e-01
  9.16287502e-01
  1.71109982e+00
 -2.91619825e-01
  1.63060610e+00
 -7.75901998e-01
 -2.79812192e-01
 -1.75052077e-01
  9.23487937e-01
 -5.15545742e-01
 -4.20613729e-01
  1.04764987e+00
  1.80348510e-01
 -9.55069523e-01
  2.07564505e+00
 -4.26661732e-01
 -1.85508397e+00
  2.05897421e+00
  7.98805760e-01
 -1.15840520e-02
 -8.47170435e-01
  1.93160120e+00
  5.36338778e-01
 -3.85033319e-01
 -1.24496801e+00
 -1.50898718e-01
  1.04856548e-01
  1.58329613e-01
  1.85195004e+00
  9.84641357e-01
 -2.07009095e+00
 -6.74637854e-01
 -1.09122834e+00
 -4.44262282e-01
  5.24276757e-01
 -5.85114006e-01
 -1.04183753e-01
  1.69464533e-01
  5.28761387e-01
 -1.42601701e+00
  8.46410890e-01
 -9.63583239e-01
  4.56281108e-02
  8.42416796e-01
  1.60242143e+00
 -5.10678926e-01
 -6.60425370e-01
  7.43428352e-01
  9.94993587e-01
  5.59541139e-01
  1.61998029e+00
 -6.25566824e-01
  5.02292010e-01
 -7.31917521e-02
 -7.82855885e-01
  3.47960928e-01
  5.44918114e-01
 -1.33653736e-01
 -9.17627812e-01
  8.36096471e-03
 -1.00221176e+00
  9.76855052e-01
 -1.46305878e+00
  5.93863990e-01
 -1.32320207e+00
  1.06311890e+00
  1.01661015e+00
  3.55862377e-02
 -1.37900807e+00
 -9.13691894e-03
  4.23105392e-01
  9.06263987e-01
  1.11940679e+00
  2.48322641e+00
  7.37443109e-01
 -5.39454169e-01
  2.26100779e+00
 -8.38899030e-01
  1.53717279e-02
  1.47403545e+00
 -6.63931186e-02
 -3.22825177e-01
  1.79628599e-01
 -1.17953714e+00
 -1.61954566e+00
 -2.33325352e-01
 -5.24024800e-01
 -2.56961696e+00
 -2.41242592e+00
  9.15728798e-01
  1.46375100e+00
 -1.58806975e+00
 -6.64349468e-01
 -2.87643404e-02
 -1.10499940e-01
  5.01240208e-01
  3.36697558e-01
 -4.80915412e-01
 -3.87174096e-01
  1.87817479e-01
  4.02511851e-01
 -5.18084329e-01
 -6.85375741e-02
  2.38990363e-01
  1.73421031e-01
 -4.20104822e-01
  1.38397389e+00
 -4.35681093e-01
 -7.70994405e-01
  7.56923748e-01
  1.06709697e+00
 -6.17044405e-01
 -1.21387615e+00
 -1.53299841e+00
  5.53182566e-01
  3.02037430e-01
 -4.77218014e-01
  1.11951487e+00
  7.92641254e-01
  1.26819958e+00
 -1.08627821e+00
 -1.72251261e-01
  2.62485457e+00
  1.82214561e-01
 -1.98502843e+00
  2.04644489e+00
 -5.16320596e-01
  1.15100661e+00
 -3.06261026e-02
 -3.05477563e-01
  1.38927310e+00
 -6.56014760e-01
 -7.33877243e-01
 -1.18091194e+00
  8.76942168e-02
  3.48966932e-01
  1.08141837e-01
 -1.55902639e-01
  1.12558497e+00
 -9.32928895e-01
  5.17907014e-01
  2.04022692e+00
  3.71822099e-02
 -1.19665364e-01
  1.30107335e+00
  5.17499268e-01
  1.51929878e-01
  2.76112333e-01
 -3.13684374e-01
  3.36167148e-01
 -1.01022878e+00
 -5.97176521e-01
  1.28799974e+00
  7.43508019e-01
 -1.86661329e-01
  2.47863749e+00
 -8.04728071e-01
  7.37968659e-01
  5.36504351e-01
 -1.08638596e-01
  9.94444350e-01
  1.60958688e-02
  5.70202476e-01
 -7.72207455e-01
 -1.31876018e+00
 -6.40025791e-01
  1.20023681e-02
  8.58855656e-01
  5.62693854e-01
  1.95950795e+00
 -1.78785508e-01
 -9.89563843e-02
  9.16880436e-01
  2.36781621e-01
  1.41297254e-01
 -1.02321489e+00
  2.13196846e+00
 -4.56840588e-01
 -1.38225301e+00
 -1.39880789e+00
 -3.35516221e+00
 -1.25594265e+00
 -5.70990504e-01
  2.02000249e-01
  8.78993366e-01
 -2.13054963e+00
 -8.48598369e-01
 -7.65841041e-01
 -1.73482910e+00
  2.01373203e-01
 -5.51954244e-01
 -1.59988813e+00
  5.11165430e-02
  1.31836961e+00
 -2.57759664e-01
  1.33954168e+00
  2.35010500e+00
 -3.54246470e-01
 -8.79864718e-01
  1.10560982e+00
 -2.72289342e-01
  1.39554496e-01
  5.11846806e-01
  4.96509107e-01
 -3.06161076e-02
 -8.63958123e-01
 -1.29674376e+00
  4.40757522e-01
  4.02117203e-01
  2.95591189e-01
  1.05251787e+00
  3.88926013e-01
 -1.42535730e+00
  3.17674221e-01
 -1.00220188e-01
 -4.66673462e-01
 -1.51697262e+00
  4.71981857e-01
 -1.44593636e+00
  1.48980017e+00
  1.51421201e-01
 -1.08650569e-02
 -1.16690383e+00
 -1.47273190e+00
  4.26335451e-01
  1.43418765e+00
  1.64334045e-01
  1.77485107e+00
 -1.45696608e+00
 -2.73362549e-02
  1.20118161e+00
  6.85229253e-01
 -3.36430246e-02
  1.35300425e-01
 -7.14909272e-01
 -7.01279933e-01
 -6.56446329e-01
 -1.00532100e+00
 -3.95298969e-01
  1.32681394e+00
 -3.70655002e-01
 -4.71839580e-03
  6.12275630e-01
 -1.03112037e+00
  6.70677077e-01
  9.31445590e-01
 -1.15004654e+00
  1.12881185e-02
 -2.73980421e-01
 -3.33629509e-01
  8.64626253e-01
  1.53496191e+00
 -6.83634111e-01
  7.89207955e-02
  4.77893501e-01
  5.08038923e-01
  4.87566510e-01
  1.56476322e+00
  1.61681404e+00
  1.43109992e-01
  1.28944169e+00
  8.38860249e-01
 -2.60024780e+00
  7.59020682e-01
  1.20502442e+00
 -1.74662726e+00
  9.12225900e-01
 -2.76542851e+00
  3.09943069e-01
 -4.52463309e-01
 -5.39092183e-01
 -1.51089666e+00
 -2.08364848e-01
 -1.63203100e-01
  1.81592111e+00
  7.25176747e-02
 -2.02047220e+00
 -7.43960347e-01
  3.55174006e-01
  4.33249044e-01
  1.05443990e+00
  1.73367444e+00
 -1.28413634e+00
 -1.14561280e+00
  8.47685306e-01
  5.30570643e-01
 -7.63729746e-01
 -5.82967511e-01
 -5.49375272e-01
  5.46575040e-01
 -1.31068087e-01
  7.23505321e-01
  7.87390547e-01
  5.32529196e-01
 -1.05134346e-01
  2.20963424e+00
  2.81847135e-01
 -4.14432949e-01
 -1.70815847e+00
 -4.04911348e-01
 -1.07982109e+00
 -1.21025904e+00
  1.34908794e+00
  1.35777363e+00
 -7.96728611e-01
 -5.77606045e-01
  1.17087500e+00
 -4.57896099e-01
 -1.77198400e+00
  5.13649739e-02
 -1.53708090e+00
 -9.56007100e-01
 -2.68956688e-01
  9.40163920e-01
 -1.15490374e-01
  1.89148239e-01
  2.06363474e-01
  4.45832131e-02
  1.86068159e-01
  8.78401924e-01
  7.76610267e-02
  9.47276914e-01
  8.73035053e-01
  2.81704195e-01
  5.16381858e-01
  5.77115551e-01
  2.66906051e-01
 -1.39349726e-01
  2.37499567e-01
  1.32110527e+00
  7.15846616e-03
  1.85897763e-01
 -1.03979844e+00
 -8.05573016e-01
  4.57447000e-01
 -1.63832250e-02
  2.88563195e-01
 -2.87902468e-01
  1.08625670e+00
 -9.28233540e-01
 -4.70635884e-01
 -6.27596356e-01
  1.52892372e+00
  5.55871340e-01
  7.57197964e-01
 -5.86770949e-01
  5.12293262e-01
 -8.48113362e-01
 -4.34747193e-01
  5.95709686e-01
  5.04397172e-01
  4.56443276e-01
  6.54831286e-01
  8.33368982e-02
  1.38381024e+00
  2.67073864e-01
 -7.86062422e-01
 -5.96531063e-01
 -4.35452354e-01
 -7.17351308e-01
  2.63403956e-01
  7.24816789e-02
  1.64993624e+00
  8.56474895e-01
 -1.23412725e+00
  9.54501076e-01
 -5.44076876e-01
 -9.67778393e-01
 -9.74323660e-01
 -3.04770202e-01
 -4.01077619e-01
  1.25574181e+00
  4.84178530e-01
 -1.55337732e+00
  5.04838730e-01
  1.06352578e+00
  9.95735530e-01
 -2.87151586e-01
 -3.23402501e-01
  3.29071496e-01
 -1.45973680e+00
 -3.03441154e+00
  5.14772214e-01
 -5.17795079e-01
  2.39875855e-01
 -2.03631667e-01
  8.26509128e-01
 -1.11168327e+00
  5.47768145e-01
 -7.13996514e-01
 -5.66875820e-02
  1.90891637e+00
 -1.91611641e+00
  2.53175877e-03
  3.27002824e-01
  3.88467001e-01
 -1.76899185e+00
 -1.33500347e-01
 -7.95752371e-01
  7.06151635e-01
  7.15977241e-01
  7.12617605e-01
  6.01168240e-01
  1.21010434e+00
  1.78343392e+00
 -1.31366064e+00
  1.43862493e+00
 -9.26648778e-01
  4.41462654e-01
 -2.50088020e-01
  4.46717152e-01
  2.52563364e-01
  5.67216069e-01
  6.17671821e-01
  5.88643395e-01
 -2.50646603e+00
 -4.88361051e-01
 -4.35066444e-01
  7.36305235e-01
 -1.38031872e+00
 -1.05535583e+00
  8.99690415e-01
  2.19626240e+00
 -1.27310588e-01
 -4.28142372e-01
  1.34318212e+00
 -8.34562546e-01
 -9.78640456e-01
  3.58867809e-01
 -3.14258760e-01
  2.07471757e-01
 -8.86907913e-01
 -3.37760295e-01
 -2.05691397e-01
 -2.37622594e-01
  1.05939803e+00
 -3.41705238e-01
 -5.06960235e-01
 -1.15031162e+00
 -3.34380690e-01
 -2.84498718e-01
  4.17124711e-01
 -1.16275515e+00
  8.43880165e-01
 -1.45859382e+00
 -2.21538960e+00
  2.06047551e+00
  9.08053489e-01
 -4.25623549e-02
 -5.81086041e-01
 -4.31615238e-01
  2.03391565e-01
  1.31496884e+00
  3.50826063e-01
 -1.11106050e+00
  2.12729988e+00
  9.64254857e-01
  5.47009007e-01
 -1.00896984e+00
 -1.67910171e-01
  1.20581333e+00
 -7.07395554e-01
 -1.49522212e+00
 -4.63446491e-01
  1.11789578e+00
  4.22309787e-01
 -1.26587625e+00
  1.53982528e-02
 -1.00654316e+00
  6.68894949e-01
 -1.44308323e+00
 -1.35648067e+00
  1.24838366e+00
 -1.13111830e+00
 -1.56553508e+00
 -1.15180901e+00
  8.77194335e-02
 -7.36786465e-01
  4.03921133e-01
  7.25817733e-01
  1.40691136e+00
 -8.81852887e-01
  1.86887810e-01
  9.66095762e-01
 -5.67201288e-01
  2.13095131e+00
 -1.88930507e+00
 -1.81379400e+00
 -5.48177011e-01
 -1.86168512e+00
  9.87358984e-01
 -2.22048889e+00
 -4.67506480e-01
  3.91767620e-01
 -3.94461981e-01
  8.55726680e-02
 -4.78262217e-03
 -1.20227831e-01
  2.85073028e-01
 -1.22177854e-01
 -2.60293080e-01
 -2.89704756e+00
  8.95684959e-01
  9.30983743e-01
 -2.53172637e-01
 -1.14415286e+00
 -2.02419768e-01
 -2.09337158e+00
  6.50378656e-03
 -2.44887667e+00
 -1.15886456e+00
 -8.65028865e-01
  3.90331774e-02
  5.73707333e-01
  4.87140028e-01
  5.05794901e-01
  9.00826817e-01
  1.46398532e-01
  9.30986749e-01
  3.39678457e-01
  1.76632836e+00
  8.45657052e-01
 -1.82616643e+00
  3.50527093e-01
  3.01568077e-01
  7.58575727e-01
 -5.46124731e-01
 -3.46165890e-01
 -1.07300825e+00
  1.45190190e+00
 -2.04127209e-01
 -2.00024064e+00
  5.77486826e-01
 -8.21674381e-01
 -9.21006843e-01
 -5.56227912e-02
 -2.41922873e-01
 -1.63621415e+00
 -2.11151177e-01
 -7.54963898e-01
 -9.76805517e-01
 -3.44134716e-01
 -1.21468347e-01
 -2.85478835e-01
 -1.10482986e+00
 -1.81405769e+00
  6.87460631e-01
 -9.59434945e-01
  4.14327298e-01
  1.57571273e+00
  5.96234442e-01
  1.78058030e+00
 -1.72746919e-01
 -1.18178244e+00
  4.35692557e-01
 -2.55024657e+00
 -2.87997093e-01
  1.62187711e+00
 -3.17907557e-01
 -1.16459032e+00
 -6.19158744e-01
  6.14454791e-01
 -1.06211307e+00
  7.98562147e-01
 -9.95802622e-01
  1.08618413e+00
 -1.18599000e+00
  3.84462410e-01
  2.82942962e-02
  2.09756028e+00
  5.73066823e-01
  5.79073075e-02
 -6.21240332e-01
  1.77331758e-01
 -5.85720019e-02
 -5.52525292e-01
  2.16767601e-01
 -7.14907213e-01
 -6.71275396e-01
  2.73014693e-01
 -1.77075152e+00
  1.48053379e-01
  2.03947021e+00
  2.42198967e+00
 -1.28836616e+00
  1.69143542e+00
 -3.24419694e-01
 -1.24180990e+00
 -1.59915970e+00
  1.62838605e+00
  2.26641908e+00
 -4.01117353e-02
 -9.81228898e-01
 -1.20036295e+00
 -4.97316438e-02
  5.65045340e-01
 -8.84388681e-01
  1.06450086e+00
 -1.22443681e+00
  4.22634790e-01
 -3.35361824e-01
  1.24343317e+00
 -8.72106329e-01
 -8.28137380e-01
  1.19501155e+00
 -1.65882825e-01
  2.45519961e+00
 -4.67119818e-01
 -7.16542562e-01
 -1.72901132e-02
 -1.08608599e+00
  6.93181845e-01
 -7.40465739e-01
 -5.35750603e-01
  4.29319940e-01
 -5.70410684e-01
 -7.77480297e-01
 -1.59137205e-01
  1.75825856e+00
  5.83392745e-01
  8.81713605e-01
  6.13246855e-01
  1.26919066e+00
  5.96819989e-01
 -2.07440390e-01
 -7.72659735e-01
  2.11640345e+00
  3.94010434e-01
  6.03857032e-01
 -2.04616185e-01
 -3.00248473e-01
 -1.19304568e+00
 -6.32327599e-02
  4.10150826e-01
  1.91779297e+00
 -1.69651369e-01
  8.27590494e-02
  7.39989893e-01
  6.45157969e-01
 -7.58110910e-02
 -6.89552684e-01
 -7.50628653e-01
  3.07246246e-01
  1.03768094e+00
  3.42576089e-01
  1.81292057e-01
 -3.53979374e-01
 -2.33205998e-02
 -1.22042507e+00
  1.63633522e+00
 -1.65581195e-01
 -5.38936529e-01
 -6.14558220e-01
 -1.29004745e+00
  1.87811716e-01
 -2.07353417e-01
 -1.58350664e-02
 -5.98155858e-01
  1.04455500e+00
  1.76078655e+00
 -1.37035591e+00
 -5.85653051e-01
  5.05697582e-01
  7.94709533e-01
  2.79316134e+00
  1.54755541e+00
 -5.50495115e-01
 -1.27454198e-02
 -1.07685034e+00
  5.19003924e-01
 -6.39983210e-01
 -3.62757443e-01
  2.84754188e-01
 -1.16493881e+00
  7.03904282e-01
  7.84763306e-01
  3.63843552e-01
 -5.85732321e-01
 -8.98431265e-01
 -1.08168975e-01
  2.30764044e-01
 -1.51617688e-01
 -3.48546754e-01
  2.21205171e+00
  2.55234915e-01
  3.21827731e-01
  2.67291805e-01
  1.04182510e+00
  6.77235248e-02
 -1.13658225e+00
  5.24158134e-01
  1.45081290e+00
  3.37032608e-01
  1.01353843e+00
 -7.61298816e-01
 -2.14947701e-01
 -8.69916025e-01
 -4.43165189e-01
 -4.86590621e-01
  3.59262573e-01
  1.02640005e+00
 -5.77840027e-01
  2.91205644e-01
 -1.57700133e+00
 -2.18695499e-01
  2.43190157e-01
  3.38950332e-01
  1.17280083e-01
 -7.18643581e-01
 -9.91245033e-02
 -5.11691192e-01
  2.54561163e+00
  1.88830612e-01
 -4.74791703e-01
  2.45116197e-01
  7.89401372e-01
  1.21513571e-01
  3.72197337e-01
  1.16115239e+00
 -1.26342057e+00
 -1.29646254e+00
  4.44384484e-01
  9.31440930e-01
 -3.20982994e-01
 -1.70294905e+00
  4.04136431e-01
  9.95258358e-01
 -7.07178107e-01
 -1.21131970e+00
 -1.84768535e-01
 -2.57167531e-01
  2.18813915e-01
 -1.83531564e+00
 -1.28970394e+00
  1.88658600e-01
 -4.08079817e-02
  1.56343400e+00
  2.53547416e-01
 -4.14909674e-01
  2.42818240e-01
 -1.93539931e+00
  7.59526149e-02
  1.91048823e-02
  1.20622616e+00
 -1.69187597e+00
 -2.57120178e-02
 -9.65821510e-01
  9.47198038e-01
 -2.79125792e-01
  1.62007184e-01
  1.05257198e-01
  1.49414163e-01
  1.27833319e+00
 -4.94278397e-01
 -8.98895757e-01
 -1.42367785e-01
 -1.57674305e+00
  8.55616933e-01
  7.63023940e-02
 -1.46549000e+00
  6.90791505e-01
 -2.74567358e+00
  1.54132601e-02
 -1.27713189e+00
  2.48224310e-01
 -5.02230661e-01
  9.39673785e-02
  3.64558747e-01
 -4.61113429e-01
  4.40037663e-01
 -8.80570526e-01
 -6.06657612e-01
  1.19105610e+00
 -7.07862004e-02
  6.09864150e-01
  1.12097043e-01
 -2.38325580e+00
 -4.43619915e-02
 -1.41110586e+00
  9.37821327e-01
 -1.33702513e+00
 -1.54428613e-01
 -7.99879372e-01
 -1.82868788e+00
  4.20351850e-01
  1.05168520e+00
 -9.47176404e-01
 -1.92542248e-01
  2.57211939e-01
  1.10343374e-02
  1.41535276e-01
 -7.11151875e-01
 -5.78960845e-01
 -1.03897751e+00
  2.33904353e-01
 -3.19529584e-01
  5.39934328e-02
 -2.79832888e-01
 -1.05009089e+00
  2.30142248e+00
 -1.28041551e-01
  9.85827117e-01
  1.48963213e+00
 -9.41822174e-01
  5.43920425e-01
 -9.14935974e-01
  3.07585676e-01
 -1.70717758e+00
  6.60939625e-01
 -2.21214892e+00
 -2.01560352e+00
 -1.86938656e+00
 -2.75471996e+00
 -8.33580594e-01
  1.09937427e+00
 -7.36297496e-01
  1.22785946e-01
 -1.13704484e+00
  1.66663723e-01
  1.43003341e+00
 -6.20032132e-01
 -6.49601266e-01
  1.03472646e-01
  7.55291969e-01
  1.19163904e+00
 -7.96503828e-01
 -1.57497199e+00
  7.69699407e-01
  9.62375938e-01
 -7.65010499e-01
  1.68960904e-01
  6.31688086e-01
 -4.25487212e-01
 -8.06570333e-01
 -4.20697477e-01
 -5.40777641e-01
  5.63515098e-01
  7.58065276e-01
  3.90232101e-01
  6.08760719e-01
 -1.19992093e-01
 -1.12168930e+00
  7.57208815e-01
  6.83375356e-02
 -5.40424780e-01
 -8.25575239e-01
  6.85152580e-01
 -7.19743762e-02
  8.13433077e-01
  1.69311713e-01
  8.24673780e-01
  9.04230970e-01
  1.07746005e+00
  3.03606175e-01
 -3.40352201e-01
 -8.50093175e-01
  5.36698123e-01
  3.99484607e-01
 -1.06087870e+00
  8.88946072e-01
  1.02170389e+00
 -2.05439706e-01
  2.73652634e-01
 -5.61287272e-01
  1.91480250e+00
 -1.73175201e-02
  3.80883546e-01
  2.26886987e+00
 -1.17084812e+00
  4.84566412e-02
  1.76226269e-01
  5.95190766e-01
  6.93442292e-01
  1.09786185e-02
 -1.82028046e-01
  1.48095536e+00
 -6.38285217e-02
 -2.35622725e-01
 -7.63965055e-02
  2.54474458e+00
  2.13491687e+00
 -2.20428753e+00
 -8.98528361e-01
 -6.36328905e-01
 -4.81036793e-03
 -2.93896816e-01
  2.09410459e+00
  7.37456482e-01
 -4.01424400e-01
 -7.80055896e-01
 -6.44623066e-01
 -1.83572191e-01
  5.56010537e-01
 -1.96028504e+00
 -5.85175617e-01
  3.93692013e-01
  1.79598846e+00
  1.84740613e-01
 -3.03754631e-01
  1.17360974e+00
  1.59645718e+00
 -2.11211452e-01
 -1.95981148e+00
 -1.55350537e-01
  1.31770853e-01
  1.43758143e+00
 -2.41852190e-01
 -1.27239019e+00
  2.07726403e+00
  1.96671527e-01
  5.99437303e-01
 -7.98998119e-01
 -5.18107949e-01
  9.12302140e-01
  1.36589370e+00
  1.06434852e+00
 -5.83064560e-01
 -2.99885719e-02
  1.11723740e-01
 -1.90433366e+00
 -7.72201841e-01
  3.20965890e-01
 -1.81150936e+00
  8.84866734e-02
 -9.96515215e-03
  1.80110733e-01
  9.99967195e-01
 -8.46337185e-01
  1.01390118e+00
 -6.78835034e-01
  6.48170383e-01
  1.03412688e+00
 -7.56069964e-02
 -4.18267281e-01
 -6.14082558e-01
  2.20049645e-01
 -3.97740464e-01
 -9.46355040e-01
 -1.65703185e-01
  4.63598275e-01
 -6.81425683e-01
  1.24543568e-01
  2.02487604e+00
 -2.89769192e-02
 -3.43008194e-01
 -1.65429650e+00
 -1.38366996e-01
  9.32717039e-01
  5.43267278e-01
 -1.59229806e+00
  1.02547933e+00
 -1.99245062e+00
  2.05049020e+00
 -6.54649491e-01
 -4.73136601e-01
 -1.40413583e+00
 -2.01283712e+00
 -1.52275846e+00
 -7.51560957e-01
 -4.70234622e-02
  1.31043425e+00
  2.12974976e-01
 -1.44798935e-03
 -1.74279042e+00
 -1.15293996e+00
  1.67326615e+00
 -8.14357910e-01
  6.48712657e-02
 -4.12122430e-01
  1.01713221e+00
 -1.39309710e+00
  1.43293380e+00
 -2.54526854e+00
 -9.93101659e-01
 -2.99710767e-02
 -2.07216899e-01
  5.49417008e-01
 -1.88447985e-01
  6.31029039e-01
 -1.04874692e-01
  8.01761217e-01
 -7.07524487e-01
  5.65632916e-01
 -4.52861339e-01
  1.59806709e-01
  8.00573121e-02
 -5.37545771e-01
 -1.24220653e+00
  3.96834279e-01
 -3.55602017e-02
 -2.19718977e-01
 -1.49347262e-01
 -2.21874303e-02
  4.48451958e-01
  9.49889175e-01
 -9.11322941e-01
  5.61879731e-01
  1.14666959e+00
 -5.09194438e-01
  1.51390089e+00
 -1.02011902e+00
 -2.41414225e+00
  5.69138274e-02
 -7.08203864e-01
 -8.95997257e-02
  8.45544091e-02
  4.19219373e-01
 -8.20613727e-01
 -2.22821687e-01
  1.36828012e+00
  2.82896779e-01
  2.28014177e-01
 -4.79140080e-02
 -1.71940291e+00
 -2.31339674e+00
 -1.79640581e-01
  1.67893373e-01
  5.38718704e-01
 -1.09710522e+00
  5.26318930e-01
  8.71042963e-02
  7.71335901e-01
  1.95634319e+00
  3.65462760e-01
  1.24769655e-01
  2.17415472e-01
 -5.59419695e-01
  5.90883020e-01
 -8.64682757e-01
 -8.38625689e-01
  1.97885964e-01
  2.13840267e+00
  7.60339837e-01
 -1.04088173e+00
  1.77395691e-02
 -3.65571000e-01
  3.48963399e-01
 -1.53481488e-02
  5.82718418e-01
  9.24256646e-01
  7.64625987e-01
 -1.54790621e+00
 -2.37301609e+00
  1.33991829e+00
  1.77643682e-01
 -1.21549209e+00
 -1.68729873e+00
 -3.46574178e-02
 -1.33307241e-02
  1.38038893e-01
 -1.20340406e+00
 -6.08705477e-01
 -7.79106523e-01
 -1.41421573e-01
  1.32240133e+00
 -6.27608080e-01
 -1.12396639e+00
  1.16804423e+00
 -8.17212762e-01
  1.54968194e+00
  4.68293444e-02
 -2.56743386e-01
 -1.05767516e+00
 -1.27114152e+00
  4.37556434e-01
 -1.03238730e+00
  3.37070633e-02
  2.63656263e-01
  3.55835690e-02
  4.61397648e-01
 -1.79390415e+00
  3.65006419e-01
  9.40026240e-01
 -8.42920063e-01
  2.53901264e+00
  1.88331727e-01
  1.33785293e+00
 -5.52246182e-01
  8.72209516e-01
 -1.92865787e+00
  3.16416687e-01
 -5.47440390e-01
  7.57245084e-01
 -2.03688976e+00
 -1.13611551e+00
  4.42509006e-01
 -6.89216735e-01
  1.42114121e-01
  2.80109539e-01
 -5.05733561e-01
 -9.32143167e-01
  1.11473921e+00
 -5.12649551e-01
 -8.46552769e-01
  7.60266901e-02
  1.75819767e+00
  1.13996148e+00
  1.83534393e-01
 -1.28787392e+00
  8.85905952e-01
  1.14505490e+00
  7.77132820e-01
 -1.91389355e+00
  2.58985310e-01
  3.02391502e-01
 -4.21743946e-01
 -6.30384013e-01
 -1.41962091e+00
  7.78845495e-01
  7.82791890e-01
  9.62941245e-01
 -8.28552546e-01
 -1.30140214e+00
 -2.12198980e-01
 -8.69191814e-01
  9.94532986e-01
 -1.04232424e+00
 -1.30072641e+00
  1.90782025e+00
  3.25631150e-01
 -2.03505665e-01
 -4.04039418e-01
  7.51111069e-01
  8.50982202e-01
  2.63970189e-01
  8.09226698e-01
  5.46416228e-01
  1.51491071e+00
  5.47772359e-01
  4.66177648e-01
 -2.82358002e-01
  1.88076730e+00
  7.20738170e-01
 -7.95142388e-02
  2.64610236e-01
  5.40031806e-01
 -1.14566320e+00
  7.87823582e-01
 -8.55835033e-02
  3.83097300e-01
  3.86442245e-01
  3.08561592e-01
  8.65964579e-01
  2.34434569e-01
  2.13290854e+00
  1.57365089e-01
  2.20306891e+00
 -6.65054979e-01
 -2.22314970e-01
  1.08978036e+00
  5.33509668e-01
  9.60204551e-02
  1.16640333e+00
  7.45418607e-01
 -1.20340013e+00
  1.51053692e+00
 -1.14363939e+00
  1.13619770e+00
  4.89180425e-01
  7.29808211e-01
 -1.45821677e+00
  2.85582754e-01
  9.97059845e-01
  1.40147698e+00
  4.35120353e-01
  2.45621027e-01
 -4.94972808e-01
 -1.74694551e+00
  1.47291029e+00
 -1.50402537e+00
 -1.56922289e+00
 -1.08377874e+00
 -9.12516238e-01
 -7.38881015e-01
 -2.66837053e-01
  1.97259787e-01
 -8.15860049e-01
  6.69988584e-01
 -2.32468362e+00
 -2.58822802e-01
  2.05762130e-01
  1.90133813e-01
 -3.71126183e-01
 -7.69881717e-01
 -1.00137747e+00
  1.21659126e+00
  9.84945395e-01
  3.40228970e-01
  3.76906100e-01
  8.58595166e-01
 -4.89756331e-01
 -1.48004064e+00
  5.86327141e-01
 -8.07937006e-01
 -4.88563039e-01
 -6.19675016e-02
  5.47802389e-01
 -1.43951452e-01
 -5.11618536e-01
 -1.50130606e+00
  1.17071505e+00
  1.74617637e+00
 -9.99551187e-01
  1.53708376e-01
  1.40263166e+00
 -3.59647483e-01
  2.75444087e-01
 -7.55323561e-01
 -2.16851639e-01
 -2.61019296e-01
  6.85554506e-01
  7.09266812e-01
 -4.71374104e-01
  1.39100117e+00
  7.63892560e-01
 -1.16912169e+00
  1.83699774e-01
 -1.38535063e+00
  2.68425334e+00
  3.87173890e-01
 -2.05424430e-01
  2.76946017e-01
  2.19544146e-01
  7.82288387e-02
  7.59484811e-01
 -2.51972669e-02
 -2.97718552e-01
 -5.84790327e-01
 -1.50852573e+00
 -4.72585259e-01
 -7.96575380e-01
  3.36435509e-02
 -5.70236144e-01
  2.59323970e-02
  6.08163554e-01
  1.33197528e+00
  3.51571191e-01
 -5.31938433e-01
  8.04181472e-02
 -1.62629376e-01
 -1.97949166e+00
  1.15467166e+00
 -1.05358296e+00
  8.08541090e-01
  1.79894428e+00
  5.49634234e-01
 -1.51032691e+00
 -4.94868109e-01
  7.61592409e-02
 -5.25484272e-01
 -6.42674422e-01
  1.47670779e+00
  3.37811425e-01
 -1.55776590e+00
  3.24587400e-01
 -1.48347564e+00
  4.68821493e-01
 -3.02369933e-01
  1.87091267e+00
 -8.38092767e-01
  2.08498886e-01
  1.09194266e+00
 -8.86217088e-01
 -7.05194696e-01
  6.08990913e-01
  4.02429210e-01
 -5.65104383e-01
 -2.33470178e+00
 -6.76718843e-01
 -2.19129585e+00
 -4.61730588e-02
  1.77259887e-01
  8.17197734e-01
 -8.26197728e-01
 -1.11438849e-01
 -5.61996971e-01
  4.31054940e-01
 -9.11285675e-02
  2.31838337e+00
 -4.07557039e-01
 -3.56319193e-01
  5.17378601e-01
 -1.45214152e+00
  2.00920069e+00
  3.33717859e-01
 -2.47923821e-01
 -1.85310331e+00
 -1.32006422e+00
  3.68751814e-01
  3.07481116e-01
 -2.53018649e+00
 -6.47031901e-01
 -3.02502119e-01
  1.45264865e+00
 -7.77534453e-01
  1.75865356e+00
 -8.37673044e-01
 -5.11461393e-01
  8.24386362e-01
 -9.94178619e-01
  1.18122645e+00
 -1.43764357e+00
  2.85728364e-01
  3.90622631e-01
 -3.13939270e-01
 -1.86894351e+00
 -8.95039947e-02
  3.26138799e-01
 -7.49023985e-02
  2.52405561e-01
 -1.47131549e+00
  1.49255461e+00
  6.14178994e-01
 -1.13610943e+00
  1.74171111e-01
 -4.15763557e-01
 -1.70293443e+00
  1.84903259e+00
  2.29629164e+00
  6.24834279e-01
  1.49332297e-01
 -7.57908724e-02
 -9.02423373e-01
 -8.62563546e-01
 -6.94056829e-01
  1.93686776e+00
  7.03557378e-01
  1.44212564e+00
  6.97942825e-01
  1.57172732e-01
 -5.49255791e-01
  3.80465243e-01
 -2.14758416e+00
 -3.87855370e-01
 -1.63274488e+00
 -1.80537259e+00
  1.95987726e+00
  7.80713993e-01
  9.51849835e-01
  1.11072981e+00
 -1.46868045e+00
  2.14689995e-01
  9.07467470e-01
 -1.66834180e+00
 -2.00051201e+00
 -2.61856289e-01
  9.79497164e-01
  2.47021100e+00
 -8.57034178e-01
  2.86976531e-01
  6.16757576e-01
 -5.10318597e-02
 -1.50049502e+00
 -2.02845439e+00
 -6.67924300e-01
  8.16405884e-01
 -1.17779715e+00
 -6.75419873e-01
 -1.80566844e-01
  5.62162228e-01
 -4.61174574e-01
  4.01833665e-01
  8.53363973e-01
  7.92568723e-01
  1.75631557e-01
 -8.70566516e-01
  2.82980965e-01
  1.67259572e+00
  1.87916826e+00
 -9.78190528e-01
  1.35298645e+00
  1.39416276e-01
 -1.13716470e+00
 -8.43332876e-01
  1.69326008e+00
 -1.98673270e+00
 -7.10913339e-01
 -1.99908674e-01
 -1.46979168e-01
 -1.92572724e-01
 -2.00577859e+00
 -1.54554236e+00
  2.33659312e-01
 -2.75400660e+00
 -6.46737158e-01
  4.21051795e-01
 -5.62640490e-01
 -4.83796674e-01
 -1.20329258e+00
  1.62273496e-01
  5.77793832e-01
 -8.68067440e-01
 -5.02405818e-01
  1.07494939e-02
 -1.47100479e-01
  1.70152253e+00
  1.09814977e+00
  1.18848099e-01
 -6.55074819e-01
  3.79816393e-01
  1.11747659e+00
  1.28316024e-01
 -9.67671385e-01
  1.28054765e+00
 -1.31391714e-01
 -1.87940010e+00
 -1.13159805e+00
 -2.63116590e-01
  9.70262798e-01
 -3.21176551e+00
 -3.61162749e-01
  1.14364338e+00
  1.58277662e+00
 -5.20854871e-01
 -9.39158335e-01
  6.33301716e-01
 -1.02510366e-01
 -2.41930056e-01
  4.32282998e-01
  1.74785086e+00
 -1.70155833e+00
 -8.85321339e-01
 -3.76930473e-01
  5.04990271e-01
  2.05557460e-01
  3.19660944e-03
  8.68008238e-01
 -7.25896073e-01
 -1.53657082e-01
 -8.78784340e-01
 -5.59092456e-01
  2.22783847e+00
  4.77048832e-01
  7.73481359e-01
 -1.12618106e+00
  1.13109397e+00
 -4.75418438e-01
 -3.95862249e-01
 -6.39978393e-01
 -1.30727223e-01
 -6.30753632e-01
  2.13716114e-01
  2.20774599e+00
 -1.40264598e+00
 -1.55314787e+00
 -2.06367941e-01
  1.14992331e+00
  1.47756352e+00
  2.48951024e-01
  4.72984224e-01
  1.05349346e+00
 -2.70161756e-01
 -9.82678282e-01
  1.27336328e+00
  1.04506313e+00
  1.41212925e+00
  6.44034291e-01
  1.19604349e+00
 -1.21506469e+00
  4.02742690e-01
 -1.35885958e+00
 -3.07801567e-01
 -1.49780336e+00
 -8.15919642e-01
 -2.58575142e-01
 -2.08800458e+00
 -9.19872097e-01
 -7.50896065e-02
 -6.93549811e-01
  1.33373986e+00
 -1.89691219e+00
  1.26180433e+00
 -1.19198470e+00
  5.70440798e-01
  6.77906073e-01
  2.59236808e+00
 -1.43978923e+00
 -2.65259304e-01
 -1.11398262e+00
 -5.98160710e-01
  8.34204172e-02
 -9.09700474e-01
  3.84596459e-01
  8.98318835e-01
 -6.55033286e-01
 -2.34817320e-01
 -3.17339446e-01
 -3.28729937e-01
 -1.00398458e+00
  9.04732281e-01
 -6.34918680e-02
  9.74257635e-01
  1.06408855e+00
 -1.03535727e+00
  2.74048996e-01
  5.21838222e-01
 -1.14795845e+00
  1.72336973e+00
  2.14576657e+00
  1.19274483e+00
 -2.10371677e+00
  3.57819016e-01
  4.48474106e-01
 -8.07215340e-01
  5.68921103e-01
 -3.89625440e-01
  5.73951695e-01
 -1.21497095e-01
 -2.80713895e-01
 -2.62476600e+00
 -5.15296190e-02
  1.13374156e+00
  8.07949457e-01
 -1.45513469e-01
  1.09500491e+00
 -1.01027467e+00
  3.75401226e-01
 -1.04740851e+00
  9.71935564e-02
  7.14199411e-01
  1.34095689e+00
 -7.42710787e-01
 -1.60135188e+00
 -1.11310651e+00
  7.25078052e-01
 -2.54717391e-01
 -1.36208996e+00
 -1.37778448e+00
  1.49665355e+00
  1.95682512e-02
  3.32822169e-01
 -1.76215055e+00
  3.33517684e-01
 -4.21945445e-02
  1.02468904e+00
  8.96219234e-01
  1.49519027e+00
  1.00272298e+00
 -2.13708593e-01
 -1.30141794e-02
 -1.64686023e-01
 -1.61641172e+00
 -1.02828452e+00
 -1.60672909e+00
  1.19303427e+00
 -4.73392273e-01
  1.06459279e+00
 -1.12726573e-01
 -6.35558515e-01
  7.66793811e-01
 -1.79217432e+00
 -5.54028781e-01
 -5.14909204e-01
  7.52985949e-01
 -4.34246658e-01
 -3.81652398e-01
  1.04917194e+00
 -1.65951288e+00
 -1.64027390e-01
 -3.50133840e-01
  1.54913902e-01
  8.25843044e-01
 -2.25817920e-02
 -2.82105060e+00
 -1.31184266e-01
  2.12164721e+00
 -6.85353308e-02
 -8.29497778e-01
  1.81973943e+00
 -2.67910654e+00
  4.82207064e-01
  1.03574131e+00
  1.54310618e-01
  3.87698864e-01
 -1.05767800e+00
 -6.35850228e-01
  5.53564074e-01
  8.87888004e-01
  2.72038305e-01
  7.58401129e-01
  2.39661940e+00
  1.45029578e+00
 -3.20898936e-01
 -1.05542073e+00
 -2.08053146e-01
 -5.00065378e-01
 -1.33786717e+00
  1.58790159e+00
  4.05653836e-01
  1.18743005e+00
  7.06777123e-02
  1.42144500e-01
 -1.29926945e+00
 -9.83645436e-01
 -6.90841885e-01
 -1.27784282e-01
  7.38249188e-01
  4.21645519e-01
  2.60630341e+00
  1.51577926e-01
  1.68122372e+00
 -4.81074853e-01
 -1.27233073e+00
  8.04648056e-01
 -6.26818002e-01
 -1.45343588e+00
 -3.08517663e-01
  1.31939765e+00
 -1.17075910e+00
  1.27138534e-01
 -8.89444629e-01
  1.45135168e+00
  1.07096439e+00
  7.01860989e-01
  8.24116694e-01
 -5.51594943e-01
  2.49287406e-01
  5.83567787e-01
 -1.76375842e+00
 -2.69574457e-01
  1.23065192e+00
 -1.48212573e+00
  4.07499648e-01
 -1.25249049e+00
  6.79952336e-02
 -5.32469636e-01
 -2.30049035e-01
  1.72473893e+00
 -2.34500087e-01
  9.74834953e-01
 -1.30761877e+00
 -2.65011277e+00
 -7.98880590e-01
 -4.06789123e-01
 -8.42981778e-01
  7.77019436e-01
 -5.06481742e-01
  7.61557532e-01
  8.28969114e-02
 -1.34003952e+00
 -3.29461568e-01
 -6.33645809e-01
 -5.53162012e-01
 -1.37933480e+00
 -1.35053945e+00
 -9.79000551e-01
 -1.17236747e-01
  2.54794424e+00
  1.68528320e+00
  8.07523317e-01
  4.46807465e-01
  1.00452651e+00
  6.47295187e-01
 -7.48034297e-01
 -2.48843581e-01
  8.93084824e-01
 -1.22171164e+00
  1.77836255e-01
 -1.69583713e+00
  3.11404945e-01
 -2.53151535e-01
 -2.88264101e-01
 -8.04935220e-01
 -9.66820070e-01
  7.88145650e-01
  1.12168902e+00
  1.24180768e+00
  2.27547136e+00
  4.08938978e-01
  8.88429364e-01
 -1.06988135e+00
 -3.12406320e-01
  6.21608880e-01
 -5.32532707e-01
  1.20743478e+00
 -1.11968775e+00
 -1.45578787e-01
  4.93675555e-01
 -4.77439721e-01
  5.27905330e-01
 -8.59986272e-01
  4.93009805e-01
  7.40730308e-01
  6.37175509e-01
  1.48831931e+00
 -4.17767754e-01
 -7.60406194e-01
 -1.09016073e-01
 -5.72605814e-01
 -5.86796894e-01
  1.30831473e-01
  1.58269382e+00
  4.87370123e-02
 -1.65933123e+00
 -1.05932772e+00
 -1.04395006e+00
  1.32818880e+00
 -6.14611398e-01
  1.22056518e+00
 -5.58668184e-01
  6.40160559e-01
  1.30311218e+00
 -4.51538396e-02
  3.36347565e-01
  7.21499747e-01
 -2.00445820e+00
 -1.06478852e+00
 -4.13903748e-01
 -2.26604667e-01
 -1.66019884e+00
  2.52286892e-01
 -4.20958612e-01
 -1.60088740e+00
 -8.65945321e-01
  6.42741624e-01
  4.04097278e-01
  1.82434646e+00
  4.75692618e-02
  5.95423875e-01
 -1.07960423e+00
 -1.37511198e+00
 -7.37567924e-01
 -3.69058425e-01
 -2.95628158e-02
  1.96402021e-02
 -9.22835799e-01
 -1.71012435e+00
  7.29337724e-01
 -1.00500184e+00
  3.90457846e-01
  2.62716256e+00
 -1.01959812e+00
  6.50633309e-01
  8.88636672e-01
 -2.27879712e-01
  2.74631067e-02
 -5.54572255e-01
 -1.97577798e-01
 -1.25670108e+00
  1.30502707e+00
  3.49102027e-01
  7.69319272e-01
  2.16020353e-01
  6.89205513e-01
 -1.41639166e+00
 -1.12254659e+00
  1.84057214e-01
 -1.81963154e+00
  7.31465667e-01
 -8.37723401e-01
 -4.37167668e-01
 -3.05212237e-01
 -5.84323021e-02
  1.06387321e+00
  4.23329270e-01
 -4.00341896e-01
 -3.81620112e-02
 -4.36083053e-01
 -7.99558007e-01
 -2.02268254e-01
  2.53083441e-01
  4.50308353e-01
  3.78900715e-03
 -2.94678008e-01
 -1.17950323e+00
  7.22475000e-01
 -1.03804127e+00
  6.98135427e-01
 -4.42054894e-01
 -6.58810639e-01
 -1.16156039e-01
  5.41266358e-01
 -8.36966799e-01
  2.68143326e-01
  3.59977348e-01
 -4.30572312e-01
  7.11825876e-01
  3.87324503e-01
 -4.68770689e-01
  1.25777098e+00
  1.42867916e+00
 -5.91871293e-01
  4.13263812e-01
 -3.67440618e-01
  6.90896859e-01
  5.73879432e-01
 -1.71451449e+00
  2.53097840e-01
 -9.92936281e-01
 -2.01502283e+00
  8.36394995e-02
 -5.53367489e-01
 -9.85331795e-02
  3.59866028e-01
  6.71669316e-01
  2.50958400e-02
 -3.14091887e-01
  5.26987593e-01
  3.28052412e-02
  1.68967894e+00
  6.52997381e-01
  2.17152490e-01
  3.27705209e-01
 -5.66142745e-01
 -3.26835972e-01
  2.21937500e+00
  6.40490483e-01
 -6.69751284e-01
  1.42728070e+00
 -1.80233001e+00
  1.14728335e+00
 -5.90095510e-01
 -1.35271796e+00
 -6.87030482e-02
 -1.70171146e+00
 -5.56871788e-01
 -1.61103185e-01
 -2.05113970e+00
 -6.53264154e-01
