  -8.14972572e-01
  -3.26981119e-02
  -1.34445959e+00
   8.78011870e-01
   1.18305699e+00
   7.44392436e-01
   6.23569085e-01
  -1.63595515e+00
  -2.01636753e+00
  -5.83558978e-01
   5.78403062e-01
   4.06994387e-01
   1.95751377e+00
  -5.62859221e-01
   1.34872250e-01
   2.15287610e+00
  -1.13100683e+00
   4.74582027e-01
   9.91117633e-01
  -4.04692665e-01
  -9.58849591e-01
  -6.08545229e-01
  -4.67517499e-01
   7.51229834e-01
  -3.22962389e-01
   9.07516049e-01
   1.52551863e+00
   2.70949597e+00
  -3.55213899e-01
   2.75210266e+00
  -6.97203232e-01
   1.09107808e+00
  -5.46081490e-01
  -1.10715782e+00
  -7.07829168e-01
  -1.42922390e+00
   1.86238802e+00
   2.92465937e-01
   9.03036089e-01
   4.91931067e-01
   1.34660202e+00
   2.37871096e-01
   9.99496767e-01
  -2.85911129e-01
  -6.28753996e-02
   1.77754565e+00
  -6.69292886e-01
   2.20697712e+00
   1.22810743e-01
   4.20193141e-01
   1.14058029e+00
  -1.11070492e+00
  -1.55726689e-01
  -1.85159989e-01
   2.95805571e-01
  -7.48498371e-01
   1.13625322e+00
   4.99014406e-01
   9.65639349e-01
  -1.19022323e-01
  -1.15768850e+00
   3.43175535e-01
  -1.52201499e-01
  -3.90692022e-01
   3.28648868e-01
   6.52811460e-01
   4.26804145e-01
  -1.19466749e+00
  -5.65704075e-01
   8.16667967e-02
  -2.99622667e-01
  -9.41713991e-01
  -2.86793441e-01
   9.65195972e-02
  -2.78389532e-02
   4.96283720e-01
  -6.37578159e-01
  -7.34351042e-01
  -4.55904906e-01
  -1.53606493e+00
  -6.08172267e-01
   6.94537927e-02
  -1.50821404e+00
   6.23258292e-01
  -9.41387722e-01
  -1.72249934e-01
   3.89335984e-01
   2.46108993e-02
   8.40980878e-01
   5.54273617e-01
  -2.37151357e+00
   1.37362723e+00
  -3.98095357e-03
  -1.32625386e+00
  -1.41758791e+00
  -2.09053803e+00
  -1.31038889e+00
  -3.81800814e-01
   2.68148790e-01
   1.77398303e+00
   3.33313543e-01
   1.40543058e+00
  -7.17917171e-01
   3.74823801e-01
  -1.17654997e+00
  -2.28346456e+00
   1.32684829e+00
  -1.37473015e+00
   6.34747664e-01
  -4.86779522e-01
  -1.53392638e+00
   1.71643239e+00
  -5.48522400e-01
  -7.88161962e-02
   6.95744212e-01
   1.51732571e+00
  -1.19429882e+00
   1.53835021e-01
  -5.61352584e-01
   1.28899676e+00
   6.04304351e-01
   4.41877250e-01
  -1.61956396e+00
  -5.21660054e-02
  -5.63999428e-01
  -1.72548346e+00
   1.50372975e+00
   5.08133265e-01
   3.85982956e-01
  -6.39622040e-01
   1.41175414e+00
  -9.01287041e-01
  -7.14758607e-01
   1.32999218e+00
   1.01505884e+00
  -1.04413285e+00
   7.79889810e-01
   1.31436663e-01
   8.02675038e-01
   5.13609446e-01
  -7.21296102e-02
  -3.40771228e-01
  -2.74992670e+00
  -1.14779435e+00
  -1.31597249e+00
  -2.55854205e+00
   2.92608342e-01
   7.47785619e-01
  -4.91558885e-01
   5.15849355e-01
   6.17588307e-01
  -1.28888266e+00
  -7.26128088e-01
   5.26882084e-01
   1.53509189e+00
   5.38042938e-01
   1.70164481e+00
  -5.22136449e-01
  -4.42570157e-01
   6.36311066e-01
  -1.08436357e+00
   4.45850028e-01
   5.05450816e-01
  -1.18687849e+00
   1.36645789e+00
  -9.26076926e-01
   5.46362406e-02
   8.68529651e-01
   1.30270930e+00
  -3.99734677e-01
   2.40193760e-01
  -1.69412288e-01
   3.31662145e-01
   2.75712316e-01
  -3.02649717e-01
   2.95230701e+00
   5.03798583e-02
  -3.14319288e-01
   2.03463535e-01
  -1.17250995e+00
   1.64014961e+00
  -1.23117106e+00
  -1.62442111e+00
  -1.09445526e-01
  -1.97654256e+00
   2.73617051e-01
   9.94911051e-01
  -2.49760692e+00
  -3.05830136e-01
   6.46833858e-01
  -1.43703943e+00
  -5.99154408e-01
   5.92390102e-01
  -4.96918156e-01
  -7.19193825e-01
   1.13641998e-01
  -2.02963988e-01
   2.32203222e-01
  -1.10404423e+00
  -7.44395659e-01
  -2.64070650e-02
   3.01891784e-01
   9.44431286e-01
  -1.24221306e+00
  -7.39230276e-01
   1.18687400e+00
   1.01310425e+00
  -9.01097811e-02
   5.55203259e-01
   1.04490084e+00
   8.88084559e-01
   5.60602182e-01
  -4.92365339e-01
   6.88187237e-01
   2.31620715e-01
  -8.83091227e-01
  -4.29453382e-01
   1.08821960e+00
   9.06262406e-01
  -8.15381907e-02
  -1.26037877e+00
  -6.70821994e-01
  -2.31366429e-01
   3.59600181e-01
   1.65064532e+00
   2.44759080e+00
  -4.18131939e-01
   9.54343200e-01
  -6.09232040e-01
   1.82058267e+00
   2.13131049e-01
  -1.36384748e+00
  -8.61488261e-01
  -2.52779838e-01
   9.66089234e-02
  -3.56042278e-01
   1.60759502e-02
  -7.44108901e-01
  -2.64657632e-01
  -2.07656778e+00
  -4.10122496e-02
  -1.20313367e+00
   1.01725091e+00
   1.58083056e+00
   5.02548375e-01
  -1.57257176e-01
   1.23179936e+00
  -1.37946745e+00
  -6.61040246e-01
   1.32444038e-01
  -7.96164359e-01
   1.25750610e+00
  -1.22807288e-01
  -5.42528919e-01
  -8.61793716e-01
   8.54246921e-01
  -1.38065235e+00
   7.31534646e-01
  -1.36520900e+00
  -2.56278220e-01
   1.01565402e+00
  -1.56380553e-01
  -8.08072513e-01
   2.37977294e-01
   2.85021368e-01
   1.09348881e+00
   1.39833226e+00
   8.17470747e-01
   8.20283213e-01
   1.01515437e+00
   3.37818926e-01
  -3.22926981e-01
  -1.55373933e+00
  -3.79414484e-01
   1.14529481e+00
  -3.52843199e-01
   5.46079537e-01
  -3.08987336e-01
   6.53600171e-01
   3.53795757e+00
   8.40069968e-01
  -2.27857273e-01
  -1.16279134e+00
  -1.10975971e-01
  -8.73466797e-01
  -1.52986144e-02
   1.15429570e+00
  -3.21320607e-01
   1.69899507e+00
   1.50026748e+00
   2.60724179e+00
   1.72791225e+00
  -3.96556177e-01
   1.87940200e-02
   3.12218609e-01
  -9.72024717e-01
  -9.61422681e-01
   1.57849657e+00
  -6.29200532e-01
   6.55595785e-01
  -6.07488393e-01
   1.00470075e+00
   1.27006587e+00
  -4.24218217e-01
   2.86160146e-02
   1.56348712e-01
  -6.75762872e-01
  -6.22693002e-01
   3.14480951e-01
  -7.42525152e-01
   1.95853346e-02
   6.03695579e-01
   7.89765052e-02
   7.67042028e-03
  -3.89312975e-01
   1.48091421e-01
  -6.01310039e-04
  -2.30733779e-01
  -7.89683046e-01
   6.82879010e-02
   7.60315035e-01
   1.06609013e+00
  -6.47058492e-01
  -2.36009376e+00
  -1.20192214e+00
  -1.03344477e+00
  -1.90963442e-01
   4.94132882e-01
   1.14410769e-02
   3.69257194e-01
  -1.77823005e+00
   1.55158294e+00
  -3.20327780e-01
  -4.22075281e-01
  -5.37048971e-01
   7.64525246e-01
  -5.63288963e-01
  -2.96529142e+00
  -8.00167395e-01
  -1.46188089e+00
  -1.71346325e-01
  -1.87350283e-01
   1.39296440e+00
   2.94742748e-01
   3.31901458e-01
  -2.97830972e-01
   2.07313365e+00
  -2.83515990e-01
  -1.85210134e+00
  -4.59897057e-01
   1.70868966e-01
  -3.12790989e-01
  -5.84575161e-01
  -3.55747047e-01
  -4.50297041e-01
   2.67392944e+00
   8.43040671e-01
   1.62057823e+00
   1.27165111e+00
   3.12272942e-01
   7.74410706e-01
   9.22375983e-01
   2.13714004e+00
  -2.16460002e-01
   1.64820226e+00
   2.54002936e+00
  -1.03070443e+00
  -7.12082125e-01
  -1.48774721e-01
   1.98590429e+00
  -9.66751691e-01
   5.90424109e-01
   7.98205789e-01
  -2.65232599e-02
   3.12106417e-01
   5.54907749e-02
  -8.05810274e-01
  -8.30653207e-01
   2.26092784e+00
   2.10811173e-01
  -9.47171783e-02
  -2.34940190e-01
   1.20019789e+00
   6.39687251e-01
  -6.56387780e-01
  -4.42244144e-02
   1.32568013e+00
  -4.60263707e-01
  -2.49292971e+00
  -4.94105475e-01
  -9.15946574e-01
  -7.05585826e-01
   7.70543275e-01
   1.67662319e+00
   1.01426257e+00
  -2.09083040e-01
  -1.50739040e+00
  -8.77651113e-02
  -2.24431127e-01
   6.40059106e-01
   2.85305210e-01
  -5.45044853e-01
   1.07653883e+00
  -6.20151100e-01
   3.28119420e+00
   4.15645235e-01
  -9.87439205e-01
   1.27262466e+00
   1.00738694e+00
  -1.44164067e-01
  -2.46989292e+00
  -3.07661774e-01
   1.13883642e+00
   3.30237632e-01
   2.12445722e+00
  -9.13185406e-02
  -2.08456471e+00
  -6.81926289e-01
   1.19044350e+00
  -1.06989305e+00
   1.55607258e+00
   1.76869204e-01
  -1.56826975e+00
   9.86723042e-01
   6.06557184e-01
   1.69576237e+00
  -1.19480183e+00
  -2.48956428e-01
  -1.84306708e-01
   5.57408973e-01
   9.27391637e-01
   7.31147020e-01
  -4.71007357e-01
  -1.10342614e+00
   2.45719570e-02
  -4.30875850e-01
   1.07569913e+00
   1.79418278e+00
   9.10393861e-01
  -1.85367388e-01
  -1.38122584e-01
  -7.48878658e-01
   2.01349991e-01
   5.93560134e-01
  -7.53358091e-01
   1.52478256e+00
   8.44238456e-02
   2.89272805e-01
  -4.67426399e-02
   4.62402655e-01
  -6.56159624e-01
  -4.04795796e-01
   5.64419228e-01
   3.50076144e-01
  -8.17875751e-01
   2.27534768e-01
   2.24897067e+00
  -3.18645987e-01
   9.68384470e-01
   3.81720201e-01
  -4.31834797e-01
   9.11370705e-01
  -1.10794939e+00
  -2.14306987e+00
  -8.29774465e-01
  -8.20610633e-01
   1.36932919e+00
   1.02926549e+00
  -8.00871946e-01
   5.74723805e-01
   5.21322614e-01
  -4.64402652e-01
   1.42777335e+00
   8.72265678e-01
   2.46639309e-01
  -9.75200604e-01
  -8.69047820e-01
   1.81049885e+00
   1.71636151e+00
  -9.07643302e-01
  -4.70051143e-01
  -4.43475218e-01
   3.00173915e-01
  -9.34201396e-01
   8.39415631e-01
  -8.01788391e-01
   7.16197068e-01
   7.70127236e-01
   1.29351218e+00
  -3.56379366e-01
   1.39006950e+00
   2.39358725e-02
  -2.23826883e-01
  -3.46015802e-01
  -4.70042034e-02
   4.94233752e-02
   6.11853558e-01
  -2.13369271e+00
   1.24308026e+00
   5.72165679e-03
   1.68230214e+00
  -6.60592778e-01
   1.39320563e-01
  -1.00222365e+00
   1.10498747e+00
   2.48691778e+00
   1.44077147e+00
  -1.04344446e+00
  -1.32561585e+00
   9.90882736e-01
   1.28424004e+00
  -9.14402471e-01
  -3.18419684e-01
  -2.76907097e-01
   1.48882902e-01
   1.27589937e+00
  -4.84610924e-01
   2.23854072e+00
   1.65877350e+00
   8.13712674e-01
   1.83671953e-02
   1.30610591e+00
   1.82594702e+00
   8.84256566e-01
  -1.00923611e+00
  -9.64738581e-01
   3.86284517e-01
  -4.11986408e-01
   2.39735079e+00
   1.60676803e-01
  -1.13972994e+00
  -7.09635520e-01
  -9.28450888e-01
   7.18836619e-01
  -5.08265598e-01
   1.83867970e+00
   1.48925528e+00
  -3.89056101e-01
   9.20234308e-01
   1.32250484e+00
  -1.30489756e+00
  -1.26567532e-01
  -1.11616364e-01
   8.11389472e-01
  -9.04097540e-01
   2.23953826e-01
   8.23212347e-01
   6.95576086e-01
   1.81692804e+00
  -6.63154773e-02
   2.71739053e-02
   1.29268222e-01
   1.48469538e+00
  -7.90258240e-01
   1.29415928e+00
  -7.41843791e-01
   1.24709546e+00
   3.89028920e-01
  -2.53835287e-01
  -1.20408752e+00
  -3.92582529e-02
   3.41125975e-02
  -1.13637530e+00
  -6.42235719e-01
   5.91104711e-01
  -8.31883543e-01
  -9.99280761e-01
  -1.51208912e+00
   8.01371915e-01
  -7.69297791e-01
   1.13967099e+00
  -2.68891202e-01
  -2.91344587e-01
  -8.60402920e-01
  -5.96225696e-01
  -3.70363164e-01
  -6.83841688e-01
   1.74036540e+00
  -3.88220229e-01
  -1.33450604e+00
  -2.20661460e-01
   2.24040130e+00
   1.58077061e-01
   7.63930322e-01
  -1.64460364e+00
   2.20467054e-01
  -7.78660335e-01
   4.25767124e-01
  -2.03381361e-02
   8.56036771e-03
  -9.72828685e-01
  -2.71397272e-01
   1.14677285e+00
  -1.22901855e+00
  -4.83622560e-01
   6.46375897e-01
   1.16725002e-01
   1.46924213e+00
   3.97924610e-01
   1.14305017e+00
   1.30057643e+00
   6.13216958e-01
   4.28186203e-01
   1.99799303e+00
  -3.45267421e-01
  -1.27608542e+00
   1.94022178e-01
  -2.52516114e+00
  -2.47206438e-02
   3.47816502e-01
  -1.94048385e+00
   5.23884900e-01
  -2.41210302e-01
  -1.27110458e+00
   1.37429671e+00
   5.72679431e-01
   1.59157424e+00
  -1.94859180e-02
  -3.38684271e+00
   1.99204406e+00
  -2.80368134e-01
  -1.57703694e-01
   1.33921138e-01
   2.03772849e+00
   2.91338879e+00
   1.70883104e+00
  -1.02915324e+00
   1.03566039e+00
   4.55388156e-01
   7.63182826e-01
  -6.26770152e-01
   5.80043860e-01
  -1.46427932e-01
   1.06873993e+00
  -2.04466090e+00
  -1.06243664e+00
  -2.25415881e+00
   7.56480637e-01
   1.64629177e+00
   1.09629085e+00
   5.16876569e-01
   4.85124354e-01
   7.15816898e-01
   2.31503031e-01
   1.36855799e+00
   3.80133504e-01
  -4.32283255e-02
  -1.05346359e+00
  -1.30221883e+00
   2.16732320e+00
   1.39273846e+00
   1.33808320e+00
  -6.60659048e-01
  -2.64139211e-01
   1.33256674e+00
  -7.91993040e-02
  -1.76125698e+00
  -1.11044970e+00
   1.03500971e+00
   1.19351400e+00
   7.90774715e-01
  -1.91781267e-01
   3.43844533e-01
   5.84091629e-01
   1.08167401e+00
  -1.04340800e+00
  -8.01416171e-02
   1.95345421e+00
   1.22115676e-01
   1.09941816e+00
  -6.28278643e-01
  -4.51421740e-01
  -1.41868314e+00
  -4.10530275e-01
   4.18816232e-01
   1.03032983e-02
   4.51820522e-02
  -1.53654501e-01
   5.66759089e-01
  -8.23548763e-01
   2.05280715e+00
  -1.69688827e-01
  -1.04852529e+00
   8.42336223e-01
   2.22840127e+00
  -6.57841706e-01
  -1.08196032e+00
  -1.19595577e-01
  -3.80980847e+00
   1.94744591e+00
   1.94972737e+00
   1.87498763e-01
  -5.61212821e-01
  -9.54877222e-01
  -2.80975147e-01
  -1.88875096e-01
   1.55893451e+00
   4.49834174e-02
  -9.75286352e-01
  -2.29440053e+00
  -2.87064412e-01
   6.24393724e-01
   2.67949895e-01
   5.87659165e-01
  -1.44716079e+00
   7.38058640e-02
   3.79318255e-01
  -1.35611481e+00
   3.84964986e-01
   5.67136949e-02
   4.34258879e-01
   1.02850493e+00
  -3.25409948e-01
   1.61893729e-01
  -1.13787993e-01
   3.44973483e-01
  -3.36207881e-01
  -8.80790835e-01
  -5.37329529e-02
   1.44673424e+00
  -8.94419848e-01
   1.56384026e-01
   1.14629782e+00
  -1.74300825e-01
  -1.12004023e+00
  -1.47544041e+00
  -1.32388705e+00
  -4.39188107e-01
   6.64163342e-01
   1.98100338e+00
  -1.23453070e+00
   2.70542878e-01
   7.48710812e-01
  -8.95446732e-01
  -1.94515562e+00
  -5.96412374e-01
  -6.44720349e-01
   4.45963132e-01
   4.31312585e-01
   8.40794947e-01
  -4.15571739e-01
  -6.78011455e-01
  -5.36058369e-01
  -5.86485498e-01
   6.96491628e-01
   8.95968774e-01
   9.05488448e-01
   6.59592512e-01
  -3.33711187e-01
   1.40465019e+00
  -9.28566857e-01
   1.64519814e+00
  -8.34567395e-01
  -7.27326476e-01
  -2.80188753e-01
   1.67553285e-01
  -2.14231314e+00
  -1.53375066e-01
   1.36277187e-01
  -1.32117855e+00
  -2.14934754e-02
   1.04410891e+00
  -2.01878130e-01
   1.02701390e+00
   1.62140481e+00
  -1.17556606e-01
   3.23728958e-01
   1.65478654e-01
   3.71397586e-01
  -5.03487283e-01
   9.56603544e-01
   2.35361884e-01
  -1.02086781e+00
  -7.88790778e-01
  -1.81442949e+00
  -9.07565361e-01
   8.70661103e-01
   1.24705253e+00
  -5.18261691e-01
  -7.47677790e-01
  -7.21525910e-01
  -1.52519206e+00
  -9.45247604e-01
  -1.71793961e+00
   3.10048595e+00
  -1.68461962e+00
   1.18392820e+00
  -7.20250048e-01
   4.70659207e-01
  -7.87084177e-02
  -2.08570882e+00
   1.07841815e+00
   1.90135845e+00
   6.84423856e-01
  -1.16706964e+00
   9.78575641e-01
  -5.25006598e-01
   9.87561135e-02
  -1.56870444e-01
   4.42855755e-01
  -6.51447304e-01
  -9.30929861e-01
   5.19226632e-01
   1.83587458e+00
  -1.50639936e+00
   6.70212996e-01
   1.77101636e+00
   3.46588778e-01
  -7.69027030e-01
  -1.65501691e+00
  -8.46248958e-01
   2.25966812e+00
   1.66995510e+00
   1.43379259e+00
   6.03512013e-01
   7.42232089e-01
   6.29157315e-01
  -1.67939571e+00
  -6.88674300e-01
   2.87862014e-01
  -2.00609710e-01
   1.21024251e+00
  -7.99941032e-01
  -1.70528671e-01
  -2.00900005e+00
  -1.24062542e+00
   1.20416184e+00
  -1.27359560e+00
   1.01600561e-01
   2.21968316e+00
  -8.25029322e-01
  -8.36883030e-01
  -4.10537894e-01
   1.42211532e+00
   1.32237400e+00
  -1.56285282e+00
   9.68688441e-01
  -1.83849980e+00
  -1.43393543e+00
   1.77780145e-01
   1.00660002e+00
  -1.71799934e-01
  -1.01207445e+00
   3.31675571e-02
  -1.40760023e+00
   1.59919879e-01
  -1.41318877e+00
   7.18155369e-01
  -9.47444426e-01
   3.50556270e-01
  -3.88157234e-01
  -5.57609709e-01
  -2.61650006e-01
  -7.10490970e-02
  -4.10576978e-01
  -5.18470286e-01
   2.62072875e-02
   5.27969955e-01
   1.05646726e+00
  -5.48840319e-01
  -1.37766276e-01
  -9.88182029e-01
   1.53509338e+00
   2.00406805e+00
  -4.54478526e-01
   2.60958937e-01
  -1.12571394e+00
  -2.55911106e-01
  -6.70507438e-01
   1.06290002e+00
   4.59761576e-01
  -7.39177118e-01
  -6.63430030e-01
   1.43474847e-02
  -3.14417752e+00
  -1.47572536e+00
   1.31848651e+00
  -1.67081805e-01
  -7.96044470e-01
   4.90312233e-01
  -9.38117162e-01
  -2.13268330e+00
   2.76211727e+00
  -4.52008207e-01
  -9.18192276e-01
  -2.25524088e+00
  -4.31156663e-01
  -1.71944519e+00
   3.65096337e-01
   1.43215772e+00
   1.04317147e+00
  -4.25782392e-01
   2.90958769e-03
   4.55936761e-01
   2.87998823e+00
  -6.75860243e-01
   1.04283006e-01
   1.35985281e+00
  -1.20031032e+00
   1.57396324e-01
   1.87632754e+00
   1.02532679e+00
  -5.61884070e-01
  -2.50242988e-01
  -6.07467489e-02
  -3.36691879e-01
  -1.02583030e+00
  -4.11476880e-01
   7.04468448e-01
   1.04025220e+00
   1.57484130e+00
  -8.59877881e-01
  -5.49598013e-01
   1.15145682e+00
   1.36925350e+00
  -1.77801564e+00
   1.22824496e+00
   1.88304031e+00
  -2.93712042e-01
  -5.81479205e-01
   1.05903317e+00
  -1.01822317e+00
  -9.29730731e-01
  -1.28530603e+00
  -1.48328210e-01
  -1.44309912e+00
   5.33144309e-01
   1.66478879e+00
   4.97579055e-01
  -1.13614719e+00
   1.23784547e+00
  -5.11039145e-01
  -6.26329726e-01
  -6.55833464e-01
   5.65190158e-01
   1.34499677e+00
   3.82269877e-01
   2.32653045e-01
   8.32915821e-01
   7.69391786e-02
   1.62808425e+00
  -2.41251567e-01
   6.57010661e-01
  -2.45109329e+00
  -9.87436282e-01
  -1.02874486e-01
  -6.53034920e-01
  -8.79169089e-01
  -1.18523954e+00
   1.03876738e-01
   9.84168193e-01
  -1.19959660e-01
   4.61748662e-01
  -1.47072297e+00
   1.01111873e+00
   3.06862404e-01
  -1.19388909e-01
   4.92053925e-02
  -2.96741682e-01
   7.87275195e-01
   1.08240328e-01
   2.09920533e+00
   8.10205533e-01
  -1.01277979e+00
   3.90930655e-01
  -1.24358765e+00
   1.34364800e+00
   2.77115980e+00
   9.86519711e-01
   4.72122049e-01
   6.52984652e-01
  -4.28840373e-01
  -3.95254139e-01
  -1.73603294e-01
   5.84694848e-01
  -5.65584306e-01
   2.05413408e+00
   5.17646743e-01
  -9.90444168e-01
  -9.30339895e-01
   4.83887081e-01
  -1.63537258e+00
   1.09070029e+00
   1.35910262e-01
  -1.35920679e-01
  -1.25943602e+00
   7.15630362e-01
  -3.09903463e-02
   5.31570493e-01
   1.38790420e+00
  -1.20600425e+00
  -6.65518052e-01
   2.42730307e-01
   5.68272434e-01
  -8.18374087e-01
   2.03363269e-01
   5.66395924e-01
  -1.12350761e+00
  -8.92712457e-01
  -1.82770470e-01
   8.18310938e-02
  -9.26716343e-01
   6.29753543e-01
  -1.67489501e+00
  -1.97373296e-01
   2.41752707e-01
   1.44070537e-01
  -9.07688803e-01
   3.22987066e-01
  -3.26726915e-01
  -8.63169247e-01
   1.70295740e+00
  -8.60946155e-01
   8.90241016e-01
   1.84084838e-01
  -5.84139213e-01
  -8.21051424e-02
   8.54213034e-01
   1.18473867e+00
   1.35805264e+00
  -1.95775830e+00
  -3.50818470e-01
   3.90845514e-01
   2.42959234e-01
  -6.90982870e-01
  -6.23248634e-01
   6.96671090e-01
  -8.94323086e-02
  -4.61680549e-01
   8.74176491e-02
  -3.33421844e-01
  -1.11546884e+00
  -1.22982160e+00
   1.00540802e+00
  -3.63693152e-01
   1.27299884e-01
  -1.86647667e+00
   2.50930461e-02
  -4.28996888e-01
   9.98569212e-01
  -8.56697328e-03
  -1.60727734e+00
  -1.33173013e+00
  -1.34462565e+00
  -4.91870771e-01
   2.57138677e-01
  -9.95877987e-01
   5.84858362e-01
   1.08014491e+00
  -8.67274571e-01
  -2.35276953e+00
  -8.94596716e-01
  -9.71142569e-01
   2.91340585e-01
   1.70688112e-01
  -5.23030767e-01
   4.90419759e-01
  -4.94804590e-01
   4.76164092e-01
  -1.23734818e+00
   2.31754532e-01
   1.53246553e-01
   4.51500486e-01
   2.36238631e-01
   1.16553889e+00
  -6.69404238e-01
  -1.12885568e+00
  -1.21383898e+00
   5.37549302e-02
  -1.67989197e+00
   2.20448164e-01
   2.00092627e+00
   1.14995369e+00
  -9.69130176e-01
   2.41290557e+00
  -6.29270728e-01
   4.96355771e-01
   1.90524579e+00
   1.56049554e-01
  -2.74356591e+00
   2.64499928e-01
  -4.60952971e-01
  -1.30330178e+00
  -3.73425719e-01
   1.80023345e+00
   1.34425985e-01
   2.97565686e-01
  -4.71463209e-01
   3.08186231e-01
  -3.22123095e-01
   5.25358227e-01
   2.03868140e+00
  -8.69124112e-02
   4.56889406e-01
  -1.21408815e+00
  -9.26209363e-01
  -7.21425457e-01
   1.97871849e+00
  -1.12014780e+00
   2.15974745e+00
  -6.66478588e-01
   4.74401856e-01
  -7.27719484e-01
   4.79045702e-02
  -1.62915900e+00
   1.92515436e+00
   1.14929510e+00
   2.37449749e-01
   2.62200078e-01
  -1.70649026e-01
  -1.04015300e-01
   9.76442648e-01
   1.24305267e+00
  -1.26806048e+00
   5.98970160e-01
  -2.65432991e+00
  -1.25863909e-01
   1.00402363e+00
  -7.26232873e-02
  -5.89623395e-01
  -2.43294022e+00
  -6.17080130e-01
   7.78141192e-01
   1.05989329e+00
  -1.76904847e-01
  -1.87207884e-01
   2.16344203e+00
  -1.35657436e+00
  -9.53690612e-01
  -6.86988827e-02
   6.01711686e-02
  -1.71133893e+00
   1.48058854e+00
  -7.54793338e-01
  -3.67525839e-01
   7.25037477e-01
  -8.89052643e-01
   1.21577321e-01
  -1.76218606e+00
   1.87892831e+00
   3.28267096e+00
   8.90992006e-01
  -6.34683877e-01
  -1.11602562e+00
   6.09014349e-01
   4.22213348e-01
  -7.92130402e-01
  -4.08153282e-01
  -1.41822100e+00
  -1.11992663e+00
  -6.50174880e-01
   3.42930684e-01
  -2.82857549e-01
  -5.87194466e-01
  -7.63179231e-01
   1.21755673e+00
  -2.18640055e-01
  -4.22368561e-01
  -2.84097072e-02
  -4.43803573e-02
  -3.91977245e-01
   1.29690101e+00
  -1.46084050e+00
  -1.84225565e+00
  -1.55062520e+00
   1.82542502e+00
  -2.58118417e-01
  -8.43087555e-01
  -7.62647460e-01
   3.00020617e-01
   3.55994822e-01
  -1.38098576e+00
  -2.71873533e-01
  -2.45732933e-01
  -5.25672745e-01
  -2.56625840e-01
   1.35603923e+00
   7.51010791e-01
  -6.89943630e-01
  -9.07080639e-01
   2.57335233e-01
   6.41656312e-01
   7.66569334e-01
  -1.83833932e+00
   9.18826071e-01
  -1.15155351e+00
   1.31276084e+00
   1.18537628e-01
  -1.78589058e-01
   1.74030877e-01
  -1.37616355e+00
  -1.57931543e+00
  -1.43571261e+00
  -5.93676201e-01
   1.40599044e+00
  -1.12891920e+00
  -1.61391983e+00
  -3.00100196e-01
  -1.38706865e+00
   2.59893622e-01
  -2.85552594e-01
   7.34131789e-01
  -2.26483418e+00
  -1.11020408e+00
  -2.88795851e-01
  -6.04517070e-01
  -1.28358239e+00
   2.38432082e-01
  -9.51051853e-01
  -3.46412611e-01
  -2.28451984e-01
   1.74637495e+00
  -1.54487652e-01
  -1.53610514e-01
   1.48708202e+00
  -7.47305720e-01
   1.63767841e+00
  -1.06002788e+00
   1.54697798e+00
   2.19041983e-02
   3.69299031e-01
  -1.00306767e+00
   2.95271029e-01
  -2.39130533e-01
  -1.70394585e+00
  -4.74406085e-01
  -1.47179108e-01
   2.87194663e-01
   5.67136881e-01
   4.07827630e-01
  -2.21060583e-01
  -1.60746224e-02
  -4.52556442e-01
  -4.29768158e-01
  -5.20164450e-01
  -6.85777797e-01
  -2.97000284e-01
   2.37928731e-01
   1.20752839e+00
   5.80582879e-01
  -7.39472467e-01
   1.27150773e+00
  -6.23819932e-01
   6.27013184e-01
  -1.49379501e-01
   1.18270118e+00
  -1.30826875e-01
  -5.57164259e-01
  -1.57731342e-01
  -8.81092519e-02
  -1.42331467e+00
   5.37922484e-01
  -1.38604003e-02
  -1.16616119e+00
  -2.08214347e+00
   2.25929324e+00
  -1.16124285e+00
   1.02638266e+00
  -6.59986611e-01
  -1.19281674e+00
  -6.24262361e-01
  -5.45134752e-01
  -8.99206037e-01
   4.86281273e-01
   1.46146473e+00
   1.79907391e+00
   1.17536175e+00
   5.54747381e-01
   4.46139113e-02
  -4.02771082e-01
   8.68862775e-01
  -3.72003979e-01
  -7.65365082e-02
  -1.29736996e+00
   8.69610659e-01
  -3.75218137e-01
  -1.13495700e+00
  -1.56228677e+00
  -4.76774273e-02
   1.91543924e-01
  -2.40341371e-01
   7.47245020e-01
   6.10675816e-01
   6.58651493e-01
  -2.37107041e-01
  -1.18745195e+00
  -6.64500908e-01
  -1.37232068e-01
   8.61874290e-01
   6.78527768e-01
  -3.40205801e-01
  -2.35697772e+00
  -8.59945907e-01
  -8.47125895e-01
  -1.90053024e-01
   1.02718665e+00
  -3.59499127e-01
   4.29146783e-01
  -6.64944010e-01
  -1.08155587e+00
   1.63555148e+00
  -2.10849019e-01
   1.96353542e+00
  -2.15146004e-01
   7.99721660e-02
  -1.20504748e+00
  -5.28311548e-01
  -1.79682826e+00
  -3.25511775e-01
  -1.77474873e-01
   3.45976884e-01
  -1.23175504e+00
   7.91379091e-01
   2.04910989e-01
   6.39707704e-01
   2.09622901e+00
   1.64253196e+00
  -1.56365103e-01
  -3.90667001e-01
  -4.83659119e-01
  -3.19793452e-01
   2.67039846e-01
   4.12853991e-01
   4.24484063e-01
  -9.92141802e-01
   3.01374476e-01
   1.78468041e+00
  -2.20186002e-01
  -6.25967934e-01
  -7.89180335e-01
   1.78863605e-01
  -1.69490983e+00
   7.57284003e-01
  -3.90417196e-02
   1.22487803e+00
   2.94414532e-01
   1.76119380e+00
   4.04272807e-01
  -2.00397968e-01
   8.59752244e-01
   1.16500741e+00
   6.84042382e-01
  -1.40829139e+00
  -9.92448909e-01
   1.75147301e-01
  -2.17581587e-01
   7.21629890e-01
  -1.39015059e+00
  -1.60800596e+00
  -5.55818504e-01
   1.69991302e+00
   5.00932077e-01
  -1.51848345e+00
   5.24532103e-01
  -6.86064700e-01
   1.74115181e+00
   7.30337129e-01
  -7.97506773e-01
   1.06694422e+00
  -8.79466199e-01
   9.64955049e-01
   1.84007406e-01
  -8.60524893e-01
  -9.11952527e-02
  -8.94287898e-01
   9.61333003e-01
  -3.30192594e-01
   1.03325911e+00
  -2.61782018e+00
   2.03640310e+00
  -1.56839837e+00
  -3.71917184e-01
  -2.10114201e+00
   7.35980683e-03
  -1.24763761e+00
   2.26405201e-01
  -3.93558151e-02
  -4.23817401e-01
   6.50200089e-01
  -6.52558688e-01
   1.99548525e+00
  -5.10020081e-01
   1.78488659e+00
  -1.35760432e-01
   1.27443488e-02
  -1.56708471e-01
   9.19310630e-01
  -1.11453893e+00
  -8.54792579e-01
   4.00800574e-01
   5.52157941e-01
  -6.11623185e-01
   9.22705616e-01
   1.69476621e+00
  -9.37566180e-01
  -8.28807432e-01
  -5.82272376e-01
   1.06429325e+00
   1.10413065e+00
  -5.03520448e-01
   2.50452987e+00
  -1.43824914e+00
   6.35567272e-01
  -3.45275426e+00
   4.21697517e-01
   2.22502410e+00
  -1.08297409e+00
  -6.73907304e-01
   2.66166441e-01
   7.27942725e-01
  -1.91198768e+00
   2.41518813e-01
   2.30274966e-01
  -1.17583868e+00
  -3.97278481e-01
   8.30324007e-02
   2.12743160e-01
  -3.65783053e-01
  -1.00368425e+00
  -1.53848505e+00
   4.07663607e-01
   5.95677084e-01
  -7.92555811e-01
   1.97961268e+00
  -1.04793606e+00
   1.27484809e+00
  -6.70930486e-01
   4.33673902e-01
  -1.88249799e-01
  -6.34290690e-01
   3.28089793e-01
   1.35924667e+00
   6.78262272e-02
  -3.08572684e-01
  -6.46789107e-01
  -1.75349730e+00
  -4.56161241e-01
   9.64885669e-01
  -1.39804846e+00
   8.58047235e-02
  -3.13921560e-01
  -1.22068921e+00
  -1.99860750e+00
  -3.32174453e-01
  -5.57878012e-01
   2.77196244e-01
  -1.51771801e-01
  -5.39782706e-01
  -1.19842077e+00
   7.36912943e-02
   3.29099765e-01
  -9.13549439e-01
  -5.03922657e-01
  -5.78086131e-01
   1.15125677e+00
   3.92883944e-01
  -5.74693347e-01
   1.70732064e+00
  -2.74719178e+00
  -1.50195388e+00
   6.31728366e-01
   3.50771042e-01
   6.18963393e-01
  -6.11791183e-01
   7.39525285e-01
   9.68702430e-01
  -1.48939430e+00
   9.24020874e-01
   2.13624589e-01
   1.86659812e-02
  -1.67340632e+00
   4.09628455e-01
   6.06133641e-02
  -3.40381565e-01
  -7.76045976e-01
  -5.98766998e-01
   2.16693108e+00
   1.35393376e+00
   3.60240234e-01
   1.68021670e+00
  -3.34631850e-01
   1.79931212e-01
  -1.86821595e-01
   1.08543454e+00
  -4.07246944e-02
  -6.76779446e-01
   6.61821926e-01
   1.10756442e+00
   6.83239738e-02
  -2.20855689e+00
   2.91039006e-01
  -2.63367112e+00
  -1.08979512e+00
  -1.41482135e+00
   6.40905679e-01
  -9.16683970e-01
   1.37864095e-01
  -4.70633547e-01
   1.77316903e-01
   5.41564076e-01
  -1.21753497e+00
  -1.04971521e+00
  -1.94080466e+00
  -8.64304440e-02
  -4.81001460e-01
   1.67609852e-01
  -4.26247286e-01
  -3.67101017e-01
  -1.61706632e+00
   1.32830012e+00
   7.95071796e-02
   1.09556239e+00
  -4.61974383e-01
   6.51772595e-01
  -1.96225901e+00
   1.56324784e+00
   5.49129075e-01
   1.40400020e-01
   1.77821130e+00
   1.51405648e+00
   7.60415100e-01
  -1.51809944e+00
  -4.71884976e-01
  -8.89141308e-01
   2.47782012e-01
   3.45139296e-01
   2.19083951e+00
  -2.83664183e-02
  -1.11609598e-01
  -3.29380057e-01
  -1.44823448e+00
  -7.72283051e-01
   4.76407505e-02
  -2.79298223e-01
  -2.81610458e-01
  -6.16941320e-01
   3.89935936e-01
  -1.05857440e+00
   1.03632174e+00
  -8.79022666e-02
  -1.11089983e+00
   1.25437880e-01
  -4.08075455e-01
   6.75664196e-01
  -5.25375495e-01
   5.95539157e-01
   6.56697518e-01
  -2.21842714e+00
   9.11764266e-01
   1.10076686e+00
   5.66379518e-01
   4.05159892e-02
  -1.79983765e+00
  -1.47332514e-01
   1.66483513e-01
   8.01037524e-01
  -1.91878799e-01
  -8.73313701e-01
  -2.50184979e-01
   1.78440557e-01
   3.48604452e-01
  -7.91646401e-01
  -2.26529593e+00
   6.74982208e-02
  -1.00671104e+00
  -3.71836010e-01
   4.48904152e-01
  -1.58077363e+00
   6.55785674e-01
   1.37140518e+00
   5.42946932e-01
  -5.76266801e-02
   1.01702190e+00
   3.24683259e-01
   3.47994445e-01
  -7.62446466e-01
  -8.76674330e-01
  -1.34533164e+00
   2.64807188e-01
  -3.31747248e-01
   1.41477622e+00
   6.69138113e-01
   1.15872839e-01
   7.26761555e-01
   1.22435869e+00
  -3.91633252e-01
   1.10770066e+00
  -9.62998497e-02
  -1.33012307e+00
  -9.11909209e-01
  -9.27257890e-02
   3.79644992e-01
  -1.84513734e+00
   1.51372475e+00
   1.93682121e-02
   1.33569494e+00
   1.49540035e+00
  -1.36649403e+00
  -5.66595271e-01
   8.84247782e-01
   7.47286436e-01
   8.94211250e-02
   1.99350147e+00
   9.32752413e-01
  -9.44173971e-01
  -4.40516185e-01
  -6.74493587e-01
  -4.78093440e-01
  -5.37457827e-01
   7.55111324e-01
  -7.66036941e-02
   1.22358933e+00
  -1.16758357e+00
  -4.49709295e-01
   8.51788631e-02
  -1.01830045e+00
  -3.47450473e-01
   1.62101880e+00
  -2.06763374e+00
   9.51990691e-01
   6.65352166e-01
  -9.76294492e-01
   6.57180293e-01
  -6.30333262e-01
   1.86485456e+00
  -4.98303665e-01
  -9.19904679e-01
  -1.55828839e+00
  -1.62083791e-01
  -7.50619275e-01
   1.93569557e+00
   1.04336384e+00
  -2.41028621e+00
   5.18258519e-01
  -1.07050780e-01
   7.88216177e-02
   3.23089755e-01
  -2.82478659e-01
   1.96497745e+00
   8.89350469e-01
   7.43993629e-01
   8.87154861e-01
   1.54399008e+00
  -6.08995711e-01
  -1.32402588e-01
  -1.34520902e+00
  -7.31523800e-01
   1.19395617e+00
   2.81500226e-01
  -3.40455892e-01
   1.18888251e+00
   8.96916440e-01
  -7.20468691e-01
  -2.50637928e-01
  -7.01081097e-01
  -8.30687420e-01
  -5.50195487e-01
   8.81378020e-01
  -4.64242897e-02
  -1.78462794e-01
  -5.44155887e-01
  -8.32365551e-01
  -2.53270265e-01
   1.93523184e-01
  -1.59562911e+00
   1.05126850e+00
  -1.98184380e-01
  -7.60514481e-01
  -5.04595996e-01
   7.89278680e-01
  -3.07955925e-01
  -8.90192932e-01
  -2.66494420e-01
  -1.58901662e+00
  -2.36298531e-01
  -1.83838029e+00
  -1.39466482e-01
  -3.69614256e-01
   4.44471454e-01
   4.94677382e-02
  -9.31827294e-01
   3.89928279e-01
   1.04915142e+00
   3.02245618e-01
   3.20430229e-01
  -1.81915295e+00
   7.24271940e-02
   1.06927139e-01
  -2.26151072e+00
   1.57777845e-02
  -7.29733859e-01
  -1.99695293e-01
  -2.05369324e+00
  -1.79411935e+00
   9.67332597e-01
   5.08828040e-01
  -2.82946135e-02
  -1.01188271e+00
  -1.06434652e+00
  -8.34303992e-01
  -7.86671291e-01
   1.10015897e+00
  -1.45136299e-01
   8.78201084e-01
  -2.92379191e-01
   3.85368448e-01
   1.06293571e+00
   1.36043620e+00
  -2.53088933e+00
  -1.20242026e+00
   7.87058404e-01
   9.55578393e-01
  -4.32805115e-01
   7.59298205e-01
  -5.94499031e-01
  -3.58458825e-01
  -2.03457391e+00
   5.11798108e-01
   1.02478240e+00
  -9.34583075e-01
  -1.86432557e+00
  -8.60248665e-01
  -9.96668960e-01
   1.44696271e+00
   1.25049735e+00
   3.06357422e-01
   1.65052294e-02
  -4.47442033e-01
  -2.91325376e-03
  -1.69208688e-01
   2.19109247e+00
  -1.47231105e+00
  -9.29460867e-02
   2.96299366e-02
  -7.15396177e-01
   7.91320188e-01
   3.40362671e-01
  -1.42605290e+00
  -7.81525523e-02
  -1.40401092e-02
   7.83508995e-02
  -5.66704254e-01
  -1.34455951e+00
   1.68143256e+00
  -1.92423662e+00
   9.64047194e-01
   8.29033722e-01
  -2.46293257e-01
   8.75030743e-02
   3.59655659e-01
  -3.65107526e-01
  -2.65985519e-01
   9.23982220e-02
  -2.47195649e-01
   1.02589594e+00
  -9.10015277e-01
  -5.73019226e-01
   4.79793142e-01
   5.61603336e-02
   1.22091313e+00
   5.49596848e-01
  -9.79860134e-01
  -4.29021596e-01
  -1.45645090e+00
   4.64115679e-01
  -9.59622732e-01
   3.08299929e+00
   1.47806986e+00
   7.74546163e-01
  -5.07513584e-01
   7.53854703e-01
  -1.14807281e+00
   4.23533176e-01
  -2.75384198e+00
  -2.10982670e+00
  -2.40720991e-01
   2.00341277e+00
  -1.34308183e+00
  -2.27544677e-01
  -3.24506863e-01
  -1.37908697e-01
   3.91988734e-01
   6.51101103e-01
   2.55819880e-01
  -1.14015143e-01
   1.90486316e+00
  -1.35401216e+00
   5.77797724e-01
  -1.66752513e+00
  -6.35664234e-01
   1.13741844e+00
   1.68251122e+00
  -1.50449959e-01
  -4.80277166e-01
   1.90917655e-01
   6.04570794e-01
  -2.72821327e-01
   7.87255438e-01
  -2.16645429e+00
   7.49172310e-02
  -5.06616469e-01
  -1.05717851e-01
   1.69394124e+00
   1.37702975e-01
  -2.92237533e-01
   1.63960674e+00
  -8.26640917e-01
   7.61662790e-01
  -1.17587855e+00
  -2.67954852e-01
   2.74762768e-01
   1.62375359e-01
   6.57702009e-01
   1.35935304e+00
  -5.18582629e-01
  -1.04180852e+00
  -2.60521971e-01
   4.53554598e-01
  -1.66240434e+00
   8.05828902e-01
  -1.24448154e+00
  -3.02155611e-01
  -2.22484988e+00
  -4.63924919e-01
   8.01296031e-01
   4.55357040e-01
  -2.97191714e-01
   1.68550074e+00
  -1.17209854e+00
   4.86883679e-01
  -6.73092125e-01
  -4.92443619e-01
  -9.96318994e-01
  -2.71666658e-01
   1.01258620e+00
   1.32053793e-01
   1.66725287e-01
   2.95553287e-01
   3.09280129e-01
   2.62078871e-01
   3.33406628e-01
  -8.38815592e-01
   1.29766058e+00
  -1.15767101e+00
   1.56223289e+00
   3.80834925e-01
   1.63483320e+00
  -6.44769330e-01
  -1.20230422e+00
   1.84888198e-01
  -1.23911616e+00
  -1.21197029e+00
   1.10545117e+00
  -2.09836363e+00
   6.23214084e-01
  -4.97666962e-01
   8.53711676e-01
  -1.35017660e+00
   3.05214826e-01
  -1.73515439e+00
   8.98449615e-01
   9.22080106e-01
  -1.12820398e+00
  -6.06437167e-01
   3.54265520e-01
  -1.91008383e-01
  -8.81267402e-01
   2.11097600e-01
   1.70542276e+00
  -1.37377348e+00
   1.04552447e-01
  -1.20965187e+00
  -4.84743616e-01
   2.85167373e-01
   1.20183239e+00
   3.13638837e-01
  -1.32492679e+00
  -1.55353336e-01
   5.08868589e-01
  -2.00765228e-01
  -4.12603145e-01
  -5.27270424e-01
  -1.14447519e+00
  -6.06474479e-01
   5.04133203e-02
   6.46356746e-02
  -6.19804712e-01
   1.50587653e+00
   2.39298759e-01
   1.42712862e+00
  -9.98535828e-01
   4.97685534e-01
   4.32163992e-01
   6.04447557e-01
   7.00432011e-01
  -9.90479417e-01
  -9.07033278e-01
  -2.63422822e+00
   4.63649385e-01
  -4.74671175e-01
  -2.88371319e-01
   2.44513486e+00
  -9.16450401e-01
   4.41324433e-02
   3.65911777e-01
   9.96026207e-01
  -1.75522798e+00
   2.35331823e-01
   2.00331723e+00
   6.64345819e-01
   2.09699494e-01
  -9.96465222e-01
   1.03616377e-01
   5.01805714e-02
  -3.38251012e-01
   4.56205102e-02
   8.41972226e-01
  -7.38237401e-01
   3.81631779e-02
   1.08042909e+00
  -4.45240931e-01
  -3.49271543e-01
  -5.07062599e-01
  -4.78820843e-01
  -1.67691671e+00
   1.20528633e+00
  -6.31837458e-01
   4.99345152e-01
  -1.08464056e+00
  -6.21790393e-01
  -1.30271809e+00
   9.39297170e-01
  -1.17273329e+00
  -9.29458949e-01
   4.39045785e-01
   1.07188627e-01
  -3.39767345e+00
  -4.10544178e-01
  -3.31343564e-01
  -8.03510155e-01
   2.58959452e+00
  -5.08155886e-01
  -1.41977178e+00
  -1.27926546e-01
  -8.02280654e-01
  -2.63797774e+00
  -1.16852433e+00
  -1.53044667e+00
  -9.92451551e-01
  -5.17631069e-01
   6.62317505e-01
   6.90361506e-02
  -2.13035744e+00
   5.29570755e-01
  -1.14801694e-01
   1.13000309e+00
   4.59683485e-01
   1.69378700e+00
  -1.35394505e-01
  -1.02989988e+00
  -5.31297114e-01
  -8.85728413e-01
  -1.81342921e-01
   3.74816021e-01
  -1.27824697e+00
  -1.52129103e+00
   7.14189678e-01
  -2.21267902e-01
  -1.03988703e+00
   8.59470149e-01
  -6.09534653e-01
  -3.11961041e-01
   6.66325172e-01
   1.48645443e+00
  -1.24484367e+00
   1.78307098e-01
   1.14412121e+00
   1.79153772e+00
   2.69544618e+00
   6.20534549e-01
   1.40868565e+00
  -3.24805812e-01
   1.46141655e+00
   7.51732335e-01
   7.62771561e-01
  -2.14040954e+00
   1.20550061e+00
   1.40520331e-01
   1.04592643e+00
  -7.39215277e-01
  -1.33562032e+00
  -1.97775198e+00
   6.69909521e-02
   1.89422105e+00
   2.08336292e+00
   3.89972130e-01
  -3.77196219e-01
   9.46463188e-02
  -4.78859921e-01
  -1.96527506e+00
   2.53436114e-01
  -1.64084482e-01
   1.70223408e+00
  -8.30162946e-01
  -1.12199849e+00
   4.68777177e-01
  -7.96020929e-01
  -6.82372414e-01
   3.64008735e-01
   2.94069099e-01
  -7.33035492e-01
   1.86157865e+00
  -1.03578158e+00
   1.18831640e+00
  -6.08222991e-01
  -1.59710445e+00
   2.34547694e-01
  -1.05258019e+00
   1.85262346e-01
   1.09740188e+00
  -1.95839750e-01
  -1.62225897e+00
  -4.83618898e-01
  -7.93488829e-01
  -8.24668482e-01
   1.38424942e-01
   1.50204139e-01
   1.53996178e+00
   8.18975261e-01
   9.16334939e-01
  -2.41572528e-01
  -2.38824754e-01
  -1.03599477e+00
  -1.48569989e+00
  -2.68120603e-01
  -8.17855013e-01
   1.03404207e+00
   5.94529607e-01
   2.75664882e-01
   6.57877360e-01
  -9.71502572e-01
   2.66979963e-01
   7.67533390e-01
   6.87218584e-01
  -2.73156013e-01
  -9.04674916e-02
  -1.76929746e+00
  -3.99567826e-03
   6.29275308e-01
   1.03845059e+00
   1.20907371e+00
   5.48582030e-01
   4.41858643e-01
   6.13523257e-01
   2.62548624e+00
   9.98967774e-01
  -1.73827926e+00
  -6.92901850e-01
  -6.18693491e-01
   6.85389175e-01
  -1.34279292e+00
   3.10147906e+00
   1.34256903e+00
   2.22269405e-01
   1.65179193e+00
  -1.76126676e+00
   2.23840289e-01
  -9.90455461e-01
  -2.24791588e-01
   4.93675933e-01
   1.82145274e-01
   2.58713119e-01
   4.42391549e-01
  -5.54389599e-01
  -1.16722214e+00
  -2.56644386e+00
   2.20104743e+00
   2.92978336e-01
  -2.37590593e-02
  -8.03795688e-01
  -7.41690694e-01
   1.42390582e+00
   7.91803344e-02
  -6.19899278e-01
  -3.83581012e-01
  -5.79533957e-01
  -1.52256498e-01
   6.52713711e-01
   4.32171970e-01
  -5.17909496e-01
  -1.06573741e+00
   2.40617626e-01
  -7.72676894e-01
   6.18305107e-01
  -4.07820849e-01
  -1.80072870e+00
  -3.98366163e-01
   7.23272413e-01
  -6.57922840e-01
   5.35786627e-02
   2.36678916e+00
  -2.12133031e+00
   6.03296684e-01
   1.59640475e+00
   5.76859930e-01
   1.68120912e+00
   5.81583008e-01
   9.34873306e-02
   7.64919582e-01
   4.29104894e-01
   8.65634387e-01
  -8.63605408e-01
  -4.42937513e-01
  -6.89123002e-01
  -1.25000373e+00
   1.07896686e+00
   3.33428118e-01
   1.17933285e+00
   3.07439126e-01
  -1.40459234e+00
  -8.58559736e-01
  -1.74471225e+00
   7.70416212e-01
   1.51397511e+00
  -1.54157618e+00
  -1.02852950e+00
  -2.11216841e+00
   2.17839478e+00
   1.68624843e+00
   5.71806153e-01
   7.26400085e-01
  -1.35240628e+00
  -3.03956948e-01
   2.14800263e+00
   6.11818797e-01
   2.92026905e-01
   4.03633837e-01
  -1.83272690e+00
  -5.75862925e-01
   9.12042190e-01
   1.81499905e+00
  -2.41099663e+00
  -2.18687107e+00
   1.12190509e-01
  -8.44337440e-01
   1.10409141e+00
  -1.70607527e+00
  -1.11654747e-01
   3.61436871e-01
   1.75001717e+00
   7.45871696e-01
   1.62581038e-01
  -1.31173790e-01
  -6.21911913e-01
  -8.13695659e-01
  -8.49814691e-01
   7.23601207e-01
  -1.52724479e-01
  -3.06347557e-01
  -8.78822491e-01
   1.58825012e+00
   2.46113279e-01
  -1.29061342e-01
   7.29892133e-02
   5.61796357e-01
  -1.87571720e+00
  -1.11210547e+00
  -8.47989134e-01
  -7.17257204e-01
   1.22115291e+00
   3.67479507e-01
  -1.15906092e+00
   5.14126666e-01
   2.27496690e-01
  -1.78637129e+00
  -2.62237784e-01
   1.78750548e-01
   1.32434141e+00
  -1.15190561e+00
  -4.97588915e-01
  -3.40891653e-01
  -5.46226359e-01
   1.55435050e+00
  -4.20144303e-01
   1.84291500e-01
   1.23107382e+00
  -1.89150494e-01
  -7.02729241e-01
  -4.54099735e-01
   1.37372329e+00
   6.48732446e-01
   9.74555534e-01
  -4.54371596e-02
  -1.29908708e+00
   8.98947709e-01
   9.76209850e-01
  -2.70229970e-01
  -4.79850896e-01
  -1.70171358e+00
  -5.26782155e-01
   1.64253285e+00
  -2.14850659e-01
  -2.22353520e-01
  -1.07532969e+00
   2.13570702e+00
   2.21238317e-01
   2.02825908e+00
   4.39036841e-01
  -6.07054477e-01
  -6.02842943e-01
  -8.57542480e-01
  -9.37030542e-01
  -9.41665057e-01
   5.03289530e-01
  -2.40681132e-01
   9.69721899e-01
  -5.55510257e-01
  -9.08592230e-01
   5.68669651e-01
  -1.00993543e+00
  -5.05908867e-02
   1.63645749e+00
  -1.10227692e+00
  -1.63053235e+00
  -7.81920516e-01
  -1.46027111e+00
  -1.63111035e+00
  -6.91452252e-01
   6.64307140e-01
  -9.31830166e-01
   1.04983993e+00
   2.60683829e-01
   2.05039519e+00
  -1.46649335e+00
  -1.20289899e+00
  -7.24633738e-01
  -2.75724597e-01
  -1.39749943e+00
   1.06427633e+00
  -2.37849396e-01
  -8.21793633e-01
  -2.05225105e-01
   4.03130848e-01
   1.56306047e+00
  -6.99052015e-01
   3.94409109e-01
   5.31869032e-01
  -6.92637528e-01
   1.08938902e+00
  -1.84616431e-01
  -1.38954200e+00
   1.57302423e+00
   9.01724054e-01
  -2.37698730e-01
   9.72363112e-01
   9.19577672e-01
   6.31118311e-01
   5.16998446e-01
  -3.20754722e-01
   8.34224615e-01
   1.94789389e+00
  -6.56251814e-01
   1.36197919e+00
  -3.97944474e-01
   1.04303925e+00
  -7.35621843e-01
   1.47761806e+00
   4.07130387e-02
  -8.86152995e-01
  -4.43708012e-02
   9.41215794e-01
   1.30496617e+00
  -1.38165458e+00
  -9.20014208e-01
   3.60775576e-01
   1.35963424e+00
  -1.55235854e-01
   9.58966447e-01
   8.00857796e-01
   5.51352565e-01
   1.26945879e+00
  -4.16791959e-01
  -8.79225313e-01
   2.26745939e-01
  -2.29349191e+00
   8.95341463e-01
  -9.49945429e-02
   1.94136016e-01
  -1.50582944e+00
  -2.37215311e-01
   1.56326730e+00
  -1.55177851e-01
  -2.41486201e-01
  -1.48652338e+00
   2.24135698e-01
  -7.27062491e-01
  -1.18278143e-01
   1.04069069e+00
   1.41738118e+00
   1.17797802e+00
  -1.33886379e+00
   1.68150523e+00
  -8.25771353e-01
   9.38964327e-01
   1.24671946e+00
   1.71821908e+00
   5.59291837e-01
   8.29620086e-01
   1.86187843e+00
  -5.00375341e-01
  -1.38127102e+00
  -2.80395675e-01
   7.44796190e-01
  -5.73016732e-01
  -3.80428877e-01
  -1.24229977e+00
   1.51104094e+00
  -1.00421452e+00
   2.08767460e+00
  -1.07334457e-01
   1.36500277e+00
  -2.34237430e+00
   8.25583976e-01
  -1.10568213e-01
  -2.30744182e+00
   1.82112972e+00
  -1.59710746e+00
  -9.77389690e-01
  -1.09513158e+00
  -1.34158699e-02
  -4.89235516e-01
  -1.01650046e+00
  -3.34499258e-01
  -4.94961686e-01
  -6.35537194e-03
   5.10944074e-01
   1.17612619e+00
   5.68709271e-01
   1.01589736e+00
  -1.60167214e-01
   1.69412345e+00
  -8.55792675e-01
  -1.31368031e-01
   2.23457172e+00
   6.92655326e-01
   5.18017172e-01
  -3.58628796e-01
   9.85626772e-01
  -1.50611233e+00
   3.43358071e-02
   1.28438062e+00
  -1.43762210e+00
   8.93379412e-01
  -2.00881126e+00
  -1.04658084e+00
   1.12279698e-01
  -7.59029956e-01
   4.06205785e-01
  -1.79258057e+00
  -4.00746624e-01
   8.58301289e-01
   2.84399020e-01
   1.13353465e+00
  -4.97495993e-01
   1.29859294e+00
  -1.79695188e-01
   1.10198415e-01
   7.15363604e-01
  -4.60372808e-01
  -5.30079199e-04
  -6.51173590e-02
   1.42204597e-01
   2.54830104e+00
  -9.99980693e-01
  -4.53105363e-01
   2.20269611e+00
   3.74847976e-02
   1.03691665e+00
  -3.15254732e-01
   2.17620126e-01
  -1.19145398e-02
   2.08278641e+00
  -4.33707342e-01
   7.54429798e-01
   2.91987873e-01
  -1.08043737e-01
  -8.39555265e-02
  -1.44942732e+00
  -1.24497725e+00
  -9.08318485e-01
  -1.73321595e+00
   9.20093147e-02
  -5.81673649e-01
   1.12043909e+00
  -1.52610564e+00
   5.71737595e-01
  -4.86117028e-01
  -8.17345958e-01
  -6.48442177e-01
  -2.70192251e-01
  -9.40791170e-01
  -7.93883393e-01
   4.65533282e-01
   5.62336731e-01
  -4.06416000e-01
   8.45735789e-01
   1.01447177e+00
  -7.71806430e-01
  -1.52926442e+00
  -6.01085534e-02
  -2.52241173e-02
  -7.12753895e-01
  -5.99507801e-01
  -3.75851095e-01
   2.12871710e+00
  -8.18478740e-01
   1.02095238e+00
   8.29879600e-01
   6.67425820e-01
   9.41589144e-01
  -1.91906159e-01
  -1.50005476e+00
  -1.26844493e+00
   5.47984802e-01
  -1.12778390e+00
   1.02544951e+00
   1.57115494e-01
  -8.94547821e-01
   6.38791874e-01
  -8.78668056e-01
   7.04685639e-01
   1.43096307e+00
   2.98245217e-01
   1.93446625e-01
   6.65230710e-01
   1.20465979e+00
   2.16032573e+00
  -1.86681027e-01
  -5.70907578e-01
  -7.70481402e-01
  -2.80604567e+00
   1.98501592e-01
   1.15275773e+00
   8.96534662e-02
  -1.50179845e+00
  -3.26163083e-02
   7.75217182e-01
   1.20256964e+00
   5.81242300e-01
  -3.52515508e-01
   6.29778835e-01
  -5.50286216e-01
   2.63472324e-01
   1.88260009e+00
   1.11425431e+00
  -5.13634191e-01
   3.34132018e-02
  -5.86843742e-01
   1.28727134e-01
   7.58706584e-01
   8.73731662e-01
  -1.16614908e-01
   2.63415560e-02
   2.04359596e+00
   9.59889477e-01
   1.54183085e+00
  -1.05338073e+00
   9.68911056e-01
   2.96826045e-01
  -5.67897895e-01
  -2.39242358e-01
  -1.50053854e+00
   1.59587532e+00
   4.68714370e-01
   6.41012369e-01
   6.51526393e-02
  -5.23075768e-03
   2.88636200e+00
   2.49665358e-01
  -1.37142952e+00
   1.74270155e+00
   1.17237791e+00
   3.72723547e-01
  -7.72008556e-01
  -7.30438470e-01
   3.23894725e-01
  -3.15129080e-01
  -8.49928254e-01
  -1.88832838e-01
  -2.04186538e+00
  -5.20942519e-01
   9.38078996e-01
   3.93781443e-01
  -2.21086122e+00
  -1.00318796e+00
   5.42192653e-01
   1.05792203e+00
   6.15841264e-01
   5.64933039e-01
  -1.29098721e+00
