  3.57580438e-01
  7.54714488e-01
 -4.02035230e-01
  7.13014074e-01
  6.13630860e-02
  5.03244758e-01
  1.40411463e-01
  4.72383989e-01
 -7.33833372e-01
 -4.08665566e-01
  1.65315742e+00
 -2.91009627e-01
 -9.43375906e-02
  3.41008486e-01
 -4.24714493e-01
 -7.93422898e-01
  1.91415126e-01
  1.27701813e-01
  1.16466580e+00
 -2.03287511e+00
  1.69217093e-01
 -2.91971522e-01
  3.53709020e-01
  5.39386678e-01
  1.00296890e+00
 -1.92831618e+00
  3.04917576e+00
  7.01178852e-01
 -3.67113915e-01
 -3.09423861e-02
 -5.99025807e-02
  2.92713247e-01
 -8.89739358e-01
 -2.17998392e-01
 -8.68957464e-01
 -7.67099684e-01
  1.04196415e-01
  1.82370115e+00
  2.25007511e+00
 -1.94787455e-02
  2.24922537e+00
 -6.21655780e-01
 -1.67564809e+00
 -5.17979758e-02
  2.00728131e+00
  3.64241107e-01
 -1.24211832e+00
 -2.27768377e-01
  7.67252629e-01
  1.50338927e+00
  5.34301682e-01
 -2.07729859e+00
 -1.63358653e-01
 -2.21048099e-01
  1.05925103e+00
 -5.39583208e-01
 -1.97564211e+00
 -8.87763870e-01
 -7.17617286e-01
 -1.45346173e+00
 -6.73958239e-03
  4.95897156e-01
 -5.69302168e-01
  9.17634149e-01
 -8.81394054e-01
  2.12824337e+00
 -8.22180223e-01
  5.21577418e-01
  6.64443242e-01
 -1.96881945e-01
 -1.33959359e+00
 -6.75375501e-01
  2.80316119e-01
 -8.74180448e-02
 -8.88164879e-01
 -2.27034389e+00
 -7.89408082e-01
  4.74972780e-01
  1.25468256e+00
 -2.40900774e+00
  1.35151515e+00
  5.05491627e-02
 -3.51181001e-01
 -5.91076484e-01
  1.21732092e-01
 -1.03567183e+00
  1.47668847e+00
  2.51476322e-01
 -1.02144526e+00
 -1.15345463e-01
  3.10103221e-01
 -1.12449663e+00
 -1.03170781e+00
  4.05129649e-01
 -3.58996204e-01
  5.88210927e-01
 -3.01192277e-02
 -2.00645255e+00
 -1.96058602e-01
 -1.35361443e+00
 -3.62320174e-02
 -2.63997968e+00
  5.28932070e-01
 -7.89979727e-02
  1.05628429e+00
  1.68941407e+00
  5.82681647e-01
 -8.31960831e-01
  1.16860922e+00
 -2.93804177e-01
  1.78481461e-01
 -3.49165771e-01
 -7.56558310e-02
 -8.79783785e-01
  1.03591232e+00
  8.46885853e-01
 -9.11092574e-01
  4.58465615e-01
 -1.41525437e+00
 -4.54556892e-01
 -1.10012190e+00
 -8.94632171e-01
  1.34462079e+00
 -1.21018442e+00
 -4.19781602e-01
  5.64349623e-01
  1.32513740e+00
 -8.38755369e-01
 -7.98706127e-01
 -2.66512554e-01
  1.36619649e+00
 -9.83619495e-01
 -4.49197066e-01
  1.78250971e-01
 -3.55427336e-01
  1.19184900e+00
  1.69343457e+00
  5.69618616e-01
  1.44679180e+00
 -7.00708414e-01
  5.52726014e-01
  4.14840930e-01
  3.99253686e-01
  9.72117922e-01
  1.83484097e+00
 -9.13920510e-01
 -2.39735087e-01
  9.27051215e-01
 -5.20835116e-01
  9.31389391e-01
 -3.18470076e-01
  6.95896208e-01
 -4.32343869e-01
 -1.31616548e+00
 -4.03479580e-01
  6.84989016e-01
 -3.43612367e-01
 -1.44388060e+00
  1.46428352e+00
  9.66719049e-01
 -1.13238602e+00
 -1.26613885e+00
  1.63147899e-01
 -7.83278924e-01
 -1.36156648e+00
 -9.02320681e-01
  3.72719832e-01
 -8.09082120e-01
 -9.34470501e-01
  9.05720322e-01
 -1.25882144e+00
 -5.68453090e-02
 -1.33054529e+00
 -5.49286039e-01
  3.29522921e-01
 -1.17374391e+00
  6.40003767e-01
  1.70247339e-02
  1.42485603e+00
 -1.18408636e-01
  7.53541646e-01
  5.49340473e-02
  3.53038080e-01
 -1.54826016e+00
  4.13914318e-01
  7.26864921e-01
 -8.87337288e-01
  1.01176630e+00
  1.69211340e+00
  8.77359555e-01
  9.86385598e-01
 -1.69659467e+00
  1.53492503e-01
 -8.61771131e-01
  3.43430058e-01
 -7.46395864e-01
 -7.16954710e-01
 -1.02947731e+00
  7.13173218e-01
 -9.31952437e-01
  9.92051974e-01
 -5.96338660e-01
  4.20944662e-01
  1.24829608e+00
  2.09829491e+00
 -8.76980826e-01
 -3.31027267e-01
  1.71256577e-01
 -1.19839944e+00
  9.84511648e-01
 -1.45700640e+00
 -3.40752057e-01
 -1.23425482e+00
  1.05014544e+00
 -1.22757553e+00
 -1.52396144e+00
 -1.18543374e-02
 -1.73147576e-01
  3.21448018e-01
 -7.06153609e-01
 -9.71906091e-01
  4.34005165e-01
 -2.70958646e-02
  7.30957686e-01
 -3.48998450e-01
  5.20491984e-01
 -3.06856082e-01
  5.53338974e-01
 -7.25222775e-01
 -5.79110014e-02
 -3.06583835e-01
 -6.11283008e-01
 -2.12782646e+00
  1.38462958e+00
 -8.68484627e-01
 -1.25225706e+00
  1.04627078e+00
 -1.23522607e-01
  1.39563483e+00
 -1.83931295e+00
  6.09303125e-01
  3.81898243e-01
 -1.63377508e-01
  6.98142816e-01
  1.04556982e+00
  3.81880447e-01
  1.28957898e-02
 -6.41221701e-01
 -5.11577818e-01
  3.93377672e-01
 -1.10317411e-01
  4.62421973e-01
 -1.27494188e+00
 -1.83013673e+00
 -2.41682967e-01
 -4.89983846e-01
  1.59467749e+00
  4.06913844e-01
  4.14513660e-01
  1.91966401e-01
 -1.12406574e+00
  6.53126186e-01
 -2.13693981e+00
 -1.38972263e+00
 -1.10601286e+00
  7.82287500e-02
 -1.88236620e-01
 -6.87690867e-01
 -9.49630216e-01
  5.25098304e-01
  2.24208150e-01
  1.81947809e+00
  7.99750323e-01
  1.38985749e+00
  2.69437158e-02
  9.11552544e-01
  4.27018768e-01
  1.77724016e+00
 -4.15195833e-02
 -1.14696684e-01
  1.12974283e-01
 -1.09906110e+00
  1.09818170e+00
 -2.20536187e-01
 -1.61595102e-01
  1.23074747e+00
  5.91966360e-01
 -1.10771174e+00
 -2.06355232e+00
  4.82409843e-01
 -1.22785793e+00
 -1.67259692e+00
  4.30107751e-01
 -4.64829725e-01
  1.94036767e-01
  4.36790154e-01
 -3.14068136e-01
 -1.34888767e+00
  1.06889042e+00
 -1.51325911e-03
 -2.43892327e+00
  4.77714781e-01
 -6.85686768e-01
 -4.02724453e-01
  1.45170133e-01
 -1.06446435e+00
  2.20562527e-01
 -6.44437096e-01
  7.78214300e-01
 -1.61614311e+00
  1.02386099e-01
 -2.93189772e-01
  2.40879774e-01
 -1.97969748e+00
  4.62081515e-01
 -9.22599373e-01
  4.00491131e-01
 -4.46142979e-02
  1.30516328e+00
  5.05007853e-01
  1.38998327e+00
 -9.30038192e-01
  3.03106968e-01
  3.74912820e-01
  1.63295206e-01
  8.87038849e-01
  1.88069678e+00
 -3.44777727e-01
 -6.98278728e-01
 -3.69004192e-01
 -1.07525072e-01
 -7.90868830e-01
  6.24129861e-01
  2.22438451e+00
 -4.33456017e-01
 -1.27059864e+00
  6.42107418e-02
  2.04737918e+00
 -3.09095966e-01
  1.69626061e+00
 -1.48909975e+00
  2.66905486e-01
  3.86010404e-01
  9.79817972e-01
  8.86036761e-01
  8.60555971e-01
  1.02134588e-01
 -1.03713304e+00
 -1.25761839e-01
 -1.40077640e+00
  5.91873553e-02
 -3.66680142e-01
  4.37878394e-01
  3.40507925e-01
  1.46120706e+00
 -9.96378971e-01
  4.68133723e-01
  5.12251277e-01
  1.35270756e+00
  1.12734113e+00
  6.95303004e-01
 -7.53081155e-01
 -2.33650319e+00
  5.09544946e-01
  7.17050148e-01
  1.55712143e-02
 -8.55222504e-01
 -1.36176830e+00
  7.80963235e-01
  1.37035058e-01
 -1.82147026e-01
  1.59562240e+00
  1.39228711e+00
  2.51300178e-01
  2.86785620e+00
  1.25909021e+00
  1.30933916e-01
  1.13065955e+00
  1.67189377e+00
  4.22929252e-02
  1.86929689e+00
  6.16861263e-01
 -1.76826479e+00
  1.72451576e+00
  1.76129747e-01
 -4.48117851e-01
 -5.35953886e-01
 -7.85386799e-01
  9.02257805e-01
  8.10855064e-01
  1.23935299e+00
 -1.25589565e-01
 -5.30439306e-01
  6.47819832e-01
 -3.89720949e-01
 -2.84481524e+00
 -4.28181855e-02
 -1.54802482e-01
 -1.67556917e+00
 -2.25242906e-01
  1.79393829e+00
  1.09423847e+00
 -1.66918232e+00
  9.38341797e-01
  1.43547767e+00
  1.10245449e+00
 -1.26689402e-01
 -3.14781152e-01
  5.14198420e-01
 -6.43937517e-01
  1.89217310e+00
  1.15320073e+00
 -1.43485314e+00
 -5.00793846e-01
  3.88112891e-01
 -2.02403273e+00
 -9.72758598e-01
 -7.99305091e-01
 -9.63027867e-01
  4.31493979e-01
  2.35635081e-02
  4.36061879e-01
  7.18653131e-01
  1.43318216e+00
 -1.02374995e-01
  3.71641240e-01
  2.85165253e+00
 -1.42858433e+00
 -1.21504651e+00
  4.70285675e-01
  6.14596796e-01
  1.39636042e+00
 -5.08071681e-01
  8.40024823e-01
  1.20815063e-01
 -1.67248014e+00
  6.45200046e-01
 -6.44195749e-01
  1.59895316e-01
  7.39951197e-01
 -6.66606215e-01
 -4.34908620e-01
  1.28655814e+00
  6.24811858e-01
 -6.58396827e-01
 -1.34654948e+00
  9.97237381e-01
  8.12513761e-01
  1.62401575e+00
  5.19813050e-01
 -8.53914240e-01
 -1.00106401e-02
 -4.96018079e-01
 -2.97119949e-01
 -1.53183411e+00
 -1.45216787e+00
  8.90557221e-01
 -1.22067086e-01
 -1.56880081e+00
  3.03718326e-01
 -1.95774499e+00
 -2.17145114e+00
  8.67679903e-01
  6.40666668e-01
  1.52645897e+00
 -7.31249840e-01
  7.01406761e-01
  9.21424343e-01
  9.02981684e-02
  9.62097293e-01
  5.17417257e-01
  1.53129247e+00
 -1.17335219e+00
  1.49629028e-01
 -5.82992947e-01
  8.43864302e-01
  9.40328946e-01
  9.18502171e-01
  9.80847094e-01
 -5.30026517e-01
 -1.82214629e-01
 -8.61129455e-02
 -1.13302599e+00
 -1.92787192e+00
 -1.51728404e+00
  1.29649810e+00
 -1.30809843e+00
  3.27932946e-01
 -2.88293411e-01
  7.47101419e-01
 -1.42524490e+00
  2.04274151e-01
 -6.31539847e-01
  1.66419248e-01
  2.17734990e+00
  1.87782337e-01
 -3.71162390e-01
  1.21538002e-01
  7.58460479e-01
 -1.07657299e+00
  2.43883459e+00
 -1.83756179e+00
  3.74964931e-01
 -6.84206483e-01
  7.23265594e-01
 -6.78966227e-01
  3.01644105e-01
 -1.39209999e+00
 -2.41045985e+00
  5.35740864e-01
  4.28294026e-01
  1.02620778e+00
 -5.68169886e-01
 -4.66744815e-01
  1.29310785e+00
 -1.00233466e+00
  1.35701666e+00
 -4.80112054e-01
 -1.48772304e-01
 -4.48407732e-03
 -2.05950491e-02
  1.60889854e+00
 -9.40566938e-01
 -2.48625710e-01
  1.59796297e-01
 -1.64907229e+00
  2.26862088e+00
  6.94206705e-02
  1.81879579e+00
  2.48684892e+00
  1.03039367e+00
  3.53368059e-01
 -8.08978296e-02
 -2.10527568e-01
 -5.98585525e-01
 -4.25235041e-01
 -1.50753155e+00
  3.24732630e-01
 -1.03417996e+00
  2.64964011e-01
 -9.20594471e-02
 -5.82410430e-01
  1.45180123e+00
 -9.94456146e-02
  7.43433223e-01
  9.72920599e-01
 -1.08014632e+00
 -8.21250074e-01
  1.50867554e+00
 -5.79946610e-01
 -1.08911732e+00
  8.62493205e-01
  4.31467719e-01
 -7.22679076e-02
  1.99520167e+00
  7.56642076e-02
 -3.65055141e-01
 -2.32485095e-01
 -8.05243761e-01
  2.01756247e-01
 -1.32980969e+00
 -1.19595347e-01
  3.94353522e-01
 -1.07211441e+00
  5.72919889e-02
 -2.92069525e-01
 -6.01287795e-01
 -4.19510477e-01
  5.55664736e-01
 -1.08232445e+00
  4.67471586e-01
 -3.67681728e-01
 -7.45863116e-01
  1.15925501e+00
 -4.71978419e-01
  2.29414673e+00
 -3.45388856e-01
 -7.20009469e-01
 -1.95729719e+00
 -2.22227103e-01
 -3.13129728e-01
  2.53739658e-01
 -7.72455174e-01
  1.50002458e+00
 -1.14431707e+00
  6.06095828e-01
 -1.30401469e+00
 -6.20822992e-01
 -6.05009025e-01
  4.12949745e-01
 -1.16830401e+00
 -8.67096701e-01
  1.78946801e-01
  9.18273270e-01
  1.84438732e-01
  1.10241243e+00
  1.64214852e+00
  2.80220663e-02
 -1.27682256e+00
 -1.46777931e+00
 -2.78737306e-01
  1.87740796e+00
  9.82089439e-01
  1.21259914e+00
 -3.37553860e-01
 -7.70296648e-01
  1.06740032e+00
  1.20890101e-01
  5.38380502e-01
  9.19532707e-02
  7.83066797e-01
 -1.74597996e-01
  1.47200183e+00
 -2.59825691e-01
  1.30446922e-01
 -4.86994328e-01
 -7.57591092e-01
  7.68996315e-01
 -4.15225843e-01
  5.13719256e-01
  7.06765126e-01
 -1.03783848e+00
  9.83005716e-01
  1.13550839e+00
 -9.40096249e-01
 -7.02666796e-01
  7.91440476e-01
 -8.31339210e-01
  8.09050739e-01
 -6.51705356e-02
  2.86485860e-01
  1.39359569e+00
 -1.83435002e+00
 -6.62408103e-01
 -6.41865055e-01
 -1.60504711e+00
 -1.19675766e-01
 -1.13264707e-01
  1.65118340e-02
  1.59439409e+00
  2.20684982e-01
  3.24812530e-01
  5.65582555e-02
 -3.96288531e-01
 -4.91909852e-01
 -1.83163650e-01
  1.96998412e+00
 -1.16555855e+00
 -8.79378376e-02
 -9.96153466e-01
 -1.61367400e+00
 -2.81969443e-01
  1.25833748e+00
  1.65172424e+00
  4.10933332e-02
 -6.23037164e-01
 -9.10852173e-02
 -5.71171804e-01
 -1.19740837e+00
 -2.17115977e+00
 -9.34643232e-02
  3.95912937e-01
  3.91724737e-01
  3.06785802e-01
  2.32783621e-01
  2.00765845e+00
  1.03266020e+00
 -5.30801421e-01
 -1.03103143e+00
 -4.21815466e-02
  8.37201276e-01
 -1.39185268e+00
 -5.11121669e-01
  1.51234815e+00
 -1.72912141e+00
 -9.03848400e-01
  7.36679863e-01
 -2.80436600e-01
 -2.92122069e+00
 -1.63118536e+00
 -1.38677536e-01
 -1.36360407e+00
  5.32439464e-01
  1.06632144e-01
  1.36608731e+00
 -5.68928799e-01
  2.16663930e+00
  5.66933934e-01
 -1.82752337e+00
 -4.39639707e-01
  6.98129121e-01
 -4.81601983e-01
 -8.01015739e-01
  8.64321373e-01
 -1.82345963e-01
 -6.11779109e-01
 -1.21099865e+00
  1.21386628e+00
 -1.13289853e+00
  4.94261451e-01
  6.39351704e-01
  1.25313676e+00
 -8.36087956e-01
 -3.80914233e-01
  4.25853656e-01
  5.42625058e-01
  9.10164654e-01
  7.28200845e-01
 -7.89369874e-01
  3.98836889e-01
 -1.99542653e+00
 -5.10275012e-01
  5.46914166e-01
  6.85409792e-01
  1.31877980e+00
 -1.16288741e+00
  2.30761115e-01
  9.47272228e-01
  7.96036800e-01
  1.01765996e+00
  1.06990009e-01
 -7.40460249e-01
  4.05772912e-01
 -1.80148259e+00
  2.43179026e-01
  9.04485236e-01
  1.58713061e-01
 -1.75659348e+00
 -7.72692305e-01
  7.57855953e-02
  5.66245228e-01
  1.19947022e+00
  3.20194857e-01
 -1.37686942e+00
 -6.48631376e-01
 -5.21925119e-01
 -7.27358810e-01
  7.16141329e-02
  5.21555403e-01
  1.01802689e+00
  6.00103081e-01
 -6.75109316e-01
  1.22647295e-01
  1.53127105e+00
  5.85139929e-01
 -1.25295262e+00
 -1.09292699e+00
  1.01577951e+00
 -6.54142985e-01
 -1.21434490e+00
 -8.73611534e-01
 -8.54285371e-01
  2.02590424e+00
  2.83936334e-01
  1.01787692e+00
  1.51205661e+00
 -1.36721163e+00
 -2.86902789e-01
  1.05549795e-01
 -1.18168718e+00
 -5.37514965e-01
 -8.12022199e-02
 -4.11781228e-02
  5.48633010e-01
 -7.25169211e-01
 -1.74618987e+00
 -9.87139697e-01
 -1.27384971e+00
 -1.13895961e+00
 -4.08332010e-01
 -1.58988439e+00
 -9.06195686e-01
  1.43011048e+00
 -2.24996444e-01
  3.23253928e-02
  1.17577509e+00
 -9.93802422e-01
  3.41708717e-01
  2.16128679e+00
  9.09126553e-01
 -1.67067893e+00
  1.19987400e+00
  5.81229539e-01
  7.83297981e-01
  3.00081653e-01
  1.95390548e-01
 -3.36459828e-01
 -1.16320719e+00
 -1.44411024e+00
  1.06447944e+00
 -1.19566282e+00
  5.75115227e-01
  6.03823623e-01
  1.59499453e+00
 -8.83895449e-01
  5.09371701e-01
 -5.47430074e-01
  4.11009841e-01
  2.56326032e-01
  4.03270550e-01
  1.39330695e+00
  1.44386010e-01
 -8.12515280e-02
 -1.21817618e+00
 -1.22587482e+00
 -1.87755186e+00
  1.66492008e-01
 -1.56298966e+00
 -2.20699295e-01
 -1.52764131e+00
 -1.69613496e+00
 -5.66539068e-01
 -2.18654485e-01
 -5.70681171e-01
 -6.15622774e-01
  3.61471211e-01
  9.30346541e-01
  1.70290209e+00
  6.42904525e-01
 -1.46354790e+00
  4.93577043e-02
 -9.03500268e-01
  2.78353235e-02
  5.27191260e-01
 -1.37177730e+00
  1.60656273e-01
  5.87007864e-01
 -8.64153465e-01
  8.34819072e-01
  7.62412893e-01
 -6.81325762e-01
 -7.88863729e-01
 -1.22334899e+00
  9.90856080e-01
  1.43632385e+00
 -9.76825905e-01
 -1.65852962e+00
 -1.13773187e+00
 -1.17081392e+00
  1.28529072e-01
 -1.22893548e+00
  8.31566843e-01
 -9.00377215e-02
  1.72158233e+00
 -5.53728739e-01
 -2.95346009e-01
 -7.98630152e-01
 -1.35607817e+00
 -9.52043183e-02
  1.71832250e-01
 -7.59176312e-01
  1.79069975e+00
 -5.06861415e-02
  5.12775042e-01
  4.83089906e-01
 -5.06742409e-01
  5.32072778e-01
 -1.46709510e-01
  6.05015105e-02
 -7.07637869e-01
 -1.23276902e+00
  6.88985848e-01
 -1.49629479e+00
  3.00708949e+00
  8.95666933e-01
  3.87949992e-01
 -4.56040346e-01
  1.43485461e-01
  2.58680805e-02
 -7.52777296e-01
 -1.22139585e+00
  6.17488826e-01
 -6.96436179e-01
 -3.48375470e-01
  2.78971564e-01
 -2.92167685e-01
 -1.94587846e+00
  1.36606719e+00
  1.02840907e+00
  3.58757725e-02
 -4.17066282e-01
  6.54501908e-01
  1.02551114e+00
 -3.98449020e-01
 -7.28461300e-01
  8.04788406e-02
  3.45663954e-01
 -1.66023280e+00
 -4.74723505e-01
 -2.22974557e+00
 -1.05560955e+00
  5.55696161e-01
  4.10849786e-01
 -2.62580050e-01
 -2.69872713e+00
  8.07662918e-02
  6.90180009e-01
 -1.06459513e+00
  1.00619543e+00
  6.35020648e-01
 -3.13043434e-01
  1.84961483e+00
 -6.40882900e-01
  7.55368131e-01
  6.97891773e-01
 -4.30492868e-01
 -9.66257444e-01
 -9.00750037e-01
  5.20586124e-01
  1.31907777e-01
  5.61949394e-01
  7.09895827e-01
  2.20681445e-01
  1.79275134e-01
  7.00409421e-01
 -5.06671027e-01
 -7.72426258e-01
 -6.38610077e-01
 -8.62607909e-01
  8.34783343e-01
  1.01693830e+00
  1.73614614e-01
  3.61305455e-01
  6.69085207e-01
  1.00704116e+00
  1.12605334e+00
  2.57190849e-01
  7.19838451e-02
  1.97059366e-01
 -8.60420948e-01
 -8.96743634e-01
  9.21753023e-02
  1.00580792e+00
  7.92612161e-01
 -2.25069207e+00
  4.27838768e-01
  3.84783711e-01
  1.01113626e+00
 -2.01236998e+00
  2.09476008e+00
  3.43507085e-01
  1.53949291e-01
  7.22369224e-01
 -4.58516635e-01
 -1.73109508e-01
 -1.96643180e-01
 -1.20815580e+00
  6.33315391e-01
 -5.29412024e-01
  1.31267530e+00
  1.12511261e-01
 -1.18580382e+00
 -6.44720009e-01
 -7.72682242e-02
  8.95983518e-01
 -8.51026923e-01
  8.94462281e-01
 -1.47537593e+00
 -1.43481859e+00
 -8.64074926e-01
 -4.91195774e-01
  1.81679602e+00
  6.76193122e-02
  1.70081838e+00
  3.47266903e-01
 -9.03076284e-01
 -1.02051322e+00
 -5.11035603e-01
 -1.56023650e-01
 -9.54810942e-01
 -1.75239501e+00
 -8.63780595e-02
  2.48765884e-02
 -9.75916608e-01
  1.00115571e+00
 -6.44140563e-01
 -3.88788198e-01
  1.92614953e+00
  1.16796246e+00
  5.38629857e-01
 -1.32014158e+00
 -3.80697446e-01
 -2.29873154e-01
  9.41289938e-01
 -9.26543160e-01
  5.24601345e-01
  9.62593878e-02
 -7.79732378e-01
  5.06937221e-01
  5.73481403e-01
  1.63489687e-01
 -1.45400353e+00
  1.49568460e+00
 -1.93606085e-02
 -3.90418180e-01
  5.59028805e-01
  1.06725588e-01
  1.29152665e+00
  3.29441724e-01
 -1.26281404e-01
 -6.04375494e-01
  8.75363995e-01
 -5.91372121e-01
  8.90384617e-02
 -1.00210838e+00
  1.08357087e+00
  5.24838427e-01
  8.65405410e-01
 -5.86141546e-01
 -4.06447558e-01
  7.66495812e-02
 -9.95956705e-01
 -2.00972002e+00
 -1.07119316e+00
 -1.24152889e+00
  2.65996395e+00
 -3.47269743e-01
  2.83531500e-01
  5.48089382e-01
 -1.42949817e+00
 -2.36562268e+00
 -4.75600712e-01
 -8.32147401e-02
  2.57662469e-01
  4.29947532e-01
 -7.97809780e-01
  3.84036660e-01
  1.17862033e+00
  5.12508514e-02
  1.37044573e+00
 -2.61606847e-01
  2.45358734e-02
 -1.14092931e+00
  1.04558694e+00
  8.63719476e-01
 -9.76312590e-01
  3.58080405e-01
  8.37679621e-01
 -6.34827560e-01
  3.40203328e-01
 -5.46373559e-01
  7.31049731e-02
 -1.86340865e+00
 -2.32509602e-01
  2.11104988e-01
  2.01495654e+00
 -2.20463816e+00
  1.22821105e+00
 -3.86561615e-01
 -1.69389260e+00
 -1.05572002e+00
 -1.36375435e-01
  1.01832157e+00
  3.17769449e-01
 -4.56665505e-02
  5.06838525e-01
 -1.55601645e-01
  4.72355696e-02
  4.74466212e-01
  1.66788414e+00
 -1.02944397e+00
  3.18751276e-01
  8.86272366e-01
  8.01444292e-01
 -1.49378279e+00
  6.67870717e-01
  3.57216930e-01
 -3.40597066e-01
 -1.91527716e-01
 -2.37430591e+00
  4.23084389e-01
  1.16718560e+00
  8.01459168e-01
  2.50385861e-01
 -8.57786422e-01
 -4.45620616e-01
  1.53451589e+00
  1.27652935e+00
  1.20840337e-03
 -4.54840713e-01
  8.32696529e-01
  3.78764524e-01
  1.70037745e+00
  7.79775385e-01
 -1.22577682e+00
  7.80726515e-01
  2.48113769e-01
 -6.34754725e-01
  3.23002421e-01
 -1.69830141e+00
 -9.99941848e-01
 -1.48159131e+00
 -9.40162097e-01
 -1.26043220e+00
  2.18293396e+00
 -1.38676670e+00
  3.69304474e-01
  1.38767441e+00
  2.12744693e-01
  5.29967931e-01
 -1.17003988e+00
 -1.50031710e-01
  1.73999835e+00
  4.74604703e-01
 -6.09381687e-01
 -1.33767824e+00
 -2.20699836e-01
 -1.20640412e+00
  1.09368412e+00
 -1.19159720e+00
  2.83879158e-01
 -9.12753030e-01
 -3.86935994e-02
  8.05853253e-01
  4.52898896e-02
  1.13003248e+00
  1.13898050e+00
 -5.82762415e-01
 -4.65523214e-01
 -8.38102934e-01
  1.16372083e+00
  6.16841715e-02
 -4.71329970e-01
 -8.41410622e-01
  9.15017014e-01
  7.48825883e-02
  7.99848175e-01
  1.16487517e+00
 -2.14714556e-02
  1.56966086e+00
  4.45728758e-01
  1.57867332e-01
 -8.14611296e-01
 -2.38948577e+00
  1.35276094e+00
  1.25631892e+00
 -5.17957784e-03
 -9.49667657e-01
  7.58813088e-01
 -1.70492739e-01
 -4.58800605e-01
 -1.29653276e-01
 -7.72477761e-01
  3.56138040e-02
 -1.61408408e+00
 -1.02229469e+00
  2.78265454e+00
 -1.14223073e+00
 -5.14816117e-02
 -1.10531091e-01
  1.96662873e-01
 -3.29743009e-01
  5.35613521e-01
 -1.52984988e+00
 -3.95860142e-01
  9.61758251e-01
  7.46023589e-01
  4.69743782e-01
 -2.18213716e-01
 -1.28056492e+00
  6.33761028e-01
 -8.83868279e-01
 -3.48319214e-01
  2.38602915e+00
  5.34726462e-01
  2.31590949e+00
 -1.04504521e+00
 -1.55717862e+00
 -5.69541871e-01
  4.81954421e-01
 -6.39440649e-01
 -2.86473893e-01
 -1.85348377e-01
 -1.04740474e+00
 -2.64634238e-01
  7.42001704e-01
 -2.15258011e-01
 -3.06992145e-01
 -1.27117528e+00
 -5.71848686e-01
  9.88932465e-02
 -6.98721840e-02
  2.13685939e+00
  2.95642874e-01
  2.29382636e-01
  1.18472812e+00
 -1.09592501e+00
  3.49331051e-01
 -3.03071863e-02
  1.17412044e-01
 -1.09746105e+00
 -1.43908558e+00
  5.27365105e-01
  9.09167384e-01
  1.13102409e+00
 -2.95882063e-01
 -1.44577739e+00
 -1.82985180e+00
 -2.53714418e+00
  2.57474661e+00
  6.54608254e-01
  2.97781363e-01
 -4.26267547e-01
 -1.17705626e+00
  3.61093572e-01
 -6.44018833e-01
  4.81444989e-01
 -9.77875204e-01
 -2.69126750e+00
  1.35255449e+00
 -3.96255151e-01
 -1.52018177e+00
 -1.86403727e-01
 -8.66746757e-02
 -6.71258568e-01
 -5.09951832e-01
  3.81020342e-01
 -5.17587528e-02
 -6.04559905e-01
  8.16140612e-01
 -1.53760647e+00
 -2.48485570e+00
 -1.58211874e+00
 -9.20271608e-01
  2.16035851e-02
  1.27324115e+00
 -1.29511180e-01
 -3.15212788e-01
 -6.30094214e-01
  2.76699009e-01
 -1.71925213e-02
  2.55630004e-01
 -1.27971796e+00
  8.87339799e-01
  1.60500952e+00
 -8.62454507e-01
 -1.93280655e-03
 -1.19885987e+00
  3.78066501e-01
 -1.02122532e+00
 -1.50622006e+00
  7.74269412e-01
 -4.37409648e-02
  5.59706760e-01
  1.21982002e+00
  1.25654998e+00
 -1.21784614e+00
 -5.57142064e-01
 -2.31894211e-01
 -4.83168132e-01
 -4.54104475e-01
  8.49185166e-01
 -4.43866899e-01
 -1.37587255e+00
 -2.94976648e-01
 -2.10342395e-01
  1.84347223e-01
 -6.98274520e-01
 -1.22343168e-01
  1.19961045e+00
 -1.03824592e+00
 -1.73622394e-01
 -9.27653134e-01
  1.14803328e-01
 -2.34987137e-01
  9.91282122e-01
  2.22896756e-01
  5.64155295e-01
 -4.86222228e-01
 -8.69926341e-01
 -1.64429544e+00
 -4.44399835e-01
 -2.58948650e+00
 -2.48859903e-01
 -9.91514619e-01
  1.01051205e-01
  1.01997199e-01
 -6.55878847e-02
  5.69899532e-01
  3.04078611e-01
  1.34651513e-01
  1.96981675e-01
 -4.68798366e-02
  3.18587646e-01
  3.29757433e-01
 -4.34796928e-01
  1.12837011e+00
  1.04010082e+00
 -2.64690753e-01
 -1.88536287e+00
 -8.60177889e-02
 -3.34502106e-01
 -4.34448767e-01
 -8.50356106e-01
  1.82763886e+00
  1.02362479e-01
 -9.47560057e-01
  1.45309972e+00
 -5.10087404e-01
  4.83427975e-01
 -2.90195396e+00
 -4.18443329e-01
 -8.24805172e-02
  2.53402459e-01
  9.99064329e-01
 -9.50067590e-01
 -6.21713062e-01
 -1.70338135e+00
  2.10301098e+00
  1.09873745e+00
  8.96325154e-01
 -1.12263183e+00
 -8.25307985e-02
  4.54021447e-01
 -7.93296752e-01
  1.43583485e+00
  3.70432374e-01
  6.71918531e-01
 -3.24500338e-02
 -1.03595928e+00
  9.34800171e-01
  6.70585820e-01
 -5.46755565e-01
 -1.09402382e+00
 -4.71171442e-01
  8.90922301e-02
 -9.88562682e-03
  4.30140370e-01
  3.56449201e-01
 -1.59725810e-01
 -1.31752512e+00
  1.94908622e-01
 -2.29048258e+00
  8.49846541e-01
  8.10550346e-01
 -1.13767388e+00
  1.19481440e-01
 -1.92802342e+00
 -2.36802420e-01
 -1.53849635e+00
  1.19789644e+00
  2.59588718e-02
 -7.64448149e-01
  3.85758103e-01
 -2.27926702e-01
  3.79188705e-02
 -8.66799755e-01
 -7.84380229e-01
 -9.62864449e-01
  1.73614548e-01
 -1.97584859e+00
  6.97611786e-01
  5.37818912e-01
  5.38851694e-01
 -5.46098485e-01
 -1.84150921e+00
  1.95243824e-01
 -6.05265307e-01
  1.59733918e-02
  1.15580979e+00
  1.04165154e+00
  9.77454999e-01
 -1.37358574e+00
 -6.74212624e-01
  6.43947604e-02
  1.15347682e+00
 -4.12557172e-01
 -1.27700017e+00
  1.40893814e+00
 -1.72477230e+00
 -1.66973780e+00
 -7.97800910e-01
  3.50178950e-01
 -4.65033063e-01
 -2.00657339e+00
  2.09268593e-02
  1.97723547e-02
  1.70874992e-01
  6.97781823e-01
 -1.23153681e+00
  1.05130785e-01
  9.69555790e-02
 -7.97462698e-01
  7.78386826e-01
  6.97265594e-01
  7.53735196e-01
  8.01010630e-01
 -6.61962059e-01
 -1.02174324e+00
  6.23512040e-01
  4.92155167e-01
  2.83738724e-01
 -4.57990867e-01
 -7.56423656e-02
 -4.00750950e-01
 -6.95692750e-01
 -1.84079979e-01
  1.84692250e-01
  1.83449585e-01
 -1.54557355e-01
  6.34368535e-01
  3.70724265e-01
  1.71787906e-01
  8.41957689e-01
  1.59227128e+00
 -1.17265718e-02
  4.10405233e-01
 -1.51081605e-01
  1.87998263e+00
  9.55556213e-01
  1.45319787e+00
  1.72585492e+00
  9.76418079e-01
 -3.80153935e-01
  1.90215528e-01
  3.32989386e-01
 -5.89771271e-01
  5.09774802e-02
  2.22975860e-03
 -8.27374064e-01
 -4.44398024e-01
 -1.06049102e+00
 -2.51239699e+00
  1.12412713e+00
  2.39847203e+00
  7.32494596e-01
  1.07330411e+00
 -1.11888615e-01
 -6.42473861e-01
 -9.50519090e-01
 -6.01068018e-01
 -5.13533377e-01
 -6.00746665e-01
 -1.25864144e+00
 -5.30323048e-01
 -3.62477726e-02
 -1.32329835e-01
 -6.85766404e-01
  3.70092350e-01
 -1.31193091e+00
  1.45898244e+00
  1.63235840e-01
 -1.24129562e+00
  3.14457668e-02
 -2.23695469e-01
 -1.01503202e+00
  7.27372194e-02
  1.02915936e+00
 -2.62515301e-01
 -1.59009630e+00
  5.61374029e-01
 -1.83890206e-01
 -4.65541509e-01
  1.52684277e+00
  6.47826878e-02
 -8.88961198e-01
 -1.00949341e+00
 -8.72076095e-01
  8.68750539e-01
 -6.30990863e-01
 -4.81938931e-01
 -1.29521559e-01
 -1.22300666e+00
 -5.40951164e-01
 -2.12954625e-01
 -4.63397279e-01
 -5.64719718e-01
  1.49868409e+00
  3.83237086e-01
 -3.16403523e-01
  1.12293607e+00
 -5.32568021e-01
  1.49402788e+00
 -4.16790460e-01
 -1.50086610e+00
  2.03063644e-01
 -2.41224617e-01
  1.37344641e+00
 -9.01324951e-01
  8.27416935e-01
  1.16700364e+00
  3.96487855e-01
  8.73568964e-01
  9.53343730e-02
  2.77776019e-01
 -1.27080349e-01
  3.83118765e-02
 -1.23189638e+00
  8.65250728e-01
 -1.11330025e+00
  5.11816852e-01
 -4.83938835e-01
 -9.48682598e-02
  8.76488996e-02
 -3.74165145e-01
  1.16104317e-01
 -6.36333052e-01
  2.03994365e-01
  3.54471645e-01
 -1.41851214e-01
  5.42602203e-01
  5.23749737e-02
  8.18637746e-01
  1.07850175e+00
 -1.75072787e+00
 -7.74906364e-01
  8.15941205e-01
  6.11049096e-01
  1.10934204e-01
 -1.14022966e+00
  1.14534787e+00
 -3.00874991e-01
  1.45639289e+00
 -1.08556972e+00
  1.88566644e-01
 -1.80078808e+00
  5.04196152e-01
  2.32445145e+00
 -2.83612170e-01
  2.21569847e-01
 -3.33304302e-01
 -2.48384282e-02
  1.00791242e+00
  4.00752377e-01
  1.17292370e+00
  2.84841056e-01
  1.34278552e-01
 -2.16930520e+00
 -1.18820798e+00
  1.37752038e+00
  9.00824717e-01
  3.62824836e-01
 -1.51087811e+00
  2.27548012e+00
 -1.37439454e+00
  6.31031750e-01
 -1.05514447e+00
  2.72298687e-01
  7.30228945e-01
 -1.07502110e-01
  6.34375453e-01
  3.11439770e+00
 -2.94889449e-01
 -1.27861431e+00
 -8.09100909e-01
 -5.28911815e-01
  9.76554702e-01
  2.04746508e-01
 -1.51836979e-01
  6.80973498e-01
 -6.41310324e-01
  3.26900651e-01
 -8.92483590e-01
 -1.85248168e+00
 -2.68462255e+00
  8.27241983e-01
 -8.59123920e-01
 -1.51068428e-01
  5.46795171e-01
  1.14367688e-01
  1.09562305e+00
 -5.93487322e-01
  6.06648466e-01
  1.42434538e+00
 -1.15570804e+00
  7.54241266e-01
  1.81232492e-01
 -7.56704731e-02
  2.79381305e+00
 -3.88321845e-01
  7.56445940e-02
  3.43166201e-01
  9.47241831e-01
 -2.97427327e-01
 -1.78899224e-01
 -1.66896025e+00
  1.30422341e+00
 -4.81531792e-01
 -6.58998546e-01
 -4.83196222e-01
  2.24107193e-01
  9.18746496e-01
 -8.50014173e-01
  7.36357693e-01
  1.01229137e+00
 -4.97930792e-01
 -7.00086743e-01
 -2.14307734e+00
  1.85955139e+00
 -5.13058126e-01
 -1.41953532e+00
 -6.04665588e-01
 -1.23389049e+00
 -1.08916958e+00
 -9.51777350e-01
 -2.76783006e-01
  1.69465404e+00
 -4.56794546e-01
  1.13160551e+00
 -6.85296821e-01
  9.41048407e-01
 -8.66533934e-01
 -8.47327142e-01
  9.92324412e-01
 -5.34269941e-01
 -9.96403634e-01
  1.48892346e+00
 -7.98166114e-01
 -6.21009158e-01
 -1.43405885e+00
 -1.30451003e+00
  4.80298586e-01
  6.14294663e-01
 -2.55371182e-01
 -1.98269265e+00
 -6.08934276e-01
  1.55383442e+00
 -1.69246708e+00
  5.08871485e-01
  8.01213120e-01
  1.36394836e+00
  2.78392165e-01
  7.62707137e-01
  7.47771617e-01
  1.11954359e+00
 -3.49104192e-01
  4.31200100e-01
  1.42444503e+00
  1.31634730e+00
 -2.35753007e+00
  6.40518970e-02
  7.14261144e-01
  1.58918145e+00
 -2.32872073e+00
  6.78200119e-01
  2.67214794e-01
 -9.24948090e-01
  1.56975558e+00
 -5.15233635e-01
  4.78777689e-01
 -2.81300273e-01
 -1.68501391e+00
 -2.38801115e+00
  1.29292081e+00
  1.89723851e-01
  5.31000119e-01
  1.40375448e-01
  1.09214571e+00
  9.20749672e-01
  5.75151915e-01
  1.92792823e+00
 -1.14874838e+00
  7.49074132e-01
  5.94547860e-01
  1.78099914e+00
  7.99923404e-01
  3.56054399e-01
 -3.71709118e-01
  2.41543878e-01
  4.58711572e-01
  1.56553770e+00
 -2.60002878e+00
 -4.56039777e-01
  1.39059496e+00
 -6.75358900e-01
  1.33021104e+00
  8.48343599e-01
  2.29314499e-01
  1.14455270e+00
 -1.12420940e+00
 -2.78372085e-01
 -1.22184134e+00
 -1.39843753e+00
 -3.32220247e-01
 -1.13164107e-01
  1.09232244e+00
 -8.13060278e-01
 -2.57248353e+00
 -8.81231132e-01
 -2.87562445e-01
  2.83645518e-01
  7.58964566e-01
  8.67612826e-01
 -2.10691581e+00
  2.81153562e-01
  2.55981251e-01
 -8.15270461e-01
 -5.15729566e-01
 -5.78614522e-01
 -6.14416726e-01
  6.92345824e-01
  1.81153698e-01
  8.76168136e-01
 -1.24628616e+00
 -5.03086308e-01
  6.61618485e-01
  8.53572770e-01
 -2.97558432e-01
  6.12005135e-01
 -5.18129106e-01
 -1.90957112e+00
  1.16264309e+00
 -7.68786387e-01
 -3.97136676e-01
 -1.38682721e-01
  6.56296617e-01
  1.89464536e+00
  1.10548496e+00
  7.83208711e-01
 -1.05637913e+00
 -4.53874122e-01
 -1.57751326e+00
 -4.56969477e-01
 -1.19137835e+00
  5.06738854e-01
  7.24446348e-02
 -2.30273335e-01
 -6.53516625e-01
 -1.05016992e+00
  4.85458617e-01
 -1.16766408e+00
  1.74095567e+00
 -1.37546597e+00
  1.74729932e-01
 -3.26642286e-01
  2.61245169e-01
  6.97570326e-01
  8.60774642e-02
 -1.48597282e-01
  1.49089950e+00
 -6.60553058e-01
 -1.61261277e+00
  5.48038876e-01
 -1.37344445e+00
 -3.12928124e-01
  1.94407750e+00
 -6.52459973e-01
  4.35093543e-01
 -4.39608026e-02
  9.27505538e-01
  1.77407474e+00
 -1.26637412e+00
  1.79725934e-01
 -2.50546830e-01
  1.03090869e+00
  6.15748489e-01
  5.11411880e-01
  1.68725633e-01
 -2.43915607e-01
  5.47975314e-01
 -1.29130414e+00
  7.34653856e-02
  3.21138407e-02
 -7.02446046e-01
  1.08253321e+00
 -1.27495941e-01
  1.37956176e+00
  1.03035630e+00
 -2.15024523e-01
 -3.17252609e-01
 -1.05841036e+00
 -9.94235333e-01
 -4.36703879e-01
  3.81647205e-01
 -1.07783902e+00
  1.75336203e+00
  2.62475961e-01
  3.98126997e-01
  1.39133841e+00
 -9.44402727e-01
  6.34205854e-01
  1.01458712e+00
 -1.11850450e+00
  9.67685987e-01
  3.03815860e-01
 -1.89464939e+00
 -2.12561986e+00
  1.40885721e+00
  1.66821421e-01
 -6.77456421e-01
 -1.74210962e+00
 -8.26797372e-02
  3.03054556e-01
 -1.74802078e+00
 -7.49454339e-01
 -6.75651340e-01
 -1.04959658e+00
  4.17130327e-01
  7.45581273e-01
  3.97214757e-01
 -4.21255541e-01
  3.52205200e-01
  2.06667470e+00
 -2.80756616e-01
 -7.05926396e-01
 -1.33542264e+00
 -2.74910615e+00
 -5.28148758e-01
  5.63998817e-01
 -2.88525482e-01
  8.59400046e-01
  6.87586093e-01
 -1.32670815e+00
 -9.20687497e-01
  3.48178349e-01
  1.13337156e+00
 -8.20869628e-01
 -5.34399762e-01
 -3.19269663e-01
  1.20186858e-01
 -3.89905255e-01
  1.31357856e+00
 -9.28969977e-01
  5.66735047e-01
 -2.09094197e-01
 -4.67745826e-01
 -1.43092097e+00
  1.02688807e+00
 -5.31041464e-01
 -1.02289123e+00
  1.23360378e+00
  1.39451856e+00
 -5.37919573e-01
 -3.41201102e-01
  7.05535845e-01
  9.85393786e-01
 -5.93851453e-01
  8.24547278e-01
 -1.30267050e-01
 -1.00157198e-02
  1.54753476e+00
 -8.46586018e-02
  2.23416349e-01
  4.26952151e-01
  5.91219705e-02
  1.71122924e+00
  1.47725386e+00
 -7.95847798e-01
  1.92121580e+00
 -6.99725809e-01
 -4.11936580e-01
 -6.01008204e-01
 -1.24786502e+00
  1.50160591e-01
 -1.16064279e+00
  1.16647994e+00
 -9.99644768e-01
  8.45876916e-01
 -1.05267985e+00
 -7.94109538e-01
 -1.66807843e-01
 -1.81823650e+00
  7.68611103e-01
 -6.16299648e-01
 -1.37978711e-01
 -9.85685475e-02
 -1.71729678e+00
  1.14082511e+00
 -9.41589896e-01
  1.08648931e+00
 -7.17550562e-01
 -3.78335202e-01
  1.21218396e-01
 -8.31457407e-01
 -7.35424876e-01
  3.69624256e-01
  3.54659583e-01
  1.33960071e+00
  1.19316739e-02
  4.52444640e-01
 -1.01470742e-02
  2.92953275e-01
 -2.20577293e+00
  9.82297953e-01
 -1.75630149e+00
  7.91199596e-01
 -5.56806491e-01
 -6.83362070e-01
  8.98830931e-01
  6.73350723e-01
  2.04414411e+00
  5.45765242e-01
 -4.99806436e-01
 -9.00200773e-01
  6.53022275e-01
  3.01944902e-02
 -5.46678705e-01
  1.05033634e+00
  6.34728577e-01
 -2.94293730e+00
 -5.53005717e-01
 -3.24253728e-01
  4.02996315e-01
  1.35174572e+00
 -5.21716528e-01
  1.47151293e+00
  7.61423976e-01
  2.03921143e+00
 -4.81920328e-01
  3.26557758e-01
 -8.93897153e-01
  2.97992175e-02
  1.50461649e+00
 -4.20975588e-01
 -1.16302426e+00
 -5.09586389e-02
  1.14900743e-01
 -3.61756933e-01
 -8.46278284e-02
 -7.93861616e-01
  8.48998154e-01
 -8.90572108e-02
  4.96321545e-01
 -1.24348969e+00
  1.98532311e+00
 -9.16662194e-02
  1.31760620e+00
 -6.86561505e-01
  7.57719372e-01
  1.84379640e+00
  2.75742782e-01
 -2.01314948e+00
 -1.05870017e+00
 -8.40086951e-01
  1.46589462e+00
 -1.11943932e-01
  6.02595144e-02
 -3.12876919e-01
  9.17049789e-02
  1.24102849e+00
  2.21865647e-01
 -8.25156869e-02
 -4.61896868e-01
 -3.17441745e-01
 -1.29196418e-01
 -4.50164506e-01
  1.78615922e+00
 -5.77543575e-01
  4.77152195e-01
  1.62495976e+00
  1.41611231e+00
  4.71329610e-01
  4.80134213e-01
 -3.12123362e-01
 -1.74872266e+00
 -8.86287197e-01
  2.44311622e-01
  2.28912293e+00
 -6.41929403e-01
  3.49676857e-02
  2.51129950e-01
 -4.70197564e-01
 -1.79941615e+00
 -2.12877823e+00
  6.56642829e-01
  1.75112324e+00
  2.14986682e+00
 -2.07295968e+00
 -1.59853999e+00
 -1.35995229e+00
  9.73335233e-01
  6.54862129e-01
  3.58084654e-01
 -1.92830873e-01
  3.12702154e-02
  5.58262861e-01
 -9.41516722e-01
  2.06445462e+00
 -1.12873439e+00
  8.99263966e-01
 -3.68078579e-01
  2.89585959e-01
 -9.32956008e-01
  1.37460546e+00
 -9.38488018e-01
 -1.29555190e+00
  5.45308353e-01
 -6.89363961e-02
 -3.87805150e-01
  1.10013789e+00
 -2.25901679e+00
  4.85243196e-01
 -3.99393786e-01
  2.04439318e+00
 -1.59874884e+00
  2.42523403e-01
 -4.24985736e-01
  3.31815061e-01
 -1.42477615e+00
  1.96945840e+00
  4.48999955e-01
  4.87268077e-01
 -1.75654613e+00
  1.09620561e+00
 -1.69825615e-01
  8.74432659e-01
 -1.15852302e+00
  6.64370197e-01
  1.15429528e+00
  2.63524541e-01
  6.44211975e-01
 -1.00060596e+00
  1.51713326e+00
 -4.74468496e-01
  3.93000910e-01
  1.34778260e+00
  1.00248107e+00
 -1.10238619e+00
  5.34128562e-01
 -9.38420616e-01
  9.63784865e-03
  7.32578176e-01
  2.17660391e-02
  3.82497523e-01
 -1.66963702e-01
  5.16717904e-01
 -1.07815641e+00
 -1.20369825e+00
  1.09399404e+00
 -1.34905614e+00
  5.36750504e-02
  1.43491295e+00
 -2.16888364e-01
  1.32153569e+00
 -4.87835580e-01
  1.53886458e+00
  2.99364719e-02
  4.77213824e-01
  1.73008008e+00
  1.64220846e+00
 -1.60177157e+00
 -4.86276556e-01
  7.40670121e-01
 -1.06169498e+00
 -3.40638538e-02
 -6.66174388e-01
 -1.27153053e+00
 -1.61305200e+00
  1.02893016e+00
 -2.07028485e+00
  3.61055585e-01
  1.26371133e+00
 -1.08686206e-01
 -4.02325702e-02
  3.32899191e-01
 -1.22199184e+00
 -3.14371843e-01
  6.46661134e-01
  2.05849185e+00
 -1.14077971e+00
 -1.35835789e+00
 -8.27475946e-01
  7.84386018e-01
 -9.32152865e-01
  1.21055187e+00
 -4.36014339e-01
 -1.28891113e+00
 -1.13744135e+00
 -1.04349556e+00
  7.49993639e-01
  1.76679340e+00
 -8.71474359e-01
 -4.12071707e-01
  5.75774995e-01
 -6.55395456e-01
  2.86385372e-01
 -1.97208420e-01
  1.57040611e+00
 -4.15219027e-01
 -9.71276251e-01
 -1.01342897e+00
 -1.18087499e+00
  3.51855096e-02
  6.53552877e-01
 -3.58172484e-01
  2.51298158e+00
  1.07901102e-01
 -4.21070031e-01
 -1.56224328e-01
  2.69553889e+00
 -1.44918806e+00
 -1.55254145e-01
  7.15330225e-01
  4.74309309e-02
 -9.42935845e-02
 -6.86620776e-01
 -3.60309928e-01
 -5.84155264e-01
  5.57329016e-01
  3.23384542e-01
  6.79498191e-01
  2.34355463e-01
 -8.39301130e-01
  1.96911620e-01
  3.82131054e-01
 -1.61466516e-01
  1.41521406e+00
 -5.40313155e-01
  6.84774173e-01
  2.07535802e+00
  8.35987114e-01
 -2.09909605e+00
 -1.53056163e+00
  6.19228264e-01
 -3.86539696e+00
  4.04168568e-01
  1.07865649e+00
  1.49148755e-01
 -2.06342987e-01
 -3.70070702e-01
 -8.00652633e-01
 -1.39321066e+00
 -9.38351664e-01
 -2.86051609e-01
 -9.06835148e-01
  1.73837769e+00
  6.19071280e-01
  8.87828434e-02
  5.89966967e-02
  4.53475568e-01
 -9.62214107e-01
 -1.42402912e-01
 -5.73629884e-01
  1.76449028e-01
  1.03075497e+00
 -3.56011848e-01
 -8.50129467e-02
  1.44276215e+00
 -1.68142490e+00
  7.15726743e-01
 -8.01081247e-01
 -1.16020414e+00
  1.10523203e+00
 -1.54525941e-01
 -6.44292437e-01
 -8.70218874e-02
 -9.97656144e-01
  2.71775099e+00
 -1.06009578e-01
  1.43772250e+00
  5.01484528e-01
  7.32726355e-01
 -1.95136407e+00
  2.63805071e+00
 -1.27677780e+00
 -5.23253114e-01
  1.59416242e+00
 -1.62523227e-01
 -4.91825687e-01
 -1.20268268e+00
 -4.52625452e-01
 -8.64982953e-01
  1.25483386e+00
 -1.05548695e+00
  4.45831990e-01
 -1.93279827e+00
 -7.09622207e-01
 -2.19968782e-01
 -3.96681989e-01
 -1.88991729e+00
  7.11492948e-01
 -4.13321054e-01
 -6.47874832e-01
 -9.27237740e-01
  5.74293284e-01
  1.65042142e+00
 -9.61965360e-01
 -8.45922288e-01
 -1.77015343e-01
 -7.59368693e-01
  9.91123864e-01
  1.07969982e+00
  1.84137817e+00
 -1.84657620e-02
 -1.97430816e+00
  6.71440132e-01
  2.65208426e-01
 -8.16243614e-01
 -8.83642877e-02
  1.54901634e-01
 -2.37382365e-01
 -2.14805049e-02
 -4.17695493e-01
  8.40720078e-01
 -2.06785713e+00
  1.00131236e+00
 -1.63931445e+00
  1.40113560e+00
  4.28257754e-01
 -4.41119093e-01
 -1.43106167e+00
 -1.04616936e-01
  8.71073404e-01
  4.17471980e-01
 -9.07555384e-03
 -9.08081121e-01
 -1.66160652e+00
 -1.05550270e+00
 -2.05132390e-02
  6.96087945e-02
  1.96865674e-01
  1.45117748e+00
 -1.16504118e+00
 -1.00130440e+00
 -7.26390795e-01
 -1.66605383e-01
  9.01331037e-01
  1.55022203e+00
  5.36891029e-01
 -8.27652904e-02
  1.80470299e+00
 -6.78036790e-01
 -3.63575303e-02
 -2.80657570e-01
  5.07688261e-01
 -1.44740838e+00
 -1.12129808e-02
 -6.36301869e-01
  9.97796626e-01
 -3.72232271e-01
 -6.07529945e-01
  1.15095316e+00
  1.06102664e-01
  1.66354786e+00
 -4.24277049e-01
 -1.33639415e-01
  2.48244145e-01
  1.82577974e-01
  6.35249301e-01
 -4.10352725e-01
 -8.41509673e-02
  1.16023084e+00
 -2.55793158e-01
 -5.71498401e-01
  2.51101196e+00
  4.58446124e-01
 -4.11356054e-02
  1.07849051e-01
  1.27556756e+00
 -3.83409648e-01
  1.14126852e+00
 -6.79580954e-01
 -9.46867483e-01
 -5.81016092e-01
  7.48067299e-01
 -1.14720149e+00
 -2.85483596e-01
  3.05477331e-01
  4.22453624e-01
 -2.67310999e-01
 -1.80836422e-01
  1.66419149e+00
  1.38283627e+00
  7.07823730e-01
  5.62074506e-01
  1.70135378e+00
  2.12810425e+00
  8.74241788e-02
  1.96951559e-01
 -6.00290577e-01
 -2.88163123e-02
 -8.04144425e-01
  2.78669102e-01
 -3.29149964e-01
  1.25524060e+00
  8.09864630e-01
 -1.50037622e-01
  5.68635006e-01
  5.41726831e-01
  5.70323811e-01
 -2.09500909e+00
  7.03961312e-02
  1.26258886e+00
  9.61384574e-03
 -2.27282584e-01
  1.47576738e+00
 -8.22732021e-01
  1.63071415e+00
 -1.06727390e+00
 -1.34633298e-01
 -7.03469347e-01
  2.49372112e-01
 -8.29122677e-01
  7.46748099e-01
 -7.50819485e-01
  2.27212069e-01
 -1.02332566e-01
 -1.93725437e+00
 -1.34297924e+00
  6.43809954e-01
  6.57676124e-01
 -2.94201865e-01
  9.54409916e-01
 -9.68044355e-01
 -6.89204332e-01
 -6.25289728e-02
 -6.19866326e-01
  9.24908914e-01
 -9.13667326e-01
  8.15006552e-01
 -6.12711716e-01
 -5.94552256e-01
  1.00093354e+00
 -1.01140381e-03
  2.72628136e-01
 -2.57666129e-02
 -1.29058056e+00
  9.98245803e-01
  1.05908143e+00
  5.89171901e-01
 -1.54593113e+00
  1.52008358e+00
  1.63907439e-01
 -1.06385645e+00
  5.51669848e-01
 -1.49293379e+00
 -4.32713814e-01
 -5.52848722e-01
 -1.28644296e+00
 -3.47156246e-01
 -1.98723416e+00
  9.77455921e-02
  1.34921850e+00
 -3.14101429e-01
 -3.49334299e-01
  5.24697254e-01
  1.12367693e-01
  2.44372248e-01
  2.75617041e-01
 -3.80180364e-01
 -1.30433190e+00
  6.99296915e-01
  5.15527990e-01
  1.18212827e-01
  9.29161341e-01
 -1.80826932e+00
  4.16318628e-01
 -4.73841425e-02
 -9.10068534e-02
 -1.11169446e+00
 -2.73993524e-01
  1.02362531e+00
 -5.38712393e-01
 -8.41574788e-01
  6.99600142e-01
  1.13363310e-01
 -1.78083116e+00
  9.97816269e-02
  1.20966334e+00
 -4.31497888e-01
 -7.52904108e-01
 -5.22836972e-01
 -9.52931548e-01
  2.09038575e-01
  2.46921181e+00
 -3.39403441e-01
 -1.43914516e+00
  1.44393877e+00
  5.38702535e-01
  9.40662131e-02
 -9.43665687e-01
  1.33715874e+00
 -6.16077791e-01
 -1.01252201e+00
 -7.70400194e-01
 -1.25591788e+00
  4.18125844e-01
  3.24357427e-01
  5.24534710e-02
 -6.17396607e-01
  1.32558216e+00
 -1.62357771e+00
  2.74438735e-01
 -4.26206261e-02
  1.79701306e-01
 -4.07066528e-01
 -1.06346701e+00
  1.28143079e+00
 -7.57107840e-01
  1.17477789e+00
 -7.89148009e-01
 -6.36862255e-01
  7.94710353e-01
  1.31925231e-02
  1.87378862e+00
  4.25607564e-01
  2.65028167e-01
 -6.43114409e-02
 -2.26271452e+00
 -3.79487172e-01
 -8.20294328e-02
  5.59520582e-01
 -3.95821569e-01
 -7.56273568e-01
 -5.45688633e-01
 -5.50109286e-01
 -9.05357837e-01
  7.33644198e-01
  1.18022704e+00
  3.98995093e-01
 -1.11686174e+00
  1.45417893e+00
  1.66540285e-02
 -7.28592567e-01
 -3.32210539e-01
  1.23506337e+00
 -8.23119303e-01
  1.36174000e+00
 -2.85215272e-01
 -2.64513377e-01
 -1.40633006e+00
 -5.50968533e-01
  9.98511518e-01
 -1.15267240e+00
  4.21149635e-01
 -1.74217942e-01
  1.04209778e+00
  1.04935035e-01
  1.87741568e-01
 -2.15959979e+00
  4.70139966e-01
 -1.42187719e+00
 -2.07569077e-03
 -2.60852460e-01
 -1.27242266e-01
  6.70282168e-01
  7.83218829e-01
 -7.32248769e-01
 -8.09150668e-01
  1.00129250e+00
  5.91111428e-01
  6.37821124e-01
  2.29450695e+00
 -3.00865062e-01
  7.17608822e-01
 -1.49114486e+00
  6.50758084e-02
 -3.64942355e-01
 -1.45955455e+00
 -1.00332872e+00
  1.03108883e+00
 -1.48499412e+00
 -1.44739720e+00
 -3.72715087e-01
 -1.75258897e-01
 -3.50326273e-01
 -3.85000527e-02
  4.81312050e-01
  8.97837054e-01
 -1.64315319e+00
 -1.13992426e-01
 -1.47950146e-01
 -2.78478458e-01
 -2.46390884e-01
 -1.79639817e-01
 -1.46382104e+00
  1.47699129e+00
 -7.48409732e-01
 -5.37588719e-01
 -7.86654386e-01
 -2.97346307e-01
  9.18764168e-01
 -1.81413804e+00
 -1.13241317e+00
  1.25099502e+00
  8.70291981e-02
 -7.03960184e-01
 -5.34548637e-01
 -2.50295439e+00
 -1.36022493e+00
  2.79415625e-01
  1.05926522e+00
 -1.23989486e-01
  7.85174582e-01
 -8.15986772e-01
 -1.03975089e-01
  5.01150378e-01
 -2.35612132e+00
  9.80565655e-01
  8.29210894e-01
 -7.71844838e-01
  8.20017759e-01
  6.23656717e-01
  6.08444837e-02
  6.38044491e-01
  1.09082197e+00
 -1.51592861e-01
 -1.57999452e+00
 -1.31993183e+00
  2.04299472e+00
 -5.56813763e-01
  2.09881985e-01
  5.04482831e-01
  4.33207789e-01
  9.31774105e-01
  3.81727506e-01
  8.66139651e-01
  1.33961288e+00
  1.52632372e+00
  1.80624640e-01
