  2.06845154e-01
  1.55000738e-02
  8.24314902e-01
 -1.62211953e+00
  7.12421261e-01
  1.67960277e-01
  4.69888761e-01
  1.61955999e+00
 -1.12323763e+00
 -2.96968148e+00
  3.34409349e-01
  1.13821647e+00
  8.07665083e-01
 -1.12023784e+00
 -1.38582619e+00
 -4.09120895e-01
  4.37091384e-01
  1.27396258e+00
 -8.16246016e-01
  5.15141826e-01
  1.01028751e+00
 -4.65329411e-01
  1.58474188e+00
  1.25501876e+00
 -6.81177587e-01
  1.26546681e+00
 -1.41700475e-01
  3.26121902e-01
 -9.25986357e-01
  9.31834197e-01
 -7.54930812e-01
 -7.91103438e-01
 -9.10274480e-01
  1.06082509e+00
  1.36625764e-01
 -1.32937471e+00
  1.18310171e+00
  4.60349567e-01
  1.43885168e-01
  2.93841608e-01
 -8.96233489e-01
  9.29654028e-01
  1.03153467e-01
 -2.43607016e+00
 -1.49346609e+00
 -9.04175614e-01
  1.63003721e+00
 -3.46880429e-01
 -6.35079315e-01
 -1.46565492e+00
 -4.71351699e-01
  6.37994912e-01
 -2.99590155e-01
  1.13616951e+00
  6.02705739e-01
  7.09856579e-01
  7.72373000e-01
  4.71916983e-02
 -5.75271845e-01
  5.82974556e-01
  7.83963626e-01
 -5.37078158e-02
  8.33323452e-01
 -1.54247655e-02
  8.88338952e-01
 -1.38805931e-01
 -9.09638518e-01
  1.34595749e+00
  1.40393888e-01
  4.70882375e-01
 -1.45202379e+00
  8.40864295e-01
 -2.98716669e-01
 -8.19194633e-02
 -1.12379901e+00
 -6.12590392e-01
 -3.54371141e-01
 -7.66357655e-01
  1.79178781e+00
  8.50796171e-02
  1.49357262e+00
  1.95506450e+00
  5.21664043e-01
 -1.43691402e+00
  8.70455634e-01
 -2.84762988e-01
 -8.94138877e-02
 -1.44550375e+00
 -1.79500886e+00
 -2.30016643e-01
 -4.12838337e-01
 -2.40390908e+00
 -6.32608596e-01
 -8.99369295e-01
 -3.48674324e-01
  1.41105863e+00
  1.84619568e-01
  1.01619821e+00
 -1.30421775e+00
  8.67505036e-01
  1.45065846e-01
 -1.40694233e-01
  3.16463355e-01
 -2.21744297e-02
  1.71365337e-01
  7.55220580e-01
 -1.91625072e-01
  8.14603124e-01
  2.31173637e-01
 -6.23734891e-01
  7.26267742e-01
  1.52344404e-01
 -4.81592082e-01
  1.17747662e+00
 -7.08544503e-01
 -9.67053252e-01
  9.80950424e-01
 -5.02143527e-02
  4.22041808e-01
 -1.27265495e+00
  2.09403630e+00
 -1.61657712e+00
  3.02481202e-01
  1.56447717e+00
 -9.78732103e-01
 -4.34517637e-01
  2.01927585e-01
 -4.80778019e-02
  9.29423239e-01
  8.79461531e-02
  1.19647364e-01
 -1.63133577e-01
 -2.68359712e-01
 -1.29384400e+00
  1.39050096e+00
  3.83841914e-01
 -5.52113962e-01
  1.74369522e-01
  5.89445623e-01
  1.25276717e-01
  1.33382461e+00
 -5.86121616e-01
 -2.33252914e+00
  9.90377761e-01
  2.20955984e+00
  9.67784226e-01
 -3.96899738e-03
 -2.73821554e-01
 -5.07790316e-01
  8.35763820e-02
  1.56413614e+00
  2.08804406e+00
  8.39985059e-01
 -6.02474624e-01
  9.96018527e-01
 -2.05036720e-01
 -2.47279802e+00
 -1.62451786e+00
  5.45206928e-01
  7.46926323e-01
 -4.12607069e-01
 -6.14380929e-01
  3.58852343e-01
  1.28236404e+00
  3.72918347e-01
  1.97073793e+00
  2.34144491e+00
  5.35044341e-01
  1.26634271e+00
  6.60684869e-01
  1.93165109e+00
 -5.70843309e-01
  2.30602568e-02
 -5.91626514e-01
  6.81207421e-01
 -5.07559981e-01
  7.64931186e-01
  5.15580444e-01
  1.74134521e-01
  4.78075606e-01
 -1.75463985e+00
  4.31794386e-01
  5.13688672e-02
 -3.06896763e-01
  4.54087200e-01
  1.62863423e+00
 -4.35471415e-01
 -2.30837692e-02
 -3.30666435e-01
  3.10930897e-01
 -5.12758775e-01
 -3.10204986e-02
 -9.72950167e-01
 -1.16335912e+00
 -1.75634204e-01
  1.34039480e+00
 -8.60054191e-01
 -8.83593079e-01
  3.23643571e-01
  1.45446270e+00
 -1.55008455e+00
  3.36900397e-01
  2.25579989e-01
  3.06750843e-02
  5.19816283e-01
  2.34777465e+00
 -1.18334515e+00
  2.57294897e-01
  8.53833601e-01
 -1.68402942e-01
  6.01706301e-01
 -1.11942628e+00
 -1.08334315e+00
 -2.75592330e-02
 -6.02046588e-01
  8.09912093e-01
  7.95555139e-01
 -1.44200421e+00
 -7.99756454e-01
 -4.16784456e-01
  1.33789904e+00
 -7.89697002e-01
 -8.35203035e-01
 -9.58766449e-01
 -1.02762015e+00
  4.51111472e-02
 -1.70926217e-01
 -1.40201572e+00
  3.54023284e-01
 -7.73524894e-02
 -7.83345914e-01
 -1.63490624e+00
 -2.46948963e+00
  6.39260484e-01
  3.20115992e-01
  3.92354111e-02
  1.85412690e+00
 -5.71325880e-01
  2.38058478e-01
 -5.93683401e-01
  1.02677199e+00
 -1.53063753e-02
  1.28360020e-01
  8.63851490e-01
 -1.47348913e+00
  1.19378065e+00
  4.24285439e-01
 -6.85472999e-01
  4.18848497e-01
  9.41174730e-01
  3.89910633e-01
 -8.36106623e-01
  4.33350701e-01
  1.74210330e+00
  1.50468473e+00
  2.72219955e-01
 -3.75975497e-01
 -3.96905050e-01
  5.12448194e-01
  1.07516512e+00
 -2.19627872e+00
 -3.31496771e-01
  6.47547141e-01
 -6.31260974e-01
 -5.91215583e-01
  5.16267299e-01
  1.94573240e-01
  6.41917439e-01
  1.01494406e+00
 -5.82174667e-01
 -1.17403658e+00
 -3.72120211e-01
 -3.28877997e-01
  1.46651249e+00
  7.00035916e-04
  1.13865692e+00
  4.41786300e-01
 -1.12284298e+00
 -2.17855578e-01
  5.59447733e-01
 -3.64421662e-01
  1.08666002e-01
  1.99046977e-01
  2.21262494e+00
 -1.02241174e+00
  6.57983898e-01
  5.49144549e-01
 -2.87444532e-01
 -7.00923300e-01
  3.88883733e-02
  2.51054188e-01
  1.17484044e-01
  5.45295611e-01
  8.66140116e-01
 -9.20793638e-01
  1.85347087e-01
 -1.18956983e+00
 -2.76878518e-01
 -3.41742229e-01
  8.24916282e-01
  1.10869355e-01
  6.49168798e-01
  2.00289769e+00
 -8.28065452e-01
 -9.40026811e-01
  6.62141371e-01
 -9.34360772e-02
 -8.32480504e-01
  8.10163330e-01
  1.41173871e+00
 -1.77300932e+00
  9.62551508e-01
  3.88613727e-01
 -9.70783722e-01
 -9.86787421e-01
  1.07428353e-01
  7.92722273e-01
  7.32181093e-01
  1.70748331e-01
 -1.58214371e+00
  8.09998717e-01
 -7.08397352e-01
  2.74456688e-02
  1.20785171e+00
 -1.03113845e-01
  1.56683791e+00
 -8.19038958e-01
 -6.11751214e-01
 -1.24375673e+00
 -1.75648505e+00
 -4.81441842e-01
 -1.52151066e+00
  7.49116749e-01
  3.96391137e-01
 -1.53340292e+00
  4.51798755e-01
  3.76182609e-01
  2.39675950e+00
 -1.44750507e-01
 -1.59827795e-01
 -1.42824426e+00
 -1.88865964e+00
 -1.53542341e-01
  1.28620276e+00
  3.72077514e-01
 -4.46732329e-01
  1.85507352e+00
  1.43795778e+00
 -2.89641248e-01
 -1.59177316e-01
 -5.63301885e-01
 -1.83765414e+00
 -1.34330281e+00
  2.86674580e-01
 -9.82799141e-02
  1.28062054e+00
 -5.96850294e-02
 -6.15344869e-01
 -1.05308704e+00
  1.96562184e+00
  9.51712698e-01
 -8.82588313e-01
 -9.75350801e-01
 -7.02014522e-01
  1.19635478e-01
 -1.55207265e+00
  1.33601620e+00
 -1.66265356e+00
 -1.05942397e-01
 -3.51752737e-01
  8.33909528e-01
  1.61087093e+00
 -1.04299016e+00
  5.59898921e-01
 -3.04713483e-01
  1.66236467e+00
  1.03398788e+00
  4.89735986e-01
  5.66937491e-01
 -1.05205240e+00
 -1.28736912e+00
 -1.15541264e-01
 -3.02023484e-01
 -1.65290658e-01
 -6.59796540e-01
  3.80606723e-01
 -3.08853241e-01
 -4.44867637e-02
 -9.37058632e-01
  4.91178482e-01
 -6.21772009e-01
 -6.86707874e-01
  9.16957314e-01
  5.58149989e-01
  2.20155455e-01
 -5.65282064e-01
 -7.91483003e-01
 -4.83115638e-01
 -1.06940157e+00
 -1.26666250e-01
  2.63094927e-01
 -1.54911886e+00
 -1.04144349e+00
 -1.42708425e+00
  5.00569401e-01
 -1.48139435e+00
 -2.21794676e+00
 -1.17144575e+00
  5.49281135e-02
 -9.21913247e-01
  1.22659980e+00
  1.34168303e+00
 -6.16336965e-01
 -2.30640404e+00
 -1.20595124e-02
  2.06188992e+00
 -2.64521605e-01
 -9.08068452e-01
 -2.70910881e-01
  1.07415335e+00
 -6.19672615e-01
 -6.90926093e-01
  1.05123648e+00
  3.99466727e-01
 -2.03675788e-01
 -6.56669449e-01
  3.61396027e-01
  3.79970905e-01
 -1.33492958e-02
 -1.74023073e-01
 -3.40699148e-01
  2.78498327e-01
 -8.64277989e-03
  2.63038625e-02
  1.75356307e-01
  7.49311717e-02
  7.98588916e-01
 -1.29128182e+00
  5.50304111e-01
  9.10411047e-01
  9.43253846e-01
  4.97881790e-01
 -1.91188295e+00
 -3.47076250e-01
  5.57423801e-01
 -4.70358768e-01
  8.29415202e-01
  1.60485781e+00
 -1.06406314e+00
  4.96706905e-01
  2.13968709e-01
  2.95970750e-01
  8.23676105e-01
 -4.94451987e-01
  1.66790393e+00
 -9.15917335e-01
  2.92403286e-01
 -2.42096958e-01
 -7.75776304e-01
 -3.83450513e-01
  2.69412579e-01
 -6.01643819e-01
  2.73531655e-01
 -3.13802065e-01
  1.36667886e+00
 -1.10710702e+00
  1.12312286e+00
 -1.36454316e+00
 -2.75897156e-01
 -1.94562556e-02
  5.75551449e-02
 -6.88926582e-01
  6.88320419e-01
  3.21525010e-01
  4.25137576e-02
  1.07896725e+00
 -7.05840738e-01
 -3.54999706e-01
  1.64220973e+00
  7.29667353e-01
  1.09886532e+00
 -7.08890284e-01
  1.37334675e-01
 -1.39065271e+00
  6.23443258e-01
  4.74227471e-01
 -2.48570170e-01
  7.46486361e-01
 -1.98251841e-01
 -3.32665397e-01
 -1.54891538e+00
  2.44223018e-01
  3.03562966e-01
 -2.73821993e-01
 -1.06569339e+00
 -1.42832911e-01
  1.05745335e+00
  3.82440733e-03
 -2.19398348e-01
  1.38084289e+00
  3.62057870e-01
 -1.65200385e-01
  1.62950422e+00
 -2.86859538e+00
  1.29371688e+00
 -7.53075349e-01
 -4.27016018e-01
 -2.41973384e-01
  6.13315760e-01
 -8.76824169e-01
 -5.91297964e-01
  7.21337350e-01
 -6.40528493e-01
  1.52748038e+00
 -1.97637930e-01
  5.56263142e-01
  8.94335719e-01
 -1.77620452e+00
 -6.12120115e-01
 -9.36078286e-01
  1.20852641e+00
  5.16343176e-01
 -1.99055343e+00
 -1.25488484e-01
  9.21113920e-02
 -2.27843703e+00
 -3.45103708e-01
 -1.31714124e+00
 -4.55177674e-02
  2.32545426e+00
 -2.34022798e+00
  1.32975649e+00
  1.50932683e+00
 -3.23692816e-01
  8.62972756e-01
 -6.04909451e-01
 -6.20813926e-01
  6.47667529e-02
 -1.09757552e+00
  1.61069967e+00
  1.81922523e+00
 -9.64370176e-01
 -5.71931304e-01
  6.38098056e-01
  2.47742028e-01
 -3.00636218e-02
  1.55568217e+00
  5.63561923e-01
  2.37173392e-01
  3.48254129e-01
 -6.23522446e-01
 -1.10697107e+00
 -4.76175305e-01
 -1.03064807e+00
  1.06291194e+00
 -5.28287600e-01
  5.99509105e-01
  9.42740640e-01
 -1.68135864e+00
 -1.06391306e+00
  9.76537405e-01
  5.63697734e-01
 -2.69594947e-01
  1.07061556e+00
  1.05347169e-01
  8.36759647e-01
 -1.33025710e+00
 -7.50619910e-01
  5.47406235e-01
 -7.54926687e-01
  1.45714735e+00
 -6.04237370e-01
 -2.81546115e-01
 -5.23696918e-01
 -1.94450348e+00
 -4.53705522e-01
  9.89273367e-01
 -2.90651146e-01
  7.11545328e-02
 -9.33221185e-01
  7.23198931e-01
 -1.33223342e+00
  4.18925500e-01
  5.25975777e-01
  4.14545458e-01
  4.65788209e-01
 -1.57942478e+00
  1.12282792e+00
 -3.71066130e-01
 -1.98666325e-01
 -1.06890827e+00
  1.44419176e+00
 -1.65186859e+00
 -7.39746945e-01
  3.69889714e-01
  4.41867097e-01
  1.14499014e+00
 -5.15067427e-01
 -1.55079248e-01
 -9.37293053e-01
  8.65837563e-01
  5.01724236e-01
  1.68849978e-02
 -1.32533877e+00
  4.11063879e-01
 -1.38474682e+00
 -1.80909026e-01
 -4.47641640e-01
  1.52815396e+00
  1.66768029e+00
  1.78237855e+00
 -6.05890688e-01
  1.71264064e+00
 -7.82706050e-01
  1.69625576e+00
 -2.56619478e+00
 -7.57045494e-01
 -9.77625626e-01
  2.92034463e-01
 -2.18300068e-01
  1.69769817e-02
  5.98901485e-01
  6.06844896e-01
  6.25221777e-01
  2.93811634e-01
  2.17720215e+00
 -7.37287008e-01
 -7.12847312e-02
 -6.34209237e-01
 -4.22745839e-01
  1.46130597e-01
  5.74611697e-01
 -1.92260989e-01
  3.21481208e-01
 -1.43028549e-01
 -1.02439843e+00
 -1.98731682e-01
 -6.00028769e-01
  3.88903054e-02
  6.46765892e-01
  1.14297103e+00
  4.49889689e-01
  1.01795880e+00
 -2.91737905e-01
  9.98247560e-01
  1.00779092e+00
  8.66734042e-01
  1.59562052e-01
 -7.30684276e-01
 -4.98812291e-01
  5.79609330e-01
 -5.66219558e-01
  6.96994860e-01
 -1.42027056e-01
 -2.34741551e-01
 -1.05588550e+00
  3.60235409e-01
 -9.83612866e-01
 -4.51954417e-01
  1.42008559e+00
 -1.11385841e+00
 -1.20790331e+00
 -1.01158384e+00
 -3.40899948e-01
  1.12501850e+00
  1.37542515e+00
  9.64161986e-01
  1.93019452e+00
  5.80217262e-01
  4.01456727e-01
 -1.69138771e-01
  1.13296313e+00
  1.40432991e+00
 -2.69344506e-01
 -5.18777044e-01
  8.40940572e-01
 -7.27828173e-01
  5.05239468e-01
  1.71672754e+00
 -2.15258118e-01
 -5.71627007e-01
  8.91013091e-01
 -1.56099871e+00
 -3.10380171e-01
 -2.89504048e-01
 -3.63165136e-01
 -5.48524027e-01
 -1.28618179e-01
  7.06267819e-02
  5.71502059e-01
  9.52206141e-01
  2.79234580e-01
 -6.03551652e-01
  1.03606739e+00
 -1.27875455e+00
  2.72762601e+00
  8.74453126e-01
  1.78330609e+00
 -3.88932989e-01
  3.58311250e-01
  1.47908996e+00
  3.71454822e-01
 -8.44287316e-01
  9.24022870e-01
 -9.48231503e-02
 -1.48671242e+00
  2.04229392e+00
 -2.19412343e+00
  9.22677715e-01
  1.19209111e+00
  6.03541180e-02
  7.36022903e-01
  3.21965984e-02
 -2.51538272e-01
 -1.89898187e+00
  2.13983088e+00
 -7.15938945e-02
 -9.55344592e-01
 -4.25059181e-01
  8.67629151e-01
 -6.47898546e-02
  1.90740480e+00
 -7.87928693e-01
  5.38203866e-01
  1.04425471e+00
 -1.81622469e+00
 -3.03883819e-01
 -1.15123681e-01
  4.53163441e-01
 -9.05416382e-01
 -3.90074122e-01
  1.60149430e+00
 -9.53538942e-01
 -1.56012427e+00
 -2.75720924e-01
 -2.27999759e+00
  1.47030142e+00
 -3.80264870e-01
 -4.83149821e-01
 -3.97923404e-01
  1.88122788e-01
 -1.82203846e+00
 -8.88383147e-01
  2.07827428e-01
  7.84974138e-01
 -4.45430506e-01
 -6.94438323e-01
 -2.32317279e-01
  3.13419192e-01
 -6.31279856e-01
  2.20763752e+00
  1.34341765e+00
  2.17784708e-01
  2.10514970e+00
 -3.94201094e-01
 -6.87447987e-01
 -5.53898052e-01
 -3.45502916e-01
 -5.19593598e-01
  5.79416957e-01
 -3.50390241e-01
 -8.09652645e-01
 -7.93970627e-01
 -1.82240647e-01
 -8.07480431e-01
  6.09419414e-01
 -6.75877648e-02
  1.19404513e+00
 -1.37181576e-01
 -6.84963312e-01
 -2.38123621e+00
 -1.32016358e+00
  1.55259421e+00
  2.73882349e-02
 -3.75492503e-03
  5.28321755e-01
 -2.03123006e+00
 -5.88672537e-02
 -1.13667561e+00
 -9.26249929e-01
  5.92250272e-01
 -6.48831049e-01
 -1.43856346e-01
 -1.38264229e+00
 -3.32337606e+00
 -2.27880938e-01
  1.52547345e+00
  4.60001655e-01
 -2.47220855e+00
 -6.96056663e-02
 -1.45201967e+00
  4.04347771e-01
  1.79322149e-01
  1.32310511e-01
 -7.07313119e-01
 -5.44737868e-01
  7.06928744e-01
  8.01669038e-01
 -8.64032275e-01
  1.04198430e+00
  9.37506086e-02
  6.59479073e-02
  9.72606413e-03
 -1.43516372e+00
  1.25229119e+00
  8.42056257e-01
 -4.22493328e-01
 -5.88723030e-01
  1.42320818e+00
  8.08288018e-02
  1.64907023e+00
  2.04019479e-01
  1.90436343e-01
  4.52541119e-01
  2.61317570e-01
  3.26284948e-04
 -2.27321427e-01
 -1.81459658e+00
 -3.36085442e-01
 -1.39745971e-01
 -1.84763633e+00
  4.75863675e-01
 -8.66383710e-01
  4.30497937e-01
  9.37721927e-01
  2.07085522e-02
 -1.08797478e+00
  1.68596123e-01
  1.37253250e+00
 -5.56765112e-01
 -1.24909061e+00
 -2.46081299e-01
 -8.24386627e-01
 -8.10334574e-01
 -2.32909115e+00
  2.59143742e+00
 -5.79351148e-01
 -9.93504002e-01
 -5.73338839e-01
  8.00268726e-02
 -6.45819036e-01
 -2.93569292e-01
 -1.20820117e-01
  6.49348077e-01
  8.14619584e-01
  6.00384712e-01
  8.49512690e-01
 -1.08070255e+00
  1.21773098e+00
  1.60841622e+00
 -2.96290919e-01
  3.34341901e-02
  1.34416048e+00
  6.32395540e-02
 -7.11050830e-01
 -4.48142864e-01
  6.83271201e-01
  1.47821774e-02
 -3.70058690e-01
 -1.42050108e-01
 -9.60766702e-01
 -7.66592361e-02
 -8.83878332e-02
 -2.52645747e-02
 -9.77676385e-01
 -1.22040579e+00
 -3.04159953e-01
 -1.13627516e-01
  9.50480370e-01
  2.01987271e-02
  1.78978622e-02
  6.58276152e-01
  1.13299766e-01
  1.08969098e+00
  4.66937546e-01
  2.28843671e-01
  7.22650259e-02
  5.39513757e-01
  1.99724994e-01
 -7.73325506e-02
  7.19240820e-01
 -4.77051670e-01
  8.33898657e-01
 -3.66989722e-01
  3.81400811e-01
  1.76460088e+00
 -7.42664707e-01
 -7.26515971e-02
 -4.68757024e-01
  5.28181190e-01
 -7.86712145e-01
 -9.40290182e-01
  5.57629278e-01
 -8.26926066e-01
  9.41934221e-01
  1.27215945e+00
  4.73761945e-01
  7.67679837e-01
  6.03090407e-01
 -1.51800468e+00
 -1.04566719e+00
  6.33035216e-01
 -1.13939072e+00
 -1.35795775e+00
 -4.12098894e-01
  2.27037161e-01
  6.05478805e-01
 -4.79905403e-01
  2.44105679e+00
 -5.49295926e-01
  3.39996129e-01
  7.35156256e-02
 -2.77675202e-01
 -1.92279098e+00
  1.58421598e+00
  5.03214269e-01
  7.68753368e-01
 -8.77371326e-01
  3.49585449e-02
  1.37248244e+00
  6.92363013e-01
  4.52454866e-01
 -7.60239624e-01
 -1.27471401e+00
  2.37738093e-01
 -2.59581218e-01
  5.64356187e-03
  6.15610400e-01
  2.22887234e-01
 -8.41006055e-02
 -2.09111786e-01
  8.56968118e-01
 -9.34751440e-01
 -2.77369955e-01
 -1.48042284e-01
 -3.68321793e-01
  1.48551666e-01
 -4.62931692e-01
 -1.38488683e+00
 -1.09016675e+00
  1.46236868e+00
 -1.13147944e+00
 -1.79124636e-01
 -6.33707438e-01
  3.76955021e-01
 -7.75380797e-01
 -9.75308335e-01
  3.77492205e-01
 -1.24488220e+00
 -1.82273745e-01
  2.16149805e-01
 -1.24760492e+00
 -2.10684784e-01
 -1.48886989e+00
  3.00528762e-01
 -1.01803286e+00
  8.30186400e-01
 -5.19666630e-02
 -4.93837623e-01
 -1.18692591e+00
 -7.19475435e-01
  1.21213911e+00
 -1.15880543e-01
 -6.61194733e-01
  1.09887080e-01
 -1.68234899e+00
  5.01846299e-01
  1.68499577e-01
  8.87573696e-02
 -1.05365757e+00
  1.18532975e+00
 -9.01947640e-01
 -1.41280119e+00
  1.84478410e-01
 -2.64000697e-01
  1.27750157e+00
  9.86656091e-01
 -6.80486652e-01
  9.99324775e-01
  3.46754778e-01
  2.02655424e-01
  5.60473174e-01
 -8.24280142e-01
 -6.56086485e-01
  6.87545344e-01
  7.64466503e-01
 -2.01067462e-01
 -5.65157739e-01
  6.13611918e-01
 -1.20615714e+00
 -1.24184955e+00
 -4.90406383e-01
  4.09407706e-01
 -9.94174982e-02
  5.05823121e-01
  4.39269306e-01
  7.65057290e-01
  4.36213680e-01
 -7.70611154e-02
 -1.38357234e+00
 -6.77814483e-01
 -2.81823578e-01
 -9.46232845e-01
  1.03870498e+00
 -6.00044113e-01
  9.11522356e-01
  7.04747847e-01
  1.90101882e+00
 -1.13325746e+00
 -8.24817178e-02
  2.11701835e-01
  1.45106809e-01
 -3.49750239e-02
  1.85267716e+00
 -1.09573248e+00
  2.03282738e+00
 -4.38164091e-01
 -1.20461343e+00
 -5.94948635e-01
  3.93149832e-01
 -1.44908526e-01
 -1.00947630e+00
  1.25167496e+00
  7.08069912e-01
  1.05329693e+00
 -9.09884196e-01
  1.99280628e-01
 -3.91423025e-01
  1.90830075e-01
  1.82228880e+00
 -6.99924746e-01
  1.09756807e+00
  4.01547985e-01
 -8.61200697e-01
 -7.44579626e-01
 -1.41483116e-01
  3.29384529e-01
 -6.96699406e-02
 -1.98990574e+00
 -7.69916064e-01
  9.25993732e-01
  5.98465596e-01
  1.61880647e-01
  3.00649284e-01
 -1.57954557e-01
 -1.38829070e+00
 -3.38500320e-01
 -1.43659151e+00
 -8.87492681e-01
  1.50707950e+00
  5.26418453e-01
  1.94012019e-01
 -2.21569536e+00
  3.59029979e-01
 -2.05194609e-01
 -2.87070124e+00
 -1.59714133e+00
  2.81737613e-01
 -3.66955491e-01
  9.78809092e-01
  3.75689741e-01
  4.24832731e-02
 -2.09645326e-02
 -5.25980070e-02
  6.23060451e-01
  8.25791884e-02
 -3.47914617e-01
 -1.67043648e+00
  4.38038632e-01
 -4.76744996e-01
 -1.38455194e+00
 -2.72497749e+00
 -8.97203658e-01
 -1.17475361e+00
  8.06020589e-01
  7.32070622e-01
 -9.25324102e-02
 -5.04640443e-01
  7.09774361e-01
  3.30868167e-01
  3.62308370e-01
  5.28134128e-02
  1.88358943e-02
 -6.83049830e-01
  3.00912571e-01
  7.09412227e-01
 -7.15346208e-01
  1.06285498e+00
  1.32113911e+00
  1.15316135e-02
  8.72908041e-01
  3.38127548e-01
 -6.18980822e-01
  3.93423751e-01
 -1.04616407e+00
 -1.72449389e-01
 -2.08638931e-02
  1.05139455e+00
  5.42479964e-01
  2.49246612e-01
 -1.18124359e-03
  1.02158605e+00
 -1.81481317e+00
 -1.49207446e+00
 -7.01208311e-01
  1.29542461e+00
  2.36043835e-01
 -7.02433332e-01
  1.48830891e+00
  8.20969622e-01
 -3.07714059e-01
 -3.78234136e-01
 -5.68720348e-01
  4.65386101e-01
 -1.76167340e-01
  3.09529898e-01
 -8.41096038e-01
  6.71420803e-01
  8.32142314e-01
  3.26650795e-01
 -9.19854777e-01
  5.72616831e-01
  2.33124048e-01
  2.35610503e+00
  1.85231280e-01
  1.66289262e-01
 -8.66853127e-01
  2.93984706e-01
 -8.84573724e-01
  1.36299761e+00
  1.38837219e+00
  1.33773598e+00
 -1.57944937e+00
 -1.62163605e+00
  7.59657885e-01
 -1.26612940e+00
  1.72935711e+00
 -7.48449745e-01
  4.69347471e-02
 -1.47058219e+00
  3.67339153e-01
  2.91719531e-01
 -2.17076295e-01
 -1.00877308e+00
 -7.73743532e-02
 -6.48001129e-01
 -3.74535916e-01
 -7.29304527e-01
 -8.41185803e-01
  7.19624971e-01
 -5.75944715e-02
 -3.05618979e-01
  3.38733151e-01
  2.84383470e-01
 -7.29766178e-01
  2.10199828e+00
  2.77725442e-01
 -1.09865966e-01
 -1.31695779e+00
 -5.59204038e-01
  1.02103609e+00
 -5.29153957e-01
  7.27228102e-01
  7.29183670e-01
 -4.62064233e-01
  1.33387742e+00
 -7.67834843e-01
 -2.08678522e-02
  7.16231148e-01
 -5.33032946e-01
 -1.44795252e+00
  4.81198996e-01
  1.56623470e-01
  8.49247377e-01
  4.50908715e-02
 -6.27287091e-01
  1.58350383e-01
 -1.18958279e+00
 -2.03058116e+00
 -1.41964181e-01
  4.78007494e-01
 -5.72261803e-02
  4.53068774e-02
 -9.55248244e-01
  1.67015308e+00
 -7.24146744e-01
  1.11874841e-01
  1.08824031e+00
 -6.05566737e-01
 -3.24739336e-01
  5.35450265e-01
 -4.45771268e-01
  7.18923369e-03
 -8.30382892e-01
 -2.92553782e-01
 -6.48625229e-01
 -8.47354815e-01
 -1.81609051e+00
 -3.61860645e-01
  1.06248842e+00
  9.25681263e-02
 -2.09732463e-01
  1.34657811e+00
  3.89667543e-01
 -4.20278621e-01
  2.48109029e-01
 -1.16318145e+00
  2.79206912e-01
  6.68189968e-02
 -6.65801397e-01
 -7.24209480e-01
 -4.74562582e-01
  1.35943877e+00
 -8.17563099e-01
  1.18303347e+00
  1.09469785e+00
  4.83459049e-01
 -1.61792472e+00
 -7.02962610e-01
  2.07063124e-01
  1.03806842e-01
  4.26058251e-01
 -3.64075076e-01
  1.26799802e+00
  7.31418807e-01
  3.67351430e-01
  3.54267776e-01
 -1.90856853e+00
 -2.12275295e+00
 -3.71279861e-01
  3.92641134e+00
 -3.28136135e-01
 -6.13361887e-01
 -4.32030007e-01
 -1.49373560e+00
 -1.81970298e-01
 -6.68517403e-01
 -4.54713118e-01
  7.59925429e-01
 -1.38776253e+00
  1.69195345e+00
  2.83509337e-01
  3.71903231e-01
 -2.34751771e-01
  5.94553644e-01
  8.65086215e-01
  8.85264720e-02
  1.00227280e+00
 -2.52299446e-01
  1.52346719e+00
  1.51597056e+00
 -1.66093308e+00
  1.60574822e+00
  1.87393532e-01
 -1.06824208e+00
  5.12608109e-01
 -6.27839504e-01
 -4.87870325e-01
 -6.22711651e-01
 -7.07318482e-01
  1.73468459e-01
 -4.46768337e-01
 -4.22806030e-01
 -5.24300360e-01
 -1.10429440e+00
  5.11187780e-01
 -2.38340087e-01
  1.98462406e+00
 -5.49092711e-01
  2.50672363e-01
  1.59064510e-02
  1.10983462e+00
  8.31185018e-01
  5.75037353e-01
 -1.49078943e+00
  3.80467842e-01
  1.21644111e+00
  5.70941073e-01
  7.79505871e-01
 -6.06736684e-01
  9.06033091e-01
  5.87662785e-01
 -1.57345679e+00
 -6.91623184e-01
 -1.06536263e+00
  1.15721728e+00
  1.14575067e-01
 -4.14463974e-01
  2.53002173e-01
  5.47129893e-01
 -5.40603518e-01
 -1.02480553e+00
  2.42448576e-01
 -2.54508087e+00
  1.39857707e+00
 -1.11143724e+00
  2.94983337e-01
 -6.65227527e-01
 -3.82971423e-02
  1.70496437e-01
  4.35678467e-02
 -7.88401487e-01
 -6.74660230e-02
 -1.84186470e+00
  3.68670259e-01
  9.44617313e-01
  1.14622949e+00
  2.14661756e-01
 -2.21307993e-01
 -4.81579027e-01
 -1.51712261e+00
  5.29361179e-01
  3.25787668e-01
 -1.41120323e+00
  5.46745090e-01
 -6.84462126e-01
 -1.71009186e+00
  6.23306027e-01
 -1.38361592e+00
 -4.32163251e-01
 -5.88662687e-01
 -3.22819760e-01
 -3.30593336e-01
  3.86504076e-01
  2.00332161e-01
 -7.41311313e-01
 -2.66444191e-01
 -7.81562033e-01
 -3.96953709e-01
  9.83539872e-01
  8.46516320e-01
 -7.57004614e-01
  8.06778764e-01
 -4.69944930e-01
 -1.69445514e-01
  1.05699245e+00
 -1.64609503e+00
 -2.11716729e+00
  1.25684592e+00
  1.95384792e-01
 -1.46345346e+00
 -1.87732083e+00
 -2.85782000e-01
 -1.22467065e+00
  8.32276515e-01
 -2.92325197e-01
 -6.29660693e-01
 -2.07827768e+00
 -3.07554996e-01
 -9.94024128e-01
 -8.11206367e-01
 -3.53747159e-01
 -1.81899906e+00
  5.50524039e-01
  3.61556479e-01
  2.28818652e-01
  1.17041957e+00
  1.13847344e+00
  1.07592911e+00
 -4.48391403e-01
 -2.25062146e+00
  4.97057539e-01
 -2.92401895e-01
 -6.08010896e-01
  1.02098991e+00
 -2.46015036e-01
 -8.04859975e-01
 -1.96520253e-01
  2.87227110e-01
 -1.51589058e+00
  4.31519290e-01
 -8.41356515e-01
  1.26148817e+00
 -8.62049142e-01
  1.01463682e+00
 -7.16474895e-01
  4.97226768e-01
  9.50126374e-01
 -1.88143820e-01
  1.90850534e+00
 -1.73507355e+00
  7.84223190e-01
 -1.20236213e-01
 -8.95889925e-01
  7.96777002e-01
 -1.06908113e+00
  1.50375676e+00
 -6.50344973e-01
  2.04995807e+00
  4.84032110e-01
 -1.71980227e-01
  7.15577572e-01
  7.84190377e-01
  8.17820565e-01
  6.15604502e-01
 -7.70449535e-01
 -1.08702394e+00
  1.09320643e+00
  5.87526535e-01
  9.50807320e-02
 -5.95642867e-02
 -3.45335710e-01
  3.63326113e-01
  2.08230023e-01
 -1.69167072e+00
  6.74125613e-01
 -4.46442599e-01
 -4.07177644e-01
  5.73591973e-01
 -2.28991565e-01
 -6.34330244e-01
  1.48083083e+00
 -1.38052797e-01
  1.11480738e+00
  8.78624997e-02
 -4.33195879e-01
 -5.26311904e-01
 -3.97015294e-01
  2.09390186e-01
  3.31073289e-02
  3.11899144e-02
 -1.31229199e+00
  1.25791542e+00
  1.15581489e+00
  1.43842191e+00
 -6.56375311e-01
  1.01821498e-01
  9.02186408e-01
 -8.21221853e-01
 -8.14844807e-02
 -1.08714202e+00
 -3.78678737e-01
  3.43323659e-01
 -8.78443785e-02
  4.92945256e-01
  1.66031173e+00
 -5.71387119e-01
 -8.43340170e-01
 -1.39041602e+00
 -1.44430986e+00
  1.48808246e+00
 -5.68257451e-02
 -6.21639096e-01
  1.11852285e+00
  5.86299716e-01
  2.02324822e-01
  2.37259803e-01
 -1.62421740e+00
 -6.13633311e-01
  1.21055467e-01
  3.93251330e-01
 -2.06739774e+00
  1.32984761e+00
 -1.21101027e+00
  1.46179901e+00
  2.84516685e-01
  8.71842874e-01
 -5.45912469e-01
  6.49538136e-01
  8.47325456e-01
  1.98726923e+00
  6.52701252e-01
 -1.01423503e+00
  5.39590507e-01
 -9.01832821e-01
 -2.15278818e+00
 -2.95008836e+00
 -4.29654522e-01
 -3.69277400e-01
 -5.39513190e-01
 -6.47617616e-01
  3.49551508e-01
  4.85185468e-01
 -8.17385444e-01
 -1.56169971e+00
  2.89057191e-01
 -2.45080047e-01
  3.58157258e-01
 -3.98323948e-01
 -1.45762734e+00
  8.91144110e-01
 -1.57359883e+00
  2.55869490e-01
  7.51027594e-02
 -1.21146360e-01
  1.05902192e+00
  3.96325941e-02
 -5.45898467e-01
  1.02942209e+00
 -1.30211077e-01
 -6.82578135e-01
 -6.87817288e-01
  1.14861234e-02
  1.11248228e+00
 -5.88531271e-02
 -7.49450076e-02
  1.06808925e+00
 -2.44170489e+00
  1.69684670e+00
 -3.10238100e-01
  7.71607902e-01
  2.26895936e-01
 -1.07379702e+00
  1.93641242e-02
  2.19493593e-01
  8.55276576e-01
 -4.59416517e-01
 -2.08784453e+00
 -2.46863954e-01
 -1.53260636e+00
  1.20716154e-01
 -6.60589682e-01
  1.45012819e+00
 -9.50960197e-01
 -7.82773244e-01
  1.37933834e-01
 -6.46689964e-01
 -1.43129352e+00
 -3.48085893e-01
  9.18905850e-02
  3.64402463e-01
  1.45052047e+00
  1.59489798e+00
 -1.11551961e+00
  1.07658926e+00
  1.23385788e+00
  1.81638032e+00
 -7.64286604e-01
  8.62347167e-01
  5.72088870e-01
 -4.16879261e-01
 -9.38123407e-01
 -5.64728338e-01
 -3.80605607e-01
  3.04724517e-01
 -8.73193294e-01
  1.93116238e+00
 -3.45613991e-01
  1.13296654e+00
  1.71227563e-02
  1.35023986e+00
  3.45901629e-01
  1.25099526e+00
 -2.81235147e-02
  3.39364593e-01
 -1.41293101e+00
 -3.51355527e-01
  1.87029917e-01
  1.46307611e+00
  6.41601764e-01
 -1.55454367e+00
  5.33968427e-01
 -5.52341994e-01
  1.25773700e+00
 -9.64186957e-01
 -2.80239736e-01
 -2.33775231e+00
  5.71980126e-01
 -8.78853931e-03
  1.46635767e-01
 -6.97649863e-01
  3.70043207e-01
 -1.48543032e+00
 -1.24318684e+00
 -6.02115022e-02
 -8.07457497e-01
  7.43699203e-01
  4.87016745e-01
 -2.30249487e+00
 -6.65621653e-01
 -5.27222230e-02
  3.82488796e-01
 -9.36768155e-02
 -7.13077034e-01
  1.37398152e+00
  2.69201132e-01
 -1.86040246e+00
  3.15801662e-01
  1.78792292e+00
 -4.50422140e-01
  3.76503163e-01
  4.63671395e-01
  4.18563343e-01
  1.05729004e+00
  8.79882155e-02
  2.98577474e-01
 -1.15126418e+00
  5.48381182e-01
 -1.22737032e+00
  5.20453199e-01
 -7.91406836e-01
 -1.80486899e+00
  1.27508340e+00
  7.89290144e-01
  1.43420644e+00
 -1.08802103e+00
 -5.64865961e-01
  4.41423243e-01
 -1.89336223e+00
 -1.33498166e+00
 -1.23359779e+00
  3.86136410e-01
 -1.50515150e+00
  6.42661761e-01
 -1.74321361e+00
  1.44457031e+00
 -6.55654712e-01
  1.37162134e+00
 -1.17453911e+00
  1.29392916e+00
  5.74035263e-01
 -2.34326924e+00
  7.84089750e-01
  6.14163672e-01
  4.83462364e-01
  8.72748196e-01
  7.02929115e-01
 -1.02963855e-01
  7.96861711e-01
 -1.24441370e+00
 -1.54056445e+00
 -1.39182601e+00
 -1.44305488e+00
  7.62698800e-02
 -2.18205225e-01
  1.07726272e-01
  1.60919904e+00
  4.26922081e-01
 -6.89747064e-01
  4.23081345e-02
 -1.24553448e+00
 -1.64556031e-01
 -3.10830795e-01
 -6.11398097e-01
  2.02315134e-01
  1.47128774e-01
  8.03093157e-01
 -2.86247540e-01
 -1.66776518e+00
 -8.58884717e-01
 -2.01266801e+00
 -1.28537232e+00
 -2.33839988e+00
 -1.64256028e+00
  7.50075324e-01
  1.16235913e+00
  3.78134355e-01
  1.18345748e+00
  1.87439238e+00
  1.18043694e+00
  1.33590638e-04
  4.28056308e-01
  9.70342086e-01
  7.98070436e-01
 -5.32285868e-01
  4.47709171e-01
  5.60209435e-01
 -1.16559387e+00
  1.18097442e+00
 -4.57517409e-01
 -9.52998935e-01
 -1.41061811e+00
 -1.55349748e+00
 -1.48832214e+00
  8.33450283e-01
  1.16255826e+00
  3.46282264e-01
 -4.78609085e-01
  1.22787270e-01
  1.24898600e+00
  1.30325747e+00
  8.66751952e-01
  9.13969084e-02
  1.41200211e+00
  4.28531651e-01
 -6.03273082e-01
 -2.15292588e+00
  1.23692629e+00
  3.52862427e-01
  2.74275462e-01
 -9.43548172e-01
 -6.76041345e-01
  1.10865126e+00
  8.44562077e-01
 -6.63453083e-01
 -3.36347589e-01
 -6.07183195e-01
 -2.25203511e-01
  1.14332403e+00
 -1.03924996e+00
 -1.44716734e-01
  2.83872605e-01
 -1.41623123e+00
 -9.71662495e-01
  2.55751427e-01
 -1.63062146e+00
 -1.97176987e+00
  2.65635572e-01
  8.38119956e-02
  9.90577259e-01
  7.84979681e-01
  3.47811121e-01
 -1.32987890e-01
 -8.17789253e-01
  7.06323964e-01
  6.90237408e-01
 -1.22652563e+00
 -4.28452433e-01
  9.15008164e-01
  1.35024583e+00
  9.01109184e-01
 -1.57894432e+00
  7.23466443e-01
  8.80024648e-01
  4.68961298e-01
  9.92796603e-02
 -1.39778784e+00
  1.78183113e-01
 -6.84391059e-01
 -1.19891812e+00
  1.02692074e-01
 -6.75668223e-01
  6.81484889e-01
  1.07076752e+00
 -6.36268941e-01
 -1.55632694e+00
  1.26158374e+00
  1.48078325e-02
  1.81445443e+00
  2.35831041e+00
  1.30062230e+00
 -2.32047252e-01
  4.82975036e-01
 -1.27819387e+00
  8.69980510e-01
 -1.08690563e+00
  1.95991483e-01
  1.14789141e+00
  4.31541098e-01
  6.10131717e-01
  5.41243812e-02
 -1.62291223e+00
 -1.57189159e+00
 -9.94685781e-01
  1.90387717e+00
  9.19799387e-01
 -7.73872064e-01
 -2.32592394e-01
 -2.81809540e-01
  8.44873257e-01
 -1.35270603e+00
 -7.31581952e-01
  8.00472112e-01
  2.96422779e-01
 -1.71219676e-01
 -9.64866144e-01
 -1.17949676e+00
 -1.19406693e-02
 -1.06709422e+00
 -4.54017158e-01
 -3.94493161e-01
 -2.99114229e-02
  9.71882980e-01
  2.43467506e-01
 -1.05798817e+00
  2.96446587e-01
  3.56304970e-01
 -3.60175678e-01
  2.13819393e-01
  6.69320355e-02
  7.75651756e-02
 -1.33036117e+00
 -8.81373980e-01
  4.80979978e-01
  1.38783450e+00
  1.20812751e-02
 -2.09083450e-01
  6.58675231e-01
 -3.02271770e-01
 -9.17678729e-01
 -1.12173167e-01
  3.60081752e-01
  3.42568077e-01
 -1.00659675e+00
  2.38506576e+00
 -1.37349507e+00
  2.43874025e-01
  2.00606390e-01
 -5.80388614e-01
 -1.35283770e+00
  1.40550930e+00
 -6.90591173e-01
 -1.46742387e+00
  1.80104588e-02
  5.46270791e-01
 -2.02872596e+00
  4.58938955e-01
 -1.18007288e+00
 -5.51804749e-01
  2.87754262e-02
 -2.85246762e-01
 -1.44329769e+00
 -4.45849577e-01
  8.28702275e-01
  2.91971489e-02
 -1.53208379e+00
  1.43269723e+00
 -4.65745814e-03
  2.19318660e-01
  1.48692396e+00
  6.18397042e-01
  1.86373773e-02
  4.41462616e-01
 -5.33747166e-01
 -4.68050064e-01
  3.30003580e-01
 -4.27072731e-01
  4.69227780e-01
 -2.77461078e-01
  1.44746325e+00
 -2.29192900e-01
  1.23057189e+00
  1.46510927e+00
 -1.48410692e+00
 -1.91003338e-02
  1.08427401e+00
 -1.96620636e+00
  1.20532670e+00
  1.74627592e+00
  5.52566037e-01
 -1.08996212e+00
  9.90525527e-01
  1.05181461e-01
 -1.71577954e-01
  1.23621542e+00
  1.25556296e+00
  3.87780012e-01
 -5.62372216e-01
  1.00160579e+00
 -9.96648849e-01
  1.53389601e+00
  5.44332986e-02
  7.54229759e-01
 -1.08388191e+00
 -1.33710146e+00
 -3.95390329e-01
 -1.02396865e+00
 -1.08341097e-01
  2.21689717e-01
  9.17949659e-01
  1.10214847e+00
 -9.56572036e-01
 -1.12951198e+00
 -3.09629974e-01
 -7.20134478e-02
  4.55024597e-01
 -4.08879738e-02
  8.19724347e-01
  7.37014345e-01
 -5.40111002e-01
 -8.36981678e-01
 -1.32654806e+00
  5.96402257e-01
  4.50319507e-01
 -1.12937112e+00
 -1.06083885e+00
 -2.00750770e-01
  1.41873475e+00
  3.63659695e-01
 -2.27824810e+00
  1.83455490e-01
 -2.36947002e+00
  6.75686514e-02
  7.92959374e-01
 -8.58302260e-01
  4.80859638e-02
 -1.75900401e-01
  1.48079734e+00
  1.09958879e+00
 -4.64154363e-01
 -1.22513438e+00
 -1.29346753e-01
  7.09522334e-01
  5.35966693e-01
 -2.78417602e-01
 -1.04387814e+00
  1.67938139e+00
 -1.81357353e-01
  5.82264800e-01
 -1.33144212e-01
 -2.86273344e-01
 -6.99998028e-01
  2.29332234e+00
  9.25526717e-01
  1.37295062e-02
 -5.74249338e-01
  2.85079976e-01
 -1.16260087e+00
 -6.25670292e-01
 -8.32325893e-01
  7.60489642e-01
 -8.33027292e-01
  1.39390217e+00
  4.92478967e-01
  6.87323412e-02
  5.55403138e-01
 -1.09035547e+00
 -1.35534600e-01
 -1.12505600e+00
 -6.56085034e-01
 -1.26762636e+00
 -1.44653140e+00
  9.01353639e-01
  7.79150722e-02
  5.27241741e-01
  8.98736564e-01
 -1.18774849e+00
 -4.26662987e-01
  5.28428500e-01
 -1.05066381e-01
  7.09924861e-01
 -2.54674404e+00
  6.79962418e-01
  5.04554481e-01
 -4.86588080e-01
 -6.12132723e-01
 -1.66413455e+00
  3.00718610e-01
 -2.09916216e+00
  5.51669887e-01
 -1.72078820e+00
 -1.38878342e-01
 -8.99392808e-01
  8.27335682e-02
 -4.92949816e-01
 -1.25221740e+00
  8.72833445e-01
 -2.78058497e-01
  6.54257874e-01
  1.31529516e+00
  9.73901187e-01
 -2.70710146e-01
 -1.50105657e+00
 -1.46902968e+00
 -8.32386629e-01
 -8.82703040e-01
 -8.05332417e-01
  4.85874012e-01
  1.38073951e+00
 -1.23710278e+00
  1.14637806e+00
 -6.28304233e-01
  4.66315114e-01
 -4.89876030e-01
  1.80533587e+00
  1.09198277e+00
  1.66509828e+00
 -1.80143621e+00
  7.71602104e-01
  7.15458941e-02
  1.41761124e+00
  6.49597978e-01
  5.39187491e-01
 -1.99395239e-01
 -2.87911873e-01
 -5.16769771e-01
  1.30972779e+00
  2.92530683e-01
  8.37184006e-01
  9.45114135e-01
  8.67192611e-01
 -4.66628768e-01
  5.39984896e-01
 -4.58828741e-01
  2.53847919e+00
 -8.16728748e-01
  1.50201519e-01
 -8.17799851e-01
 -1.21976255e+00
  2.21368433e+00
 -8.33232036e-01
 -1.65578624e+00
  1.68515956e-01
 -6.11843557e-02
 -4.64070104e-01
  1.21063443e+00
  1.33170533e-01
  1.23581646e+00
 -8.60145039e-01
  6.44712088e-01
 -6.44089234e-01
 -2.24362052e+00
  1.84649290e-01
  2.10714969e+00
 -1.18975365e+00
 -1.17454057e+00
  6.09235034e-03
 -1.56508820e+00
  1.76600779e-01
 -2.40425425e-02
  1.12050702e+00
  4.19372071e-01
 -8.96152015e-01
  3.80795893e-02
  8.97978515e-01
 -8.22569437e-02
  6.94404771e-01
  7.56313031e-01
 -1.46077406e+00
 -4.03680945e-01
  1.55361841e+00
 -3.46508964e-01
 -7.42100791e-01
 -6.64136259e-01
 -1.31863123e+00
  3.05628553e-01
 -4.61237665e-01
 -4.05799602e-01
 -1.80468974e+00
 -1.09902077e+00
  5.50472509e-01
 -1.30556479e+00
 -2.09707511e-01
 -1.17645533e+00
 -9.09194098e-01
  1.09963567e+00
 -7.06716374e-01
 -2.34766764e-01
  1.30289530e+00
  1.47489251e+00
 -2.08413885e-01
 -4.50870574e-01
  2.32508796e-01
 -7.43613832e-01
 -1.94159393e+00
  3.84023475e-01
  5.82967151e-01
  1.82400600e+00
  6.62171837e-01
 -2.43946140e-01
 -1.34226936e+00
  7.98318658e-02
  1.64782535e+00
 -1.47070060e-01
 -4.54471759e-01
  2.20160714e+00
 -3.35642788e-01
 -3.22765825e-01
 -2.12291213e+00
  1.40774385e+00
 -3.63070220e-01
  1.23568629e+00
 -3.04130315e-01
 -3.87308252e-01
 -1.84271266e-01
 -1.71475816e+00
  9.44563400e-01
  8.93399012e-01
 -1.19803765e+00
  2.08426578e-01
 -2.92599480e-02
 -2.58233731e-01
  1.25733068e+00
 -1.58071399e+00
  1.71898588e+00
 -6.83908810e-01
 -6.67150983e-01
 -5.79085462e-01
 -7.43077374e-01
  3.08054936e-01
  1.34709036e-01
 -1.28788000e-01
 -1.73932701e+00
 -7.21440499e-01
 -2.49156191e-01
 -1.17293368e+00
  2.03995655e-01
 -1.93159152e+00
 -4.69535109e-01
 -1.64304921e+00
 -6.20581018e-01
  7.61387222e-01
  1.42505726e-01
  4.81163507e-02
  7.12363283e-01
 -4.11442200e-01
 -8.78036999e-01
 -2.03126447e-02
  4.14926602e-01
  1.00393051e+00
  7.72669798e-01
 -1.32546722e+00
  3.36456899e-01
 -3.06433405e-01
 -5.58197304e-01
 -2.17895176e+00
 -1.31929224e+00
  3.55721435e-01
  1.41314030e-01
 -2.29072293e-01
  5.80843284e-01
 -4.44480193e-02
 -2.69998982e+00
 -7.32646775e-02
  3.14384527e-01
  7.41302330e-01
  2.02101531e+00
  4.70048119e-01
 -5.44058253e-01
 -3.23117022e-01
  5.31517799e-01
 -8.52518180e-01
  6.76200828e-01
  2.77915867e-01
 -1.10250765e-01
  2.94904865e-01
  1.54900125e+00
  3.04767535e-01
 -8.77188647e-01
 -2.08724385e+00
 -1.80886679e+00
 -1.26907296e+00
  1.00497529e+00
  1.04630732e+00
  7.38625053e-01
 -1.07954193e+00
 -1.35069561e-01
  2.28961354e-01
  7.94455312e-01
  2.35296605e-01
  1.29302272e-01
  1.68323279e+00
  1.87851860e-01
  1.36299306e+00
  6.89423516e-01
  1.68140621e+00
  6.61694753e-02
  1.43448388e+00
 -1.32412167e+00
 -1.34472188e+00
 -2.95858413e-01
  1.21501247e+00
  6.19860497e-01
 -2.33154086e+00
  8.93140590e-01
 -2.58380634e-01
 -5.59233294e-01
  6.24121862e-01
 -2.26246010e-01
 -6.86921786e-01
 -9.96643033e-03
  2.46757102e-01
 -4.14672194e-01
  2.53155831e-01
 -1.26204297e-01
  1.06309190e+00
 -7.38681951e-01
  6.94211206e-01
 -1.43673222e+00
 -4.47921459e-01
 -2.44851245e-01
  6.23844839e-01
  4.69394958e-02
  1.10700545e+00
  8.18712997e-02
  8.73066862e-01
 -6.11210949e-01
  5.47544429e-01
 -4.92502040e-01
  8.37368212e-01
 -7.65154328e-01
  6.49623935e-01
 -1.06528200e+00
 -2.83662544e+00
 -2.52992462e-01
 -6.92379709e-02
  6.02815629e-03
 -7.66664995e-01
 -2.32958575e+00
 -1.46029313e+00
  6.10922684e-01
  4.84904926e-01
 -9.35551474e-01
  1.34264654e+00
 -1.48471623e+00
  7.70891871e-01
  6.40973573e-01
  3.22382995e-01
 -1.16438924e+00
 -8.45093003e-02
 -1.07893687e-01
 -1.16265941e+00
  6.64991782e-01
  3.51880137e-01
  3.64433254e-01
  1.42758713e+00
 -2.91602872e-01
  1.70380603e+00
 -5.40117085e-01
  6.10353065e-01
  9.88930685e-01
 -1.66378299e-01
 -3.57656008e-01
 -5.01400606e-01
  2.02853681e+00
  5.04065589e-01
  2.89523780e-01
 -1.53715902e+00
  1.62719615e+00
 -9.68813849e-01
  3.29718158e-01
 -4.03775604e-01
  9.36508890e-01
  1.22164495e+00
 -9.62010451e-01
  7.57555025e-01
  1.57003840e+00
  7.49433396e-02
  1.50033161e+00
 -1.64924337e+00
 -5.01954908e-01
  3.35203893e-01
  6.90029259e-01
 -1.01450507e+00
 -4.35800059e-01
 -5.87488542e-01
 -1.09571711e+00
  8.23468879e-01
  1.46575466e+00
 -1.23006344e+00
 -3.90020196e-02
  6.64472130e-01
  1.34244169e-01
  8.58919612e-01
  5.07256264e-01
  1.63942400e+00
 -1.42522996e-01
 -1.90261031e+00
 -1.15732259e+00
 -1.62166813e-01
  1.83931570e+00
  1.03948217e+00
  1.19458461e+00
 -2.98820204e-02
 -2.04496291e-01
  1.31538770e+00
  6.21457329e-03
 -7.15610258e-01
 -7.33383298e-01
  1.72065239e+00
 -7.97498358e-01
  8.57264913e-01
 -1.52993056e+00
 -5.47077643e-01
  7.09062818e-01
 -1.84329756e+00
  8.42362693e-01
  4.61429034e-01
 -1.38822354e+00
  5.00277670e-01
  1.43313145e+00
  9.85538746e-01
 -2.66895437e-01
 -6.72609933e-01
  2.68028316e+00
 -1.00591164e+00
  1.85405760e+00
  7.51235929e-02
 -3.61312844e-01
  8.65555366e-01
 -9.08161864e-01
  1.78166307e-01
 -2.90331669e-01
  4.37087275e-01
 -8.87843464e-02
  1.21687596e+00
 -1.81845754e+00
 -1.82308305e+00
  1.69496815e-01
 -5.78160357e-01
 -1.40241873e+00
 -3.01044983e+00
 -8.91905536e-01
  2.94865771e-01
  2.86128565e-01
  4.66417598e-01
  2.44289734e-01
  5.19936579e-01
  2.22186103e-01
 -8.94678719e-01
 -1.68135621e+00
 -2.91412398e-01
 -2.51035433e-01
 -8.90212927e-02
 -4.28785225e-01
 -2.61679235e-01
 -6.53036963e-01
 -5.26879409e-01
 -5.62899997e-01
 -9.38177527e-01
 -2.46649605e-01
  8.03299020e-01
 -1.07551594e+00
 -2.00815315e+00
  1.18096855e-01
  1.02386752e+00
 -1.83468496e+00
 -2.22255526e+00
  2.98361905e-01
 -8.33315838e-01
  5.77845992e-01
  8.55437166e-02
 -5.50289046e-01
  1.05908406e+00
 -1.05657295e+00
  1.35278897e+00
  5.03222621e-01
 -8.42174789e-01
  2.09376630e+00
 -1.55664654e+00
  7.09329346e-01
 -2.42694630e-01
  2.80276773e-01
 -6.00925105e-01
  7.34323555e-01
 -6.68309257e-01
  5.77904462e-01
  1.41962582e+00
  1.11089027e+00
  5.67279280e-01
  2.04188810e-01
  4.26152309e-02
  3.05269601e-01
  6.46866816e-01
  6.64569556e-01
 -2.11165954e-01
  1.65557218e-01
  4.12109420e-01
 -6.70916749e-01
 -7.39014914e-01
  7.39613431e-01
 -6.21420751e-01
 -7.78145126e-01
  8.32782442e-01
 -8.38022017e-01
  8.08005439e-01
 -4.48575711e-01
 -8.89756470e-01
 -5.15273222e-01
 -6.05056701e-01
 -1.10402256e+00
  5.66701238e-01
  1.33817166e-01
  4.48052045e-01
 -1.25189225e+00
  7.54562717e-01
 -6.16101248e-01
 -4.33531526e-01
 -3.63500254e-01
  3.42651292e-01
 -2.21818257e+00
 -1.58010819e-01
  1.01255375e+00
 -8.16973647e-01
 -1.82422206e-01
  3.56021408e-01
 -3.94553070e-01
 -3.57433166e-01
  1.04856987e+00
  3.43857584e-02
  9.12787635e-02
  1.02060873e+00
 -4.30510958e-01
  9.54866670e-01
 -1.30047491e+00
  2.15132422e+00
  1.22701072e+00
  5.88925624e-01
 -1.44699414e+00
  1.50814858e+00
 -5.13415588e-01
 -4.53023997e-01
  7.13905055e-01
  4.36941206e-01
 -1.70539524e+00
 -4.04280830e-01
  1.02369351e+00
  2.15564326e-01
 -7.14748260e-01
  3.48639571e-01
  2.48389069e-01
 -1.96953434e+00
 -6.33843798e-02
  4.62130166e-01
  1.22799118e+00
  2.21982345e+00
  1.13267495e+00
 -5.00787560e-01
  1.70344161e+00
 -5.40431636e-01
  5.37293224e-01
 -1.86074116e+00
 -1.33235672e+00
  7.66426667e-01
 -8.73702113e-02
 -1.13078752e+00
  1.40816803e+00
  9.92667238e-01
 -7.31271875e-01
 -7.14192681e-01
  1.74187608e-01
 -8.23649907e-01
  2.35165128e+00
  1.64742267e+00
 -6.84332546e-01
  5.67673625e-01
  9.87075582e-02
  5.67901613e-02
 -5.70924161e-01
 -7.69014236e-01
 -4.56272579e-01
  1.36123681e+00
 -1.47535762e+00
 -7.39659718e-02
  2.59411314e-01
 -5.82083813e-01
  4.28853858e-01
 -5.22969331e-01
  6.21931484e-02
  1.51696187e-01
  2.73014075e-01
  2.77356492e-01
 -1.51946341e+00
  4.84872233e-01
 -6.97200461e-01
 -2.30222554e-01
  1.40194216e+00
 -8.72724146e-01
  9.65156443e-01
  1.65513401e+00
 -2.68929729e-01
 -2.13061739e-01
  9.03891380e-01
 -1.42953706e+00
 -1.26384695e+00
 -1.08434519e-01
  1.92641343e+00
  1.65722129e+00
  2.79686348e-01
 -1.39699552e+00
 -1.57212913e+00
 -6.71854058e-01
  1.16647727e+00
  8.59482984e-01
  1.55981395e-01
 -1.31094871e-02
 -8.99625876e-01
 -5.07723907e-01
 -9.63367602e-01
  6.86742662e-01
 -6.55385261e-01
  5.15174753e-01
 -8.12472923e-01
 -7.38208702e-01
 -1.51081120e+00
  8.20464584e-01
  4.99380911e-01
  5.25824040e-01
  1.74367500e+00
 -1.14234363e+00
  2.25643503e+00
  8.05584213e-01
  1.07584768e+00
  5.62476824e-01
  3.98050670e-03
 -6.77444686e-01
  1.25383971e+00
 -5.05452861e-01
 -4.00238358e-02
  1.12469320e-01
 -1.63177807e-02
  1.31380741e+00
 -1.63512505e+00
 -9.91471744e-01
  1.00958535e-01
 -1.64245362e-01
 -4.32806638e-01
 -1.22071663e+00
 -7.83635428e-01
  1.01087985e+00
 -9.58115938e-01
 -3.06658341e-01
  9.55763438e-02
  7.84146566e-01
 -1.71543147e-01
  8.35817433e-01
  2.00645662e+00
 -2.27331586e-01
 -3.05089722e-01
  1.43189328e+00
