  -7.06934868e-01
   1.80261957e+00
   9.66477303e-01
  -4.28152934e-01
  -3.03201929e-02
  -7.34682184e-01
  -1.30584112e+00
  -1.16346044e+00
   6.05755098e-01
  -5.56323739e-01
   9.29417197e-01
  -3.48089124e-01
   1.05700801e+00
  -9.77183045e-02
  -6.75090019e-01
   7.24624909e-02
   1.59012412e+00
  -8.51084877e-01
   5.70016944e-01
  -1.73676809e+00
   1.04749125e+00
   3.80368175e-01
   4.67340079e-01
  -8.69818196e-03
   7.07668977e-01
  -2.25558621e-01
   1.30132857e+00
   8.45793481e-01
  -2.76530084e+00
  -6.26925154e-01
  -3.44928841e-01
  -4.12602135e-01
  -1.14330908e+00
  -7.30144908e-02
   4.09363980e-01
   3.16736590e-01
  -1.13559695e+00
  -1.14921782e+00
  -7.19745274e-01
  -7.17100381e-02
  -5.84844897e-01
   3.39488569e-01
  -6.98660571e-01
   3.37387206e-01
  -1.17456991e+00
   4.20190781e-01
  -8.91311175e-01
   1.00493273e+00
  -1.94859088e-01
  -4.91564356e-01
   6.57168980e-01
   7.48181245e-01
   1.84674051e-02
  -6.47937895e-01
   1.84978723e+00
  -1.04843288e-01
   3.48696691e-01
   1.19978223e+00
   1.27128782e+00
   1.12262687e+00
  -2.70721166e-01
   1.78742251e+00
  -2.12193210e-01
   1.01362843e+00
   2.17047596e-01
   8.47832054e-02
   3.60546814e-01
   4.45367101e-01
   3.37852519e-01
   1.07458212e-01
   1.57922942e+00
   8.81079010e-01
  -6.79911384e-01
   6.56712900e-01
  -1.31702642e+00
   3.38573475e-01
   6.66897139e-01
  -2.79128985e-01
  -7.31936422e-01
  -1.10843987e+00
   3.32157610e-01
   1.50277934e+00
  -1.06356974e-01
  -1.66424611e+00
   3.60443863e-01
  -1.29678417e+00
   2.38577917e-01
   8.84248825e-01
  -1.19166762e-02
   1.47123196e+00
  -2.12113268e-01
  -1.39528109e+00
   9.08721267e-01
   1.92703029e+00
   6.21780749e-02
  -3.29946332e-01
   1.22136161e+00
  -8.05677031e-01
   3.92702741e-04
   2.22905022e-01
  -1.50573875e+00
  -4.28850057e-01
  -1.39772433e+00
  -5.26137779e-01
  -1.18953439e+00
   3.62583269e-01
   2.59774179e+00
   4.04013219e-01
   1.58250084e+00
  -6.24145816e-01
   7.41262461e-01
   1.13405662e+00
  -1.51017178e+00
   1.86439486e-01
  -8.63928982e-01
  -1.16019157e-01
  -6.08100397e-01
  -3.33388703e-01
   6.47871766e-01
  -6.03453478e-01
   2.01337419e+00
   4.95856142e-02
  -1.35451311e+00
  -9.28219499e-01
  -1.29819779e+00
  -2.06640619e+00
   1.03711133e-01
  -5.01821509e-01
   8.29417808e-02
  -1.65946805e+00
  -9.94817482e-01
   7.47058916e-01
   6.86891620e-02
  -1.01118431e+00
  -4.90759614e-02
  -8.03618282e-01
   6.50299465e-01
   5.90275262e-01
  -7.44821192e-02
  -2.01658748e-01
   7.97644679e-01
   1.76123574e+00
   2.78040085e-01
   1.80346937e+00
  -1.24247992e-01
   1.59663742e+00
   3.74474497e-01
   2.19016888e-01
   4.51562175e-01
  -1.76657954e+00
  -4.09797706e-01
  -4.93393081e-01
   1.70006892e-01
  -1.22736322e+00
  -2.49481873e-01
   6.27757289e-02
   9.59444507e-01
   1.56770465e+00
  -3.20943166e-01
   1.81003172e-01
  -7.35915026e-01
   1.39968598e+00
  -1.61336909e-01
  -7.26457923e-01
   8.66536204e-01
   2.18425584e+00
  -1.60833965e+00
   2.19109870e+00
  -1.18303384e+00
  -5.82607027e-01
  -6.31603207e-01
   3.34783622e-01
   2.10217114e+00
   6.30198351e-01
  -3.34981338e-01
  -8.05313245e-01
   1.89804273e+00
   1.05635881e+00
  -2.02658435e-01
  -6.81765860e-01
   1.24539823e+00
   2.93657522e-01
  -1.35346461e+00
   1.20277988e+00
  -1.48056587e+00
  -1.02406244e+00
  -2.21995638e+00
   1.66745073e+00
   8.31952482e-01
   7.14862448e-01
  -1.28508478e+00
  -3.52679939e-01
   9.00177832e-01
   2.59105417e-01
  -1.28328652e+00
  -8.98955123e-02
   5.08790722e-01
   3.50257736e-01
   1.04222071e-01
  -8.59241934e-01
  -8.63634892e-01
   3.51831815e-01
   1.51424545e+00
  -2.25530767e+00
  -1.03623895e+00
   1.31826758e+00
  -1.04163208e+00
   5.81347952e-01
   1.55744317e+00
  -5.97892461e-02
  -7.37320582e-02
   9.56618960e-01
   1.58598641e+00
  -4.69147627e-02
   1.22133353e+00
   1.10495833e-01
  -3.96722704e-01
  -1.49607721e-01
   6.13142558e-01
   3.46948891e-01
   8.64600190e-02
   1.66363234e+00
   7.62659226e-01
  -1.91258782e+00
   5.57474271e-02
   1.21027757e+00
  -2.90333541e-01
  -5.22208789e-01
   4.82668767e-01
  -9.14216455e-01
   2.70609280e+00
   4.49276726e-01
   3.04525321e-01
  -1.34989627e+00
  -9.26434249e-02
  -6.75588403e-01
   2.07158524e+00
   2.31897093e-01
   8.99460837e-01
   1.20826013e+00
   3.39514760e-01
  -1.06036507e+00
  -2.24923479e+00
  -7.65632509e-02
  -1.03469024e+00
  -9.25704155e-01
  -8.59812068e-01
   1.05249623e+00
   9.05249019e-01
  -1.09344486e+00
   5.99853292e-01
   8.85265322e-02
   9.93619222e-01
  -1.86243282e+00
  -8.26550777e-01
   9.10597265e-01
  -1.50502336e-01
  -1.30946355e+00
   9.69498907e-01
   1.89074817e+00
   1.91863507e+00
   1.68314061e+00
   8.30656363e-01
  -7.98191872e-01
  -4.28470714e-02
  -3.55040163e-01
   2.56018434e-01
  -7.23154008e-01
   5.26160889e-01
   6.65277301e-01
  -9.32574233e-01
   1.20503467e+00
   1.74110127e+00
   1.85946283e-02
  -2.31670937e-01
  -4.02950072e-01
   1.81591006e+00
  -2.33578999e-01
   5.63753983e-01
  -1.47571875e+00
   2.46756472e+00
   1.11550135e+00
   1.69497525e+00
   9.23556049e-01
  -2.04816171e-01
  -1.07976345e+00
  -3.25704014e-01
  -1.36277946e+00
  -6.77012650e-01
   1.21564739e+00
  -9.88922266e-01
  -1.22265829e+00
  -5.85732497e-01
  -7.57974893e-01
  -2.82309595e-01
  -1.57277659e-01
   8.61422019e-01
  -1.84262218e-01
   7.93720046e-01
   6.11838511e-01
   5.89089634e-01
   3.67023571e-02
   1.09957191e+00
  -3.08100667e-01
   4.31575419e-03
  -6.66449897e-01
  -3.11564726e-01
   4.75335399e-01
  -6.30437379e-01
  -1.07167020e-01
   1.17180176e-01
   3.38204159e-01
   1.50586690e+00
  -4.20993316e-01
   4.99333440e-01
  -1.64882062e+00
  -5.14178163e-01
   5.55675245e-01
  -1.93406484e-01
  -6.31119606e-01
  -5.91875207e-01
   3.51982739e-01
   7.08833509e-01
  -1.17499633e+00
   1.51762599e+00
   5.62331631e-01
   7.06817608e-01
   4.58308991e-01
   1.11045349e+00
  -3.24363027e-01
   4.50018619e-01
  -1.12077457e+00
  -1.01874259e+00
   6.29265673e-02
  -4.09513310e-01
  -4.62931525e-01
  -2.14427538e+00
  -8.18132890e-01
  -1.12893366e+00
   3.44495914e-01
   6.49947953e-01
  -1.18139936e+00
  -1.38045372e+00
  -1.10898443e+00
  -5.58991770e-01
  -2.63183668e-01
  -1.14888190e+00
   1.14014565e+00
   5.14196698e-01
   2.20364153e-01
   1.95469309e+00
   5.29003957e-01
  -1.30336238e+00
  -5.28065712e-01
   1.30554832e+00
  -2.77912940e-01
  -4.73588954e-01
   6.12988830e-01
   7.54283791e-02
   8.26092208e-01
   4.33331018e-01
   1.10909291e+00
  -2.37836210e-01
   9.36792590e-02
   6.64906964e-02
  -2.49424651e-01
  -6.91455920e-03
  -5.44577766e-01
  -8.93477837e-01
  -6.96386752e-02
  -2.79116840e-01
   1.55029890e-01
  -1.98262616e-01
   1.33008990e+00
  -6.84568608e-01
  -7.84362451e-01
   9.26367177e-02
   3.30632068e-01
  -7.17834261e-01
  -1.39690801e-01
   2.16806241e-01
   3.40666524e-01
   1.65291587e+00
  -3.10822148e-01
   6.79724324e-01
  -8.06467694e-01
  -4.90794096e-01
  -1.63493939e+00
  -2.47557697e-01
  -1.12530587e+00
   3.21693399e-01
   6.82848096e-01
   2.20973305e-01
  -3.54969874e-02
  -9.11009622e-01
   7.79746641e-01
  -1.16407169e+00
  -3.22059141e-01
  -3.73462349e-01
   2.92722672e+00
  -2.36613644e-01
   1.90039397e-01
   1.50177351e+00
  -1.47930907e-01
  -6.31123344e-01
  -1.01202569e+00
  -2.27291143e-01
  -7.76584785e-01
   6.14038961e-01
  -5.46052325e-01
  -8.56143404e-01
  -3.39910210e-02
  -6.92339389e-01
  -7.75468431e-01
   5.26291342e-01
   1.07431964e+00
   8.16462890e-01
   2.76644226e-01
  -4.41511368e-01
   4.66864001e-01
  -8.36093345e-02
  -1.11451315e+00
  -2.51155011e+00
   5.96948523e-01
   1.17029437e+00
  -2.16968588e-01
   1.20023744e+00
  -5.17492501e-01
  -7.56001935e-01
  -1.03824620e+00
  -4.06509795e-02
  -1.36686930e+00
  -2.81426057e-01
  -1.15351512e+00
   4.23084267e-02
  -7.76989466e-01
  -1.92068146e+00
   3.27460097e-01
  -1.62622239e+00
  -1.56643428e+00
   1.09095755e+00
  -1.06588813e+00
  -7.86881533e-01
  -3.38970723e-01
   6.02939410e-01
  -1.96750777e+00
  -3.71108749e-01
   6.30943668e-01
  -1.10629587e+00
  -1.33151404e+00
   1.17388823e+00
   7.80606018e-01
   2.51462838e-01
   2.66243688e-01
  -5.55932048e-01
   1.46151785e+00
  -6.58933304e-01
  -8.05087831e-01
  -1.67797909e+00
   5.05693146e-01
   4.18167882e-01
  -8.23409761e-01
   6.87432803e-01
  -1.15795362e+00
  -3.56674799e-01
   1.90349559e+00
   1.04102938e+00
   1.45604117e+00
   6.74919536e-01
   2.79162137e-01
   4.36347310e-01
  -4.89582664e-01
   7.29259744e-01
   1.81661260e-01
   8.59959473e-01
   1.00770975e+00
  -7.29436507e-01
  -3.30128828e-01
  -6.66604403e-01
  -1.63853340e-01
   6.54520344e-01
   5.33265849e-01
  -1.49035193e+00
   1.29215028e+00
   2.08281244e+00
   2.25502881e-02
  -2.13884254e-02
   1.34748465e+00
   1.21598245e-01
  -3.64990118e-01
   1.55585855e+00
  -1.44148360e+00
  -3.78745323e-02
   9.35820206e-01
  -5.53843963e-01
   1.65705380e+00
  -1.39168616e+00
  -3.39763999e-01
   1.39579710e+00
  -2.63761989e-01
  -1.13296739e+00
   5.07970498e-01
   4.68950551e-01
  -1.48220622e-02
  -1.11150011e+00
  -6.97997417e-01
   1.41757718e+00
  -5.77786269e-01
   2.27180849e+00
   1.55309670e+00
   6.14215606e-01
   1.38174177e+00
  -1.21616253e+00
   3.72292534e-01
  -1.61503311e+00
   1.47665839e+00
   2.55887186e+00
   6.95672848e-01
   1.37551442e+00
   1.35808153e+00
  -5.02670460e-01
  -9.44878924e-01
  -1.02339185e+00
   2.10294178e-01
   1.72629757e+00
  -9.46280689e-02
   1.91734689e+00
  -2.08650211e+00
   1.58467561e+00
  -6.36388877e-01
  -2.66512418e-01
   5.86379473e-01
  -1.96513754e-02
   2.49349717e-01
   1.61337732e-01
   4.17706122e-01
   1.43755093e+00
   2.73379652e-01
  -1.21378283e+00
  -5.10889528e-01
  -9.71407606e-01
  -7.19993082e-01
   2.63440193e+00
  -7.07016860e-01
  -9.47051926e-01
   9.58594931e-01
  -1.68255881e-01
  -1.48569520e+00
   1.64144429e-01
  -2.01526327e+00
  -8.05620692e-01
  -3.95369265e-01
   6.70004702e-01
   9.68904009e-01
   3.25518674e-01
   4.73131806e-01
  -1.88360372e+00
  -5.07217020e-01
  -4.25607675e-01
   1.53999116e+00
   3.05752712e-01
   5.90274316e-02
  -4.69838480e-01
   9.42797327e-01
  -2.08923751e-01
   1.15443589e+00
  -9.83267196e-01
   1.38118764e+00
  -2.26458660e+00
   1.24270691e-01
  -6.49492875e-01
   1.00554738e-01
   7.08844609e-01
   6.56582879e-01
   9.46663000e-02
  -1.81055133e-01
   3.30100780e-01
   4.70058297e-02
   1.37811027e-01
   7.28049801e-01
  -6.71075877e-01
   2.96968226e-01
  -7.49423626e-01
   6.12956637e-01
  -1.16027845e+00
   6.26344575e-01
   2.27670371e+00
   6.09658856e-01
  -1.49472762e-01
   4.63727503e-01
  -7.27474232e-01
  -1.61839416e-02
  -1.00851336e+00
  -6.65914013e-01
   1.81413233e-01
   7.22268070e-01
   7.92803397e-01
  -1.70386601e+00
  -8.74407251e-01
  -9.32507266e-01
  -3.44612154e-01
  -7.45006400e-01
  -6.16851298e-01
  -1.78402063e-01
   1.39435023e+00
   1.39383218e+00
   1.72211903e+00
   1.30620844e+00
   1.14297070e-01
   8.33702781e-01
   1.80510766e-01
   4.66661126e-01
   8.86170102e-01
   1.04186438e-01
  -2.17426784e-01
  -3.66473539e-01
   6.02912018e-01
   7.30700925e-01
  -1.44206326e+00
  -1.00600496e+00
  -5.41049255e-01
   1.08154322e+00
   5.05518526e-01
   2.37958547e-01
  -3.21128457e+00
  -4.27004095e-01
   1.72993876e-01
  -5.21938955e-01
   3.47121716e-01
  -8.40650354e-01
   7.96143010e-01
  -1.97666048e-01
   1.23173712e+00
  -1.44599471e-02
   1.40867966e+00
   2.34462650e+00
   9.71819585e-01
   2.02654538e+00
  -2.86254164e-01
   2.54313321e-01
   8.09958797e-01
   4.49498488e-01
   1.02634518e+00
   1.40962111e+00
   1.01541021e+00
   1.97794453e-02
   1.14919066e+00
   1.10146695e+00
   2.09458332e-01
   5.60724479e-01
   6.97332584e-01
  -9.11315158e-01
  -1.58291952e+00
   4.34422039e-01
   1.99508509e-02
  -1.59465942e+00
   9.35583676e-02
  -1.13921486e+00
  -1.06858524e-01
  -1.65974848e+00
   9.51648511e-01
  -9.09636282e-01
   8.70753778e-01
  -1.39453126e+00
   1.41218469e+00
   6.36246644e-01
  -4.58543934e-01
   2.82837790e-01
  -8.09077631e-01
  -8.04566768e-01
   2.96592259e+00
   1.07241756e-01
  -4.69702339e-01
   2.42993027e-01
   3.20499790e-01
   1.24578856e+00
  -3.18307083e-01
   1.73761048e+00
  -1.72267478e+00
   1.15597530e+00
  -1.48431546e+00
  -9.46935658e-01
  -9.14543544e-01
  -1.09664950e+00
   2.59837420e-01
  -1.36147684e+00
  -3.10451834e-01
   1.27433389e+00
   9.22878079e-01
   7.73717681e-01
  -4.91225507e-01
   3.86740118e-01
   9.68828037e-01
   4.55076147e-01
  -3.30756119e-01
   6.85117541e-01
   6.01041348e-01
   3.55255427e-01
  -8.57553019e-01
  -3.75653724e-01
  -2.34718953e-01
   1.60369868e-01
   1.15404128e+00
  -5.98791885e-01
  -1.35911706e+00
   5.33236702e-01
   7.88763239e-01
   1.11553202e+00
   5.61363498e-01
  -1.02255449e-01
   4.33106897e-01
  -2.86561844e-01
   2.09779909e+00
  -2.49150200e-01
  -1.09229767e+00
  -7.19423461e-01
   1.30557869e+00
   2.06390880e-02
  -5.17237739e-01
  -1.09060744e+00
   1.80489789e+00
  -4.37912422e-02
  -7.98580009e-01
   7.61322366e-01
   6.32227108e-01
   8.62953781e-01
   4.33296124e-02
  -6.17797008e-01
   9.71866820e-01
   8.16083882e-01
   1.03992195e+00
  -8.46379143e-01
   1.74402079e-02
  -3.35391998e-02
   1.79570163e-01
   1.81713147e+00
  -3.57780343e-01
  -5.86824314e-01
  -2.93548255e+00
  -1.74554073e+00
  -5.84743417e-01
  -4.97010370e-01
   2.08428446e+00
  -9.59172720e-01
  -1.03034457e+00
   1.48965771e-01
  -5.52538071e-01
   5.94265876e-01
   1.55268990e+00
  -1.75533274e+00
   8.00256123e-01
   2.25765335e+00
   2.05635047e+00
  -3.38326905e-01
   4.93096481e-01
  -9.27597252e-01
  -2.74821161e-01
   3.51603336e-01
   7.03142356e-02
  -5.21861670e-01
   4.99523186e-01
  -9.63707687e-01
   1.53742231e+00
   5.71906497e-01
   5.17877747e-01
  -2.07122416e-01
  -2.64250526e-02
  -7.66876363e-01
   1.20435846e+00
  -1.41135659e+00
   5.26982126e-01
   3.56539495e-01
   6.57139807e-01
  -1.27013733e+00
   8.54205765e-01
   7.32100731e-02
   7.48682075e-01
   9.43768347e-01
   2.90046887e-02
   3.64357968e-02
   3.29641266e-01
   4.66080237e-01
  -3.26610507e+00
  -2.96139180e-01
  -1.32009961e+00
  -1.34553982e+00
   7.31448739e-01
  -5.55353673e-01
  -2.40610709e+00
  -1.10899768e+00
  -1.93694253e+00
   3.64887926e-01
   5.60697516e-01
  -4.26209951e-01
   3.16196340e-01
   1.85835570e-01
  -1.60779725e+00
   9.00882441e-01
   5.07980457e-01
   1.48325563e+00
   1.39672164e+00
   9.38351313e-01
   9.48595254e-01
  -5.25427489e-01
  -1.60297803e-01
   5.73189600e-01
  -5.84738234e-01
  -7.87875637e-02
   6.00767805e-02
   1.26429172e+00
  -6.97597407e-01
   5.54859144e-01
   9.01315692e-01
  -4.74089053e-02
   5.97407309e-01
  -7.93332998e-01
  -7.58428312e-01
   1.69129129e+00
   1.05340214e+00
   4.85516602e-01
   9.26308702e-02
  -1.51548064e+00
   7.88550538e-01
  -1.36346079e+00
   2.18892165e+00
  -3.10927706e-01
  -4.15367575e-01
   1.64724749e-01
   1.42090750e+00
   2.32724563e+00
  -6.14595629e-01
   4.35078180e-01
  -1.28189470e-01
   1.13813631e-01
   2.80320730e-01
  -2.47960625e-02
   1.37825737e-01
   1.00396268e-01
   2.12165338e+00
   7.81338663e-02
   6.15932257e-01
   3.92497858e-01
   9.63524087e-02
  -9.54402229e-01
  -4.19479462e-01
  -4.88158820e-01
   1.10905017e+00
  -1.06982486e+00
   1.76062887e-01
  -8.65423851e-01
  -8.59996223e-01
   8.71128648e-01
  -1.08250128e+00
  -2.17832346e+00
  -7.68739843e-01
   1.28297880e+00
   1.15109374e-01
   1.56444438e+00
  -1.12544914e+00
   1.69009256e+00
  -1.35273139e+00
   9.08921187e-01
  -7.33594670e-01
  -7.21123958e-01
   1.25673171e+00
   6.40386880e-01
   3.94300693e-01
  -2.94619322e-01
   1.33435615e+00
   1.32997553e+00
  -4.16557305e-01
   5.38025981e-01
  -1.45472895e+00
   8.12976842e-01
  -1.87169189e-02
   5.72270449e-01
   3.10060338e-01
   2.28020739e+00
  -6.54727942e-01
  -8.00697293e-01
   9.32788410e-01
   6.57081594e-01
  -2.37784936e-02
  -3.17415566e-01
   1.32412804e+00
   3.29935911e-01
  -1.79061460e-01
   1.11493607e+00
  -7.52463411e-02
  -1.03721793e+00
   3.30855631e-01
  -7.44816744e-01
  -1.66499440e+00
  -9.37050235e-01
   1.98898028e-01
   1.43297184e+00
  -3.67035727e-02
   1.66056886e+00
   6.07983912e-01
  -1.66454862e+00
  -1.25937056e+00
   1.92825710e+00
   3.15650408e-01
   6.11784603e-01
  -1.49528333e+00
  -1.27978975e+00
  -1.88309631e+00
   9.83499092e-01
  -5.06956254e-01
  -1.08396310e+00
   1.61818167e+00
   7.56492233e-01
  -2.61203763e-01
   2.73078998e-01
  -3.29288867e-01
  -5.74044851e-01
   6.05276148e-01
   8.76247076e-02
  -1.03906681e+00
   1.53450748e+00
  -6.89841255e-01
  -1.11636594e+00
   1.33369648e+00
   1.38980187e+00
   1.01623339e-02
   1.66840729e+00
   1.92022727e+00
  -6.25093579e-01
   7.85892895e-01
  -8.83992524e-03
  -5.68738416e-01
   2.12327571e-01
   4.32316756e-01
  -6.43004238e-01
  -5.92092744e-01
  -9.99919280e-02
   6.99070805e-01
   5.66609328e-01
  -1.69393079e-01
  -1.24296665e-01
   6.96693924e-01
   1.42301570e+00
   1.19191620e-01
  -3.90108293e-01
  -7.28525035e-01
   1.68760363e-01
   3.62662674e-01
  -6.28427938e-01
  -1.11628719e+00
   9.98296704e-01
   1.10768961e+00
  -2.90315240e-01
  -6.94126203e-01
  -3.31149153e-01
  -7.02423019e-01
   1.06090259e+00
   2.92526596e-01
  -4.47093485e-01
   4.79025795e-01
   2.84454799e-01
   1.98400015e-01
  -9.06466752e-01
  -1.09754308e+00
   4.23241855e-02
   8.91949308e-02
   2.42408377e-01
   3.04736093e+00
  -1.55269630e+00
  -1.91495697e+00
  -5.76573702e-01
   4.60388537e-01
   1.70096776e-01
   1.11371933e+00
   2.01155276e+00
   4.88455633e-01
   2.43141074e+00
   9.84598376e-01
  -7.32648285e-01
   4.56067182e-01
   2.09359265e+00
  -2.73766095e-01
  -9.59148452e-01
  -2.77705446e-01
  -3.81636320e-01
   4.48620659e-01
   8.24637742e-01
  -1.55219081e-01
  -1.04086810e+00
  -7.51484407e-01
   3.48550403e-01
  -8.58274017e-01
  -6.84358504e-01
  -9.25419005e-01
   9.48301921e-02
  -1.23315571e+00
   4.28271225e-01
  -2.13471270e+00
  -6.71585620e-01
  -1.68466018e+00
  -1.42729902e+00
  -1.57012451e+00
   5.43087826e-01
  -1.03468668e+00
  -1.64662341e+00
  -1.23975840e+00
   5.16236164e-01
  -7.77825148e-01
  -7.02461277e-02
   1.14447865e-01
  -6.86250285e-01
   1.39745894e+00
  -3.03105783e-01
   1.18096420e+00
  -7.68396161e-01
   2.43999834e-01
   4.94253578e-01
  -1.90048345e-01
  -3.54260183e-01
   1.82291011e+00
  -1.83388149e+00
   8.59782154e-02
   3.99496141e-02
  -1.30436433e+00
  -1.46469257e-01
   9.68069595e-01
  -2.74012416e-01
   2.19904053e+00
   6.41897084e-01
  -1.27066354e+00
  -9.59631828e-04
   1.40290763e+00
  -5.08353873e-01
  -9.27970077e-01
  -7.32560846e-01
  -6.98330359e-01
  -3.71805873e-01
   9.27962026e-01
   1.01186028e+00
  -1.21614607e-01
   1.76548036e+00
  -1.95508870e+00
   1.70181353e-01
   1.00572664e+00
   1.72509371e-01
  -3.90868784e-01
   1.08291002e+00
  -6.92365766e-01
  -6.92400895e-01
   9.11848711e-01
   1.68536025e+00
  -3.87746203e-01
   1.14929804e+00
  -6.98756984e-01
   2.03543317e-01
  -1.00308676e+00
   2.20991563e+00
   4.34091660e-01
  -4.82682100e-01
   2.81921535e-01
  -8.87203921e-01
   1.12453008e+00
  -2.65030920e-01
  -2.59048077e-01
  -5.00348551e-01
  -3.86586322e-01
   4.90373201e-01
   1.12336669e+00
  -1.28059574e+00
   2.08880230e+00
  -8.74597674e-01
   3.18562336e-01
   9.15728684e-01
   6.86188836e-01
  -1.73561965e-03
   5.76630313e-01
   9.02449478e-02
  -1.39142259e+00
   5.29921861e-01
  -1.56778803e+00
  -1.91240005e+00
  -3.21137276e-01
   1.32818805e+00
  -6.33038024e-01
   2.21313670e-01
   1.07602472e+00
   3.64790483e-01
  -2.29222522e+00
   2.20256455e-01
  -2.32602824e-01
  -1.08871175e+00
   5.08678164e-01
   6.37031731e-01
   1.68227688e+00
   3.52883958e-01
  -5.37626875e-01
   1.35737911e+00
   5.29556199e-02
   6.13905217e-01
  -5.71431549e-01
   1.16809051e+00
   2.75582633e-01
  -1.21637334e+00
   5.56438105e-01
   6.18132285e-01
  -2.73886293e-01
  -2.70499580e+00
   6.31572663e-01
  -2.37952376e-01
   6.95653379e-01
   2.60162307e-01
   2.95647174e-01
  -1.96628984e+00
   1.01256325e+00
   5.22222905e-01
   7.48774711e-01
   1.22954367e-01
   6.81393149e-01
  -1.06395122e-01
  -2.44167712e-01
   3.67068387e-01
   5.60752074e-02
  -4.49608723e-01
  -2.17602091e+00
   9.64945906e-01
   5.37234521e-01
  -1.05087339e+00
   1.03017978e+00
  -5.91895057e-01
  -8.70891178e-03
  -3.62330232e-01
  -5.09038884e-01
   1.98128337e-01
   6.80993334e-01
   7.38771418e-01
  -2.81692718e-01
  -1.36820389e+00
   1.68871448e+00
   1.10779315e+00
  -2.91580450e-01
   8.19800064e-01
   5.85809518e-01
   1.35142850e+00
   1.37329883e+00
  -1.42349143e+00
  -4.24732632e-01
   5.76205368e-01
  -6.77278598e-01
   1.53446893e+00
   5.67802996e-01
   1.15506111e+00
  -1.62055253e-01
   1.40472288e+00
   6.97916757e-01
   2.51145217e-01
   1.22080556e+00
   4.82076978e-01
   2.08014950e-01
  -1.07392033e+00
  -1.29214400e+00
  -6.80637571e-01
   1.36541780e+00
   8.57022301e-02
   5.38670630e-01
   5.69160560e-01
   4.47056856e-01
  -9.08037798e-01
  -5.14898440e-01
   1.84261387e-02
   2.50648426e-01
  -1.22823766e+00
   1.04450963e+00
  -2.16021165e-01
   4.26448633e-01
   1.84295554e+00
   1.47037072e+00
   1.48421480e+00
  -2.45497581e-01
   6.47971022e-01
   9.16303437e-01
  -1.33631357e+00
  -1.04115444e+00
   6.42263341e-01
  -1.69498288e+00
  -1.28463876e+00
  -7.99893099e-01
  -9.35125241e-01
  -9.67309906e-01
  -2.46059544e+00
   1.21330999e-01
  -8.31110788e-01
   1.41876719e+00
  -2.76095436e-01
  -9.71702652e-01
  -1.00042210e+00
   1.32323615e+00
  -3.26970906e-01
  -1.46424475e+00
   2.31184057e+00
   3.80448489e-01
  -1.97866608e-01
   4.43924238e-01
   1.15486820e+00
  -8.02228405e-01
  -1.93720204e+00
  -1.73156300e+00
  -5.53218385e-01
  -1.84390020e+00
   4.78509334e-01
   4.27562121e-01
   5.48079006e-01
   1.17762023e+00
  -9.87264349e-01
   1.77286066e+00
  -1.06254897e+00
   1.60371758e-01
  -1.16866173e+00
  -1.62666230e+00
   1.50107398e+00
   4.59955206e-01
  -4.94862375e-02
   8.91547178e-01
   1.97848998e-01
  -1.07525075e+00
  -3.21955223e-01
   4.56143927e-01
   8.32171606e-01
   7.19915289e-01
  -1.01083676e+00
  -2.65496940e-01
  -8.69041797e-01
   1.14896840e+00
   2.78377152e-01
  -1.75410515e+00
  -1.22766383e+00
   1.39312566e-01
  -5.29028004e-01
  -7.37228167e-01
   6.69948342e-02
  -2.03758183e+00
   1.37755198e+00
   9.74424736e-01
  -9.74829257e-01
   4.83474017e-01
   1.66765181e+00
   1.99079704e+00
  -1.00236364e+00
  -1.48876098e+00
   9.85337378e-01
   1.10273337e+00
  -9.63624726e-01
  -1.02670619e+00
  -2.59206384e+00
   4.29984037e-01
   1.01962612e+00
   1.79620699e+00
   1.84229499e-01
  -3.52726582e-03
   4.91841683e-01
   6.26010325e-01
  -1.93991562e+00
   6.93109120e-01
   1.09127496e+00
  -7.20824985e-01
  -1.07511099e+00
  -8.56544482e-01
   3.02294374e-02
   9.89335372e-01
   4.35944675e-01
   3.90940086e-01
  -2.77241838e+00
  -4.13894440e-01
   6.18431332e-01
  -1.02522449e+00
  -1.08225841e+00
   1.83850883e-03
  -1.63423716e+00
   1.50524792e+00
   1.57748338e+00
   1.97205678e-01
  -3.99944823e-02
   2.68363719e+00
   1.26673234e+00
   1.21063042e+00
  -2.71354477e+00
  -1.68963677e-01
  -4.83431039e-01
   5.09547895e-01
  -1.21233409e+00
   8.77906555e-01
   1.03343796e-01
   7.89210549e-01
   1.84373374e-01
   9.41012412e-01
  -3.09696644e-01
  -3.81449509e-01
  -2.67223434e-02
  -1.49443336e+00
   1.41182306e+00
   6.99541366e-01
  -1.99940264e+00
  -1.01476723e-01
  -5.87759403e-04
  -3.30981626e-01
  -5.27642846e-01
  -6.29264458e-01
  -1.92114658e+00
   2.19449304e-01
   9.09676177e-01
  -4.55253713e-01
  -8.40436700e-01
   4.33670348e+00
   4.70742121e-01
  -1.02544486e-01
   4.28724241e-01
   1.05938697e+00
   1.20166203e+00
  -4.46311830e-01
  -1.19175171e+00
  -1.31078507e+00
  -8.05410774e-01
   1.77665334e-02
   1.44571600e-01
   1.65332763e+00
  -6.64818331e-01
  -1.70452958e+00
   3.47596354e-01
   1.43881733e+00
  -2.31310367e-01
  -1.09318393e+00
  -2.09737528e-01
  -2.01312994e+00
   1.75121159e+00
   1.40986108e+00
  -1.47846572e-01
   3.73867622e-01
  -4.48158700e-01
   1.58751564e+00
   1.75043798e+00
   1.57795835e-01
   3.37996704e-01
   1.16569114e+00
  -8.23388921e-01
  -1.00126762e-01
  -3.30195193e-01
  -2.42255239e-01
  -7.23395660e-01
  -7.18795471e-01
   3.41433413e-01
   1.99810289e+00
  -2.10957694e-01
  -7.55696257e-03
   1.32987384e+00
   1.22838831e+00
   1.37900434e+00
   3.88553041e-01
  -4.94456340e-03
   1.19307629e+00
   1.71024648e+00
  -2.31020798e+00
  -4.75632225e-01
  -1.35868773e+00
   3.44540809e-01
   5.80344269e-01
   2.91763371e-01
   8.01929405e-01
  -1.20818079e+00
  -1.38468461e-01
  -6.16996590e-01
  -1.10528762e+00
   5.62525418e-01
  -1.65881745e+00
  -1.29200671e+00
  -4.24451628e-01
   2.68558225e-01
  -1.63927772e-01
  -1.69010478e+00
  -1.83077970e-01
   6.12775998e-01
   6.50805047e-02
   1.62164215e-01
   6.32472139e-01
   3.02721447e+00
  -1.15115886e+00
  -1.28623949e+00
  -1.17609186e+00
   6.80626068e-01
  -8.93992435e-01
   1.04481134e+00
  -2.92936961e-01
   6.80512792e-02
  -4.47845774e-01
   4.15335759e-01
  -1.13807456e+00
   6.88857796e-01
  -3.96550028e-01
  -1.87365102e+00
  -5.26409282e-01
  -1.29987887e-01
  -7.18804432e-01
   1.35767450e+00
  -7.99832891e-02
   7.42903339e-01
  -8.75053716e-01
  -5.91959689e-02
   2.10492573e+00
   1.56461300e+00
  -2.15547880e-01
   8.63078304e-01
  -1.50413542e+00
   4.19585948e-01
  -2.12052071e-01
   5.11112980e-01
   6.51520535e-01
   1.83948097e+00
  -7.53411170e-01
   8.11040315e-01
   9.06284195e-01
   9.98809597e-02
   2.92552971e-01
   2.92959109e+00
   6.03461837e-01
   3.65890024e-01
  -6.73333099e-01
  -1.35350033e+00
  -4.23054795e-01
  -1.34681685e+00
  -1.45240582e+00
  -1.44812767e+00
   4.90596769e-01
  -1.13107434e+00
   1.05927023e+00
   9.61311979e-01
   3.34956526e-02
  -1.48950147e+00
   8.52302132e-01
  -1.14498454e+00
   5.92343395e-01
   6.37168097e-01
   5.79181169e-01
   1.95311748e+00
   9.25563352e-01
  -2.13921943e-01
  -2.63680308e-01
   1.09941475e+00
   9.41926662e-01
  -9.29805475e-01
   8.08032791e-01
   6.97772199e-01
  -1.45705115e+00
   5.16201428e-01
   9.78221893e-01
   1.48246904e-01
   8.26119483e-01
  -4.44655571e-01
  -1.94229905e+00
  -1.80128441e+00
  -1.39798480e-01
   1.43731059e+00
  -1.05399665e+00
   3.17152967e-01
  -6.34082657e-02
  -1.08950309e+00
  -6.58405381e-01
  -7.17891551e-01
   8.89574836e-01
   1.55808880e+00
   1.42681935e-01
   1.15452896e+00
  -9.65574417e-01
  -9.04047208e-02
   1.06935487e+00
   9.10243766e-01
  -3.00816766e-01
  -1.61919478e+00
  -4.40199059e-01
   9.96943966e-01
  -1.66655982e-01
  -7.53166184e-01
   2.90758950e-01
  -3.41735126e-02
  -5.86520240e-01
   1.38217475e+00
  -4.42605140e-01
  -1.01227171e+00
   5.87547396e-01
  -1.26843440e+00
   4.07911387e-01
   1.06760923e+00
   2.20527915e+00
   8.18794890e-01
  -4.78740287e-02
  -7.14715324e-01
   1.16284629e+00
  -1.14752285e+00
  -6.00102998e-01
   6.30227133e-01
   6.11202726e-01
  -9.46792635e-01
   1.01139771e+00
   6.51090223e-01
   2.97555476e-01
  -2.25075781e-02
  -1.38849438e-01
   5.94080071e-01
   4.75868233e-01
   1.51313119e+00
  -1.57996114e+00
  -2.13051434e+00
  -1.07015614e+00
   2.58545982e-01
   1.78584263e-01
   1.85035831e-01
  -4.43733055e-01
  -1.40407936e-01
   3.60863790e-01
   8.28959825e-01
   1.17769820e-01
  -3.44270125e-01
   7.08773317e-01
   2.01553725e-02
   4.24774394e-01
  -6.09464952e-01
  -4.12825568e-01
  -1.65072678e+00
   9.19298603e-01
   7.30287827e-02
  -2.74224459e-02
  -1.94273363e+00
   4.21039017e-01
  -1.65646807e+00
   8.13666517e-01
   1.78956906e+00
   1.06859529e+00
   1.00435579e+00
  -3.71921599e-01
  -1.30077354e+00
   7.28948850e-01
  -9.75812402e-01
  -3.74977954e-01
  -2.91532280e-01
   1.68975775e-01
   4.56605480e-01
  -1.14259306e+00
   1.64139866e+00
  -8.53926910e-01
   1.49508121e+00
  -8.64308552e-01
   1.32023192e+00
   8.62497001e-01
  -8.07750471e-01
   3.49322413e-01
  -3.87273437e-01
  -5.16102644e-01
  -2.59375451e-01
   1.06562047e+00
  -1.20645944e+00
   1.96978997e-01
   9.15931880e-01
   5.67963632e-01
  -1.44792354e+00
  -1.31835711e-02
  -1.62436328e+00
  -8.35193134e-01
   1.01159283e+00
  -7.10388124e-01
   2.68452691e-01
  -2.61817235e+00
   2.13959312e+00
   1.41067679e+00
  -6.27992007e-01
   1.04607673e+00
  -2.35566734e-01
   9.91036881e-01
  -7.71091887e-01
  -2.19114819e+00
  -8.06020802e-01
   1.39867710e+00
  -4.01437682e-01
   4.70017852e-01
   3.67623969e-01
   1.55011148e+00
   6.48737409e-01
   1.08458023e+00
  -1.34185847e+00
  -2.84063084e-01
  -4.84366481e-01
  -2.16054519e+00
  -6.92190815e-01
  -1.00109448e+00
  -1.42437830e+00
  -4.65975011e-01
   7.03868350e-02
   1.59097793e+00
   1.04287995e-01
  -1.78558368e+00
   5.53156874e-01
  -7.56210358e-01
  -4.90181418e-01
  -1.26873644e+00
   3.81606139e-01
  -2.41352684e-01
  -8.79358679e-01
  -1.84628690e+00
  -1.09954145e+00
   6.17075124e-01
  -3.07961538e-01
  -5.76468095e-01
   7.86552115e-01
   1.65276512e+00
  -4.90878236e-01
   1.73340286e-01
   1.47205996e+00
   1.32120977e+00
  -2.59315816e-01
  -5.60797397e-01
   6.24577349e-01
  -4.35840244e-01
   2.14831276e-01
  -2.30001947e-01
   1.65022995e-01
   2.19061733e-01
   1.22102776e+00
  -3.37786568e-01
   1.35046006e+00
   6.42284235e-01
   1.05978835e+00
  -1.67731709e+00
   2.66020958e-01
  -1.07757153e+00
  -5.29448776e-01
   4.76801955e-02
   8.67374038e-02
  -1.40937586e+00
  -7.97907683e-03
  -2.28748385e-01
  -3.70602635e+00
  -5.26740413e-02
  -7.67012489e-02
  -1.09291528e+00
  -6.13798505e-01
  -3.42405082e-01
   4.80264441e-01
  -4.70748263e-01
   5.95322348e-01
  -1.57479470e+00
  -1.49680972e+00
   2.03242768e+00
   1.87807748e+00
   5.45085934e-01
  -4.52849165e-01
  -4.88975648e-01
  -2.44574726e-01
   3.41853482e-01
  -8.77273285e-01
   4.06912755e+00
   2.35871634e+00
   7.53695202e-01
   3.10204637e-01
   1.24796491e+00
  -1.45191822e-01
   1.24042931e+00
  -1.55306901e-01
   1.99599681e-01
  -1.46435516e+00
   1.22302233e+00
  -8.15903721e-01
   1.59607862e+00
  -4.92935578e-01
   2.06550306e-01
  -5.01746229e-01
  -3.71284323e-02
   1.10475260e+00
  -1.62035229e+00
  -3.26045367e-02
  -3.56106743e-02
  -1.41606174e-01
  -1.39801581e-02
   2.36514411e+00
   5.42483700e-01
   1.52474110e-01
  -1.15057004e-01
  -5.34651557e-01
   2.35558570e-01
  -9.11349584e-01
   1.56346059e+00
   8.03047000e-01
  -1.78057237e+00
   9.44158136e-01
   1.18603079e-01
  -3.83800559e-01
  -5.43566334e-01
   1.97579485e+00
   1.94595252e-01
  -4.03966213e-01
   5.25909116e-01
  -1.86296564e-01
  -8.89691051e-02
   1.27489061e+00
   1.72835694e+00
  -1.02846406e+00
   7.24956274e-01
   4.67027908e-01
   6.21132603e-01
  -3.20172566e-01
  -3.40753455e-01
  -1.16242482e+00
   4.39927536e-01
  -5.03866114e-01
   5.57587773e-01
  -2.37476810e-01
   5.08552734e-01
  -7.65357689e-01
  -9.09872688e-01
   7.68655484e-01
  -1.48992782e-01
  -8.31189825e-01
  -2.08131717e+00
   8.77901128e-01
  -3.07014631e-02
   2.59675863e-01
  -1.01762392e+00
  -2.14902945e-01
  -9.71620198e-01
   5.73875987e-02
   7.57323771e-01
  -1.74984257e+00
  -2.11150785e+00
  -1.64124801e+00
  -1.34475012e+00
   8.67282078e-01
  -4.81958793e-01
   9.27714035e-01
   1.00329437e+00
   4.15228598e-01
   4.13451415e-01
   3.18636206e-01
  -5.82680978e-02
  -9.06633090e-02
   7.25662206e-01
   4.98415130e-01
  -4.48602185e-01
  -7.93852890e-01
   9.42234229e-01
   9.40179518e-01
   2.34852430e+00
   4.59746807e-01
   9.72979855e-01
  -1.93862398e-02
   9.67931591e-01
  -8.47189940e-01
  -1.53757395e+00
   2.67896350e-01
   1.51366245e-01
  -7.11698181e-01
   8.74767388e-01
   4.92448314e-01
   1.00462698e+00
   1.12915381e-01
   2.00522254e+00
   6.37633526e-01
  -1.12941897e+00
   1.44408176e+00
  -1.00871520e+00
  -3.93439591e-02
  -2.59511213e-01
  -7.35302294e-01
   7.41421885e-01
   2.83771166e-01
  -1.38662798e-01
   1.15569930e+00
   2.39139601e-01
   1.42415927e-01
  -4.35289274e-01
   7.24609497e-01
  -1.79475728e-01
   4.87332240e-01
   1.92556477e-01
  -1.85444199e+00
  -4.38375723e-01
  -4.84995767e-01
  -7.53463263e-02
  -3.52472298e-01
   5.99445388e-01
  -3.56200863e-01
  -2.54959205e-01
  -9.06471119e-01
  -2.65696437e-01
  -7.95620280e-01
   6.41382834e-01
  -2.71400110e-01
  -7.62842030e-01
  -1.93569914e+00
   7.60561150e-01
  -1.50441389e+00
   8.80250109e-01
   1.65458179e+00
   2.65795530e-02
  -9.77121574e-01
   1.23191766e+00
  -1.88843711e-01
  -3.17532341e-01
  -1.76825121e+00
  -2.00515770e-01
  -6.15089852e-01
  -5.11768402e-01
  -3.93083223e-01
  -2.91355191e-01
   1.36630825e-02
  -2.76563919e+00
  -1.14477274e+00
   2.03552419e-01
   5.90667040e-01
  -4.70839089e-01
  -1.28841235e+00
  -7.86000371e-01
   7.12016020e-01
   7.83301418e-02
   4.51791446e-01
   1.71093191e-01
   1.98938045e+00
  -3.36943660e-01
   1.76156623e+00
   3.77570240e-01
  -3.04787833e-01
  -8.86319010e-01
   1.30044717e+00
   2.83259385e-01
  -1.14978036e+00
  -6.52217824e-01
   7.32116691e-01
   1.45753534e+00
  -3.20001851e-01
  -2.75297210e-01
  -6.63444109e-01
   1.11113512e+00
  -1.02454996e+00
  -5.15790487e-01
   1.85627578e+00
  -2.17051603e+00
  -6.44903400e-01
   1.59878650e+00
   6.67638602e-01
   2.92789314e-01
  -9.42568292e-01
   8.85281009e-01
   1.07064153e+00
   1.00079357e+00
  -1.75176270e-01
  -7.90649136e-02
  -1.92046488e-01
   4.14094499e-01
   1.49010478e+00
  -5.81628331e-01
   3.95987062e-01
   9.34795977e-01
  -1.07141220e-01
  -4.61147038e-01
  -1.68325908e-01
   1.43157702e+00
  -1.87094861e-01
   1.16670042e-01
   5.90633301e-01
  -5.01570045e-02
   1.37795754e-01
  -4.02844746e-02
  -4.15729199e-01
   1.29343673e-01
   1.94948591e+00
   6.80855640e-01
  -6.46478107e-02
  -9.22193833e-01
  -5.24910382e-02
   8.42653274e-01
   3.05397543e-01
  -5.00931344e-01
  -9.20365050e-01
   3.37980101e-01
   1.38643949e+00
  -5.69383967e-01
   7.54271466e-01
  -5.23991420e-01
  -9.27180359e-01
  -8.29368370e-01
   5.47620796e-01
  -1.20533374e+00
   1.32683807e+00
  -3.39669226e-02
  -2.80056006e-01
   4.46712667e-02
  -4.04665421e-01
  -1.55636988e+00
  -3.35926604e-01
   5.89129072e-02
   2.39153778e+00
  -5.19255938e-01
   6.92490412e-01
   4.37790399e-02
  -6.21622810e-01
  -2.03490365e-01
   9.11114082e-01
   6.10695521e-01
  -6.53715962e-01
   6.07694545e-01
  -8.52572137e-01
  -8.10326782e-01
  -3.79123620e-01
  -6.50689565e-01
   6.29288631e-01
  -3.15872221e-01
   3.71387932e-01
   2.10820474e+00
   1.27059953e+00
  -1.19088490e-02
   3.05484511e-01
  -8.14449916e-01
   2.25590648e-02
   9.70456651e-01
  -9.03805059e-01
   7.96368223e-01
  -2.69379153e-01
  -6.72236712e-01
   1.38801954e+00
   3.83502952e-01
   1.79498524e+00
  -1.92449227e-02
  -4.99974202e-01
   1.90536363e+00
   5.68056065e-01
   4.45636655e-02
  -1.98112161e+00
   3.85478040e-01
  -2.19276064e+00
   6.81163388e-01
  -5.56019091e-01
  -9.93055972e-01
   1.03895150e+00
  -9.49589599e-01
   2.28287701e+00
   6.85845393e-01
   1.18012883e-01
   9.08720652e-01
   1.12185487e-01
   2.58315077e-01
  -1.75978014e+00
  -8.36455308e-01
   1.60390038e-01
  -1.22247915e+00
  -1.46045154e+00
  -6.17471290e-01
   5.56315308e-01
  -4.20675499e-01
  -7.02812965e-01
  -2.27521829e-01
  -6.14123124e-01
   4.51703107e-01
  -2.57349005e-01
  -2.25521777e-01
  -1.61428717e+00
  -7.57041615e-01
   1.15401395e-02
   1.05108576e+00
  -2.31496927e-01
   2.54343170e-01
   6.38845345e-01
  -9.18412404e-01
   7.65703635e-01
   3.08291997e-01
  -1.02051979e+00
  -1.00811426e+00
  -1.38140819e+00
  -3.25463027e-01
   9.40493629e-02
   1.81117517e-01
   5.62648649e-01
  -8.43284377e-01
  -1.41616167e-01
  -9.93936282e-02
  -1.98653529e-01
   2.79365820e-01
   1.61346652e+00
  -8.18895700e-01
  -6.75046179e-01
  -4.50222807e-01
  -2.45830124e-01
   7.66534349e-01
   3.07482975e-01
   1.51456408e+00
  -1.05392643e+00
  -2.56446395e+00
  -9.77628601e-01
   3.65165858e-01
   1.86572137e-01
   1.33402438e+00
  -2.63606056e-01
   2.05599121e-01
  -5.02189111e-02
   3.57274015e-01
  -1.22270431e+00
  -5.04288766e-01
  -1.18986420e+00
   4.56857219e-01
   7.21503447e-01
   4.61594604e-01
  -4.87487246e-01
   8.52495628e-01
  -3.56856393e-01
  -1.10005885e-01
   2.61860960e-01
   1.78904976e+00
  -3.96419783e-02
  -6.32382604e-01
   9.64282436e-01
   9.99747607e-01
   1.56601368e+00
  -7.39092626e-01
  -7.26776248e-01
   1.22463052e+00
  -1.26184618e-01
   1.48987179e-03
   4.69762057e-01
  -2.07597509e-02
   6.59596851e-01
  -1.16423797e+00
   1.70104657e+00
   9.56672818e-01
  -6.17550817e-01
   1.73432552e+00
   1.40470663e+00
  -4.44411148e-01
  -7.07102042e-02
   5.94407777e-01
   1.22583607e+00
   3.61944575e-01
   1.49609839e+00
  -1.39877918e+00
  -7.32407324e-01
   2.03350207e+00
  -2.54753267e+00
   8.11395837e-01
   1.15102743e-01
  -7.40834086e-01
   6.61140402e-01
  -3.48216493e-01
  -1.01197943e+00
   1.03452250e+00
  -2.09006825e-01
   1.45431613e+00
  -8.57856371e-04
  -1.02399201e+00
   4.53199670e-01
   1.53464706e+00
  -1.37382146e+00
   2.33794814e+00
   3.19723229e-01
  -5.71731208e-01
  -4.94423119e-01
   6.96965474e-01
   4.10953478e-01
  -1.56975572e+00
  -2.92258944e-01
  -5.41303217e-02
   1.25882968e+00
  -9.03811375e-01
  -9.59070672e-01
   4.17366770e-01
   1.23482965e+00
  -3.82685987e-02
  -9.28055858e-02
  -9.94239020e-02
  -2.21241465e-01
  -1.55802559e+00
   3.87415096e-01
   3.51551612e-01
   2.42304139e+00
  -3.14103784e-01
  -2.42175973e+00
   1.26586318e+00
  -2.49829369e+00
  -4.10041040e-01
  -1.57939090e+00
   9.41925309e-01
   6.79063775e-01
   1.96457394e+00
   2.20918309e-02
   1.14523424e+00
  -6.08376097e-01
  -5.02371829e-01
  -8.26482184e-01
   9.16778611e-01
  -8.56376061e-02
   1.71736467e+00
  -1.26013175e-01
  -2.10505617e+00
   1.14026677e-01
  -5.63522546e-01
  -1.31660308e+00
  -1.06483223e+00
  -3.75657734e-02
  -1.52976859e-01
  -1.53262297e+00
  -3.84553547e-01
   2.34960630e-01
  -1.31636766e-01
  -1.19140176e+00
   4.32273538e-01
  -1.22120581e+00
   1.60589681e+00
  -5.07804537e-01
  -5.74839960e-01
   1.27835781e+00
  -2.35165779e-01
   4.12438547e-02
  -1.03440159e-01
  -1.11156463e+00
  -3.37447911e-01
   4.42502618e-01
   2.43856835e+00
  -4.32146891e-01
  -9.64110732e-01
   8.73673101e-01
   1.05503342e+00
  -4.31704834e-01
   2.01088631e+00
   9.09243991e-01
  -2.38940173e-01
  -5.13958105e-01
  -1.29132034e+00
   4.39021666e-01
  -2.19695565e-02
  -6.58266376e-01
  -7.41045968e-02
  -4.24770154e-01
  -1.02950213e+00
  -1.13879237e+00
   7.41975732e-02
   1.05905372e+00
   1.22254621e+00
   2.09597548e-01
  -1.27670304e+00
  -1.25479261e+00
  -4.56059517e-01
  -1.18957933e+00
   3.78831585e-01
   3.01933809e-01
   1.11223428e+00
   1.56191958e-02
   9.81733891e-02
   2.87717781e-01
  -6.56836093e-01
  -3.94992370e-01
  -4.66139887e-01
  -9.70953948e-01
  -1.66691181e+00
   3.47379681e-01
   8.14289602e-01
   1.15143064e-01
  -9.76595950e-02
   3.59031764e-01
  -7.39354809e-01
  -1.05383942e+00
   1.12978873e+00
  -8.19899706e-01
  -2.02338987e+00
  -3.92811055e-01
   1.12029105e+00
  -1.18418614e+00
   3.48930417e-01
   9.83351918e-01
  -1.59206969e-01
  -8.28609611e-01
  -9.62211344e-03
   1.62484988e+00
  -7.68900911e-01
   6.19956150e-02
   7.55273382e-01
   3.19389817e-01
  -1.09866317e-01
   1.34771502e+00
   4.25942581e-01
  -1.54855228e-01
  -4.55640636e-01
  -1.94746111e+00
   2.19317237e-01
  -1.71136685e-01
  -3.69171461e-01
  -9.43467019e-01
   1.55025209e+00
  -8.11230192e-01
   5.00436676e-02
  -2.96596492e-02
  -7.67186624e-01
  -9.96508374e-02
   2.05231170e-01
   1.03709566e+00
   8.51070542e-01
  -3.14154088e-01
   5.97799758e-01
  -5.64260799e-01
   5.55311687e-01
  -2.04419670e+00
   1.39065679e+00
  -9.91061600e-01
  -7.10569578e-01
  -1.22873409e+00
  -3.80303059e-01
  -1.42962414e+00
   7.28655249e-01
  -7.09707430e-01
  -2.74547103e-01
  -7.45651645e-01
  -2.60242336e-01
  -1.82477839e+00
  -1.83321107e-01
   4.19958908e-01
  -1.63685972e-01
  -2.58589719e-01
  -3.23701296e-01
   5.62280671e-01
  -1.56618762e+00
   8.76784226e-01
  -3.76183475e-01
   1.53664536e-01
   3.17343172e+00
  -3.05095513e-01
  -2.78058486e-01
   4.40174763e-01
  -6.44443415e-01
  -3.35129987e-01
  -1.70712972e+00
   6.61109958e-01
   1.04447908e+00
   8.27888217e-02
   7.63533469e-01
  -1.31479894e+00
  -7.21676710e-01
   2.17326994e+00
  -7.88018296e-01
   2.61621093e-01
  -8.50088623e-01
   6.19933296e-01
  -2.07510674e-01
   1.24783238e+00
   2.24063311e-01
   5.50653803e-01
   7.96644574e-03
   5.38569755e-01
   6.78330487e-01
  -1.00032345e+00
  -3.12622213e-01
   1.84346205e-01
  -2.99478119e-01
  -1.58151036e+00
   1.92452864e+00
   5.09770908e-01
  -1.07958058e+00
  -6.84897462e-01
  -3.12630703e-01
   7.50432182e-01
  -1.58778528e+00
   7.98561389e-01
  -2.26917978e-01
   2.68597601e-01
   5.64471982e-01
  -1.15750658e+00
   1.31907132e-01
   2.09148420e+00
  -4.46059374e-01
   1.99096857e+00
   4.55325076e-01
  -4.78462439e-01
  -1.74098022e-01
  -4.78162456e-01
   1.83677830e+00
  -1.16712030e+00
   9.44603553e-01
  -8.70622960e-01
  -1.24766046e-01
   6.86477042e-01
  -7.60543183e-01
   1.83388196e-03
   1.73570370e+00
   4.88922741e-01
   2.41521083e-01
   2.05819072e-01
  -2.97734833e-01
  -4.31580792e-02
  -1.01933189e+00
  -1.48506327e-01
   3.24305861e+00
  -3.28346669e-01
   1.43793771e-02
   1.60817286e+00
   8.17368601e-01
   1.53810536e+00
   1.45173205e+00
  -7.96539094e-01
   9.36619316e-01
  -5.59094242e-01
  -1.25690372e+00
  -1.67406190e+00
  -1.18921777e+00
   4.57530361e-01
  -7.21930615e-01
  -6.33967961e-01
  -1.25396867e+00
   1.03526638e+00
   4.11100168e-01
   2.51603211e+00
  -1.18299070e+00
  -1.58144811e+00
  -4.56076229e-01
   1.24855313e-01
  -1.02632366e+00
   1.20200591e-01
  -1.49092886e-01
  -1.02977695e+00
   3.50626112e-01
   3.24566994e-01
   4.23099562e-02
  -1.29347259e+00
   2.75941697e-01
   1.36152892e+00
   5.36311538e-01
  -5.33102356e-02
  -2.51501631e-01
  -1.18406767e+00
  -9.76587708e-01
  -8.68484374e-01
  -7.85311226e-02
   4.30935722e-01
  -9.40304889e-01
  -1.66901949e+00
  -4.09830602e-01
  -1.22499682e+00
   1.58909230e+00
   1.04871001e+00
  -3.60639150e-01
  -3.69891317e-02
  -9.22556101e-01
  -1.63141958e+00
   7.94619618e-02
  -2.32753622e-01
   7.00533683e-01
  -1.10138908e+00
   5.00287786e-01
   7.81435681e-02
  -4.44546573e-01
   8.59944536e-01
   6.97912049e-01
  -4.15442741e-02
   8.31190612e-01
  -1.54309759e-01
  -4.61868301e-01
  -8.02891555e-01
  -1.63235588e+00
   1.48485102e-01
  -6.87739206e-01
  -1.60419003e+00
  -7.59986080e-01
   1.32844864e+00
  -5.64210252e-01
   1.57030145e+00
   9.67752219e-01
   1.54854866e+00
  -4.41599318e-01
  -1.60822560e+00
   4.87194194e-01
  -7.24826290e-01
   3.91860978e-01
  -1.57908910e-01
  -5.46978450e-01
  -1.35807664e-01
   4.75883989e-02
   3.34289672e-01
  -8.94932339e-02
   3.69755395e-01
   4.90251874e-01
  -1.56635341e+00
   3.09252873e-01
   8.51756477e-01
  -2.36239478e-01
   7.93898450e-01
   1.70022085e+00
  -2.95276949e-01
  -2.56195081e-01
   3.00287281e-01
   4.17745746e-01
  -8.08688035e-01
  -7.66419925e-01
   1.72109311e+00
  -1.64952549e+00
  -3.94225503e-01
   6.37880557e-01
  -1.03821782e+00
  -4.85502602e-01
   2.01128247e+00
   1.66063519e-01
  -9.08136273e-02
  -7.97295998e-01
   6.26850712e-01
  -4.46519811e-02
   1.64995644e+00
  -8.50753947e-01
  -1.15487840e+00
  -4.63281336e-01
  -1.06742269e-01
  -7.73079820e-02
   1.78106828e+00
  -6.85620579e-01
  -1.34248115e+00
  -1.51786733e-01
   2.96064414e+00
   1.90780054e+00
   3.58205127e-01
   1.87441722e+00
  -8.18235826e-01
   1.23486050e+00
  -5.34697532e-01
  -9.31502062e-01
  -2.15123683e-01
   2.55593843e-01
  -3.37440788e-01
  -6.64481538e-01
   5.63740618e-01
   5.61400004e-01
   3.59305687e-01
  -5.98850298e-01
   1.18780281e+00
   6.60928569e-01
  -7.67012508e-01
  -1.18176036e+00
  -1.42112377e+00
  -8.61914126e-01
   9.04164987e-01
   6.81376073e-01
   3.07032283e-01
   1.03785491e+00
   1.78893297e+00
  -5.43112565e-01
   2.16015146e+00
   9.93544512e-01
  -4.93488021e-01
  -1.26661976e+00
   7.70092435e-01
  -1.64748438e+00
  -5.74949436e-01
  -9.31681237e-02
   1.31668745e+00
   3.25160700e-01
  -6.79133048e-01
  -1.34265717e+00
   1.02550829e+00
  -2.27402227e-01
  -1.98365791e+00
  -7.14759367e-01
   3.24778605e+00
  -4.38300676e-01
   1.09181389e+00
   1.69037485e+00
  -2.38945059e+00
  -7.85560257e-01
   1.82039463e+00
   4.25447568e-01
  -4.45977562e-01
   2.20118796e+00
  -8.95113422e-02
  -2.41788435e-01
  -3.54946886e-01
   3.64485729e-01
   1.02787059e+00
  -3.33277948e-01
   2.47107049e-01
   1.44777228e+00
   1.98257404e-01
  -2.91771811e-01
  -7.91724477e-01
  -1.16768250e-01
   5.78980357e-01
  -2.11695254e+00
  -8.72512140e-01
   1.90950935e-01
  -5.85813084e-01
  -8.07991255e-02
  -1.01250042e+00
  -6.50456369e-01
  -2.66433736e-01
   1.05771255e+00
   1.86766746e+00
   1.02771171e+00
  -5.61654916e-01
   3.14650310e-02
   1.67166984e+00
   2.39225212e-01
  -3.18815756e-01
   2.24229785e+00
  -1.13713899e+00
  -1.55997280e-01
   9.13083873e-01
  -8.66433911e-01
  -9.97814167e-01
