  -1.18630658e-01
  -1.03192785e+00
  -4.41698592e-01
   1.19384559e+00
  -1.33887288e+00
  -2.01849659e+00
  -3.58802210e-01
   7.38068345e-01
   1.92504960e-01
  -1.65267297e+00
   5.65270474e-01
   1.44031965e+00
   5.38552264e-02
   8.48894060e-02
   1.18848903e+00
  -1.16450335e+00
   3.98638755e-01
  -2.03747941e-01
   1.14612904e+00
  -6.19189728e-01
   1.99277138e+00
   5.28685746e-01
  -9.19744390e-01
   1.28619708e+00
  -7.87549578e-02
  -7.42981870e-01
   2.35364175e+00
  -2.90221492e-01
  -8.69630027e-01
  -6.24720450e-01
   5.42980978e-01
  -1.09196795e+00
  -7.76851673e-01
   5.57763630e-01
  -1.14342053e+00
  -1.29800412e+00
  -5.16733681e-01
  -6.76101806e-01
   6.16542565e-01
  -4.77864768e-01
   6.37312538e-02
  -1.12577072e+00
   4.94104820e-01
   2.44696564e+00
   4.67964711e-01
  -9.91703152e-02
  -1.06429308e+00
   2.21865474e+00
   7.34751278e-01
   2.00458120e+00
   2.30843866e-01
   1.50845284e+00
   1.14972873e+00
  -7.19125270e-01
   3.16587289e-01
   1.22666791e+00
  -7.93455245e-01
   7.00498912e-01
  -2.87767943e-02
  -1.79420852e+00
   5.51138266e-01
  -1.45875442e+00
  -1.01287452e+00
   1.43850583e+00
   9.86575783e-01
  -8.08464221e-01
  -7.65798168e-01
  -9.01468390e-01
   6.26427444e-01
   2.46835770e+00
   4.65003309e-01
   3.02059187e-01
  -1.86669642e+00
   3.76966545e-01
   5.45537115e-01
  -1.87476743e+00
  -5.43195003e-01
  -4.21418791e-01
   1.47802461e-01
  -6.04823051e-01
   1.48570614e+00
   1.00461665e+00
  -5.14186283e-01
   5.57399786e-01
  -2.08260439e-01
  -4.25614517e-01
   7.47856768e-01
  -9.10554615e-01
  -1.11374713e+00
   2.37387166e+00
   1.90816017e+00
  -4.29112226e-02
  -2.02679106e+00
  -6.98185050e-02
   4.81762263e-01
  -7.47066375e-03
   2.50486302e-01
  -2.66608427e-01
   1.07784511e+00
  -1.06281078e-02
  -6.17094575e-02
   1.21521517e+00
   6.68721621e-01
  -1.68757727e+00
  -8.21870057e-02
   3.17390672e-01
   1.25917185e+00
   1.48285179e+00
   7.58166933e-01
  -1.05533310e+00
  -6.49426146e-02
  -1.72270729e+00
  -3.74910355e-01
   9.54687823e-01
   7.24554462e-01
   1.01579244e+00
   1.51501437e+00
   1.55130184e-01
   8.70242526e-01
   3.80052490e-01
   1.46394006e+00
  -3.62948990e-01
   2.49560150e-01
  -7.22644918e-01
   3.46633764e-01
   7.53997660e-01
  -6.45423822e-01
  -5.40736686e-01
  -1.13397270e+00
   8.96049077e-01
  -1.28856180e-01
   4.52957426e-01
   1.68671230e+00
  -1.82421365e+00
   1.81229644e+00
  -4.01871982e-01
   1.31418807e-01
  -1.04493806e+00
   9.69497573e-01
   1.42871642e-01
  -1.60483768e+00
  -1.19288985e+00
  -5.13612366e-01
   1.73461439e-01
   7.29531320e-01
   1.99120321e-01
   5.57995449e-01
   7.50801697e-01
   4.28508085e-01
   4.74109916e-02
  -1.04660143e+00
  -1.08435330e+00
   6.22480019e-01
  -9.86691519e-01
  -3.81443452e-01
  -1.76136777e+00
  -3.50911243e-01
   6.97456195e-01
   2.80521089e-01
  -6.81305812e-01
   1.20030037e+00
   6.21159808e-02
   1.67503293e-01
   4.66191666e-01
  -6.36382180e-01
  -2.90764558e-01
   1.39309946e+00
   4.81727516e-01
   2.80629593e+00
  -1.19535984e+00
   1.18674222e+00
   2.35143707e-01
   1.04273039e+00
  -6.17569997e-01
   5.44628686e-01
   1.47730304e+00
   9.22938490e-01
  -2.58104824e+00
  -1.08201592e+00
   7.15814907e-01
   3.08192960e-01
   1.32228988e+00
  -1.38817278e+00
  -1.31520104e+00
   1.54774823e+00
  -3.69648109e-01
  -3.03065765e-01
   5.51110454e-01
   6.41730945e-01
  -9.15830290e-01
  -3.17085234e-02
  -3.18270946e-01
  -1.47399950e+00
  -7.88319091e-01
   9.98517066e-01
  -1.06442477e+00
   3.96695662e-01
  -3.14373178e-01
   8.51251590e-01
  -1.69641067e+00
   1.54690113e+00
   1.77939455e-01
   4.66138147e-01
  -1.59593527e+00
  -7.75771359e-01
  -5.65204987e-01
   2.55992495e+00
  -9.30854627e-02
   1.21558252e+00
   2.02660762e+00
  -1.77755046e+00
   1.19500116e+00
  -1.19205800e+00
  -5.09291971e-01
   1.20577887e+00
   8.25307259e-03
  -5.34293111e-01
   3.52889773e-02
  -2.39975967e-01
  -2.74110598e-01
  -1.88367499e+00
  -8.24890520e-01
   6.27792109e-01
   6.51944584e-02
  -3.22367508e-01
  -4.63319251e-01
  -1.97934988e-01
  -7.03863627e-01
   5.21023950e-01
   6.42612738e-01
   7.93874816e-01
   5.64191118e-01
  -2.39438016e+00
   4.85153978e-01
   1.18431280e+00
   2.26132803e-01
   1.46281359e+00
   2.20205004e+00
   1.31536286e+00
   7.72412765e-02
   9.50248360e-01
  -6.27272865e-01
   1.29753767e+00
  -3.62701984e-01
   5.36621887e-01
  -5.81855360e-01
   8.37588217e-01
  -5.03223155e-01
   7.96882699e-01
   2.50252606e-01
   8.47352220e-01
   1.46415727e+00
   4.98647144e-01
  -9.92456705e-01
   4.77096590e-01
  -6.21405143e-03
  -1.43983698e+00
  -4.49041896e-01
  -1.82877480e+00
   1.18801033e+00
   1.19095591e+00
  -5.03206015e-01
  -1.39817831e-01
  -1.42603306e-01
  -7.02017465e-01
  -7.29154948e-01
   6.50573293e-02
   2.35667031e+00
  -9.22609540e-01
   2.34906401e-01
   6.38876132e-01
  -6.23355661e-01
   6.33764432e-01
  -6.53087629e-01
  -1.13430731e-01
   1.66417593e+00
   4.46675676e-01
   6.20887320e-03
   1.91403218e+00
   9.37434904e-01
   1.23249586e-01
  -2.75803636e-01
   2.01054042e+00
   6.26573348e-01
   2.83168503e-02
  -1.58637319e-01
  -5.36389992e-01
  -5.31847764e-01
   6.41400374e-02
  -2.66358226e-01
  -1.06782972e+00
   9.29384134e-01
  -6.96451508e-02
   1.31746485e-01
  -2.12331637e+00
  -7.72250856e-01
  -2.38220008e-01
  -9.21495675e-01
   2.32131979e+00
  -5.17080087e-01
   1.16467319e+00
  -2.40147566e+00
   1.32459328e+00
  -9.04662446e-01
  -1.23055492e+00
  -4.05259547e-01
   1.25948077e+00
  -1.97528778e-01
   4.78944389e-01
  -5.83238933e-01
  -1.29193363e+00
   9.84996094e-02
  -4.75660137e-02
  -8.09299475e-01
  -9.43894171e-01
   4.11167088e-01
  -1.90069124e+00
   5.75080206e-01
  -1.66423973e-01
  -1.33258812e-01
  -6.40134334e-01
  -2.17833931e+00
   5.88120290e-01
  -3.51176587e-01
   6.14700718e-02
   3.36272417e-01
  -1.94823002e+00
  -2.14415668e+00
  -1.39628547e+00
  -9.04275518e-01
  -5.99409758e-01
  -1.18310335e+00
   1.20361755e-01
  -8.59109521e-04
   1.05908489e-02
  -2.56256914e-02
  -2.63881672e-01
  -1.51291234e+00
  -1.68317910e-01
  -5.89503300e-01
  -3.79074908e-01
  -2.81457006e-01
   8.50447439e-01
  -1.29161306e-01
   1.53299298e+00
   1.07128658e+00
  -5.66946235e-01
  -7.43815212e-01
  -3.43267119e-02
   3.25474277e-01
   1.99115363e+00
  -4.34159956e-01
   1.62299153e+00
   1.12242758e+00
  -4.68267236e-01
   1.06547139e+00
  -3.65044396e-01
  -1.78413875e+00
  -1.50063968e+00
   7.40270767e-01
  -1.50051811e+00
  -1.06338757e+00
  -1.40698660e+00
  -1.95502125e+00
   1.29728390e+00
   2.25212874e-01
   5.24195743e-01
   4.77791623e-02
  -1.09586264e+00
   6.47503328e-01
   9.92400394e-01
   1.32698546e-01
  -1.08627033e+00
   2.37935938e+00
   2.76780521e-01
  -1.95522459e+00
   1.08706940e+00
  -1.20911064e+00
  -9.42590896e-01
  -5.92956820e-01
   2.47281272e+00
   3.85877840e-01
  -7.33997576e-01
  -7.64706663e-01
  -2.48645263e-01
   3.14130661e-01
   6.05591443e-02
  -1.44435635e+00
   9.05219518e-01
   1.75145968e+00
   1.97030383e-01
   1.72744801e-01
   5.08760963e-01
   9.90995801e-01
   1.21884919e+00
  -1.20238828e+00
   1.30130823e+00
  -6.09330867e-01
   1.55340789e-01
  -1.85143984e+00
   1.19786318e+00
   1.79176431e+00
  -5.58110810e-01
  -4.61045593e-01
   1.77112359e+00
  -1.04880670e+00
   5.22710326e-01
   1.24702723e-01
   2.41858310e-01
   9.44777193e-01
   1.93530595e-02
   2.03079333e+00
   1.08566607e+00
  -4.00617843e-02
  -2.03773773e+00
   9.62704588e-01
  -9.27082244e-01
   2.69633049e+00
   1.37733905e+00
   7.89034033e-02
  -5.72829991e-01
  -2.11599240e-01
  -2.86903306e-01
  -2.01790097e+00
  -3.79247463e-01
   1.24941505e+00
   1.07466062e+00
  -1.90686964e-01
  -2.76251945e-02
   2.03431665e+00
  -8.08553819e-01
   1.17203413e+00
  -1.87119882e+00
  -2.45908175e+00
   1.85203155e-02
  -8.95916726e-01
   1.43643685e-01
  -1.55948569e-01
   3.09660587e-01
   1.52764822e+00
   4.66713792e-01
   4.33122462e-01
   5.32709318e-01
  -3.20590534e-02
  -1.70138494e+00
   1.35706405e-01
   3.02839238e-01
   8.34607249e-01
  -9.70151642e-01
  -4.72018420e-01
   1.83566319e-01
   2.09638557e-01
  -1.03653654e-01
  -6.48978043e-01
  -7.61906218e-01
  -4.26750811e-01
  -3.12432845e-02
   5.03169684e-01
  -1.84956324e-01
  -7.18546432e-01
   8.84773925e-03
  -1.48435802e-01
   5.76932073e-01
  -1.39488783e+00
  -4.83939777e-01
  -3.05063064e-01
  -7.22482127e-01
  -2.98186350e-02
  -7.99022551e-01
  -8.13697894e-01
  -3.37698778e-01
  -1.22641188e+00
   4.15595456e-01
   4.52775649e-01
   6.02681395e-01
   2.32462882e-01
  -1.61549537e+00
   5.62691698e-01
   1.98037378e+00
   1.23533834e+00
  -4.28208431e-01
   7.37265399e-01
   1.24129548e+00
   4.45120283e-01
  -2.60480969e-01
   1.37694236e-02
  -6.92845016e-01
   1.22176299e+00
  -1.31424227e-01
  -1.04520003e+00
  -5.22708766e-01
   2.38658579e+00
  -1.16813949e-01
  -4.48957797e-01
   2.93009460e-01
  -3.71829360e-01
   2.76983857e-01
   2.64054611e-01
   1.39009743e-01
  -5.83193423e-01
   1.31936826e-01
   4.15721881e-01
  -5.63470761e-01
   5.32250361e-01
  -3.97140167e-01
  -1.06388546e+00
   8.15895274e-02
   1.73424188e+00
  -8.54306002e-01
  -8.75566002e-01
   1.84525581e+00
   7.45296973e-01
  -6.21648884e-01
   1.25204382e+00
   1.10597571e+00
  -9.69809258e-01
   6.34604486e-01
   1.01487968e-01
  -1.53801058e+00
   9.74614609e-01
   1.23866284e-01
  -3.15195992e-01
  -8.12803358e-01
  -9.61508836e-02
   1.97309307e+00
   3.63373632e-01
  -6.32939904e-01
  -7.59410400e-01
  -1.32582036e+00
  -8.08723739e-01
  -2.04119130e-02
   7.07564829e-02
   1.58061318e+00
   3.41769709e-01
   4.35762909e-01
  -4.93082801e-01
   1.13910550e+00
  -3.52060799e-01
   4.71848892e-01
  -2.16634652e+00
   8.37728122e-01
   7.21052342e-01
   8.00133154e-01
  -1.60356217e+00
   9.33744241e-01
  -7.32807863e-01
  -2.50057056e-01
   1.37580895e-02
  -5.06819178e-01
   1.10709006e+00
   7.12982396e-01
   2.03759913e+00
  -5.37509377e-01
  -1.25762022e+00
  -1.11209989e+00
   4.03613773e-01
  -1.21437414e+00
  -5.08395071e-01
  -2.44471660e-01
  -1.05424669e+00
  -6.34923067e-01
  -6.45205894e-01
  -2.47981311e-01
   3.02637924e-01
   1.60209337e+00
   6.03489558e-01
   4.03037285e-01
  -6.66780932e-01
  -3.37160526e-01
   3.01416053e+00
   1.86917108e-01
   1.25679261e-01
   4.81935133e-01
   6.25808046e-01
  -1.36669265e+00
   5.53593305e-01
  -6.67970938e-01
   4.35750178e-01
  -3.41317935e-01
  -5.05020983e-01
   5.83043181e-01
  -1.14254197e+00
  -5.83477375e-01
   1.94818623e-01
  -5.50434400e-02
   6.76244149e-01
  -1.39659677e+00
  -1.63593635e+00
   6.38257974e-01
  -3.73475681e-01
  -5.42354799e-01
  -8.07238188e-01
  -4.37680261e-01
  -1.39624146e+00
  -6.77491768e-01
  -9.39744453e-02
   1.37193251e+00
   8.14834752e-01
  -7.35396324e-01
   2.93742564e-01
  -1.72115250e+00
   2.30741717e+00
   1.77707312e-01
   1.49182161e+00
   3.37936599e-01
  -1.35047296e+00
  -1.78137150e+00
  -4.80610869e-01
  -1.72686061e-01
  -6.09312158e-01
  -2.09741695e+00
   3.86213034e-01
   1.45572233e-01
  -1.49085380e-01
   1.12115427e+00
  -2.64451888e-01
   9.77186597e-02
  -7.97378307e-01
  -5.58385835e-01
   7.02138019e-01
   3.75535508e-01
   1.16872238e+00
   1.51074076e+00
  -7.90919856e-01
   5.77527337e-01
   1.03867658e+00
  -4.19189024e-01
   4.90469723e-01
   1.31553116e-01
  -4.13468773e-01
   7.07499457e-02
   5.35189612e-01
  -6.44527411e-01
   3.38090550e-01
  -8.25292219e-01
  -1.46622756e-01
  -1.45570810e+00
   9.30148508e-01
  -8.99381223e-01
  -1.30548538e-01
   8.37430882e-02
  -3.78915553e-02
   8.58733628e-01
   2.01080455e+00
  -9.11392399e-01
   4.29358589e-01
   1.39818768e+00
   7.97128570e-01
  -4.33414500e-01
  -6.69414288e-01
   9.74095022e-01
  -7.33826879e-01
   3.22996841e-01
  -2.04389118e+00
   5.54529953e-01
  -1.18612970e-02
   1.74538056e+00
   1.85736934e+00
  -9.93233851e-01
   4.53230899e-01
   1.81005417e-01
  -2.45859390e-01
  -7.40518676e-01
   8.53283399e-01
   5.71177794e-01
   5.48370201e-01
   1.18945777e-01
   1.41390858e+00
   4.58766897e-01
   3.39031444e+00
   4.20452039e-01
   1.73593302e-01
   3.47460970e-01
  -4.30741047e-01
   2.19980373e-01
  -5.14250256e-01
  -1.62879410e+00
   8.96792890e-01
  -9.58429023e-01
  -1.55714425e+00
  -1.27122947e-01
  -8.44264841e-01
  -4.03606813e-01
   2.85517036e-01
  -1.64041226e+00
   2.55126832e-01
  -2.40325362e-02
  -1.27909820e+00
   1.64844966e-01
  -1.44377012e+00
   8.39425063e-01
  -1.72322578e+00
  -8.25966690e-01
  -4.20133832e-01
   9.72203443e-01
   1.66620891e+00
   1.68286079e+00
  -1.22766538e+00
   2.37682619e-01
   1.28268972e+00
   6.25527207e-01
   2.09059708e-02
  -2.47689607e-01
   2.58881574e+00
   1.05536497e+00
   1.48959777e+00
   2.49873485e+00
   4.59153649e-02
  -5.59959741e-02
   9.38904146e-01
  -1.88323675e-01
   3.07197984e-01
  -1.07533520e+00
  -8.37486073e-01
  -1.23899338e+00
  -8.37864355e-03
   2.42385609e+00
   1.00405039e+00
  -8.13025992e-01
  -6.63433192e-01
  -5.82006187e-01
   2.24230004e-02
   4.32635552e-01
  -1.41755323e+00
  -2.41788209e+00
  -1.34694288e-01
  -2.51274021e-01
  -5.20955931e-01
  -6.41183428e-01
   7.11126685e-02
  -5.59321627e-01
  -5.28917822e-01
  -4.29008575e-02
  -6.29712559e-02
   4.14532935e-01
  -9.09090728e-02
  -5.75213618e-01
  -1.20692392e+00
  -1.20695147e+00
  -2.81458218e-01
   8.87698421e-01
  -1.24571999e-01
  -8.69622513e-01
   7.24882824e-01
  -7.58803974e-02
   2.35891819e+00
  -4.66290115e-01
   1.82344393e+00
  -1.94356101e+00
   1.36501784e+00
  -1.11332291e+00
  -1.61165666e-01
   2.98505376e-01
  -4.81535652e-01
  -3.59419011e-02
   5.82510865e-01
   3.83339190e-02
   1.04086173e-02
   1.25307135e+00
  -9.65414208e-02
   1.43337231e-01
  -2.17833468e+00
   2.39201109e-01
   9.43390276e-01
  -7.80197410e-01
   5.93152588e-01
   6.39279842e-01
   1.20875403e+00
  -7.80101619e-01
   2.25428670e-01
  -4.45110766e-02
   1.00033152e+00
   1.41103313e+00
   1.06315171e+00
   3.55841016e-02
  -3.97978603e-02
   1.01136653e+00
  -7.62919194e-01
  -8.56699542e-01
   1.04156879e+00
   1.34111553e-01
   6.52973742e-01
  -1.70320146e+00
  -8.46445415e-01
   3.69382130e-01
   1.00825486e+00
  -5.76966649e-01
  -1.94666340e-01
   4.50012574e-01
  -8.62060286e-01
   7.13849470e-01
   5.19050020e-01
   1.15898125e+00
   4.00968969e-01
  -1.12864739e+00
  -8.56420407e-01
   1.90810807e+00
   2.26890722e+00
  -1.36831607e-01
  -1.12948957e-01
  -5.93349777e-01
  -1.37113308e+00
   1.27362272e+00
  -1.85375163e+00
   2.25710774e-01
   1.36720159e+00
   2.99704899e-01
  -1.13169226e+00
  -3.48164444e-01
  -1.05856143e-01
   8.80800792e-01
  -7.99512366e-01
   1.07813362e+00
  -2.49676733e-01
  -1.17978279e+00
   1.11543133e+00
   1.51027140e+00
  -1.41291574e+00
   6.75518603e-02
  -2.36284861e-01
   3.39189400e-01
  -3.02871288e-01
  -9.81218543e-01
   2.12379692e-02
   2.05102761e+00
   2.51975822e+00
   2.81698663e-01
   1.76502491e-01
  -2.96574275e-01
   1.33511831e+00
   7.84091261e-01
  -1.66147576e+00
   8.95987931e-01
   2.00527361e+00
   1.34919467e+00
  -7.86105179e-01
  -2.25131648e-01
   1.17062426e+00
   1.26146147e-01
  -2.02408462e-01
  -1.30983756e+00
  -3.03286793e-01
   1.01216496e+00
  -1.15955012e+00
  -2.48683161e-01
  -1.00200766e+00
  -5.07235637e-01
   4.79900191e-01
   4.12886573e-01
   1.19452256e+00
  -7.02728565e-01
   3.44874412e-01
   1.51403570e+00
   6.44311137e-01
   3.57739378e-01
   1.97708436e-02
  -1.66812634e+00
   2.75572553e-01
   4.16336670e-01
  -8.97181634e-01
   3.03738136e-01
   1.74239394e+00
   1.22202881e+00
   1.24006396e-02
   1.77087694e-02
  -8.68487468e-01
   7.37095714e-02
   1.40353000e+00
  -3.08828290e-01
   3.57616173e-01
  -5.09873544e-01
   5.99685299e-01
  -4.07668696e-01
  -2.21839645e+00
   9.23558332e-01
   2.07136285e-01
  -1.14941241e+00
   3.51076136e-02
  -5.52682731e-01
   8.28414854e-01
   8.45383177e-01
  -1.25874190e+00
   4.88325679e-01
   4.94551428e-01
  -1.93696262e-01
   2.93299378e-01
   1.71711530e-01
  -2.52537920e-01
  -9.40407024e-01
   1.29872787e+00
  -1.07354755e-02
  -1.17560302e+00
  -7.15298979e-03
   1.82067973e-02
   5.79978870e-01
   5.04690417e-01
  -4.81883314e-01
  -2.49340208e-01
  -1.50259767e+00
   5.17284180e-01
   2.18355870e+00
   8.71905026e-01
   3.40542911e-01
   7.86267951e-01
   2.22134338e-01
   7.43965715e-01
  -1.66177970e+00
   8.78272860e-01
   5.91427236e-01
   8.75665469e-01
  -2.14740756e-01
   8.02401467e-02
  -8.70613870e-02
   1.93446476e-01
  -5.86580198e-02
  -6.95516259e-01
   1.08197200e+00
  -1.32272592e+00
  -5.49730099e-01
  -1.87298836e-01
  -1.45062311e+00
  -7.03869058e-01
   4.78392890e-01
  -9.03257535e-01
   6.85239969e-01
  -5.75873290e-01
  -3.70338279e-01
  -5.69796124e-01
   1.31884189e-02
   1.53016632e+00
  -5.75525732e-01
  -4.12311929e-01
  -1.17478519e+00
  -7.37305892e-01
  -9.66374173e-01
   6.04473380e-01
   1.65264594e+00
  -1.12310007e+00
  -3.07743976e-01
   2.73798442e-02
  -1.28216840e+00
   4.55942430e-01
   1.43876135e+00
   1.04190662e+00
   5.89482804e-01
   1.00062105e+00
  -4.48854350e-01
  -1.66637936e-02
   1.28957711e+00
  -4.07507081e-01
  -2.35325111e-01
   1.26560078e+00
   2.50393679e+00
   1.73833049e-01
   2.68417788e-01
   1.12527102e+00
   1.60297659e+00
   1.07173723e+00
  -7.82997383e-01
  -5.75055047e-01
  -2.88341616e-01
  -5.29228442e-01
   3.07069478e-01
  -1.36569540e+00
  -1.11482654e-01
  -2.05363681e+00
   2.99531323e-01
   2.86396384e-01
  -1.46270749e+00
   7.88197412e-01
  -2.20757333e-01
   1.16154456e+00
   4.87584121e-01
  -8.73304295e-01
   9.21364330e-01
   1.06623158e+00
  -1.09713272e+00
  -4.20480134e-01
  -1.32770673e+00
   3.95360529e-01
   6.10719232e-01
   8.12323791e-01
   1.98692127e+00
  -1.54707934e+00
   1.02651677e+00
   4.68967939e-01
   1.57462731e-01
  -1.72830655e+00
  -8.03323538e-01
   7.60358902e-03
   7.90021622e-01
   1.02907302e+00
  -1.14421043e+00
   2.97831464e+00
  -2.13174658e-01
  -8.90702380e-01
   2.17003371e-01
   7.74199430e-01
   3.58473187e-01
   7.40027497e-02
   1.26734371e+00
  -6.29283471e-01
  -8.03894221e-01
   1.06134294e+00
   6.20463066e-01
   9.71895736e-01
   5.66638096e-01
   1.14055673e+00
  -1.63800531e+00
   5.44426721e-01
   2.88501025e-01
  -1.20773797e+00
   2.47633640e-02
   2.13378995e-01
  -1.75519390e+00
   1.55588944e+00
   4.53082955e-02
   2.33720805e-01
  -8.84925338e-01
   6.17749603e-01
   8.93668937e-01
  -1.41733408e+00
   7.86730334e-01
   2.10261514e-01
  -4.52182397e-01
   6.70135679e-02
  -1.07850388e-01
  -1.52772390e+00
  -7.31178855e-01
  -5.99056039e-01
   1.91773464e+00
   1.58538346e+00
   5.24607074e-01
   2.54268903e-01
  -4.95466224e-01
  -2.88138024e+00
   2.19807213e+00
  -2.68847243e+00
   1.52963144e-01
  -4.68364084e-01
  -2.77435316e-01
   2.96225201e-01
   8.05325473e-01
   1.02879841e+00
  -3.62786481e-01
   1.59004866e-01
   2.08584141e-01
   4.69429212e-01
  -9.23626168e-01
   9.84312479e-01
   5.60510929e-01
  -1.01008445e-02
   1.09851282e+00
   3.69660404e-01
   1.17837845e+00
   2.11002165e+00
  -8.70753319e-01
   1.46091987e+00
  -4.89193173e-01
  -1.04448059e+00
   4.18890969e-01
  -4.53698205e-01
  -8.41676554e-01
  -2.36219770e-01
   1.02300345e+00
   1.50832500e+00
   4.92120793e-01
  -1.18042511e+00
   1.25790677e+00
   1.01834036e+00
  -4.29599795e-01
   2.52112485e-01
   7.40729244e-01
   9.71946217e-02
   1.17801762e+00
  -4.91564880e-01
   3.07025405e-01
   2.95956568e-01
   3.39212706e-01
  -4.62015602e-01
  -4.57679444e-01
   3.84272631e-01
  -2.63592629e-02
   2.24322265e-01
  -1.18154551e+00
   2.62779257e-01
   9.58453103e-01
   1.52106919e-01
   2.37195220e-01
   1.31966840e+00
  -8.74654511e-02
  -1.00162583e+00
  -1.09851670e+00
   1.62066252e+00
  -8.88067625e-01
   1.96637261e+00
   4.36987624e-01
   8.57899026e-01
   1.63131568e+00
   4.93336586e-01
   1.18215868e-01
  -1.86147388e+00
  -2.19059841e-01
   1.19382886e+00
  -2.29617266e-01
  -8.80243548e-01
   2.05262774e-03
   3.58740558e-01
   2.12910558e+00
   3.33611373e-01
   6.58238120e-01
  -2.22890973e-01
   2.60469920e-01
   7.59073200e-01
   9.73019735e-01
  -7.23581962e-01
  -4.14370666e-01
  -6.20023562e-02
   4.24140358e-03
   1.27199883e+00
  -4.36316165e-01
   1.71580277e+00
  -4.28490378e-01
  -1.49813096e+00
  -1.35502148e+00
  -2.07646992e-01
  -9.36430177e-01
  -3.82865880e-01
   1.03415312e+00
  -7.73084577e-01
  -3.67825245e-01
   5.04008320e-01
   6.51814849e-01
   6.64253585e-01
  -7.90588790e-01
  -1.11498383e+00
  -1.94320704e-01
   2.70057449e-01
  -6.36373571e-01
   1.54112378e+00
  -1.85390922e+00
  -1.33230124e+00
   2.27878211e-01
  -3.36783711e-01
  -1.30489100e+00
   2.78130409e-01
  -4.56058382e-01
  -4.16675085e-01
   8.26046608e-01
   3.15378141e-01
   2.12947017e-01
  -2.17322905e+00
   1.66620903e+00
  -7.91193646e-01
  -1.31057690e+00
  -3.41181295e-01
  -6.00749773e-01
   5.04896595e-01
   5.44322915e-01
   4.88903839e-01
  -7.51990509e-01
  -4.06264688e-01
   6.70211867e-02
   3.73321429e+00
  -3.60232457e-03
  -5.81125095e-01
   1.00268124e+00
  -9.71736825e-01
   1.89701859e+00
   4.53889705e-01
   9.17152886e-02
  -9.17631267e-01
   3.46620533e-01
   1.82172375e+00
   6.42002837e-01
   3.06325065e-01
  -4.37243053e-01
  -1.53176758e+00
   4.15638417e-01
   3.47696659e-01
   1.84056925e+00
   1.29225363e+00
   2.55843533e-01
   1.53883587e+00
  -5.61463101e-01
  -7.75544892e-01
   1.95821924e+00
  -1.16517609e+00
  -9.25205518e-01
  -1.61646362e+00
  -9.92443213e-01
  -7.60099569e-01
   5.78981587e-01
  -4.12292416e-01
  -2.41626434e-01
   5.82364526e-01
   1.35608320e+00
   7.71599418e-01
  -2.30304199e+00
  -8.21124256e-01
   5.38901291e-01
  -1.35817384e+00
   1.04205283e+00
  -2.44469835e-01
   8.13887589e-02
  -6.61472084e-01
  -5.84800348e-01
   1.10753264e+00
   1.62741137e+00
  -1.11806023e+00
  -1.39847467e+00
   2.87328053e-01
   7.90577514e-01
   1.15084911e+00
  -1.59025500e-01
  -4.38246174e-01
   1.07576526e+00
   4.79934843e-01
   4.74467891e-01
   5.68776960e-01
  -7.21098862e-02
  -2.35971993e+00
   2.71214388e+00
  -7.14758262e-01
  -6.91225409e-01
  -7.15220952e-01
   1.83094503e+00
  -6.35364521e-01
   1.38737958e+00
   2.61154221e-01
  -6.58927776e-01
  -1.27586806e+00
   3.59385732e+00
   3.22292930e-01
   9.67683747e-01
  -2.80111843e-01
  -1.07483121e+00
  -1.07626278e+00
  -1.15080714e+00
  -3.66644410e-01
   3.43012443e-01
  -5.90840694e-01
   1.42992879e-01
   1.67339456e-01
   2.24560155e+00
  -1.61199145e+00
   1.08926117e-02
  -3.83677336e-01
   5.22442747e-01
  -6.90138691e-01
  -1.18867300e-03
   7.64791319e-01
  -7.57829939e-01
   1.01027750e+00
   6.27235778e-02
  -2.70598382e-01
  -6.06664194e-01
   1.00360931e+00
  -1.93743285e-01
  -8.99378833e-01
   8.31089827e-01
  -2.12156816e-01
  -2.04470972e-01
   6.32281125e-01
  -4.74241045e-01
  -1.31071985e+00
   1.40589866e-02
   9.10732160e-01
  -1.13280133e+00
   8.13029042e-01
  -2.13287357e+00
   1.37762829e+00
  -1.82638211e+00
  -7.11788389e-01
   3.32660679e-01
  -1.07719879e+00
  -5.43095535e-01
   8.68328691e-01
  -5.94095092e-01
  -1.59809502e+00
  -4.95791903e-02
  -4.12910461e-01
  -4.83740623e-02
   8.94711852e-01
   9.21778443e-01
  -1.39348391e+00
  -2.67088946e-01
  -1.62175277e+00
  -1.31743782e-01
  -1.27144938e+00
  -2.02640905e+00
  -4.19353260e-01
  -2.73385745e-01
  -3.32628033e-01
  -2.81357377e-01
   7.00245497e-01
   6.04158132e-01
  -8.42567603e-02
   4.35334802e-01
   1.46369268e+00
  -8.76566256e-01
  -9.24434423e-01
  -1.96933437e-01
  -6.01822695e-01
   2.83670769e-01
   2.48137024e-01
  -1.56177616e+00
  -1.92442634e+00
  -7.00225552e-01
  -2.94052751e-01
   5.48728619e-01
   7.80415553e-01
   3.94944916e-01
  -1.07956762e+00
  -1.06973375e+00
  -2.79959139e-02
   1.18570587e+00
   1.14879512e+00
   2.05635958e-01
  -1.26701997e+00
  -3.99308654e-01
  -6.91269878e-02
   6.00709439e-01
  -4.41528605e-01
   1.99600283e+00
  -1.13288093e+00
  -1.37823183e+00
  -9.37608449e-01
  -5.18016637e-01
  -4.78887390e-01
   8.73600840e-01
   6.82942454e-01
  -6.62868037e-01
   8.52856545e-01
  -8.52238001e-01
  -2.02461797e-02
   1.59768344e+00
  -6.52285396e-01
  -8.98850358e-01
  -2.12518544e-01
  -1.11690940e+00
  -1.03798389e+00
   2.80910249e-01
  -5.86869754e-01
   3.69844434e-01
  -9.04102995e-01
  -2.11191420e+00
  -1.52789310e-01
   2.66683341e-01
   1.34265633e+00
  -3.27169677e-01
  -3.91246692e-01
   4.48467243e-01
  -1.66637984e-01
   6.64077169e-01
   1.32639615e+00
   2.86558642e-02
   8.18911770e-02
   3.82888555e-01
  -4.28613434e-01
  -3.38453776e-01
  -3.47591080e-02
   2.05324913e+00
  -6.30991859e-01
   7.35323229e-01
   1.49902581e+00
   1.04042242e+00
   2.83784900e-01
  -1.03434232e+00
  -1.53335553e+00
   8.72449941e-01
  -2.13349621e-01
   4.89984414e-01
   7.97416615e-01
  -3.04591233e-01
  -1.26118767e-01
  -1.12542569e+00
  -9.28347425e-01
   1.32797630e+00
   9.88529477e-02
   1.09670988e+00
   9.07740189e-01
   4.60991966e-01
   8.38906205e-01
  -7.21011322e-01
  -1.46063878e+00
   6.00995125e-01
   1.30948937e+00
   1.06718015e-01
  -1.24892640e+00
  -7.06093060e-01
   9.08682658e-01
  -3.01123382e+00
  -3.85695206e-01
  -2.54059119e-01
   9.84153619e-01
  -1.53979906e+00
  -1.51368835e+00
  -8.74598818e-01
   3.92713029e-02
  -1.28956049e-01
   7.94366020e-01
  -2.34820070e+00
  -4.56034854e-01
   8.95857668e-01
   1.41680213e+00
   5.76233083e-01
   1.80321244e-01
   3.42485205e-01
   2.93962175e-01
   7.27450566e-01
   6.19199122e-01
  -2.81291139e-01
  -1.57913400e-01
  -8.36425074e-01
  -1.28237147e+00
  -2.33439433e+00
  -3.22504013e-01
  -9.84737722e-01
   1.35770012e+00
  -6.05762895e-01
  -5.87827846e-01
   7.00216008e-01
  -3.70127454e-01
   1.03058679e+00
   1.62732115e+00
   1.11798997e+00
  -6.96354005e-01
  -2.44749866e-01
  -9.09014576e-01
  -1.24610827e+00
  -1.39162970e+00
   1.00927410e+00
  -5.97543972e-01
  -4.39075208e-01
  -1.46204907e+00
  -1.60375923e-01
  -5.95855631e-01
   1.11311631e+00
  -2.21877395e+00
  -2.67964527e-01
  -1.06703493e+00
  -1.47726089e+00
   1.18616593e+00
  -1.10546805e+00
   2.61537351e-01
   5.15388637e-01
  -2.81862653e-01
   2.46748916e+00
   2.06874868e-02
  -9.11803079e-01
  -8.36298328e-01
  -8.18951554e-01
   1.90564894e-01
  -6.52828980e-01
  -1.20359791e+00
  -8.53096789e-01
   8.56582464e-01
   1.38298513e+00
  -2.54179877e-01
  -1.67483155e+00
   3.17683028e-01
   1.11224838e+00
   1.67262542e+00
   3.38001883e-01
   1.27165305e+00
   8.34180416e-02
  -1.50866209e+00
  -7.26945862e-01
  -1.28894328e-01
   8.88968820e-01
  -3.49341771e-01
  -6.13669711e-02
   5.89101376e-01
  -5.81882624e-01
   1.47279344e+00
   1.70543573e+00
   1.11411532e+00
  -1.79867660e-01
  -1.12881817e-01
   4.33362763e-01
   4.98893936e-01
   3.19263432e-01
  -5.81133559e-01
   1.10186942e+00
   4.40665350e-01
   1.73867454e+00
   5.79002476e-01
   9.76965538e-01
  -2.01465128e+00
   8.73307673e-01
   3.96660110e-01
  -4.56101024e-01
   1.39463116e+00
   9.44855583e-02
  -7.12138684e-01
   1.14345720e-01
   2.79402617e-01
  -7.88083862e-01
  -9.47411953e-01
  -1.36199505e+00
   1.31675676e-01
  -3.11798602e+00
   2.22123255e-01
  -1.22418561e+00
   1.26101106e+00
  -8.26326921e-01
  -6.04361271e-02
  -1.60351353e-01
   1.53473333e-01
   2.35039186e+00
   6.00280830e-01
  -1.18067409e+00
  -2.67094650e-01
   3.84762378e-01
   6.37620569e-01
  -8.41482084e-01
   1.23213593e-01
  -1.46551666e+00
  -1.64488387e-01
  -3.35972598e-01
  -2.22043297e-01
   7.25243610e-01
  -6.71617805e-01
   1.40122001e+00
  -4.75118420e-01
   4.95762639e-01
  -6.57902383e-01
  -2.14851009e+00
   2.57930475e+00
   5.96782960e-02
   9.03637794e-02
   4.59250368e-01
   7.25262260e-01
  -1.90714763e+00
  -1.15565116e+00
   1.44561565e+00
  -2.13932467e+00
  -3.73250457e-01
  -3.67935616e-02
  -2.49567345e-01
  -6.35773481e-01
   5.21865660e-01
  -2.43318140e-01
   5.63827333e-01
  -3.92773216e-01
   3.33831375e-01
  -4.24046899e-01
   1.54093257e+00
  -6.47217271e-01
  -1.13169359e+00
  -5.71823722e-01
  -1.03188202e+00
  -8.19847399e-01
  -5.79924291e-01
   5.24406931e-02
  -7.95211562e-01
  -3.13288869e-01
  -4.72497135e-01
   6.58663428e-01
   2.55543497e-01
   8.51524971e-01
   7.74503110e-01
   1.22267257e+00
  -2.72813131e-01
   4.93248619e-01
  -2.09047044e+00
  -3.50046020e-01
   1.68468782e+00
   1.61037437e+00
  -1.61664198e-01
   9.33121212e-01
   6.30432330e-01
   6.90841738e-01
  -3.54160037e-01
  -1.83674196e+00
  -2.85289206e-01
   1.24810203e+00
  -3.45724050e-01
  -4.54685599e-01
  -1.75098371e+00
   5.77273810e-01
  -9.71278122e-01
  -8.84544730e-01
   9.31469579e-01
   1.99923684e+00
   7.24513814e-01
  -6.21350831e-01
   3.01009296e-01
  -5.81417753e-01
  -1.90711259e+00
   1.32088444e-03
   8.51083729e-01
   2.12294305e-01
  -2.00709010e-01
   3.82225789e-01
  -8.24049566e-01
  -5.26474114e-01
   2.05825578e-01
  -2.36774941e-01
   6.61535358e-01
  -1.37943313e+00
   4.00260987e-01
   2.37564555e-02
  -1.08780637e+00
   1.47570309e+00
   9.10941334e-01
   2.16617732e-01
  -1.17408597e+00
   1.02952027e+00
  -1.61606864e+00
   4.70497214e-01
   6.87411336e-01
   5.38638522e-02
  -4.10633059e-01
   7.10813045e-01
  -6.60603272e-01
   1.76457925e+00
  -7.85861174e-01
  -1.52611302e+00
  -3.74638420e-01
   1.29596061e+00
  -1.67667242e+00
  -6.84837855e-01
   1.79635411e+00
  -3.78553205e-02
  -1.33015039e+00
  -3.36960691e-01
  -9.17064343e-01
  -5.85026410e-01
   7.67257586e-01
  -1.50150101e+00
   1.19650551e+00
  -4.06477100e-01
  -2.43831854e+00
  -1.66516737e-01
  -9.05285215e-01
  -1.15760512e-01
  -1.14187921e+00
  -7.03834112e-01
   1.13237932e-01
   6.12558096e-01
  -7.19205030e-02
   1.68954289e+00
   7.92057179e-01
  -1.42711105e+00
   4.51053298e-01
   8.11402864e-01
  -3.76454251e-01
   2.09080672e+00
  -1.13656712e+00
   2.35604583e+00
   2.24240068e+00
   3.60087238e-01
  -4.75368495e-02
  -9.64394821e-01
   9.90234523e-02
   1.98951516e+00
   4.51245893e-02
   3.03524159e-01
   1.33064270e+00
  -8.36872137e-01
  -3.44114175e-01
  -4.22299561e-02
   2.41584305e-01
  -4.28770925e-01
   8.42638489e-01
   1.39531732e-01
  -9.74649554e-01
   1.25065619e+00
  -2.66509571e+00
  -2.11498861e-01
  -1.31533404e+00
  -4.35991831e-01
   1.20989707e+00
   4.03035181e-01
  -7.25112160e-01
   1.39075554e+00
  -1.61032698e+00
  -5.10471235e-01
   1.42911144e-01
  -1.00648356e+00
   1.46738330e+00
  -1.54759302e+00
   4.27021650e-01
   8.61212988e-01
   5.87309352e-01
   2.96064843e-01
   5.83018154e-01
  -6.80796197e-01
   2.25788058e+00
   1.36934020e+00
  -1.42677749e+00
  -7.78179917e-01
   2.66998226e-01
   1.20330458e+00
   1.59929581e+00
  -7.34814416e-02
  -1.20208584e+00
   7.26396370e-01
  -1.57613728e-01
   2.05062348e+00
  -2.18302685e+00
   3.23846176e-01
   7.53760610e-01
   2.68956015e-01
   9.75309103e-01
  -5.76405429e-03
  -9.16051236e-01
   9.72642103e-02
  -1.91377876e+00
   6.81932388e-01
  -1.83190772e+00
   1.25575424e+00
  -1.39272851e-01
  -6.62344737e-01
   1.42131645e+00
   5.44213112e-01
  -1.05601582e+00
  -2.07457380e+00
  -3.85896703e-01
  -8.27329320e-01
   1.95725008e+00
   9.96915333e-01
   2.18619052e-01
   2.70348379e-01
  -2.59452066e-01
  -4.32071059e-01
  -4.71474970e-01
  -4.68479536e-01
  -3.62720914e-01
  -1.93476494e+00
   4.37399145e-02
  -2.18946971e+00
   2.21281183e-01
  -5.19497562e-01
  -1.14240148e+00
  -1.94865445e-01
  -1.86170522e-01
  -2.00981029e-01
   1.71107731e-01
   6.77974407e-02
   8.41019069e-01
   2.08563378e-01
   1.22646044e+00
  -3.19898498e+00
   1.64966493e-01
  -1.07964741e+00
   4.80290076e-01
  -8.51416023e-01
  -1.81839308e+00
  -4.18967050e-01
   3.35247410e-02
   8.37595987e-01
   1.69273989e+00
   1.64762488e+00
  -1.61613437e-01
  -4.06472650e-01
   9.22582659e-01
   4.60688216e-01
  -8.59570331e-01
   3.09863339e-01
  -2.06213828e+00
   6.01630006e-01
   2.02667079e-01
   2.09526336e-01
   1.79240874e-01
  -1.33329449e-01
  -1.34177070e+00
  -5.08677247e-01
  -6.12153381e-01
  -2.19446639e+00
   4.12395617e-01
   3.83441698e-01
   8.83198603e-01
   2.07401048e+00
  -8.67781801e-01
  -6.66190718e-01
  -2.06387288e-01
  -5.11094306e-01
  -1.49451436e+00
   1.19088769e-01
  -6.35803129e-01
   1.02548881e+00
   3.44992322e-02
   1.19702849e+00
   3.69301908e-01
  -1.19903136e+00
   1.88834937e-01
  -7.11796218e-01
   2.34943861e+00
  -1.07470688e+00
   4.69881533e-01
   6.61829538e-01
  -2.32995880e+00
  -2.88362840e-02
  -9.00192832e-01
  -3.15841023e-01
   5.86622795e-01
  -5.81571934e-01
  -6.13257031e-01
   5.13155217e-01
   7.30158392e-01
  -6.78599597e-01
   1.14701454e-01
   1.94903564e-01
   1.64750188e+00
  -7.88525868e-02
  -5.16865756e-01
   1.15537794e+00
  -1.63239955e+00
  -1.51759623e+00
  -5.39399245e-01
   2.14567660e-02
  -5.21055106e-04
  -1.04831353e+00
  -4.60743297e-01
  -1.56650682e+00
  -2.53126940e-01
  -7.79052666e-01
   9.25169840e-01
   1.06125627e+00
   1.39585215e+00
  -1.00136869e+00
  -1.09924039e+00
   2.23330734e-02
  -8.62084583e-01
  -1.27590363e+00
  -1.04619650e+00
   6.76833646e-01
   1.03399836e+00
  -8.45372851e-02
   1.04464054e-01
  -3.36105751e-01
  -2.52905276e+00
  -7.09764177e-01
   1.29385380e+00
   3.08337750e-01
  -3.15449703e-01
   9.65337192e-02
  -1.01327611e+00
   4.63685907e-01
   4.35488435e-01
   3.85377527e-02
  -5.75454480e-01
   2.08501239e+00
   9.09135737e-01
   9.47698372e-02
  -4.69856701e-02
   2.93287186e-01
  -1.30637407e+00
   9.20378049e-01
   1.08332213e-01
   4.99998048e-01
  -2.60464632e+00
  -8.80055944e-01
   6.70408505e-02
   3.75322587e-01
   1.10244000e+00
   1.83265197e+00
  -1.59443889e+00
   2.15049250e+00
   5.88851394e-01
   1.36015234e+00
   1.82711564e-01
   1.19927321e+00
  -1.73292231e+00
  -3.49418890e-01
  -1.55493649e-01
   1.93464186e+00
   5.02588971e-01
   5.01881268e-01
  -1.12469810e+00
  -1.32732941e+00
  -4.94298690e-01
   9.30398326e-02
   2.32146276e-01
   2.88994005e-01
  -5.28577839e-01
  -1.27067721e+00
  -4.62422896e-01
  -5.83629370e-01
   1.30962818e-01
  -2.01177988e+00
   3.60890074e-01
   7.96858042e-01
   7.93302958e-01
   1.92889740e+00
  -7.42153547e-01
   1.13300338e+00
  -2.76750674e-01
   8.13060096e-01
  -1.26746943e+00
   2.72361150e+00
  -8.46404140e-01
  -3.80673141e-01
  -4.91182361e-01
  -2.22071254e-01
  -6.16749670e-01
   7.75975561e-01
  -7.60115902e-01
  -1.02925982e+00
   1.98140566e+00
  -1.03117882e-01
   2.38738257e+00
  -1.40604446e+00
  -3.48286882e-01
  -1.01268013e+00
   8.74521313e-01
   4.07280711e-01
   1.87512520e+00
  -5.09882670e-01
  -7.83989263e-01
   3.28321065e-01
   4.78753661e-01
   7.31729577e-01
   7.39668848e-01
  -1.22878925e-02
   5.80925665e-01
  -6.31563262e-01
  -3.16421609e-01
   9.75033524e-01
   3.19105344e-01
   3.55059457e-01
  -8.07457900e-01
   2.18526596e+00
   6.13828407e-01
  -1.04338128e+00
   3.98323006e-01
   7.72027632e-01
  -1.41987510e-01
  -1.26895619e+00
  -7.13825823e-01
   5.52258147e-01
   3.49346035e-01
  -6.68988966e-01
   1.67657555e+00
  -1.39725937e+00
   1.65919756e+00
   3.23790512e+00
  -4.20347470e-01
  -3.95602182e-01
   6.83083664e-02
  -6.06680242e-02
  -1.38846485e+00
   5.92166475e-01
  -1.07823513e+00
   1.60497385e+00
  -9.50845633e-01
  -1.60755292e-01
  -2.26683607e-01
  -1.37317357e+00
   3.24649456e-01
   1.81246189e+00
   6.40618795e-01
  -8.91709978e-01
  -4.77546802e-01
   1.71269107e+00
  -4.47191722e-01
  -6.29958733e-01
  -1.50177660e+00
   5.41638050e-02
  -1.01420050e+00
  -6.36058299e-02
  -6.00220010e-01
   2.16210852e+00
   2.94849332e-01
   3.35552047e+00
   2.94121662e-01
   3.72819213e-01
  -1.45807883e-01
   6.71288044e-01
  -5.62642441e-01
  -9.00599271e-01
  -5.05693542e-01
  -5.21641750e-01
  -1.29352221e-01
   4.25875174e-02
   4.38142681e-01
  -1.17420476e-01
   9.34449191e-01
  -1.49928375e+00
   6.56061666e-01
  -9.55872100e-01
  -1.21106284e-01
   6.54605180e-01
  -1.96384345e+00
   1.11658799e+00
   2.13913137e-01
   1.57867269e+00
  -8.80656958e-01
  -5.81883726e-02
   1.11476081e+00
   2.02641293e+00
  -1.20867570e+00
  -3.07336384e-01
   8.83418450e-01
   2.67187161e+00
  -5.43966851e-01
   1.61235637e+00
  -1.84992017e+00
   2.21924458e+00
   9.72334253e-02
   6.99906927e-01
  -3.71308925e-01
  -8.12752942e-01
  -3.02147939e-01
   1.22120935e+00
   6.52810586e-01
  -8.60058111e-01
  -8.04543053e-01
   4.82155262e-01
   1.41893962e+00
   3.65943851e-01
  -1.06681645e+00
  -1.99621338e-01
   1.01902239e+00
   3.80645934e-01
  -6.63295910e-01
  -1.55361642e+00
  -5.02967604e-01
   3.10271224e-01
   5.31992779e-01
   2.38291554e+00
   1.15369076e+00
  -2.46507834e-01
  -1.34361659e+00
  -2.42012673e-01
  -8.85167746e-02
   6.48539909e-01
  -2.75985478e-01
  -6.02105920e-01
   1.44687884e+00
   4.74027434e-02
  -9.73426364e-02
  -1.42875884e+00
   1.56551150e-01
   6.38452437e-01
  -6.78441220e-01
  -7.06371312e-01
  -1.43550110e+00
  -1.20546691e+00
   1.53819439e+00
  -4.18254200e-01
   1.15818376e+00
  -8.06661302e-01
   3.48614327e-01
   8.51692414e-01
  -5.61254112e-01
  -1.44585529e+00
   6.62031409e-01
  -1.13012906e+00
  -7.54290814e-02
  -1.15881886e+00
   4.93206021e-01
  -8.78153149e-01
   2.25094708e+00
  -4.48384003e-01
  -2.46939609e-01
   7.29001414e-01
  -1.04062955e+00
   3.51214782e-01
   7.84881978e-01
   1.17245785e+00
   7.02250124e-01
   2.16819806e-01
   7.76892789e-01
  -1.11661675e+00
  -1.63825134e+00
   7.25233912e-01
  -1.55081770e+00
   4.12496434e-01
  -1.91418396e+00
  -3.81874563e-01
   3.17263984e-01
   2.80823584e-01
  -6.02608461e-01
   8.44553651e-01
   5.24701324e-01
  -1.22435408e+00
  -5.60704428e-01
  -1.90842054e-01
   1.32083321e-01
   3.20324436e-01
   4.71114014e-01
  -2.19799155e+00
   3.69316065e-01
  -4.93469264e-01
   2.38724349e-01
   2.03230645e+00
  -1.04981027e+00
   8.10685910e-01
   1.86569275e-01
   5.29215670e-01
  -1.54244794e+00
   1.05185887e+00
  -2.55842058e-01
  -1.14486075e+00
  -3.10245197e-01
  -1.62636290e+00
  -7.19436791e-01
  -1.03995582e+00
   9.67320736e-01
  -1.38154489e-01
  -1.14993681e+00
  -8.31180243e-01
   9.52649050e-01
  -8.34302560e-01
  -8.97106487e-01
   2.31000319e-01
   1.73073752e-01
  -7.78293163e-01
  -2.86289516e-01
   1.45466964e+00
   2.20069120e+00
  -1.68801971e-01
  -1.30741316e-02
   5.59949385e-01
   7.28320467e-01
   1.52119264e+00
  -8.13194345e-01
   9.62622605e-03
   3.52102245e-02
   1.11837239e+00
  -2.02114498e-01
   1.56610060e-01
  -6.94641641e-01
   8.84858746e-01
   3.78593969e-01
   1.97194704e-02
   8.98364097e-01
  -1.42258084e+00
  -3.66480443e-01
  -8.33027560e-01
   1.32282331e+00
  -1.38685175e+00
  -2.63907124e-01
  -9.88216487e-01
  -1.30106354e+00
  -1.32179025e+00
   4.19573329e-01
  -6.56894746e-01
   4.80895718e-01
   4.72178921e-01
   5.14503263e-01
  -9.10865054e-01
  -1.11386812e-01
   5.63766623e-01
   1.49779615e-02
   8.68768829e-01
  -3.85361497e-02
  -1.10296408e-01
  -7.80013410e-01
   1.90527418e+00
  -2.91593376e-01
  -3.58650857e-01
  -4.81684430e-01
   1.08585835e+00
  -5.83857901e-01
   1.86895401e-02
  -2.05401395e-01
   1.52358654e-01
   1.56893937e+00
   1.39228805e+00
   2.78780630e+00
  -1.72222470e+00
  -9.49021917e-01
   1.40415053e-01
   1.05294863e-01
   6.73383486e-01
   9.57204027e-01
  -5.70567959e-02
   3.56863869e-02
  -1.44565840e+00
  -1.46837835e+00
   1.55184543e+00
   4.64965170e-01
   9.54163844e-01
   2.26099907e+00
   1.17496992e+00
   1.22763211e+00
  -1.02808036e+00
   1.89119068e-01
  -1.30143586e+00
   4.74730691e-01
   3.15049064e-01
  -1.71957065e+00
   4.22841311e-01
   7.81588395e-02
  -1.05629276e+00
  -6.43373736e-01
  -7.23424615e-02
  -1.24531612e+00
   4.24659077e-02
   1.38591433e+00
   4.93728827e-01
  -1.59727738e+00
  -1.28758139e+00
  -1.86007333e+00
   8.79167839e-01
  -2.53955563e-01
   2.08741104e-02
  -2.10868990e+00
   6.02137511e-01
  -4.12602743e-01
   1.19128838e+00
  -8.89789277e-01
   3.50850916e-01
   8.28341751e-01
   1.38638577e+00
  -1.27061509e+00
   4.81560299e-01
   1.26081792e-01
   8.50042554e-01
   1.70889717e+00
   1.69430744e+00
   2.48726175e+00
   9.14191134e-01
  -6.96078961e-01
  -7.88256355e-02
  -1.06595182e+00
   1.35792729e+00
  -1.86715051e+00
   1.28424930e+00
   3.53470571e-01
  -6.47064466e-01
   1.17830035e+00
   1.41625975e+00
  -3.00956389e-01
  -1.95639800e+00
  -5.87192404e-01
   8.36012320e-01
   6.87762320e-02
   1.32227778e+00
  -1.52131178e+00
  -5.18550909e-02
   2.16014505e+00
   2.56412961e-01
   6.94348402e-02
   1.38179492e+00
   8.88649617e-01
   1.80261515e-01
  -1.44921797e+00
  -5.53757320e-01
  -9.70668734e-01
  -8.56440285e-01
   1.00821511e+00
   2.16969658e+00
   1.09746097e+00
  -1.02802154e+00
   1.94311577e+00
  -1.20448293e+00
   3.94250436e-01
  -3.71425264e-01
   2.57692359e-01
  -2.20447851e+00
   1.02504098e+00
   2.76127522e+00
  -1.79282083e+00
   3.80021149e-01
   1.14372638e+00
   1.99472095e+00
  -8.19385404e-03
   1.49728123e-01
   4.45673845e-01
   1.28857360e+00
   2.52710978e-01
   1.31222543e+00
  -2.82056467e-02
  -1.73016186e+00
  -6.23472429e-01
  -9.88205458e-01
   2.07484091e-01
  -2.28913232e+00
   1.06147408e+00
   4.92695249e-02
  -5.75511844e-02
  -9.99315009e-01
   1.37532362e+00
  -1.06111965e+00
   1.04862908e+00
  -3.44543041e-01
  -1.39910186e+00
   5.75771132e-01
  -1.27361118e+00
   2.95764143e-01
   7.33893698e-02
  -4.10324339e-01
  -8.87008405e-01
   7.43644804e-01
  -5.28759803e-01
  -1.53811899e-01
  -5.49972841e-01
  -7.12196720e-01
  -1.05495352e+00
   1.67573874e-02
   3.60314639e-01
  -4.49061954e-01
   4.98016578e-01
   2.96364496e-01
  -9.45019570e-01
   3.63831392e-01
  -2.36672383e-02
  -4.97322961e-01
   1.30851031e+00
   1.13563140e+00
  -7.69264377e-01
   5.11901228e-01
  -1.14785070e+00
   1.31000228e+00
  -1.94293645e-01
   4.19496463e-01
   1.77490555e-01
   2.61038108e-01
  -9.33129765e-01
   2.18414165e+00
  -1.24543095e+00
  -2.93274714e-01
   4.84972934e-01
   3.49917164e-01
   8.04176276e-01
   6.65780602e-01
  -2.41916577e-01
   1.26992926e+00
  -3.90384610e-02
   2.30563134e+00
   6.47482518e-01
   1.50371006e-01
  -7.24070582e-01
  -1.42113585e+00
   2.82850589e-01
   8.65410318e-01
   6.33836105e-01
  -1.70292055e+00
  -6.05972857e-01
   1.20411394e-01
  -1.76626485e-01
  -1.81192112e-01
   7.88447796e-01
  -1.14977868e+00
  -7.58598089e-01
   1.10851437e+00
   4.33996457e-02
   9.40761918e-01
   1.32897359e-01
   1.08280918e+00
   1.09640316e-02
  -1.71295503e-01
   3.32187983e-01
  -4.04472604e-01
   1.00649957e+00
  -5.69770221e-02
  -1.03692120e+00
  -1.30861075e+00
  -5.86848332e-01
   1.01771475e+00
   1.84561750e+00
   1.58259260e+00
  -1.78557023e-01
  -8.83156054e-02
  -1.58292670e-01
   1.41857924e-01
   1.01435470e-01
   1.14307218e+00
   6.50238560e-01
  -7.12139735e-01
  -1.04394793e+00
   1.12393057e+00
   1.04052932e+00
   5.55023465e-01
   9.76554722e-01
   1.63431808e+00
   8.40676382e-01
  -7.21140017e-02
   5.98122296e-01
  -1.09237202e-01
   7.52324150e-04
   9.12119519e-01
   1.01111842e+00
   9.72755671e-01
  -1.33117389e+00
   8.24845236e-01
   6.53264297e-02
  -1.39321486e+00
   1.04642687e+00
  -9.52374681e-01
   7.16177632e-02
   1.32353575e+00
   1.44837673e-01
   2.35402046e-01
   2.26158217e-01
  -1.56479763e+00
   5.11640421e-01
   5.90581852e-01
   8.28245820e-01
  -5.41882560e-01
  -9.55992701e-01
   1.52684651e+00
  -3.43697740e-01
   2.06680919e+00
   1.00549308e+00
   7.67570303e-01
   6.26278653e-01
   1.43955202e+00
   1.48197504e-02
  -8.73116166e-01
   4.48133476e-01
  -4.75786215e-01
  -2.17270531e-01
   2.98285194e-01
  -7.47339682e-01
  -9.73215985e-01
   1.93091844e-01
  -1.75977203e+00
   1.01099615e+00
   1.41185025e+00
   3.32706499e-01
   1.58913540e-01
  -1.48480220e+00
  -6.95726547e-01
  -2.19111466e-02
  -1.16235539e+00
  -2.26225410e-01
   8.85479704e-01
   1.28239569e+00
  -1.15328422e+00
  -1.48909169e+00
   1.36648556e+00
   7.01106526e-01
  -1.33128271e+00
   3.30000598e-01
  -1.42804813e+00
   9.64801319e-02
   1.09224729e+00
  -7.19358225e-01
  -1.18574152e+00
  -2.06326384e+00
  -1.02618569e+00
   5.28825148e-01
   9.95755435e-01
   1.02954554e+00
  -9.34469033e-01
  -4.03627332e-01
   4.63442308e-01
   1.67863360e+00
  -6.30736831e-01
  -2.26572839e-01
   2.36445613e+00
  -1.80127961e+00
  -6.81185466e-01
   2.81976604e-01
  -1.56144843e+00
  -5.37827211e-01
  -1.54704248e+00
   9.75254735e-01
   3.91451759e-01
  -7.99635144e-01
   1.42606621e+00
   9.61947248e-02
   1.44516851e-01
   1.52488729e+00
   1.17919960e+00
   4.26563907e-01
   4.21208378e-01
   4.10554616e-02
  -2.26026716e-01
   2.26124811e+00
   1.29177964e+00
   1.74216919e-01
  -2.47739064e-03
   1.06078950e+00
   7.04547464e-01
   1.28935091e+00
  -9.46176421e-01
  -1.09396476e+00
  -4.54413922e-01
   9.82159227e-02
   3.99322650e-01
   3.16552420e-02
   1.05907435e+00
   7.60666232e-01
  -4.52368106e-01
  -1.04029992e-01
   2.52304609e-01
   2.02943749e+00
   5.69358558e-01
  -2.54497975e-01
   2.92108847e-01
  -4.05434621e-01
  -1.71918767e+00
  -1.74130411e+00
   1.06330448e-01
   2.81019535e-02
   5.62289600e-01
   2.44683274e+00
   6.52777749e-01
  -2.62365042e+00
   1.53614386e-01
   1.78623828e+00
  -3.46858189e-01
