  -1.78451922e+00
   9.16425438e-01
  -1.45739824e+00
   1.34435879e+00
  -5.44958630e-01
   2.13826939e+00
   7.76087904e-01
   8.69721640e-01
   9.67726427e-01
   1.28538908e+00
   8.70861439e-01
   1.62295331e+00
  -1.17497708e+00
   1.33266571e+00
  -5.14543212e-01
  -4.89334874e-01
  -1.33023583e+00
  -2.13426845e+00
  -6.75648025e-01
  -1.01791358e+00
   6.30259684e-01
  -1.22056115e+00
   4.12063490e-01
   1.22380720e+00
  -8.72209544e-01
  -1.43729221e-02
   5.40780586e-01
  -4.22480313e-01
  -7.48169077e-01
   6.67271642e-01
  -5.25811568e-01
  -1.85894998e-01
  -4.73740493e-01
   1.33697402e-02
  -1.32582389e+00
  -1.74159584e+00
   1.01416640e+00
   6.56475588e-01
  -7.71454367e-01
   1.38480089e+00
   6.85978509e-01
  -6.80230279e-01
  -1.94822342e-02
   8.94158480e-02
  -3.49117217e-01
   1.59466875e-02
  -2.55270038e-01
   1.75677182e+00
  -6.40668428e-01
   3.98788324e-01
  -4.85115974e-01
  -1.85399185e+00
  -7.74376206e-02
   5.38600692e-01
  -3.10262365e-01
   7.43086491e-02
   1.94469369e-01
   2.00148492e-01
  -1.19132671e+00
   1.85991739e+00
   5.46836477e-02
  -1.60663474e+00
   8.02942021e-01
  -7.75813719e-01
   4.29056444e-01
  -1.01479955e+00
   4.64350878e-01
  -1.66342365e+00
  -1.07488582e+00
   1.01932507e-01
   2.30240914e+00
   8.51858371e-01
   1.46934045e-02
  -9.30185591e-01
   2.69564067e-01
  -1.70157392e+00
  -7.59953297e-02
   1.46589693e+00
  -8.00939012e-01
   2.99145437e-01
  -2.08133552e-01
   1.31114850e+00
   2.20288001e+00
  -8.31819571e-01
   7.25729256e-02
   4.06240494e-01
   3.35233376e-01
  -4.12556047e-01
   6.49579325e-01
   1.72639241e+00
  -8.04289720e-01
   1.22892588e+00
  -9.27456230e-01
  -1.18074256e-01
  -5.22493102e-01
   2.35061987e-01
  -1.25010340e+00
   1.54761887e-01
   4.46748981e-01
   7.01362176e-01
  -9.23978717e-01
   4.58140283e-01
  -3.54108006e-01
  -2.37189190e+00
   1.37769259e+00
   9.61405440e-01
  -9.26243728e-01
  -4.25945659e-01
  -1.55989325e+00
  -2.47940094e+00
   2.55722235e-01
  -1.18793200e+00
   3.41146496e-02
   8.89207546e-01
   1.63709639e+00
  -1.20805955e-01
  -6.57474798e-01
   1.85126228e+00
  -3.03678745e-01
  -6.76078833e-02
  -1.20825056e-02
  -7.22127754e-01
  -4.40447654e-01
  -2.00737859e+00
   7.53789134e-01
  -1.98065045e+00
  -6.77858956e-02
   9.79443530e-01
  -1.25650175e+00
   9.00369174e-01
   2.11695203e-01
  -4.55411739e-01
   1.78570147e+00
  -4.34304331e-01
   1.72427018e-01
  -1.22591542e+00
  -8.74664650e-01
  -3.42366285e-01
  -3.01644480e-01
  -1.74585815e+00
   5.28765333e-01
  -8.58092160e-01
   1.06699415e+00
   6.55259274e-01
  -2.69619602e-01
   9.86039165e-01
   5.13434518e-01
   3.11523557e-01
  -2.17538319e-01
  -7.87334484e-01
   1.66517843e+00
   1.49520229e+00
  -5.47643049e-02
  -1.02702480e+00
  -6.39882717e-01
   1.42529638e+00
   4.58739686e-01
   7.14096035e-02
  -6.05022227e-01
  -1.14120963e+00
   2.56110171e+00
  -9.20131858e-01
  -7.85347170e-03
  -7.92757442e-01
   1.49103003e+00
   9.20842585e-01
   4.76085358e-02
   1.66858411e-01
  -3.68315279e-01
   4.25092607e-01
  -1.58382825e+00
   9.14199560e-01
   1.03730843e+00
  -1.63292825e-01
  -2.08387960e-01
  -2.99581170e-01
   8.10799211e-02
  -1.29489528e+00
  -1.47292531e+00
  -3.17117313e+00
   3.25287423e-01
   7.46206416e-01
   9.44473649e-02
  -1.16570339e+00
   4.96958379e-01
  -1.12304811e+00
  -1.66254717e-01
   9.29915031e-01
   4.57174862e-01
  -1.23963233e+00
   5.92723649e-01
   5.37145787e-01
  -7.35120739e-01
  -7.05181847e-01
   4.78954255e-01
  -1.58783462e+00
   5.54624374e-01
   4.67842644e-01
  -3.25146877e-01
   2.12112804e-01
  -8.25919977e-01
   1.68094844e+00
  -1.14304072e+00
  -6.65988149e-01
  -3.90440566e-01
  -7.96959740e-01
  -2.52577003e-02
  -1.52751830e+00
  -4.28179491e-01
   5.18907084e-01
   2.10985309e+00
  -8.61389590e-01
  -1.12126383e+00
  -2.06200525e-01
   5.80645652e-01
   4.21400918e-01
   3.77120485e-01
  -4.91906544e-01
   1.74533607e+00
  -3.34829448e-01
   5.31022673e-01
  -1.31184047e+00
  -1.31241417e+00
  -2.30404997e-01
   1.72212050e+00
  -2.80265195e-01
   8.17617379e-02
   2.43269109e+00
  -9.63994441e-01
  -1.14953811e+00
  -1.96937322e+00
   5.91081926e-02
   3.49289643e-01
  -1.19549311e+00
  -1.77449364e-01
  -5.52867246e-01
   5.27697749e-01
   3.06018709e+00
  -1.01660639e+00
   2.82865534e-01
  -1.00614630e+00
   2.83822571e-01
   7.99227429e-01
   1.76020475e+00
   4.50148099e-01
   2.04221818e-01
  -2.85939016e-01
   1.58580325e+00
  -7.11109603e-01
   5.13992775e-02
  -7.98359415e-01
  -2.81845148e-01
   5.51138000e-01
   1.01062186e-01
  -6.86908496e-01
   7.56583456e-01
   1.08100920e+00
  -1.12047332e+00
   4.17654347e-02
  -8.90377657e-01
   1.78930437e+00
  -2.04378888e-01
  -6.90384933e-01
  -1.20333750e-01
  -2.40911983e-01
  -4.60298775e-02
  -4.80859328e-02
   2.14745676e-01
   7.57760259e-01
   3.26180656e-01
   1.19846655e+00
   7.98603179e-01
   5.02567020e-01
   9.54314363e-01
   4.88074318e-01
  -1.59622001e+00
   6.31246730e-01
   5.11629013e-01
  -8.05132020e-02
   1.46621384e+00
  -1.84306241e+00
   1.84496485e-01
   2.50283329e+00
   1.10500045e+00
   6.11074437e-01
   2.38113715e-01
  -2.20586852e-01
   1.08205092e+00
   2.85059111e-01
   6.38713726e-01
   2.24293664e-01
  -7.52388106e-01
   7.32861588e-02
  -2.68863123e-01
  -8.75473118e-02
   5.54237582e-01
   1.27006266e+00
   9.87191420e-01
   1.58036138e+00
  -2.07584307e-01
  -1.24423916e+00
   2.81897184e-01
  -3.80295429e-01
   4.10539410e-01
  -9.31517384e-01
  -4.52921695e-02
  -8.94315579e-01
  -2.91041637e-01
   9.06127276e-01
   6.16097558e-01
   6.44145824e-01
  -2.74477467e+00
  -6.22383914e-01
  -9.99844140e-01
  -4.74930530e-03
  -1.39123763e+00
  -1.15747850e+00
  -7.63940071e-01
  -8.48769921e-01
   2.32386252e-01
  -2.75130059e-01
  -1.08348790e+00
  -3.24535972e-02
  -7.66762132e-01
   3.64098782e-01
   1.22316218e+00
  -1.20433240e+00
  -1.47349902e+00
   1.05261421e+00
   1.27339017e+00
   4.24435884e-01
   1.93586876e-01
   1.13189621e+00
   1.00439750e+00
  -7.77225591e-01
   6.34663269e-01
   8.00593460e-01
  -2.95420437e-01
  -5.66615235e-02
   1.17744216e+00
   4.86073677e-01
   1.28037200e+00
  -7.44614289e-02
   6.81864994e-01
  -1.47879618e-01
  -9.10439684e-01
  -1.16273432e+00
   1.10050612e-01
  -9.94897975e-01
  -1.28521018e-01
  -8.13743889e-01
  -1.17364976e+00
  -6.13479421e-01
   6.10514634e-02
  -8.37039338e-02
  -4.67540261e-01
  -4.32657755e-01
  -7.86657120e-01
  -2.33328869e-01
  -5.66078128e-01
   9.11379513e-02
  -1.22729584e+00
   6.10766726e-01
   1.84806811e+00
  -2.79009751e-01
   1.50025665e-01
   1.48452975e-01
   9.70492574e-01
   8.45771157e-01
   4.92949194e-01
  -1.07580685e+00
   1.50941947e-01
  -7.19696703e-01
   1.16241052e+00
   7.86707936e-01
  -6.15239634e-01
  -2.72496454e-01
   8.08366723e-01
  -1.31604868e+00
   2.85270400e-01
   7.12187943e-01
   3.16703262e-01
  -1.35329813e-01
  -4.39768092e-01
  -1.69496996e+00
  -1.48029190e+00
  -2.97150868e-01
   4.49614361e-01
   4.67165560e-01
  -6.04216239e-01
   1.11006932e+00
  -1.05590103e+00
  -2.00541096e-01
  -6.31875927e-01
  -1.86561631e-01
  -1.13555946e+00
   4.57066924e-01
   1.13064320e+00
   6.79217591e-01
   1.10929700e+00
   6.95939140e-01
   1.03645725e-01
   5.34470972e-01
  -1.19784811e+00
  -4.13876346e-01
   1.97401754e+00
  -4.70850237e-01
  -5.66779190e-01
  -9.57756050e-01
  -4.16021327e-01
  -5.13880398e-01
  -1.03765479e+00
   3.45055022e-01
  -3.37727736e-01
  -1.24808420e-01
   1.12692615e+00
   3.58060513e-01
  -8.11727548e-01
   2.87194345e-01
  -4.28555161e-01
   9.42449644e-01
   1.81914011e-01
  -4.75779467e-01
   6.14370907e-01
   7.93401609e-01
  -2.17634750e+00
   8.18518719e-01
  -1.07323137e-01
  -1.12664346e+00
   6.82772122e-01
   2.71783851e-01
  -1.95863426e-01
  -1.85286555e+00
  -6.35007378e-01
   2.12032238e-01
  -9.24830356e-02
   6.30851193e-01
   7.64402818e-01
   3.73459744e-01
  -2.08858453e+00
  -6.91953781e-02
   1.99491036e-01
   9.29276070e-01
  -8.24709085e-01
  -5.21192561e-01
  -4.99701464e-01
  -1.15543913e+00
  -1.71206137e+00
   1.65473193e+00
   1.84958690e+00
  -3.51176657e-01
   6.34114364e-01
  -7.46485435e-01
   3.72456916e-01
   1.46963577e-01
   1.77947428e+00
   9.11308135e-02
  -4.24498579e-01
  -7.97984192e-01
  -9.33062215e-01
   1.09381306e+00
  -2.12346679e-01
  -3.70052545e-01
  -8.71869964e-01
  -4.36920962e-01
  -8.86459226e-01
   8.21377108e-02
   2.80292450e-01
  -1.97018519e+00
   8.34028214e-01
  -1.96350064e+00
  -2.10023167e+00
   1.86250091e-01
   1.06595034e+00
  -5.98015069e-02
  -3.72434920e-01
   6.77051136e-01
  -1.84264747e+00
   1.35462083e-01
   8.11617285e-01
   1.00202815e+00
  -5.71227704e-01
  -6.85059082e-01
   7.31694773e-01
  -8.50576194e-01
   1.48683931e+00
   3.28486400e-01
   1.28673204e+00
   2.79028046e-02
   1.04109792e+00
   2.91968101e-01
  -4.36880410e-01
  -2.00813336e+00
   9.58514216e-01
   6.02450233e-01
   1.58426675e+00
   5.89852837e-02
  -6.25354974e-02
  -1.73215454e+00
   4.30469841e-01
  -1.74862574e-01
  -1.86336106e+00
  -2.04745212e+00
   2.27273616e-01
  -3.66426961e-01
   8.37645166e-01
   1.86414495e+00
  -1.07689670e+00
   1.04961906e+00
  -1.04149446e+00
   1.70385865e+00
  -1.12562583e-01
  -1.10431748e+00
   1.03692179e+00
   9.91234746e-02
   3.10985919e-01
  -1.37363147e+00
   4.27978608e-01
  -1.79034079e-01
   6.98774667e-01
   1.93098431e+00
  -1.07422924e+00
   8.19638235e-01
   9.01691617e-01
  -4.76061565e-01
  -2.08173121e-01
   3.11604795e-01
   5.28362890e-01
   1.08529511e-01
   1.98573016e-01
  -7.51826388e-01
   1.40581178e+00
   9.34548522e-01
  -4.58014727e-01
   1.59843527e+00
  -8.34469741e-01
  -6.05363342e-01
  -6.82852339e-02
   1.42662349e-01
   1.77151988e+00
   7.65455394e-01
   2.43312054e-02
  -9.75344669e-01
  -4.64926301e-01
  -7.22541460e-01
  -1.67877397e+00
   1.62750259e-01
  -8.37163348e-01
   8.70910676e-01
  -1.60647826e+00
  -1.45944752e-01
  -1.04363917e+00
  -6.06303962e-01
  -2.25093974e-01
  -4.82082542e-01
   1.35642889e-01
  -9.18518095e-01
  -4.64930236e-01
  -2.64744051e-02
   8.49574735e-01
  -1.15496620e+00
   8.70209622e-01
   3.78995073e-01
   8.97659929e-01
   5.72382394e-01
   1.37814274e+00
  -6.60198160e-01
   2.00833931e-01
   1.85301603e-02
  -6.65207787e-01
  -6.45351264e-01
  -1.93287879e+00
  -1.69597742e+00
  -1.71731763e+00
   4.09961319e-01
   1.06849693e+00
  -3.40776163e-01
   1.55303271e-01
   7.55320170e-01
  -9.25275444e-01
  -1.31226677e+00
   1.35619714e+00
  -7.42887081e-01
   1.42611712e+00
  -6.41972374e-01
  -1.30541149e+00
   6.49167516e-01
  -1.06430467e+00
  -1.95350523e+00
  -1.29252369e+00
   1.03414341e+00
   1.97774156e-01
   4.18781630e-01
   9.84212785e-01
   7.36236717e-01
  -1.89331516e-01
   2.69633581e-01
  -1.07093928e+00
  -6.38434880e-01
  -1.98902202e+00
  -1.79121353e+00
  -3.05285673e-02
   1.84621559e-01
  -1.71036685e+00
  -4.16095335e-01
  -1.13248994e+00
   4.30165851e-01
  -2.44287621e-01
   7.96221697e-02
   1.04628060e-01
   8.87220575e-01
   1.85116656e+00
   1.62740996e-01
   7.27408562e-01
   4.28985283e-03
  -7.15700399e-01
  -2.93314987e-02
  -5.70033267e-01
  -1.24366675e+00
  -6.23125799e-01
  -1.07109397e+00
  -2.02367555e+00
  -1.08918625e+00
   1.41623445e+00
  -1.51517639e+00
  -6.30510926e-01
  -1.41174160e-01
   1.44778709e+00
   2.49575093e+00
  -4.21313162e-01
  -1.95218278e+00
  -1.27310155e+00
  -4.07383445e-01
   1.89377390e+00
  -3.03609457e-01
   9.91511487e-01
  -8.08505801e-01
  -1.08016730e-01
  -1.55642951e-01
   1.40778556e-01
  -1.55432031e+00
   5.27300346e-01
   3.27942593e-01
  -4.51640314e-01
   1.02290055e+00
   9.61269454e-01
   4.63128265e-02
  -1.42498783e+00
   1.24882722e+00
   7.41894339e-02
   8.67174531e-01
   2.45229676e-01
   3.68767819e-01
  -4.36599699e-02
  -2.63509570e-01
  -9.65435384e-01
   6.97395519e-01
   6.93809116e-01
   1.40042538e+00
   1.08216011e-01
   3.52793416e-01
   2.01218778e+00
  -3.03501404e-01
  -1.36960053e+00
  -2.57111582e-01
  -1.98996900e+00
   4.67080073e-01
   3.70377810e-01
  -1.63356766e+00
   5.21494497e-01
  -4.61372291e-01
  -1.35548588e+00
  -1.00388225e+00
   1.81501525e+00
  -3.51071688e-01
  -2.34274883e-01
  -6.61547974e-01
   3.69882445e-01
  -1.35463962e-01
  -4.97701903e-02
   6.41290514e-01
  -9.62520606e-01
   6.45412430e-02
  -1.87011453e+00
   8.23497397e-01
   8.00532956e-01
   7.65657124e-01
  -6.31667866e-01
  -8.02435271e-01
  -4.73638286e-01
  -6.66421412e-01
   4.98229294e-01
  -3.41789801e+00
  -1.33090026e-01
   9.71587938e-01
  -5.71798415e-01
   1.66037945e+00
  -1.26052529e-01
  -7.42238719e-01
  -2.05058078e-01
  -7.77151705e-01
   9.17364281e-01
   8.76759552e-01
   7.17794475e-02
   5.42967038e-01
  -5.46952240e-01
   5.21627178e-01
   8.07258648e-01
   3.88051361e-03
  -8.17828467e-02
  -4.58753171e-01
  -6.77006432e-01
  -5.46570418e-01
   6.56086594e-04
  -2.58983153e+00
  -5.45794912e-01
  -1.44067693e+00
  -1.65996382e+00
   2.72002757e+00
   1.52818858e-01
   4.65951266e-01
  -6.60264094e-02
   6.98741304e-01
   6.57197534e-01
  -5.69219753e-01
   4.79162354e-02
   3.47812749e-01
   8.22680758e-01
   2.46442877e+00
   1.28185073e+00
  -2.08534225e+00
   3.03181243e-01
  -6.61243905e-01
  -2.51520650e-02
   1.25467196e+00
  -4.44681276e-01
   1.23785959e+00
  -6.02036532e-01
   7.36019265e-01
   3.85146049e-01
   2.09524649e+00
   2.67879484e+00
  -2.86488438e-01
   1.80155589e-01
   1.60239034e+00
  -3.32268501e-02
   2.85112053e-01
  -2.16686724e-01
   1.79186144e-01
  -8.86816084e-01
   1.79744498e+00
  -6.69184479e-01
  -1.06790354e+00
  -2.68902838e-01
   1.58219954e+00
  -1.63231837e+00
   2.24193360e-01
   7.95973781e-01
   1.37140108e+00
   1.86611080e+00
   3.38202301e-01
   3.35312548e-01
  -2.43682885e-01
   1.06982960e+00
   2.94523798e-01
   6.78650660e-01
  -1.86283017e-01
  -1.02484526e+00
  -1.16687335e-01
   9.64182875e-01
   1.04026426e+00
   5.86317050e-01
  -3.83690856e-01
   1.10299205e+00
  -2.10481946e-01
  -1.57337554e+00
   6.93313048e-01
   1.11675569e+00
   5.09026604e-01
  -8.59663221e-01
  -1.16892481e+00
  -1.09894994e-01
  -2.43969947e-01
   1.85405925e-01
  -1.04012961e-01
  -6.81370783e-01
   5.09039206e-01
  -6.66094467e-01
  -1.61472458e+00
   2.25444202e-01
  -8.61743281e-01
   6.41887196e-01
   7.27567954e-01
   4.15793763e-01
  -9.83846904e-01
   7.01201738e-01
   9.82286429e-02
  -4.74807956e-01
  -8.56461952e-01
  -1.72521621e+00
   2.75029760e-01
   3.61756887e-01
   3.04059503e-01
   1.13015734e+00
   4.45852803e-01
  -1.18912722e+00
  -8.19695852e-01
   5.50718583e-01
   7.35701979e-01
  -5.99383017e-01
  -2.41919661e+00
   9.80435168e-01
  -7.11688981e-01
   5.63435013e-01
   2.50595644e-01
   3.60849079e-01
   7.10668933e-02
   1.78430876e-01
  -4.34666676e-01
  -1.31213304e-01
  -2.13160765e-01
  -3.36028468e-01
   6.83082139e-01
  -2.98681393e-01
  -1.26512237e-01
   8.57746464e-01
   2.40652638e-01
   9.23253633e-01
  -1.07270414e-01
   5.19306861e-01
   1.41894471e+00
  -4.81168593e-01
  -1.36591921e+00
   5.74034746e-01
  -4.32309443e-01
  -7.10592379e-01
  -6.16840103e-01
   2.00473830e+00
  -1.30412780e+00
  -2.88623967e+00
  -1.29933211e+00
  -6.48063455e-01
   8.07827783e-01
   2.36493207e-01
  -2.82264185e+00
   6.36428245e-01
  -4.55502210e-01
   5.54641074e-01
  -1.75039085e-01
   4.34551118e-01
   1.44458856e+00
  -1.48618206e+00
   2.02393661e-01
  -8.37181658e-01
  -2.81403614e-01
   1.42093593e+00
   1.67873109e-01
   8.47908107e-02
  -1.32980073e+00
  -3.77993672e-01
   1.17968026e-01
  -2.80112875e-02
  -1.18632288e+00
   2.44553546e-01
  -6.52722027e-02
  -2.19444607e-01
   1.98538542e-02
   8.72423279e-01
   1.44896984e+00
  -1.67871683e+00
   9.12507532e-01
  -2.98368453e-01
   4.51705454e-01
  -8.25069711e-01
   1.42746941e-01
  -4.71800223e-01
   7.07878784e-01
  -1.25971560e+00
  -1.20446212e+00
   2.35100376e-01
   1.12262713e+00
  -1.27505024e+00
   1.78950185e+00
  -6.66495875e-01
   1.01657422e+00
  -3.23088096e-01
  -3.14795586e-01
  -1.32853945e+00
  -1.14371024e+00
   4.06905087e-03
   4.82370046e-01
   7.87665813e-01
   1.85172528e+00
  -2.12761007e-01
   1.82128129e-01
   8.26129668e-02
  -8.46602107e-01
   7.64622767e-01
  -8.48232400e-01
  -3.52139387e-02
  -8.35763017e-01
  -1.41178755e-03
  -5.60425887e-01
   2.15545454e-01
  -5.25498739e-01
  -4.29718088e-01
   6.45258895e-01
   3.89326376e-02
   2.08063589e-01
   8.06817006e-02
  -4.70386528e-01
  -1.12001747e-01
  -1.31153108e+00
  -4.56123612e-01
  -4.34812818e-01
   8.32240170e-03
   2.05067630e-04
  -6.89396219e-02
   3.42590432e-01
  -7.37473458e-01
   1.74198374e-01
   3.05680903e-01
   1.88684502e+00
   2.66319402e-01
   1.47219442e-01
  -2.61674500e+00
  -2.51538009e+00
  -1.59553230e-01
  -9.30903056e-01
  -6.12354819e-01
   1.26549228e+00
  -4.99687453e-01
  -6.59577369e-01
  -1.78041024e+00
   4.28149608e-01
   2.83895063e+00
   3.23433857e-01
   1.22741596e+00
   6.20668889e-01
  -1.79848121e-01
  -8.22591432e-01
  -3.20168684e-01
  -1.17068913e+00
  -1.98113006e+00
   6.16929596e-01
   5.06957470e-01
   3.58735852e-01
   6.23991210e-02
   6.44994639e-01
  -5.39452471e-01
  -3.92096004e-01
  -4.47193586e-01
   4.78665895e-01
   5.13410034e-01
   1.20183604e-01
   1.05006407e+00
  -1.64957251e-01
  -1.32028697e+00
  -1.37306516e-01
   1.10288210e+00
  -3.82759171e-01
  -2.87957402e-01
   7.20100972e-01
   2.50914275e-01
   4.09108459e-01
  -1.73411676e+00
   8.53917738e-01
  -3.85282289e-01
  -3.73792052e-01
   3.08120954e-01
  -5.85719624e-01
   2.87296673e-01
   1.38634954e+00
   4.99782070e-01
  -1.88830351e-01
   1.48724045e+00
   7.38586168e-01
   7.43289567e-02
   7.12427552e-02
   1.01774149e+00
   1.00602193e+00
   1.58663188e+00
  -7.06883557e-01
   5.08353075e-01
  -1.59403727e+00
   8.42426857e-01
   1.80328580e-02
   2.75568813e-01
  -2.56097206e-01
  -3.93481884e-01
   5.32245388e-01
   9.71175228e-01
   1.34972284e+00
  -4.14605500e-02
   1.51084349e+00
   1.95994881e+00
   1.23217566e+00
   2.29239763e+00
   6.70266865e-01
  -5.85719631e-01
   1.24906011e+00
   6.74522801e-01
   1.13565333e+00
  -4.14835357e-01
  -2.29385552e-01
  -1.24518353e+00
  -1.66073302e+00
   7.23491775e-01
  -2.34720431e-01
   9.07505869e-01
  -9.74464555e-01
   1.05377182e+00
  -8.22669033e-01
  -1.28192178e+00
   7.37571360e-01
   1.77334736e+00
  -1.94677256e-01
   3.38816701e-02
  -1.02345732e+00
   2.19411058e-01
   4.42236574e-01
  -8.75656454e-01
   5.19674228e-01
  -8.44619135e-01
  -4.96057582e-01
   6.41281256e-01
  -5.52019777e-01
  -9.12631157e-02
  -8.69300343e-02
   9.87567882e-01
   6.31817379e-01
  -1.03270987e+00
  -5.17465337e-02
  -3.17315566e-01
   1.16706451e+00
   4.47431512e-01
   4.59207007e-02
  -1.59947252e+00
  -1.87467248e-01
  -7.09654860e-01
  -3.81910281e-01
  -9.25096831e-01
   1.19004322e-02
   1.26451864e+00
   1.53348001e+00
  -1.81232651e+00
  -7.90326951e-01
   3.36275878e-01
   1.65408556e+00
   9.14949120e-01
  -9.56282599e-01
   1.45240002e+00
   3.44912983e-01
   5.71731438e-01
  -1.69701043e+00
   1.15456454e+00
  -6.05790103e-01
  -1.18061824e+00
  -1.97372333e-01
   6.75138047e-01
  -2.97398948e-01
  -1.60837891e-01
   1.30853321e-01
   6.07531209e-01
   1.34393124e+00
   9.93920215e-02
  -7.36038048e-02
  -1.05730738e+00
   3.30666713e-01
  -2.01070389e-01
  -1.70141724e+00
   1.70448679e-01
   9.78216638e-02
   1.35904765e-02
   7.77909660e-01
  -8.36110021e-02
   9.55642100e-01
   4.93060082e-01
   1.05292783e+00
  -1.18919406e-01
   7.87478050e-01
  -8.47380843e-01
  -2.43671639e+00
  -4.83513423e-01
   4.57216830e-02
   3.94646889e-01
   1.73303798e+00
   1.55842512e+00
  -1.08198822e+00
  -2.92904489e+00
  -1.06091892e+00
   5.99690269e-01
   3.68384055e-01
  -1.27941687e-01
  -2.22901211e+00
   1.62870034e-01
  -7.42829171e-01
  -1.41032074e+00
  -2.78239703e-03
   6.51709635e-01
  -7.03904938e-01
  -8.94110967e-01
  -4.38674400e-01
  -4.82308622e-02
   1.05385106e-01
   1.26885854e+00
   3.61528589e-01
   1.15999850e+00
   2.22649196e+00
   5.36503138e-01
  -1.15067663e+00
   2.92472831e-01
   1.10495406e-01
   1.71452896e+00
   5.56670290e-01
   1.01986841e+00
  -9.20577656e-01
  -8.57608903e-01
   7.66445478e-01
  -1.51118004e-01
   1.07429038e-01
   2.41435560e+00
   1.95815689e+00
  -1.57339957e+00
  -7.22046453e-01
   7.27689373e-02
  -1.53983845e+00
   8.90366828e-01
   3.12853230e-01
  -8.49026562e-01
  -1.81455652e+00
  -4.04903186e-01
   4.44876787e-01
  -9.27644313e-02
   1.71714102e-01
  -6.33240858e-01
  -9.16076918e-01
  -6.59482333e-01
   5.87428531e-01
   4.81714800e-01
  -5.93312258e-01
   6.20982395e-02
  -7.99120740e-01
   4.13477603e-02
   1.74357994e+00
  -5.62532894e-01
  -4.07663820e-01
  -1.58053164e+00
  -1.28442117e+00
   4.83329209e-01
   7.70027186e-01
  -2.22961624e+00
   5.63650489e-01
  -8.27755557e-01
   7.55271149e-01
   2.67827531e-01
  -1.35147310e+00
  -9.76915039e-01
  -2.50293130e-01
  -2.15977307e-01
  -7.07375187e-01
  -1.43315301e+00
  -1.19862186e+00
  -7.85367094e-01
  -6.44382918e-01
  -1.77396126e+00
   1.09006737e-01
   4.03212236e-01
  -1.25186579e+00
   1.06225663e+00
   8.40968506e-01
   4.87487680e-01
   1.35726906e-01
   2.06125234e-01
  -1.63321230e+00
  -6.38345973e-01
   1.00664677e+00
   1.63620238e+00
  -7.26686430e-01
  -7.08573041e-01
  -7.08634796e-01
  -2.04392882e+00
  -2.89104225e-01
  -1.03215306e+00
   4.04231683e-01
  -1.01499117e+00
  -4.77354569e-01
   7.25718711e-01
  -6.86120749e-01
   1.11931629e+00
  -8.45623024e-01
  -5.88253868e-02
  -1.46319645e+00
  -1.78914383e+00
   2.75578254e-01
   3.84005483e-01
   2.03277354e+00
   1.54670651e+00
   1.01222627e+00
   9.34540579e-01
   6.99481206e-01
   1.83236007e+00
  -2.19118012e-01
  -1.25318740e-01
  -1.69920358e+00
   5.85482878e-02
  -5.76910118e-01
   1.12391467e+00
  -4.71521560e-01
  -4.46683166e-01
   2.07884140e-01
   1.23047881e+00
   1.77535944e-01
  -1.34397458e+00
  -1.46559251e-01
  -1.30482981e+00
  -1.21637222e+00
  -1.16983376e-01
  -9.02975113e-01
   1.86604206e+00
   1.18628953e-02
  -3.98341796e-01
  -2.77013750e-01
  -1.15591947e+00
   6.99639351e-01
  -1.36012395e+00
   5.43108838e-01
   9.88566155e-02
  -1.17517643e-01
   9.88502144e-01
  -8.84211316e-01
  -5.35805176e-01
   6.50279893e-01
  -8.71299703e-01
  -9.38895080e-01
  -4.98311445e-01
  -1.96861294e-01
  -1.92729137e-01
  -1.28751051e-01
   1.25550408e+00
  -5.81363192e-01
   2.14891557e-01
   1.63252430e+00
   1.00134248e+00
  -1.80242755e+00
   8.59013135e-02
  -8.68587791e-01
  -8.69034105e-01
  -6.69400535e-01
  -1.18098792e-01
   1.23903625e+00
   8.08130768e-01
   5.84387676e-01
  -4.10887216e-01
  -5.98066358e-01
  -1.57986324e+00
  -3.14826182e-02
  -3.36587583e-01
  -7.52698250e-01
   6.68489012e-01
   4.66623860e-01
   1.44031544e+00
  -1.11088381e+00
   1.05904635e+00
   1.58056653e+00
   1.96478392e-02
   4.84356276e-02
   1.27463380e+00
   5.22353908e-01
  -4.87854473e-01
   6.25589838e-01
   7.93613546e-01
   1.57313165e-01
   4.50148828e-02
  -3.01807035e-01
   9.70365948e-01
   3.08346028e-01
   1.74493945e+00
  -2.21969569e+00
   2.73670455e-01
  -1.16878371e-01
   5.05223807e-01
   3.83283903e-01
   5.61257989e-01
   8.17784436e-01
   4.87976224e-01
   1.37881700e+00
  -4.99025038e-01
  -7.19908274e-01
   4.60414731e-01
   9.26347505e-02
   7.53454541e-01
   1.39928066e+00
   1.06725919e+00
   2.86714208e-01
   1.91262943e-01
  -1.93963713e-01
  -5.05727035e-01
   6.64904005e-01
   2.92006173e-01
  -2.00076110e-01
  -1.64276627e-01
  -3.34242038e-01
   4.45793904e-01
   1.09143347e+00
   7.14784734e-01
   1.09826841e+00
   5.21118712e-01
   2.04327163e+00
   6.87615708e-01
  -2.57365230e+00
   7.72780419e-01
  -2.20733673e-01
   2.91529322e-01
  -2.45212694e-01
  -2.94878132e-01
  -1.48904967e+00
   7.87554548e-01
   1.15266888e-01
   1.91095148e+00
  -2.00361308e+00
   2.15809425e+00
   1.02388428e+00
   1.44205973e+00
   3.77706546e-01
   2.52626977e-01
   2.59071807e-01
  -3.86100564e-01
   1.84271148e-01
  -1.12042689e+00
   3.99523728e-01
  -6.00661237e-01
   1.42813460e+00
  -7.81127449e-01
  -2.74237418e-01
   6.17065682e-01
   8.84830749e-01
  -1.24376146e+00
  -3.70127280e-01
  -2.00639320e+00
  -1.62686061e+00
  -4.28103410e-01
  -6.60766365e-01
  -5.15597428e-01
   6.79614878e-01
  -1.46865616e-02
  -8.93701975e-01
   1.81158013e+00
   1.23086703e-01
   1.69791957e+00
  -3.70775474e-01
   2.59830904e-01
   7.75327001e-01
   1.20939673e+00
   1.61257768e-01
   7.61680009e-01
   7.19514180e-01
  -4.88501341e-01
  -7.40966340e-01
  -1.87500741e-01
   1.46903849e+00
  -1.35311182e+00
   1.59234185e+00
  -1.90503833e-02
  -1.21276195e+00
  -7.67967434e-01
   7.77975692e-01
   4.34896927e-01
  -1.74650856e+00
  -2.36455730e-01
  -9.90861648e-01
   5.04191277e-01
   6.38555651e-01
   1.07337154e+00
   1.95633806e-01
   2.65053032e+00
  -6.08592390e-03
   7.90878647e-02
  -1.21024630e+00
   4.92019785e-01
   6.57070416e-01
  -5.81763296e-02
   1.18810508e+00
   5.46389943e-01
   1.19601539e+00
  -6.75340408e-01
   6.25312166e-01
   1.69867415e+00
  -3.74167610e-01
  -4.04932919e-01
  -1.28505496e-01
  -4.06544772e-02
  -2.31284515e-01
   9.85561475e-01
   3.63087906e-01
   2.24581427e-01
  -6.36682661e-01
  -1.72637875e-01
  -1.59486249e+00
  -7.22679811e-01
   3.97893393e-01
  -8.81388071e-01
  -7.98808261e-01
  -7.21147152e-01
   7.71250163e-01
  -2.00030736e-01
  -1.87330249e-01
   2.27178306e+00
   2.54749163e-01
   3.26221941e-01
  -2.08256888e+00
  -1.92941308e+00
   9.66946831e-01
   1.73469458e-01
  -1.65271307e+00
   2.15608055e+00
   3.64767562e-02
   7.69199625e-01
   1.69786347e-01
   9.47800893e-01
  -1.00365844e+00
   2.19464830e-01
  -9.99071777e-02
   8.32123347e-01
   1.90873985e+00
  -1.26919734e+00
   1.74452622e+00
   9.61809747e-01
   3.42829715e-01
   5.82644417e-01
  -2.26452559e-01
   6.71192240e-01
  -6.55077473e-01
  -6.85195298e-01
  -1.17339163e+00
   4.20737686e-03
   6.41105720e-01
   1.80380550e-01
  -5.92098500e-01
  -1.87531264e-01
  -8.92996372e-01
  -1.57325290e-01
   6.55079410e-01
  -1.89698782e+00
   1.93001697e-01
  -1.97481559e-01
  -5.83345844e-01
  -3.41535851e-01
  -1.05151425e+00
  -2.95584748e+00
   1.48800391e+00
  -5.16885217e-01
   6.54831188e-01
   1.72351124e-01
   3.04358550e-01
  -1.34924861e+00
  -7.69837867e-01
   1.86278346e-01
   8.70192465e-01
   1.40921980e+00
  -1.61098826e+00
  -3.77284217e-01
  -1.17991519e+00
  -1.04371422e+00
   1.09083409e+00
   7.40349650e-01
   1.43690665e-01
  -7.72789200e-01
  -1.89527767e-01
  -4.59811466e-02
   7.05232386e-01
   8.62301577e-01
  -4.91857216e-01
  -7.25940639e-01
   3.08301025e-01
   1.07780881e+00
  -6.93105095e-01
  -8.50737080e-01
  -4.12889234e-01
  -2.70212584e-01
   1.00843382e+00
  -7.29718746e-01
  -1.25301695e-01
   1.02031236e+00
   1.51238871e+00
  -6.98392450e-01
   5.71386832e-01
   2.74809371e-01
   6.21159372e-01
  -8.16650233e-01
   5.24871798e-01
  -5.22320108e-01
   1.56702720e+00
  -1.22630087e+00
   1.46232878e-01
  -2.50602032e+00
  -2.95781387e-01
   2.40664625e-02
   7.17810163e-01
  -4.69238863e-01
  -6.25918770e-01
  -8.29730470e-01
  -1.17715688e-01
  -7.17983604e-01
   9.99440937e-01
  -1.17845486e+00
   2.40126420e-01
  -1.56455727e+00
  -1.45881220e+00
   1.91957300e+00
   1.09873409e+00
   9.82158829e-01
  -1.23427426e+00
   1.58576090e-01
  -1.30048389e-01
   1.44227323e+00
   3.71286491e-01
  -1.49368067e-01
   1.17125796e+00
   1.89156147e+00
   1.94787811e-01
  -5.31551413e-01
   4.17437535e-01
  -8.05713624e-01
   1.20847379e+00
   1.24697644e+00
  -2.20373234e-01
   2.68748543e-01
  -9.39376746e-02
   1.42126237e+00
  -9.91122321e-01
  -2.87803015e-01
  -1.94097792e-01
   2.28420597e+00
  -1.38814763e+00
   9.45730083e-01
   6.61567655e-01
   3.34641286e-01
   2.83910452e-01
  -5.55353236e-01
  -6.14557224e-01
   8.14808677e-01
  -1.43382768e+00
  -3.73443473e-01
  -6.43649154e-01
   7.59583160e-01
   1.23678682e+00
   3.34733229e-01
   6.23040601e-01
   1.38313738e+00
   9.68822951e-01
   2.21594177e-01
   9.61581465e-01
   1.62557556e+00
  -6.97685811e-01
  -1.04069320e+00
  -1.42837587e+00
   8.77200893e-02
  -3.99198930e-01
   5.77571739e-01
  -3.87654806e-01
  -1.14970938e+00
   1.03653395e-01
  -1.05593741e+00
  -1.31245961e+00
  -4.99140591e-01
  -8.65935935e-01
  -1.35681049e+00
  -1.66029137e+00
  -7.59162203e-01
  -9.11588238e-01
  -7.71768416e-01
  -8.85399684e-01
  -7.36382677e-01
   2.35066077e-01
  -4.80134410e-01
   6.44030183e-02
  -1.35004169e+00
   5.32021808e-02
  -2.45536369e-01
   1.68492893e+00
  -9.94265815e-01
   8.59333503e-01
  -2.01680811e-01
  -1.45194677e+00
  -3.62801053e-01
  -3.95713079e-01
   9.98484006e-01
   8.64371526e-01
   1.14000026e+00
  -2.92404876e-02
  -9.31984636e-01
  -1.00844739e+00
  -2.33417563e-01
   1.42497015e+00
  -2.13188689e-01
  -9.32577152e-01
  -4.06228799e-01
   1.31156993e+00
  -1.50487721e-01
  -5.66665739e-01
  -1.49381325e+00
  -6.17137892e-01
  -2.10231611e-01
   7.04676077e-01
  -1.22149125e+00
  -1.39074498e+00
  -4.96752207e-01
   7.37028480e-01
  -3.41038713e-01
  -9.33249178e-02
  -9.65935404e-01
  -1.23502415e+00
  -2.69126825e+00
   9.09143330e-01
   1.28925509e+00
  -6.28358516e-02
  -1.02401880e-01
  -2.34674348e+00
  -4.92355324e-03
   7.68393653e-02
  -6.99438208e-01
   5.36230714e-01
  -7.39545036e-01
   1.22006077e+00
   8.35771477e-01
  -4.22674419e-01
   3.60543813e-01
   2.02553415e-01
   3.73716331e-01
  -1.34670350e+00
   8.62624704e-01
   8.29270531e-01
  -1.86867824e-01
   6.48831741e-01
   9.84162983e-01
   4.27144276e-01
  -8.77078425e-01
   8.06073631e-01
   9.31506122e-01
  -6.55605268e-01
  -5.23264663e-01
  -6.48859085e-01
   3.72441265e-01
  -6.75569564e-01
   5.86663592e-01
  -1.18179306e-01
  -1.10059338e+00
  -1.10305221e+00
  -6.38615085e-01
  -1.35239307e-02
   2.85123170e-02
   2.56732971e-01
   9.63757736e-02
   1.07552523e+00
  -6.34943411e-01
  -8.54181744e-01
   7.14211395e-01
   4.09971196e-02
   1.19640048e+00
   1.24509638e-01
   1.29089677e+00
  -2.63551623e-01
  -1.47701530e+00
  -1.31488666e+00
  -3.49331906e-01
  -9.70162363e-01
   2.79805858e-01
   1.09239661e+00
  -1.92534728e+00
  -3.19311847e-01
   1.03247123e-01
   7.30133172e-02
  -6.88356731e-02
  -1.44780449e+00
   5.55901921e-02
  -4.94792918e-01
  -5.27247805e-01
  -1.04941658e+00
   5.57329080e-03
  -8.13826925e-01
  -8.81598366e-01
   1.04344847e+00
   3.92096680e-01
  -1.30497851e+00
  -4.11454183e-01
   2.16927554e+00
   1.33272421e+00
   1.69001605e+00
  -1.09009939e+00
  -1.06332622e-01
   1.41045699e+00
   9.67664878e-01
   1.73955884e+00
   9.20107288e-01
  -1.10855881e-01
   8.93145553e-01
   1.91619072e+00
   3.60624954e-01
  -2.01986290e+00
   2.22355102e-01
   7.15554446e-01
   1.02529293e+00
   1.49116275e+00
   9.79924444e-02
   1.32326743e+00
  -3.03982151e-01
   1.28719931e+00
   1.80234437e+00
   1.68401206e-01
  -3.37974114e-01
  -1.70865968e+00
  -1.90697028e+00
   3.80849075e-01
  -7.83381715e-02
   1.22306746e+00
   2.65059557e-01
   4.25028644e-01
   2.64514434e-01
  -1.28255185e+00
  -1.53047870e+00
  -3.22800587e-01
   5.82044873e-01
  -4.57879435e-01
  -3.72220557e-02
  -1.07894381e+00
  -2.87175502e+00
   6.49716921e-02
  -3.23982938e-01
  -5.62964874e-01
  -2.16511532e-01
   3.53218382e-01
   1.45425773e+00
   1.85204302e+00
  -3.49096536e-01
  -1.83013998e+00
   4.30468030e-01
  -8.20007388e-01
   8.45996143e-01
  -2.77991066e-01
   5.98824131e-01
   3.89963188e-01
   1.74934643e+00
  -2.31389042e-02
   8.39350682e-01
   1.52008550e+00
  -4.40620653e-01
   1.75524120e+00
   5.31007329e-01
   1.15831519e+00
  -5.20113522e-01
   7.72254604e-01
  -1.82007951e+00
   9.38436940e-01
   1.02737283e+00
   1.15842335e-01
  -1.84776818e+00
   1.43060384e-01
  -3.05122352e-01
   5.17372884e-01
  -9.98673861e-01
   9.40241327e-01
  -6.38258215e-01
  -1.02858413e+00
  -5.78882847e-01
   9.22977799e-01
   3.90079213e-01
   7.60810758e-01
  -9.97670644e-01
   2.66499978e-01
   1.33308892e-01
   8.66477164e-01
  -5.80363013e-01
   9.55776865e-01
  -6.16818509e-01
  -2.34046248e-01
  -5.40826493e-01
   4.83650924e-01
  -7.83007275e-03
  -2.80351648e-01
  -3.80802883e-01
   1.69405352e+00
  -1.74614127e-01
  -8.09778665e-03
  -5.27847620e-01
   4.52730301e-01
   2.76777514e-01
  -2.32956987e-01
  -1.21023862e+00
   5.92713532e-01
  -1.98056746e+00
  -3.53595341e-01
  -5.43679547e-01
  -6.14068461e-01
   7.64430520e-01
  -1.41233274e+00
   7.31483439e-01
  -1.96525512e-01
  -1.00970567e+00
   4.96460757e-01
  -7.94874654e-01
  -9.58177932e-01
  -1.87697368e-01
   1.41972603e+00
   8.30185909e-02
   8.65198880e-01
  -1.14301245e+00
   7.86281669e-01
  -1.75891107e+00
  -4.20765790e-01
  -1.01419839e-01
  -8.96473516e-01
   7.89484858e-01
  -5.16655089e-02
   4.52729942e-01
  -3.14430696e-01
  -5.69877505e-01
  -6.35823665e-03
  -5.12352128e-01
  -6.50506560e-01
   5.53509754e-01
  -2.86802441e-01
   1.05851919e+00
  -1.78260995e-01
   1.00760294e-01
   2.71003252e-01
  -1.90216138e+00
   1.35391740e+00
  -1.05635706e+00
   1.48709094e+00
   6.07718342e-02
   6.13855018e-01
  -1.03073358e+00
  -1.23169506e+00
   1.03109223e+00
  -9.63023536e-02
   1.47781398e+00
   1.56787926e+00
   8.23606751e-01
   9.09492331e-02
  -5.93459134e-01
  -1.34440604e+00
  -2.78151608e-01
  -1.20298778e-01
  -3.06126634e+00
   1.38564193e+00
  -6.59115697e-02
  -1.13757940e+00
  -2.03134887e+00
  -1.21844734e+00
   1.48431307e+00
   2.88253443e-01
   1.43750585e+00
   7.29481884e-01
  -4.06678398e-01
  -9.36836702e-02
  -2.06266068e-01
  -6.80069241e-01
   2.49824200e-01
  -8.30399984e-01
  -5.70470271e-01
  -7.69617817e-01
  -3.36127887e-01
   3.50383437e-01
  -1.43088622e+00
   1.43292056e-01
  -9.58037103e-01
   1.28017962e+00
  -1.69569300e+00
   1.00461208e+00
   4.70454514e-03
  -9.29672958e-01
  -2.81805264e-01
  -1.42318601e-01
   9.03941703e-01
   2.86247716e-01
  -3.21942269e+00
   1.41900604e+00
   1.12641193e+00
  -5.82004906e-01
  -1.10831473e+00
   6.88908726e-01
   2.63065661e-01
   1.48403124e+00
  -8.51920400e-01
   2.89823155e-01
  -9.94406672e-01
   4.05326497e-01
  -2.18749676e-01
   1.66374823e+00
  -6.32006409e-01
   1.22394488e+00
  -4.58570396e-01
  -1.03072427e+00
  -1.75601457e+00
   5.21299417e-01
   9.90468512e-02
  -7.40766479e-01
  -1.11169589e+00
  -8.31167083e-01
  -5.19672466e-01
   2.08518859e-01
   1.42432164e+00
  -6.71451645e-01
  -6.60471141e-01
  -1.24212395e-01
  -2.45935371e-01
  -5.42184366e-01
  -3.90536635e-01
   7.20604635e-01
  -2.24987558e+00
  -1.07036260e+00
  -2.15956312e-01
   9.77553905e-01
   9.05893274e-01
   9.48439480e-01
  -2.32032696e-01
   1.37765263e+00
   1.88261663e+00
   1.26187501e+00
  -1.73530264e+00
  -2.44013323e-01
   4.66458445e-01
  -1.18396765e+00
   5.29861605e-02
   1.16246446e+00
   5.79556231e-01
   7.84350511e-01
   3.27203996e-02
   4.85490807e-02
  -1.20253958e-01
   1.04635096e+00
  -3.69959520e-01
   1.13252604e-01
   6.99980292e-01
   7.95936758e-01
   1.52746467e+00
  -5.48926910e-01
   1.02539034e-01
  -1.38412607e+00
   9.63882930e-01
   6.75857347e-01
   5.78659988e-01
  -7.05986232e-01
   8.33456446e-01
  -7.79428080e-01
   1.21382812e+00
   3.71468606e-01
   5.77834577e-01
  -5.07161174e-01
   4.75441561e-01
  -4.74866088e-01
  -1.15267949e-01
  -2.98115093e-01
  -3.12453534e-01
   6.77713787e-02
   1.17939760e+00
  -6.68050673e-01
   1.96262078e-01
  -2.76134024e-01
  -1.41321472e+00
  -1.53829345e+00
   4.51388103e-01
  -1.72115966e-01
  -4.66971716e-01
  -4.38759669e-01
  -5.61059336e-01
   9.45151946e-01
   9.02792944e-01
  -1.29557297e-01
  -2.04315755e+00
   3.61847207e-02
  -1.49211694e+00
  -2.79895117e-01
  -9.76161270e-01
   1.09145777e+00
  -7.84199516e-01
   2.25345665e-01
  -6.34803981e-01
   1.95314869e+00
   7.98637308e-02
  -1.43917404e-01
   3.67090900e-01
  -6.09302625e-01
  -4.77916431e-02
  -5.29089531e-01
   4.16910277e-01
   2.44705547e+00
   1.83902614e+00
   1.13915321e-01
   1.48275057e+00
  -1.12951054e+00
   6.53694316e-01
   1.51513700e-02
   4.92159172e-01
  -7.24354586e-01
  -9.26683729e-01
  -3.89877209e-01
  -6.39876937e-01
  -8.45305349e-01
  -1.43724535e-01
  -9.61174080e-02
   3.22049546e-01
  -1.43107519e+00
  -1.31325971e+00
   7.77199674e-01
   8.77737129e-01
  -4.11879560e-01
  -3.66945143e-01
   3.43596967e-01
   1.04269395e+00
  -1.35458606e-02
   4.42546334e-01
  -6.32168885e-01
  -2.38150930e+00
  -1.00851975e+00
  -4.22169775e-01
   3.60981090e-01
  -7.36878749e-01
  -8.40529675e-01
  -9.88446633e-01
   1.00846037e-01
   5.73883655e-01
   1.51694399e+00
   3.51403142e-01
  -2.41072994e+00
   1.20746920e-01
  -1.97103424e+00
  -1.45290363e+00
   2.56987519e-01
   1.49071967e-01
  -7.77084270e-01
  -1.15486218e-01
   1.80371274e+00
  -9.73135781e-01
   1.65609078e+00
   7.47393227e-01
   5.13071513e-01
  -3.94778443e-01
   8.20091782e-01
   8.79476417e-02
   7.13984482e-01
  -6.34641504e-01
  -1.31315632e+00
  -8.31387653e-01
  -1.39413468e+00
  -9.82000445e-01
  -7.16734102e-01
   5.13806847e-01
   1.01585344e+00
  -6.50667432e-01
   8.56732587e-01
  -1.50083454e+00
   1.71941486e+00
  -1.12748791e+00
  -2.84069867e-01
  -8.40544899e-01
  -1.76813817e+00
   6.33352504e-01
  -6.38091496e-01
   2.31885258e+00
   2.48369922e-01
   8.55142395e-02
   7.35967360e-01
  -5.86173619e-01
   7.58484091e-01
  -2.66198215e-01
  -1.41969416e+00
  -2.28858521e-01
  -5.23066463e-01
   2.22914223e+00
   1.30504608e+00
   1.75985864e-01
  -1.21988233e+00
  -9.45700745e-01
  -9.05695394e-01
   1.81113266e-01
  -2.05950061e+00
   9.37376608e-01
  -3.22981193e-01
   5.95936273e-01
  -5.35945829e-01
   8.78928632e-01
   6.66011900e-01
   9.48951284e-01
   4.12130563e-02
   1.42503535e-01
   4.60336490e-01
  -1.82394687e+00
  -1.10374719e+00
  -7.21900469e-01
  -1.14252795e+00
  -5.53770805e-02
   8.00379187e-01
  -1.76976636e+00
   2.16417023e-01
   4.69626652e-01
   5.65388303e-01
   7.05117877e-01
   3.41086890e-01
   1.58216140e+00
   1.20689303e-01
   7.17801320e-01
  -4.56761687e-01
  -9.85919165e-01
   9.49892426e-01
  -8.05550904e-01
   1.25489915e+00
  -5.74419710e-01
  -5.21738012e-01
   5.19310848e-01
   8.79670616e-01
   5.31956540e-01
   7.62782930e-01
  -2.51960412e-02
   4.26812447e-01
  -1.42014282e+00
  -1.16995076e+00
   2.24760917e-02
   5.86296943e-01
   7.36295165e-01
   6.82042054e-01
  -6.99514598e-01
   1.25109415e+00
   4.80568184e-01
   4.25413287e-01
  -9.86696750e-01
   5.66676616e-01
  -9.15090082e-01
   8.10218576e-01
   5.12848519e-01
  -3.22757166e-01
  -5.52071632e-01
  -3.83673798e-01
  -2.77590405e+00
  -4.37018982e-01
  -5.44512331e-02
   2.80452750e-01
  -7.42027489e-01
   7.05533275e-01
   5.99667019e-01
  -4.47610186e-01
   5.36551552e-01
  -3.96727833e-01
  -8.59111568e-01
  -1.22252183e+00
  -3.06864309e+00
   5.62288209e-02
  -3.60078449e-01
   1.31557646e+00
   3.78435199e-02
  -2.55015618e-01
  -2.24364272e+00
  -1.41324048e+00
   9.72083353e-01
  -1.24202829e-01
  -8.85086167e-01
  -8.53635314e-02
  -4.09216478e-01
   1.19270224e+00
   1.16477260e+00
  -1.21402204e+00
  -5.48520660e-01
   7.29415103e-01
  -1.49192820e+00
   1.08252613e+00
  -8.39246529e-01
  -1.84776526e+00
   3.65826464e-01
   6.57474913e-01
  -1.30412039e-01
  -9.41721716e-01
   2.02118767e-01
   1.94476872e+00
  -3.30364392e-01
  -4.44732174e-02
   1.02482727e+00
   1.22646423e+00
  -1.60972492e+00
  -1.33989431e-01
  -4.21552060e-01
  -1.94227772e-01
  -7.45243268e-01
   6.08402451e-01
  -1.00101835e+00
   2.98321052e-01
  -1.05938209e+00
   1.28732522e-01
   3.34507444e-01
   6.14244279e-02
   1.52819250e+00
  -9.68655244e-01
   1.23525250e+00
   2.43805113e-01
   8.08885273e-01
  -4.40074957e-01
   1.17848895e+00
  -1.69907145e-01
  -8.53129878e-01
   1.27848286e+00
   7.03517235e-01
   1.90073037e-01
   1.91256483e+00
  -2.27268598e+00
  -6.44844669e-01
  -5.16949514e-01
  -1.93126540e+00
  -2.39019743e-01
  -5.30315029e-01
  -4.18718178e-01
  -7.05210072e-01
   7.14537150e-01
  -8.05346485e-01
   7.45835833e-02
  -3.71758799e-01
   1.23905670e+00
  -8.58101106e-01
  -4.53535376e-01
  -3.81694267e-01
   8.17992694e-01
   1.32679892e+00
  -8.37713719e-01
   9.37125489e-01
  -7.34957510e-02
  -1.57207314e+00
  -1.12684457e+00
   1.95052982e+00
  -9.39374389e-01
  -1.86838763e+00
  -1.04306594e-01
  -6.75967949e-01
  -8.96695680e-01
   3.76632900e-01
  -6.13120520e-01
  -8.56805969e-01
   1.93779805e+00
  -1.03960080e+00
   1.05275702e+00
  -2.42680720e+00
   1.27462360e+00
  -2.86296299e-01
   1.20429386e+00
  -1.13578572e+00
   1.30426828e+00
  -1.85229114e+00
   1.48184167e-01
   6.85362591e-01
   2.93266561e-01
  -1.69900621e+00
   7.44528283e-02
   1.97813862e+00
  -3.90784492e-01
   1.24523826e-01
   1.41216972e+00
   4.82474324e-01
  -1.01498941e+00
  -1.83802768e+00
   6.69939388e-01
   5.13899085e-02
   6.51701939e-01
   8.68470002e-01
   2.23244285e-01
   9.82615447e-01
   1.60801499e-01
  -1.37932418e+00
  -2.41299152e-02
  -1.20682488e+00
   3.06809920e-01
   1.66084456e+00
  -6.97437633e-01
  -5.48474850e-01
   4.46649029e-01
  -3.68942914e-01
   8.16865446e-01
   2.12299294e+00
  -1.48054860e+00
  -8.10054132e-01
   9.70116252e-01
   5.61635990e-01
   9.22694693e-01
  -6.62971576e-01
  -3.35421283e-01
  -1.13948538e+00
   1.38565531e+00
   1.00795054e-01
   9.24892421e-01
   1.61378741e+00
   3.60038133e-01
   5.68045410e-01
   8.08505123e-01
  -6.40601875e-01
  -7.69973161e-01
  -1.03788344e+00
  -8.50087946e-01
  -6.36487520e-01
   1.46271374e-01
  -9.88087406e-01
  -7.81004624e-01
  -4.07831577e-01
   1.69148228e+00
   1.88030007e-01
  -1.10390173e+00
  -6.80442330e-01
   7.80320658e-01
   1.22689488e+00
   3.23925685e-01
  -1.57288758e+00
   1.41766818e+00
  -2.11602134e+00
   2.85872966e-01
  -8.87303403e-01
  -4.74739636e-01
   4.68003978e-01
  -2.28635280e-01
  -9.00721197e-01
   4.41453028e-01
   4.58122189e-01
  -1.38450336e+00
  -8.24690203e-01
  -2.38542227e-02
  -7.81057032e-01
   7.34824008e-01
   2.21897661e-01
  -5.47875347e-01
   3.12677635e+00
  -3.88213837e-01
   1.36403041e-01
   5.41485636e-01
   1.07092433e+00
  -9.36128685e-01
   6.33954601e-01
   6.74100560e-02
   9.03561888e-01
   8.88591947e-01
  -4.23318856e-02
   4.88373317e-01
   1.72219663e+00
  -1.41853125e-01
  -1.68773453e+00
   3.74002568e-01
  -9.94624225e-01
  -2.05159557e+00
  -1.59431242e+00
   3.75116994e-01
   1.23336948e+00
   1.03583927e+00
   1.10876143e+00
  -9.55333347e-01
   6.97326245e-01
   6.01320638e-01
   9.50674358e-02
   2.08197513e+00
   1.17054899e-01
  -9.66022396e-01
   1.48754163e-01
  -8.22067612e-02
   2.30574889e+00
   4.42216893e-01
  -2.62164397e-01
  -2.18416696e+00
   4.53025761e-01
   1.37747460e+00
  -2.40892089e-01
  -9.46354842e-01
  -2.94698645e-01
  -1.26673689e+00
  -1.91525488e-01
   2.74489217e-01
   3.22044365e-01
  -1.88787795e+00
   2.09651542e+00
   1.02297238e+00
  -3.12041142e-01
   1.14299536e-01
  -1.78851702e-01
  -3.30506474e-01
  -4.16458030e-01
   1.99600603e-01
   7.80464539e-01
  -1.66012400e-01
  -3.47557122e-01
  -1.99411081e+00
   5.33201279e-01
  -1.31726051e+00
  -1.32263631e+00
  -4.37300012e-01
   1.46181547e+00
   7.29887477e-01
   1.89423757e-01
  -8.97603444e-01
   4.00417055e-01
  -5.78549072e-01
  -2.07581184e-02
  -1.47697926e+00
   1.36914288e-01
   5.04305095e-01
   8.38472224e-01
   3.56523107e-01
   1.32578407e+00
   7.21967499e-01
  -4.32664908e-01
  -4.60568523e-01
   1.72243785e+00
  -9.26615905e-01
  -9.13578811e-01
   7.48702692e-01
  -1.09205559e-01
   1.38378799e-02
   1.13866300e+00
   1.32471516e+00
  -1.18768027e+00
  -1.76193607e+00
  -5.46630535e-01
   3.10466291e-01
  -6.03648740e-01
  -4.77175599e-01
   1.63091747e+00
  -1.43756972e+00
   6.48328288e-01
  -1.62572474e+00
  -3.98016449e-01
   1.69050291e-01
  -1.50214283e-01
  -8.97020598e-01
   1.62055654e-01
   2.09025748e-01
   4.32369070e-01
   4.94889447e-01
   4.10257854e-01
  -1.67507537e-01
   8.78018979e-01
   4.61941919e-01
   6.97299049e-01
  -3.66828663e-01
  -7.84678224e-01
   6.96086084e-01
   4.38471080e-01
  -5.55155601e-01
  -1.71520996e+00
   1.51944165e+00
   8.72407434e-01
   5.26887962e-01
  -2.56184687e-01
   2.13646078e-02
  -1.29880018e-01
   6.48134419e-01
  -4.20239059e-01
   1.98859130e+00
  -7.25149950e-01
  -1.02961569e+00
  -1.73994219e-01
  -6.65548689e-01
  -3.72370098e-02
  -1.26222265e+00
   1.99199767e+00
  -3.11546234e-01
  -2.68394071e+00
  -1.59603616e+00
  -1.39448293e+00
   9.51283092e-01
  -6.70131417e-02
   1.83117142e+00
  -1.61720560e-01
   1.68241486e-01
  -3.14559374e-01
  -1.31823495e+00
  -4.99500709e-01
  -1.23077667e+00
  -4.11973234e-04
  -9.38866763e-01
  -4.77938590e-01
   9.48304719e-01
   5.71807674e-01
   1.07994422e+00
   3.97782483e-01
  -9.25040737e-02
  -1.35642879e-01
  -1.08780856e+00
  -8.06530562e-01
   1.11055795e+00
  -3.86841540e-01
   3.08339828e-01
  -4.02508150e-01
  -4.44559563e-01
   8.42320455e-01
   1.49123054e+00
  -6.71329548e-01
  -8.37482839e-01
  -7.53126684e-01
  -1.68651127e-01
   3.59326241e-01
  -7.18675515e-01
   8.02979125e-01
   1.42093239e+00
   7.37197321e-01
   1.50843743e+00
   6.44142715e-01
   4.64672961e-01
   1.71160647e+00
   1.59000316e+00
