   8.76494489e-01
  -6.11538197e-01
   2.40819654e-01
  -1.17721552e+00
   2.62416419e-01
  -9.55101315e-01
  -6.13218139e-01
  -3.20145370e-01
  -1.15923674e+00
   1.16585767e+00
   6.84368323e-01
  -8.16667368e-01
  -1.12937998e+00
  -2.81325535e-01
   6.22844376e-01
   1.54855633e+00
  -5.23595865e-01
   1.26161324e+00
  -8.86376091e-01
  -7.36507782e-02
  -2.65380648e-01
   9.15148731e-02
   1.51897580e+00
  -4.71873187e-01
   5.69863602e-01
   9.90183008e-01
  -2.01235020e-02
   4.85432215e-01
  -1.05990859e+00
   9.25697937e-01
   2.43895363e-01
  -7.52312747e-01
   5.98649875e-02
  -1.35759111e-03
  -9.15925838e-02
  -6.50592621e-01
  -3.07440068e-01
  -1.85402794e-01
  -1.74728970e-01
   5.42437346e-01
   1.33517302e+00
   9.92410887e-01
   5.82214777e-02
   6.83248681e-01
  -8.43887292e-01
   1.71688853e+00
   1.03474855e-02
  -5.67762182e-01
  -5.43461712e-01
  -6.58812072e-01
  -1.35211875e+00
  -3.31480831e+00
   2.62624950e+00
  -8.63772219e-01
   6.04480808e-01
  -1.62839127e-01
   1.53615923e-01
   7.40321658e-02
   4.64935237e-02
  -3.43708656e-01
  -5.87464620e-01
  -3.47421657e-01
   3.67739677e-01
  -1.59398297e-01
  -9.97270203e-02
   3.95070972e-01
  -2.95061947e-01
  -9.65385898e-01
   9.80994162e-01
   3.00690373e-01
   1.22242536e+00
   6.12519209e-01
   2.42218749e-01
   2.13395936e-01
  -1.20008013e+00
   5.13037051e-01
   3.77086407e-01
   1.58029616e+00
  -6.80949675e-01
  -2.30301133e-01
   7.55450553e-01
   1.77378691e+00
   6.88877394e-01
  -5.74729155e-01
   8.82591889e-01
  -2.78693711e+00
   7.48996330e-01
  -1.09374754e+00
  -3.86393551e-02
   4.89823247e-01
   1.96586010e-01
   3.27679511e+00
  -3.21396990e-01
   4.18349080e-01
  -2.05682870e+00
  -1.80837743e-01
  -1.03512947e+00
   1.67682960e+00
  -1.18353253e+00
   5.99449415e-02
   4.07461738e-01
   1.23027632e+00
  -3.94220227e-01
  -7.87141778e-01
  -1.93125651e-01
   7.49158010e-01
  -2.89828900e+00
   1.55581215e-02
  -6.90926486e-01
   4.89652875e-01
   6.22610996e-01
   2.41968811e+00
   3.99478729e-01
  -5.35776432e-01
  -2.16055329e+00
   6.32632022e-01
   1.23166175e+00
   8.90425871e-01
   1.44733360e+00
   4.18922688e-01
  -9.96729907e-01
   1.58059311e+00
   2.09414425e-01
  -7.86642251e-01
   4.73760138e-01
  -1.48945013e+00
  -5.46231817e-01
   1.33620581e-01
  -6.94913529e-01
  -1.16574771e+00
   8.15439400e-01
   7.91773747e-01
   1.18007711e+00
  -4.90549496e-01
   1.13429094e+00
   9.60694823e-01
   1.41707969e-01
  -1.00457533e+00
  -7.16785079e-01
  -3.08371318e-01
  -6.20331465e-01
  -7.35547223e-01
   3.46577765e-03
  -5.41360981e-02
   7.02869849e-01
  -6.83605983e-01
  -1.16495105e+00
   1.38322627e+00
  -6.00415786e-01
   4.61319811e-01
   1.05567938e-01
  -1.24806243e+00
  -2.70269150e+00
  -9.82974753e-01
  -1.51501681e+00
   8.54111128e-01
   3.81568054e-01
  -9.27057608e-01
   6.08773522e-01
  -6.69834182e-01
  -3.66356944e-01
  -1.85853258e+00
   7.78193028e-01
  -8.06537341e-01
  -8.49943603e-01
   2.85492049e-01
  -1.00010306e+00
   7.12824694e-02
   6.77381773e-01
   6.64605448e-01
  -1.12543129e+00
   2.52407083e-01
   6.25335029e-01
  -1.85847980e+00
  -6.90491239e-01
  -1.59496967e+00
   1.77983399e+00
  -5.68682847e-01
  -5.05573606e-01
   8.91398443e-01
   7.43951009e-01
   9.75451111e-01
   8.34462567e-02
  -8.39334152e-01
  -6.57499610e-01
  -1.65018996e-01
   4.42704283e-01
  -9.72657071e-01
  -4.43042590e-01
  -4.06611153e-02
  -2.89339396e-01
   1.60378932e+00
  -5.65584594e-01
  -1.00700680e-01
   1.93048144e-01
  -1.13785443e+00
  -1.16180450e+00
   7.75866851e-01
  -8.52640525e-01
  -2.27910665e+00
  -8.15576947e-01
  -1.55781292e+00
  -1.22883712e+00
   2.91683467e-01
  -1.36371904e+00
   4.35865651e-01
   8.92474004e-02
  -4.82190536e-02
   1.13429683e+00
   2.42917287e+00
   4.77657246e-01
   3.29677456e-01
   7.06469127e-01
  -1.96736282e-01
   1.85659958e+00
   2.04220684e+00
   1.02658674e+00
  -3.34827413e-01
  -1.52962087e+00
  -1.26461741e+00
   1.91990483e+00
   5.67445814e-01
  -2.84606867e-01
   2.50371269e-01
  -1.00399239e+00
  -1.50013235e+00
   1.85166488e-01
  -5.14204909e-01
   7.70791947e-01
   7.49394906e-01
   1.06707047e+00
   7.04083229e-02
   5.26294163e-01
   4.12596037e-01
  -9.22651971e-02
  -1.18623466e+00
   5.86237040e-01
  -1.07594570e+00
  -3.31934280e-01
   1.11984271e+00
  -1.43116649e+00
  -1.69040131e+00
   1.37390418e+00
   4.03353264e-01
  -6.20292103e-01
  -6.03051988e-01
  -1.58706008e+00
   6.85328359e-01
  -3.30083980e-01
  -8.36407948e-01
   1.01390040e+00
  -8.63695702e-01
   1.33087846e+00
  -8.87063855e-01
  -8.40936089e-01
  -5.48326965e-01
   1.35159344e+00
   1.24950338e+00
   2.98489090e-01
   1.51444478e+00
  -2.06878340e+00
  -6.17040514e-01
  -1.63211543e+00
   1.22234152e-01
   1.92364296e+00
  -5.61162531e-02
   1.74529243e+00
   1.74901956e+00
   1.44526040e-01
   3.36881781e-01
  -6.81473312e-01
   6.68056057e-01
   4.45248729e-01
  -1.51775759e-01
   1.04021220e+00
   1.14634222e+00
   2.32117001e-02
  -3.10814464e-01
   1.66437586e+00
   5.42731774e-01
   5.60530222e-01
  -5.28308393e-01
   1.66188314e+00
  -1.08542443e+00
  -4.12102344e-01
   2.49314441e+00
  -2.45242793e-01
  -3.99810851e-01
   1.42588278e+00
   1.17656327e+00
   1.19962197e+00
   1.27778867e+00
   6.64819064e-01
  -2.49403569e-01
   5.66919873e-01
  -5.91690863e-01
   7.62079576e-02
   1.92383267e+00
   9.16459831e-01
   7.38340659e-02
   9.55800278e-01
   6.42303290e-02
  -9.98983922e-01
  -9.35604311e-01
  -5.82876615e-01
  -1.37479932e+00
  -2.20773702e-01
  -2.25923236e+00
   1.07917742e+00
   3.19094494e+00
  -7.18241051e-01
  -4.00331048e-01
   2.94029296e-01
   3.42844194e-01
  -4.38279050e-01
   8.41632676e-01
   1.61326995e+00
  -1.19938984e+00
   9.12555360e-01
   1.13057479e+00
   1.39034988e+00
   1.49724662e-01
   1.20460428e+00
  -9.37791386e-01
  -6.93848840e-01
  -1.00695152e-01
   1.39606368e+00
  -9.06335686e-01
  -5.34370703e-01
  -2.36622571e+00
  -1.41836849e-01
  -1.78529638e-01
   8.83445481e-01
   4.66700133e-01
   8.88731778e-01
   7.82177327e-01
  -2.53937935e-01
   2.49602151e-01
  -8.77724461e-01
   7.81985816e-01
   1.82604342e+00
   6.78950716e-01
  -9.98043818e-01
   8.70309100e-01
   7.03925397e-01
   5.71462759e-01
   1.00257831e+00
   3.58771111e-01
   7.52436052e-01
  -2.25461425e-01
   3.01658575e-01
  -5.12712305e-01
  -9.45956364e-01
   6.06736680e-01
  -1.00902210e-01
   5.97219130e-01
   4.88704885e-01
  -2.24781252e-01
   1.25531385e+00
  -9.40529296e-02
   4.65139888e-02
  -1.32356514e+00
   4.63646188e-01
  -1.40697537e-01
   6.84771360e-01
  -2.26080189e-01
   1.57602042e+00
  -9.94417930e-02
  -3.06811248e-01
   9.90905452e-01
   9.77358539e-01
   1.05515515e+00
  -4.75058682e-01
   1.25222506e-01
  -1.56611939e+00
   3.34153870e-01
  -6.39608984e-01
   1.33215731e+00
   9.94720791e-01
  -7.92875888e-01
  -8.64437184e-01
  -9.30028231e-01
  -6.75090176e-01
   1.23929751e+00
   1.37287316e+00
   1.39332157e+00
  -7.22602229e-01
  -3.20824495e-02
   4.79122856e-01
  -5.48253990e-01
  -1.40583342e+00
   2.72125732e-01
  -1.20677373e+00
   8.32553000e-01
  -9.22262764e-01
   7.62212559e-01
   1.11804510e+00
   6.93140022e-01
   1.44900105e+00
   3.91852239e-01
   1.01102638e+00
  -7.29550444e-02
  -1.39364572e+00
  -1.17691340e+00
  -1.48146193e+00
   1.64878882e+00
  -1.15460868e+00
  -1.80431249e+00
   3.12802851e-01
   2.47354088e-01
   2.33822363e+00
  -3.31824780e-01
  -6.14064285e-02
   3.35588833e-01
  -4.54686072e-01
   8.39764502e-01
  -1.29066818e+00
   1.37760828e+00
  -3.60475552e-01
   2.12074941e-02
  -9.63445138e-01
   4.39074306e-02
   1.16156022e+00
  -4.43972365e-01
   1.17672818e+00
  -5.52033595e-01
  -7.00984703e-03
   3.11972694e-01
  -1.00251939e+00
  -2.54936717e+00
   3.73118924e-02
  -1.27936697e-01
  -8.95828102e-01
   8.73971745e-02
  -1.43882179e+00
   1.14040084e+00
  -7.63163483e-01
   1.01029328e+00
  -5.37054967e-01
  -2.76694130e-01
   1.06938709e+00
   3.39390302e-01
  -7.08858775e-02
  -1.30366374e+00
   2.54298994e-01
   9.06030568e-02
   3.28020637e-01
  -2.14818285e+00
   9.94098087e-01
  -1.32361048e+00
   4.12263405e-01
  -4.53110840e-01
  -4.57528988e-01
   3.38228888e-01
  -5.26586556e-01
   5.72177157e-02
   1.79880330e+00
  -5.66561943e-01
  -2.57186646e+00
   7.56591564e-01
  -1.30257590e+00
   1.51320238e-01
  -1.23008005e+00
   3.43807595e-01
   5.60116309e-01
  -1.06314329e+00
  -2.14772008e+00
  -3.47097884e-01
  -1.17946704e+00
   3.97423037e-01
  -3.85654886e-01
  -9.28990273e-02
  -3.91989702e-01
   2.91133368e-01
   8.61901250e-01
  -2.79174005e-02
   2.71900894e-02
  -5.31833595e-01
  -2.52438475e-01
  -4.99977022e-01
   2.42764800e-01
  -4.07968705e-01
   6.55688045e-01
   7.87889506e-01
   2.62541671e-01
   1.23886206e+00
  -1.09870881e+00
   9.60006391e-01
   1.31874754e+00
  -1.19054882e+00
  -2.49632674e-01
  -1.53936158e+00
   1.07532187e+00
  -7.26655620e-01
  -2.24385262e-01
   7.19756931e-01
   1.02667098e+00
  -1.64233250e+00
   4.91741235e-01
   2.24857364e+00
   2.31069766e-01
   7.74721636e-02
  -8.85479442e-02
  -3.65772224e-01
   1.02216535e+00
   3.75293975e-01
  -5.70447587e-01
   6.36554218e-01
  -1.20820664e+00
   4.34103452e-02
  -1.57445323e-01
  -1.56251083e+00
   7.71360345e-01
   2.22695935e+00
   3.99184570e-01
   1.03552202e-01
   8.27910627e-01
  -1.15744517e+00
  -5.09972698e-01
  -1.70782766e-02
   8.37322706e-01
  -3.94866708e-01
   1.75488882e-01
  -3.89880797e-01
   2.46430434e+00
  -8.67788859e-01
  -4.90172884e-01
  -6.83475349e-01
   1.04855911e+00
   6.05286665e-01
   5.36107248e-01
  -3.16172880e-01
   7.11643289e-01
   3.92203142e-01
   1.05484358e-01
  -5.02557676e-02
   1.04132065e+00
   3.55158040e-01
  -1.62845855e+00
   1.03559015e+00
   1.70239649e+00
   9.20539986e-01
  -1.02231467e+00
  -8.46350907e-01
  -5.71529951e-02
  -1.52846660e+00
  -5.14329355e-01
   5.48034572e-01
   3.98038736e-01
  -7.01937200e-01
  -2.02787472e-01
   2.47530471e+00
  -5.87387645e-01
  -8.65153857e-01
  -4.16752276e-01
   6.92368103e-02
   3.57110819e-01
   8.86917668e-01
  -8.01579450e-01
   2.55372846e-01
   7.73883981e-01
   3.62320864e-03
   1.64592840e+00
   5.61866252e-01
   5.38033138e-01
  -3.73450220e-01
  -1.03137761e+00
  -1.22872389e+00
   5.18735341e-01
   2.24179413e-01
   1.23395362e+00
  -1.03981125e+00
  -4.15105837e-01
   7.26310444e-01
   1.46766417e+00
   1.90873361e+00
   9.90266350e-01
  -2.69074142e-01
  -7.22096383e-01
   2.02449035e+00
   5.68703364e-02
   5.18552787e-01
  -8.82803230e-01
   3.10534183e-01
   1.99479803e-01
   1.01001975e+00
   1.86662299e+00
  -8.62608942e-01
  -2.80370568e+00
  -1.08262106e+00
  -6.42819083e-01
   2.17735506e+00
   1.07223247e+00
  -1.81981595e+00
  -3.57525309e-02
  -1.07787866e+00
   1.96303537e+00
  -4.75673966e-01
  -5.50498013e-01
  -1.62442760e+00
   2.29634140e+00
  -1.51522670e-01
  -8.66971970e-01
   1.99826445e+00
   1.50802568e+00
  -2.02492745e-01
  -9.79845605e-01
  -1.94904771e+00
  -2.62184282e+00
   1.42219031e+00
  -2.91693061e-01
  -1.40520298e+00
   1.15807406e-01
   9.83391051e-01
   6.21194822e-01
   5.05684920e-01
  -7.59838810e-02
   8.18521632e-01
   1.71717413e+00
  -3.41128320e-01
   3.22999139e-01
  -7.71258098e-01
  -2.20178820e+00
  -1.68095956e+00
   2.16232054e+00
   8.17694123e-01
   7.51171861e-01
   1.58779848e-01
   1.78622626e+00
   7.64709627e-01
  -3.62957065e-01
  -6.06041735e-01
   2.67801017e-01
  -6.36208948e-02
   1.70007353e+00
   5.69250956e-01
   5.37142447e-01
   1.57078100e+00
   6.79039861e-01
  -4.53551914e-01
   9.93505967e-01
   2.89821471e-01
  -4.97060141e-01
   5.17370199e-01
   6.29299777e-01
   1.40941712e+00
  -9.63099237e-01
   1.87728315e+00
   1.75574212e+00
  -1.62706789e-01
   1.06264596e+00
   1.60387595e+00
   7.41232475e-01
  -1.82503536e+00
   3.25787258e+00
  -5.09675177e-01
  -1.09480089e+00
  -9.79273465e-01
   5.05899097e-01
  -3.69730601e-01
  -1.56874332e+00
  -3.33307595e-02
   8.86554162e-01
  -9.68221553e-01
  -1.11573436e-01
   1.45067925e-01
  -7.47298111e-01
   1.72273189e+00
  -2.55377004e-01
  -2.11386413e-01
  -3.81188530e-01
   2.05366891e-01
  -7.68084397e-01
  -4.68025059e-01
  -1.13496457e+00
  -3.05990031e-01
  -9.38841635e-01
  -2.17226358e-01
  -8.10892421e-01
  -2.55139414e-01
  -1.36709715e+00
   2.48210306e-01
  -8.56341394e-01
  -3.93662406e-01
  -1.01227768e+00
   8.37128082e-01
  -4.98024782e-01
  -3.53550524e-01
  -7.97741699e-01
  -1.75433849e+00
   1.91531732e+00
   8.13585715e-01
  -1.58534402e+00
   2.86199839e-01
   1.34432417e+00
  -1.22358790e+00
  -5.46743896e-01
  -1.26094834e+00
   1.10092325e-01
  -1.32315915e-01
  -4.49257350e-01
  -7.40677244e-01
  -1.51718010e+00
   9.20455880e-01
  -1.35365821e+00
   2.68773561e-01
  -8.66297860e-02
   7.44371128e-02
   8.79800648e-01
   1.67537599e-02
  -1.66410741e-01
   7.60286603e-01
  -3.95618455e-01
  -7.04210094e-01
   2.61949175e-01
   1.29934168e+00
   4.02322287e-01
   6.90315054e-01
  -4.09166010e-01
   6.46765073e-01
  -4.97039233e-01
  -1.57405997e-01
  -1.31164378e+00
   1.00525868e+00
  -9.31537060e-01
  -1.07532308e+00
  -6.01358997e-01
   1.56970891e+00
   7.99595437e-01
  -7.55012831e-01
  -8.92046749e-01
   1.15276101e+00
   5.44758917e-01
  -7.05253059e-01
  -1.12470736e-01
  -1.34540490e-01
   9.66565293e-01
  -3.98493040e-01
  -1.15204447e+00
   1.12239981e+00
   6.88175038e-01
  -1.13793994e-01
  -1.38878866e+00
  -6.25278940e-01
   6.31592399e-01
  -3.70759536e-01
   1.04178008e+00
   7.45040526e-01
   4.36022512e-01
  -1.37144719e+00
   1.95732677e+00
  -3.00168369e-01
   1.80956328e+00
  -1.48567353e+00
  -2.33493017e-01
  -1.10515232e+00
   2.21243353e+00
  -2.33364405e-01
  -2.34961505e+00
   3.91560253e-01
   3.09164668e-01
   6.91478325e-01
  -2.00747582e+00
   6.21145257e-01
  -9.72498925e-01
   1.80442812e-01
   2.80701489e-01
  -5.10068081e-01
  -1.09572902e+00
   8.61785667e-01
   8.64185691e-01
  -6.59004640e-01
  -5.88351724e-02
  -6.16275039e-01
   1.88838212e+00
   2.21646883e-01
   7.77287699e-01
  -2.95101046e-01
   1.39443945e+00
  -7.82242071e-01
  -6.02847113e-02
   2.95144868e-01
  -1.65141427e+00
  -1.53322049e+00
   1.90708959e+00
   4.21908746e-01
   7.64561078e-01
   9.51117284e-01
   6.83477648e-01
  -7.88917755e-01
   9.55594135e-01
   3.22410175e-01
  -3.37226239e-02
  -1.83228458e+00
  -1.74665898e-01
  -1.51923376e+00
   1.27065950e+00
  -9.15960662e-01
   1.41654098e+00
  -9.89746505e-02
   1.35874959e+00
   1.20510598e+00
   1.02042901e+00
   1.27422922e+00
   6.50717353e-01
  -7.53291133e-01
  -4.20884562e-01
   3.37034850e-01
  -1.38879500e-01
  -4.41981678e-01
  -6.73954325e-01
   2.78111517e-01
   5.34859803e-01
   5.30412549e-01
  -2.86839443e-01
   3.76699456e-01
  -7.10176094e-01
  -9.12963952e-01
   2.17514701e-01
  -1.13055635e-01
   4.29643157e-01
  -1.06715592e-01
   1.33238372e+00
   3.46304852e-02
  -4.35539433e-01
   4.02635470e-01
   1.46419083e-01
   3.64967071e+00
   3.64970313e-02
  -5.41445070e-01
   1.74675258e-01
  -1.09523946e+00
  -9.25857219e-01
  -1.62214890e+00
   2.75402533e+00
  -3.22785794e-01
  -6.10781310e-01
  -3.23430111e-01
   1.24918778e+00
   5.82099672e-01
  -2.10789553e+00
   1.92733624e+00
  -3.61433911e-01
   1.03110646e-01
  -1.47866315e+00
  -9.68410469e-02
  -2.33666828e-01
   2.03917467e-01
   2.68385015e-01
   1.11055886e+00
  -1.44894668e+00
  -4.61280853e-01
   1.23844254e+00
  -1.01623828e+00
  -1.98598151e+00
   2.28170214e-01
   1.30375083e+00
  -2.07543625e-01
  -1.39873582e+00
  -1.12199543e+00
   6.39157564e-03
   1.75116341e+00
   2.78179777e-01
  -4.42844067e-01
  -9.98077132e-01
  -5.18916271e-01
   2.68991724e-01
  -1.16316648e+00
  -1.52895181e+00
   1.76953900e-01
   3.38346367e-01
   8.21459692e-01
  -1.54483524e-01
   2.84557304e-02
  -1.69519096e+00
   2.75201780e-01
   1.18268412e+00
  -1.31965994e+00
  -5.68832492e-02
  -5.23960660e-01
   4.86936217e-01
   1.07486275e+00
  -1.67152367e-01
  -1.80985548e+00
  -1.25371908e-01
  -1.62424653e-01
   1.65674980e+00
  -1.77965217e+00
   2.24381035e+00
  -1.53793649e+00
   1.11550467e+00
  -1.80460857e+00
   1.04588981e+00
  -9.99894805e-01
  -1.82347596e-01
  -1.34571196e+00
  -4.20403697e-03
   9.53011371e-01
  -1.54796401e-02
   1.51961444e+00
   2.85326476e+00
   1.84209809e+00
  -1.10701379e+00
   3.32750347e-01
  -1.80865417e+00
   2.50617567e-01
   6.37692758e-01
   5.15321090e-01
  -1.26059489e+00
  -9.59798110e-02
  -8.23377812e-01
  -2.15507014e-01
   2.24457901e-01
  -7.95422499e-02
  -1.30430390e-02
   1.57124108e-01
   6.59723136e-01
   2.67517108e-01
   6.86817362e-01
   1.22132988e+00
   7.77600252e-01
   7.24620044e-01
   1.49445105e-01
   1.18299249e+00
   2.50058893e+00
  -9.71160866e-02
   1.41756773e+00
   4.48001839e-03
   7.78714575e-01
   5.77160384e-01
  -9.18569730e-01
  -4.93903745e-01
   8.95674937e-01
  -7.53085385e-01
   1.74882031e+00
   1.09860083e+00
  -8.47752786e-01
   3.63724949e-02
   4.89972000e-01
   3.56426682e-01
  -3.00710235e-01
   6.71655623e-01
  -8.00546255e-01
   1.83207581e+00
  -7.07680368e-01
   5.09610386e-01
   7.46520781e-01
   1.22884157e+00
  -1.02702868e+00
  -1.01445324e+00
  -1.10297696e-01
  -1.34091600e-01
   7.69824391e-01
   8.54772614e-01
  -1.24271939e+00
   1.87521884e+00
  -5.88060435e-01
  -2.86262959e-01
   1.48077079e-02
   2.20176294e-01
  -4.81925353e-01
  -7.44909558e-01
   5.70148392e-01
   9.98117218e-01
  -1.76370890e-01
   5.74825850e-02
  -1.19817415e+00
   1.03148527e+00
   1.46846485e+00
  -5.03935267e-01
   2.36927242e-02
   4.75701033e-01
  -5.48206618e-01
   4.01018310e-01
   8.80399483e-01
   1.66357070e+00
  -1.42002623e+00
  -1.49384917e+00
   2.55655434e-01
   3.38145386e-02
   2.19980355e+00
   7.39838285e-01
   6.26160575e-01
  -1.35897355e+00
   3.14227147e-01
   4.35474820e-01
   3.66289305e-02
  -1.25557317e+00
  -1.68913827e+00
   6.44591212e-01
  -3.46214751e-01
  -4.77507514e-01
   1.93569215e-01
  -2.20358337e+00
   1.60522653e+00
  -2.48824322e-01
  -1.62665638e+00
  -1.35858619e+00
  -6.17596989e-01
   6.26219127e-01
  -2.53054070e-01
   4.42762289e-01
  -8.99585734e-01
   6.56881978e-01
  -2.84671207e-01
   7.93476268e-01
  -6.95258403e-02
   1.49045347e+00
   1.11351417e-01
   3.59515559e-01
   1.55396175e+00
   8.51961937e-02
  -6.28036434e-01
  -1.80535716e-01
   1.16301161e+00
  -1.38644518e+00
   2.17166719e-01
  -7.20707943e-02
  -1.81478429e-01
   5.43823570e-02
   7.77969618e-01
  -1.23166635e+00
   9.31159960e-01
  -1.85031666e+00
   2.67137331e+00
   2.92940672e-01
  -7.13759585e-01
   4.70298745e-01
  -1.62914567e-02
   2.07522071e-01
   5.37486623e-01
  -1.53761826e-02
   3.19562967e-01
   8.98153564e-01
   8.93296278e-02
  -4.43434855e-01
  -1.48928472e+00
   3.36109860e-01
   2.87139600e-01
   1.20986293e+00
   2.62290877e+00
  -8.51967817e-01
  -4.54257816e-01
  -1.54902382e+00
  -8.53487491e-01
  -3.19066443e-01
  -1.42123705e+00
  -3.05416589e-01
   8.62501245e-01
  -8.36259616e-01
  -3.56508258e-01
  -1.10590810e-01
  -7.24591386e-01
   1.48708471e+00
  -6.54292906e-01
  -1.80818114e-01
   2.72138713e+00
  -1.09233063e-01
  -8.96989063e-01
   1.51712317e+00
   1.17293743e+00
   4.18035334e-01
  -6.81477489e-01
  -1.93382308e-01
  -2.20246907e+00
   4.72604538e-01
  -1.20565307e+00
   6.20354805e-02
  -1.90493125e-01
  -1.55946831e+00
  -1.00761089e+00
  -1.43262789e+00
   1.03159485e-01
  -3.66523224e-01
  -5.62568610e-01
  -1.92888631e-01
  -5.78803578e-01
   9.48672190e-02
   7.32250179e-01
  -1.04686619e+00
   2.44108294e+00
  -4.48558530e-01
  -7.34818756e-02
   2.46174624e+00
  -1.38332579e+00
  -7.29448620e-01
  -1.78220399e+00
   1.62891306e-01
  -1.95403601e-01
   1.31522200e+00
  -4.53936516e-01
   1.71953601e-01
   1.32023061e+00
   1.85854703e+00
   2.78733052e-01
  -1.60219501e+00
  -5.26098374e-01
  -1.80468069e-01
  -1.50883710e-01
  -8.40049521e-01
   3.41953505e-01
  -4.91941759e-01
  -1.15385158e-01
  -2.56027208e-01
   1.43054575e-01
   9.78952887e-01
   9.23351675e-01
  -8.20684616e-01
  -1.14707469e+00
  -7.29173343e-01
   1.11320843e+00
   2.07493295e+00
  -1.52949723e+00
  -7.44103991e-01
  -1.87546424e+00
  -3.54135780e-01
   1.95663410e+00
   7.28695367e-01
  -1.34780033e+00
   1.15818622e+00
   1.60266643e+00
  -2.82362291e-01
   1.47185779e+00
   1.33798949e+00
   7.54960378e-01
  -1.70299362e-01
   3.86144620e-01
   1.42183140e+00
   1.70860916e-01
  -1.83642516e+00
  -4.56760645e-01
  -3.36845587e-01
  -7.16406914e-02
   6.66198680e-01
   2.66185980e-01
   4.99894418e-01
  -4.20832759e-01
   8.11207353e-01
   1.16805568e+00
   2.28969993e-01
  -1.24180657e+00
   3.34553229e-01
   1.11319772e-01
  -1.41948507e-01
   9.70255534e-01
   3.72698161e-01
   7.99353312e-01
   1.28705912e+00
  -1.10618073e+00
   9.36397452e-01
  -1.48636823e-01
  -2.76541382e-01
   2.30216656e-01
  -9.89541325e-03
  -2.53003773e-01
   1.31871631e+00
  -1.94638344e+00
   5.05767164e-01
   2.44888033e-01
  -2.89499451e-01
   2.91793287e+00
  -4.74673335e-01
  -2.75449665e-01
  -7.74392829e-01
  -2.56464477e-01
  -8.38566332e-01
  -1.37827504e+00
   1.02890054e+00
   3.63445350e-01
   6.00520659e-01
   7.80181131e-01
  -2.19204724e-01
   1.86582994e-01
   9.21033358e-01
  -1.35768787e+00
   1.74734927e+00
  -9.97337960e-01
   5.91633968e-01
   2.83297366e+00
  -3.66875286e-01
   8.57263420e-01
  -1.16254594e+00
   4.66969656e-01
  -3.20265413e-01
   2.89849608e-01
  -1.03179930e+00
  -8.96760197e-01
  -6.43967632e-01
  -8.79993317e-01
  -8.73245833e-01
   1.40378208e+00
  -1.28636241e+00
  -3.67734703e-01
  -2.45476948e+00
   5.87194773e-01
  -6.60542858e-01
  -5.08183517e-01
  -5.53837414e-01
   7.91004697e-01
  -6.21967735e-01
  -1.16706855e+00
   4.07546490e-01
  -1.08382531e-01
   1.55719032e+00
  -9.53378031e-01
   1.66846360e-01
  -6.84557521e-01
  -1.23018985e+00
   6.45495767e-01
  -2.34123834e+00
  -6.16479708e-01
  -1.05512827e-02
  -1.10355375e+00
  -1.63450865e+00
   9.09904382e-01
  -6.53287271e-01
   1.93381614e+00
   2.31512227e-01
   7.37412789e-01
   1.93762643e-01
   1.03301098e+00
   1.54702464e+00
   1.26648433e+00
   1.75785800e-01
  -1.08128570e+00
  -1.82954467e+00
  -1.48789265e-01
   5.05158821e-02
  -9.29446524e-01
  -2.60613889e-01
   5.11041948e-01
   1.25399374e-01
  -1.47038820e+00
  -4.03244192e-01
  -6.66951624e-01
   3.14295548e-02
   6.52920437e-01
  -2.04277530e+00
  -9.69185744e-02
   1.89298453e+00
  -2.64651699e-01
   1.82170559e-01
  -7.92518326e-01
  -1.07432641e+00
   4.88844739e-02
  -2.86314664e-01
   7.26322068e-01
   5.02159743e-01
  -3.28035997e-02
  -3.81296293e-01
   7.86539356e-01
  -1.24120728e+00
  -4.53791881e-01
   8.65540645e-01
   6.42661759e-01
  -1.15044743e-01
   1.88980505e+00
  -2.89907291e-01
  -2.18087755e-02
  -1.29201267e+00
  -3.21719205e-01
  -1.73432363e-01
   4.97803319e-01
   8.18283086e-01
   9.07654223e-01
   1.68464287e+00
   6.53672329e-01
   2.88770552e-01
  -1.19979091e+00
  -6.39291545e-01
   1.10685773e+00
   5.30950285e-01
   5.61315070e-01
  -1.01530366e+00
  -8.66427295e-01
  -8.97142564e-01
   5.01887145e-01
  -5.15321364e-01
   3.62474622e-01
  -1.65562837e-02
   3.17105220e-01
   1.49331270e-01
  -4.96208708e-01
  -1.90838752e+00
  -1.35077388e+00
   6.33556078e-02
   8.18018562e-04
  -1.05532613e+00
   5.12581384e-01
  -1.44013642e-01
  -1.05065365e+00
   2.89393439e-01
  -1.15261419e+00
  -1.56190372e-01
   1.35502866e+00
  -7.16173707e-01
  -1.19772933e+00
  -1.46065758e+00
   7.00522831e-02
   1.52076837e+00
   8.49066043e-01
   1.07768349e+00
   1.47205053e+00
  -2.80404932e-01
  -4.97771712e-01
  -3.06908559e-01
  -1.38126753e-01
  -4.65262818e-01
  -1.95977879e+00
  -1.61455246e+00
  -2.00976021e-01
  -9.79243899e-01
  -7.20776814e-01
  -9.32416299e-01
  -7.55029724e-01
   9.07428913e-01
   7.62816111e-01
   6.94876554e-02
   2.41103303e-01
  -8.66056739e-01
  -3.87406971e-01
  -3.61599086e-01
  -1.26907905e+00
  -1.06200813e-01
  -3.08199601e-01
  -3.33034597e-01
  -4.36248784e-01
  -1.03086155e+00
  -1.36944808e+00
   1.30580552e+00
   2.96077050e-01
  -5.54257441e-01
   2.02983906e+00
  -6.15794741e-01
   3.56220769e-01
   9.17957708e-01
   1.43991629e+00
   8.74776651e-01
  -8.58214172e-01
   2.12270717e+00
  -1.62976487e-01
   6.69656330e-01
  -1.57686499e+00
  -8.32515444e-01
   1.50407911e+00
  -8.60186254e-02
   9.44195452e-01
   3.29049276e-01
  -9.37851335e-01
  -1.53205744e+00
   8.28397571e-01
  -1.02109667e+00
  -1.12586037e+00
   9.28401749e-01
  -3.18200987e-01
  -2.60800922e-01
  -7.29261580e-01
  -5.77226878e-02
   1.12019968e+00
  -2.00720482e-01
  -1.93033954e+00
  -7.54859850e-01
  -3.14355635e-01
  -2.77018025e-01
  -1.59716399e+00
   2.71018237e-01
   1.15392822e+00
  -3.91523864e-01
   2.86432770e-01
   7.57382079e-01
   2.15758553e+00
  -2.79357296e-01
  -9.47161545e-01
   6.10555347e-01
   2.10941275e+00
   1.21546096e+00
   2.74302548e+00
  -1.16081199e+00
  -3.08778500e-01
  -1.40532849e+00
   2.12639245e+00
   3.41205846e-01
  -6.75213251e-01
  -1.05089903e+00
  -8.90047893e-01
  -2.68442891e+00
   6.18657134e-01
  -9.16210206e-01
  -1.27351830e+00
   1.43814486e-01
   5.81950621e-01
   1.10451912e+00
   2.33258134e+00
   1.07949465e+00
   1.70229701e-01
   4.44722920e-03
   1.24288593e-01
  -4.55208971e-01
   4.99289767e-01
  -7.23407966e-02
  -1.27982625e+00
  -8.13313067e-01
   1.30558729e+00
   7.67532203e-01
   1.28257163e+00
  -1.05383139e+00
  -4.51650259e-01
  -8.76914900e-01
  -1.70413236e+00
   1.41927061e-01
  -4.45412832e-01
   4.15059136e-02
   2.32346188e-01
  -5.65704538e-01
  -8.72003732e-01
  -5.68695556e-01
  -1.71958604e+00
   1.97167404e+00
  -2.55215775e-01
   9.70352794e-01
  -8.52372613e-01
  -2.26019979e+00
   3.69063146e-01
  -2.22778853e+00
   8.34322459e-02
  -2.74130811e-01
   4.82683415e-01
  -1.91388523e-01
   1.04604508e+00
  -1.29567936e+00
   1.21820371e+00
  -2.12159766e+00
   4.57130571e-01
   5.84511801e-01
   1.26707398e-01
   6.83728736e-02
  -4.39573544e-01
  -5.83011218e-01
   2.50487789e-01
   8.27906727e-01
  -2.01535497e+00
  -9.80365203e-01
   5.09442194e-02
  -7.59190714e-02
  -2.08161202e-01
   1.58121956e-01
  -7.92859345e-01
   1.08642464e-01
  -8.92102507e-01
  -1.09530014e+00
   7.38318705e-01
  -1.55721525e+00
  -3.45581169e-01
   1.21890440e+00
   6.42440097e-02
  -1.81736861e+00
   1.22541659e-01
  -1.98784375e-01
  -9.09093034e-01
   8.23229833e-01
   1.34575757e-01
   1.28383862e-01
   7.47977637e-01
   7.48215858e-01
   7.61965015e-01
  -4.24225074e-03
  -2.13956557e-01
   7.62786464e-01
   1.86869270e-01
  -9.65299513e-01
   9.71686808e-01
   1.14754185e-01
   1.17572688e+00
  -1.08433341e+00
   3.00943411e-01
  -6.38228734e-01
  -5.32642196e-02
   1.21362822e+00
  -7.64329169e-01
   1.04075060e-01
  -1.83778567e+00
   1.51487959e-01
   3.02036030e-02
  -5.38710900e-01
   8.76004039e-01
   1.71875365e+00
   3.64955035e-01
  -1.02860516e+00
   2.01285793e-01
   9.28967098e-01
   1.48875326e+00
   2.70331863e-03
   6.06984639e-01
  -1.04866462e+00
  -1.11153465e+00
  -1.90186177e+00
  -3.65322572e-01
   4.06538820e-01
   1.08831365e+00
  -2.09494317e-01
  -4.94406556e-01
  -6.29172211e-01
   1.27080928e-01
  -7.97936153e-01
   1.81745587e+00
  -5.18955685e-02
  -2.20628005e+00
  -4.40574806e-01
   9.19686712e-01
   2.99057575e-01
   2.08102266e+00
  -3.03963472e-01
  -5.60534516e-01
  -2.17071318e+00
   9.26689200e-01
   8.11480782e-01
   1.40161990e-01
  -9.33774355e-01
   2.57552036e-01
   4.30641291e-02
  -1.85051626e-01
   9.05820597e-01
  -1.86094877e+00
  -2.22330941e-01
   1.72422772e+00
   2.16752231e-01
  -2.61742630e-02
   7.35670353e-01
   2.26900168e-01
   7.57599468e-01
   5.42929648e-01
   8.64246880e-01
  -2.00700454e-01
   1.26143540e-02
   8.02912024e-01
  -1.30903130e+00
  -3.81074854e-02
   3.97301090e-01
   1.58705238e-01
  -5.07963354e-01
   1.03851789e+00
  -9.03382860e-01
   2.00136968e+00
   2.26593500e-01
   6.60787750e-01
   1.74604957e-01
  -1.46156619e+00
   6.98266001e-02
   1.03528477e+00
  -4.27660275e-02
   6.26685912e-01
  -1.10034206e+00
  -1.51358779e-02
   1.00570958e+00
  -4.02762487e-01
   7.45614648e-01
   1.58815877e+00
   1.11389159e+00
   3.79398469e-01
  -1.77602167e+00
   7.19784252e-01
  -3.60563621e-01
  -1.32667529e+00
   5.53623580e-01
   4.56171604e-01
  -8.47339236e-02
  -6.14517815e-01
   7.39882583e-01
   9.09259078e-01
  -1.54950321e+00
   9.82991743e-01
   1.56627514e+00
  -8.85150370e-02
   4.54555007e-02
   4.23271286e-01
   1.51738403e-01
   5.51831588e-01
   7.79530112e-01
   1.56672201e+00
   2.41368090e-01
  -4.53089573e-01
   3.61922330e-02
  -8.09534915e-01
   7.80322574e-02
   1.69786588e+00
  -5.14636776e-01
  -5.46401502e-01
   3.27006708e-01
   2.34038303e-01
  -2.76571722e-01
   2.04713663e-01
   3.03716473e-01
  -1.06191876e+00
  -1.59419356e+00
   4.80885449e-02
   3.69155192e-01
   4.15222766e-01
   4.42034038e-01
   1.68046824e-01
  -1.15893528e+00
  -2.74753421e-01
   8.37106993e-02
  -8.65576323e-01
   1.09547115e+00
  -2.20150051e-01
  -4.73242995e-01
   2.92598628e-01
   2.29750316e-02
  -1.05150658e+00
  -6.60666542e-01
   7.17923167e-01
  -2.08003901e+00
   1.11230617e+00
   6.63038612e-01
  -1.68423192e+00
  -1.13804400e+00
   4.17124815e-01
  -5.17052589e-02
  -1.42594617e-01
   1.17693964e+00
  -3.09075148e-01
   3.98065896e-01
  -3.02413315e+00
   1.18274706e+00
   1.13153585e+00
   8.91412152e-01
  -8.80226069e-01
  -8.21381779e-01
   3.57229038e-01
   2.41416037e-01
  -1.75577144e+00
  -3.45065698e-01
   1.14331436e-01
   1.55271482e+00
  -8.13908771e-01
   2.13490765e+00
  -1.43309957e+00
   1.73994705e+00
  -9.78121833e-01
   9.90068043e-01
  -1.37889886e-01
  -1.08874991e-01
   2.50660284e-01
  -5.52695631e-01
   1.26196764e+00
   8.39485933e-01
   2.36821562e-01
   3.53802684e-01
  -1.33942114e+00
  -1.04690130e+00
   7.70248185e-01
   2.69040814e-01
   1.14087970e+00
   1.98385745e-01
  -1.90378019e+00
   9.97935611e-01
  -9.20560324e-01
  -5.01139253e-01
   1.47362896e-01
  -3.16299324e+00
   6.36450485e-01
   1.12224882e+00
   4.47143884e-02
   4.97225882e-01
  -3.53290120e-01
   6.45771745e-01
   9.17644051e-01
  -1.13567805e+00
  -3.45739253e-01
   3.19259243e-02
  -6.76024313e-01
  -7.81938088e-01
  -9.75899366e-01
  -1.16763985e+00
   1.62700282e+00
   7.47382051e-01
   7.67680945e-01
   1.19294311e+00
   2.49709466e-01
  -1.65837066e+00
   7.30944125e-01
   1.22950733e+00
  -2.87824330e-01
  -3.18674895e-02
  -1.95804930e+00
  -4.04714241e-01
  -1.88175384e-01
   9.78091553e-01
   8.58443325e-01
  -2.20215687e+00
  -8.64672285e-01
  -1.51862036e+00
   5.04790350e-01
   9.00677218e-01
   1.43165518e+00
  -9.40173282e-02
  -1.91932470e+00
   5.78027122e-01
   1.36792869e+00
   4.17955173e-01
   6.69580343e-01
   7.53735356e-01
  -3.44082360e-01
   5.56765709e-01
  -1.71213693e+00
  -6.65393221e-01
  -1.05018750e+00
   3.08406208e-01
  -4.03233029e-01
   1.16804087e+00
   9.11945379e-01
  -1.90047964e+00
  -4.56549979e-01
  -1.29437349e+00
   9.67451324e-02
   1.47393963e+00
   8.37909669e-01
  -9.64797706e-01
  -1.20315218e+00
  -6.47537841e-01
  -5.51463491e-01
   1.51285409e-01
  -1.03045021e+00
   7.39502665e-01
  -6.67360800e-01
  -8.01519936e-01
  -6.00502195e-02
  -3.93677780e-01
   1.16704626e+00
  -4.89079926e-01
  -1.50809232e+00
   9.84676190e-03
   5.65236183e-02
   1.72767191e+00
  -7.64996601e-01
   4.32550733e-01
   7.57163203e-01
  -6.80134597e-01
   2.67908741e-01
   2.72117536e-01
  -1.18761444e-01
   9.66460348e-01
   1.67742668e-01
   9.37957110e-01
  -8.78331689e-01
  -2.46207159e+00
  -1.15665007e+00
   3.54531539e-01
  -7.22847244e-01
   1.95718883e-01
   1.04654301e+00
   1.48278181e-01
   1.55700448e+00
   1.43609013e-02
  -1.48078459e+00
  -1.78015346e-01
  -3.25984075e-01
   9.27532766e-01
  -1.06893760e-01
   5.13064050e-01
  -5.46389230e-01
  -2.31248903e-01
   1.12437769e+00
  -1.97228127e-01
   1.02325866e-01
  -3.58219146e-01
   1.29204852e+00
  -5.22906930e-01
   2.37529805e-02
   7.67872861e-03
   6.12473484e-02
   6.22356209e-02
  -6.10724589e-01
   7.25197933e-01
   6.14178163e-01
   1.29404817e+00
  -9.73190671e-01
   9.27886646e-03
   1.62188848e-01
   4.32380048e-01
   6.52199156e-02
  -8.50488134e-01
  -2.04694000e+00
  -1.46633730e+00
   5.03602088e-01
  -6.74187544e-01
  -2.90346673e-01
  -2.05435186e-01
  -9.93149660e-01
  -6.66465597e-01
   2.20375077e-01
   6.39206068e-01
   3.71344272e-02
   3.99009070e-01
   7.91118033e-01
  -4.44690048e-01
  -7.59928814e-02
   1.16376924e+00
   2.84316564e-01
  -6.96755819e-01
  -8.12841452e-01
   5.65827804e-01
   1.42068160e+00
   2.38417753e-02
   6.06081683e-01
   1.28580646e+00
  -4.22161859e-01
   1.45327960e+00
   7.11640803e-02
  -1.12336971e+00
  -3.71394667e-01
   4.96975832e-01
  -2.38540654e-01
  -6.23198626e-01
  -9.87278570e-01
  -1.14880907e+00
   1.24886747e+00
   3.24616401e-01
   1.16784869e+00
  -2.23625725e-01
   1.04454423e+00
   5.90258460e-01
   7.72912975e-01
  -1.05995957e+00
   5.29500767e-01
  -2.10458055e+00
  -3.86244170e-02
   2.53256403e-01
  -3.96065084e-01
  -8.11273572e-01
   1.10466178e+00
   1.29467839e+00
  -7.92257901e-02
   6.73439519e-01
   1.32585080e+00
   1.55955184e-01
  -7.75677430e-02
   5.02497619e-01
  -7.80714547e-01
   2.76391547e+00
  -1.91690217e-01
   1.03345290e+00
  -1.67736909e-03
  -2.09002120e-01
   1.26638828e+00
   1.29298841e+00
   3.33532793e-02
  -1.34453938e-01
   8.97479527e-02
  -1.03951355e+00
  -5.40194216e-01
   1.61681672e+00
  -1.67882757e-01
  -1.26268853e+00
   1.29635043e+00
  -4.94125984e-01
   1.62258713e+00
   7.32278798e-01
  -7.06092382e-02
  -7.85450778e-01
  -2.12334163e-01
  -2.09365537e+00
   5.04676115e-01
  -1.98542108e+00
   9.40064903e-01
   3.83152475e-01
   2.50659400e+00
  -1.43177658e+00
  -1.86648843e+00
   1.73214755e-02
  -2.54449750e+00
  -8.04068184e-01
  -5.64919998e-01
  -1.11991863e-01
  -6.71208151e-01
   1.69639637e+00
  -1.92202669e+00
   1.10805080e+00
   2.78858430e-01
  -3.68092747e-01
   2.12150744e+00
   1.55663146e+00
   2.01374429e+00
   7.05857307e-01
   1.62769825e+00
  -8.69098354e-02
   1.02826912e-01
  -1.40555299e+00
  -2.40693392e+00
  -1.20767254e+00
  -7.72172490e-01
   1.13393499e-02
  -5.66907581e-01
  -1.11909442e+00
  -8.31722635e-01
   1.61757063e-01
  -6.58031577e-01
   2.67798228e+00
   1.21341406e-01
   2.57432102e+00
   9.96535750e-01
  -1.77567936e+00
   2.60666515e-01
  -3.28896090e-01
   1.65713704e-01
  -7.74634250e-01
  -1.04183922e+00
  -2.02562628e+00
   1.59602413e+00
   7.52385736e-01
   9.50029188e-01
   7.97733730e-01
   7.69295051e-01
   7.57232624e-01
  -7.19943408e-01
  -3.57642216e-01
   2.15318894e+00
  -1.13733944e+00
  -3.86148185e-01
  -6.92434355e-01
  -2.87780009e-01
   1.18992542e+00
  -1.64384639e+00
   8.98275401e-01
  -1.43453103e+00
  -8.54233448e-01
   5.82431354e-02
   9.04131526e-01
  -1.95276899e+00
  -1.64450478e+00
   4.78346576e-02
  -4.62592326e-02
  -1.09506310e+00
  -4.03931114e-01
   1.18289166e+00
  -3.30875260e-01
   6.24008903e-02
  -3.69487995e-02
   2.02642899e+00
   1.22884458e-01
   1.54834651e+00
  -2.86876746e-01
  -4.85754189e-01
  -9.09709862e-01
  -2.18138884e-01
  -1.29484138e-01
   8.20719658e-01
   8.63215333e-01
   4.85071853e-01
   7.30719282e-01
  -2.41147418e-01
  -1.23181745e+00
   2.37751792e-01
   6.55722730e-01
   4.84942623e-01
  -2.93114173e-01
   6.41774013e-01
  -9.69156089e-01
   3.61471401e-01
   6.54386448e-01
  -8.97218958e-01
   5.00403368e-01
   4.42571554e-01
  -2.35674801e-01
   1.64034854e+00
  -4.31177347e-02
  -1.13402881e+00
  -5.12009390e-01
   3.12183222e-01
   7.69872575e-01
   2.05737853e-01
  -1.60562385e+00
   4.75601240e-01
   1.73360648e+00
  -1.20027406e+00
   5.73742520e-01
  -8.05449938e-01
  -5.42169940e-01
  -2.36169160e-02
  -6.53316507e-01
   2.64566965e+00
  -4.05415768e-02
   1.45248420e+00
   1.55737654e-01
   5.50931392e-01
  -9.17159002e-01
  -1.26046096e+00
  -7.92344066e-01
   1.48631975e+00
  -9.53436703e-02
   9.02311302e-02
  -3.75372711e-01
  -9.82618995e-01
  -5.01097096e-02
   1.07433063e+00
   1.40080431e+00
  -1.76036194e-01
   7.38257990e-01
   2.51020601e+00
  -9.31317146e-01
  -1.04713060e-02
  -1.01637800e+00
  -1.86370974e+00
   9.41749900e-01
   5.64620697e-01
  -1.85871617e-02
   6.22599895e-01
   5.47453712e-01
  -1.39908052e+00
  -6.49838049e-01
  -1.98106720e+00
  -5.92797468e-01
   1.59670888e-01
   8.64102903e-01
   7.47605605e-01
  -2.21471504e+00
   1.31833262e+00
  -4.81685396e-01
  -2.01191100e+00
  -6.25101708e-01
  -7.71127690e-02
  -1.46805037e+00
   8.48859126e-01
   9.25907372e-01
   3.00813415e-01
   5.93889768e-01
  -1.46963768e+00
   1.41093855e+00
  -5.12478742e-01
   6.74116984e-01
   1.55713866e-01
  -1.28311496e+00
  -9.23428075e-01
   8.78621591e-01
   1.50761719e+00
   1.48655783e+00
   6.27857848e-01
   8.65886210e-01
  -1.69368869e-01
   3.09566279e-01
   1.97797328e-01
  -2.47509058e+00
  -1.41769846e+00
   5.37220909e-01
  -1.15309517e+00
   6.21139082e-01
  -4.50037981e-01
   4.69152011e-01
  -3.98187685e-01
   2.23821885e+00
  -6.49077294e-01
   1.05612269e+00
  -1.05355787e+00
  -2.34963107e-01
  -1.51960722e-01
   7.03273781e-01
  -1.31456686e+00
   2.50244239e+00
   1.46959459e+00
   9.89239647e-02
  -1.01348692e+00
  -2.78477709e-01
   2.52180309e-01
   6.89849512e-01
   2.88016375e-02
  -6.50754464e-01
  -1.12773398e+00
   5.08161737e-01
  -1.25557949e-01
  -1.96273048e+00
  -1.82393347e+00
  -7.99269225e-01
  -3.29694199e-01
  -2.09350781e-01
   5.83852212e-01
  -7.40285998e-01
  -8.27497229e-01
   1.37334529e-01
  -1.01838901e+00
  -8.59278477e-01
   3.23752046e-01
   5.80193813e-01
  -2.16776111e-01
  -8.37992720e-01
  -1.67885240e-01
   6.50813401e-01
   1.14607953e-01
   7.94290382e-01
   9.89821854e-01
   1.20926803e+00
   4.82292159e-01
  -1.69438281e-01
  -7.66010433e-01
  -1.61642081e+00
   9.28540940e-01
   1.99960882e-01
   2.11847068e+00
  -4.32991188e-01
   3.70078515e-01
   2.14197719e+00
   7.81061229e-01
  -8.46472306e-01
  -9.95608912e-01
   4.11535560e-01
   1.14421118e+00
   1.85090375e+00
   8.35046390e-01
   9.35295675e-01
   1.58257351e+00
  -2.09702200e-01
   1.28687708e+00
   4.03369192e-01
   1.03982951e+00
   4.44510014e-01
   1.37168527e+00
  -3.80871028e-01
   1.11923604e+00
   7.87385864e-01
   1.45455037e+00
   1.55575199e+00
   1.82090838e-01
  -7.04217226e-01
   1.52514816e+00
  -2.20270979e-01
  -1.85003954e+00
  -1.16176895e-01
  -8.96110286e-01
  -1.04473367e+00
   4.92915094e-02
   8.32266807e-02
   5.90843385e-01
  -4.91982284e-02
  -9.96941557e-01
  -7.81709641e-01
  -1.17165632e+00
   1.96419239e+00
  -3.37218747e-01
  -4.51759988e-01
  -4.79680907e-01
   1.66099084e+00
  -1.75790757e-01
  -1.15740225e+00
   3.76598161e-01
   2.77386134e-01
  -3.89534127e-01
   5.75107521e-02
  -1.15892061e+00
   1.84943925e+00
  -1.58704232e+00
  -2.50731051e+00
  -2.31841073e+00
  -2.08838821e+00
  -9.04697768e-01
   1.00337082e+00
  -3.04668937e-01
   1.04208506e+00
   7.72632123e-02
  -3.50723375e-03
  -2.83837744e-01
   1.54080008e+00
   1.84533446e+00
   1.87546065e+00
  -9.65369003e-02
  -1.92609834e+00
  -7.98929006e-01
   1.93155280e-01
  -1.83442563e+00
   7.65281372e-02
  -1.80791237e+00
   7.07120718e-01
   6.92298479e-01
   3.54806752e-01
  -2.59280039e-01
  -1.01085623e+00
  -4.41419047e-01
  -2.32592155e-01
   1.33473840e-01
   1.03531028e+00
   7.89136077e-01
   1.38212820e+00
  -3.89444234e-01
  -1.96160812e-02
   1.20972715e-01
   1.36797411e-01
   1.61263095e+00
  -2.70094303e+00
   8.48148361e-01
  -1.31766931e+00
   1.59491898e+00
   4.65674367e-01
   4.10753070e-01
  -2.87646518e-01
  -1.36475698e-01
  -1.15944860e+00
   5.63629038e-01
   6.33204835e-01
   2.47151553e-01
  -4.90544071e-01
  -8.16693241e-03
   1.48426255e+00
   1.06697233e+00
  -7.74939419e-01
  -1.87931082e+00
   2.05417997e+00
  -1.16422134e+00
  -1.59876655e+00
  -2.64398165e-01
   4.60849583e-01
   1.46330577e+00
   1.06210230e-01
  -4.63449377e-01
  -1.04801164e+00
   6.23090278e-01
   7.51034327e-01
   2.40056099e-01
  -1.71378387e+00
  -3.14941744e-01
  -7.53239673e-01
  -6.47869992e-01
  -1.07151872e+00
  -3.07115293e-01
   8.80693258e-01
  -2.77923138e-01
   1.92812415e+00
   2.99843481e-01
   6.73075718e-01
   2.83853023e-01
  -1.22971389e+00
  -1.25554141e+00
  -6.41342746e-01
   9.16350366e-01
  -7.02283560e-01
   9.75623514e-01
   2.02950898e+00
   7.47027835e-01
  -5.84722311e-01
   7.42793956e-01
  -2.45811798e+00
  -6.21519449e-01
   1.10167345e+00
  -1.83616926e+00
  -4.93106925e-01
   1.74782703e-01
  -9.35015071e-02
   1.26751191e+00
  -1.04279909e+00
   8.30442343e-01
  -7.66448423e-01
   8.00150335e-01
   5.65604309e-02
   9.36529442e-01
   1.05857861e+00
  -9.25413930e-01
  -1.81792186e-01
   6.83438355e-01
  -9.85821286e-01
  -8.11943393e-01
   3.95488234e-01
  -4.55226824e-01
   7.59879696e-01
   1.97954962e+00
  -5.02946779e-01
   1.15760549e+00
   3.89272085e-01
   3.03642784e-01
  -3.47554345e-01
   1.39360852e+00
  -7.53872392e-01
  -5.24702530e-01
   1.60644523e+00
  -7.33065567e-01
   1.14369606e+00
  -1.48339583e+00
   2.06420927e+00
   8.51070130e-01
  -5.19785589e-01
  -3.19726798e-01
   1.53885785e+00
  -8.79896006e-01
  -5.88584469e-01
   1.84379606e+00
  -1.47613256e+00
  -1.37134860e+00
   1.21608041e+00
   7.56509240e-01
  -3.86974951e-01
  -8.33588120e-01
   8.05435784e-01
  -6.62820692e-02
   1.00350553e+00
   2.25368741e+00
  -2.56361575e+00
  -1.38255603e-01
  -2.78332134e-03
   2.28234948e+00
  -2.27752944e+00
  -2.32667384e+00
   8.87868551e-01
   2.25528584e+00
  -7.58202674e-01
   7.65283166e-01
   9.08012821e-02
  -4.06958302e-01
  -1.04792212e-01
   1.96733249e-01
  -7.84905413e-01
  -2.97059373e-01
  -1.01417847e-01
   1.21117515e-01
  -6.34566465e-01
  -1.36544690e+00
  -1.94864983e+00
  -1.53268517e+00
   6.55730454e-02
  -4.84622047e-01
  -3.06397828e+00
   3.80278213e-01
  -1.15181723e+00
  -1.57406027e+00
   2.72663182e-01
   2.19754512e-01
   7.61300834e-01
  -1.64502974e+00
  -2.49206480e-01
  -4.21847623e-01
  -1.43958964e+00
   9.79290441e-01
   1.93803547e+00
  -5.80669839e-01
  -9.89330012e-01
   1.48042618e-01
  -9.17631639e-02
  -1.06100083e+00
   3.35395540e-01
   5.97919105e-01
   5.29276870e-01
  -1.80139582e-01
   7.05512780e-01
   4.59294071e-01
   8.49688505e-01
  -9.43076475e-01
   6.27454687e-01
   4.41027437e-01
   2.10582371e-03
  -1.38011858e-01
  -5.03492708e-01
  -1.54006357e+00
   8.10323131e-01
   5.08853554e-01
   7.00053534e-02
  -1.23456567e+00
   7.38559276e-03
   1.12924196e+00
  -1.60877247e+00
  -2.29311994e+00
   3.81687569e+00
  -4.81551224e-01
  -2.04922909e-01
   1.48810658e-03
  -1.92181191e+00
  -6.17993318e-01
  -5.94171969e-01
   2.29064413e+00
   1.59935503e+00
   7.99133649e-01
   1.04997713e+00
  -1.13919719e+00
  -2.00071563e-01
   6.54581911e-01
  -7.30600455e-01
   1.42678466e-01
  -7.08328681e-01
   7.13083845e-01
  -2.15106402e+00
  -4.07803121e-01
  -3.84993346e-01
   1.19297409e+00
   1.11132436e+00
  -4.42155867e-01
   7.57016269e-01
  -5.90139807e-01
  -7.48487766e-01
  -7.78217873e-01
  -2.62664946e+00
  -1.54324385e+00
   6.53458068e-01
  -8.83744450e-01
  -5.31216633e-01
   1.39690114e-01
  -1.22809222e+00
   1.12941689e+00
   1.14413250e+00
  -1.03218895e+00
   2.02468718e+00
   2.96443378e+00
  -2.46751383e-02
  -5.68953049e-01
  -9.75034901e-01
   3.50543751e-01
  -4.31884053e-02
   1.29112608e+00
   1.73263830e+00
   2.97344362e-01
   1.08247001e+00
   6.12327313e-01
   3.22980331e-01
   1.33354735e+00
   9.63185997e-01
  -7.33745274e-01
   3.34949400e-01
   2.24812327e-01
  -8.10571394e-01
   8.54673746e-01
  -1.26961043e-01
  -1.93479782e+00
   4.01144049e-01
  -7.80496513e-01
  -1.39868362e+00
  -1.66904356e+00
  -6.63820624e-01
   1.65456888e+00
   1.96479177e+00
   7.80871257e-01
   4.58093140e-01
   8.95050381e-01
   1.67387535e+00
   5.41946859e-01
   9.57492542e-01
  -1.20778926e+00
  -9.06349031e-02
   4.90534256e-01
  -5.51752902e-01
  -3.79895584e-01
  -7.38365742e-01
  -7.12293316e-01
   3.96971956e-01
  -1.35900793e+00
  -5.63433013e-01
   1.36392704e+00
   6.95794038e-01
  -1.62738973e+00
   1.44005273e-01
   8.09376193e-01
  -1.86750989e+00
   5.45142356e-01
   1.02838438e+00
   2.34422673e-01
  -7.25899339e-01
  -6.32766061e-01
   1.35179580e+00
  -2.14614566e-01
   4.32890716e-02
   1.01669234e+00
   4.27554417e-03
  -8.98199955e-01
  -1.82696618e+00
  -2.81915908e-01
  -1.26148377e+00
  -7.83987531e-01
   1.29256624e+00
   1.34580396e+00
  -9.08701874e-01
  -2.05734572e-02
   3.98581700e-01
   1.98648585e-01
   2.47634261e+00
   2.38019870e+00
   1.13980233e+00
   5.59729605e-01
  -2.50047171e-01
   4.37943630e-01
  -7.42275674e-02
   7.54684831e-01
  -6.45730272e-01
   6.16881210e-01
   1.81535589e+00
   3.55183628e-01
   1.57564980e+00
   1.12187896e+00
   3.11987832e-01
   1.21734852e+00
   1.14171608e+00
   1.33330986e-01
  -4.38127356e-01
   3.06272863e-01
  -7.26981921e-01
  -2.80361608e-01
  -9.32211003e-01
   6.79547565e-01
  -1.14784209e-01
   1.18229665e+00
  -5.92104609e-02
   7.53861142e-02
   1.04186390e+00
  -7.46884770e-01
  -1.78094438e+00
  -1.08317086e+00
   4.58391163e-02
   8.87539956e-02
  -1.32286970e+00
