   2.29661942e+00
  -5.58914157e-01
   9.62745273e-01
   7.72735757e-01
  -1.25005855e-01
  -2.07697078e-01
   1.40704170e+00
   5.57096152e-01
   1.55818911e+00
   9.14983804e-01
   6.51993475e-01
   7.99722864e-01
  -7.51061393e-01
   1.33714208e+00
   6.10865908e-01
   5.66754690e-01
   1.29181558e-01
   5.77601338e-01
   1.77298456e+00
   9.54693613e-02
  -8.55580695e-01
   7.75860858e-01
   5.06799866e-01
   1.28544917e+00
  -5.13445679e-01
  -1.18869442e+00
   5.68163896e-01
  -9.38346550e-01
   1.73397287e+00
   6.95792737e-01
   1.50459306e-01
   2.37532320e-01
   1.20783356e+00
   4.59817366e-01
  -3.81180745e-01
  -9.48691217e-01
   9.18752244e-01
  -8.85368718e-01
  -1.10918304e+00
  -1.33488818e+00
   1.07250363e+00
  -6.67338762e-01
  -9.07056670e-01
  -1.01417841e+00
   5.03955835e-01
  -2.10673718e-01
   3.49705076e-02
  -2.82709165e+00
   2.54922626e-01
   1.79986723e+00
  -2.28523843e-01
   5.78868984e-01
   7.43268603e-02
   5.20290547e-01
   3.98359901e-02
   1.80410042e+00
   1.88934976e-01
  -5.41423605e-01
  -2.77063332e-02
  -9.24894721e-01
   9.48520116e-01
   2.72707952e-01
   1.06920169e+00
  -1.74405861e+00
   1.29405200e+00
  -8.41892519e-01
   8.34258057e-02
  -2.11697143e-02
   5.81734565e-01
   3.65076704e-01
  -3.09975565e-01
   4.71540938e-02
   3.49196730e-01
   3.15406928e-01
   1.61955949e+00
   1.05774560e+00
   6.36764485e-01
   1.34827911e+00
  -4.33909039e-01
  -9.40707223e-01
   7.62234046e-01
   5.39204375e-01
   5.62835684e-01
   3.50163091e-01
  -1.58440855e+00
  -5.39272361e-02
  -4.40139616e-01
   3.13033938e-01
  -2.10429342e+00
  -5.94444380e-01
  -1.81242176e+00
  -1.92753968e-01
  -8.14889144e-01
  -8.00923200e-01
  -4.58507614e-01
   4.53194767e-01
  -7.23931429e-01
  -1.44160544e-01
  -5.22794801e-01
  -1.43745844e+00
   6.73711761e-01
   4.12505219e-01
  -1.22479777e+00
   1.30816302e+00
   1.27119407e+00
  -6.93812137e-01
   1.04477500e+00
  -1.46956857e+00
   9.17135710e-01
   1.86718631e-01
  -1.97834821e+00
   5.07335588e-01
  -3.76530631e-01
  -5.49919840e-01
  -1.27147484e+00
  -1.67170998e-01
  -2.07650622e+00
   9.72880982e-01
   1.12759697e+00
  -4.65287601e-01
  -9.28387652e-01
   3.95203921e-01
   1.15444618e+00
  -2.20605943e-01
  -3.31314398e-01
   2.33039035e+00
  -1.98219950e-01
   2.30689222e-01
  -7.59757315e-01
   7.68225687e-01
   1.71350414e+00
  -1.58197256e+00
   3.93442713e-01
  -5.21126774e-01
  -1.04260295e+00
  -1.26040970e+00
  -4.99403640e-01
   9.36057415e-01
  -6.27889791e-02
   4.96629178e-01
   2.40742560e-01
   2.09116159e-01
   5.00632483e-01
  -1.23301445e+00
  -6.08812425e-01
   6.01974339e-01
   4.48200624e-01
  -1.12437922e+00
   7.00841113e-01
  -1.28568560e-01
  -9.73070522e-01
  -6.41147694e-01
  -1.63217760e-02
  -7.77615027e-01
   2.70931913e-01
   1.06779291e+00
   6.81652735e-01
  -8.96332282e-01
   8.04233738e-01
   9.80713017e-01
   1.33961755e+00
   4.83970653e-01
   1.12537800e+00
  -8.12488785e-01
   5.72296021e-01
  -1.47340797e+00
   1.94838081e-01
  -9.29894941e-01
  -6.60066879e-01
   1.12373357e+00
   4.84608193e-01
   4.46755111e-01
   1.13849531e+00
  -2.92001853e-01
  -2.07093504e+00
   2.34019413e-01
  -8.70302047e-01
   9.76896378e-02
   1.38848759e+00
  -1.21644553e+00
  -4.25831696e-01
  -1.12968840e+00
  -8.43640299e-01
   3.37081406e-01
   3.24359552e-01
  -1.08952678e+00
   7.06476939e-01
   5.09726268e-01
  -1.10234127e+00
   1.29006212e+00
  -2.86734442e-01
   2.13845948e+00
   4.71046457e-02
   1.15284474e+00
  -1.30184758e+00
  -1.15279319e+00
   2.12007059e+00
   9.78409860e-01
  -4.74224387e-01
  -1.13929043e+00
  -1.14397702e+00
   1.78809931e+00
  -1.35162017e+00
  -7.18845230e-01
  -1.68953929e+00
   6.43669840e-01
  -4.08105529e-01
   3.02779261e-01
  -3.20805493e-01
  -3.19808948e-01
   7.37354227e-01
   1.54125985e-01
  -9.85838017e-01
  -7.34298810e-01
   6.37970558e-01
   1.28667745e+00
   1.14605124e+00
  -7.15405458e-01
   5.41437325e-01
  -9.93606249e-01
  -1.14813599e+00
  -1.25619938e-01
  -5.86735397e-01
  -7.23165354e-01
  -7.09071488e-02
  -5.29951788e-02
   2.52838716e-01
  -1.57255706e-01
   9.16063422e-01
  -1.08285424e+00
  -1.84407223e+00
  -8.78591703e-01
   1.09500836e+00
   1.04210731e+00
   1.43122338e+00
   1.07089603e+00
   2.92811303e-01
  -4.84376395e-01
   2.42725413e-01
  -1.02974010e+00
   3.76395631e-01
  -1.55295668e+00
   3.62998551e-01
   6.02663714e-01
  -1.72377859e+00
   3.68524718e-01
  -7.53840587e-01
   1.91444513e+00
  -1.12898670e+00
   1.77348418e+00
   4.07107253e-02
   1.95535614e-01
  -1.15183301e+00
   2.71105849e-01
   5.63707929e-01
   1.89882242e-01
  -3.69780338e-01
   1.24457378e-01
   7.07263848e-01
  -1.18956065e-01
  -1.36811729e-01
   1.00818362e+00
   1.75733767e-01
  -1.77216054e+00
  -3.04252223e+00
  -1.31737590e+00
   2.00470094e-01
  -4.02581382e-01
  -9.74272331e-01
   7.33237938e-01
   7.12637137e-01
  -7.97119881e-01
  -2.15973924e+00
   1.70763891e+00
  -1.14345647e+00
  -2.37898188e+00
  -1.01921206e+00
   1.50617140e-01
   1.88628659e+00
  -1.04638040e+00
  -4.58962091e-01
   1.92291749e+00
  -8.57089256e-01
   2.76240777e-01
   4.20213936e-01
  -5.97885194e-01
   6.65840917e-01
   6.56089015e-01
  -4.93476443e-01
  -9.50931755e-01
   4.66000671e-01
  -7.87713576e-02
  -2.08540404e-01
   6.75697118e-01
   7.68727079e-01
  -1.03475427e+00
   1.43264075e+00
  -1.77806167e+00
   3.38109617e-01
   2.13844506e+00
  -6.69089090e-01
   5.34869890e-01
  -3.80459860e-02
   3.92459615e-01
   2.91577585e-02
  -1.02019389e-01
   1.93449555e+00
  -1.15325276e+00
  -4.58259371e-02
   1.31194562e+00
   8.31010183e-01
  -7.96212926e-02
  -2.53716608e-02
  -3.14388864e-01
  -3.44380143e-01
  -7.66599552e-02
   3.44975151e-02
  -1.08382076e+00
  -1.97101076e-01
  -9.91103338e-01
  -3.97887582e-02
   6.84153341e-01
   2.30925493e+00
  -9.41347905e-02
   2.19179053e+00
   2.31711869e+00
   6.83143484e-01
  -3.48550766e-01
  -1.14576706e+00
  -5.66897152e-02
   1.14173686e+00
  -4.80000346e-01
   1.96053948e-01
   4.90698135e-01
  -1.54939099e+00
  -3.39362022e-02
   1.64132624e+00
   1.53642198e+00
   6.84686023e-01
   1.56991684e+00
   4.85303466e-01
  -1.00423196e+00
   1.26269115e+00
  -7.45893222e-01
  -1.13105416e+00
  -3.32973736e-01
   2.61376744e-01
  -1.14198050e+00
  -7.04310748e-01
   2.60672887e-01
   1.23101495e-01
   1.05999879e+00
   9.88142382e-01
  -4.01408333e-01
  -1.31316962e+00
  -5.35355106e-01
  -2.77894978e-01
  -2.16004519e+00
  -8.39251499e-01
   1.11675961e+00
   2.26964822e-01
  -9.07229160e-01
  -5.95776809e-01
   1.91683776e+00
   1.48719439e+00
  -1.80696999e+00
  -6.16073250e-01
  -8.57442873e-02
  -1.23798794e+00
  -1.66207039e+00
  -8.24224340e-01
   5.91426227e-01
   5.89588176e-01
  -1.54037470e+00
  -1.42546685e-01
   1.67863851e+00
   1.20990361e+00
  -1.36074064e+00
  -3.90659254e-01
  -2.27833396e+00
  -1.06968434e+00
   2.94879850e-01
   4.70940023e-01
  -1.61628524e+00
   3.66072788e-01
   1.49248990e+00
   8.21501991e-01
  -3.27388045e-01
  -1.00769828e-03
   6.69148556e-01
   3.89174447e-01
  -1.17727896e-01
   4.58031224e-01
  -4.38072094e-01
   6.56263236e-01
   1.91931131e+00
  -1.25856734e+00
  -6.05348722e-01
  -5.36565726e-01
  -2.56638707e-01
  -5.52575908e-01
   7.49007645e-01
  -1.76148434e-01
   8.26364702e-01
   3.88985219e-01
  -5.32076708e-01
  -6.45467329e-01
   1.61516120e+00
   1.82756620e+00
  -6.01426633e-01
   2.13186255e+00
   3.61869209e-01
  -2.64824626e-01
   1.41272043e-01
   2.54535271e-01
  -1.99469844e+00
  -1.34005691e+00
  -7.32492702e-02
  -6.39308409e-01
  -8.25682477e-02
   1.10107613e+00
  -7.39580006e-01
   2.71008683e-01
   3.66795388e-01
   1.07066722e+00
   2.46092951e-01
  -2.21295435e+00
  -1.32409599e+00
  -1.95292146e-01
  -1.31195458e+00
  -2.50616166e-01
   3.46061901e-01
   1.60834772e+00
  -1.03577983e+00
   4.07672552e-02
   6.55184947e-01
   1.64740350e-01
  -9.70959833e-01
  -3.24772297e-01
   1.82169623e+00
  -1.15833066e+00
  -1.61097814e-01
  -1.78986925e+00
   6.05220948e-01
  -1.29986952e+00
   9.40706484e-01
   1.23864958e-01
  -2.31960997e+00
  -4.48312420e-01
   1.93438256e-01
   5.96359641e-02
  -1.04312639e+00
  -2.42378656e-01
   3.93422799e-02
   1.13154375e-01
   5.14070274e-01
   1.72932884e-02
  -3.62762069e-01
  -6.86818184e-01
   2.10644570e+00
  -1.52546719e-02
   1.32756875e-01
  -7.64479457e-01
   1.35009984e+00
   1.18147856e+00
   7.99491249e-01
  -6.63407150e-01
  -2.98959260e-01
  -2.15239753e-01
   4.94233321e-01
   1.43500718e-01
  -3.89129500e-01
   8.16664806e-01
   4.41436017e-02
  -1.21282644e+00
  -6.64965041e-01
  -1.57681177e+00
  -6.23420892e-01
   2.02166087e-01
   6.92014362e-01
   7.08900479e-01
   2.07585908e-01
  -9.63981287e-01
  -1.09911403e+00
   1.01322857e+00
  -4.75358703e-04
   2.05538662e-01
   1.09019501e+00
  -1.66732541e+00
  -6.35347935e-01
   1.03102146e+00
   9.87571367e-01
  -1.24920689e+00
   6.31549967e-01
  -1.80039083e+00
   8.82919352e-01
   2.95282523e-01
  -7.01407749e-01
   8.14298248e-01
   6.29071363e-01
  -3.61734364e-01
  -7.42017601e-01
  -1.10582263e-01
  -9.50605715e-01
  -1.97703787e+00
   6.58535415e-02
  -1.26286114e-01
  -9.37269568e-01
   1.05117792e+00
   1.60957391e+00
  -1.12241908e+00
  -1.83547808e+00
   3.40806169e-01
  -1.56370846e+00
  -7.89042028e-02
  -3.29682548e-01
   8.26569698e-02
  -1.20945053e+00
   1.19903456e-01
   1.23342339e-01
  -1.52174418e+00
   1.15283147e-01
   5.56047236e-01
  -1.32218691e+00
   1.81095622e-01
  -2.35307046e+00
   1.64743895e+00
   1.44946016e+00
   8.14334733e-01
   1.56915194e+00
   1.29189700e+00
   1.50450003e+00
   1.66294131e+00
  -7.33364579e-01
   1.75019814e-01
  -5.60283571e-01
   9.00216561e-01
   9.18050353e-01
  -1.66720117e+00
   1.72654183e+00
   1.25104443e+00
  -2.11502978e+00
   2.31374698e+00
  -2.96735139e-01
   5.21269881e-02
  -1.01362463e+00
   6.55560009e-01
  -2.35375011e-01
   2.21231307e-01
  -4.35148539e-01
   9.69007787e-01
  -1.89144944e+00
  -5.14865904e-01
  -8.06326046e-03
  -6.51719384e-01
  -5.01216268e-01
  -4.40384951e-01
  -5.01345540e-01
  -8.81961835e-01
   2.08551199e+00
   5.69524987e-01
   1.40723604e+00
   7.51592512e-01
  -3.73394480e-01
   1.09164558e+00
  -1.02629719e-01
   1.23692920e-01
   1.31895132e+00
  -5.11727216e-01
   1.80458267e-01
   2.34433911e+00
   1.73100485e+00
   9.19241954e-01
   6.83249742e-01
   3.53440638e-01
   7.76872827e-01
  -1.11240262e+00
  -9.02797698e-01
   1.97596940e-01
  -3.64769263e-01
   1.61276358e+00
   5.45339393e-01
   2.02353764e+00
   2.71501792e-02
   3.62904643e-02
  -2.28592359e+00
  -8.50285898e-02
   4.31105227e-01
   1.24719800e+00
   1.11877661e+00
   7.56441602e-01
   1.25778096e+00
  -1.31619153e+00
   7.55621964e-02
   3.74759475e-01
   1.03110996e+00
   5.59951105e-01
   3.54813128e-01
  -7.69708608e-01
   2.39596668e+00
  -2.10651850e+00
   1.33518074e+00
  -6.60754333e-02
  -6.42051180e-03
   8.61225195e-01
   3.04296966e-01
   1.28131071e-01
   9.02521566e-01
  -7.22079261e-02
  -1.52140605e+00
   4.00851789e-01
  -8.97312345e-01
  -1.06905097e+00
  -1.11655094e+00
  -1.58208037e-01
  -3.16209480e-01
  -1.86433825e+00
   1.30224135e+00
   1.79273988e-01
  -9.49663787e-01
   1.22992038e-01
   7.80370905e-01
  -4.93586081e-01
  -1.51732144e+00
  -1.29571837e+00
   1.59451081e+00
  -9.93540099e-01
   5.39480169e-02
  -8.27409528e-01
   2.04946892e-01
  -6.33658929e-01
   1.19222822e-01
   1.39683962e+00
   1.12882635e+00
   9.21546196e-01
   7.15147958e-01
   1.65912649e-01
  -6.00357389e-01
  -1.24514567e+00
   1.05674731e+00
   1.51303046e+00
   7.07945137e-02
  -1.01238192e+00
   1.85907287e-01
   8.92586031e-01
  -1.58467387e+00
   2.31721046e-01
  -1.15625844e+00
  -5.61625503e-01
  -1.54050542e+00
   4.43646445e-01
   1.57857563e+00
   4.99383486e-01
  -5.79089554e-01
   2.54168063e-01
   4.54375867e-01
  -6.99857175e-01
  -1.21782730e+00
  -6.92262348e-02
  -6.80136618e-01
  -5.73256500e-01
  -6.50649030e-01
   7.50540468e-03
   4.39586218e-01
  -3.56818905e-02
  -1.80054015e+00
  -6.03151610e-01
   1.43843602e+00
  -5.93003077e-01
   3.24352989e-01
   2.21483917e-01
   7.91703909e-01
   4.71874452e-02
  -4.69363276e-01
  -3.12133877e-01
   1.55484845e+00
   4.52973493e-01
   1.92816999e+00
   1.44322420e+00
  -1.11645384e+00
   2.12396299e+00
   8.61922922e-01
   9.42974616e-01
  -5.69250067e-01
  -6.58505885e-02
  -1.87123545e-01
   7.66225010e-02
  -6.95214676e-01
   8.42925266e-01
   1.64049496e+00
  -7.80822339e-01
   6.18438074e-01
   5.53953321e-02
  -4.47140512e-01
   1.01202877e+00
  -9.87360701e-01
   6.79828543e-01
  -1.23338535e+00
   1.20531232e+00
  -6.44695237e-01
   4.53519395e-01
   6.24216430e-01
  -2.43469502e+00
  -1.30544916e+00
   2.81613825e-01
   3.63870935e-02
   1.26155048e-01
   1.01969849e+00
   1.03308439e+00
   9.96730760e-02
  -2.89639200e-01
   1.02663153e+00
  -1.32094030e+00
  -3.05268509e-02
  -1.48794771e+00
  -4.69942731e-01
  -5.18379164e-01
   6.28118423e-01
  -9.26172002e-01
  -1.34807860e+00
  -2.36501339e+00
  -1.18040692e+00
   4.40433440e-01
  -1.83296319e+00
   3.44200713e-01
  -9.81801275e-01
   3.26959104e+00
   3.63551382e-01
  -1.10620649e+00
  -7.94629910e-01
   6.27029127e-01
   1.72692498e+00
  -5.65018295e-02
   1.99980320e-01
  -1.53237908e+00
   4.60023732e-01
   3.76746083e-01
   2.26889276e-01
   4.30299784e-01
  -5.13712451e-01
  -7.43967262e-01
  -1.21343130e-01
  -9.89787438e-01
  -4.21435736e-01
   2.73551417e-01
   1.81303238e+00
   8.35166519e-01
  -1.51471273e-01
   6.99766195e-01
  -2.21576138e-01
  -9.32110316e-01
  -1.11950298e+00
  -6.93002036e-02
   3.48242544e-01
  -1.30850909e+00
  -3.60846543e-01
  -4.47004916e-01
   2.70450098e-01
  -1.43235449e+00
   3.36680986e-01
   3.97003466e-01
   6.27824040e-01
   6.77874620e-03
  -4.59616472e-01
   7.60417976e-01
   3.25576340e-01
   6.89198015e-01
  -6.14983134e-02
   6.53597041e-01
   9.82583841e-01
  -7.43353637e-01
  -5.68561885e-01
  -5.76134292e-01
  -8.51243802e-01
   7.68466737e-01
  -1.53256624e-01
   9.12980267e-01
  -6.43940924e-01
   1.91641248e-01
   5.53874279e-01
   3.72847794e-01
  -1.01238411e+00
   1.35992048e+00
  -3.85260276e-01
  -2.34361931e-01
   5.24921446e-02
  -4.56565823e-01
   1.24527041e+00
  -1.65461974e-01
   2.86236178e-01
   9.54849676e-01
  -1.19212922e+00
  -1.34246342e+00
  -6.97630130e-01
  -1.86215098e-01
  -1.75431178e+00
  -1.58285886e+00
  -2.53288760e+00
  -3.46505802e-01
  -1.32016597e+00
   2.16719480e-01
  -1.44243650e-01
  -1.34668190e-01
  -2.17073157e-01
   2.53129542e-01
  -1.10785152e+00
  -6.31806412e-01
   1.30760578e+00
  -6.30635882e-01
  -6.48207820e-01
  -1.04070906e+00
   7.76672616e-01
   1.01092388e+00
  -6.72615625e-01
   7.57769824e-01
   4.00478221e-01
   3.44722185e-01
   2.51996239e+00
  -1.24709680e+00
  -4.66338794e-01
   2.68994690e-01
  -5.97925839e-01
  -1.33851737e+00
   1.10927545e+00
  -1.04147542e+00
   1.37622076e+00
  -6.82801501e-01
  -5.15987704e-01
   9.71700991e-01
   6.68915763e-01
  -4.67091439e-01
  -1.21257832e-02
  -8.59484029e-01
   2.88193738e-01
   1.00069579e+00
  -1.35635703e+00
  -2.27560018e-01
   1.60611841e-01
  -9.06434099e-01
  -1.90401487e-01
   5.37255374e-01
  -2.48774104e-01
  -5.49216123e-01
  -7.63036645e-01
   2.82211652e-01
  -7.89190744e-01
  -8.07604499e-01
   3.34052708e-01
   2.91340007e-01
  -3.24941663e-01
   1.08809346e+00
  -6.53246251e-01
   4.55707372e-01
  -3.56776551e-01
   9.06704649e-01
  -3.04144323e-01
  -7.41534081e-01
  -8.99163578e-01
   1.61020131e+00
  -7.41472215e-01
  -1.04105746e+00
   3.02208546e-01
   5.77496521e-01
   1.76535351e-01
   1.44842680e-01
   6.21739536e-01
  -1.44765403e+00
   8.03427236e-01
   8.85224327e-01
  -1.49860023e+00
  -1.03608172e+00
   1.80000784e+00
  -5.54251128e-01
   6.77269938e-01
  -1.93052536e-01
   3.25047219e-01
  -1.68480879e+00
   6.91180868e-01
  -7.42819754e-01
  -7.44792334e-01
   5.65114964e-01
   1.93789346e+00
  -1.15765485e+00
   6.85119474e-02
   1.48852131e+00
   3.43009693e-01
  -6.52280513e-01
  -2.17088332e+00
  -7.48525960e-01
   1.69488023e+00
  -4.52006217e-01
   3.78592166e-01
  -1.01833823e+00
   1.24110029e+00
   1.03793757e+00
  -7.47146039e-01
   3.76336807e-01
  -9.68328982e-01
   1.18733373e+00
  -8.29548146e-02
  -2.23338363e-01
  -1.12511397e+00
  -3.54916689e-01
  -1.36426626e+00
   1.23518737e+00
   7.81309371e-01
  -8.56977627e-01
  -1.11538660e+00
  -2.83356161e-01
   2.23367607e+00
   1.49347788e-01
  -1.83029221e+00
   4.53571135e-01
  -1.01739909e+00
   5.80322368e-01
  -1.13524649e+00
   1.31969300e+00
   3.49180296e-01
  -1.26144591e+00
  -1.33872368e+00
  -2.45604583e+00
  -7.06925371e-01
  -6.99942689e-01
   1.42406626e+00
   1.94808587e+00
   1.03222347e+00
   8.69994574e-01
   3.04884951e+00
   5.16521384e-01
  -5.46840244e-01
  -1.64672949e-01
   2.07265551e-01
  -7.03423329e-01
   1.70005528e-01
  -2.84087765e+00
   2.76058672e-01
  -1.98556832e-01
  -4.97531966e-01
   2.80198851e-01
   9.58491168e-01
   6.04619769e-01
   2.44527038e+00
   3.31921784e-01
   9.42906425e-01
   2.91082350e-01
   2.38695565e-01
   8.38455821e-01
   9.60326831e-01
   1.10272421e-01
  -8.30771245e-01
  -6.31840523e-01
  -6.03253740e-01
  -1.80117392e+00
  -1.56792719e+00
   8.11844107e-01
  -4.93429187e-01
  -1.07600526e+00
  -5.74950712e-01
   2.33271800e+00
  -1.23278296e+00
  -3.46570906e-01
  -9.64649960e-01
   1.41703111e+00
   1.69784347e+00
  -6.79880815e-01
   5.82408882e-01
  -1.65907775e+00
  -1.45709860e+00
   5.58129768e-02
   4.72433169e-01
   1.13187567e+00
   1.53578920e+00
  -1.36597528e+00
   5.32099039e-01
   1.61702812e+00
   1.79250215e+00
  -7.84168780e-01
  -7.16528640e-01
  -3.79481543e-01
   1.14833592e+00
  -8.12441681e-01
   1.00718204e+00
   2.09741010e+00
  -8.88309700e-01
   5.94923632e-01
  -1.28728410e-01
  -1.23833065e+00
   6.85780998e-01
   2.60084700e-01
  -1.08431992e+00
  -1.18295525e-01
  -9.98092074e-01
   4.69400387e-01
   8.75542183e-01
   4.27479224e-01
  -7.85101258e-01
   1.38801294e+00
  -3.06262100e-01
   1.70227371e-01
   1.43850666e+00
  -1.10748709e+00
   1.13405668e+00
   6.88237511e-02
  -6.37507935e-02
  -1.89600838e+00
  -1.36678555e-01
  -1.66303232e-01
   1.45080788e+00
  -4.35728529e-01
   3.89051020e-01
   9.60337158e-01
  -2.35810277e+00
   3.81012353e-01
  -1.42768185e+00
  -3.60341295e-01
  -1.67283035e+00
   4.46766776e-01
   2.18395574e-01
  -4.09942919e-01
  -1.65349458e+00
  -5.00834986e-01
  -1.10368484e+00
  -1.16029792e+00
   8.00426133e-01
  -8.33173202e-01
  -1.31111123e+00
  -2.81653936e-01
  -2.20760510e+00
   4.93060684e-01
   5.38161414e-01
   2.26979996e+00
  -2.21414998e-01
   8.61655965e-01
  -4.74150507e-01
  -1.93668165e+00
   1.51857225e+00
   1.03096234e+00
   1.16496228e+00
  -2.33239763e+00
  -3.95798197e-01
   7.51785348e-01
  -1.23337548e+00
  -5.98619678e-01
   1.42128309e+00
   5.08377896e-01
   8.98990531e-01
   1.73399212e+00
   1.99086185e-01
   3.56435195e-01
  -2.25941876e+00
  -5.60235211e-01
  -2.67497172e-01
   8.15279166e-01
   1.33701328e-01
  -1.14142032e-01
   5.78262413e-01
   5.74535682e-01
  -1.63708124e+00
  -8.74947535e-01
   4.19436724e-01
   4.69815577e-01
  -4.47526467e-02
   3.79243727e-01
  -5.06933099e-01
   2.58615399e-01
  -1.45427004e-01
   5.88107047e-01
   8.54098312e-01
  -8.57028844e-01
  -9.96172206e-01
   1.14234801e-01
  -7.87557656e-01
  -3.04006749e-01
  -9.60560862e-01
  -1.62916580e+00
  -1.91119913e+00
   7.36699593e-01
  -3.69940950e-01
  -1.31393743e+00
  -1.43653529e-01
   9.47472753e-01
   1.78825709e+00
   1.23692083e+00
   4.67303524e-02
  -5.07626041e-01
   8.92423106e-01
  -4.55811169e-01
  -2.34056897e-03
  -1.89961736e+00
  -8.92925273e-01
   5.63985567e-01
   1.54734941e+00
  -1.24160600e+00
  -1.41323908e-01
   6.26405786e-01
  -2.02317768e+00
   3.81144837e-01
   6.35412236e-01
  -1.82230720e+00
   2.44946169e-01
  -1.30549903e+00
  -1.45833234e+00
   2.51657065e+00
   6.36008085e-01
  -7.62147069e-01
   2.36319529e-01
  -1.30609695e+00
   6.97991361e-01
  -1.17932670e+00
   1.90669879e+00
   5.04291631e-01
  -1.25304175e-01
   7.74437473e-01
  -1.03347030e-01
  -2.56366263e-01
   3.62245570e-01
   9.12371340e-01
   1.22734926e+00
   1.06266022e+00
   4.44733948e-01
  -1.08487720e-01
   2.04374767e+00
   1.18451686e+00
   1.63386394e+00
   2.34575756e-01
   1.00407995e+00
  -1.79316684e-01
  -1.21197207e+00
  -1.42808468e-01
  -1.12091172e+00
  -5.69347576e-01
   1.61046268e-01
  -1.99941731e+00
  -1.66009872e+00
   5.68758057e-01
  -1.20175004e+00
  -1.66313364e+00
   1.43766134e-01
  -2.41730428e-01
   7.17163109e-01
   7.93328726e-01
  -6.72801086e-01
   1.33641791e-01
   6.49346843e-01
   1.11547779e+00
   2.21315831e-01
   1.88532932e-01
   1.01240153e+00
   2.38967934e+00
  -6.22505225e-01
   7.38121373e-01
  -3.42753629e-01
  -3.51243447e-01
   8.49773285e-01
   1.12380039e+00
   9.76866266e-02
  -3.51515108e-01
  -1.05238705e+00
  -1.24724879e+00
  -9.87372028e-01
   7.85143947e-01
  -2.69243668e+00
  -1.20065659e+00
  -2.59507319e-01
   1.86392925e-01
  -1.78532451e-01
   9.18393628e-02
   1.65491407e+00
  -1.61849444e-01
   6.76064709e-01
   3.62460625e-01
   2.81063403e-01
  -4.67856902e-01
   6.74593966e-01
  -8.17363075e-01
   7.43668633e-01
  -6.96525082e-01
  -2.00218198e+00
   5.89832312e-01
   6.62337884e-01
  -1.07463454e+00
   3.66748865e-01
  -1.07899383e+00
  -7.10054458e-01
   4.29454372e-01
   2.96103826e-01
  -8.87286395e-01
  -3.32183438e-01
  -1.56145562e+00
  -9.17822897e-01
  -1.64172682e+00
   7.20821230e-01
  -1.05535327e+00
   5.57583794e-01
   1.50412252e+00
  -8.00774518e-01
  -7.72028671e-01
  -6.46039453e-01
  -2.60491909e+00
  -3.79300046e-02
   3.02315258e-02
  -5.08616262e-01
   2.83557316e-01
  -1.65406226e+00
   2.95616424e-01
   1.41769185e+00
   1.16102207e+00
  -2.15298277e-01
  -1.76156427e+00
  -4.26086724e-01
   6.92756948e-01
  -1.06280851e+00
   5.29059172e-01
  -4.87478017e-01
  -1.85380415e+00
   1.05035900e+00
  -1.10273591e+00
  -7.12924169e-01
  -4.50447208e-01
  -1.56298752e+00
  -5.82062708e-01
  -3.68604414e-01
  -8.42050741e-01
   2.21611978e+00
   2.85707623e-01
   4.30150839e-01
  -4.35988419e-01
   1.41798373e+00
   2.20335323e-01
   2.46323343e-01
  -1.50292278e+00
  -1.05844669e+00
  -2.49909018e-01
   1.16764254e+00
  -1.31326796e-01
  -5.92884268e-01
   4.39072547e-01
   2.20300561e+00
  -7.41768582e-01
   6.87243223e-01
  -5.73759126e-02
   5.40297579e-01
  -9.46160189e-01
   5.95401224e-01
   1.31942373e+00
  -6.21998892e-01
  -1.20596073e-01
   1.90528879e-01
  -1.41859251e+00
   3.08880197e-03
  -5.26645343e-01
   1.17229955e-01
   7.70825784e-01
   7.57544647e-01
  -3.58000092e-01
  -1.60978713e+00
   4.83632435e-01
   8.95401166e-01
   6.82568505e-01
  -2.00236711e+00
  -1.12101038e+00
  -1.03522812e-01
  -6.75791251e-01
  -1.92677565e+00
  -2.81758648e+00
  -1.78915045e-02
   7.72240597e-02
   1.41057869e+00
   1.07729277e+00
   7.33081737e-01
   1.27455548e-01
   2.06601221e-01
  -1.42413408e+00
  -1.46840476e+00
  -2.29094583e-01
   1.08549907e+00
  -1.19126061e-01
   3.84739967e-01
  -1.84904626e-01
  -7.71355223e-01
   1.29938808e+00
   1.29311901e+00
  -9.36139663e-01
  -3.85896099e-01
  -2.47848998e-02
   8.13090177e-01
  -1.55099759e-02
   3.74824954e-01
   4.58574612e-01
   1.78462126e-01
   3.84555124e-01
  -7.58726340e-01
   2.31846769e-01
  -9.43119638e-01
   7.48049003e-01
   2.02149787e-01
  -5.00269867e-01
  -1.54045970e-01
   2.60414882e-01
  -3.34633108e-03
   3.10306862e-01
  -2.58146704e+00
   9.97374194e-01
  -1.80263393e+00
   4.93114304e-01
  -1.93556401e+00
   2.14106674e-01
   1.47735087e+00
   1.06930959e+00
  -4.96131278e-01
   6.04021431e-01
  -1.90892498e-01
  -5.42497323e-01
   1.03210253e-02
   9.36283872e-01
   1.24950169e+00
  -1.39291168e+00
  -8.44805577e-01
  -1.56642988e+00
   1.43625617e+00
   5.28676609e-01
   1.17842480e+00
   1.06259984e+00
  -7.44291121e-01
   8.90488672e-02
   9.13694282e-01
   4.61679177e-01
   4.09659414e-01
  -5.36070656e-01
  -1.79624496e-01
  -9.77890166e-01
  -7.43706997e-01
   1.06897252e+00
  -3.17758319e-01
   2.62700452e-01
   2.81810012e-01
   5.53026458e-01
   1.40162407e+00
   1.07800209e+00
  -5.22274746e-01
   7.31703040e-01
  -4.14416882e-01
  -7.75430212e-01
  -6.34214923e-01
   2.03141789e+00
   1.76312005e+00
  -1.58504620e+00
  -9.33941077e-01
   9.69135963e-01
   1.42601860e+00
  -3.90805510e-02
   5.10649227e-01
  -5.76981940e-01
   5.52580211e-01
  -4.54163474e-01
   6.41019277e-01
   7.19407098e-02
  -7.06831505e-02
   3.00587205e-01
   1.27553914e+00
  -4.99138014e-01
  -6.43840487e-01
   2.17044465e-01
  -3.07271015e-01
   1.12940510e+00
  -2.02533508e+00
   2.01024212e-01
  -1.86769223e-01
   3.09097977e-01
  -1.19600087e+00
   1.67983822e-01
  -6.90987909e-01
   1.38219386e+00
   1.43026907e+00
  -6.40378146e-01
   1.00329838e+00
   1.25380007e+00
  -7.07581501e-01
  -1.01067394e+00
   1.10353502e+00
  -7.13438633e-01
  -4.57125898e-01
   3.32506968e-01
   1.55251216e+00
   5.30694073e-01
  -4.32152537e-01
   3.63254827e-01
  -1.13540147e+00
   1.10437546e+00
  -2.48298060e-01
  -1.65403593e+00
  -4.16632066e-01
   5.81456998e-01
   1.25033185e+00
   1.40843245e+00
  -7.91472831e-01
   6.86080200e-01
   2.50129822e-01
   2.06576748e+00
   1.37121631e-01
   1.62333153e+00
   8.84543442e-01
  -3.06050194e-02
   7.99273462e-01
   2.01725771e+00
  -1.41843950e+00
   6.61261229e-01
  -2.31098727e-01
   1.95643710e-01
   2.60989185e+00
  -1.62045488e+00
  -1.16124994e+00
   3.03821945e-01
  -4.24475072e-01
   3.34917716e-01
  -1.03530441e+00
   2.12138316e+00
  -1.25598390e+00
   4.59481619e-01
  -7.98412698e-01
   1.16810978e+00
   1.86285931e+00
   4.59278790e-01
   3.34147340e-01
  -6.81511997e-01
  -9.59979297e-02
  -5.50571611e-01
  -7.90190105e-01
   7.75200099e-01
   8.28790426e-01
   5.90890065e-01
   5.70602210e-01
   9.11923546e-01
   1.17482391e+00
   1.72810687e+00
   6.64568600e-01
  -8.44700191e-01
  -8.75919654e-02
  -8.88971427e-01
   8.89892228e-01
  -2.12132769e+00
  -8.42266864e-01
   1.00772569e+00
  -2.17625923e-01
  -9.70017722e-01
   2.27636345e-01
   9.29686979e-01
   5.06270338e-01
   3.37152674e-01
  -1.17677398e+00
  -6.86575594e-02
   9.56248506e-01
   2.79573186e-01
   1.10618220e+00
  -2.32981490e-01
  -1.08265604e+00
   7.17896320e-01
  -1.11308477e+00
  -1.12329419e+00
   1.08459771e+00
   5.21419067e-01
   1.04792237e-01
   2.87007845e-01
  -5.49897703e-01
  -4.96358163e-01
   3.21690725e-01
  -8.68419942e-01
   7.40899907e-01
  -1.45798801e+00
   4.07475948e-01
  -3.83940759e-01
  -1.86830282e+00
  -9.15209629e-01
   8.61538784e-01
  -1.03503116e+00
  -4.22370330e-01
  -1.49117359e+00
   5.60123882e-01
   4.57032741e-01
   5.48071434e-01
  -1.60038565e-01
  -9.42639494e-01
   4.16790407e-01
  -7.23345445e-01
   8.91919067e-01
   2.18845790e-01
   8.52261924e-01
   1.64859679e-02
  -5.58506678e-02
  -6.23589244e-01
  -5.80917769e-01
   1.59012061e-01
   1.62393146e+00
  -1.70063998e-01
  -1.11426295e+00
   1.61548369e+00
   5.06608815e-01
   6.14175617e-01
   8.39735769e-02
  -2.72606695e-01
  -1.77198336e+00
  -5.44492201e-02
  -1.43732452e+00
  -9.48490713e-01
   8.71808283e-01
   5.53958522e-01
   1.04691242e+00
   1.05278119e+00
  -7.69432733e-03
  -3.13230612e-01
   1.74988744e+00
   1.06818211e+00
  -1.68281549e-01
  -5.50882472e-01
  -1.51646348e+00
  -8.75294460e-01
   1.21037242e+00
  -5.54711585e-01
   6.01566933e-01
  -8.43730590e-01
  -7.32054081e-05
  -2.18874658e-01
  -1.26881783e+00
  -1.57233843e+00
  -1.15507866e+00
  -7.30794267e-01
  -1.06372998e+00
   9.09072530e-02
  -8.55263626e-01
   4.73963320e-01
  -6.23327663e-01
  -6.71375326e-01
  -5.85547259e-01
   1.62679861e-01
   2.14283159e-01
   1.85146584e-01
  -1.74871409e+00
  -2.34690798e-01
   1.35846276e+00
  -3.27605520e-01
   3.95667819e-01
   2.44201161e-01
   2.84023624e-02
  -8.82165218e-01
   1.65746288e+00
  -1.09333124e+00
   1.02423528e+00
   1.42394247e+00
  -3.40872765e-01
  -1.78184077e-01
   1.55024530e-01
   4.09259759e-01
   1.06241480e+00
   1.74716102e+00
   9.63990012e-01
   6.86686654e-01
   7.40207548e-01
  -2.53895889e-01
   5.59042788e-01
  -9.52305453e-02
   1.27185574e+00
   1.88595216e+00
  -5.41914682e-02
  -6.81835267e-01
   4.68282007e-01
  -3.05832530e-01
   1.73603269e-01
   1.80544472e+00
  -1.26044215e-01
   1.91978801e+00
   8.21479220e-02
   3.21099727e-01
   8.73538163e-01
  -6.90946819e-01
  -1.70320319e+00
   1.14333144e+00
   1.63056513e+00
   8.09054271e-01
  -1.25763894e-01
  -1.05695140e+00
  -1.24882574e+00
  -8.58124049e-01
  -9.73422131e-01
   9.11947700e-01
   9.13676252e-01
   2.23399215e+00
  -1.14390007e+00
   3.77044448e-01
  -1.00634313e+00
   5.11726856e-01
  -8.84980573e-01
   5.43078072e-01
  -5.48499310e-01
   1.13602351e+00
  -7.92307534e-01
  -7.54366217e-01
  -6.17891596e-01
   3.81990743e-01
  -1.43336661e+00
   5.02810203e-01
   1.00563725e-01
   3.83821030e-01
   5.62271797e-01
   3.56937172e-03
   4.45809547e-01
  -6.40444772e-01
  -1.24673072e+00
  -8.33320287e-01
  -5.64618642e-01
   1.18609761e-01
  -2.51672917e-01
  -1.06714567e-01
  -4.55122945e-01
  -6.46221309e-01
   1.33643368e+00
   3.36111431e-01
   1.31487383e+00
   2.64543130e-01
  -5.16524822e-01
   1.87798993e+00
   7.49733385e-01
   3.08485003e-01
   1.80283959e+00
  -3.84822745e-01
   9.53706786e-01
  -5.17053137e-01
   5.81744553e-01
  -1.97462136e+00
   1.21414139e-01
   1.56417250e+00
   2.81998081e-01
   1.00673183e+00
  -4.01201612e-01
   1.09753058e-01
   1.47009260e+00
  -3.88098629e-01
   8.16732804e-01
   2.22294899e+00
  -4.66967107e-01
  -8.18160620e-01
  -1.42631052e-02
   1.73058892e+00
  -1.11740529e+00
  -8.92080258e-01
  -1.15825806e+00
  -1.95034113e+00
  -1.42993599e+00
  -4.48410641e-01
   4.58897385e-01
   1.28531724e+00
   3.67900518e-01
  -1.44101875e-01
   9.79667503e-01
   9.30237167e-01
  -3.37136249e-01
   4.16900519e-01
  -9.74037008e-01
  -3.55787113e-01
   9.22600498e-01
  -2.35043656e-01
   4.65017570e-01
   1.10055421e+00
   4.49842814e-01
  -3.90907010e-01
   2.56212358e-01
  -1.19198743e+00
   1.05140901e-02
   1.32935956e+00
   7.86714430e-01
  -6.32960342e-01
  -1.10133906e+00
   1.11392918e+00
   2.60129599e-01
  -1.33850737e+00
   1.13644379e+00
   9.78994756e-01
   1.94977782e-01
   1.55338232e-01
   1.24983068e-01
   3.08597736e-01
  -3.06367445e-01
  -5.07143177e-01
   9.90168432e-01
  -1.28203915e+00
   1.89443692e-01
   3.60294973e-01
  -1.87700588e+00
  -2.26735691e+00
  -8.79331979e-01
  -3.33614975e-01
  -4.31792724e-02
   1.83844156e-01
   1.52588021e+00
   1.10563463e+00
   1.17673706e+00
  -1.91669294e-01
  -8.69945236e-01
  -3.84862386e-01
  -1.60761361e-01
   9.01373020e-01
   5.52030481e-01
   1.11207860e+00
   5.26970114e-01
   1.69551383e-01
  -2.20216095e+00
   8.47597096e-01
  -1.72168720e+00
  -4.36055971e-02
   8.01729211e-01
  -1.10042628e+00
   1.49546077e+00
  -9.82772987e-01
  -4.62995941e-01
   1.49209321e+00
   3.78108459e-01
  -4.88263267e-01
   1.47634802e+00
   7.75757707e-02
   3.32628801e-01
   1.24045407e+00
   7.15603503e-01
   4.35921874e-01
  -6.86003765e-01
   8.58866184e-01
  -1.21429558e+00
  -7.71068114e-02
   6.23868820e-01
   3.83306476e-01
  -5.19799125e-01
  -7.71260614e-01
   2.20045493e-02
  -2.40608405e+00
   2.78897554e-01
   6.08714958e-01
  -1.38935000e+00
   5.15392385e-01
   8.76665555e-01
   1.11299193e+00
   1.88710879e+00
   1.03685507e+00
  -7.57172862e-01
   9.07483312e-01
  -3.51216912e-01
   1.53161198e-01
  -9.36315479e-02
   3.52712818e-01
   6.36517396e-01
   6.05377325e-01
  -3.77624245e-01
  -3.56912560e-01
  -1.04262900e+00
  -2.42040093e-01
   9.17388762e-01
  -4.08742965e-01
  -1.33184329e+00
  -4.27783224e-01
   4.00537040e-01
  -1.87054948e+00
  -3.19466778e-01
   2.77833850e-01
  -1.47901637e-01
   1.39093213e+00
   4.93384690e-01
   3.28943175e-01
   4.71549246e-01
   9.24277936e-02
  -1.33623190e+00
   9.76581622e-01
   5.46759373e-01
   4.19390086e-02
   1.23002830e+00
  -1.28132501e+00
   1.40445273e+00
   2.05539943e-01
   2.41324445e+00
  -9.65330065e-01
   1.27617862e+00
   1.29084533e-01
   7.20860698e-01
  -3.12125965e-01
   1.66918873e+00
   7.80328234e-01
   5.07085925e-03
  -3.69053129e-01
  -6.99740779e-01
  -7.63721451e-01
  -2.70763853e-01
   4.07560872e-01
   1.70242680e+00
  -2.15772651e+00
  -1.01518464e+00
  -8.63326419e-01
   2.11727076e+00
  -4.30146499e-02
  -1.07934587e-01
   2.79055850e-01
  -1.18172340e+00
  -2.61382829e-01
  -4.81534677e-01
  -2.50995577e-01
  -5.76772215e-01
   2.40782942e-01
   7.01754081e-01
  -1.03543318e+00
  -1.15688635e+00
  -3.65315668e-01
   1.16296557e+00
  -1.54280632e+00
  -2.74320187e-01
   6.80152267e-01
  -6.32646044e-01
  -2.22019430e-01
  -8.32301269e-01
  -1.73588049e+00
  -8.81482687e-02
  -1.56586813e+00
  -7.31292941e-01
  -2.75327687e-01
  -1.26693901e+00
   8.44352732e-01
  -5.17393657e-01
  -1.71631913e+00
  -1.27500667e+00
   1.76020925e+00
   1.43914564e+00
  -1.51421504e-01
  -1.58494619e+00
  -1.09484264e+00
  -6.76770236e-02
  -8.58047359e-01
   8.64647345e-01
  -5.06844090e-01
  -9.23163516e-01
   1.04685797e+00
   1.69984313e-01
  -1.09512116e+00
   8.59841206e-02
  -2.03030893e+00
   9.42182133e-01
   1.64987055e+00
  -5.94623727e-01
   8.99650495e-01
  -1.18774632e+00
  -4.28155731e-02
   1.37078437e+00
  -1.21143072e+00
   2.92005595e-01
   5.02890529e-01
   1.30036348e+00
  -3.77827265e-01
   1.57295747e+00
   1.30605252e+00
  -5.53630891e-01
  -2.95959222e-01
   7.10186486e-01
   6.95981056e-01
   8.89154651e-01
  -1.62922520e+00
   5.81479420e-01
   1.21245908e+00
   1.37112871e+00
  -2.40047014e-01
   4.15450355e-01
  -4.74420386e-01
  -8.43591670e-01
  -9.10837974e-01
  -4.78972243e-01
   6.10258934e-01
  -8.99956844e-01
   1.14738155e+00
   1.18598263e-01
   5.61236194e-01
   1.69751409e+00
  -1.29385196e+00
   7.37109632e-02
  -3.44026030e-01
   6.68071950e-01
   6.10345653e-01
   4.30289779e-01
   3.01706504e-01
  -5.35650649e-01
   3.65733768e-01
   8.25703735e-01
  -5.12343356e-01
  -3.61985930e-01
  -1.43740508e+00
  -9.73095959e-01
  -5.64975521e-01
  -7.41110250e-01
  -1.07344703e-01
  -1.69568575e+00
   1.42103456e+00
   7.88953142e-01
   5.03749377e-01
  -6.26967847e-01
  -2.44306615e-01
  -1.42048657e+00
  -9.43458400e-01
  -1.17318787e+00
  -9.50971967e-01
   1.86026140e-01
   1.08942011e+00
   1.72559102e+00
   2.07409939e-01
  -3.73597470e-01
   7.61584746e-01
  -1.54461036e+00
  -2.23676636e-01
  -8.70979436e-01
   1.94404239e-01
  -4.16554210e-01
  -2.09311220e+00
   2.05044198e-01
   1.29317894e-01
   1.12639163e+00
   4.60127039e-01
   7.66877422e-01
  -8.00021440e-01
   1.46726449e+00
  -2.62953137e-01
   7.58858701e-01
   9.77172724e-01
   2.88339735e-02
  -7.50317000e-01
   7.85192925e-01
   1.36280059e+00
  -5.56361856e-01
  -4.85090336e-01
   6.48098562e-02
   4.98051738e-01
  -1.65424635e-01
   2.66484399e-01
   1.37457354e+00
  -9.51668756e-01
   2.22674763e+00
  -7.06374787e-01
  -1.29383795e-01
  -4.24602834e-01
  -8.88252669e-01
  -1.40850110e+00
  -7.28643395e-01
  -3.43134140e-01
  -8.17768137e-01
   1.16794585e+00
  -1.91780506e+00
   3.75026292e-01
  -2.61262230e-01
   1.82378187e+00
   1.71961882e-01
  -2.08231823e+00
  -4.65545844e-01
   4.87770175e-01
  -2.46183716e-01
   1.04402972e-01
  -1.23690217e+00
   6.31097293e-01
   2.65680017e-01
  -2.98147799e-01
  -5.38452571e-01
   6.23124203e-01
   3.26049686e-01
   1.16811862e-01
  -1.09781304e+00
  -2.14815681e-01
  -2.87137687e-01
  -1.55840883e+00
   1.03002652e+00
  -1.47468210e+00
  -7.07353053e-01
   1.26217206e+00
   9.17706998e-01
  -2.31052730e-01
   5.27225972e-01
  -3.83370197e-01
  -1.39873922e-01
   3.24643428e-01
  -2.80911912e+00
  -1.76068762e-01
   4.31146146e-01
  -4.79699934e-01
  -1.78786038e+00
  -2.08453791e+00
   7.78785411e-01
   1.34470187e+00
   2.11302447e+00
  -1.26446134e-01
  -9.43715111e-01
   1.56998787e-02
  -7.52045194e-01
   1.09510111e+00
   5.47700628e-01
  -5.59332752e-01
  -4.68543617e-01
   1.79340143e-01
   4.65436798e-02
   1.70475483e-01
   1.73226396e+00
  -9.07486205e-01
  -3.16742887e-01
   4.04314257e-01
   6.48242513e-01
   1.00180872e+00
   4.02583115e-01
   7.19377509e-01
  -6.04311661e-01
  -7.06056092e-01
   6.35392949e-02
  -1.40365844e+00
  -6.11801837e-01
  -1.08538018e+00
   1.01330821e+00
  -1.44527605e+00
   6.08991387e-01
   6.71345399e-01
   1.68685604e+00
  -1.50082887e+00
  -1.74378996e+00
   2.85344049e+00
  -1.06779765e-01
   5.24325395e-01
  -8.37482394e-01
   7.00983107e-01
   1.53211149e-01
  -6.78828492e-01
  -6.66130918e-02
   3.52994650e-01
  -4.47782683e-02
  -1.23315905e+00
   1.66273839e-02
  -9.04341898e-01
  -1.84067981e+00
  -5.94157961e-01
   5.49587140e-03
  -4.64488256e-02
   2.16474293e-01
  -1.03985429e+00
   6.11601965e-01
   4.88589191e-01
  -9.46993114e-01
   2.80712227e+00
  -1.36751723e+00
  -2.54286301e-01
   9.37025615e-01
   1.00843414e+00
   2.31063891e+00
  -1.65246883e-01
   4.43398104e-01
  -5.44735110e-01
  -8.08414836e-03
   9.90605333e-01
   2.30960241e+00
  -1.23813829e-01
   3.24891380e-01
  -1.09506774e+00
  -1.65296145e-02
  -1.18446770e+00
  -1.38835305e+00
   2.44606627e+00
   1.75627288e+00
   7.24923953e-01
   1.99423596e-01
  -1.79762861e-01
  -1.39470484e+00
   1.88380333e-01
   4.20042020e-01
   1.40978424e-01
   8.36505762e-01
   1.22855955e+00
   3.42789358e-02
  -3.25267553e-01
  -1.02772321e+00
  -6.41185504e-01
  -1.28287394e+00
  -9.00765021e-01
  -2.75050033e+00
   1.79627712e-01
   2.89267635e-01
  -4.23283453e-02
  -9.06820855e-01
  -2.28121676e-01
  -1.57589687e-01
   4.29907430e-01
   3.64132045e-01
  -1.59008970e+00
   1.69564348e+00
  -4.88916832e-01
   5.09524888e-01
  -1.42773735e+00
  -5.83031832e-01
  -1.11020306e+00
   2.33380773e-01
   1.32200897e+00
  -7.83562796e-01
  -1.46231258e-01
   1.73217331e+00
  -1.54485656e+00
   1.07811878e+00
  -6.68457430e-01
  -3.02592679e-01
   4.59000833e-02
  -7.91307064e-01
   6.14313986e-01
  -6.92421918e-01
   1.15985102e-02
  -1.15141961e+00
  -9.81422773e-01
  -4.90338050e-01
  -1.04587360e+00
   1.96808528e+00
  -7.70147403e-01
   2.63354571e+00
   6.55828241e-01
  -1.37602323e+00
  -2.39642016e-01
   1.04829464e+00
  -1.15435416e+00
  -4.56919532e-02
  -9.59895931e-01
   1.51791493e-02
  -4.37085248e-01
  -5.56900630e-01
   1.49108202e+00
   2.36293034e+00
  -6.22246348e-01
   1.79560013e+00
  -2.10441472e+00
  -7.78806163e-01
  -1.96531767e+00
   1.17096440e+00
  -7.97818458e-01
  -6.12179474e-01
  -2.68708380e-01
  -1.73968684e+00
  -1.19079598e+00
   1.17895050e+00
   6.27975023e-01
   3.66235745e-01
  -9.42345369e-01
   8.25160754e-01
  -7.86140002e-01
  -2.59181962e+00
   1.22060902e+00
   2.44664840e-01
   2.52547625e-01
  -1.54620586e+00
  -3.20680217e-01
   1.96159771e+00
  -2.49656239e+00
  -2.64234890e+00
  -1.69443328e+00
   5.71483816e-01
  -1.64774707e+00
  -3.76867981e-01
  -1.11244118e+00
   1.32163033e+00
  -1.67070289e-01
  -2.53754043e-01
   1.98300007e+00
  -2.48359873e-01
   4.58036468e-01
   3.53701982e-01
   2.20364560e+00
   7.59479033e-02
  -2.89305291e-01
  -4.99824429e-01
   8.74579058e-01
   2.47574627e-01
   3.51285545e-02
   2.20301691e-01
  -7.22966586e-01
  -1.05629744e+00
  -2.85427553e-01
   1.32562599e+00
  -1.89497572e+00
   6.28952755e-01
  -8.64740214e-01
   1.20710688e-01
  -5.89483884e-01
   7.02526368e-03
   9.52441654e-01
   2.44515733e+00
  -4.44950755e-01
   8.65489614e-01
  -2.56802105e-01
  -5.08598701e-01
   4.65704583e-01
  -6.75038945e-02
  -2.15309015e+00
   6.54234080e-01
  -8.55838090e-01
  -9.85377261e-01
   1.51843131e+00
   2.77438033e+00
  -4.50288638e-01
  -3.42743815e-01
   3.67242811e-01
  -1.61776215e+00
  -1.36219154e+00
  -4.79804367e-01
   3.56942945e-01
  -5.92872552e-01
  -8.84449466e-01
  -1.50461241e+00
   1.35270104e+00
  -4.79095621e-01
   3.67647929e-01
   6.32323630e-01
  -2.76933633e+00
   3.54327286e-01
  -9.37087900e-01
  -7.34942516e-01
  -2.46996941e-01
  -1.35111403e+00
   1.79246102e+00
  -1.08080234e+00
  -2.31718463e+00
   1.24335333e+00
   5.71127631e-01
  -1.88252417e+00
  -1.08908938e+00
  -4.78730101e-01
  -1.09400873e+00
  -3.42472032e-01
  -7.10168298e-01
   1.13071470e+00
   3.09811663e-01
  -3.30900658e-02
   1.20581570e+00
   3.00924667e-01
   1.69967853e-01
  -1.10248471e+00
  -4.94604988e-01
   3.49163671e-01
  -1.87127639e+00
  -3.13589275e-01
  -9.24171766e-02
  -1.65689542e+00
   1.27307612e+00
   1.27265829e+00
   1.00003160e+00
   6.83067622e-01
  -1.30942308e-01
  -1.78821960e+00
  -1.20055082e+00
  -2.07393799e-01
   1.24500171e+00
  -1.64079322e+00
  -3.42633702e-01
   2.55294031e-01
   8.44666675e-02
   2.60625645e-01
   1.08438163e+00
   1.63917168e-02
  -9.05999782e-01
  -1.51412662e+00
  -1.58694303e+00
  -7.85804042e-02
  -9.95867631e-01
  -9.28278027e-01
   3.66065473e-01
   1.02485480e+00
  -1.76031142e+00
  -4.96453258e-01
  -5.25485955e-01
   4.56347128e-02
   4.49743975e-01
  -1.59047951e-01
   9.30507036e-01
   2.17672228e-01
  -1.20902434e+00
   9.73579462e-01
   1.76295734e-01
   1.18131483e+00
   8.51299980e-01
   5.77751793e-02
   1.67579382e-01
  -1.05250195e+00
  -3.02149008e+00
  -5.95231512e-01
  -4.58501852e-01
   1.78762873e+00
   2.32254362e+00
   1.31000105e+00
   9.99274878e-01
  -1.47112799e+00
  -2.01048787e-01
   7.37664530e-01
  -9.95827236e-01
  -6.14930453e-01
   1.96664024e-01
  -1.25354290e+00
   1.91048165e+00
   8.58327931e-02
   5.23819873e-01
  -5.11915200e-01
   3.00402352e-01
   6.84121183e-01
  -8.40415203e-01
  -1.46879471e+00
   3.67633215e-01
   2.28183784e+00
  -1.53263620e-01
   8.21192991e-01
   4.04364387e-01
  -5.58180762e-01
  -2.63190317e-01
   1.95864414e+00
   2.01470012e+00
   1.65165769e+00
   5.28583077e-01
  -1.28228784e-01
   2.78554748e-01
  -2.62187825e-01
   8.13290675e-01
   6.17958606e-01
  -4.76013585e-01
  -6.37256636e-01
   3.90836375e-03
  -2.51943407e-01
   3.95984068e-01
   1.05572695e+00
  -7.73902080e-01
  -7.65467458e-01
  -4.14376272e-01
   2.43022498e+00
  -1.11745457e+00
  -3.30966819e-01
  -7.83462741e-02
  -1.37530368e+00
   1.18464590e+00
   3.88603564e-01
   8.19615394e-01
  -1.80243757e+00
  -7.32552752e-01
  -1.17945074e+00
  -3.82620525e-02
   7.23643067e-01
   4.56233854e-01
  -1.89795016e+00
   8.03265329e-01
  -1.40908595e+00
   7.14511374e-01
   7.78503106e-01
   6.97599514e-02
  -2.73963231e-01
   4.33158450e-01
  -3.99347802e-01
   1.47921139e-01
  -6.46535841e-01
  -1.46984855e+00
  -1.53403932e+00
  -2.08625188e+00
   1.67020781e+00
   1.15254478e+00
   3.25297620e-02
  -5.73594752e-01
  -1.15630152e-01
   2.66687684e-01
  -7.82599534e-01
  -6.24290155e-01
   8.67515564e-01
   2.31638212e-01
   1.33847950e-01
   1.23655838e+00
  -7.77238975e-01
  -1.55679615e+00
  -9.61010548e-02
   1.47790916e-02
  -3.52754881e-01
   2.21799193e+00
  -2.15859450e+00
  -3.89063039e-01
   3.08544551e+00
  -9.31478599e-01
  -9.39911085e-01
  -1.56887719e-01
  -1.44780111e+00
  -5.64751032e-01
   8.52696956e-01
  -1.73841502e+00
  -2.09996620e+00
   2.47521999e-01
   1.00328788e+00
   1.21463251e+00
   6.19075350e-01
  -1.07036941e+00
   1.07942489e+00
   1.18286493e+00
  -1.16894351e+00
  -1.78344262e+00
   2.06340667e-01
  -3.90693729e-01
  -3.55571573e-01
  -2.95114211e-01
   5.91262563e-01
  -8.28361650e-02
   3.46230747e-01
  -1.32064755e+00
  -1.36886433e+00
   9.53349926e-02
   3.01898112e-01
  -1.20458788e+00
   2.03807373e-01
   1.32568921e-01
   5.40637752e-01
   1.20310531e-01
   1.17860680e+00
   1.03286851e+00
   1.05002194e+00
  -5.35925750e-01
  -2.26173373e+00
   7.38774430e-01
  -6.56454638e-01
   1.20526050e+00
  -1.30318204e+00
   1.31699791e-01
  -1.89507750e+00
  -2.16961921e-02
  -7.74560315e-01
  -1.82193641e-01
   4.75264545e-01
  -1.16240031e+00
   2.60068961e-01
  -1.96672116e+00
   6.93022113e-01
  -1.77567613e+00
  -1.18380040e-01
   7.09736614e-01
  -1.14954362e+00
   8.93987571e-01
  -8.13139128e-01
  -9.79514071e-01
   1.32881011e+00
   6.03081813e-01
   9.19375103e-02
   8.44002740e-01
  -2.40432296e+00
   5.00865440e-01
  -1.44785929e+00
   6.93638944e-01
   4.04766317e-01
  -2.28740837e+00
  -8.08620999e-01
   7.85885740e-01
   1.23765243e+00
   4.70182153e-01
   1.71994793e+00
   3.92264121e-01
  -4.71931206e-01
   7.49719222e-01
   1.60012736e+00
  -6.14591226e-01
  -5.11318920e-01
  -3.08575236e-01
  -9.19489565e-01
  -1.65059703e-02
   5.27023641e-01
  -2.58498473e+00
  -4.35396554e-01
   4.18353553e-01
  -2.36013281e-02
  -6.32784034e-01
  -1.03665562e+00
   5.11940597e-01
  -7.71955050e-01
   1.31054759e+00
  -7.10159905e-01
  -9.08234644e-01
  -1.09688129e+00
   2.36520424e-01
  -8.67728572e-01
   9.93609425e-01
   4.09680343e-01
   1.06042497e-01
  -3.63800745e-02
  -7.15253861e-01
   4.50326316e-02
   3.82961756e-01
   3.51228567e-01
  -1.34795223e+00
  -7.05819444e-01
   2.97272827e-01
  -8.72225051e-01
   2.38920557e+00
  -5.22686515e-01
  -1.58817500e+00
  -1.11155599e+00
   7.27194815e-01
  -1.97198030e+00
   6.99677617e-01
   5.18509667e-01
   5.82483771e-02
  -7.75478100e-01
   2.17111868e-01
   1.34408898e+00
  -4.04416076e-01
  -2.07219732e-01
   6.47278400e-01
  -5.41228391e-01
   3.49116311e-01
