  -1.51042192e+00
  -3.20352982e-01
   4.65916977e-01
   6.91155124e-01
   9.26822546e-01
   1.08177249e+00
   2.08579797e-01
  -1.52852188e+00
  -5.69547008e-01
   3.55810806e-01
  -3.12425383e-01
  -9.27213358e-01
  -4.93182894e-01
   1.34500152e+00
   7.62975868e-01
   4.46101348e-01
   3.16970260e-01
  -3.51665019e-02
   1.98424134e+00
  -1.67575161e-01
   1.55590862e+00
  -2.23552409e+00
  -2.00086551e+00
   1.12234864e+00
   3.26476603e-02
  -9.90862744e-01
   3.98943662e-01
  -9.24464447e-02
  -4.12220768e-01
   9.55653573e-01
  -1.87687288e+00
   6.25207052e-02
  -1.52711884e+00
   3.01592549e-01
   1.89117345e-01
  -2.03691418e-01
   1.26141791e+00
   4.07614593e-01
  -3.29435754e-01
  -8.17444878e-01
  -5.37496576e-01
   6.58664729e-01
  -4.97702996e-01
  -1.10058370e+00
  -1.16932016e+00
   9.53143941e-01
   2.66589616e-01
  -5.35714697e-01
   5.68334882e-01
   1.55609843e+00
   5.46125501e-01
   2.34594208e-01
  -5.09600185e-01
   1.25490974e+00
  -1.23156262e+00
   5.84297985e-01
   1.30045048e-01
   1.30448288e+00
  -9.75157434e-02
  -3.22435312e-01
  -6.56600132e-01
   5.56265492e-01
  -5.93423451e-01
   9.04215604e-01
   1.36439431e-01
   5.61545857e-01
  -3.71746765e-02
  -1.58544123e+00
   3.18933300e-02
   1.16049372e+00
  -6.67005732e-01
  -9.20176299e-01
   7.66594700e-01
   7.67144620e-02
  -7.97581870e-01
   2.72751022e-01
  -8.81759262e-02
  -3.69717765e-01
  -6.48821432e-01
   3.35200132e-01
   1.14175638e+00
  -8.54632185e-01
   4.33743296e-01
   1.51799037e+00
  -9.93643119e-02
  -9.37815476e-02
  -1.12966528e+00
  -2.89701617e+00
  -9.37839757e-01
  -1.45393518e-02
   4.02708568e-01
  -3.45525282e-01
  -8.28960708e-01
   1.30111366e-01
  -1.23409454e+00
  -3.40243884e-02
   2.41098745e-01
  -1.34272614e+00
   1.33713156e-01
   1.40288715e+00
   5.62076067e-01
   9.80670556e-01
  -3.18477808e+00
   9.26140546e-01
  -9.97736942e-01
   5.08621436e-01
   7.55383451e-03
  -4.33984611e-01
  -6.60183530e-01
  -2.79936409e-01
  -6.48440229e-01
  -5.57737419e-01
   5.25017622e-01
  -5.66592840e-01
  -1.47309660e+00
   7.24438059e-01
  -2.03078372e+00
   5.89151796e-01
  -2.06759177e+00
   6.24982277e-01
   5.28207443e-01
  -8.43029543e-01
  -4.80267752e-01
  -1.89455663e-01
  -5.16918921e-01
  -1.12652217e+00
  -4.92569227e-01
  -5.91256804e-01
  -1.43926508e-01
  -1.69641288e+00
  -3.26447735e-02
   5.85187746e-01
   9.27734365e-01
  -2.80748914e-02
  -1.25683408e+00
   7.49339898e-01
  -3.82196798e-01
   4.96794134e-01
   1.28390367e-01
   5.39783311e-01
   3.40981165e-01
  -1.70524208e+00
   1.19984211e+00
  -6.19764104e-01
  -5.53328397e-01
   3.89425888e-01
  -4.17214912e-01
  -1.55258442e-01
   2.65567392e-01
   3.94455984e-01
  -1.23089702e+00
  -8.48451881e-01
  -4.93988177e-01
   3.44721818e-01
   4.31192404e-01
  -2.57996085e-01
  -1.95228338e+00
   2.96035386e-01
  -3.42253250e-01
  -3.09871821e-01
  -1.00074281e-01
   6.64497345e-01
  -1.48046021e+00
  -3.13670795e-01
   6.83514666e-02
  -7.55589980e-01
   5.17691780e-01
   2.61735757e-01
   2.47427107e-01
  -7.71289705e-01
   1.36750245e+00
  -1.32442212e+00
  -1.14956477e+00
  -6.23706550e-01
  -6.23661873e-01
  -1.00130542e+00
  -5.45843680e-01
  -3.90434847e-02
   4.90725204e-01
   6.59025122e-01
  -8.18273010e-01
   1.42733732e-02
  -2.65263666e+00
   1.76772283e-01
  -1.48887237e+00
   9.21352896e-01
   2.57185404e-01
  -9.67622058e-01
   9.63225491e-01
  -6.15052590e-01
   7.84711250e-01
   3.25172449e-01
   1.09607458e-01
  -9.93600269e-01
  -1.44670195e+00
   4.20613749e-02
   2.85419843e-01
  -6.94911007e-01
  -5.95832129e-01
   3.81402121e-01
   4.13264198e-01
   7.30570388e-02
  -2.43103564e-01
  -1.49758366e-01
  -1.01805039e+00
   4.48227065e-01
  -7.85711996e-01
   5.18272385e-01
   9.18632281e-01
  -1.66364421e-01
  -3.85220644e-01
   5.02307060e-01
   5.01685037e-01
   8.72350018e-01
  -4.40751111e-01
  -9.64592182e-01
   1.69736807e+00
  -1.35197521e-01
   2.62866197e+00
   3.62074460e-01
   2.81903635e-01
  -2.61299504e-01
   1.21891383e+00
   1.94107382e+00
   1.33009810e+00
  -6.11529630e-01
   3.31347557e-01
  -4.58476990e-01
  -1.67574655e+00
  -2.97648836e-01
   1.43450704e+00
  -1.33592112e+00
  -6.14663169e-01
   8.39503159e-01
  -6.81323280e-01
   2.43543437e+00
  -1.13225465e+00
  -2.21746486e-01
  -1.21638811e+00
   4.11389631e-02
  -6.48065918e-01
  -2.16259708e-01
  -2.75770838e-01
  -1.54837234e+00
  -1.67372074e+00
   8.30635381e-01
   4.34923954e-01
  -6.91854467e-02
   9.84929515e-02
   1.29451284e+00
  -4.74495751e-01
  -8.24677285e-01
   2.73801403e+00
  -2.22134724e+00
   1.35093023e+00
   5.58731356e-01
   6.70331856e-01
   7.76807358e-02
  -9.47487358e-01
   2.17336188e+00
   3.15826279e-01
   8.81578933e-01
  -1.54071563e+00
  -9.58992434e-01
   8.42318380e-02
  -5.01714301e-01
  -3.36652530e-01
   1.12617279e+00
  -6.50575295e-01
   3.24258978e-01
  -1.04143410e+00
   1.32881058e+00
   1.00933993e+00
   2.78131471e-01
  -1.21152564e+00
   8.45914814e-01
  -6.25795388e-02
  -1.83292375e+00
  -1.74752487e+00
   1.00194705e+00
   4.23286830e-01
   5.42492520e-01
   3.93577181e-01
   1.27285163e+00
  -5.68738308e-01
  -7.83294320e-01
   2.37552257e+00
  -3.71377312e-01
  -1.12977290e+00
   4.40041443e-01
  -3.27365550e-01
  -5.49003175e-01
  -2.10693607e+00
   2.03809520e-02
   4.09236769e-01
   1.25812508e-01
   7.04942412e-01
  -1.44645761e+00
  -2.05001572e-01
  -4.58762290e-01
   3.86295768e-01
  -1.08648103e+00
  -5.63377363e-01
  -1.18179724e-01
  -5.44184038e-01
   6.13610731e-02
  -4.67917535e-01
   3.05383439e-01
  -1.91567011e-01
  -1.46672134e-01
   3.91213144e-01
  -2.74240966e-01
   9.66426165e-01
   4.23692123e-01
   2.68290178e-01
  -2.98419997e-01
   5.95362727e-01
   8.44229822e-01
   6.47587600e-01
  -9.40632900e-01
   5.49940742e-01
  -2.38496361e-01
   1.91950388e-01
  -9.65855349e-01
  -2.90334438e+00
  -1.99586939e+00
   1.15711201e+00
   1.20001131e+00
   1.23379241e+00
  -3.14588209e-01
   1.16897885e+00
   1.29093981e+00
   2.10762526e+00
   4.02567467e-01
  -3.05119666e+00
   2.21548775e-01
  -3.31079745e-01
  -9.97111884e-01
  -3.72762281e-01
  -5.87523780e-01
  -7.82890226e-01
  -2.23278889e+00
  -1.28460285e+00
  -8.58339791e-01
  -6.03016354e-01
   1.92945323e+00
   7.80765166e-01
  -8.30120451e-01
  -1.75686566e-01
   1.26476574e+00
   6.51085408e-01
   1.84927845e-01
   1.45728519e+00
   4.48759032e-01
   8.72579114e-01
  -4.81705378e-01
  -1.43386676e-02
  -1.96403466e+00
  -9.35530752e-01
   6.09328334e-01
   8.45096339e-01
  -6.75536849e-01
  -1.91650498e-01
  -8.52810355e-01
   5.61666193e-01
   8.11652946e-01
  -7.29504728e-01
   3.39646601e-01
  -1.68755285e-01
   4.78904547e-01
   1.21270138e+00
   5.09935683e-01
  -2.34511203e+00
   6.55257752e-01
   1.18424483e+00
  -8.77883234e-01
   6.00408919e-01
  -1.04830244e-01
   7.54057126e-01
   8.89417654e-02
  -1.43002194e+00
   1.77385417e+00
   2.86838048e-02
   5.32569006e-01
  -5.20767953e-01
  -1.42227473e+00
   1.13299962e+00
   2.72624495e+00
   8.26558731e-01
  -9.83027735e-01
  -1.88548490e+00
  -3.02768926e-01
  -5.50108411e-01
   1.34946055e+00
  -6.17681073e-01
   1.40248942e+00
  -5.35266996e-01
   2.75598224e-01
   1.37830335e-01
  -1.23776689e+00
  -1.02231936e+00
   1.08518695e+00
  -1.04501949e-02
  -7.25401496e-01
   3.97200257e-01
   1.31182838e+00
  -1.60794168e-01
  -1.81481091e+00
  -5.09018312e-02
   2.73668544e-01
   9.55630137e-01
  -6.55734876e-01
  -1.76786643e+00
  -3.33047690e-01
   1.10786317e+00
   4.76501119e-01
  -1.11472877e+00
  -7.89351923e-01
   1.14474492e+00
  -3.53912453e-02
   1.95672106e+00
  -1.10251707e+00
   1.32734197e+00
   2.92843580e-01
   2.54415867e-01
   1.18646845e+00
   2.87291200e-01
   1.81396853e-01
   1.06047896e+00
   8.72209671e-01
   1.60809620e-01
   6.45348376e-01
  -1.04354884e+00
   2.45906424e-01
   5.23101897e-01
   3.44162232e-01
  -1.85335751e-02
  -2.66797058e-01
  -1.49259735e+00
  -1.49669046e-01
   2.20537921e+00
   6.55291233e-01
   9.14139110e-01
   4.21924467e-01
  -1.02387504e+00
   1.83143943e+00
   5.68641952e-01
  -7.62612233e-01
  -2.26294713e-01
   6.54203122e-01
  -5.33129666e-01
  -4.75759387e-01
   7.90060126e-01
  -8.72623993e-01
  -1.05545980e+00
   1.17476407e+00
   1.48929493e-01
   1.03727894e+00
   9.71541058e-01
  -5.92450374e-01
   2.37018594e-01
  -2.62918399e-01
   4.25227139e-01
   3.96709934e-02
  -7.94028375e-02
   1.17911612e+00
  -1.43826991e+00
  -2.62126003e-01
  -2.88220943e-01
   1.24455602e+00
  -1.95869837e+00
  -1.38487431e-01
   4.75439453e-01
  -1.13106871e+00
   3.67350812e-01
   7.83478711e-01
  -1.60353892e+00
  -1.85487837e+00
  -9.81251679e-04
   1.99705767e+00
  -5.10728700e-01
  -3.24698106e-01
  -1.58987705e-02
   1.02423990e+00
   1.00629299e+00
   1.44070507e-01
   5.15096169e-01
   6.73674342e-01
   1.07508302e+00
  -1.03625284e-01
   6.17181254e-01
   2.01288473e-01
   1.09085643e+00
   1.14097835e+00
   1.01620963e+00
  -2.83874490e-01
  -9.92115814e-01
   6.21508839e-01
  -1.31825903e+00
   9.35533398e-02
  -6.04380347e-01
   4.58223816e-01
  -4.53513148e-01
  -1.12679715e+00
   9.57591294e-02
   1.54244706e+00
  -2.40261013e+00
   1.46657280e+00
   1.27937062e+00
  -5.78772114e-01
   9.42247928e-01
   4.47812384e-02
  -6.82119432e-01
   5.01551621e-01
  -5.75592432e-01
   3.04629134e-01
  -4.57006011e-01
   1.21912342e+00
   1.75478025e-01
  -2.66600797e+00
  -9.39719381e-01
   1.84233126e-01
   6.46922383e-01
   7.56112812e-01
  -3.73035012e-01
   7.64565679e-01
  -1.23677299e+00
   3.18276458e-01
   8.19083473e-01
   3.54675372e-01
  -2.88530466e-01
   5.51210548e-01
  -6.63442123e-02
   1.16046024e+00
  -9.46580639e-01
  -1.51952769e+00
   5.98138998e-01
  -5.07079733e-01
  -1.55578454e+00
   1.40292989e+00
  -5.85351167e-01
   2.22627266e-01
  -2.88111238e-01
   2.81497007e+00
  -8.46485764e-02
  -5.74144039e-01
   5.57853314e-01
  -3.23793004e-01
   1.74530109e+00
  -9.79737477e-01
   4.50906302e-01
  -1.10351994e+00
   2.50241961e+00
   6.06232970e-01
   6.43456148e-01
  -3.51886912e-01
  -1.53188318e+00
   7.87811792e-01
   7.24178599e-01
  -1.03683947e+00
   9.77184027e-01
   2.85923842e-01
   7.97140501e-01
  -8.99767473e-01
   1.01363525e+00
   1.32487269e+00
   7.44447240e-01
  -1.92558436e+00
   1.39971810e+00
   2.01831589e-01
  -3.68125987e-01
  -4.65428253e-01
  -2.19811444e-01
  -1.92338066e-01
   7.35931179e-01
  -1.65985532e+00
   4.68208345e-01
  -2.55227624e-01
  -1.41448044e+00
   2.49666787e-01
  -3.80668405e-01
  -1.02343540e+00
  -9.14645551e-01
   1.14546301e+00
   8.79655578e-01
   1.06033619e+00
   6.20173523e-01
   7.02540639e-01
   2.52904583e-01
  -7.78257460e-01
   9.57850641e-01
   6.17359660e-01
  -2.50597226e-01
  -6.08261226e-01
  -5.39421186e-01
   8.45790632e-01
  -1.19370852e+00
   1.32346672e+00
  -8.55165865e-01
   1.66427633e-01
  -2.85462759e-01
  -2.35682973e-01
   8.32092795e-01
  -2.20872995e-02
  -4.90967158e-01
   1.77605174e-01
   8.53802272e-01
  -1.98594875e+00
   1.41545535e+00
  -1.06351038e+00
   2.31623980e-01
  -1.24845359e+00
   1.02704958e+00
  -2.34241208e-02
   9.64087954e-01
  -1.22050149e-01
   1.17380396e-01
  -1.46963488e-01
   5.99530765e-01
  -9.85823727e-01
   1.10277610e-01
   1.79496889e+00
   1.41404245e-01
  -2.52579580e+00
  -1.12140437e-01
  -1.02055984e+00
   2.70415028e-02
  -7.79352454e-01
   1.45695486e+00
   8.37633205e-01
  -9.12090397e-01
  -1.36551889e+00
  -5.32695637e-01
   1.93674211e-01
   4.23160280e-01
  -3.48175153e-01
   1.28575253e+00
  -5.28477730e-01
  -1.30549052e+00
   5.63625594e-02
   6.08471304e-02
   4.83669529e-01
   1.23136983e-01
   7.84876958e-01
   3.05937551e-01
  -1.80043675e-01
  -8.70896045e-01
   6.07616958e-01
   7.59772830e-01
  -1.27348040e+00
  -2.71270946e-01
   1.48454461e+00
   7.81765813e-01
   2.43619630e-01
   1.23023153e+00
   5.49895715e-02
   1.20100139e-02
  -6.99807801e-01
   3.60093368e-01
   2.96908104e-01
   1.02888733e+00
   1.08348132e+00
   8.18564727e-01
  -1.36348683e+00
   1.91752036e-01
  -2.29991318e-02
   2.18204345e+00
   1.28253105e+00
  -5.28595060e-01
  -2.29805511e-01
  -5.23649347e-01
  -9.35375651e-01
   1.38160741e+00
   1.48832895e-01
  -1.93386369e-02
  -1.61853116e-01
  -6.91308527e-01
  -5.26868847e-01
  -1.88425092e+00
  -8.06978257e-01
  -2.35891279e+00
  -3.11389031e-01
   1.31973403e-02
   9.66514976e-02
  -1.23571713e-01
  -3.92664838e-02
   9.22372634e-02
   1.56308875e+00
  -7.08060437e-01
   2.87398939e-01
  -4.15811230e-01
  -2.46234555e+00
  -1.40986007e+00
  -1.57400401e+00
   1.02221043e+00
   9.54218638e-01
   1.23432481e+00
  -1.45227322e+00
  -4.99617483e-01
  -2.08112989e-01
   2.60350687e-01
  -1.50530548e+00
  -5.63932308e-01
   8.18196098e-01
   9.84901698e-01
   1.88223836e-01
  -1.94432204e-01
   1.86189225e+00
   1.37476066e+00
   5.97477191e-02
  -1.10235932e+00
  -2.71728257e+00
   3.10627454e-01
  -1.50110129e+00
  -7.14280803e-01
   1.00469328e-01
  -1.07390324e-02
   4.71395877e-01
  -3.76716425e-01
  -3.20450495e-01
  -1.20281671e+00
   5.38264401e-01
  -3.07623706e-01
   8.86702970e-01
  -8.40926374e-02
   1.08366633e+00
   8.98747659e-01
   1.80964366e+00
   7.62553756e-02
  -8.19848028e-01
  -6.66113090e-02
  -7.35302677e-02
  -5.47210083e-01
   1.96513220e-02
  -1.15251995e-01
  -9.67249056e-02
   1.11006234e+00
  -1.52872606e+00
   8.66137489e-01
  -2.07737128e-01
   4.57627361e-01
  -6.44002409e-01
  -1.30029328e+00
   5.51622727e-01
  -5.58371043e-01
  -1.79788633e+00
  -6.90689123e-01
  -1.97137344e-01
  -4.56903133e-01
  -9.17002460e-01
  -1.01237917e+00
   2.05653251e-01
   6.34543668e-01
   4.18497020e-01
  -1.31799306e-01
   1.29807155e+00
  -2.03613754e+00
   7.10226855e-01
  -2.54816431e+00
  -1.07629593e+00
  -2.14717443e-02
   7.71694171e-02
  -1.23778602e-01
   5.24462018e-01
  -1.21282130e-01
   1.53206977e+00
   6.21528586e-01
  -1.37543925e+00
   4.44086804e-01
  -1.72806479e+00
  -8.83434119e-01
  -5.85381669e-01
   2.59885537e+00
   4.40296631e-01
   1.32077760e+00
  -1.89669776e-01
  -8.55779868e-01
  -1.42342376e+00
  -6.47325314e-01
  -9.85558951e-01
  -1.38842567e+00
   9.10113747e-01
   2.33374055e+00
  -7.33783103e-01
   3.13363199e-01
   2.91434665e-01
   1.23323327e+00
  -3.81847250e-01
   4.03862573e-01
  -8.64169804e-01
   3.54825943e-02
  -7.03793020e-01
  -4.66589972e-01
   4.77386892e-02
   3.26553028e-02
   9.58972419e-01
  -1.36839958e+00
  -2.17058932e+00
   8.12711210e-01
   1.24536351e+00
   3.00437232e-02
   8.36428515e-01
  -1.57190429e+00
  -1.86109176e-01
   2.14449941e+00
   3.80216096e-02
   1.68556959e-02
   1.77840473e+00
   1.23581606e+00
   3.46943869e-01
  -3.13339401e-01
   4.64312423e-01
   1.02659372e+00
   2.91144386e-01
  -3.14530582e-01
   9.75317032e-01
   1.34753727e+00
   2.24747026e-01
   9.40862738e-01
   1.76307486e-01
   7.21258085e-01
  -7.18616235e-01
  -5.94496239e-01
  -8.23947361e-01
   2.12374407e-01
   1.33348429e+00
  -1.53704029e+00
   8.03676533e-01
   1.48624690e+00
  -7.46277945e-02
  -8.06557623e-02
   5.98492103e-02
   6.72253596e-01
  -1.26798050e+00
   1.43076944e+00
  -8.29312984e-01
   5.48193544e-01
   1.57634703e+00
   1.25806061e+00
   8.99203070e-01
  -9.05562412e-01
  -1.78546540e+00
  -7.29818630e-01
   8.60657002e-01
  -6.08438773e-01
   1.01082431e+00
  -9.02752144e-01
  -5.95279679e-01
  -8.68087736e-02
   1.90280769e+00
  -4.43096589e-02
   4.68421015e-01
  -6.81176144e-01
   5.52347581e-01
  -5.39215272e-01
  -1.86646118e+00
   1.08721664e+00
   5.36048666e-02
  -3.60113205e-01
  -1.47498315e+00
  -2.42418464e-01
   6.35189205e-01
  -6.13976873e-01
  -1.64183308e+00
  -7.63465165e-01
   2.96818056e-01
   9.78298904e-01
  -2.30834523e+00
  -1.79927620e+00
  -1.70780466e+00
  -1.00395429e-01
   8.53672501e-01
   1.26821970e+00
  -1.16553391e-01
   3.80622300e-01
   7.03984146e-01
  -3.51373064e-01
   8.67027014e-01
  -1.27772653e+00
   9.63147153e-01
  -2.41871324e+00
  -5.13907325e-01
   1.90148913e+00
   6.99034051e-01
  -3.24626811e-01
  -2.10061565e+00
   2.03474576e-01
   3.50946806e-01
  -1.58334877e+00
   1.94663662e+00
  -4.55255662e-01
   3.48797759e-01
   9.71640740e-01
  -9.81292524e-01
  -9.42382927e-01
  -1.03207659e-01
  -1.05816761e+00
  -1.27363963e-01
   7.57418035e-02
   3.89610473e-01
   7.96190199e-01
   5.35993743e-01
  -3.14629469e-01
  -1.15677170e+00
  -4.21560229e-01
   1.77247116e-01
   9.20127668e-01
  -7.16884721e-01
  -7.97922543e-01
   1.08900525e+00
   9.04479816e-01
  -4.81112281e-02
  -4.85617819e-02
  -6.08572114e-01
   2.45172385e-01
  -6.25417637e-01
   2.24317347e-01
   1.17464999e+00
  -1.43337727e+00
  -1.75368348e+00
  -4.78735637e-01
   2.27991634e-01
   1.17498410e+00
  -1.03994963e+00
  -4.48935411e-01
  -1.86283909e-01
  -6.89753430e-01
   2.02830394e-01
  -1.02935482e+00
  -1.26351746e-01
  -3.15605316e-01
  -3.64743355e-01
  -4.10934689e-01
   1.08209482e+00
  -1.29911794e-01
   6.82578069e-01
  -1.09093814e-01
   4.07991161e-01
  -2.69470741e-01
  -5.27777092e-01
   5.81889772e-01
   1.42279123e+00
   8.34487933e-01
  -1.27967025e+00
  -6.94719288e-01
  -3.49858564e-01
   7.77845359e-01
  -6.10691437e-01
   3.23983376e-01
  -2.16260218e-01
   3.09909376e-01
  -2.47121842e-01
   3.39702727e-01
   7.66433974e-01
  -1.72695295e-01
   4.81460681e-01
  -1.06857134e+00
  -6.43129657e-01
  -6.40561161e-02
   1.81747671e+00
  -1.28552343e+00
   4.99625281e-01
  -1.15544885e+00
  -4.67011086e-01
   3.17215307e-01
   2.21550551e-01
   2.17903448e-01
  -1.87275256e+00
  -1.07375179e-02
  -3.24914393e-01
  -7.32701304e-02
   4.94590508e-01
   1.15114265e+00
  -4.17788032e-01
   9.25521925e-01
   1.30830144e+00
  -5.61321449e-01
   1.02224902e+00
   1.35168363e+00
  -6.53141299e-01
  -4.53897689e-02
  -1.70204285e+00
   8.31927087e-01
   3.22888313e-01
  -1.46729339e+00
  -2.87726532e+00
   4.04517805e-01
   9.95866743e-01
   1.19616115e+00
  -6.04010395e-01
   1.45274560e+00
   9.44658879e-02
   6.55090982e-01
  -6.34683310e-01
   4.39683022e-01
   2.71336167e+00
  -9.12662774e-01
   4.60506484e-01
   1.49947012e+00
  -8.68478950e-02
   9.81209210e-01
  -2.09380535e-01
   2.19418607e+00
  -4.25137570e-01
  -1.25528361e+00
   4.99121608e-01
   5.46463917e-01
  -2.15726618e-01
  -1.03972796e+00
  -2.71888067e-01
   1.80727077e+00
   3.92144631e-01
  -2.13636345e-01
   6.23422944e-02
   1.38003686e+00
  -1.22603357e+00
  -9.92381348e-01
   1.14400850e+00
   7.44868104e-01
   8.69364606e-02
  -1.81479854e-01
  -1.07337733e+00
  -1.59038071e+00
  -1.40097158e+00
  -6.85846558e-01
   4.93783126e-01
   1.98506739e+00
   1.96980117e+00
   1.13747102e-01
   4.72990962e-01
   9.41512404e-01
  -4.82748102e-01
  -7.80688897e-01
  -1.22531172e+00
  -5.80152163e-01
  -8.30112618e-01
  -2.81480533e-01
   1.53177330e+00
   6.13796353e-01
  -4.31419695e-01
   1.34956759e+00
  -3.46984816e-02
   6.29392263e-01
  -6.33435354e-01
  -1.10554926e+00
   2.03184701e+00
   5.70504035e-01
   2.99812018e-01
  -9.54724928e-01
  -5.05300336e-01
  -4.57161563e-01
  -3.52883599e-01
  -6.63317625e-02
   1.09663155e+00
   2.02872838e+00
   8.40188428e-01
   4.54369680e-02
  -1.21020145e+00
  -1.13084410e+00
  -1.21417199e+00
  -5.26729316e-01
  -4.01508893e-01
   8.64891106e-01
  -6.81706676e-02
  -2.06593040e-01
  -1.54311920e+00
   8.05355787e-01
  -8.04001445e-02
   4.15741167e-01
   1.06470173e+00
   6.19958922e-01
   1.73697697e-01
  -2.55596181e-01
   2.40762748e+00
   1.76770197e+00
   1.51772002e+00
  -3.20566959e-01
  -9.40356144e-01
   1.08341016e+00
  -1.09954165e+00
  -9.95788919e-01
  -9.22225954e-01
  -3.43066852e-01
   6.15006219e-04
  -1.15524565e-02
  -7.74860158e-01
  -1.02761230e+00
   9.40299269e-01
  -8.33124609e-01
  -1.51874904e+00
   1.15632883e+00
  -1.80243326e+00
  -7.17045035e-01
  -9.48949742e-01
   9.41117281e-01
  -6.29520272e-01
  -1.97922235e+00
   9.18462241e-01
   1.84174421e-01
  -8.05588119e-02
  -2.52133858e+00
  -1.58350806e+00
  -1.43705665e+00
  -3.41011538e-01
  -6.12756014e-01
  -1.27640334e+00
   2.64839473e-01
  -7.41777036e-01
  -9.04512474e-01
   1.71626513e+00
   3.82724812e-01
  -6.12796031e-01
  -1.58760627e+00
  -1.10845330e+00
  -5.27285345e-02
  -1.12822138e-02
  -8.13397935e-01
   5.50461196e-01
   3.46253777e-01
  -9.33535531e-01
  -2.08023560e+00
   6.39832386e-01
  -1.07300348e+00
  -5.72438680e-01
   9.72314040e-01
   1.43705302e-01
  -4.90915220e-01
  -1.44436532e+00
   1.35445043e-03
  -4.26420819e-02
   4.19828554e-01
  -2.13604423e+00
   6.50364332e-01
   2.82074453e-01
  -3.29620802e-01
  -4.08518662e-01
   1.85387191e+00
   9.10556504e-01
   1.23686304e+00
   2.55945699e-01
  -5.08328200e-02
   9.67055516e-01
   4.64130903e-01
   2.56273154e-01
  -3.11863916e-01
   1.30594399e+00
   1.22970108e+00
  -1.30429500e-01
  -2.75606957e-01
   1.38253320e+00
   3.02597653e-01
   6.17083269e-01
  -1.14118004e+00
  -4.24933394e-01
   5.17436269e-01
   9.65505645e-01
  -1.65015228e-01
   4.88165685e-01
  -5.45185673e-01
   6.50338404e-01
  -4.20395143e-01
   1.98254497e-01
  -1.25483871e+00
  -4.43922795e-01
  -2.14476977e+00
   7.35789797e-01
   1.32770945e+00
   2.40608099e-01
  -1.14465438e+00
   1.32634635e+00
  -4.77542759e-01
  -1.24297012e+00
   1.14694837e+00
  -8.01379071e-03
  -1.25058015e+00
  -4.97439832e-01
  -6.77651588e-02
   3.12348705e-01
   1.69458327e-01
  -2.78151044e-01
   1.05546340e+00
  -7.79753380e-02
  -1.71107879e-01
   1.98591041e+00
  -7.70271419e-01
  -5.94556896e-01
  -7.06315048e-01
  -5.04536215e-01
   1.39175496e+00
   4.18279817e-01
   1.19955746e-01
   3.65943848e-01
  -5.06287730e-01
  -5.67456675e-01
  -3.25883659e-01
  -6.50247506e-02
   9.99414336e-01
  -9.18187607e-01
   2.28085172e+00
  -1.34632927e+00
   1.28121661e+00
  -7.15757546e-01
  -1.13552819e+00
  -3.93600712e-01
   1.73284265e-01
   1.29802523e-01
  -2.89314309e-01
  -2.44785648e-01
  -9.72191170e-01
  -4.16142430e-01
   1.07837863e+00
  -1.41923912e+00
   1.09696544e-01
  -1.00298008e+00
   9.69206170e-01
  -3.57311551e-01
  -7.82704361e-01
  -1.70984769e+00
   4.83779468e-01
   2.42391849e-01
   4.92339943e-01
  -5.15838653e-01
   4.93124894e-01
  -1.04766370e+00
   4.31969766e-01
  -2.09420330e+00
  -6.99453299e-01
  -9.00744117e-01
  -1.77642881e+00
   1.25126178e+00
   4.72400323e-01
   3.29813200e-01
   6.83377226e-01
   8.88961001e-01
   6.46447228e-01
  -1.13018241e+00
   1.18218217e+00
  -8.42680829e-02
  -3.78758959e-01
  -7.00902299e-01
   8.67586045e-01
   2.60062326e+00
  -1.29188823e+00
   9.98553913e-01
  -1.11301469e+00
  -4.99962306e-01
   2.07012142e-01
   1.10200791e+00
  -9.13580462e-01
  -1.11171785e+00
  -1.13451474e+00
  -7.04402312e-01
   7.11711608e-01
  -3.84083976e-01
  -5.89278541e-01
   4.84519312e-01
   2.25588646e+00
  -4.84168577e-02
  -6.47645424e-01
   1.11324025e+00
   5.34417297e-01
  -4.66649768e-01
   1.71128886e-01
  -3.86317054e-01
  -9.23906117e-01
   1.49043016e+00
  -6.41399300e-01
   3.53999270e-01
   8.68522446e-02
  -1.01899233e+00
   1.15322284e+00
  -2.07774933e+00
  -6.83307670e-01
   6.41370251e-01
  -1.72179970e-01
  -7.15877547e-01
  -1.06551761e-01
  -1.08002594e+00
   3.69972580e-01
  -8.24113228e-01
   5.02749362e-01
   5.85892255e-01
  -1.35458438e+00
   3.44187674e-01
  -3.59534113e-01
   1.64451120e-01
   2.80591988e-01
  -7.80475346e-02
   3.87944900e-01
   5.88521581e-01
   1.29178481e+00
  -6.15242165e-01
  -2.94762830e-01
  -9.09036035e-01
   1.18251634e+00
  -1.19549785e+00
   1.60472425e+00
  -9.82706268e-01
   5.74496578e-01
   4.47338576e-01
  -2.59676119e-01
  -7.36920479e-01
  -1.03640017e+00
   3.09116013e-01
   1.07127320e+00
   1.30342964e+00
  -7.75403630e-02
  -1.05598487e+00
   1.88119831e+00
  -3.71710899e-01
  -5.41700269e-02
  -2.03517400e+00
  -4.53381137e-01
   2.74151581e-01
   1.86145466e+00
  -1.69937834e-01
   7.99890367e-01
   4.35340193e-01
   1.68213526e+00
  -2.23276485e-01
   4.88422406e-01
   1.22218009e+00
  -3.27345887e-01
  -1.85230519e+00
  -5.37919553e-01
  -1.27082195e+00
  -1.11965677e-01
  -4.35328475e-01
   1.19164830e+00
   3.10164154e-01
  -1.61858024e+00
  -1.76893011e-01
   3.19742149e-01
   1.94603030e-01
   1.64560209e+00
  -1.62747892e-01
  -8.46442525e-01
  -5.49650671e-01
   4.20130866e-02
   5.41868897e-01
   9.63594801e-01
   7.71008196e-01
   9.03890088e-01
   8.18390806e-01
  -1.73397613e+00
  -3.27237114e-01
  -2.87040305e-01
  -5.35290490e-01
   9.85496156e-01
  -2.07354004e-01
  -1.31499540e+00
  -2.27693630e-01
  -1.41146486e+00
  -7.27004703e-01
  -1.26023349e+00
  -1.27743879e+00
  -5.69615306e-01
   7.51451058e-01
  -4.77909106e-01
  -1.36803449e-01
   1.27909080e-01
   1.10330056e+00
   3.32853368e-02
   7.53506746e-02
   1.72704765e+00
  -1.23099872e+00
  -1.14412363e+00
   2.43642773e+00
   4.79914923e-02
  -2.40519141e-01
   1.53534342e+00
   8.72057357e-01
  -4.59435567e-01
   1.34392127e+00
   8.88925107e-01
  -3.57844065e-01
  -1.18992737e+00
  -2.03339433e-01
  -6.96386642e-01
   1.01388877e+00
   9.26723481e-01
  -7.31386850e-01
   8.17305837e-01
   2.09526472e-01
  -2.75287709e+00
   1.30009701e+00
   2.53727670e-01
   1.27674381e+00
  -2.19427619e+00
  -3.16688936e-01
  -1.09179373e+00
   8.95356295e-01
   7.73184159e-01
  -6.29688609e-01
  -1.32451763e+00
  -5.10130813e-01
  -4.62920028e-01
   1.33149852e-01
  -9.73616095e-02
   4.94911329e-01
  -9.91154498e-01
  -6.65274019e-01
   1.09738662e+00
  -1.56224366e+00
   4.79328851e-01
   7.60187055e-01
   1.33297340e-01
   5.71793581e-01
  -1.11321040e+00
  -1.83975204e-01
   7.32086595e-01
   7.82072785e-01
   2.22848647e+00
  -5.27050841e-01
  -1.05872737e+00
  -2.84862948e-01
  -1.26316375e+00
  -3.64124441e-02
   5.00513913e-01
   7.60574771e-01
  -7.72910229e-01
   4.03531528e-01
   1.74250815e+00
   9.10131306e-02
  -1.50983411e-01
  -3.27324505e-02
  -3.46267962e-01
  -7.57069559e-01
   2.41251745e-01
  -9.61203837e-01
   1.88519028e+00
  -2.40998706e-01
  -1.15777306e+00
   3.61388952e-01
  -9.18619950e-01
   1.82774670e+00
   9.66015617e-01
  -6.74049406e-02
  -8.72194749e-01
  -2.84297809e-01
   1.88071222e+00
   3.47274428e-02
  -1.04685788e+00
   4.37855811e-01
  -1.05959022e-01
   6.41792996e-01
   2.39548381e+00
  -1.89109020e-01
  -6.93755579e-01
  -5.09538027e-01
  -8.16431399e-01
   4.35974916e-01
  -3.05398407e-01
   3.71915618e-01
  -8.33589162e-01
   3.39689870e-01
  -1.75451442e-01
   6.56970566e-01
   1.42868937e+00
   2.79064141e-01
   7.35332570e-01
   2.51913573e+00
   1.83895740e+00
   1.15681225e-01
   3.38233878e-01
  -1.95398766e+00
  -2.97402430e-01
  -8.32745266e-01
  -1.47200254e+00
   7.07623197e-01
  -2.46166175e-01
  -7.37529616e-01
  -8.78672373e-02
   6.22863156e-01
   8.67115312e-01
  -4.46799530e-01
  -1.81952104e-01
   2.64646363e-01
   1.00462631e-01
   5.10210161e-01
   9.77461886e-01
  -2.03328089e-01
  -8.59053152e-01
   1.36633686e+00
  -5.43503451e-01
   1.51204322e+00
  -2.92429776e-01
  -3.09712806e-01
   1.76588652e+00
   1.17588756e+00
   9.95078943e-01
   1.18218017e+00
   4.44364698e-01
   1.17279061e+00
  -2.21677604e+00
  -4.32912015e-01
   4.86061443e-01
  -1.78249653e+00
  -3.38983438e-01
  -5.83998335e-01
   1.47784642e+00
  -9.13359620e-01
   6.37173746e-02
  -1.55673812e+00
   1.53625218e+00
   5.07034064e-01
  -1.11984595e+00
   1.61673481e+00
  -1.55250722e+00
  -1.27293873e-01
  -9.30228281e-01
  -1.13047163e-01
  -1.82471732e+00
  -1.41579953e+00
  -5.23866206e-01
  -1.24260578e-01
   7.19751318e-03
   1.04726275e+00
   1.77253137e+00
  -1.20100556e+00
  -8.74372255e-02
   1.58626346e+00
  -1.74922689e+00
  -1.69852916e-01
   1.46386369e-01
  -5.04566583e-01
   2.59074492e-01
   2.06939507e+00
   1.37133753e+00
   2.71722035e+00
  -1.99892096e+00
   8.10730352e-01
   2.36184213e-01
  -1.53529886e+00
   1.87424213e+00
  -4.41946435e-01
  -6.19050900e-01
   8.06158218e-01
   3.37018098e+00
   2.29912629e-03
  -7.29670945e-01
   5.25771040e-01
  -4.00676557e-01
   1.98698766e+00
   2.47856720e+00
   6.26509851e-01
  -1.15187698e-01
   1.89379327e+00
  -1.81775360e+00
  -9.14394244e-01
   3.37694037e-01
   1.79909362e-01
   7.80087398e-01
  -1.03221723e+00
   1.00829667e-01
   1.09699959e+00
  -1.14290172e+00
  -1.49458121e+00
  -1.12802233e+00
  -2.30700797e-01
  -3.13173621e-01
   1.77204750e+00
  -5.39317055e-03
   8.52918839e-01
   3.23203316e-01
   1.83743710e+00
  -1.75171505e+00
   6.21768759e-01
  -1.21953817e+00
  -7.01764730e-01
  -1.06342804e+00
  -2.11195670e+00
  -1.08520477e+00
  -2.43857013e+00
  -2.50560050e-02
  -5.44563722e-01
  -5.24941004e-02
   2.20550829e+00
  -7.87667208e-01
   1.11367074e+00
  -1.55325044e+00
   2.00549590e-01
  -1.03731527e+00
  -1.59563386e+00
  -4.45164049e-01
   1.77123486e-01
   2.47224036e-01
  -5.85811016e-01
   1.89359753e+00
   5.56043937e-01
  -8.08366408e-01
  -9.08224478e-01
  -1.40798826e+00
   2.26048478e-01
   3.92948263e-01
  -5.79071758e-01
  -4.49329533e-01
   1.87164105e+00
   4.66209239e-02
  -1.11326696e-01
   1.67050636e-02
  -7.29363060e-01
   9.44398416e-01
   6.85015552e-01
  -6.11981325e-01
  -1.22071840e+00
   2.38440810e-01
   8.95107945e-01
  -7.09344412e-01
  -6.65907765e-01
   7.19185923e-01
  -2.19080006e-01
   1.55885012e+00
   3.89692366e-01
   4.21600242e-01
  -1.80365312e+00
  -1.21639013e+00
   1.88429898e+00
  -7.30355864e-01
   7.10603140e-01
  -1.11522001e+00
  -1.52544507e-01
   1.78638387e-02
   1.62389419e-01
   9.48847506e-01
  -1.70891811e-01
   2.44067894e-01
   2.06986475e+00
  -1.39220511e+00
  -1.98825401e-01
   1.69550287e+00
  -1.49202757e+00
  -6.52983544e-01
  -2.63368316e-01
   6.26336808e-01
   4.81414409e-01
   2.02939462e-01
   3.98225341e-01
   5.72688132e-01
   3.11617400e-01
   1.81511286e+00
   4.60977196e-01
  -4.30587238e-02
  -1.13202608e+00
   4.57792568e-01
  -2.89800162e-01
  -2.20749792e+00
  -3.06383577e-01
   1.67731062e+00
   1.42125997e-01
   8.14618974e-01
  -2.40352649e-02
  -6.15250257e-01
  -2.03999428e-01
  -1.62150129e+00
   6.77171739e-02
  -5.61964749e-01
   1.16016345e+00
  -4.33379213e-01
   2.78565360e-01
   8.91937545e-01
   1.14526261e+00
   2.43192105e-01
  -3.31526556e-01
  -7.20901126e-01
   2.46345244e+00
  -7.86450476e-01
  -8.91918101e-01
  -5.50689340e-01
   1.36544432e+00
   1.39959410e-01
   8.25892639e-01
   2.89254679e-01
  -1.44427296e-01
  -4.15199327e-01
   9.16861380e-02
  -7.47461634e-01
  -8.18842317e-01
  -1.99834341e-01
   4.32021556e-01
  -3.50901396e-01
  -4.05611060e-01
  -6.20031997e-01
   6.14072971e-01
   5.91275124e-01
   1.29641382e+00
   5.30676932e-01
   1.03264963e+00
   1.04921096e+00
   2.06044533e+00
   1.70974953e+00
  -3.66309288e-01
  -1.25082939e+00
  -9.97223754e-01
   8.08538472e-01
  -2.33969877e+00
   1.91025726e+00
  -1.37044399e+00
   1.49719685e+00
  -1.78461721e-01
  -1.63985334e+00
  -3.54212249e-01
   4.34935715e-01
   1.39981636e+00
  -6.43657505e-01
   1.41879820e+00
   3.27616551e-01
  -1.01314206e+00
  -2.29974047e-01
   1.78500116e-01
  -3.56429090e-01
  -8.18991645e-01
   7.62572842e-01
   4.03077318e-02
  -2.41602276e-01
  -7.01131322e-01
  -7.37318517e-02
  -6.60946673e-01
  -1.02399055e-02
   6.53701233e-01
   1.92816776e-01
  -1.76624725e+00
  -3.03126894e-01
   2.13149640e+00
  -1.66735773e-01
   4.95072268e-01
  -3.59986804e-01
  -2.21942028e+00
   1.04840640e+00
  -7.17448798e-01
   1.57759206e+00
  -2.77852526e-01
   1.97373717e-01
  -1.24259767e+00
   1.61375041e+00
   8.11906955e-01
  -4.30228134e-01
   1.07206245e+00
  -4.72015214e-01
   9.44537691e-02
   4.19813888e-02
  -1.26111106e+00
   6.38056268e-01
   3.29953980e-02
  -2.13466792e-01
  -7.60170523e-01
   1.12447156e+00
   1.71856743e+00
   1.34409727e+00
   1.90655333e+00
   6.20372552e-01
  -1.25988963e-01
   2.90250716e+00
  -4.64794515e-01
   4.71617651e-01
  -1.72754353e-01
   8.56171611e-01
  -1.30847617e+00
   6.17988881e-01
   8.71906308e-02
  -1.53261584e+00
   2.09382587e+00
   2.15929869e+00
  -2.74847645e+00
   2.26688365e-01
   8.93615995e-01
  -1.54867015e+00
   4.33860770e-01
   9.56907984e-01
   1.70555066e+00
  -2.05002957e-01
  -2.53407230e-02
   1.22245407e+00
   1.40355651e+00
  -8.54447805e-01
  -5.01929435e-01
   2.78403836e-01
  -1.00429152e+00
   1.63131457e+00
   1.11403542e+00
   7.22744281e-02
  -1.48136124e+00
   1.57223855e+00
   7.41576050e-03
  -5.33304737e-01
  -8.65777295e-01
  -2.46090872e-01
  -5.36190497e-01
   1.24377598e+00
   9.20453298e-01
  -2.23933885e-01
  -5.51125879e-01
  -5.00699627e-01
  -8.68741705e-01
   6.87693354e-01
   1.43113320e+00
   4.18449414e-01
   3.04844514e-01
   1.17690782e-01
  -1.09213400e+00
  -1.04985887e+00
   2.47308436e+00
  -2.07158463e-01
   3.21178329e-01
   1.27250096e+00
   1.32457983e+00
   1.24755029e+00
  -5.88785553e-01
   1.40065361e+00
  -1.03142380e+00
   1.42551176e+00
  -2.26698945e+00
  -5.22054486e-01
   3.31400781e-01
   8.46636622e-01
   1.26380149e+00
  -1.56847566e+00
   8.29888270e-01
   9.34031511e-01
   9.35377652e-01
   5.00252100e-01
  -1.17148080e+00
   1.85298973e+00
  -5.75279527e-01
  -4.10007256e-01
   8.00361970e-01
  -4.29967615e-01
  -1.44148426e+00
  -3.14908566e-01
   7.09932881e-01
   5.85804855e-01
   7.09181728e-01
   1.73789470e+00
  -1.56166816e+00
  -1.15072206e+00
  -5.96369373e-01
   3.06306343e-01
   2.01367785e-01
  -3.90350984e-01
  -1.71904718e-01
  -6.07822004e-02
   8.04987307e-01
  -6.70620239e-01
  -2.84461403e-01
   3.08688550e-01
   4.17148439e-01
  -2.55499881e-01
   3.59009503e-01
  -1.25556956e+00
   3.30367041e-02
   2.06960803e-02
  -5.44105095e-01
   3.39296259e-01
   1.09877119e+00
  -3.26205040e-02
  -5.67544769e-01
  -2.38833606e+00
  -3.16084832e-01
   4.62188808e-01
  -1.98401364e+00
   6.62669784e-01
   1.07760021e+00
   1.32390469e+00
   1.84333847e+00
   1.03203099e+00
  -2.27031539e-01
   4.51572307e-01
  -2.03396358e+00
  -5.18354655e-01
   9.29487054e-01
   2.00860879e-01
   4.27704558e-01
   1.59969860e+00
  -5.30743793e-01
   1.07954784e+00
  -6.89353296e-01
   2.20752184e+00
  -2.64604863e-01
   5.60812389e-01
   1.01060169e+00
  -2.60195132e-01
  -9.78908260e-01
  -1.65659280e+00
   1.03347275e+00
   9.78894454e-01
   6.87901256e-01
   8.01107331e-01
   6.48783863e-01
  -5.23407415e-01
  -6.18384085e-01
   1.52879560e+00
  -6.23544441e-02
   2.23084342e-01
   1.34283954e+00
   3.22934162e-02
  -1.02913941e-01
  -8.58342141e-01
  -8.16057599e-01
  -5.90339830e-01
  -1.73782393e-01
   9.67891102e-01
  -1.04077241e+00
  -1.36431104e+00
   2.82062442e-01
   1.30244366e+00
   5.68935105e-01
  -8.29340799e-01
  -8.25789303e-01
   1.73701026e+00
  -2.08803865e-01
   1.75190601e+00
   3.22686829e-01
   1.68887698e+00
   1.32833618e-01
   3.90170378e-01
  -4.28661334e-01
  -1.03329452e+00
   5.33896931e-01
  -5.97320409e-02
  -8.20917091e-01
   2.30748887e+00
   4.22119202e-01
   7.63582332e-01
   6.58161150e-01
   9.69022123e-01
  -2.09627270e+00
  -5.04873201e-02
   1.89110178e-03
   1.55227693e-02
   2.63683584e-01
   1.82578829e+00
  -2.93366528e-01
   1.88628776e-01
  -1.47743430e+00
   1.87762093e+00
  -1.28266042e+00
   2.21215275e-01
  -7.81305213e-01
  -1.07955256e+00
  -1.74091871e-01
   8.38160138e-02
   9.46242023e-01
  -2.16564093e+00
  -1.24815224e+00
   1.54112633e+00
   9.82772684e-01
  -1.30413501e+00
  -2.63070142e+00
  -2.38111548e+00
  -4.30742695e-01
  -3.22639017e-01
  -6.46083966e-01
  -9.93390471e-01
  -1.14329858e+00
   1.85018411e+00
   7.34571187e-01
   9.78506115e-01
  -7.98906258e-01
   3.74071683e-01
   1.84448455e-01
  -1.11640983e+00
   1.62422737e+00
   1.49516028e+00
  -2.30764414e+00
  -8.60829340e-01
  -7.69655689e-01
   1.84861493e-01
  -8.87338628e-01
  -1.62265597e+00
   1.84070573e+00
   2.16695445e+00
  -1.25887732e-01
   3.48288325e-01
   4.99723032e-01
  -2.96606974e-01
  -2.41242146e-01
   5.17576605e-01
  -5.56818611e-01
   1.67285073e-01
  -2.93979263e-01
  -1.62734013e+00
   1.46196863e+00
   1.32867803e+00
  -6.77536560e-01
  -4.26190428e-01
  -8.93717606e-01
  -7.39588170e-01
  -4.57056060e-01
  -1.66276028e-01
  -1.66107260e+00
   9.46611890e-02
  -1.58696106e+00
   4.35075278e-01
  -5.94619062e-01
   1.16605198e+00
   2.44310392e-01
  -1.03377501e+00
   6.75087127e-01
   4.25820420e-01
  -6.79501001e-01
  -5.86336874e-01
   6.53007444e-01
   9.48028577e-01
  -1.84844730e+00
   5.12611069e-01
   5.89709644e-01
   1.23273597e-01
   2.48264688e-01
   2.70606114e-01
  -3.83713396e-01
  -1.95098223e+00
  -4.84468794e-01
  -1.87704544e+00
  -6.28308683e-01
  -3.05088297e-01
   1.64984141e-01
   8.25605156e-01
   3.56246064e-01
  -8.50316708e-01
  -1.33489715e+00
   1.29335078e+00
   9.74489625e-01
  -9.50221087e-01
  -4.82356984e-01
  -1.48108014e-01
   9.48814255e-01
   6.25990285e-01
   2.65142239e-01
  -7.08971570e-01
   4.54379551e-01
   1.61479640e+00
   5.84066736e-01
   2.10880247e-01
  -3.05763411e-03
   6.44684272e-01
  -4.66738668e-01
  -9.37661381e-01
   5.51116558e-01
  -1.16428405e+00
   1.55676074e+00
  -1.03215601e+00
   2.40634880e-01
   3.70520980e-01
   3.53781727e-01
   1.27308940e+00
   7.54096162e-01
   8.36071532e-01
   2.03731706e-01
  -2.72724489e-01
   2.32963358e+00
  -2.19772717e-01
   7.65194153e-01
  -3.01081788e-01
  -5.18935163e-01
   1.68917867e+00
   1.15078722e+00
  -7.89762043e-01
   2.30482743e+00
  -6.80768237e-01
   1.83267257e-01
  -1.22003856e+00
   1.34593948e+00
  -1.85242159e+00
   4.24519420e-01
  -7.86964781e-01
  -6.95509834e-01
   7.60172877e-01
  -5.24842776e-01
   2.72060650e-01
  -1.23315723e+00
   4.25839569e-01
   6.21581042e-01
  -5.20177621e-01
  -3.58139194e-01
   1.57588754e+00
  -4.91620594e-01
   1.03438978e+00
   3.04190947e-01
  -7.26662543e-01
  -3.42392662e-01
   1.74431254e+00
   1.52786450e-01
  -1.52273065e+00
  -4.51154341e-01
   8.18539344e-01
  -8.64193315e-02
   1.92610993e+00
   9.51611100e-01
   4.13367303e-01
  -1.88990463e+00
   8.54524912e-01
  -1.39719415e+00
   5.77647410e-01
   1.58885118e-01
   1.21478129e+00
  -8.62419592e-03
  -1.50263548e+00
   1.04377740e+00
  -2.49356429e-01
   6.98300780e-01
   1.10046373e-01
  -1.16935232e-01
   1.54126461e+00
   2.90006296e-01
  -1.72683610e-01
  -1.00914376e-01
  -1.07079577e+00
  -9.30244946e-02
   1.32701114e+00
  -2.13170082e-01
  -6.62040961e-02
   1.36613871e+00
   2.29195669e+00
  -2.20711662e-01
   1.75238320e+00
   1.65431930e-01
   6.47128569e-01
  -6.66241519e-01
   1.70890602e+00
   1.56700856e+00
  -1.27352299e+00
  -3.45101642e-01
   3.12111245e+00
   1.95260446e+00
  -2.32822642e-02
  -7.16291585e-01
   1.82912264e+00
   8.73698279e-02
   9.62751893e-02
  -5.67849966e-01
   1.35352150e+00
   1.15941703e+00
   7.34435797e-02
   1.19866916e+00
  -5.86623144e-01
  -2.02561494e-01
  -7.59848504e-01
   2.48226903e-01
   3.71029507e-01
   6.23103795e-01
   7.42162926e-01
  -3.24751086e-01
  -7.01044887e-01
  -2.44789230e+00
  -1.15144972e+00
  -1.17937102e+00
  -1.31891036e+00
  -5.01461052e-01
   3.73849712e-01
   1.50821581e+00
   6.47234569e-01
  -5.47063673e-02
  -8.59656275e-01
   2.00164227e-01
   2.22121180e-01
  -8.66059649e-05
   1.01132239e+00
   2.71384664e+00
   9.32521758e-01
   8.94912221e-02
  -1.12672020e-01
  -1.45197295e+00
   7.64435012e-01
   5.76541465e-01
  -5.64847395e-01
  -6.38494871e-01
  -1.05993733e+00
   5.18589977e-01
   5.30636041e-01
   5.74715594e-01
   6.83584470e-01
   1.68520319e-01
   7.62401267e-01
   8.37409235e-01
  -1.08428082e+00
   6.24060199e-01
  -6.67802530e-01
  -3.07084349e-01
  -1.59179352e+00
  -3.89120417e-01
   9.05727844e-01
  -1.06675445e+00
   1.22847286e+00
   3.51513984e-01
   2.66289627e-01
  -1.02250855e+00
   1.60929259e-01
  -1.74075471e-01
   9.62791914e-01
  -3.71726674e-02
   1.47122771e+00
  -1.38015230e+00
   8.81618617e-01
   1.24922426e+00
  -5.11865210e-01
   9.94196058e-01
   9.25714819e-01
   1.10339191e-01
  -1.15421903e+00
   3.28082720e-01
   2.05163335e-01
   6.56820787e-01
  -1.43772502e+00
   1.96260473e+00
  -8.11124337e-02
  -8.89438960e-01
  -2.40918643e-01
   3.56812099e-02
   8.73240540e-01
   1.36509988e+00
  -1.79856646e+00
  -5.52643978e-01
   1.07840523e+00
   1.67245069e+00
   8.58972803e-01
   1.27985229e+00
   1.94673123e-04
  -1.04728522e+00
  -2.66850829e-01
   1.00027759e+00
  -7.63690937e-01
  -6.84808283e-02
   1.17644565e+00
   1.77539437e+00
  -9.13880970e-01
  -4.23159755e-01
   6.70154752e-01
   2.67340050e-01
  -3.61946912e-01
  -3.39816547e-01
  -1.48617244e-01
   1.20992528e+00
  -5.30196557e-01
   3.04317438e-01
   1.66414653e+00
   6.50131575e-01
  -2.50756253e-01
  -9.30475524e-01
  -1.25814777e+00
   2.56450007e-01
  -2.60332161e-01
   1.59247721e+00
   2.52478958e-01
   5.90404200e-01
   1.32419632e+00
   3.18534205e-01
   7.09975293e-02
  -7.34246144e-02
   2.71903522e-01
  -7.25817375e-01
   6.82841983e-01
   1.08560185e+00
   1.85247914e-01
   1.47422176e-01
   1.75216624e+00
  -7.62023381e-01
   6.20067099e-01
   9.30632235e-01
   2.44152974e-01
   7.77463483e-01
   1.50939154e+00
  -6.05199973e-01
  -4.14180594e-01
   8.18030972e-01
  -4.87223326e-01
  -7.32893373e-01
  -6.55935187e-01
  -1.15085448e+00
  -2.94992049e-01
   4.31087648e-01
  -8.47350884e-01
   1.64869117e+00
  -4.46548426e-01
   1.84593835e+00
  -7.20058468e-01
  -8.42378204e-02
  -6.02641110e-01
  -1.94297037e+00
  -1.30967748e-01
  -4.83184758e-01
   9.65130850e-01
  -1.09520245e+00
  -8.26255732e-01
   1.84049726e+00
   2.28521694e-01
   5.41000447e-01
   1.42150478e+00
  -9.09629418e-01
  -2.71705320e-01
  -3.31921744e-01
  -2.48434399e-01
  -2.31862130e-01
   8.80845796e-01
   9.23356540e-01
  -4.00147303e-01
   9.96606434e-01
  -2.68778527e-01
   7.31529843e-01
  -4.26966612e-01
   1.13369829e+00
  -5.46271401e-01
   5.78533459e-01
  -1.75625164e-01
  -2.63676505e-01
   1.01023506e+00
   9.35091263e-01
  -6.68556069e-01
  -7.73914399e-01
   2.38145228e-01
  -1.59639076e-01
   9.12047621e-01
   1.15692722e+00
  -2.27461634e+00
  -1.62829188e-01
   6.08328233e-01
  -5.00871616e-01
  -3.04237826e-02
  -1.55517396e+00
   1.88440611e+00
  -4.19881088e-01
   5.34166656e-01
  -1.45152196e+00
  -1.54102425e+00
  -1.12292531e+00
   8.35199246e-01
  -4.16554918e-02
   6.96620034e-01
   1.37285294e+00
  -5.73180545e-01
   6.68201006e-01
   7.54748153e-01
   1.07994873e+00
   2.33834544e-01
   9.77209045e-01
  -1.04695281e+00
  -1.08735458e+00
  -1.34099443e+00
  -4.51017703e-01
   7.29926078e-01
   2.20260482e-01
  -1.51069311e+00
  -1.21036220e+00
  -7.26300697e-01
  -6.57700902e-01
  -1.87496313e-01
   1.76759882e+00
  -1.94527375e+00
   1.37994051e+00
   5.79577138e-01
   1.20399927e-01
  -9.00059197e-01
  -3.55638009e-02
  -7.55887243e-01
   1.34662494e+00
   3.54633411e-01
   1.10124325e+00
  -6.62402228e-02
  -6.98626636e-01
   5.42360490e-01
   4.82515003e-01
   1.15705604e+00
  -1.51484980e+00
  -7.23348940e-01
   5.98761885e-01
   6.10623628e-01
   4.45735998e-01
  -2.41818870e-01
  -7.66543173e-01
   5.94808889e-02
   1.29650835e-01
  -1.36746933e+00
   2.96532263e-02
   5.00789897e-01
   1.54234296e-01
   1.46884563e+00
   2.33585710e+00
   6.10539298e-01
  -4.50913895e-01
   8.13329565e-01
   1.26389705e+00
  -5.20195001e-01
  -1.69128920e-01
   6.92388378e-01
   1.93043269e+00
  -4.80043031e-01
  -9.35620747e-01
  -1.27996681e-01
   8.86994859e-01
   1.54560215e+00
  -2.52440431e-01
   7.75464455e-02
  -1.46089618e+00
   8.50085308e-01
  -4.99397731e-01
  -8.55944590e-02
  -1.50061047e+00
   3.42570241e-01
  -1.06544920e-01
  -8.08948204e-01
   8.68155265e-01
   4.68462054e-01
   2.03442106e+00
   8.68359295e-01
  -8.98311846e-01
  -1.50103945e+00
  -1.71257266e+00
   2.07563653e+00
   1.09582234e+00
  -1.85109878e+00
   1.64274800e+00
   5.44824147e-01
  -3.53962561e-02
   7.03097352e-01
  -2.55547472e-01
  -6.96659358e-01
   1.18577810e+00
   8.04565655e-01
   1.89953197e+00
  -5.17109505e-02
   7.03287557e-01
   3.61512557e-01
  -1.17265847e+00
   1.90288619e+00
  -2.82253031e-01
  -1.13932420e+00
   1.80735725e+00
  -5.68487365e-02
   7.10634450e-02
  -1.32341456e-01
   2.85359626e-01
  -7.40606841e-01
   1.39382564e-02
   1.29676716e+00
   2.01578627e-01
  -9.36071478e-01
  -4.38350043e-01
   1.50040523e+00
   7.54761219e-01
  -2.87686707e-01
   1.96488295e+00
  -3.87127329e-01
   6.11061040e-01
   5.04002605e-01
  -2.41843176e+00
   1.42883161e+00
  -6.02273088e-02
   3.43682564e-02
   5.31502835e-01
  -4.89234012e-01
   3.11810002e-02
  -6.24157983e-01
   2.59898084e+00
   1.45929078e-01
  -1.63004060e+00
   8.53148764e-01
   1.64890498e+00
   1.12486693e+00
  -3.93828772e-01
  -1.17066442e+00
  -9.76286534e-01
   4.49064105e-01
  -1.60154794e+00
  -9.38958971e-01
  -2.42080317e-01
  -1.10814401e+00
  -5.90125787e-01
  -1.38632743e+00
  -3.01788402e-01
  -5.96669735e-01
   1.44961514e+00
   1.96528885e-01
  -7.76231857e-01
  -1.24370544e+00
   5.95838959e-01
   9.11350613e-02
   6.07490804e-01
  -6.26739529e-01
   4.17119491e-01
  -8.15203062e-01
  -3.89647397e-01
  -2.87059494e-01
   9.79035288e-01
   2.16191022e-01
  -7.97900392e-01
   9.09115998e-01
  -1.16057772e+00
   9.74521208e-01
  -8.90820145e-01
  -5.95242675e-01
  -1.26568339e+00
  -1.51652916e+00
   1.55376101e-01
   2.08955082e-01
   2.56070242e-01
   4.76212156e-01
  -2.55744965e+00
   3.93633294e-01
   9.05008896e-01
   1.35561690e-02
  -3.43283471e-01
