 -9.52924566e-01
 -1.85492441e-01
 -4.65051198e-01
 -3.80341609e-01
  1.50757292e+00
 -1.09552830e+00
 -2.22001753e+00
  2.19978709e+00
  1.67326380e-01
 -5.93276005e-02
  9.69901160e-01
 -6.25614441e-01
 -1.24003907e+00
 -2.32581558e-01
 -1.35651483e+00
  2.83557741e+00
  5.78915231e-01
 -1.13221759e-02
 -2.58918096e-01
 -2.18932705e-01
  9.24758176e-01
 -5.14182788e-01
  2.72801847e-01
 -1.00192619e+00
 -9.83506264e-01
 -6.82034383e-01
  7.38531030e-01
 -2.28264829e+00
  3.65926097e-01
  5.43275474e-01
  1.67802538e+00
  1.91565567e+00
  1.02601154e-01
 -5.33578953e-01
 -1.65682971e-01
 -1.26422563e+00
  8.62931581e-02
 -5.51113087e-01
 -1.02853859e+00
  2.55539021e-01
 -2.52583033e-01
 -6.33275755e-01
  2.89415137e-01
 -1.23056401e+00
 -4.43963938e-02
  4.04458340e-01
  8.16824197e-01
 -1.29045521e+00
 -8.03712600e-01
 -2.50659304e+00
  4.08693318e-01
 -1.70745231e+00
  1.34441486e+00
  7.54460763e-04
 -8.17323499e-01
 -1.82626796e-01
  4.85261794e-01
 -1.11255250e+00
 -4.29583260e-01
 -9.49108344e-01
  6.82992942e-01
 -5.39921326e-01
 -7.94661753e-01
 -3.18033903e-01
 -2.23059865e+00
 -1.23615035e-01
  2.22019599e+00
 -7.95992119e-01
  1.06708381e+00
 -1.03958406e+00
  1.05949881e+00
  2.50583018e-01
  3.27770115e-01
  1.92933735e+00
 -1.93156368e-01
  7.94389123e-01
 -7.76648556e-01
  1.26374795e+00
 -4.34763685e-01
  2.76114173e-02
  7.34376245e-01
 -1.07781078e+00
 -9.22982017e-02
  1.24983522e+00
  5.32937337e-01
 -4.11821172e-01
 -2.11151737e-01
  1.81225897e-01
  2.70676482e+00
  1.26623189e-01
  7.08404178e-01
 -1.14926119e+00
 -5.58980844e-01
  2.42674428e-01
  2.87137220e-01
  8.27411879e-01
  1.50626131e+00
 -4.19036499e-01
 -4.49568101e-01
  1.66977355e+00
 -4.40807773e-01
  7.28500559e-01
 -2.52320018e-01
  2.66917555e-01
  1.36280084e+00
  8.51705047e-01
 -3.65292279e-01
  1.11392490e+00
  2.99953546e-01
  4.05655014e-01
  1.92732718e+00
 -3.26475463e-01
 -2.71905745e-01
 -1.06729628e+00
  6.59233021e-01
  6.36839452e-01
  1.55193178e+00
  9.88457805e-01
  6.32039240e-02
  2.36857021e-01
  1.92972896e-01
  1.11147937e+00
  1.09531030e+00
  1.99300112e-02
  8.96882597e-01
  3.19077144e+00
  4.42739587e-01
 -1.70603453e-01
 -1.36590725e+00
  3.98304307e-01
  3.87938223e-01
 -4.89791494e-01
 -1.05072644e+00
  7.74545506e-01
 -5.71389478e-01
 -1.20056044e+00
 -1.54699462e+00
  1.33884994e+00
  2.09344859e-01
 -3.05521669e-01
 -5.55905888e-02
 -2.33815361e-01
  4.25834321e-01
  2.89162030e-01
 -1.58170168e-01
 -3.17332589e-01
 -1.46217866e+00
 -2.13378143e+00
 -1.09803333e+00
 -8.30671282e-01
  1.05758619e+00
 -8.56945002e-01
  1.41807831e+00
 -1.50103035e+00
  1.83422775e+00
  1.86108874e-01
  1.00046713e+00
  1.15304453e+00
 -2.96465223e-01
 -1.39310792e+00
 -8.20195999e-01
 -3.46728730e-01
  1.26163207e+00
  1.07024017e+00
  2.41089424e-01
  1.90822627e+00
  2.46034040e-01
 -1.83014940e-01
  1.42636105e-01
 -9.91583528e-01
 -5.69741332e-01
 -8.23702289e-01
 -4.75000538e-01
 -3.03343457e-01
 -6.78193341e-01
 -1.21311887e-01
  5.87376326e-01
 -2.06273287e+00
 -5.62221449e-01
  3.62304255e-01
  1.36682581e+00
 -1.22978254e+00
 -4.45151911e-01
 -1.25617855e-01
 -2.42857825e-01
  1.98197922e-01
  3.88118872e-01
 -1.45533550e+00
 -7.72839732e-01
 -6.19621927e-01
 -1.19273243e+00
  9.42308868e-01
  2.58016034e-01
 -3.61961592e-01
 -1.67613541e-01
  1.42938206e+00
  1.21824692e+00
 -1.63273654e-01
  1.00877627e-01
  7.79683387e-01
  1.20092129e+00
  4.78758851e-02
  1.95234087e-01
 -1.37074983e-01
 -7.19370045e-02
 -8.08887622e-01
 -5.62940560e-01
  1.68065882e+00
  3.73302792e-01
  1.49492987e-01
  2.30845249e+00
  8.04929003e-02
  8.38086423e-01
  8.48520383e-01
 -2.10239450e+00
  1.49499873e-02
  1.47062343e+00
 -1.44528004e+00
 -2.35821679e-01
  6.08328208e-01
  5.09467562e-01
 -1.86451398e+00
 -3.92970122e-01
  9.05158246e-01
 -6.75597574e-01
 -7.59791030e-02
  1.32993449e+00
 -6.58393530e-01
  3.98175874e-01
 -5.29986372e-01
 -9.76984539e-01
 -4.77933770e-01
 -4.56864701e-01
  1.90335977e-01
  9.61770383e-01
 -1.22356588e+00
  8.74844035e-01
  4.79558046e-01
 -5.32842172e-02
  2.40663395e+00
  6.67706657e-01
 -1.37267118e+00
 -6.55478584e-01
  2.32787814e+00
 -2.20660831e+00
 -3.56197117e-01
  4.27088871e-01
  1.98937217e+00
  7.14162482e-01
 -5.17377037e-01
 -1.78625027e+00
  7.07366138e-01
  1.96567169e+00
 -1.23992348e+00
 -2.19138293e+00
  3.87494392e-01
  2.34394541e+00
  5.55676327e-01
  2.46154473e-01
  1.33420535e+00
 -1.51673706e+00
  7.41766743e-01
 -1.40246805e+00
  9.84925721e-01
  1.13394464e-01
  2.65242108e+00
 -1.41467905e+00
 -1.90265875e+00
 -5.08480794e-01
 -1.18804726e+00
  5.26476529e-01
  9.87721070e-01
  4.45901628e-03
  7.92255026e-01
  8.68851974e-01
 -4.26309881e-02
  9.58566411e-02
  1.91938727e+00
  1.18268071e+00
  3.55377514e-01
  1.21651963e+00
 -1.25758041e+00
 -9.16602001e-01
  1.10244359e-01
  5.13564919e-01
 -2.66898833e-01
 -3.14664643e-01
 -1.44244456e+00
 -1.33189750e+00
 -6.36057808e-01
  1.29325701e+00
  3.38999501e-02
 -1.28862720e+00
  1.81809196e-01
  9.95446561e-01
  3.33125044e-01
  3.26851591e-01
 -1.80786920e-01
  2.71209760e-01
 -9.98541943e-01
  2.16727032e-01
  7.89501699e-01
  3.13987522e-01
  9.71021211e-01
  4.36330232e-01
 -7.97586156e-02
  1.16202646e-02
  4.52018838e-02
  1.22164700e+00
  2.08179994e+00
  1.17682495e+00
  9.79628137e-01
  9.62505839e-01
  6.57545763e-01
 -4.94141817e-02
  1.04410724e+00
  9.61184098e-01
  1.35143994e+00
 -3.05830950e-01
  4.99314920e-01
 -3.23091655e-01
 -1.58349912e+00
 -8.85912344e-01
  1.91479744e+00
 -5.42230861e-01
  9.04251688e-01
 -4.84365098e-01
 -1.46071810e+00
 -9.12214364e-01
  4.92962913e-01
  1.27057788e+00
 -1.59571099e+00
 -1.29230344e+00
 -1.97679656e+00
 -7.95702915e-01
 -7.76765536e-01
 -3.37790196e-01
 -1.57774636e-01
  3.46240733e-01
 -1.03619411e+00
 -1.23580741e-01
  2.02179021e-01
  1.47748494e+00
 -1.14356581e+00
  5.86308643e-01
  3.69401866e-02
 -9.18276505e-01
  6.16411331e-01
  1.00969894e+00
  2.97824688e-01
  5.99239291e-01
  3.59820498e-01
 -5.16125707e-02
  6.89617893e-01
  2.03958261e-01
  1.43025278e+00
 -2.60728776e-01
 -5.47230687e-02
 -1.95361873e+00
 -1.09629859e+00
 -5.65039414e-01
 -2.25909147e+00
  1.42451948e-02
 -5.83117366e-01
  5.80207396e-01
  9.11924949e-01
 -2.71627494e-01
 -2.47975648e-01
 -1.18538952e-01
 -6.74263940e-01
 -1.14450584e+00
  5.58473749e-01
  1.56175095e+00
  1.46312303e+00
  1.19359086e+00
  1.24118681e+00
 -4.32668510e-01
 -1.94215066e+00
  8.71988930e-01
 -2.47219613e-01
 -3.14219301e-01
  1.73543419e+00
  1.45069653e+00
  4.00957687e-02
  2.50801246e+00
  7.48160986e-01
  2.19351663e+00
 -1.49953883e-01
  1.01180738e+00
 -4.06521323e-01
 -1.35357677e+00
  1.58505124e-01
  2.01905840e+00
  8.97969296e-01
 -1.46541921e+00
  1.27670181e+00
 -4.37800064e-01
  6.87010328e-01
  4.57068321e-01
 -5.05156995e-01
  3.92063435e-01
  2.02071396e+00
 -7.02791755e-03
  2.67376364e+00
 -4.38386628e-01
  1.90639724e+00
  1.36943035e+00
 -8.31796273e-02
  4.84704355e-01
  3.99503915e-02
  1.32113302e-01
  6.05294733e-01
 -8.56309282e-01
  1.14234514e+00
 -9.59587098e-01
 -7.63374714e-01
  1.31827759e+00
 -1.07338624e+00
  4.53353775e-01
 -9.77380657e-01
  6.04290510e-01
  9.57770830e-01
 -1.26180066e+00
  1.98605947e+00
 -1.35776621e-01
  7.60716199e-02
  1.26802211e+00
  8.37001005e-01
  3.56507635e-01
 -1.82525730e+00
  1.78373688e+00
  9.56573901e-01
  7.69543515e-01
 -2.15782981e+00
 -1.24549555e-01
  7.09307273e-01
  9.31636256e-01
  1.83622382e-01
 -2.90943525e-01
 -1.22723800e+00
 -2.10434792e-02
  1.13986485e+00
 -1.12404396e+00
  1.04730602e-01
  5.22802389e-01
 -1.53058723e+00
 -1.87415736e-01
 -3.49246236e-01
  1.36544510e+00
  1.63457904e+00
  8.99183073e-01
  1.01415715e+00
 -1.27179982e-01
 -2.22095605e-01
 -4.05856765e-01
 -1.46371545e-01
 -6.60208224e-02
 -7.14741036e-01
  1.06013594e+00
  7.66948007e-01
 -1.93272517e+00
  1.11396782e-01
 -1.63730789e-01
  7.10929265e-01
 -6.27093985e-01
 -9.69652659e-01
 -1.90471099e+00
 -1.07058026e+00
 -7.32154792e-01
  1.22984897e+00
 -1.13308553e+00
  1.68491737e+00
  1.04464273e+00
  5.10201747e-01
  1.32542598e+00
 -1.27227530e+00
  5.36485945e-01
 -3.54176129e-02
  1.65970352e+00
  7.55081809e-01
  9.88292991e-01
  7.00294954e-02
 -1.51029158e-01
  1.46037257e-01
  3.66952910e-01
  9.58810165e-01
  4.62510358e-01
 -6.44273077e-01
  3.77063483e-01
  5.84891369e-01
 -5.09825238e-01
  1.60407081e+00
  1.09924800e-01
  1.36958771e+00
  3.07189801e-01
  3.84401015e-02
  2.10816626e+00
 -1.92211981e+00
 -6.14401168e-01
  9.10627486e-01
 -6.31043993e-02
 -6.81303619e-01
 -2.12511716e+00
 -7.69811024e-01
 -6.82836364e-01
 -9.33666632e-01
 -5.99283767e-02
 -2.13426020e-01
 -1.36835513e+00
  1.88731286e-01
  2.40651356e-01
 -5.86675979e-01
  1.43750443e+00
 -6.94817710e-01
  5.30119410e-01
  2.60047741e-02
 -8.79587326e-01
 -1.06404204e+00
 -1.10172059e+00
  8.24834053e-01
  1.67081483e+00
 -5.81875327e-01
  6.64055004e-01
  1.17261449e-01
  2.00154689e+00
 -3.14903117e-01
 -1.25622381e-01
 -5.29713028e-01
 -5.88754884e-02
  1.25246969e+00
 -3.95633927e-01
 -2.58091980e-01
 -2.67861491e+00
  1.01735391e-01
 -1.13214638e+00
 -9.67823717e-01
  4.15644915e-01
 -2.86014307e+00
 -1.24446661e+00
 -1.59142495e+00
 -1.22410234e+00
 -5.65439874e-02
 -2.33716784e-01
 -3.16597046e+00
  3.75116917e-01
 -9.43497246e-01
  6.15964009e-02
 -1.06522139e+00
 -8.64051057e-01
 -6.59918772e-01
 -1.33918493e+00
  1.12098839e+00
  1.58052340e-02
 -1.26116642e+00
  6.47570452e-01
 -1.74954093e+00
  5.49305570e-01
  8.65690284e-01
 -2.29401213e-02
  1.93316553e+00
 -6.45846614e-01
  1.25485202e+00
 -5.36893881e-01
  2.42937250e-01
  1.06519015e+00
  2.28962337e-01
 -1.22649731e+00
  4.92908839e-01
  3.96531405e-01
 -2.07593943e+00
  1.23344469e+00
  3.13922624e-01
  1.13443223e+00
 -1.83757338e+00
 -4.82110417e-02
 -9.89362198e-01
 -4.05511056e-01
 -2.03604299e+00
  1.91644445e+00
  7.63726434e-01
  5.54396557e-01
  8.06221441e-01
  1.30235341e+00
 -1.53988186e+00
 -5.16992249e-01
 -9.82692486e-02
 -1.16097371e+00
  3.53508697e-01
  2.43041868e+00
 -9.76487510e-02
 -2.79314554e-01
 -6.13671721e-01
  1.17812626e+00
  3.53466611e-02
  5.42749746e-01
 -9.39950241e-01
  7.13882556e-01
  8.99754285e-01
  6.85767333e-01
 -5.32722246e-01
 -1.96318810e-01
 -1.59526292e-01
  1.35068189e-01
 -1.12403016e+00
  6.58935766e-01
 -2.61354461e-01
 -4.54311367e-02
 -1.66740440e+00
  1.32444494e-01
 -3.27432844e-01
 -7.38041540e-01
 -1.59368417e+00
 -6.87946137e-01
  1.12238938e+00
 -3.77476201e-01
 -7.32458894e-01
  8.26112249e-01
 -2.49981137e+00
  1.69758298e+00
  3.52785350e-01
  2.73086259e+00
 -4.72903728e-01
  1.45473294e+00
 -1.22660911e+00
  1.00800630e+00
  1.96223502e+00
 -1.08711052e+00
  8.69098232e-01
 -2.69994218e-01
 -1.92818631e+00
  8.72360722e-02
 -3.93560438e-01
  1.12010280e+00
  1.91219880e-01
  1.63466274e+00
  1.94246928e+00
 -1.16202178e+00
  1.06226104e+00
  1.66782232e+00
 -6.03769458e-01
 -7.62695181e-01
 -4.61932599e-01
  9.03637114e-01
 -4.63399905e-01
 -3.40004198e-01
  9.46527164e-01
 -1.39465600e+00
  6.89180289e-02
  2.81390489e+00
 -2.44354800e+00
 -1.91797981e-01
  1.42236127e+00
  2.57468130e-01
  4.72839491e-01
  2.92882575e+00
 -1.36598255e+00
  8.09806798e-01
  1.60583306e-01
  1.44366670e+00
 -6.80610135e-01
  9.79544660e-01
 -4.84129539e-01
 -2.07874321e-01
 -7.14316664e-01
  2.26488883e+00
  1.42926047e-01
 -1.50902965e+00
 -7.50437769e-01
 -7.05646720e-01
  1.63784539e+00
 -5.56311587e-01
 -7.93904771e-01
 -1.00257777e+00
  1.19956176e+00
 -1.24043098e+00
  4.53605134e-01
  6.30815569e-01
  3.08548405e-01
 -3.55001522e-01
 -5.24308549e-01
  2.14225817e-01
 -1.67594057e+00
  1.62448813e+00
  2.29893546e-01
 -1.34768830e-01
 -1.42014457e+00
  6.77157662e-01
 -4.20389644e-01
  1.80525218e-01
 -8.92693419e-01
 -7.99647250e-01
  1.84475747e-01
 -2.08289790e+00
  1.00239271e-01
  1.29322133e+00
 -1.58596341e+00
  7.33699635e-01
  3.26674942e-01
  1.36184261e+00
  6.78634999e-01
 -2.79080422e-01
 -7.17801020e-01
 -1.72398931e-01
  2.13901876e-01
 -1.50566161e-01
  1.12632868e+00
  2.64246991e+00
 -9.92699240e-02
  2.70533167e-01
 -1.39352167e+00
 -1.05568766e+00
  3.11646010e-01
 -1.23927978e+00
  1.12110844e+00
 -5.90533881e-01
  2.67112808e-02
 -3.88998456e-01
  8.53589550e-01
  1.07701663e+00
  3.00423666e-01
 -6.95855546e-01
 -3.93992512e-01
 -1.13632834e-01
  1.73382347e-01
  7.36456709e-01
  1.40662000e+00
  5.02115888e-02
 -1.67354506e+00
 -7.05214099e-01
  1.86188668e+00
  4.63472588e-01
 -6.80275230e-02
  2.48917768e-01
  4.32213410e-01
  1.00982008e-01
  2.19919561e-01
  3.03366185e-02
  5.93026994e-01
 -4.02680986e-01
  4.00791539e-01
 -5.84973658e-02
  1.93384605e+00
 -6.07787774e-01
 -5.81767610e-01
 -8.87824796e-01
  7.67772425e-01
 -1.21972527e+00
 -4.11943171e-01
 -1.02685992e+00
  6.43820678e-01
 -9.76850319e-01
  1.41322119e+00
  2.27761417e-01
  1.74513355e+00
 -1.10022931e+00
  1.33022772e+00
 -2.19125726e-01
  5.59667922e-02
  6.51082665e-02
  8.15614988e-01
 -1.18397116e-01
  4.11767435e-01
 -1.19720567e+00
 -7.45677858e-02
  6.01062810e-01
 -2.18861578e+00
 -1.64375681e+00
 -2.70632017e-01
 -4.79262302e-01
 -3.69579754e-01
  1.35045826e+00
  6.74666563e-01
  1.12943951e+00
 -6.73386146e-01
  7.56665993e-01
 -1.47290664e-01
  1.91104064e+00
 -8.34179068e-01
  7.85463119e-01
  1.26733993e+00
 -1.14990655e+00
  1.71740653e+00
  8.31291160e-01
 -4.52344574e-01
  6.96422074e-01
 -1.17837216e+00
 -1.30371407e+00
 -6.76205647e-02
 -5.49117776e-01
  4.07007266e-01
 -2.03215983e-01
  3.93399160e-02
 -5.31520014e-01
 -1.33494408e+00
  1.77974874e+00
  2.09152850e-01
  1.52662220e-02
 -1.95250183e+00
 -3.22345039e+00
 -9.39633762e-01
  3.95867186e-01
 -7.72020895e-01
  3.56928430e-01
  4.14402699e-01
  6.06405153e-01
  5.05138816e-01
  3.85397304e-01
  7.03931464e-01
  8.05536294e-01
  6.16791049e-01
  1.65816341e-01
 -6.39953098e-01
 -4.60088352e-01
 -1.09448712e+00
 -1.05431057e-01
  1.56578095e+00
 -8.27112217e-01
 -6.97986297e-01
 -1.93760594e+00
 -9.48741744e-01
 -2.65218444e-01
  1.04592325e+00
  5.51426118e-01
  1.76657352e-01
 -2.35689138e-01
 -5.82031050e-02
  8.50253228e-01
 -1.37565565e-01
  2.55634960e+00
 -6.29815677e-01
  1.54097612e-01
  9.74949896e-01
  1.06464271e-01
 -9.57988817e-02
  2.93296516e-01
 -7.38303963e-01
  4.70833221e-01
  9.98259747e-01
  4.01015196e-01
 -6.27080858e-01
 -6.83407378e-01
 -4.27094611e-02
 -1.87414120e-01
 -1.11882804e+00
 -7.97470678e-01
  4.00959778e-01
 -1.29643181e+00
  2.63140975e+00
  1.97298432e-01
 -9.37588061e-02
  6.50789513e-01
 -4.83802066e-01
 -1.31404203e+00
  2.81469124e-01
 -5.36825732e-01
 -1.06242833e+00
  1.28666754e+00
 -6.96491830e-01
  6.10058645e-01
  2.19079424e-01
  2.65716528e-01
  7.24287756e-01
  6.56909691e-02
  1.14489950e+00
  1.17602855e+00
 -1.13170073e-01
  2.83444565e-01
 -1.57804992e-01
  2.06054151e-01
  1.11775470e+00
  2.16950418e-01
  1.50196723e+00
 -6.34349897e-01
  5.57515561e-01
 -1.27598384e+00
 -1.18260590e+00
  4.67403909e-01
  1.82796137e-01
  1.29145588e+00
  9.17702032e-02
  9.88497714e-01
  1.09632479e-01
  1.86351112e+00
 -1.42893373e-01
  1.72404265e-01
  9.59515347e-01
  1.75283654e-01
  1.17679358e+00
  4.22732642e-01
  6.33219183e-01
 -4.05647388e-01
  6.39304952e-01
  1.38107842e+00
  9.18575394e-01
 -1.39306945e+00
  1.66668397e+00
  4.96800050e-01
  5.55400897e-01
 -4.92026402e-01
  7.94692444e-01
  1.39547544e+00
  7.99981270e-01
  2.21937396e+00
  8.79385527e-01
  1.04315086e+00
 -5.75321435e-01
 -9.56821164e-01
 -1.15635165e+00
 -6.03241718e-01
 -6.02204748e-01
  9.28236393e-01
 -2.32358599e-01
  9.69530163e-01
  1.87396175e+00
 -1.19946758e+00
  1.10545536e-01
 -1.14169567e+00
  4.10522604e-01
 -1.84723988e-01
 -8.86989481e-02
  2.70052920e-01
 -2.32004188e-01
  1.31585699e+00
 -5.37168382e-01
  4.58879616e-01
  3.77954777e-01
  8.61020981e-01
 -3.52236088e-01
  8.20636948e-01
 -3.82335536e-01
 -1.78487495e+00
 -1.85985148e-01
 -6.84889865e-01
 -1.47522234e+00
  1.98224946e+00
 -8.06809224e-02
  5.04775259e-01
  6.13397452e-01
  1.53045252e-02
  1.02968387e+00
 -1.72801869e+00
 -1.69648264e+00
 -1.04738106e-01
 -1.54037551e+00
  1.09179947e+00
  1.10698864e+00
  3.98541916e-01
 -1.15959182e-01
  1.44286417e+00
 -1.53734821e+00
 -6.69287919e-02
 -2.56757608e-01
  1.66193838e-01
 -7.07307392e-01
 -1.32158431e-01
 -3.91629496e-01
 -3.10476639e-01
 -2.02979535e+00
 -9.05694882e-01
  9.57346590e-02
  5.62356999e-01
 -5.79073007e-01
 -7.14756418e-01
  6.78460906e-02
 -1.25189941e+00
  6.94734949e-01
 -2.63923087e+00
  1.11829407e+00
 -2.84830146e+00
  3.48962459e-01
  3.81322116e-01
 -5.32660316e-02
  6.64019036e-01
  3.31464954e-01
 -1.00577300e+00
  1.31899578e+00
  3.13817884e-01
  3.69480017e-01
  4.12143443e-01
  3.38464008e-01
  2.50457547e+00
  5.13428617e-01
 -8.89194623e-01
 -1.07430037e+00
 -5.22418130e-01
  5.63225369e-01
 -2.64903126e-01
 -8.14966354e-01
  2.07916613e+00
 -3.67122838e-01
  8.25137088e-03
 -7.61271018e-01
  1.51050343e+00
  6.30651838e-03
  6.17644077e-01
  7.86387414e-01
 -4.32569755e-01
 -2.45127802e-01
 -1.08669122e+00
  8.91626575e-01
  6.74946695e-01
  8.19786047e-01
 -1.19087713e+00
 -7.98663314e-01
 -1.85804138e+00
  1.01802355e+00
 -1.15802235e+00
  1.25501329e+00
 -1.53019148e+00
  2.25408936e-01
  1.02644445e+00
 -1.20616464e+00
 -3.54051861e-01
  2.21272576e+00
  1.23114003e+00
 -1.19486204e+00
 -7.35272629e-01
 -7.25633025e-01
 -1.44733035e+00
 -2.13896056e-01
 -8.55764151e-01
 -1.26471755e+00
 -1.51763386e+00
  8.80056472e-01
  1.93250037e+00
 -4.10738258e-01
  3.23832148e-01
 -1.61282379e+00
 -1.35525688e+00
  1.44512291e-01
  7.71633832e-01
  1.52449510e-01
  1.50420060e+00
 -1.16210884e+00
 -1.62836481e+00
 -1.40895702e+00
 -1.42571890e+00
 -1.78600895e+00
 -1.49591504e+00
  8.73022385e-02
 -5.97841273e-01
 -6.97502290e-01
  9.13699069e-01
  3.76518443e-01
 -4.99534363e-01
 -1.25247231e+00
 -1.85038492e+00
  1.01720555e+00
  4.37627639e-01
  1.49368996e+00
 -1.69183696e+00
  4.31817521e-01
  5.27621827e-01
 -3.70986705e-01
 -7.03137490e-01
 -9.06663707e-01
 -6.48012934e-01
 -1.57699047e-01
 -2.71081127e-01
 -1.34513915e+00
 -6.52620681e-01
  2.62222830e+00
 -2.90506318e+00
 -1.46425720e+00
  1.25458274e+00
  1.39988570e+00
  1.57723161e-01
  1.00085063e-01
  4.34973911e-01
  6.36206733e-01
 -4.20140302e-01
  1.64446731e-02
 -9.71826706e-02
 -2.09864597e-01
  3.89725159e-01
  4.60666164e-01
  9.53589015e-01
 -1.42177816e+00
 -5.25098968e-01
 -4.90786684e-01
  7.34355162e-01
 -3.63674373e-01
  1.29351183e+00
  7.39797354e-02
 -7.03798153e-01
  3.65783238e-02
 -1.00053788e+00
  1.97104622e-01
 -1.98513316e+00
 -3.66101396e-01
 -9.07785024e-01
  4.23568137e-01
  7.93806311e-01
 -1.38550196e-01
 -1.83326925e-02
 -1.63177662e+00
  3.86800556e-01
  2.52672695e-01
  4.70746248e-01
  1.50342853e+00
  8.04436273e-01
  4.44113073e-02
 -1.75566366e+00
  7.84831288e-01
 -3.77866370e-01
 -8.60541185e-01
 -3.82039084e-02
  4.51969507e-01
  1.68620216e+00
  4.96139087e-02
 -4.33375589e-01
 -5.32963434e-02
 -1.51149577e+00
  1.24265212e+00
 -1.91403954e-01
 -1.06098490e+00
 -3.97813500e-01
  1.22004862e+00
 -1.21596107e+00
 -2.64256917e-01
  1.43698531e+00
  2.48623365e+00
  1.42770971e-01
  1.50761402e+00
  8.87813507e-01
  4.43010322e-01
  1.00721014e+00
 -3.95285984e-02
 -5.69743661e-01
 -1.53672587e+00
 -1.81427122e+00
 -1.38216950e+00
 -4.62376962e-01
  7.47530287e-01
  9.58377064e-01
 -1.67256021e+00
  6.40205350e-01
  2.26454273e+00
 -1.14819463e+00
 -1.08155603e+00
  2.44859692e-01
 -4.08090453e-01
  1.31809276e-01
 -2.13698391e-01
  2.17025888e-01
 -1.81406748e+00
  1.00968671e-01
  1.25935551e+00
 -1.28527849e+00
 -1.11934955e+00
  2.61968720e-01
  7.89192766e-01
  2.11578084e+00
 -1.97767959e+00
 -4.53130444e-01
  1.00975861e+00
  2.66551688e-01
  2.97156332e-01
 -5.55289525e-01
 -5.75258180e-01
  6.20997473e-01
  1.02058014e+00
 -9.12423797e-01
 -8.17552479e-01
 -6.13703328e-01
  7.24532339e-01
  9.43414175e-01
 -4.32208099e-02
 -3.82427900e-01
  1.20428603e+00
 -1.12911448e-01
  3.69744337e-01
  3.51846954e-01
  1.11250849e+00
 -1.06059513e+00
 -1.17627008e+00
 -4.67092609e-01
  1.25367261e+00
  7.75108799e-01
 -4.37910642e-02
 -2.02898436e+00
  1.60209302e+00
  2.05950668e-01
  2.44858468e+00
  3.64761645e-01
  2.60676944e+00
  7.43539949e-01
 -5.61226819e-01
 -5.31668684e-01
 -6.54968226e-01
  1.12549661e+00
 -1.04385899e+00
  5.12818502e-01
 -1.37627775e+00
  5.47710524e-01
  3.88863664e-01
  7.25687723e-01
  1.72585658e+00
 -3.20027424e-01
  1.11314815e+00
 -1.94015379e-01
  4.84814357e-01
  1.97452892e-02
  8.11628010e-01
 -8.02892114e-01
 -6.51285992e-01
  1.37231716e+00
  9.69992791e-01
 -1.08399614e-01
 -2.94462590e-01
  2.00166779e-01
  3.77571986e-01
  2.09800934e-01
  1.07552298e+00
  9.07620157e-01
 -8.53625620e-01
  9.37376867e-01
  9.21370221e-01
 -4.10843288e-01
 -1.31971822e+00
 -4.07141275e-01
  1.42787269e+00
  1.23537848e+00
 -7.16554486e-01
  1.05868088e+00
  9.27740276e-01
 -2.15393030e-01
 -9.50843363e-01
  1.62410832e+00
 -2.68768567e-01
 -8.56846866e-01
 -7.51195032e-01
 -2.06822669e-01
 -4.42795381e-01
  2.60813669e-02
 -4.80807889e-01
  9.29828760e-01
  1.31743098e+00
  1.05141094e+00
 -1.36519584e+00
  2.68427840e-01
 -3.56869787e-01
  5.92611065e-01
 -1.42506311e+00
  5.00596737e-01
 -1.32764905e-02
 -1.87133840e+00
  6.59534362e-01
  1.36042020e+00
  1.93476380e+00
  1.77839960e+00
  3.48005212e-01
 -6.82436827e-01
 -1.82709215e+00
 -3.40579039e-01
  1.07946826e+00
 -4.03482124e-01
  5.50207126e-01
 -3.62402998e-01
 -1.02436694e-01
  5.56406704e-01
  1.89156043e+00
  8.79461994e-01
  3.65971200e-01
  1.85197949e+00
 -2.75984612e-02
 -9.78715361e-01
 -7.60431700e-01
 -5.97964654e-01
 -1.83933790e-01
 -8.13339961e-01
  1.07400996e+00
  2.10210199e-02
 -7.91185483e-01
 -1.06728978e-01
  2.24669857e+00
  8.88013239e-01
 -7.81168182e-01
  1.16171211e+00
  9.60239201e-01
 -6.71600059e-01
  3.19787117e-01
  1.34773194e+00
 -1.23475855e+00
 -7.04130998e-01
 -1.59579642e+00
  6.96267086e-01
  2.61600486e-01
  2.65126105e+00
 -1.49843965e+00
 -1.26261011e+00
 -1.42098869e+00
  3.31761103e-01
 -1.54930135e+00
 -1.22152827e+00
 -1.19373749e+00
 -1.53047824e+00
  1.32488056e-01
  1.31576351e+00
 -5.97092974e-01
 -7.93425856e-01
  2.28002444e+00
 -5.13016293e-01
  5.46504063e-01
 -1.73054864e+00
 -1.85187703e+00
 -1.65791205e+00
 -9.26586135e-01
 -1.18668397e+00
 -6.03753928e-01
 -1.80124542e+00
 -1.89721424e+00
 -4.95247237e-01
 -5.49949929e-01
 -2.18132893e-01
  2.09865497e+00
 -5.57823643e-01
 -7.73885161e-01
  8.69270477e-01
  1.82001010e-01
 -4.60753833e-01
  1.12987123e+00
 -1.35026904e+00
 -1.22964567e-01
 -7.84556813e-01
 -1.49726880e+00
 -2.19059551e+00
 -3.04604158e-01
  6.87554890e-01
 -7.60589417e-01
  8.14225572e-01
  1.66763845e+00
 -4.32500732e-01
 -9.60872998e-01
 -5.95485192e-02
 -8.22713314e-01
  1.54307817e+00
  9.05163454e-01
  1.16601221e+00
  1.01531971e+00
 -4.22302221e-01
  1.08253756e+00
  6.36857228e-02
 -1.74295992e-01
 -1.99691717e-01
 -9.80471985e-01
  7.26696883e-01
 -1.19219139e+00
 -1.71037151e+00
 -4.81433173e-01
  2.24687067e-01
 -8.43341826e-01
 -1.31394139e+00
 -5.30563672e-01
 -1.06194636e+00
 -7.00006512e-01
 -4.10243780e-01
 -3.63544997e+00
 -2.18933661e+00
  1.36781889e+00
  5.67255408e-02
 -6.19564964e-01
  5.31425686e-01
  2.02272875e+00
  2.39492075e+00
 -7.51476888e-01
 -1.47805106e+00
 -9.96935248e-03
 -6.57653626e-01
 -5.94206751e-01
 -1.91385934e+00
  1.37918342e-01
 -1.50800695e+00
  4.28707502e-02
 -1.08990979e+00
  5.11417451e-01
  1.47471026e+00
 -4.78548291e-01
 -7.53473582e-01
 -4.51697831e-01
 -2.51320583e-01
 -1.67795125e+00
 -1.97998348e+00
 -1.54656361e+00
  1.59551857e+00
  1.19066265e-02
  9.53262736e-01
  1.58783040e+00
  5.82370935e-01
 -1.35897207e+00
  7.38986038e-01
  8.31640272e-01
  8.03504257e-01
 -1.32110200e+00
  3.82777089e-01
 -2.99434663e-01
  2.78434771e-01
  8.60721244e-01
 -1.00230656e+00
 -3.64899615e-01
  8.25573966e-01
 -1.01296986e+00
  1.03371439e+00
  6.20093780e-01
 -5.30229319e-01
  2.06129388e+00
  2.84900053e-01
  1.49925898e+00
  1.22375563e+00
  3.66573453e-01
  7.11093335e-01
  1.18385433e+00
  5.60481067e-01
 -1.32461181e+00
 -6.66609648e-02
 -6.85801285e-01
 -3.76485394e-01
 -1.08368207e+00
 -1.52990562e+00
 -6.07371284e-01
 -1.48772686e+00
 -8.24869470e-01
  6.10948136e-01
 -2.72747348e+00
 -4.31067449e-01
 -7.36894956e-01
  4.32982279e-01
 -1.04161524e-01
 -2.84643254e-01
  1.65552725e-01
 -3.12495016e-01
  8.26609082e-01
 -2.04653037e-02
 -6.00421936e-01
 -5.08337141e-01
 -9.13786077e-01
  7.07610668e-01
  1.91628914e+00
  8.46763093e-01
  5.19565580e-02
 -7.57549786e-02
  2.03556944e-01
 -6.37979233e-01
 -6.56496606e-01
 -1.48979295e+00
  6.37263221e-01
 -1.93205163e-01
 -1.20934711e+00
 -3.16454727e-01
  8.50976240e-01
  2.70630613e-01
  6.87788087e-01
 -1.31403168e+00
 -8.52571390e-01
  1.11881014e+00
 -1.00318087e+00
  1.15982677e+00
 -1.11751175e+00
 -1.20101534e+00
 -1.02996716e+00
 -7.84532510e-01
 -1.61243291e+00
 -7.01157110e-01
 -1.91946672e-01
  8.82382273e-01
  9.40798870e-02
 -1.51804111e+00
  7.52035635e-01
  1.84023290e+00
 -1.05516144e-01
 -2.11419826e+00
 -7.57278587e-01
 -1.16758441e-01
 -7.61748642e-01
  8.15275466e-01
  3.58859636e-01
 -4.67835449e-01
 -1.92877908e+00
 -7.70066520e-01
 -7.36737630e-01
 -1.46511118e+00
  2.47659201e-02
  3.11126760e-02
  2.43718053e-01
  4.86798531e-01
  7.37802488e-02
  2.02740451e+00
  5.67396993e-01
  1.48272476e+00
  2.45624996e-01
 -4.84874835e-01
  3.35171903e-01
  8.24158052e-01
 -1.75200208e-01
  8.39574861e-01
  3.90838040e-01
  1.44150393e-02
 -1.36006690e+00
  1.09831711e+00
 -1.18500301e-01
 -1.02006787e+00
  2.46588216e-01
  1.66894957e+00
  9.01161622e-01
 -5.00000656e-01
  4.72536334e-01
  3.40757115e-01
  1.62399784e+00
  5.65651524e-01
  5.85956287e-01
  4.93284083e-01
 -7.50178166e-01
 -1.41005126e+00
  1.58389905e+00
 -2.29702348e-01
 -6.80038057e-01
 -1.08089646e-01
 -1.55077182e+00
 -8.69774201e-01
  9.28359158e-01
  1.95496599e+00
 -1.52873758e+00
 -1.50987854e+00
  8.80761892e-01
  1.98112918e+00
 -3.88078036e-01
  1.23052559e+00
  6.87662492e-01
 -7.41877981e-01
  1.09797367e+00
  1.03830830e+00
  4.84694166e-01
 -1.04804926e+00
  1.92081350e-01
  4.34948915e-01
 -4.67848493e-01
 -7.93835039e-01
 -2.07692648e+00
 -1.87049530e+00
 -1.08473038e+00
  3.71375672e-01
 -2.78629638e-01
 -2.72129681e-01
 -1.39242713e+00
  1.40639040e+00
 -1.15264477e+00
 -1.40752836e+00
 -4.32182120e-01
 -1.09817468e-01
 -2.17262751e+00
 -4.29177238e-01
 -3.06225276e-01
  6.72834469e-01
 -3.92964413e-01
  1.82067231e+00
  4.01113250e-01
 -2.36884826e-02
 -1.13644110e+00
 -6.42075051e-01
  2.09857556e+00
  1.53444057e+00
 -3.60281308e-01
  8.38141941e-01
 -8.31621914e-02
 -8.25698668e-01
 -1.68797451e+00
  8.79298048e-02
  4.83125947e-01
  1.21547358e+00
 -6.00106788e-01
  4.87766523e-02
 -8.62554773e-02
  2.32772127e+00
 -1.03627838e-01
  4.57180359e-01
  1.47806426e+00
  1.54608646e+00
  1.11274419e+00
  1.98142913e-01
 -4.45701518e-01
  9.91988053e-02
  1.83597892e+00
 -1.46828136e+00
  1.23165937e+00
  8.05778094e-01
  1.36396732e+00
 -1.11325063e+00
 -1.39709266e+00
  1.28518402e-01
  9.05982328e-01
 -1.88150538e-01
  2.07777306e-01
  7.00453967e-01
 -6.34724913e-01
  2.01258816e-01
  2.81032630e+00
  1.16530234e+00
 -7.66296031e-01
  2.43989755e+00
  2.33946393e-01
  1.37268403e+00
 -5.51586280e-01
  1.38729466e+00
  4.07746953e-01
  1.19561596e+00
  5.54487637e-01
  1.54135184e+00
  2.52203362e-01
 -1.30591441e-01
 -7.93116589e-01
  6.45630164e-01
  2.42315420e+00
  5.90672388e-01
 -1.22962756e+00
 -2.90080007e-01
  1.24099356e-01
 -1.06147517e+00
  7.46677290e-01
 -6.66790810e-01
  3.64796396e-01
  3.79550800e-01
 -1.08314483e+00
 -6.55843991e-01
  1.15193025e+00
 -1.25424904e-01
 -8.30177270e-02
 -2.32312259e+00
  3.62525068e-01
 -1.32507248e+00
  4.82338106e-01
  1.03447330e+00
 -6.74838020e-01
  8.31357904e-01
 -3.55167707e-01
 -1.90664183e+00
 -4.61508407e-02
 -6.81532446e-01
 -5.58939687e-01
 -6.46450811e-01
 -4.28735773e-01
  3.94468888e-01
  1.17192589e-01
  1.33722984e+00
  1.12547307e+00
  8.49091871e-01
 -9.44864836e-01
 -8.73706683e-01
  1.47261765e+00
 -2.03021943e+00
  2.27111648e+00
  5.06031775e-01
  1.04779135e+00
 -9.09983289e-01
  2.33833350e-01
 -1.52059761e+00
 -6.81700576e-01
  5.74415750e-01
  4.97122381e-01
  2.03445284e-01
  1.00260283e+00
 -5.83754132e-01
 -8.50179481e-01
  1.05941645e+00
  2.91407654e-01
  7.33351901e-01
  1.02645785e+00
  5.98099777e-02
 -2.84113761e-01
  6.93943447e-01
 -7.15776705e-01
  5.27999688e-01
 -1.18827638e+00
  6.70939783e-01
 -7.59331909e-01
 -1.82267351e+00
  7.71430976e-01
  5.46134678e-01
 -3.23657278e-01
  1.46637698e+00
  1.00962181e+00
  9.13055047e-01
  1.05868472e+00
  1.39358601e-01
 -9.02965957e-01
  2.21097754e+00
  1.98262989e-02
  1.00063496e+00
 -2.86100917e-01
 -1.17400971e+00
  8.71681431e-02
 -5.85357822e-02
  1.50062770e-01
 -1.28524007e-01
  3.94345111e-01
 -1.82768270e+00
 -1.36067321e+00
  3.40599642e-01
 -1.55123612e-01
 -4.03563485e-01
  5.46630575e-01
 -2.35224960e-01
 -1.40230219e+00
  5.18249851e-01
 -1.60666861e+00
 -5.09831923e-01
  2.22161331e-02
 -6.84158893e-01
 -1.98920951e-01
 -1.02872076e-01
  2.03207782e+00
 -2.81458881e-01
 -1.95318339e+00
  1.77199792e-01
 -5.76285272e-01
 -5.09923000e-01
  1.33633443e+00
 -8.26769323e-01
  5.71121295e-01
 -3.02515191e+00
  4.41029832e-01
  1.16678528e+00
  9.38378825e-01
 -6.42565492e-01
 -2.21547013e+00
  2.33236018e-01
 -3.06697596e-01
 -5.58888276e-01
  1.23022912e+00
  2.28663251e-01
 -2.79152922e-01
 -6.62947081e-02
  6.88911179e-01
 -4.87477648e-01
 -3.07866321e-02
 -2.91315519e-01
  7.17451999e-01
 -3.08434083e+00
  9.42729039e-01
 -1.02104367e+00
 -1.01011499e+00
 -6.11905475e-01
 -8.09371711e-01
 -6.32490248e-01
  5.69471840e-04
  1.45321061e+00
 -9.65224411e-01
  3.96411171e-01
  6.70110017e-01
 -1.28877729e-01
 -2.05931005e+00
  1.99956356e+00
 -4.56414130e-01
 -7.62757381e-02
 -1.75831205e+00
 -8.64378825e-01
 -1.83327344e+00
  4.47215066e-02
 -1.54121174e+00
  7.11956906e-03
  3.20561440e-01
  6.81436643e-02
  6.00419422e-02
  8.60904924e-01
  8.40402652e-01
  5.15515769e-02
  2.96004908e+00
 -2.68786062e+00
 -5.29582450e-01
  1.54337000e+00
 -4.48699783e-01
 -8.23603909e-01
  5.21006968e-02
  7.13629929e-02
 -1.19978934e+00
  3.37829491e-01
 -1.29383961e-01
  1.15169314e+00
  1.95683450e-02
 -2.56578922e-02
 -4.43589664e-01
 -1.29267391e+00
 -2.08575145e-02
 -5.06913978e-01
 -1.07493646e-01
 -4.73892249e-01
 -5.83212973e-02
  3.78167015e-01
 -4.22938304e-01
  1.19377877e+00
  1.42951174e+00
 -9.87262723e-02
  4.08271655e-01
  1.98467373e-01
 -1.08707945e+00
  1.14159510e+00
  1.31195076e-01
 -2.27306393e-02
 -6.52513667e-01
 -2.36300603e-01
  1.57114427e-01
  8.07688086e-01
  1.91401210e-01
  4.09748715e-01
  2.88508950e-01
  1.05754178e+00
  1.65177463e+00
 -1.02706069e+00
  4.25064238e-01
 -3.66575784e-01
 -1.97401881e+00
 -1.33172811e-01
  2.17342935e-01
  4.71112124e-01
  7.16054337e-01
 -5.74440645e-01
 -8.72725922e-01
 -5.52320498e-02
  4.67372904e-01
  8.97314892e-02
 -3.78911857e-01
 -4.53665761e-02
  2.05950033e+00
  3.72698115e-03
 -2.98346787e-01
 -1.36128325e+00
 -8.39073091e-01
 -1.14648920e+00
  5.32095079e-01
 -1.27219208e+00
  8.72671382e-02
 -2.18507558e-01
 -2.95100010e-01
  4.75932595e-01
 -6.93847834e-01
  7.26618110e-01
  1.43190619e+00
  1.01887528e+00
 -4.13275620e-01
  5.07061982e-01
  3.74630052e-01
 -9.07038903e-01
  2.40781818e-01
 -7.62798460e-01
  1.82803629e-01
  1.23524544e-01
 -1.77934666e+00
  1.21424888e-01
 -1.53930546e-01
 -9.81850743e-01
  3.11945863e-01
 -1.86192774e+00
 -7.45503106e-01
  1.03377825e+00
  2.23565101e-01
  2.54601852e+00
 -8.63964179e-01
 -7.98695727e-02
  1.94161106e+00
  2.76433491e-01
  2.09336733e-02
  1.45790714e+00
 -6.47373286e-01
 -3.40441904e-01
  8.41334530e-01
  5.16905788e-01
  4.19872091e-01
 -1.96455789e-02
  5.56515758e-01
 -4.57130727e-01
 -1.64101062e+00
  7.06234304e-01
 -3.38807225e-01
 -1.19374977e+00
 -5.08922765e-01
 -1.19789473e+00
  6.19486827e-01
  7.15213301e-01
 -1.76417682e+00
 -1.33721669e+00
  4.08255530e-01
 -9.10188852e-01
 -3.21865179e-01
  9.47781486e-03
 -3.20610094e-01
  3.32985437e-02
 -4.52335179e-02
  5.52686667e-02
 -5.80997661e-01
 -4.10113064e-01
 -2.61722238e+00
 -7.47946247e-01
 -1.01294092e+00
  1.29472142e+00
 -7.00658350e-01
  1.12506726e+00
 -8.84666589e-01
 -8.97283672e-01
  7.59821978e-01
  3.73322137e-01
 -6.84133464e-01
  6.75277181e-01
 -6.80946589e-01
 -8.16176109e-01
 -3.60775243e-01
  1.55661908e+00
  6.52704845e-02
  3.85179712e-01
 -1.43727951e-01
 -2.16988701e-01
  2.12694171e-01
  6.23843466e-01
 -4.43544843e-01
 -1.98724932e+00
  2.14251329e-01
 -8.85716645e-01
  2.20943791e+00
  4.89098542e-01
 -2.32223403e-01
 -1.12788281e-01
  7.62919552e-01
  1.56914930e+00
 -1.16918057e-01
  2.95755453e-01
  1.18148452e-01
  8.71696640e-01
 -1.53564828e+00
  1.22426768e+00
 -6.36327690e-01
  1.49988056e-01
 -2.12721747e-01
  1.66459237e-02
  7.06039498e-02
 -1.11584476e+00
 -1.97422858e+00
 -7.23371169e-01
 -1.24469012e+00
  6.15149505e-01
  1.75893930e-01
 -2.73822257e-01
 -1.39129821e+00
 -1.52492208e+00
  3.75715038e-01
  1.33023345e-02
 -6.82646006e-01
 -8.64213263e-01
  3.07597719e-01
  1.74662804e+00
 -3.49327774e-01
 -7.03009892e-01
  2.05048419e+00
  6.77391811e-01
  5.52636821e-01
 -3.27972594e-02
 -1.15582872e+00
  2.19542801e-01
  7.28906992e-01
 -4.14511839e-01
 -3.53092040e-01
  7.50120248e-01
  6.92049270e-01
 -5.29973514e-01
 -9.83647073e-01
 -7.95994807e-01
  2.91263806e-01
 -2.25513057e-01
  8.81442738e-01
  3.22085074e-02
  9.07318912e-01
  4.15380334e-01
  2.08380083e+00
 -1.28041471e+00
  5.39748654e-01
  4.76194206e-02
  1.88181243e-01
  7.03974879e-01
  2.82222257e-01
  2.49031425e-01
  4.64569450e-01
  1.47987029e-01
  1.26731454e+00
 -4.10743377e-01
  3.02682454e-01
 -6.74155770e-01
  3.66197704e-01
 -1.06808721e+00
 -1.51645588e+00
  1.64382511e+00
 -2.07972710e-01
 -5.34669843e-01
  2.03278922e-01
  1.06837085e+00
 -7.91175052e-01
  8.22603220e-01
  1.05694770e-01
 -3.16220190e-01
  5.42584295e-01
  6.41187404e-01
  8.00048889e-01
 -8.11803281e-01
 -1.18903134e+00
 -1.30966229e+00
 -1.77986989e+00
 -1.00079118e+00
  2.60651165e-01
  2.81431177e-01
 -1.45159051e-02
  4.58210663e-01
 -1.40857006e+00
  5.12390864e-01
 -9.97016616e-01
 -1.02011597e+00
 -4.27871300e-01
 -7.92200533e-01
 -9.15060741e-01
  3.19026506e-01
  5.82447951e-01
 -1.36750020e+00
 -3.82104374e-01
  7.14681028e-01
  7.50595411e-01
 -2.73792068e+00
  3.49120181e-01
  5.34308422e-01
 -1.29453396e-01
 -1.82742063e+00
 -1.13305402e+00
  8.90598914e-01
  6.47813746e-01
  3.27120434e-01
  2.81982892e-01
  3.35108302e-01
  4.14348349e-01
 -9.32344326e-01
 -2.86413679e-02
  2.57367306e-01
  1.78619672e+00
 -8.81612954e-01
  1.47484922e+00
  1.49550930e+00
 -2.01936365e+00
  8.40215024e-01
 -1.61369573e+00
 -3.26939087e-01
 -1.70771107e-01
  1.34089080e-01
 -1.33098456e+00
 -1.05132954e+00
 -6.65425408e-01
 -3.70610229e-01
 -3.95615531e-01
 -1.67039724e+00
  5.87870516e-01
 -6.16442722e-01
 -2.74659522e-02
 -1.31165463e+00
  5.28652430e-01
 -3.30218179e-01
  1.41207992e+00
 -1.15931835e+00
  6.15563738e-01
  9.39186857e-01
 -7.23808050e-01
  7.53030994e-01
 -1.45346072e+00
 -5.19243490e-02
 -1.08551052e+00
 -3.77853947e-01
 -1.91174810e+00
  1.48353976e+00
 -4.08200440e-01
  1.37157764e+00
 -2.26757139e-01
 -9.87036852e-01
 -1.24245302e+00
 -8.54562618e-02
 -1.71746307e-02
 -1.44434279e+00
 -4.03175751e-01
  1.03785635e+00
  4.70690075e-01
 -5.92648323e-01
 -3.95258028e-01
  3.84836377e-01
  5.46125966e-01
 -4.20794748e-01
  4.90548095e-01
 -6.64769500e-01
 -3.05435926e+00
 -3.69799785e-01
  2.90555305e-02
  3.48246334e-01
 -4.40993148e-01
  1.43411042e+00
 -8.97277032e-01
  4.88950430e-01
  1.92139496e-02
  1.20580909e+00
 -1.36799657e+00
  3.25381637e-01
 -4.40347496e-01
  3.45306197e-01
 -3.87831767e-01
 -1.92881985e+00
  4.02267069e-01
 -1.44625141e+00
  4.01534083e-01
  6.15551541e-01
  9.41188129e-01
  1.49421153e+00
  7.84232384e-01
 -1.65886981e+00
 -1.40503015e+00
  9.27202633e-01
  6.56933305e-02
  1.39705945e+00
 -5.67907081e-01
  8.71961746e-01
 -9.87599047e-01
  8.05920618e-01
 -2.51383224e-01
 -3.18136871e-01
 -9.99817956e-01
  7.88174464e-01
 -5.97091732e-01
  2.66044247e-01
  6.05778421e-01
  9.94638234e-01
  5.68716378e-01
 -2.34807938e+00
  7.10016502e-01
  2.08239138e-01
  2.06517407e+00
 -4.09286954e-01
  5.10957896e-01
 -9.00130004e-01
 -7.10645679e-01
  4.26666005e-01
 -2.86924929e+00
 -8.34445922e-01
  9.06200225e-02
  1.21225056e-01
 -2.11889782e+00
  6.51353401e-01
 -7.62159139e-01
 -3.77404130e-02
  9.94701461e-01
 -5.53043957e-01
  4.53514089e-01
 -8.65573239e-01
 -4.87060541e-01
  3.72542553e-01
 -1.39900411e+00
  1.05455980e-01
 -2.71653759e-01
  1.83246436e+00
 -2.17878488e-03
 -1.39569494e+00
 -6.45322649e-01
 -5.55265523e-01
  6.92580438e-01
  1.01564327e-02
 -5.58203504e-01
  1.01649057e+00
  1.47841098e+00
 -1.97025361e+00
  3.41585425e-01
  1.31213914e+00
 -4.06774780e-01
 -1.94235565e+00
  1.54660760e+00
 -2.00190940e-01
 -1.33990712e+00
 -5.45800912e-01
 -2.74898249e-01
 -1.17952001e+00
 -3.54979907e-01
 -3.47985786e-01
 -1.52867730e+00
  1.78042993e-02
  1.10118031e-01
 -1.67470490e+00
  9.99679897e-01
 -1.03288609e+00
 -1.16235604e+00
 -1.35632848e-02
 -9.00576485e-01
 -4.87502914e-01
 -2.61685656e-01
 -1.40672954e-01
  7.06547972e-01
 -1.12036204e+00
 -7.88268672e-01
  8.05478772e-01
  1.36813838e-01
 -6.54495956e-01
  7.53944323e-01
 -8.54078042e-01
 -3.63024018e-01
  4.80461108e-01
  4.62761364e-01
  8.59039394e-02
  4.70988353e-01
  3.44872685e-01
 -7.63538353e-01
  7.83457203e-01
 -3.20143172e-01
 -3.89043184e-01
 -9.35640019e-01
  1.09799478e+00
 -6.03470913e-02
  6.45137532e-02
 -2.03591563e-01
  7.68819357e-01
 -3.56417188e-01
 -6.52894675e-01
  6.45120632e-01
 -5.24496413e-01
  8.10718303e-01
  6.18492305e-01
 -3.83573998e-01
 -7.74752490e-01
  2.78358238e-01
  4.08975566e-01
 -7.88095668e-01
  9.11237427e-01
  6.49908398e-01
 -9.38547488e-01
  1.09033132e+00
 -2.86838561e-01
  1.32551260e+00
  4.61996434e-02
  1.62891453e+00
 -1.30695042e-01
  7.88805050e-01
  4.29684422e-01
  1.82321083e+00
 -1.46498738e+00
  2.11835946e-01
 -6.61733765e-01
  3.24700130e-01
 -3.04043558e-01
 -1.22080556e+00
  5.34338431e-02
 -5.24073006e-01
  1.08459986e-01
 -2.81633922e-01
  1.55973058e+00
  1.19098261e-01
  6.35791171e-01
 -1.45524626e+00
  6.15744201e-01
  3.15866925e-01
  3.21809569e-01
  1.80890442e+00
 -6.67240679e-01
  1.90618813e+00
 -1.65437601e-01
  5.98875156e-01
  4.40672819e-01
  2.02569631e-01
  9.22551164e-01
  8.11830147e-01
 -1.95530471e+00
  1.29187912e+00
  3.01164581e-01
  6.49711333e-01
 -3.85354348e-01
 -2.61547756e-01
 -7.23951033e-01
  3.30883397e-01
  2.45654757e-01
  1.13880160e+00
 -3.32625252e-01
 -1.33205551e+00
  1.24186588e-01
 -7.13006494e-01
  2.81909925e-01
  7.42712531e-01
 -1.28134381e+00
  5.06828484e-01
 -5.94519358e-01
 -1.91941439e+00
  2.29557240e+00
 -8.87328147e-01
 -7.34007410e-01
 -1.20456869e+00
 -1.14870164e-02
 -4.41783788e-01
 -2.32056634e-01
 -3.09786635e-01
  1.83930457e+00
 -8.01136044e-01
 -8.23325979e-01
 -5.95428715e-01
  3.49176568e-01
  1.42846519e-01
  2.15065968e+00
  6.55310073e-01
  9.17248919e-01
  4.59292142e-01
 -9.33753184e-01
  9.79167449e-02
 -2.08095223e+00
 -7.34886907e-01
 -9.14628967e-02
  3.96905782e-01
 -1.00277666e+00
  8.20200288e-01
  3.04005648e-01
 -5.14853117e-01
 -1.42578199e+00
  1.38901202e-01
 -2.87145172e-01
  1.20314435e+00
 -2.21015266e-01
  6.33801049e-01
 -2.69007679e-01
  4.40781444e-01
  1.80186420e-01
  1.00634458e+00
 -1.11012050e+00
 -5.17021129e-01
  9.14481905e-01
  1.12821198e+00
  2.45210611e-01
  1.03249198e+00
 -8.47741583e-01
 -1.49249501e+00
  1.08842690e+00
  1.04841156e+00
 -1.09912159e+00
 -7.64737721e-01
 -1.14536979e+00
  4.81844884e-01
 -1.48049231e-01
  3.01832883e-01
  1.75649250e+00
  1.41780002e-01
 -1.73678441e+00
 -7.28987379e-01
  2.06631547e-01
  1.13111825e+00
 -1.93553028e-01
  7.68612905e-02
 -3.93991672e-01
  3.54431040e-01
  1.08649997e+00
  3.96864840e-01
 -3.60812886e-01
 -4.60498376e-01
 -1.05612858e+00
 -7.65766615e-01
 -2.53606870e+00
  1.61078084e-01
  5.13411074e-01
 -9.69236784e-01
 -3.53911693e-01
 -7.95612050e-01
 -2.21607372e-01
  1.44390304e+00
 -6.39124433e-01
  2.07419932e-01
 -9.92935189e-01
 -3.55305926e-01
 -1.07408532e+00
 -1.26417461e+00
  4.75765400e-01
  1.13316200e+00
 -1.92821047e+00
  2.89836377e-01
  1.03099872e+00
 -1.48452422e-02
  3.00996999e-01
 -1.87217830e+00
  3.22322279e-01
 -6.82477332e-01
  9.47551568e-01
  2.36519207e-02
  7.49082570e-01
 -1.61342540e+00
 -8.22749028e-01
 -1.53690157e+00
 -1.78355780e+00
  1.41119670e-01
 -1.61709808e+00
  5.42167036e-01
  1.87442125e+00
 -1.36256274e-02
  1.14353661e+00
 -1.75024067e-01
 -1.73085193e+00
 -5.70652386e-01
  3.95052364e-01
  2.69667942e-02
  5.68689921e-01
  4.32249682e-01
 -3.41820472e-01
 -1.40841448e-02
  1.21587032e+00
 -2.50231589e+00
  8.80358279e-01
 -1.47115755e-01
 -4.38702407e-02
  7.14689727e-01
 -5.89241098e-01
 -5.04181719e-03
 -2.82064026e-01
  3.97002694e-02
 -2.62574281e-01
 -5.10062858e-01
 -1.12981240e+00
  9.75845800e-01
 -1.07816805e+00
 -1.30689126e+00
  1.05434473e+00
  1.53583301e+00
  3.43085026e-01
 -1.11732311e+00
 -2.29403629e+00
  2.20095884e-01
 -4.44448666e-01
 -1.44626420e+00
 -2.10570555e+00
  4.85274769e-01
  1.00976832e+00
  1.47917281e+00
  6.16743088e-02
  1.63716557e+00
 -2.81659840e-01
 -1.00904276e+00
 -2.02274306e-01
  1.33923697e-01
  1.74533364e+00
  2.30497354e+00
 -5.64886680e-02
 -3.41660573e-01
  1.66670255e+00
  9.81120492e-01
  4.88651225e-01
  9.87110419e-02
  7.96045112e-01
  7.21810429e-01
  1.06607068e+00
  4.03930567e-01
  2.87027913e-01
 -1.04331802e+00
 -1.66224930e+00
 -3.79544648e-01
  4.68815318e-01
 -9.07566423e-01
  1.32678865e+00
 -1.19121013e+00
  1.26617539e+00
 -6.68402070e-01
  2.77408400e-01
 -1.13098167e+00
 -2.75391562e-01
 -2.26619758e+00
 -7.40589595e-01
  3.58375177e-01
  7.64878205e-01
  2.39065470e-01
 -4.15873478e-01
 -3.76082398e-01
  3.18620333e-01
  5.86743888e-01
  6.10820759e-01
  4.00595547e-01
 -1.03915537e+00
  4.15851712e-01
 -1.12010351e+00
  9.78687511e-01
  1.22085867e+00
 -1.94070313e+00
 -4.82095609e-01
  2.10118274e-01
  1.85918883e-01
 -4.85131279e-01
 -1.54405210e-01
  1.17580090e+00
  1.49045689e+00
 -8.35863545e-02
  2.07460845e-01
 -1.34719738e+00
  8.17373394e-01
 -3.28238788e-01
 -5.89084505e-01
  7.23264203e-01
  1.54451201e+00
  2.57553113e-01
 -1.18216090e+00
 -5.48719065e-02
  1.31362468e+00
  3.52212789e-01
 -9.05606714e-01
  2.12697188e+00
  4.49674982e-01
  1.07241782e+00
 -1.02695749e-01
  3.40758747e-02
