  -5.80587486e-01
  -1.14858454e+00
   8.69874916e-01
  -5.48531781e-01
  -2.45824975e+00
   4.01341147e-01
  -3.23375963e-01
   1.34980191e+00
  -6.55114658e-02
   3.01373582e-01
   1.32885840e-01
  -1.05889489e+00
  -4.80692201e-01
   1.93944303e+00
  -3.35944516e-02
  -1.04752830e+00
  -2.76688726e-01
   9.31334411e-01
  -7.73483345e-01
   8.11263400e-01
  -5.18298895e-01
   3.19153649e-01
   3.44054642e-01
   4.40372119e-01
   5.02789535e-01
   7.08529731e-01
  -2.39535824e-01
  -3.57221189e-01
  -9.09342434e-01
  -6.51906557e-01
   4.65653033e-02
  -8.05264561e-01
  -8.92490943e-01
  -1.13210071e+00
  -2.56140869e-01
  -2.55303886e+00
   4.84808575e-01
   4.60193001e-01
   9.64675676e-01
  -5.30888271e-01
   3.28706926e-01
   3.74224645e-01
  -1.06217644e+00
  -1.16946472e+00
   8.53774161e-01
   1.10084015e+00
  -5.29588047e-01
  -6.26292620e-01
  -1.82173984e-01
   1.02270259e+00
  -3.52674857e-01
  -9.97628699e-01
  -2.07683279e+00
  -2.16130900e-01
  -3.32709247e-01
  -1.30418029e+00
   6.26732031e-01
  -1.44231186e+00
   1.38317488e-01
  -3.34079099e-01
   3.64189074e-01
   2.39776196e-01
  -1.24962543e-01
  -6.61202252e-01
   1.23759981e+00
   3.30373035e-02
   2.13529312e+00
  -1.36428007e+00
  -1.05507962e+00
   5.84486184e-01
   4.72351038e-01
  -9.20965255e-01
  -1.31238002e+00
   3.68530432e-01
   1.52268062e+00
  -2.44338694e-01
   8.52339427e-01
  -5.90545179e-01
   2.29643918e-01
   1.65318013e+00
   7.98244782e-01
  -4.49344107e-01
  -8.80278973e-01
  -5.12434282e-01
  -2.82174047e-01
  -1.00436607e+00
  -1.52015154e+00
   1.29188116e+00
  -7.33576355e-01
   6.40037644e-01
   1.80750289e+00
  -4.86062330e-01
  -8.55584442e-01
   4.13379370e-01
  -6.79274618e-01
   2.37587664e+00
  -1.06619600e+00
   4.66461123e-01
  -6.99926340e-01
   5.55898871e-01
  -5.08037515e-01
   1.20760527e+00
  -1.14049623e+00
  -1.56059051e+00
  -1.81555441e+00
   3.57642743e-01
   3.47920143e-01
  -5.20303220e-01
  -1.40103944e+00
  -1.08668011e+00
  -2.71080986e-01
  -6.37179874e-01
   3.63807863e-01
  -1.07245413e+00
  -1.03432163e+00
   6.97808025e-01
   7.53636047e-02
   7.89402603e-01
   2.36136863e+00
   8.56235265e-01
   4.23182767e-01
  -6.01479798e-01
  -4.97518256e-01
  -5.26244227e-02
   1.54981407e+00
   4.77632646e-01
   5.55250453e-01
   1.00971221e+00
   6.87296266e-01
  -6.96704906e-01
   1.14174985e+00
   1.62908051e-01
   6.31529853e-01
   1.61053381e+00
  -7.75319693e-01
   1.68907558e+00
   8.01857359e-02
   8.12449317e-05
  -1.17493277e+00
  -6.19508044e-01
  -5.27528455e-01
   2.15437012e-01
   3.89781687e-01
  -1.11052745e+00
  -1.14130389e+00
  -1.57155614e+00
  -1.70092876e+00
  -6.87542586e-01
   3.57772328e-01
  -3.86774281e-01
  -3.96151079e-01
   1.12857355e+00
   2.76425700e-01
   3.15911998e-01
   7.32297869e-01
   1.73573990e+00
  -2.50339320e+00
  -1.23662304e+00
  -3.04573678e-01
  -2.16631454e-01
   1.42691655e-01
  -6.55962732e-01
   5.11775755e-02
   1.14851768e+00
   3.16163528e-01
  -2.56391326e-01
   2.92790662e-01
   8.96709261e-02
  -7.40031117e-01
  -8.70587349e-01
   1.10023700e+00
  -9.54095130e-01
  -9.06763330e-01
   1.55182397e+00
   3.75997660e-01
  -1.82546514e+00
   9.51053087e-02
   1.16582605e+00
   4.73616161e-02
  -3.69423634e-01
  -6.45808819e-01
  -1.51390447e-01
   3.60225664e-01
  -6.90746528e-01
  -4.46084058e-02
   7.35548873e-02
  -2.98435769e-01
  -7.69737691e-01
  -7.21236864e-01
  -5.65425096e-01
  -2.31789356e-01
  -8.33940785e-01
   5.19092348e-01
   2.80058029e-01
  -9.52947253e-01
  -5.08389443e-01
   7.90703004e-01
   2.56939607e-01
   1.40651522e+00
  -4.57094379e-01
  -2.55461113e-01
  -1.39050800e+00
  -4.91812931e-01
   3.94424137e-01
   1.35171763e+00
   9.06308672e-01
   7.32934526e-01
   1.77551582e-01
   2.47287381e+00
   1.39900420e+00
   3.64811082e-01
  -8.03586307e-02
   1.85302767e+00
   1.24380791e+00
  -1.61307491e-01
   2.91375731e-01
   2.07835813e-01
  -7.10752461e-01
   4.51126015e-02
   1.81740280e-01
  -1.09561263e+00
  -4.53000586e-03
  -7.99281359e-01
  -8.82415006e-01
   1.12142781e+00
  -1.60288849e+00
  -1.54858820e+00
   5.51293187e-01
  -7.34999748e-01
   2.22261469e+00
  -4.07688945e-01
   2.81866498e-01
  -2.55823752e-01
  -1.87567648e-01
   6.32562003e-01
  -3.10394209e-02
   7.90391661e-01
   1.17011283e+00
  -5.63817505e-01
   6.74036278e-01
   8.46776027e-01
  -1.19601338e+00
  -1.10183546e+00
  -1.02918352e+00
  -1.06115662e+00
  -3.63039140e-02
  -8.19221460e-01
  -1.14997422e+00
  -4.86548520e-01
   8.47070317e-01
  -1.19055914e+00
  -2.65881168e+00
   2.60709230e-01
   4.72859936e-01
  -5.45807794e-01
   9.38558180e-01
  -1.53547053e+00
   6.22118452e-01
   6.31059888e-01
  -5.99127033e-01
   9.17113890e-01
  -3.57155033e-01
  -2.91727771e-01
   9.60112101e-01
  -6.35175764e-01
  -1.71082790e-01
  -1.18970509e+00
   1.47865460e-01
  -1.39901702e+00
   1.15840814e+00
   8.15521051e-01
  -6.77217439e-01
   5.39458903e-01
   1.46379225e+00
  -2.10088870e+00
  -1.22615013e+00
  -1.91093966e-01
  -2.74157403e-02
  -5.47365884e-01
  -6.66122655e-01
   1.95502880e+00
  -1.45075262e-01
   1.81251232e-01
  -1.11407399e-01
  -1.15666464e+00
  -4.87733923e-01
  -9.47330740e-02
  -9.88130009e-01
  -8.96665467e-01
  -2.48472789e-01
  -2.26022739e-01
  -2.11741607e-01
  -1.46365948e+00
  -5.50475956e-01
   1.61434742e+00
   1.72613914e-01
  -1.80562079e+00
  -5.38114784e-01
  -6.37536736e-01
   1.34203733e+00
  -3.98962422e-01
  -2.96224338e-01
   4.32498618e-02
   9.93851999e-01
  -2.09616364e+00
  -9.18902920e-02
   3.42181970e-01
   6.41405046e-01
  -8.78148561e-01
   1.06351411e-01
   3.43366559e-02
   1.52581526e+00
   9.76808169e-01
   3.78477758e-02
  -1.31170548e+00
  -1.05218328e+00
  -2.74912940e-01
   1.34644367e+00
  -1.12363449e-01
   3.04512158e-01
   3.41918870e-01
  -6.21346906e-01
   5.84986154e-01
   8.22755614e-01
   2.31186809e-01
  -1.59123454e-01
  -1.00639307e+00
  -5.47053975e-01
  -1.41010389e+00
   2.34082642e-01
  -6.40655528e-01
   7.50378892e-01
   4.10890589e-01
   1.73405364e+00
  -6.89257423e-01
  -1.58893161e+00
  -1.08018803e+00
  -2.91462828e-01
  -1.02157350e+00
  -6.00044907e-01
  -1.18746292e+00
   1.22206444e+00
  -8.23149696e-01
  -1.77029173e-01
  -5.58760420e-01
  -6.14725232e-01
  -1.05707386e+00
   1.53431262e+00
   2.08400457e+00
   5.69816842e-02
  -4.19508766e-01
   3.18419459e-01
   1.10285603e+00
   3.97452523e-01
  -1.77613389e+00
  -2.60908763e-02
   1.44418424e-01
   1.19233664e-01
  -3.45474047e-01
  -1.55439759e+00
   1.69969757e-01
  -3.71769965e-01
   2.52702873e-01
   1.89129300e-01
  -6.00295337e-02
   1.37987538e+00
   3.03695824e-01
   1.02573537e+00
   2.23142129e+00
   2.86737518e-01
   3.08117019e-01
  -3.88200501e-01
  -4.28112983e-01
  -2.03436923e+00
  -4.55174611e-01
   1.55750144e+00
   4.97727374e-01
   8.52770576e-01
   2.06182631e+00
  -9.81280002e-01
  -2.01937468e-01
   6.14543692e-01
   2.84766876e-01
  -3.62991518e-01
   1.38210971e-01
   1.14379801e+00
  -7.42825695e-01
  -1.06705041e-01
  -6.16179843e-01
   8.11414452e-01
  -1.55673166e+00
   1.14703427e+00
   3.02262667e-01
  -7.72918639e-01
  -5.74491062e-01
  -4.40679522e-01
   6.51339032e-01
  -7.63220442e-02
   2.47283773e+00
   7.40206013e-01
   7.97018741e-01
  -1.27488930e-01
   4.90132114e-01
  -1.64496696e+00
   1.02078464e+00
   1.29026873e+00
   1.02123158e+00
   2.96607032e-01
   1.22886182e+00
   2.20451912e-02
   9.12709691e-01
   2.19512500e-02
   3.50862542e-01
   1.29271968e+00
   1.06061131e+00
   2.33391123e-01
  -1.72745518e+00
  -1.10430845e+00
   3.03660495e+00
   5.44729519e-01
   1.79261456e-01
  -6.83825410e-01
  -4.67376392e-01
   3.35555810e-01
  -1.63607388e+00
   1.50110820e+00
   9.42851521e-02
   8.55288149e-01
  -5.75327327e-01
  -1.43462546e+00
   2.91523645e-01
  -2.59259003e-01
   1.34519446e-02
   4.47409162e-01
  -2.09579231e-01
  -6.92791492e-01
   1.01392062e+00
   2.10512455e+00
   1.09797737e+00
   1.94829058e-01
   5.34626891e-02
  -1.03867427e+00
  -2.39642852e+00
   4.96693912e-01
   9.19203271e-01
  -3.32563647e-01
   9.06590341e-01
   1.17364091e-01
  -1.49699577e+00
   6.01268730e-01
  -1.24771792e+00
   1.34585292e+00
   1.67666744e-01
   7.48566004e-01
   6.16454033e-01
  -1.53304544e-01
  -1.19561770e+00
  -4.56923320e-01
   1.09386043e+00
   1.37600093e+00
   7.16312814e-02
  -8.55386904e-01
   6.38634011e-01
  -2.52878190e+00
   6.14011255e-01
   1.37270654e+00
   5.46881107e-01
   7.52275692e-01
   4.82535775e-01
  -1.25888054e+00
  -2.59658700e-01
   3.48767976e-01
  -1.10057187e+00
   1.68042689e+00
   9.26972641e-02
  -1.64807924e-01
   3.90762976e-01
  -6.28760163e-01
  -7.65766049e-01
   7.83987308e-01
   1.35223458e-03
   1.31861275e+00
  -1.70334410e-01
  -8.90376565e-01
  -2.85752083e+00
   2.86361467e-02
  -1.17064656e+00
  -6.82091481e-02
   1.85518846e+00
   1.15328605e+00
   2.99108427e-01
  -4.51583956e-01
   5.29289117e-01
   1.39074447e+00
   1.16015025e+00
   1.10732011e-01
  -1.98135337e+00
   4.91467218e-01
   1.26527887e+00
   2.40361296e-01
  -3.83698811e-01
  -1.76077835e+00
   4.96375025e-01
  -1.62901980e+00
  -1.75403480e+00
  -1.00480942e+00
  -2.86021570e-01
  -1.29390239e+00
   6.23802770e-01
  -1.22846284e+00
   5.72973002e-01
   8.28226031e-01
   4.11224149e-01
  -6.70037212e-01
   5.96087964e-01
   2.19162330e-01
   7.16388035e-01
  -1.76721912e+00
   2.01392098e+00
   3.14888375e-01
  -1.16900250e+00
  -9.14346910e-01
   5.61101137e-03
   9.71420537e-01
   3.00194019e-01
  -1.15511269e-01
  -1.09079281e+00
   1.31950635e+00
  -6.56361894e-01
   6.59428493e-01
  -6.32442724e-01
  -8.86963876e-01
   4.38762534e-01
   1.11562752e+00
  -4.53692395e-01
  -2.39659795e-02
  -1.05375504e+00
   1.18930531e+00
  -6.87316218e-01
  -3.88190573e-01
   5.04130719e-01
   1.51406532e+00
  -1.65674973e+00
   1.02663457e+00
   1.26817672e+00
   2.96000528e-01
   2.01179117e+00
   4.80837037e-01
   2.86289860e-01
  -6.37497497e-01
   1.97523711e+00
  -9.95965090e-01
   5.60262895e-01
  -5.74019199e-03
  -2.54136538e-01
  -9.76400943e-03
   6.28671286e-01
   1.09650328e+00
  -1.04704037e+00
   8.15804773e-01
  -2.29220662e-01
   2.13477604e+00
   6.23248400e-01
   1.58676968e-01
  -1.87582539e+00
   1.12375824e+00
   3.79760159e-02
  -4.01431689e-01
   5.31498852e-01
   3.07759437e-01
  -8.00473703e-01
  -1.43158466e+00
  -1.37618152e+00
   1.03048513e+00
   1.22137883e+00
  -8.13880283e-01
   5.10712011e-01
  -3.24412591e-01
  -7.03902213e-01
  -6.97958905e-01
  -8.93691671e-01
   5.13466423e-01
  -2.80054139e-01
  -1.13202261e+00
  -8.25168240e-01
  -9.52276379e-01
   1.08800031e+00
  -1.30496575e-01
   4.01381027e-01
  -8.72257039e-02
   4.46419067e-01
   2.44009136e-01
   1.06105833e+00
   3.60711342e-02
  -3.46939131e-01
   1.24484922e+00
  -1.65050861e+00
   7.39305466e-02
  -5.24378218e-01
  -4.30326637e-01
  -2.64762035e-01
   1.38662108e+00
  -1.95083606e+00
   8.90127305e-01
   9.40679734e-01
   6.28053444e-01
  -1.20761590e+00
   3.83553477e-01
  -5.15891745e-02
  -1.08559575e-01
   1.14698891e+00
  -2.09704678e-01
  -7.62185960e-01
  -1.52338221e+00
  -1.25447998e+00
   1.94118694e-01
   1.04620575e+00
  -8.55449084e-01
  -2.61005087e+00
  -8.38257162e-01
   1.91587891e-01
   1.13949845e+00
   1.56848072e+00
   1.47569770e-01
  -4.34546369e-01
  -1.73362273e-01
  -4.11638114e-02
  -7.20570295e-01
  -4.54344108e-01
  -7.18454708e-01
  -3.29542001e-01
   3.55185313e-01
   9.29014479e-01
  -9.84464500e-01
  -5.51529601e-01
  -1.51938099e+00
   5.99391097e-03
  -2.45574329e-01
   8.36874347e-01
   4.20154125e-01
  -9.62002101e-01
   1.41532113e+00
   1.24203429e-01
   6.44689682e-01
  -2.02033668e-01
   4.47115270e-01
   9.25581042e-01
  -8.40026174e-01
  -1.10667303e+00
   1.12545423e+00
  -1.34861574e-02
   1.07742872e+00
   6.34682929e-01
   5.68126338e-02
  -1.44773994e+00
  -7.73236284e-01
  -2.25765636e+00
  -1.61962475e-01
  -8.14947095e-01
  -2.13662709e+00
  -3.79880822e-01
   5.71039069e-01
  -1.30805168e-01
  -9.73178415e-01
  -1.02948829e+00
  -4.13296550e-01
   1.05226297e+00
   1.28212483e+00
   9.90286061e-01
   1.67098768e+00
  -2.99436508e-02
  -3.97372059e-01
   1.28586985e-01
   4.66026498e-01
  -1.23078468e+00
  -2.97820472e-01
   1.58102615e-01
  -6.38208386e-02
   3.79383131e-01
  -1.57733982e-01
  -2.44617232e-01
  -2.00155578e-01
  -3.47193273e-01
   1.93366557e-01
  -8.89255238e-01
   1.19702376e+00
  -4.52719799e-01
  -4.98316208e-01
  -1.60770053e+00
   5.19433948e-01
  -3.23238018e-01
   3.33724043e-01
   6.34311719e-01
   5.56780281e-01
  -2.72482272e-01
   1.43557988e+00
  -3.36135261e-02
   1.15919421e+00
  -3.72162201e-02
   7.06920216e-01
   4.40457504e-01
   1.79269167e-01
  -1.81591115e+00
   1.15260366e+00
   3.89591294e-01
  -6.40476393e-02
   7.22653589e-01
   8.23723594e-01
   1.88252583e+00
   1.02710096e+00
   8.36439560e-01
   7.68481634e-01
   3.27342830e-01
  -1.57931055e+00
   1.18923402e+00
  -1.01675514e-01
  -5.81092530e-01
  -4.27742573e-02
  -8.42070075e-01
   3.33774022e-02
   2.11004038e+00
  -2.59808012e-01
  -2.28337404e+00
   1.81532243e+00
   4.82623101e-02
  -9.46658215e-01
   9.08435117e-01
  -6.15020379e-01
  -1.74391925e+00
   1.29461502e+00
  -9.32491593e-02
   5.10456711e-01
   1.53907538e+00
   1.19833554e+00
  -6.70096244e-02
   5.08645264e-01
   1.36535819e+00
   1.48748612e+00
  -9.36180519e-01
  -3.20383096e-01
  -3.36060921e-01
  -1.58071734e-01
   1.16638208e+00
  -8.17528506e-01
   3.97741084e-01
  -6.72823934e-01
   1.38992091e+00
   1.94424248e-01
  -2.85143995e-01
  -1.48567117e-01
   7.87718309e-01
  -2.15316089e-01
  -6.31732891e-01
  -7.98487582e-01
  -7.59341561e-02
  -7.91813336e-01
  -2.66917660e-01
   4.81985401e-01
   1.14676708e-06
  -1.43256200e+00
   5.03763330e-01
   4.92586306e-01
  -1.43406052e+00
  -1.07907125e+00
   2.49071488e-02
   9.82917184e-01
  -6.15480932e-01
  -4.46736359e-01
   2.79179599e-01
  -1.84910716e+00
  -7.85888303e-01
   4.30383238e-01
   6.29143055e-03
   8.26951082e-01
  -2.82992614e-01
   1.20715454e-01
   1.57649757e+00
   1.05773910e+00
   8.35126920e-01
   5.64705848e-01
   1.74454571e-01
  -8.11877701e-01
  -5.62048914e-01
  -1.32138374e-01
   2.92055215e-01
   2.83125582e-02
   9.70070992e-01
   1.56313033e-01
   9.68198896e-01
   8.65394586e-01
  -2.56232264e+00
  -7.04524122e-02
  -7.92128495e-01
   1.09097497e+00
  -1.68704804e+00
   1.31588220e+00
  -4.22462030e-01
  -2.88150198e-01
  -8.81985982e-01
   3.97671692e-01
   2.65512537e-01
   1.41784608e+00
   6.94977498e-03
   5.66147804e-01
   5.71795476e-01
  -8.74740329e-01
   5.88001176e-01
   4.96784656e-01
  -4.96970463e-01
   9.70576942e-01
  -1.42013777e+00
  -6.02883356e-01
   3.99192106e-01
   2.12452711e-01
  -1.46938618e+00
  -1.25617298e+00
  -1.31116912e-02
  -5.51177940e-02
  -7.41802701e-01
  -1.01331053e-02
  -1.91581174e+00
   6.99400404e-01
   1.38751824e+00
   1.00697625e+00
  -3.22146859e-01
   9.98782877e-01
  -8.04002369e-01
   1.47948823e+00
   2.81645792e-01
  -2.67391224e-01
  -2.39080093e-01
   6.69742323e-01
   1.51856997e+00
  -7.67498280e-01
  -1.81390909e+00
   3.35720396e-01
   1.23008180e+00
  -4.88747245e-01
  -7.99293483e-01
  -7.06637706e-02
   6.31355081e-01
  -4.12360334e-01
   1.49284990e+00
  -1.18211417e+00
  -1.73976488e+00
  -3.73416531e-02
   2.39547108e+00
  -3.57671156e-01
  -2.49581943e-01
   2.94187017e-01
   2.83313986e-01
  -7.43589484e-02
  -1.01133043e-02
  -4.30152798e-01
  -2.83906506e-01
  -6.20349081e-01
   1.70587580e+00
   1.59705536e+00
   3.06487427e-01
   7.19344261e-01
   6.72666470e-01
   8.63004264e-01
  -2.12922106e-01
  -3.05688665e-01
  -1.11328345e+00
   3.01443823e+00
   5.14183934e-01
   5.16797161e-01
   6.82799258e-01
   4.61993095e-01
   4.81200376e-01
   5.15581044e-01
   3.12022126e-01
  -9.21823152e-01
  -6.53550600e-02
   9.26369404e-01
   1.52520130e-01
   1.66715812e+00
   1.90667024e+00
  -6.61809868e-01
   6.15651939e-01
  -2.27685324e-01
  -1.05772479e-01
   3.08683351e-01
  -3.27562484e-02
  -7.20942059e-01
   3.03095057e-01
   3.26145911e-01
  -9.36156656e-01
  -5.22461131e-01
  -6.49917880e-01
  -1.96674449e-01
   1.78350790e+00
   1.33124523e+00
  -1.94743146e+00
  -4.06225845e-01
   1.02667967e+00
  -9.04144946e-01
   5.78033750e-01
  -3.97533501e-01
  -3.49809821e-01
  -7.70231642e-01
  -2.98953883e-01
  -3.40808408e-01
  -5.74179125e-01
   2.40721143e-01
  -1.20836546e+00
   5.48333976e-01
   4.07710585e-01
  -3.23731016e-01
   4.09466655e-01
  -2.56326094e-01
  -4.98948106e-01
   7.35778105e-01
   4.73453974e-01
   7.72530447e-02
  -3.50456759e-01
   2.54563278e+00
   6.45754216e-01
   1.14156272e+00
   1.68798967e-02
  -8.85624638e-01
  -1.32786439e+00
  -2.20645321e+00
  -1.14804781e+00
   1.48786931e+00
   7.75923660e-01
  -3.76729139e-01
  -8.88303090e-01
   2.04915994e+00
   5.33128038e-02
   2.49091593e-01
  -4.89321871e-01
  -1.09308313e+00
   8.72232357e-02
   7.15956850e-02
  -5.99145366e-01
   1.32778469e+00
  -9.37642925e-01
   7.38674453e-01
   1.58235069e+00
  -9.32633829e-03
  -1.36290992e+00
   2.30759840e+00
   8.08804222e-01
  -1.61587655e-01
   3.82639302e-01
  -4.08712712e-01
  -3.37878203e-01
  -1.14043648e+00
  -1.87905817e+00
  -5.51410420e-01
   1.48353547e-01
  -1.70747289e-01
   1.58133627e+00
  -7.91373483e-01
  -1.20546074e+00
   5.88350055e-01
  -1.36186671e-01
   1.41326348e-01
   4.17031092e-01
  -1.64456863e-01
  -7.66914895e-01
   7.71603080e-01
  -1.19650228e+00
   3.40811826e-01
   6.50792508e-01
  -2.50837118e+00
  -1.85246870e-02
  -1.39376065e-01
   9.09238348e-01
  -1.02545893e+00
  -1.28593591e+00
   1.23147616e-02
   4.41409379e-01
   2.56111446e-01
  -1.18156027e-01
  -1.34059918e+00
   5.64335118e-01
  -1.82130320e+00
  -3.95494995e-01
   5.33225550e-01
   1.85916017e+00
   1.90999704e+00
   6.51817692e-01
   1.12366910e-01
  -3.88111736e-01
  -2.10853022e-02
  -1.38038829e-01
   2.40823390e+00
  -5.27604825e-01
  -5.17085516e-01
  -1.24456715e+00
   1.43568085e+00
   1.03618507e+00
  -2.88084049e-01
   1.39647500e+00
   1.17454530e-01
  -2.64022633e-01
   1.89672564e+00
  -1.69425974e+00
  -5.48368387e-01
  -1.22455114e-01
  -2.23920840e-01
  -2.85257931e-01
   1.23304357e+00
   1.74523020e+00
   2.84130274e-01
   1.28020017e+00
   5.45992465e-01
  -3.68369543e-02
  -3.64518344e-01
  -1.62217947e+00
  -9.28770030e-02
   4.60630758e-01
   1.16833820e+00
  -7.28744280e-01
  -6.51141624e-01
   1.47410494e+00
   4.01371137e-01
  -1.23751005e+00
   2.75544491e-02
  -6.76854877e-01
   1.39062560e+00
   2.20504805e+00
   6.43230500e-01
   1.32036767e+00
  -7.85723073e-01
   1.63794176e+00
  -8.98835069e-01
   2.01192579e+00
   2.80174845e-01
  -1.48307225e+00
  -4.05975777e-01
  -1.09621997e+00
  -1.75167719e-01
  -1.33572942e-01
   1.37169702e+00
  -2.95617455e-01
   4.03516524e-02
   2.67259354e-02
   1.88145957e+00
   9.44031999e-01
   4.26040957e-01
   8.87858573e-01
   4.70815233e-01
   1.30353584e-01
  -1.12280637e+00
   1.17817421e+00
  -9.36445384e-01
  -1.99035328e-01
  -2.31038016e-01
   4.40453459e-01
   2.97384791e-01
   4.71752733e-01
   4.45080867e-01
   1.47818094e-01
   9.83462043e-01
   1.19282608e+00
  -9.30766209e-01
  -2.11380996e-01
  -2.38962913e-01
   8.05121846e-01
   7.76086090e-02
   1.72063022e-01
   6.44537712e-01
  -2.49060459e-01
  -7.13201904e-01
  -1.50991045e+00
   6.93038174e-01
  -7.33794081e-01
   5.97968905e-01
   2.18302912e+00
   6.33312325e-01
   1.78151708e-01
   4.15088670e-01
  -6.27726545e-01
  -6.59911711e-01
   1.15612367e-01
  -5.09542883e-01
  -1.49133428e+00
   7.10123376e-01
  -9.14789630e-01
   6.54589543e-02
   2.33890564e+00
  -8.68001475e-02
   4.59886275e-01
   7.13992627e-01
   2.28637160e-01
   2.93501159e-01
  -1.66390385e-01
   6.57499501e-01
  -6.14322879e-01
  -4.34544327e-02
   7.34935035e-01
   1.39076147e+00
   1.01679200e+00
  -1.78891577e+00
  -5.14971952e-01
  -1.76555222e+00
   2.30923041e+00
   5.58447522e-02
   6.00579251e-01
   1.02815567e+00
  -6.43338828e-01
   1.17937739e+00
   6.32349577e-01
   8.65298079e-01
  -9.29569579e-02
   1.09612539e+00
   3.38351618e-01
   1.41907516e-01
   8.02003629e-01
   1.22865409e+00
   2.78828356e-01
   1.89623678e+00
  -3.64677386e-01
  -5.45689828e-01
   4.69399104e-01
   1.15675196e+00
  -7.84473604e-01
   2.24411439e-01
   1.77574639e-01
  -1.00525655e+00
   2.13295280e-01
   7.01847693e-01
  -1.71476859e-01
  -7.70534913e-01
  -1.91997781e-01
   4.88384594e-01
  -4.27326162e-01
  -4.61689122e-01
   1.15827729e+00
  -8.49341974e-01
  -9.22007505e-01
   9.28666560e-02
   1.06662832e+00
  -3.00179939e-01
  -8.62572530e-01
   8.48518875e-01
   7.22358910e-01
   9.04542030e-01
  -6.09838487e-01
   1.45328844e+00
   1.47822755e+00
  -1.93411427e+00
  -1.37839318e-01
  -3.26534840e-01
  -5.71147129e-01
   8.77127636e-01
   1.29317334e+00
  -1.57744378e+00
  -2.67952402e-01
  -1.76762518e-01
  -5.75077600e-02
   1.54547129e-01
   7.76299809e-01
  -8.96637834e-01
   2.93348751e+00
  -5.35361328e-01
   1.70619391e+00
  -9.35248775e-02
  -7.52203381e-01
   4.38251960e-01
  -6.57644438e-01
  -5.05218716e-01
   1.32919204e+00
  -4.42428382e-01
   2.36316204e-02
  -1.23131561e+00
  -2.63046510e-01
   8.28829793e-01
  -5.16604630e-01
  -3.52326466e-01
  -2.13968192e+00
  -8.79760429e-02
   6.35327615e-01
   2.28398391e+00
  -1.70646323e+00
   6.19906733e-01
  -1.92597777e-01
   2.35092783e+00
  -5.69886998e-01
  -1.37507279e+00
  -1.77637986e+00
  -2.03356544e-01
   8.85464318e-01
   1.11943435e+00
  -1.16192954e-01
  -1.68160185e-01
   7.77980075e-02
   8.62540516e-01
  -1.02512772e+00
  -4.95546998e-02
  -3.23412119e-01
   3.77764398e-01
  -1.06878419e+00
  -2.13421800e+00
   1.37349341e+00
  -1.36586467e+00
   7.08743000e-01
  -8.31651578e-01
   2.50239034e-01
  -1.51078393e-01
  -5.65411174e-01
  -9.79554674e-02
  -1.09524036e+00
   1.63040864e+00
   1.20296927e-01
  -1.68714298e+00
  -2.90984347e-01
   7.71372017e-01
   5.81976885e-01
   1.63914158e+00
   1.31450177e+00
  -1.51863074e+00
  -1.38607972e+00
  -6.40051862e-01
  -4.24272829e-01
   2.84437473e+00
   1.18244630e+00
  -1.51742467e+00
  -1.33684875e+00
   2.48563352e-01
   7.34818035e-01
  -3.62707062e-01
  -6.32006136e-01
   1.38441587e+00
  -9.63671892e-01
  -1.83168231e+00
   7.64947931e-02
  -1.37082733e-01
   9.86567665e-01
   4.66582194e-02
  -9.36424479e-01
  -1.35079811e-01
  -3.60705660e-01
  -4.16799145e-01
   4.94599975e-01
  -1.41071448e+00
  -4.76169632e-01
   1.02063067e+00
   4.28023699e-01
  -2.72814057e-01
  -2.19615243e+00
  -1.06640883e+00
  -1.06359381e-01
  -2.46481879e-01
   2.16848657e-01
  -8.25863411e-01
  -1.60807925e+00
  -2.98398947e-01
   8.90527255e-01
  -3.83367266e-01
  -8.54486879e-01
   7.44847834e-01
   1.32420906e+00
   4.57039483e-01
   1.32684872e+00
  -1.59917246e+00
   2.14091307e-01
  -2.63455079e+00
   8.57676986e-01
   8.51369977e-01
  -9.69219548e-01
  -1.36287948e+00
  -3.81773134e-01
   1.54592764e+00
   1.00245686e-01
   6.68038389e-01
  -5.63862049e-01
   1.53211557e-01
   8.14646486e-01
  -6.81437429e-01
  -4.45226700e-01
  -5.11633268e-01
   1.70276111e+00
  -9.80372471e-01
  -4.26207858e-01
   1.09798039e+00
  -5.77832880e-02
  -4.34879194e-01
  -3.58399564e-02
   1.03316619e+00
   4.01485557e-01
  -3.84580484e-01
   8.39322410e-01
   2.32643248e-01
  -5.37653589e-02
   1.55394200e+00
  -2.03510941e-01
   5.08854603e-01
  -7.32148810e-01
   5.17199834e-01
  -6.74406675e-01
  -6.72672306e-01
   5.66008769e-02
   6.36159644e-01
   1.21595342e+00
  -1.07718600e-01
  -7.15519911e-01
  -1.02592251e+00
  -8.62764263e-01
  -1.07055469e+00
  -1.31433986e+00
  -1.11508318e+00
  -2.95491694e-01
  -4.07100093e-01
  -6.12228927e-01
   1.16454209e+00
   1.30775934e+00
  -1.34363923e+00
  -3.32263473e-01
   8.18400198e-01
   7.34467935e-01
  -3.71171154e-01
  -5.18611816e-02
   1.26569907e+00
  -2.80339264e-01
   1.37822770e+00
   5.54221859e-01
   4.98764873e-01
  -6.12816426e-01
  -4.51724933e-01
   6.32895230e-01
   4.75235846e-01
   3.44498090e-01
   1.42175100e+00
   2.06580550e-01
   1.28715148e+00
   7.50209216e-01
   4.33737900e-01
   3.69473791e-01
   7.21584703e-01
   5.08088467e-01
   6.20688687e-01
  -1.24152687e+00
  -1.15993365e+00
   1.30600458e+00
   1.16970532e+00
  -5.55891048e-01
  -3.64059547e-01
  -1.15214269e+00
   5.86441651e-02
   5.96037119e-01
  -5.91729781e-02
  -8.08843562e-01
  -7.81402895e-01
   1.31936479e+00
   9.03352832e-01
  -2.53819547e+00
   1.22938053e-01
  -7.00603224e-01
  -6.88620395e-01
   9.12023173e-01
  -1.13430285e+00
  -5.20283538e-01
   6.23493954e-01
  -6.59545322e-01
   6.39173797e-02
   6.69904245e-01
  -3.64923175e-01
  -3.47974347e-01
   8.08251798e-01
  -7.35478066e-01
  -6.56764948e-01
   7.02053170e-01
   1.42103178e+00
  -4.24503268e-02
  -4.69677488e-01
  -1.14871209e+00
   7.89092308e-01
  -1.20984424e+00
  -4.22267427e-01
   9.18527417e-01
  -4.35152645e-01
  -6.81873384e-01
  -7.52054819e-01
   4.80370814e-01
  -1.07008225e+00
   1.02071396e+00
   1.63866167e-01
  -7.61660900e-01
   1.46152741e-02
   4.25775900e-02
   6.31458329e-01
   3.61827200e-01
  -1.45823277e+00
   1.16765539e+00
  -6.52108504e-01
  -8.29506737e-01
  -5.14297293e-01
  -1.60130269e+00
  -2.07347941e+00
   5.27678062e-01
   1.30083793e+00
   4.25453765e-01
  -8.90253276e-01
  -7.02309100e-01
  -1.49497781e+00
  -1.76588401e-02
   7.08074267e-01
   1.33230624e-01
   1.62872463e+00
   4.93690319e-01
   1.71569470e+00
  -1.24143355e+00
  -1.11881192e+00
  -4.90803781e-01
  -3.44994460e-01
   6.22044837e-01
  -1.17941883e+00
  -9.00679217e-01
   2.24088672e+00
   1.14365155e+00
   7.37963435e-01
   9.21688624e-01
   1.05629357e+00
  -8.58668072e-01
  -6.90189280e-02
   2.13790157e-01
  -3.25583109e-01
   5.40968766e-01
  -7.70906845e-01
   2.53186331e-01
   1.24149932e-01
   1.14888889e+00
   9.60009918e-01
   1.38531610e+00
  -1.59409468e+00
  -2.49615230e-01
  -1.81643157e+00
   3.03245849e-01
   5.53772572e-01
  -8.22415644e-01
  -1.08211776e+00
   2.89625773e+00
   1.75660744e-01
  -7.30677550e-01
   1.84235234e+00
   2.35127493e-01
   5.72235533e-01
   1.41824027e+00
   2.74684775e-01
  -7.32510069e-01
   1.42452546e+00
   7.29251981e-01
   2.03193606e-01
   9.42043718e-01
  -1.80925163e-01
  -3.41904022e-01
   1.34207751e+00
  -9.75327477e-01
   2.37185804e+00
  -3.56014717e-02
   1.09844429e+00
   4.34601969e-01
  -2.93327611e-01
  -1.81250779e-01
   1.07671354e+00
  -9.77850041e-01
  -1.62653606e+00
  -3.16744654e-01
   3.91957214e-01
   6.28950598e-01
  -1.69427399e-01
   8.42602069e-01
  -5.26557884e-01
  -3.87149148e-01
   2.24143305e-01
  -1.14319163e+00
   4.07613269e-01
  -4.81977750e-01
  -7.91319931e-01
   3.62647319e-01
  -1.14936646e+00
  -3.13336702e-01
   1.03622760e+00
   7.41296040e-01
   1.92715118e-01
  -7.22355134e-01
   1.80881687e+00
  -3.07059570e+00
   1.47650203e+00
  -1.89900985e+00
  -1.43094147e+00
  -1.02096265e+00
  -1.04250614e+00
  -1.24204747e-01
  -1.84560136e+00
  -1.38758808e+00
   1.22205353e+00
   1.14329078e+00
  -5.66927815e-01
   1.09280524e+00
  -2.07481211e+00
  -1.28905225e+00
   5.83212088e-01
   2.98976308e-01
  -1.25555050e+00
  -1.66218903e-01
  -1.03665829e+00
   4.40312098e-01
  -8.73420657e-01
  -9.93060493e-01
  -4.87973100e-01
   7.61913788e-01
   1.71449065e-02
  -2.55311303e-01
   2.31551489e-01
  -2.59098992e-01
   2.26478439e-01
  -1.43305532e+00
  -7.52620036e-01
   4.85939812e-01
   8.36853021e-01
  -7.29124760e-01
   3.20318055e-01
   1.98175659e-01
   9.37271123e-01
  -1.19465236e+00
  -1.07267898e-01
   1.53319925e+00
   3.26001132e-01
   2.42908289e-01
   4.28342312e-01
  -2.51574456e-01
   3.29637740e-01
   6.23127600e-01
  -4.38050347e-01
   1.15149136e+00
  -1.03192361e+00
  -5.23543545e-01
  -6.08408200e-01
   2.93355006e-02
   4.15607538e-01
  -9.95447228e-01
  -1.15251304e+00
   7.41712084e-01
  -1.19641038e+00
   3.70266972e-01
  -9.59523847e-01
  -9.36170166e-01
  -2.02865871e+00
   1.31778193e+00
  -7.01695517e-01
   1.11101754e+00
  -1.37669614e-01
   1.18919729e+00
  -9.18565272e-01
  -7.22058330e-01
   3.93413430e-01
   7.37634271e-01
   2.21775992e-01
  -5.75513165e-01
   2.67507315e-01
   1.06080415e+00
   6.16994095e-02
  -1.44568688e+00
   7.97795416e-01
  -1.24426613e+00
   1.17398477e+00
   5.13988981e-01
   1.00633233e+00
   3.52397763e-01
   7.41056437e-01
  -8.43133480e-01
   3.59652466e-01
   2.20114870e+00
  -7.52086010e-01
  -5.88866414e-01
  -1.43617841e+00
   1.24843185e-01
  -1.03870321e+00
  -2.20561010e+00
   1.54783216e+00
   1.22523318e+00
   2.73148266e-01
  -9.49287923e-01
   1.83353914e-01
   4.40593398e-01
  -2.47426820e-02
  -4.34638778e-01
   1.42032004e-01
  -3.11302223e-01
  -2.49162962e+00
  -2.22496774e+00
  -1.61781880e-01
   1.30343436e+00
   1.06208539e+00
  -7.28208593e-01
   5.04234954e-01
   1.32083436e-01
  -5.77575080e-01
  -7.92975329e-01
   3.47348652e-01
  -9.64735965e-01
  -1.77778014e+00
  -2.26475591e+00
  -1.13138482e+00
   6.05306223e-01
  -1.28291315e-01
  -3.61291237e-01
  -4.50091231e-01
   8.49399167e-01
   1.88491171e-01
   6.04367096e-02
   1.34866062e+00
   3.32589841e-01
  -1.03132590e-01
   5.48011788e-01
  -5.98548598e-01
   8.95189364e-01
   1.25290461e+00
  -5.88309842e-01
  -3.21918467e-01
  -1.45549496e-01
  -4.59738551e-01
  -1.36469697e+00
   1.80098939e+00
  -3.18412752e-01
   1.25724802e-01
   3.31320355e-01
   1.50058760e+00
   5.38154616e-02
   1.62160070e+00
  -2.36492015e+00
  -4.09884299e-01
   8.08338759e-01
  -4.83966648e-01
   7.40964741e-01
  -1.01369837e-01
  -2.81467252e-01
  -7.95684151e-01
  -2.32130759e+00
   1.19712452e+00
  -2.75713099e-04
   2.28663297e-01
   2.32241087e+00
  -4.72732866e-01
  -1.31745217e+00
   2.15402996e+00
  -2.83391172e-01
   1.07606115e-01
  -3.15959377e+00
   1.03339453e-01
  -1.64490102e+00
  -6.28614132e-01
   9.58650418e-01
  -8.42696108e-02
   7.99142630e-01
  -3.25440863e-01
   6.96130885e-01
   2.18712337e-01
   3.78149932e-01
  -1.60029045e-01
  -1.55759403e-01
  -1.06028331e+00
  -2.83856993e-01
  -1.05252175e+00
  -5.40829397e-01
   1.96082031e+00
   8.08045318e-01
  -1.26209414e+00
  -7.81975843e-02
  -1.82366755e+00
  -5.55449432e-02
   2.24093036e+00
   2.31098989e-01
  -1.45349033e+00
  -9.01573245e-01
   2.62073041e-01
   2.22435734e-01
   6.75867151e-01
  -2.07488183e-01
   3.47015479e-01
  -8.05974504e-01
  -5.37963182e-01
  -2.61059240e-01
  -4.85639036e-01
  -5.50584134e-01
  -4.82928353e-01
  -5.57261969e-01
   2.00177092e+00
   6.22876860e-01
  -1.29760617e+00
  -1.92041852e+00
   9.27588752e-01
  -8.68534411e-01
   8.56564704e-01
   1.45709325e+00
  -4.11958903e-01
  -2.69200154e+00
   8.37903215e-01
  -2.14988701e-01
   3.49835064e-02
   9.51695240e-01
   1.06767838e+00
   9.51961784e-02
  -1.09977878e+00
   3.76787235e-01
   1.93810090e-01
  -1.79802713e+00
   6.60039478e-01
   7.63769313e-01
   2.31492469e-01
  -4.02349201e-01
   2.76496449e-01
  -1.46679170e+00
   1.77959924e+00
   6.41007820e-01
  -1.05184001e+00
  -4.11492048e-02
   1.05525718e-01
   3.53263231e-01
  -8.70836477e-02
   2.47812783e-01
  -9.43737235e-01
   4.20978851e-01
   2.40079286e+00
  -4.02637267e-01
   5.23046060e-01
   1.44706455e-01
   7.29832887e-01
   1.35279595e-02
   1.58778664e+00
   1.80814637e+00
  -1.24287934e+00
   5.60051603e-01
  -1.18102016e+00
   6.30658224e-01
  -1.91171748e+00
  -1.51983279e+00
   2.88050859e-01
   1.32352716e+00
   2.82362518e-01
  -1.73804584e+00
   6.73289139e-01
  -1.29693137e+00
   7.66356123e-01
  -7.68018751e-01
  -5.25027257e-01
   1.27787509e+00
  -2.67105153e-01
   4.70736414e-01
   7.22693613e-01
  -1.27911400e+00
  -6.18407925e-01
   1.43480357e+00
   9.91570950e-02
  -1.31534032e+00
   2.07839603e-01
  -3.25286463e-01
  -1.04586455e-01
   2.45734867e-01
   8.10751194e-01
  -6.75671877e-01
  -2.82196948e-01
   1.40157706e+00
  -1.60544597e-01
   8.14284113e-01
   4.48914917e-01
   7.88569558e-01
   1.17543962e+00
  -9.50096147e-01
   4.73107842e-01
   2.70795865e-01
  -6.05314692e-01
   3.70740521e-01
   7.95923145e-02
  -3.41661218e-01
   9.47197352e-01
   8.82740720e-01
  -5.17380278e-01
  -6.29477848e-02
  -7.32858537e-01
  -1.27747373e+00
   6.60554702e-01
  -1.00678340e+00
  -1.65257883e+00
   6.34770895e-02
   1.99283149e-01
   9.54799561e-01
   1.33178025e+00
  -4.20231559e-01
  -1.17158694e+00
  -1.28172387e+00
  -8.93593633e-02
  -3.27176207e-01
   6.90611957e-02
   4.05102003e-01
   4.51824356e-01
  -6.83372977e-01
   9.31941758e-01
   1.61512598e-01
  -1.10832590e+00
  -1.19468258e+00
  -8.33943650e-01
   4.81653156e-01
  -4.12045118e-01
   1.00941239e+00
  -3.81181441e-01
  -8.91566692e-01
   6.22920242e-01
  -1.73929102e+00
   3.71709529e-01
  -6.41330944e-01
  -5.85208219e-01
   5.64082971e-01
   3.90601424e-02
  -1.23197735e+00
  -1.54585155e+00
  -8.40501524e-01
   3.52712084e-01
   5.79986068e-01
  -5.86371025e-01
   7.17596765e-01
  -2.47327636e-01
   1.68225328e+00
  -4.30770059e-01
   1.43314912e-01
   4.63244161e-01
   3.70285107e-01
   1.06759175e+00
  -8.57439607e-01
  -5.62570597e-01
   1.13910939e+00
  -1.86968698e+00
  -1.71273199e-01
   8.22592903e-01
   1.12699599e+00
  -1.16803808e+00
  -5.02422597e-02
   1.83615701e-01
  -5.39014002e-01
   3.38290248e-01
   2.74105435e-01
  -4.97032587e-01
   1.22330414e+00
  -5.64460699e-01
   1.51718032e+00
   3.56039518e-01
  -4.87028083e-01
   1.56356012e+00
   3.70302980e-01
  -3.25376238e-01
  -7.94971358e-02
   6.03412503e-01
   1.14565173e-01
  -1.26209437e-01
   2.98902577e-01
   1.20381311e+00
   5.28271986e-01
  -1.24846811e+00
   7.00251074e-01
   4.38652276e-02
   4.19260460e-01
   3.93328236e-01
  -1.53815935e+00
   1.24884626e+00
   1.67399591e-01
  -3.24608902e-02
   7.38268546e-01
  -3.78474851e-01
  -8.99184534e-01
   1.13476817e+00
  -9.19283957e-01
   1.59218476e+00
  -1.08851106e+00
  -1.11394949e+00
  -7.16665813e-02
  -1.55943010e+00
  -5.07101924e-01
  -5.05168727e-01
   1.37044993e+00
   2.51685789e-01
  -4.81555171e-01
  -1.25806423e-01
  -1.43390138e+00
   1.37897492e-02
   5.76351272e-01
  -4.09439610e-01
   4.87861457e-01
   2.83276873e-01
  -1.13480130e+00
  -3.08976797e-01
  -1.16724574e+00
  -2.06583769e-01
  -7.34685915e-01
   8.31945643e-01
  -1.54383805e+00
   9.05929545e-01
  -3.54350892e-01
   2.07833344e-01
  -3.89302099e-01
  -1.41087470e+00
  -2.15486264e-01
   7.58714866e-01
   8.42497114e-01
   3.63993485e-01
   1.29344447e+00
   4.34365340e-01
   1.13797333e+00
  -1.70664556e-01
   2.06854168e+00
  -1.39239000e+00
   1.21051761e+00
   5.72406199e-01
  -1.00036387e+00
  -6.66936675e-01
  -4.15611321e-01
   9.29090880e-01
   3.71783313e-01
  -1.16879447e+00
  -1.79085270e-01
  -1.70389453e-01
   5.46811420e-02
   9.40126231e-01
   1.43048071e+00
   2.00095775e-01
   1.60048345e-01
   2.06455905e+00
  -1.76941845e+00
   8.67465935e-01
  -2.37023927e-01
  -1.20500201e+00
  -5.76351493e-01
   2.61812536e-01
  -1.63770517e-01
   2.05963507e+00
  -1.91393889e-01
   2.54257493e+00
  -4.22157894e-02
  -4.10948429e-01
   4.50482577e-01
  -8.84316805e-01
  -2.88079313e-01
   5.39767934e-02
  -1.25621453e+00
  -9.16510614e-01
   2.39338792e+00
  -2.86858539e-01
  -5.04358432e-01
   1.43336884e-01
  -2.66808665e-02
  -2.59323846e-01
  -1.67557365e+00
   7.21085947e-01
   1.88623442e-01
   1.59931517e+00
  -6.41887988e-01
   1.33007324e+00
  -4.70036143e-02
   1.41048640e+00
  -9.55712235e-01
  -1.13498009e+00
  -1.90884379e-01
  -1.14484459e+00
   4.11905048e-01
  -1.47744911e+00
   1.69774495e+00
   2.42177435e+00
  -9.85124956e-02
  -8.84951569e-01
   2.26933309e+00
  -1.01153786e+00
   6.56635697e-01
   4.55352439e-01
   1.27437860e-01
  -6.83457502e-01
   9.14889729e-01
  -3.90833360e-01
   8.72117435e-01
  -3.27512391e-01
  -5.67077133e-01
  -1.43278984e-01
   5.96396734e-01
  -6.25505226e-01
  -5.43973558e-01
  -1.93408009e+00
  -7.79937288e-02
   1.66172902e+00
   6.58017081e-01
   2.97223966e-01
   6.19090331e-01
  -1.66599340e+00
  -1.02816758e-01
  -1.52255298e+00
   8.51073254e-01
   1.41531772e+00
  -2.85949124e+00
  -8.93032715e-01
  -2.13790168e-01
  -9.94523933e-01
   5.04458422e-01
  -1.25313582e+00
  -8.55354660e-01
   2.40934169e-01
  -1.72311839e+00
   6.87564108e-01
  -2.47801718e-01
  -2.84753936e-01
   1.31077084e+00
  -1.61634567e+00
  -8.13504818e-01
   1.73046170e-01
   5.66578262e-01
  -1.57588749e-01
  -1.70018686e+00
  -1.35248514e+00
   6.63981239e-01
   1.29343674e+00
  -2.41568821e-01
   3.05314525e-01
  -1.51173911e+00
  -1.16765085e+00
   5.85088814e-01
  -1.72755467e+00
  -3.71444071e-01
   1.14084006e+00
  -7.98523580e-01
   3.56659858e-01
  -4.02109976e-01
   7.57587286e-01
  -3.23844058e-01
   6.99975072e-01
  -6.40410732e-01
   1.15684258e+00
   8.49297730e-01
  -1.49051261e+00
  -1.55319176e+00
  -1.79414150e+00
  -1.54419909e+00
   9.88482901e-01
  -4.49969321e-02
   4.84437219e-01
  -9.23481119e-02
   2.36521002e-01
   1.02152032e+00
  -1.43051588e+00
  -1.19293276e+00
  -1.10817728e+00
  -1.12392397e+00
  -1.39285749e+00
   2.67820841e-01
   6.31343051e-01
   1.30191610e+00
  -3.82050090e-01
   8.86393726e-01
   1.21253195e+00
  -1.65325515e+00
   6.33817717e-01
   3.79184580e-01
  -7.17230872e-01
  -9.04929902e-01
   1.80452831e+00
  -8.59111386e-01
  -6.55142138e-01
  -2.80531533e-01
  -7.94911968e-01
   1.16061521e+00
  -3.61048596e-02
  -1.30739979e+00
   8.56163499e-01
   6.63534252e-01
   6.91082978e-01
  -1.98874310e-01
   5.98948383e-01
   1.01699095e+00
   1.16527433e+00
  -8.20230392e-02
  -6.74771185e-01
  -9.01514135e-02
  -1.54862444e-01
  -1.60675254e-01
  -5.74332945e-01
   7.23498868e-01
   1.24755970e+00
  -1.56834349e+00
  -2.82645142e-01
   7.49687644e-01
  -2.18295719e-01
  -1.11949984e+00
   4.04416217e-01
   1.82770076e+00
   1.90083061e-01
  -1.53082179e-01
  -5.76797426e-01
   5.56826563e-01
   1.74247002e+00
  -1.49667875e+00
  -2.00613334e+00
  -2.27000603e-01
   1.63262334e+00
   9.07822247e-02
   5.04600470e-01
   5.28501940e-01
  -3.21598309e-01
   3.87826221e-01
  -2.46519684e+00
  -6.61317096e-01
  -2.29446326e+00
   1.02053781e-01
   7.80965498e-01
   8.66768228e-01
  -6.31195567e-01
   1.30189756e+00
  -3.73963041e-01
   9.45781566e-01
  -1.22685407e+00
   1.48695528e+00
  -6.22838149e-01
  -1.54777120e+00
   1.70385519e+00
   1.00136369e+00
   1.33079997e+00
   2.34005686e-01
  -1.02873987e+00
  -1.00127684e+00
  -9.69858131e-01
   1.08902466e+00
  -6.07722109e-01
  -8.16988556e-01
   1.39864742e+00
   6.21809836e-01
   9.94539119e-01
   3.33147845e-01
  -1.42306515e+00
  -1.23532176e+00
  -7.60776256e-01
  -6.33013456e-01
   9.80909420e-03
   6.35093515e-01
   4.68112521e-01
   1.04364349e+00
   3.00985947e-01
  -4.00832450e-01
  -4.42356728e-01
   1.17857172e+00
  -5.06771438e-01
   4.25939471e-03
   7.91441516e-01
   2.02923896e+00
  -1.32804100e+00
   1.56708734e+00
   5.44218817e-01
   3.66671653e-01
   1.39964781e+00
  -1.27363952e+00
  -1.41631738e+00
  -1.00196967e-01
   9.65236286e-01
  -2.75782536e-02
  -1.61723817e+00
  -1.49419179e-02
  -7.52805445e-01
  -2.58117011e+00
  -4.85630591e-01
   9.71348307e-01
  -2.49051495e+00
   1.54207169e+00
  -8.87753459e-01
  -6.68391202e-02
  -1.09045632e+00
  -3.35677447e-02
   9.94569107e-02
  -1.27851877e+00
   3.15200509e-01
   4.75547498e-02
   5.70640444e-01
   9.73430762e-01
  -5.58310109e-01
   7.27691039e-01
   2.84778314e-01
  -1.19735860e+00
  -5.89862861e-01
  -5.65183962e-01
   6.84536740e-01
  -2.50290701e+00
   1.36824356e+00
  -2.10914498e+00
  -3.40271178e-01
   1.03236866e+00
   7.35386824e-01
  -6.71936512e-01
  -1.09550099e+00
   8.09252100e-01
   2.08970211e+00
  -2.74222606e-01
  -4.29851006e-02
   3.84476541e-01
   7.06749452e-01
   5.16145155e-01
  -1.18888454e-01
   1.80606789e+00
   2.97685173e-01
   1.39295936e+00
  -2.90613306e+00
  -1.04960316e+00
  -1.36914780e+00
  -9.65028032e-01
   7.35082590e-01
  -2.47781628e-01
  -1.58402397e-01
   2.13997413e-01
   1.59682536e+00
  -7.60266571e-01
   7.41562818e-01
  -1.24834823e+00
  -9.48900536e-02
   3.69013489e-01
  -7.00175480e-01
  -1.67640744e+00
   6.86101275e-01
  -6.43743566e-01
   6.05029218e-01
  -1.97698825e+00
   1.18589119e-01
  -6.60014240e-01
   6.11792321e-01
   2.64408038e-01
  -4.64916453e-01
  -4.08867037e-01
   8.94689765e-01
   5.02778624e-01
   4.79702697e-02
   8.34648045e-01
  -1.68859630e+00
   7.06864752e-01
  -4.54105617e-01
  -2.06823179e-01
  -2.40005359e-01
   7.13609611e-01
  -7.21546794e-01
   2.14996247e+00
   1.01285733e+00
   1.39537588e-01
   1.27955589e-01
   1.53136713e-01
  -1.79873186e+00
  -2.01658123e+00
   1.27479326e+00
   2.41528204e-01
   9.13288583e-01
  -5.16430825e-01
   1.27166617e+00
  -2.91573830e-01
   2.77617538e-02
  -7.51251792e-01
   3.38772269e-01
   6.84829971e-01
   4.53226313e-01
   2.18547066e-02
   2.51433547e-01
   5.07804281e-01
   4.15347717e-01
  -8.56215895e-01
  -6.75257858e-02
  -1.77178586e+00
  -1.69531167e+00
   1.66574365e-01
  -1.43559620e+00
   2.18147353e-01
  -1.16488214e+00
  -2.07018908e+00
   6.45718202e-01
  -4.07070251e-01
  -9.77764327e-01
  -7.19924791e-01
   1.30609299e+00
  -1.25060242e-01
   1.19571328e+00
   3.79199499e-01
   8.84814274e-01
   1.82350544e-01
   1.74349611e+00
  -5.44618451e-01
   1.82132880e+00
  -4.59851105e-01
  -2.11416922e-02
   7.83839365e-01
  -3.88099116e-01
  -2.17367079e+00
   3.13744299e-02
  -1.59520434e+00
  -1.03417437e+00
   1.86607592e+00
  -1.94846417e+00
   6.61065795e-01
  -2.19367586e-01
  -6.37955903e-01
  -9.17807076e-01
   3.87709823e-01
   8.33476672e-02
   1.68706963e-03
   1.21788305e+00
   5.33066063e-02
   6.83273296e-01
  -1.87455314e-01
   3.98534019e-01
  -2.37911097e-01
   1.31350902e+00
  -7.50732084e-01
  -5.07466162e-01
  -1.56411328e+00
  -2.71843269e-01
   3.88888166e-01
  -3.44387450e-01
   2.52925810e+00
   2.20454610e+00
   3.61282768e-01
  -1.60741881e-02
   3.39251742e+00
  -2.85098356e-01
   2.81962871e-01
  -3.91731333e-01
  -5.75344609e-02
   2.52057444e-01
   9.93494095e-01
   1.68536819e+00
   2.09348214e-02
   1.43573813e-01
  -1.40543484e+00
  -9.01144246e-01
  -1.60039961e+00
  -2.81470182e-01
   2.79831216e-01
   1.47111945e+00
   1.16272235e+00
  -1.83766457e+00
   3.64690236e-01
   6.67871991e-01
  -1.53907856e+00
   2.08176666e+00
   3.40264101e-01
  -4.80900263e-02
  -1.78958155e-01
  -2.03618575e+00
   2.65885732e+00
   1.93016978e-01
  -3.20066737e-01
   5.04172409e-02
  -5.78322292e-01
  -2.87068970e-01
  -1.12453547e-01
   3.33290014e-02
  -1.21347275e-01
  -7.14227161e-01
   2.11844417e-01
   1.39533302e+00
  -1.40770187e+00
   7.20440976e-01
   5.60595454e-01
  -6.55686640e-01
   1.78097011e+00
  -3.07748967e-01
   3.73240634e-01
  -2.24924723e-01
  -1.25304451e+00
  -1.53857804e-01
  -6.24893235e-01
  -7.06696186e-01
   1.26543583e+00
   2.91257846e-01
   4.62671521e-01
  -3.79203219e-01
  -2.73909465e-02
  -4.49491127e-01
  -3.76644249e-02
  -2.60349306e-01
   4.82817596e-01
   8.93160722e-01
   1.16029177e+00
  -1.04088417e-01
  -1.82879598e-01
   3.50920802e-01
   1.33372104e+00
   1.81769982e-01
  -2.92960980e-01
   1.17329003e+00
  -1.44588775e+00
   1.30117902e+00
   1.59186551e-01
   1.33945072e+00
   3.69702995e-01
   2.15688167e-01
  -2.53035119e-01
  -1.34677030e+00
   1.70883422e+00
  -6.36108463e-01
   1.97728888e-01
  -1.47903358e-02
  -5.11426840e-01
  -3.38051775e-01
   2.93394956e-02
   8.09786725e-01
  -2.39073278e-01
   8.87470187e-01
  -1.30681462e+00
  -7.78743643e-01
   1.47359528e+00
   2.34435918e-01
  -1.27197718e+00
   1.06628916e+00
  -6.58210834e-01
  -9.35738181e-01
   5.18139955e-01
   2.11309057e-01
   1.57274074e-01
   1.98542912e+00
   8.84822244e-01
   4.39820008e-01
   2.05076607e+00
  -4.56625903e-01
   1.59155975e+00
  -1.40070381e+00
  -1.36602021e+00
  -3.39504738e-02
   2.31330441e-01
  -7.81555457e-02
   1.47825853e+00
  -1.23624004e+00
  -3.96364900e-01
   5.73780882e-01
  -5.48103463e-01
   9.11602359e-01
   7.29349785e-01
  -8.16936597e-01
  -1.16717046e+00
  -1.43503133e+00
   1.75339805e-01
   1.68790534e+00
   1.47242367e+00
  -8.07446364e-01
  -1.43230942e-01
   2.46073069e+00
   9.19719412e-01
   1.24518703e+00
  -7.13443159e-01
  -4.76650566e-01
  -5.53186553e-01
   6.14920397e-01
  -3.43303763e-01
   5.48968707e-01
   5.16585480e-01
  -4.24668505e-02
  -1.09284620e+00
  -9.89198462e-01
  -7.43015318e-01
  -1.78781298e+00
   2.18906094e-01
  -7.28675310e-02
   4.18365667e-01
   1.56182892e-01
   1.41503015e+00
   1.06963540e+00
  -4.34480919e-01
   6.81632734e-01
  -6.60670096e-01
  -8.28748493e-01
   7.48797118e-01
  -1.18646647e+00
  -1.83423182e+00
  -2.34237539e+00
   1.48793047e-01
  -2.46389660e+00
  -1.61761421e-01
   2.13375146e-01
  -6.57191606e-01
  -5.08842461e-01
  -5.27814384e-01
  -1.91195913e-01
  -3.39992662e-01
  -4.74969654e-01
   1.91222898e-01
   7.85774068e-01
  -3.96826666e-01
  -1.31918815e+00
   1.25172187e+00
  -4.57128679e-01
   5.38503499e-01
  -1.39998665e+00
   3.48286785e-01
   3.12716192e-01
  -7.41723747e-01
   6.99720765e-01
   3.38082743e-02
  -7.15953346e-01
  -4.75585325e-01
   1.59171582e+00
   1.23989184e+00
   8.01044494e-02
  -3.60253698e-01
   7.28600125e-01
  -2.18185747e+00
  -3.65357927e-01
  -1.40230451e-02
  -2.01956287e+00
   6.44898720e-01
   6.82337987e-01
