 -1.11925343e+00
 -7.28766344e-02
 -2.84734641e-01
  1.51106003e+00
 -1.51115956e+00
 -7.97993987e-01
 -4.92690811e-01
  1.28279500e-01
 -8.24629723e-01
  1.35180511e+00
 -8.82006320e-01
  9.71142415e-02
  4.55182908e-01
  1.16708072e+00
 -8.96105562e-01
 -8.34073709e-01
  6.89010027e-01
  1.26456468e+00
  8.69309877e-02
  1.49589320e+00
  1.01861257e+00
 -1.39192340e-01
  1.72591388e-01
 -3.53925314e-01
  2.30557219e-01
  1.15791555e+00
 -1.56517535e+00
  1.78067461e+00
  2.59724060e+00
  9.69615636e-01
  9.59061545e-01
 -1.52358575e+00
 -1.16456234e+00
  6.40518450e-01
  1.33864460e+00
  2.00457749e-02
 -1.47191587e+00
 -3.07637571e-02
  6.05562276e-02
 -1.01181568e+00
 -1.40747247e+00
 -2.64735462e-01
 -1.23543549e+00
 -1.40268859e+00
  7.00337639e-01
  1.02520899e+00
 -1.37195904e+00
 -1.63230054e+00
 -1.01636090e-01
 -6.63016244e-01
  8.68596746e-01
  3.96584417e-01
 -4.94394946e-02
  2.03771745e+00
  1.03480985e+00
 -7.73122147e-01
 -1.51944603e+00
  1.52835882e-01
 -2.87949348e-01
  1.72300632e+00
 -1.08163438e+00
 -7.20102970e-01
 -1.26240736e+00
  8.30213440e-01
  8.27604282e-01
  8.11827233e-01
 -1.53545437e+00
  1.15472945e+00
 -1.35257049e+00
 -5.32435302e-01
  1.26980728e+00
  1.96452951e+00
 -7.66869573e-01
  1.68671208e-01
 -2.00094032e+00
  3.80304132e-01
 -4.55216023e-01
 -6.10285876e-01
  1.55973145e-02
  2.05022262e-01
 -5.78154085e-02
  2.40881987e-02
 -5.53204975e-01
  6.29456377e-01
 -3.60059936e-01
  1.14644369e+00
  3.66177623e-01
  3.25225839e-01
 -8.46099356e-01
  5.54187685e-01
  1.88436389e+00
 -1.83383833e-01
 -5.12464548e-01
  1.00863634e+00
  1.25810055e+00
 -1.79920638e+00
  8.36778252e-01
 -1.75251328e-01
  6.39195198e-01
 -2.15349250e-01
 -4.52591751e-01
  2.12679370e+00
  1.62970699e-01
  9.74305334e-01
 -2.05257818e+00
  4.53921787e-01
  1.04625348e+00
 -1.73692359e-01
 -1.11740921e+00
 -4.63945920e-01
  1.13310733e+00
  6.00617200e-01
  2.27233870e+00
 -4.28125007e-01
  6.20730678e-01
 -1.15964263e-01
  3.53266511e-02
  2.62539193e-01
 -8.87775195e-01
  3.79404656e-01
 -6.59741745e-01
  1.82989341e-01
 -1.39350218e+00
 -1.20953939e+00
  1.20840085e+00
 -6.73034350e-01
  9.84308833e-01
 -4.37360452e-01
  1.02302998e+00
  3.78648298e-01
  7.73554053e-01
  2.90562617e-01
 -1.13418424e+00
 -8.07747579e-01
  6.24759385e-01
 -1.25410090e-01
  3.71903004e-01
  9.50821450e-01
  4.04285307e-04
  9.47574719e-01
  5.34406418e-01
 -2.60697989e-01
 -2.51322208e-01
  4.04239598e-01
  5.10674693e-02
 -2.20011143e+00
 -5.69545237e-01
  3.98418809e-01
 -2.50868936e+00
  5.03823319e-02
  5.46816075e-01
 -3.27438337e+00
  1.05619227e+00
 -5.05125644e-01
  4.80450990e-01
 -5.80967422e-01
  3.45370267e-01
 -1.27399357e+00
 -1.00342509e+00
  4.49391873e-02
  2.27481296e+00
 -3.07770771e-01
 -1.04497467e+00
 -1.42655851e+00
  1.85766852e-01
 -3.60285407e-02
  2.69547598e-01
 -2.04624969e-01
 -9.58565120e-01
 -6.12744825e-01
 -1.01710632e+00
 -1.33826096e+00
  1.05857830e+00
 -1.39394069e+00
 -2.89390090e-01
  9.83374491e-01
  6.49495859e-01
  5.82383148e-01
 -2.03521155e-01
  7.56142000e-01
 -2.74119866e-01
  2.01746466e-01
 -1.33142541e+00
  1.57955196e+00
  1.12162919e+00
 -1.61194557e-01
 -1.22940934e+00
 -1.43712854e+00
  1.41209428e-01
  2.09735098e-02
 -1.61734430e+00
  1.80998859e-01
  1.95720773e+00
  9.99487545e-01
  1.78175060e-01
  1.02683474e+00
  1.46081691e+00
 -9.71060084e-02
 -5.18416424e-01
  3.29988842e-01
 -1.24884020e+00
 -1.32657303e+00
 -9.33014281e-01
  2.30018568e+00
 -1.70151495e-01
 -5.51866153e-01
 -2.43744905e+00
  3.60872755e-01
 -2.98784351e-01
  1.19201394e+00
  1.13583482e-01
 -1.51085435e+00
  5.82924651e-01
 -1.75756811e+00
  3.04593134e-02
  7.96051794e-01
 -2.08247962e-01
 -8.73990906e-02
  1.60433086e+00
  8.70016966e-01
  2.70202218e-01
 -1.57187461e+00
  5.97439229e-01
 -5.45589933e-01
  1.69160693e+00
  1.52758042e-01
 -4.72539198e-01
  6.91606741e-01
 -1.52311975e+00
 -4.27693641e-01
  1.65700057e+00
  8.76816477e-02
  1.33892172e-01
 -1.31708319e+00
  4.44526054e-01
 -9.35637179e-01
  2.21399128e+00
 -5.56474367e-01
  2.28437070e-01
  9.98115681e-01
  5.60925755e-01
  1.01159922e+00
  1.24833473e-01
 -1.16698739e+00
  5.66154599e-01
  9.12137061e-01
 -1.17268126e+00
  1.14419974e+00
 -6.25266970e-01
  9.06018070e-02
 -6.10038765e-01
  1.27591883e-01
 -9.49751690e-02
 -1.17908498e-01
 -5.27332314e-02
  8.46657061e-01
  8.29730513e-01
 -3.16542272e-01
 -1.68808527e+00
 -1.04154821e-01
 -1.00217669e+00
  5.35858622e-01
  2.44272537e+00
 -1.18807910e+00
 -1.48117040e+00
 -1.01743013e+00
 -1.78559340e-01
 -2.44053063e+00
 -9.00489532e-01
  2.76627536e-01
  3.53091490e-01
 -2.24168455e-01
  3.34206755e-01
 -1.35576925e+00
  2.11463830e-01
  1.79442108e+00
  1.09157318e+00
  1.61803116e+00
 -7.64152434e-01
 -1.26265811e+00
 -2.06734490e+00
  3.09418572e-02
  1.78927021e-01
 -1.05383375e+00
  5.23338579e-01
 -7.41248768e-01
 -1.80079663e+00
 -8.27772260e-01
  3.15145597e-01
  6.34191327e-01
  7.38056954e-01
  5.85458600e-01
 -8.21934456e-02
 -4.72351357e-02
  3.44827014e-01
 -4.13394821e-01
  1.86797754e+00
  8.74360134e-01
 -6.49178010e-01
 -9.03159229e-01
  2.34988814e-01
 -1.55427712e+00
  1.67396189e+00
  1.16173498e+00
 -1.49576017e+00
 -1.69572736e+00
  1.53234794e+00
 -2.56850332e+00
 -9.57089808e-01
  2.08693006e-01
 -4.57032928e-01
 -2.75475988e-01
 -8.92081996e-01
 -8.49965433e-01
 -4.18062176e-01
  6.07343839e-01
  1.32199166e-01
  6.62299880e-01
 -3.65029249e-01
  6.95930419e-02
 -1.22732218e+00
  1.92941612e-01
  9.05931218e-02
  9.54906249e-02
 -1.49644924e-01
  2.28085167e+00
 -7.07457188e-01
  1.71955214e+00
  2.52655666e-02
  2.77451870e-01
  8.99514126e-02
  4.91979288e-02
  3.29392808e-01
 -9.66011405e-01
 -9.48328101e-01
 -2.34417538e-01
 -1.49929522e-01
 -3.78227906e-01
  2.98511319e-01
 -1.94156879e-01
 -8.62950538e-01
 -8.97495047e-01
 -8.90806114e-01
 -1.28967726e+00
 -6.46006882e-01
  1.80497320e-01
  1.00965324e+00
 -1.09528314e+00
  3.41548996e-01
  2.71141244e+00
  9.62996834e-01
 -1.09693419e+00
 -1.10613272e+00
 -8.00114721e-01
 -1.25309325e+00
 -8.21861682e-01
  2.92915583e-01
  2.39464370e-02
 -5.96912013e-01
 -1.04025044e+00
 -5.84880285e-02
  1.45430308e-01
  5.98539740e-01
  1.37930429e+00
 -2.52547613e-01
  1.32070278e-02
  1.30708591e+00
 -5.95349588e-02
 -2.55948244e-01
  1.11282354e+00
 -3.03320128e-01
  2.45509640e+00
 -1.52396454e+00
  1.03941684e+00
 -1.40372437e+00
  7.59631900e-02
  6.65151041e-01
  1.69396817e+00
 -6.49806212e-02
  1.32658846e+00
 -5.56013765e-01
  5.81539431e-01
 -8.07553994e-01
  2.21038880e-01
 -2.64135875e-01
  6.56118217e-01
  3.10964865e+00
  1.34290446e+00
 -2.37540713e-01
 -4.01513494e-01
 -9.38412422e-02
  8.00483136e-01
 -7.29427376e-01
 -7.61048098e-01
 -1.21336689e+00
  1.23523412e+00
  2.23880534e+00
 -1.06304641e+00
  2.13489399e+00
 -1.20902756e+00
 -1.91193437e+00
 -1.55900984e+00
  5.68374596e-01
 -1.59155323e-01
 -5.81978845e-01
 -1.31584060e-01
 -1.03203528e+00
  3.74852838e-01
 -1.83944514e+00
  1.67908248e+00
 -5.36738186e-01
  7.75148447e-01
  9.19401850e-01
  1.26673310e+00
  5.51494193e-01
  1.87298828e-01
  7.79399093e-01
  7.89849812e-01
  2.70777297e-01
 -1.19368639e-01
 -4.12465885e-01
 -2.89650303e-01
  1.24060321e-01
 -1.76400489e+00
  3.37282310e-01
  1.46265651e+00
 -8.03143881e-01
  1.58865065e+00
  1.98662448e+00
  4.39695078e-01
  4.29353028e-01
  7.82790755e-02
 -1.80359313e+00
  3.85136826e-01
  1.87925138e-01
 -2.66176810e-01
 -1.92879808e+00
  1.39504493e+00
 -1.18493321e+00
  7.36881716e-01
 -1.51616393e+00
 -1.32263378e+00
  1.89237303e-01
 -8.13865518e-01
 -8.76195026e-01
 -7.45630749e-01
 -6.35045955e-02
  1.74434152e+00
  5.16890594e-01
 -1.92392548e+00
  1.46194513e+00
  8.52108845e-01
  1.81865621e+00
 -7.27854316e-01
 -1.80114558e+00
  9.92593481e-01
  7.60000628e-01
 -1.18534352e+00
  6.21215635e-01
 -5.45737205e-01
  3.03021033e-01
 -1.48458645e-01
 -2.52328534e-01
  1.66997633e-01
  9.69238434e-02
 -8.70396928e-01
 -1.18405707e+00
  3.90901412e-01
 -5.87171177e-01
 -1.25263289e+00
  1.82648655e+00
 -4.00728308e-01
  1.08191363e+00
 -1.35073267e+00
  3.83207134e-01
  2.95299772e-01
  1.42210251e-01
 -1.32234356e+00
  2.74122509e-01
 -2.67527002e+00
  1.64316285e+00
 -1.33668752e-01
 -2.72382890e-01
  3.87830552e-01
  2.38844279e+00
 -5.32359619e-01
 -3.20838920e-01
  1.18976953e+00
  1.04635862e+00
  3.42338917e-01
 -1.36317207e+00
 -2.16450126e-01
  9.31878321e-01
  4.79689866e-01
  3.14887672e-01
 -8.64504354e-04
 -1.61347924e+00
  2.84458478e+00
 -7.74986322e-01
  1.33123487e+00
 -1.79427533e-01
  1.55209641e+00
  1.22990158e+00
  7.66787924e-01
  6.40527547e-01
  2.41682784e-01
  1.27385238e+00
  6.05382044e-01
 -6.06071298e-01
 -9.03536005e-02
  2.36579334e-01
 -2.18179172e+00
  7.08037973e-02
 -3.38717783e-01
  1.11524447e+00
  3.91833525e-01
  1.35922837e+00
  4.28632828e-01
 -1.19581667e+00
  7.62307010e-01
 -1.24840186e+00
  4.34418396e-01
 -7.43158777e-01
  6.99753741e-01
 -2.00079999e-01
  8.38185066e-01
 -4.11818531e-01
  4.17196740e-01
 -1.04607360e+00
 -6.47837835e-01
  1.87367075e+00
 -9.05697957e-01
 -4.57993404e-01
 -1.09302623e-01
 -6.05841762e-01
  4.49146994e-03
  2.38394608e-01
  2.21824854e-01
  1.39759339e-01
 -3.08748204e-02
 -6.39827620e-01
 -5.70768188e-03
  1.14275454e-01
  2.92206487e-01
 -1.32133456e-01
 -1.17553479e+00
  1.42170313e+00
  1.50100327e+00
  3.13438347e-01
  2.91820766e-01
 -8.62913338e-01
 -3.38564163e-02
  6.82511420e-01
 -9.81891569e-01
 -2.33205493e-01
 -1.46084054e+00
  1.57793957e+00
  3.30016132e-01
 -1.87902166e+00
 -8.38063106e-01
  1.99590126e+00
  1.07827334e+00
  4.86821948e-01
  1.84542848e-01
 -3.62404550e-01
 -7.04350353e-01
 -5.08756914e-02
 -3.35389113e-01
 -2.15207692e-01
 -4.96985254e-01
 -1.40057210e+00
  1.13729717e-01
 -7.00180520e-01
  9.25791567e-01
 -1.01332785e+00
 -1.17003673e+00
 -3.29501070e-01
 -6.36829256e-03
  3.11727331e-01
 -2.76313254e+00
  9.90733071e-01
  3.18909200e-02
  3.42131741e-01
 -8.70196381e-01
 -6.28978198e-01
 -8.25071748e-01
 -6.84056784e-01
  3.25424512e-01
 -2.21599386e+00
 -8.32092316e-01
  7.53882545e-01
  6.13060726e-01
 -9.89754868e-01
  7.23299169e-01
 -1.06567348e+00
 -9.64058418e-01
  1.07122579e+00
  3.79345356e-02
 -2.25710160e-01
  6.85915628e-01
  9.06120531e-01
  1.06679209e+00
 -5.28010914e-01
 -1.72252445e+00
 -1.86238748e-01
  1.87205405e+00
 -1.29025672e+00
 -4.00916414e-01
  6.41821639e-03
 -1.01730011e-01
  3.74621926e-01
  1.54376630e-01
 -7.38387060e-01
 -5.81364014e-01
 -6.93115944e-02
  2.71449025e-01
 -1.30180598e+00
  7.27049181e-02
 -1.16056676e+00
  2.11687000e-01
  1.09633645e+00
  2.00783628e-01
  4.72778158e-01
  1.10296528e+00
 -2.31042969e-01
  6.77708965e-01
 -3.85977937e-02
 -1.17449711e+00
  1.06437030e+00
 -4.21516919e-01
  1.25541112e+00
 -1.16944569e+00
 -3.42637435e+00
 -1.31047577e+00
 -8.28370430e-02
  7.61905954e-01
 -1.15799305e+00
 -2.07748257e+00
 -1.11970105e-01
 -2.05379786e-01
  3.91250306e-01
  1.23063019e+00
 -3.21675932e-01
  7.87567251e-02
  1.99468357e+00
 -1.72968787e+00
  2.36772020e-01
  6.86674268e-02
 -3.62194688e-01
  8.50311757e-01
  5.63923478e-01
 -5.83909233e-01
  1.25477996e+00
 -8.38695938e-01
 -5.52091672e-01
 -1.24211192e+00
  5.53112038e-01
 -1.25618524e+00
 -6.36176157e-01
  1.46398508e+00
 -1.33541825e+00
 -1.70340346e-01
 -1.83228925e+00
 -6.79970480e-01
  1.15465063e+00
  6.97514125e-01
 -8.72760420e-01
 -7.71570356e-01
 -2.35078328e-01
  9.83648350e-01
  9.56168653e-01
  1.37067227e+00
 -8.41134255e-01
  1.20696497e-01
  2.42312723e-01
  3.97037103e-01
  2.26338509e-01
  7.91577075e-01
 -3.82020586e-01
  9.64616689e-01
  8.94099656e-01
 -1.04047195e+00
  2.16099890e+00
  5.75943617e-01
 -4.47855833e-01
  1.07001045e+00
  5.75100393e-01
 -7.42356692e-01
 -5.21356681e-01
 -3.58010144e-01
 -5.82880732e-01
 -3.36873507e-01
 -3.49045788e-01
 -4.40821541e-01
  6.18619442e-01
 -3.76309663e-03
  3.29679955e-02
 -1.33075326e+00
  2.71926417e-01
 -1.15089974e+00
  2.10456380e+00
  2.36702266e-02
 -3.01070227e+00
  1.18240402e-03
  1.15776512e+00
  1.97588766e+00
  8.59630595e-01
  1.66793692e+00
 -1.69883708e+00
 -1.54742885e+00
 -5.92609359e-02
  1.16552210e+00
 -9.42315884e-01
 -7.84362861e-01
 -1.57785604e+00
 -1.37662839e+00
  1.21063260e+00
  1.79178910e-01
 -1.98985918e-01
  7.74921991e-01
 -2.10406888e-01
 -1.88381939e+00
 -1.96899365e-01
  7.17121295e-01
 -3.51123791e-01
  1.38748614e-02
 -1.31502850e+00
  4.03053446e-01
  8.30361433e-01
 -3.78154225e-02
 -3.59249402e-01
 -1.60115526e-01
 -1.42625039e+00
  7.75289559e-01
  1.31917264e+00
  2.10876793e-01
 -5.63493303e-01
 -3.92971510e-01
  3.64799274e+00
  1.91280648e+00
  1.43125415e+00
 -9.26667462e-01
 -8.98554748e-01
 -2.39010028e-01
  5.39674179e-01
 -5.28656604e-01
 -2.76694129e-01
 -4.23803571e-01
  5.61459372e-01
  1.25013768e+00
 -6.26833906e-01
  1.71144505e+00
 -1.09691466e+00
  1.34932900e+00
  9.59332984e-03
 -6.12967242e-01
  5.87385186e-01
 -2.00148621e+00
 -9.71302315e-01
 -9.69925292e-01
  2.95713613e-01
 -1.87750096e-01
  2.60652260e-01
  4.30533037e-01
  4.51536648e-01
  1.17378221e+00
  3.61496391e-01
  9.08464457e-01
  5.83792265e-02
  2.20439286e-01
 -1.45874043e-01
  3.89917067e-01
 -1.18621871e+00
 -8.15313529e-01
 -3.70633176e-01
 -3.02436140e-01
  1.28046981e+00
  1.26723371e+00
 -1.32821599e+00
 -1.22431696e-01
 -2.67610782e-01
  1.51781658e+00
 -5.98301713e-01
  8.70478167e-02
 -1.33485430e+00
 -1.81827514e-01
  6.46509508e-01
 -4.61924257e-01
  1.25401775e+00
 -1.07292712e+00
 -1.31971458e+00
 -9.62798000e-01
 -1.37812305e+00
  4.38424658e-01
  1.08180393e+00
 -1.08995405e+00
 -2.73797019e-01
 -1.24734390e+00
  5.62624011e-01
  6.64360600e-01
  3.68709683e-01
  1.76476272e+00
 -3.26019003e-01
  9.98371717e-01
  2.28763908e+00
  1.47308854e+00
  4.77252073e-01
  8.64008741e-02
  5.06546127e-01
  1.25566469e+00
  4.20534991e-01
 -9.12791767e-02
  1.03337852e+00
 -4.53313781e-01
 -2.55788393e-01
 -1.44825584e+00
 -2.57304811e+00
  4.08450642e-01
  1.01611897e+00
  2.20638613e+00
  2.21058155e+00
 -1.27806734e+00
  8.47777103e-01
 -1.08983948e+00
  1.07243125e+00
 -4.21395436e-01
 -1.01477992e+00
  9.66225004e-01
  1.64635346e+00
  1.82258427e-01
 -9.40094790e-01
 -5.12654152e-01
 -1.51542198e+00
  1.43150527e+00
  1.60891757e+00
 -1.11592928e+00
  6.66221620e-01
 -1.90091055e+00
 -1.10291249e+00
 -1.66357269e+00
 -3.77627858e-01
 -2.04724241e-01
  1.21331037e-01
 -7.16059226e-01
  3.00412265e-01
 -7.60844780e-01
 -3.83564303e-01
 -8.82221351e-01
  2.50826211e-01
  4.98659646e-01
  1.09063145e+00
 -7.29707040e-02
  9.90915123e-01
 -7.23723000e-01
  2.13144720e-01
 -6.86115850e-01
 -1.10224541e+00
 -3.43739623e-01
 -8.21282093e-01
 -9.35567960e-01
  1.85624642e+00
 -6.45270856e-01
 -1.88801592e+00
 -6.01785535e-01
 -1.57412180e+00
 -3.77517576e-01
 -9.18291547e-01
  3.24516940e+00
 -9.38238010e-01
 -6.24047458e-02
 -1.19178030e+00
  6.69393022e-01
  7.34962598e-01
  9.57974298e-01
  1.04853104e+00
 -9.11836207e-01
 -3.16967891e-01
  8.88570843e-01
 -2.31570387e+00
  4.03966234e-01
  3.13512024e-01
  3.36377816e-01
  5.80952207e-01
  3.77457438e-01
 -1.44853156e+00
 -3.66292015e-02
  1.14788686e+00
  3.73218485e-01
  1.36465244e+00
 -6.70089440e-01
 -3.69348759e-01
  1.29074127e+00
  2.16418946e+00
 -1.69502309e+00
 -1.00235579e-01
 -4.47688390e-01
  1.44131299e+00
 -6.86787195e-01
 -4.42744292e-01
  3.75918230e-01
 -9.28748259e-01
 -1.25595685e+00
 -1.07624792e+00
 -6.70067504e-01
  1.22164472e+00
  1.60402756e-01
 -1.19227185e+00
 -4.49667713e-01
 -1.63539948e+00
 -1.29267424e-01
 -1.35658906e+00
  1.55379191e-01
 -1.11800688e+00
  1.51580145e+00
 -5.78579691e-01
  8.70119544e-01
 -1.94160556e-01
 -2.07269663e+00
  4.26886689e-01
  1.39877247e+00
 -8.64081646e-01
  4.91878003e-01
 -5.96667878e-01
 -7.58121528e-01
 -1.07976575e-01
 -3.03044693e-01
 -1.14150389e+00
  1.00545260e+00
 -1.37618453e+00
 -2.39581664e-01
 -1.24115838e+00
 -1.62298372e-01
  6.67778772e-01
  1.25304826e+00
  5.60914126e-01
  9.17335679e-02
 -3.60109261e-01
  5.83533549e-01
  4.65115854e-01
  1.41784218e+00
 -1.13535503e-01
 -3.92856789e-01
  3.36947823e-01
  2.68496290e-01
  1.43110570e+00
  8.69926323e-01
  8.01837398e-01
 -5.99165421e-01
 -6.09294387e-01
 -1.08538583e+00
 -5.14257791e-01
 -1.16390543e+00
  1.12978531e+00
 -2.00073922e+00
  1.67403949e+00
  1.29627196e+00
  3.32952115e-01
 -3.58827329e-01
  2.00352882e+00
 -1.62039011e+00
 -5.55256826e-01
  2.31525663e-01
  4.34010555e-01
 -1.64598580e-01
  2.25635371e-01
 -6.34988818e-01
  1.35546862e-01
 -2.62652917e-02
  2.98676816e-01
 -4.93767203e-01
 -1.24564988e+00
  1.75346528e+00
 -3.74941414e-01
 -3.03116338e-01
  1.53536825e-01
 -3.97341687e-01
 -4.41629156e-02
  8.97234193e-01
  9.18295381e-01
  6.01364623e-01
 -1.49579834e-01
 -6.06432340e-01
  4.65579081e-01
 -1.31386166e+00
  5.40868564e-01
 -6.32616908e-01
 -1.25187619e+00
  1.20333611e+00
  8.06913777e-01
  9.03953744e-01
  5.64398505e-01
  1.08915795e+00
 -2.62665784e-01
 -9.26218867e-01
 -6.80889896e-01
 -9.97008753e-01
 -1.12365836e+00
  6.98581356e-01
 -1.07347785e+00
  4.54951650e-02
 -5.02689085e-01
  1.94064023e+00
  9.84154255e-01
 -1.39091034e+00
  6.89850408e-01
 -3.93774907e-01
  8.88545551e-02
  1.07303260e+00
  4.90758360e-01
  3.01009401e-01
 -5.44251374e-01
 -8.06146493e-02
 -2.62338766e-01
 -1.08244512e+00
  6.66107630e-01
  4.42114582e-01
 -6.39089177e-01
  9.19503018e-01
  3.69476585e-01
  1.72318916e-02
  1.39879611e+00
 -6.43284674e-02
 -7.13274333e-01
 -1.47141824e+00
  1.80085023e+00
 -2.97078793e+00
  9.21138752e-01
  2.06315671e-01
  1.20326480e-01
 -3.19917607e-01
  8.51175550e-01
 -3.53567158e-01
 -7.74454204e-01
 -4.07755014e-02
  1.72191731e-01
 -8.59129177e-02
 -1.46841431e+00
 -2.31649303e-01
 -1.01849015e+00
  1.65534280e+00
 -1.02125770e+00
  2.23472727e+00
 -2.64519656e-01
 -7.17793321e-01
  3.19112138e-01
  4.58224950e-01
  2.34698176e-01
  4.40975967e-01
 -2.71883920e+00
 -2.38043397e-01
  1.44537684e+00
  1.23279155e+00
 -1.23399321e-01
 -2.53755291e-01
  3.68255751e-01
 -1.91462430e+00
  1.02057974e+00
 -8.85373623e-02
  1.44357810e+00
 -1.42808688e-01
  3.18133479e-01
  1.02750366e+00
 -7.93340621e-02
 -9.02093794e-02
  1.33751891e+00
  2.01140703e-01
 -4.11967408e-01
  4.54813332e-01
  1.17453669e+00
  1.32372171e+00
  2.03814154e-01
  1.31977508e+00
 -1.43809635e-02
  3.15174417e-01
 -1.15174196e+00
  1.28078466e+00
  2.45949885e+00
 -5.09859520e-01
 -1.59433279e+00
 -1.25544818e+00
  9.47184366e-02
 -1.39103910e+00
  5.87347121e-02
 -2.27748126e-01
 -1.25280575e+00
  1.26014994e-01
 -1.49711680e+00
 -1.11748816e+00
 -3.77305238e-01
 -1.20730334e+00
 -2.00833171e+00
  2.96733716e-02
  1.92332447e-02
 -7.22345268e-01
  1.10664121e+00
  2.83308519e-02
 -5.22115955e-01
  1.43380704e+00
 -1.40486876e+00
 -8.14343649e-01
 -1.27285913e+00
 -5.67668482e-01
  2.11257489e-01
 -1.21750793e+00
 -6.68215245e-01
 -1.18811796e+00
 -1.81176092e-02
  7.81207814e-01
 -8.75921848e-01
  1.18570638e+00
  6.34565234e-01
 -5.64122128e-01
  4.31892622e-01
 -6.36614829e-01
  1.69936245e+00
 -6.48737029e-01
  5.23560242e-01
 -8.15921348e-01
 -1.87151439e+00
 -1.15397965e+00
  1.06544461e+00
 -1.65542645e+00
 -1.09130507e+00
 -5.50101474e-02
  8.42303475e-01
 -8.79566807e-01
  1.88244009e+00
 -1.90714764e+00
  3.30698208e-01
  8.00590511e-01
  3.91743970e-01
 -6.56672295e-01
  2.06475901e-01
 -4.35844575e-01
  1.16847351e+00
  1.35817023e+00
 -6.37805434e-01
  9.66421581e-01
 -3.23436706e-01
  1.25395442e+00
  1.25284301e+00
 -2.08800352e-01
 -5.51240624e-01
  8.86664171e-01
 -5.45141498e-01
 -6.68194326e-01
 -1.54972834e-01
  5.59419383e-01
  1.29179371e-01
  7.72464313e-02
 -6.47306893e-01
  8.74385106e-02
 -7.78863429e-01
 -4.62119474e-01
  2.61711823e-02
 -6.25218079e-02
  1.43750215e+00
  4.82347482e-01
  1.04623696e+00
  7.16428625e-01
 -5.70964804e-01
  9.97266219e-01
  8.49971902e-01
 -1.46217888e+00
 -3.77255401e-01
  1.37665659e+00
  4.56969392e-01
  7.05507289e-01
  5.52445313e-02
 -2.13385179e-01
  7.72135448e-02
 -1.84985449e-01
 -1.09900858e+00
 -4.95675331e-01
 -9.33855134e-01
 -5.94886983e-01
 -4.83976205e-01
 -8.07803777e-01
 -3.90885050e-01
 -4.34677423e-01
 -9.01001568e-01
  1.41090350e-02
  1.29739765e+00
  9.23715313e-03
 -7.54660268e-01
 -4.26014603e-01
  4.47593227e-01
 -1.01776140e+00
  1.53164481e+00
  2.87862630e+00
 -1.37599450e+00
 -4.05887990e-01
  1.97995336e-01
  3.27851480e-01
 -8.99531037e-02
 -1.01949155e+00
 -2.08872599e-02
 -2.43085477e-01
  3.90437006e-01
 -1.97493829e-01
  1.47563155e+00
  2.47912888e-01
  1.06315335e+00
  1.99233466e-01
 -3.12784188e-01
  2.11628406e+00
 -1.08359327e+00
 -7.05329177e-01
 -9.12638648e-02
  6.86630497e-02
  6.15543241e-01
 -8.95397810e-01
  1.78420158e+00
  9.74815882e-02
  6.08283039e-01
 -4.60944439e-01
  1.82347444e-01
 -8.45977035e-02
 -1.25051559e+00
  3.66918469e-02
 -7.40597174e-01
  3.59178362e-01
  1.49002858e+00
  4.30948832e-01
  7.71456123e-01
 -1.08545544e+00
  6.61290530e-01
 -8.24452459e-01
 -6.10623927e-01
 -6.92579205e-01
 -8.14546423e-01
  1.11519057e+00
 -6.14365278e-02
 -2.04705449e+00
  5.62244615e-01
 -6.76800287e-01
 -4.66146130e-01
 -1.25862614e+00
  2.17561076e+00
 -4.64008497e-01
 -6.96287361e-01
  2.29493316e-01
 -4.04847304e-01
  1.52280735e-01
  1.49958032e+00
 -7.88071177e-01
  6.21167317e-01
 -4.86748851e-01
 -4.92236967e-01
  9.00575990e-01
  2.77286734e-01
 -6.52913148e-01
  6.34455230e-01
 -1.99989764e+00
  3.80611037e-01
 -3.88695857e-01
  8.00288148e-01
 -9.63405087e-01
  1.17025442e-01
 -1.35394767e+00
 -1.74436746e-02
  1.10697019e+00
 -4.42925862e-01
  1.97883943e+00
  4.06788755e-01
 -3.00499840e-01
  7.76315750e-01
 -5.26744904e-01
  1.92194596e-01
  1.22580658e+00
 -8.49674541e-01
 -1.10398289e+00
  6.07576502e-01
 -8.51504627e-01
 -8.77190607e-01
 -9.08312961e-01
 -2.06770559e-01
  5.70766940e-01
 -1.19622055e+00
  1.53087026e+00
 -9.29192498e-01
  2.69268306e-01
 -1.80259984e+00
 -7.69179767e-01
 -8.18060009e-01
  9.73665201e-01
  1.29792382e+00
  1.17278730e+00
 -5.45138757e-01
  3.85429367e-01
  5.02143788e-01
  1.74910346e+00
 -6.64406388e-01
 -1.25823939e+00
 -4.71173498e-01
 -2.65027945e-01
  1.41561676e+00
 -2.44703168e-01
 -1.81647438e-01
  7.26049776e-01
  1.19586963e+00
  6.34627949e-01
  2.09147820e+00
 -8.79232125e-01
  1.15464839e+00
  3.38446071e-01
 -2.89790306e+00
 -9.40756177e-01
 -8.28455075e-01
  1.30159888e-01
 -1.41289370e+00
 -4.89060676e-01
  6.19719137e-01
  8.83789134e-01
 -1.58237705e+00
  7.99938810e-01
  7.64833894e-01
  3.94118903e-02
 -1.45000123e+00
 -3.06345340e+00
 -9.29757810e-01
  3.62810004e-01
 -1.35258972e+00
  1.80126579e-01
 -2.12002795e-01
  1.62335669e-01
 -1.27683686e-01
 -1.78357941e-02
 -7.96416386e-01
 -1.18958149e-01
  1.27088128e+00
 -5.78925929e-01
  7.45966101e-01
  1.10368876e+00
  7.91863007e-01
 -3.95201410e-01
  7.34071977e-01
  2.43742520e-01
  1.04837797e+00
  1.17835170e+00
 -1.03863624e+00
 -1.56632006e+00
  4.95678523e-02
  2.26995002e+00
 -1.02238627e+00
  7.99762605e-01
  8.59157108e-01
 -3.14386910e+00
 -2.17755604e+00
 -3.04231633e-01
 -7.22925383e-01
  2.17174551e+00
 -4.00909462e-01
 -8.98322275e-01
 -3.16599436e-02
  1.24076804e+00
  4.14547247e-01
 -2.67610179e-01
  5.34721624e-01
  3.93663521e-02
  2.56023560e-01
  6.70825468e-01
  6.33277272e-01
 -1.71637376e+00
 -7.71422045e-01
 -7.03317945e-01
  2.55597228e-01
  1.69621755e+00
  7.51830198e-01
 -1.68700946e-01
  8.98877843e-01
  1.72524843e+00
 -7.83235039e-01
 -1.33848048e+00
 -6.79135663e-01
 -2.59139073e-02
 -9.21273000e-01
  3.96769752e-01
  9.89686647e-01
 -9.85370032e-01
  1.60993505e-01
  1.30908033e-01
  9.52862151e-01
  1.34764493e+00
 -9.39019030e-01
 -6.47212785e-01
 -6.60201549e-01
  3.03108590e+00
  2.18329772e-01
  3.97064669e-01
 -1.79867625e-01
  6.79398892e-01
 -8.48683718e-01
  9.77806233e-01
 -5.51115688e-01
 -1.51628935e+00
 -4.63527719e-01
 -1.15446073e+00
 -1.65990778e-01
  6.70073570e-01
 -1.24631254e+00
  2.70633035e-01
 -1.59968291e-01
 -1.27116476e+00
  1.11821261e+00
 -1.91793446e+00
  7.87054615e-01
  1.28247117e+00
  1.55549972e+00
  2.03612325e-01
  1.21862814e+00
  1.51964596e+00
  4.74015270e-01
 -1.68762408e+00
 -6.29543057e-01
 -4.56168638e-01
 -1.85528027e+00
 -6.05751105e-01
  4.45736464e-01
 -8.08063103e-01
 -7.58819990e-01
  1.35771457e-01
  7.94290260e-02
  1.29623814e+00
 -1.13180934e+00
 -1.26696167e+00
 -8.71770535e-01
 -2.96729539e-04
 -7.23258809e-01
  9.85137959e-01
  1.18482268e+00
  6.61961174e-01
 -2.38502608e+00
  5.32848173e-02
  8.06376867e-02
  1.68220513e+00
  8.92437124e-03
  3.93940880e-01
 -1.55772669e+00
  1.26275843e-01
  2.62009163e-02
 -2.25217662e-01
 -1.36977187e+00
  5.57212508e-01
 -1.26978318e+00
 -5.91315139e-01
  7.93766620e-02
  1.01074360e+00
  7.75159209e-01
 -1.33302129e+00
 -4.93379765e-02
  2.63857302e-01
  2.41590633e+00
  1.86107407e+00
  1.71462209e+00
 -5.98217203e-01
 -7.39327754e-01
 -4.16590559e-01
 -7.37737256e-01
 -7.34319694e-01
 -7.01629851e-02
 -7.77518598e-01
  8.86048485e-01
 -5.63627346e-01
  7.58330405e-01
 -1.81709607e-01
 -1.90191165e+00
  9.06034475e-01
 -4.74308556e-01
 -7.95278532e-01
  7.46918716e-01
 -2.88709465e-01
 -7.32823668e-01
  1.03061849e+00
  2.68580636e-02
  5.71168023e-01
 -5.31661323e-01
 -1.87671080e-01
  1.73603587e-01
 -6.39837771e-02
  1.00641960e+00
 -5.54990732e-01
  1.74614135e+00
 -1.19880283e+00
 -7.59484994e-01
 -6.66177790e-01
 -3.79777840e-01
 -2.54049929e+00
 -1.45645150e-01
  1.55833933e-01
  6.07368939e-01
  1.41979824e+00
  6.25897292e-01
 -3.54319417e-01
 -4.78911633e-01
  2.29977387e-01
  8.03153347e-02
  2.54057172e-01
  5.75724329e-01
  1.45334627e+00
  5.70487530e-01
 -2.69741863e-01
  3.39571356e-01
  2.33480588e-01
 -9.08294843e-01
 -1.87745672e+00
  1.05195088e+00
  1.34668308e-01
 -1.83165391e+00
  9.04192847e-01
 -3.64726545e-01
 -9.75982566e-01
  1.52513265e+00
 -7.74690332e-01
  1.23096026e+00
  6.63796749e-01
 -3.76873471e-01
  1.63233522e+00
 -6.27850776e-01
 -1.17460456e+00
 -2.84564612e-01
  1.70437592e+00
  1.91750574e+00
 -1.31555221e+00
 -5.78809259e-01
  3.20444933e-01
 -6.55501313e-01
 -5.25096925e-01
 -7.55371691e-01
  1.50350714e-01
 -1.20333733e+00
 -2.00803466e+00
 -6.09041036e-01
  3.72658295e-01
  2.56369578e-02
 -6.29447467e-02
  5.75994867e-01
  2.95134534e-01
 -2.27634780e-01
 -2.28081379e+00
 -2.40150565e-01
 -1.52333579e+00
  1.55001017e+00
 -1.11888935e+00
 -1.21249683e+00
 -7.86346028e-01
  1.14632783e+00
  3.59009708e-01
 -4.26224177e-02
 -2.39084872e-01
  9.76053748e-01
  2.67221776e-01
  7.26266301e-01
  1.65018245e+00
  1.83371207e+00
  1.40567722e+00
 -4.80612597e-01
 -1.26362096e+00
 -1.43366991e+00
 -7.58155259e-01
 -1.95871550e+00
  1.01792333e+00
  7.44929837e-01
 -6.40399629e-01
 -9.17723789e-01
 -4.92839259e-01
 -8.93394411e-01
 -3.55610965e-01
 -2.84677711e-01
  1.49727220e+00
  5.87173643e-01
 -1.06065791e+00
 -1.65993044e-01
 -1.18682696e-01
 -5.19247926e-01
 -1.17405304e+00
  1.51294183e+00
 -1.81407825e+00
  3.41087098e-01
  1.23585755e-01
 -2.21402395e+00
  4.83550961e-01
  4.78504175e-01
 -4.87156037e-01
 -8.69039569e-01
  9.67349096e-01
  1.19184431e+00
  9.63668316e-01
 -7.97003450e-01
 -1.60386707e+00
 -4.62557943e-01
 -1.92353314e-01
 -8.22716301e-01
 -1.61607707e+00
  1.34481788e+00
  2.16596025e+00
 -7.12019537e-01
 -5.94373474e-01
 -8.73732594e-01
  1.04986023e+00
  4.14390430e-02
  2.78782539e-01
 -8.61516765e-01
  1.31425106e+00
 -1.10593228e+00
 -1.59141352e+00
 -9.34901551e-01
 -2.68083924e-01
  2.20133696e-01
 -6.29446527e-01
  2.36987185e+00
  9.21343407e-01
 -4.85665569e-01
  8.96033585e-01
  5.61876631e-01
  7.65358949e-01
 -7.01716132e-02
 -1.64391157e+00
 -6.78234075e-02
 -5.33375025e-01
 -3.36345096e-01
  1.28103771e+00
 -2.94482748e-01
 -1.17866133e+00
  1.20350168e+00
 -4.71685218e-01
  6.92502259e-01
  1.31945158e+00
  9.50152896e-02
 -1.09503636e+00
 -1.28231260e+00
 -1.69894238e-01
  4.13807219e-01
 -1.05065336e+00
  1.36203423e+00
  9.29129418e-01
 -1.11372074e+00
  1.37390151e+00
  1.29876395e+00
  1.91724672e+00
 -1.46082722e+00
 -1.35064547e+00
  4.54847824e-01
 -8.53312132e-01
  1.10074629e+00
 -1.27103408e+00
  1.14580854e+00
  3.53956033e-01
  7.28354154e-01
 -5.26435744e-01
 -1.19487614e+00
  1.50513122e+00
 -1.68161201e+00
  3.49993720e-01
  1.28305561e+00
 -2.31910314e+00
  2.00640511e-01
  1.67597819e+00
  6.30960720e-01
 -6.31745469e-01
 -6.73532807e-01
 -1.97541258e+00
  1.11127061e+00
  4.07764671e-01
 -5.79338727e-01
  9.84335234e-01
 -7.52682965e-01
  1.73397576e+00
  5.93573564e-01
  3.97675540e-02
 -5.25265755e-02
 -7.12907984e-01
  1.13312392e+00
  2.30857462e-01
 -3.60712490e-01
 -5.29095523e-02
 -1.63229246e+00
 -7.30923748e-01
  3.04770402e-01
 -5.55959292e-01
 -1.07512976e+00
  1.25105559e+00
 -1.63257827e-01
  2.32131744e+00
  4.09675225e-01
  1.50627267e+00
 -8.04626062e-01
 -1.07358809e+00
 -7.19224927e-01
  1.55697406e+00
 -1.94668663e-02
  1.15163035e+00
 -3.78010222e-01
  5.73873348e-01
 -4.35059875e-01
  3.76533260e-01
 -3.53570139e-01
 -1.42388913e+00
 -1.55237676e+00
  4.80168003e-01
 -6.96314090e-01
  9.79271784e-02
  7.56925323e-01
 -9.43476872e-01
 -1.21728824e+00
 -4.91624770e-01
  3.38307715e-01
  7.40153341e-01
  1.21192993e+00
  2.48988202e-01
 -9.38975718e-01
  1.35891797e+00
 -9.48355606e-01
  9.58229887e-01
 -2.08725168e-01
  3.95989874e-01
 -2.07116717e+00
 -1.71953814e+00
 -7.18524106e-02
  8.82389628e-01
  2.56392133e+00
  1.85539486e-01
 -8.00583877e-01
 -1.12636434e-01
 -2.56556582e-02
  4.63190868e-01
  9.73420158e-01
  1.10060074e+00
  2.44586005e-01
  8.66410694e-01
  4.13451781e-01
  1.02116888e+00
  3.67595719e-02
  2.67433228e-01
  5.23823493e-01
 -8.47900416e-01
 -2.96056851e-01
 -7.22983469e-01
  1.69082595e-01
 -9.85930827e-01
 -9.66333425e-01
 -8.73336237e-02
  4.74119249e-01
  7.23170369e-01
  2.35749277e+00
  9.37625221e-01
 -6.06409594e-01
 -4.01660704e-01
  3.47913718e-02
 -3.00777382e-01
 -1.54156310e-01
 -6.05274029e-01
  8.50490035e-01
  1.25008120e+00
 -1.51193820e-01
  3.36629348e-01
 -2.29456043e-01
  1.33565819e-01
 -2.49597485e-01
 -1.78564022e-01
 -1.26071655e+00
 -4.96267880e-01
 -3.91648038e-01
 -9.82897788e-01
  8.38473605e-02
 -7.55317327e-01
 -1.95238498e+00
 -1.08559371e+00
 -7.54588151e-01
  1.55577044e-01
 -1.01890488e+00
  1.16513856e+00
 -1.61287426e+00
  1.62944239e+00
 -1.52443439e+00
  3.75180361e-02
 -1.85708515e+00
  3.35510969e-01
  6.83431978e-01
 -7.34326131e-01
 -6.81520436e-01
  1.17490203e+00
  6.71157570e-01
  2.57384010e+00
 -6.26882763e-01
 -6.62748680e-01
 -3.37985402e-01
 -4.86786150e-01
 -3.51703609e-01
  1.49469432e+00
 -2.70985401e-01
 -1.06043564e+00
  1.97824573e-01
 -1.19488991e+00
 -5.03061112e-01
 -6.58684190e-01
  2.15316672e-01
  1.76129541e+00
 -1.09074920e+00
  1.08527675e+00
 -2.88807383e-01
  3.48293143e-01
  3.27104314e-01
 -9.70305433e-01
 -9.01433142e-02
 -1.47374231e-01
 -4.16257391e-01
  3.24587079e-01
 -8.22653473e-01
 -2.28028830e-01
 -2.01632261e-01
  2.47326321e-01
 -2.39613792e+00
 -1.79736745e+00
  8.33860841e-01
  1.14964947e-01
 -1.03372975e+00
  1.37436127e+00
  1.80423905e+00
  7.49610878e-01
 -1.88296419e+00
 -6.15405320e-01
  5.47118963e-01
 -6.44232123e-01
 -6.77668313e-02
  1.96750995e-01
 -8.02622942e-02
  4.24802969e-01
  3.91708381e-01
 -2.45308413e-01
 -1.56730439e+00
  1.44317395e-01
  9.67537063e-01
 -2.02086652e+00
  3.21108346e-01
  8.92486351e-02
 -2.25855428e+00
 -1.96126179e-01
  5.53022663e-02
 -4.97100911e-01
 -2.00956414e-01
  3.23954554e-01
 -9.19948161e-01
 -8.41783044e-01
 -4.70921533e-01
  3.11401574e-01
 -3.45130148e-01
  8.58130118e-01
 -1.34816353e+00
 -1.07734347e+00
  2.97737788e-02
 -9.90368524e-01
  2.33216448e+00
 -2.79204566e-01
 -6.55945985e-01
 -2.23225627e+00
  1.05796588e+00
 -9.57342717e-01
 -1.30790084e+00
  1.41049761e-01
  7.59963988e-01
  2.88635765e-01
 -3.06533993e-01
 -1.01546457e+00
 -2.74530119e-01
  5.42196027e-01
  7.43932681e-01
  2.10902310e+00
  6.35681947e-01
  1.16511324e+00
  9.31936660e-01
 -2.31597792e-01
  9.25318450e-01
 -1.55572259e-01
 -8.71587430e-01
  7.08762394e-01
  1.89252115e+00
  1.65670433e+00
 -1.87491320e+00
  1.40163673e+00
  4.09775013e-01
 -8.62166698e-01
 -3.95371748e-01
  1.07340630e+00
 -1.22132727e+00
  4.80732590e-01
  1.55417306e-01
 -1.81606746e+00
 -9.09191092e-01
 -1.84274610e+00
 -1.87778464e+00
 -3.67211304e-01
  1.35353624e+00
  2.06402714e-01
 -3.67423585e-01
 -1.00223337e-01
 -1.32043412e+00
 -8.80940871e-01
 -1.29005810e+00
  8.68104979e-01
  4.42311532e-01
  1.56530264e+00
  1.25351876e-01
 -8.13515989e-01
  3.07810331e-01
 -5.73892797e-01
 -4.20884283e-01
  7.34804485e-01
 -1.38780056e+00
  1.45695523e+00
  8.20801894e-02
 -9.28649127e-01
  2.93979610e+00
  3.89230408e-01
  8.84234965e-01
 -7.23694043e-01
 -5.69676982e-01
  1.73557081e+00
  1.26880708e+00
  2.57822871e-01
  7.12769778e-02
 -4.03400062e-01
  1.22061699e-01
 -3.69849363e-01
  1.13732984e-02
  3.55260243e-01
  1.68922117e+00
  1.60362271e+00
 -6.73660246e-01
  7.37542768e-01
  5.60075994e-01
 -1.95960091e+00
  1.01180202e+00
 -2.46718918e-01
  1.07431144e+00
 -1.49359822e+00
  4.84421895e-01
  8.14684735e-01
 -1.56340164e+00
 -3.21428517e-01
 -1.59480616e+00
  1.58299702e+00
  1.73196153e+00
 -6.91105901e-01
 -7.41634963e-01
  1.31615905e+00
  6.47101304e-01
  2.32518338e+00
 -9.95095245e-01
 -2.79352131e-01
  6.23429839e-02
 -1.12489397e-01
 -5.95706877e-01
  2.62946522e-01
  5.09191573e-01
 -1.10542711e+00
  8.76655138e-01
 -9.14164955e-01
  1.78163138e+00
 -2.10195504e-01
 -5.59034434e-01
  3.48565613e-01
 -1.13714464e+00
  8.54265915e-01
 -2.71547609e+00
 -1.21745150e+00
  2.02986522e+00
  1.08969162e-02
  4.92007915e-01
  1.33398504e+00
 -2.14138292e-02
  6.82503766e-02
  5.00085910e-01
 -6.33507097e-01
 -8.58301450e-02
  1.54879492e-01
  4.50137490e-01
  8.26602932e-01
  2.01906192e+00
  6.67867781e-01
 -4.42319084e-01
 -6.17431324e-02
  3.44455832e-01
  4.59262895e-01
  6.01895945e-02
 -7.40588055e-01
 -4.25417012e-02
  3.21498993e-01
 -9.59790778e-01
  7.26618176e-01
 -2.70616517e-01
  5.79348696e-01
 -9.15009952e-01
 -9.07581085e-01
 -1.98422354e-02
  5.20100977e-01
  1.34984547e+00
  4.06783488e-01
 -6.92277465e-01
 -6.36688305e-01
 -2.32753153e-01
 -4.43490435e-01
 -8.45081258e-01
 -1.24669766e+00
  2.22913339e-01
 -4.21945233e-01
 -1.40316458e+00
  9.45947304e-01
  1.13474381e+00
 -1.64807133e-01
 -3.02506818e+00
 -9.42231161e-01
 -6.15850390e-02
  9.81396818e-01
 -8.66208678e-02
 -6.22025286e-01
 -9.82944840e-01
 -1.81514506e+00
  6.34681517e-01
 -5.95631866e-01
 -9.12939794e-01
 -1.05224821e+00
  1.27669019e+00
 -1.17696597e+00
 -8.65744182e-01
 -3.19026265e-01
 -4.48883709e-01
  2.27415519e-01
  5.27637361e-01
  3.15858299e-01
  5.54353726e-01
  1.21492685e+00
  1.33132557e+00
  8.09555230e-01
  1.12929803e+00
 -1.01825085e-01
  4.61600239e-01
  1.41176660e-01
 -2.55309908e-01
 -5.83595852e-01
  2.26312300e+00
  1.46290762e+00
 -7.39029440e-01
 -1.08624278e+00
 -4.62434379e-01
 -3.15412681e-01
  3.37294591e-02
  1.52475324e+00
 -7.75978398e-01
 -5.88242945e-01
 -1.82161100e-01
 -6.83412852e-01
 -3.86568436e-01
 -1.18108371e+00
 -3.51976201e-01
 -7.00367237e-04
  4.20139918e-02
  1.52310329e+00
 -1.75914930e+00
  4.18794430e-01
 -4.64807175e-01
  4.98489272e-01
  2.94718018e-01
  1.56090933e+00
 -5.40025242e-01
 -1.45727266e+00
  1.26959213e-01
  2.35095145e-01
 -4.39667805e-01
  6.85074837e-01
 -1.95930444e+00
 -1.23294248e+00
 -9.41999460e-01
 -8.10877896e-01
 -1.70098855e+00
 -2.60538248e+00
 -1.53113251e-01
  2.08240911e+00
  1.42654319e+00
  2.53668351e+00
 -1.38512253e+00
  3.53367030e-01
 -3.45946940e-01
 -2.44178069e+00
  9.50282267e-03
 -2.18068735e-03
 -3.74981973e-01
 -6.26008557e-01
  1.84305266e-01
  4.34173152e-01
 -1.38609363e+00
 -5.64449350e-01
 -1.01400582e+00
 -3.82509074e-01
  2.38268844e-01
 -8.43380105e-02
 -3.72353604e-01
  9.39215310e-01
 -4.73173042e-01
 -9.56651287e-01
 -1.37478435e+00
 -3.91220354e-01
  7.38431334e-01
 -6.38790799e-01
 -4.39658869e-01
  6.29626236e-01
 -5.97160083e-01
  4.06330740e-01
 -9.12575780e-01
  4.25864615e-01
  1.66455031e+00
  1.55386422e+00
 -3.89561318e-01
 -8.05141273e-01
 -1.90337938e-01
  3.22217721e-02
  7.93180100e-02
  5.32749769e-02
  5.28166144e-01
 -7.42924972e-01
 -1.80154048e+00
  1.52345716e+00
  8.10741713e-01
  2.91441416e-01
  5.31932914e-02
  7.63040306e-01
  1.78353483e-01
  1.15129107e+00
  2.26388288e-01
 -7.96008560e-01
 -7.57163604e-01
  1.11643902e+00
 -3.37757238e-01
 -4.75607095e-02
  1.16056089e+00
 -1.11108175e+00
  4.55331982e-01
 -7.23571501e-01
 -3.06327742e-01
 -3.00966474e-01
  1.24659459e+00
 -4.70964720e-01
 -7.33604152e-01
 -1.30021635e+00
 -6.97095742e-01
 -2.28543151e+00
 -1.26881496e+00
  9.03845889e-01
 -5.07906646e-01
 -1.45033418e+00
 -1.01714053e+00
  1.95764083e+00
 -4.62458553e-01
 -1.29438354e+00
 -1.46807778e-01
 -1.03013631e+00
 -6.52462696e-01
  1.49629449e-01
  2.29687296e+00
  5.40651923e-01
 -1.19022981e+00
  9.25607970e-01
 -9.03972535e-01
 -5.60659321e-01
 -5.19126292e-01
 -7.42028858e-01
 -2.21400073e-01
 -1.71561051e+00
 -6.41902671e-01
  6.48608468e-01
 -1.81605401e-01
 -7.43928254e-01
  2.21582167e-01
 -1.37578394e+00
  2.26848857e-01
 -7.65731898e-01
 -2.41108195e-01
 -5.87581647e-01
  3.00464614e-01
 -1.14202577e+00
 -2.91227114e-01
  1.84552434e-01
 -6.42531998e-01
 -2.76530035e-01
  1.47745869e+00
  1.63599182e+00
 -4.23220946e-01
  9.13088199e-01
 -6.48712840e-01
  1.60591287e+00
 -9.43613400e-01
  1.21938101e+00
 -5.22206478e-01
 -1.21562192e+00
 -1.88452709e+00
 -2.90078445e-01
  1.02906487e+00
  4.60181464e-01
 -1.01991280e+00
 -9.62691509e-01
  1.72312693e-01
  1.41997732e+00
 -5.54815444e-01
 -4.09693549e-01
  9.34773562e-01
  1.25794676e+00
  8.26458335e-01
  1.25434057e-01
 -1.39067467e+00
 -1.02382711e+00
 -1.12687818e+00
 -2.19484616e+00
 -7.81985416e-01
 -1.11056591e+00
  6.23889582e-02
  1.15234017e+00
 -1.25816761e+00
 -9.66294584e-02
  4.69295126e-03
 -8.26042093e-01
 -4.11009264e-01
  3.85208806e-01
  8.08133952e-01
 -4.60191577e-01
  6.23287400e-01
  1.52737481e+00
  1.36859436e+00
  2.30817097e-01
 -5.61578628e-01
 -8.32775895e-01
 -4.96914789e-02
  2.03200697e+00
  1.57515101e+00
 -1.17211134e+00
  1.92723178e-01
  1.39086750e+00
  2.32687729e-01
  3.71039683e-01
  1.29138382e+00
  3.40597669e-01
  9.54035579e-01
  2.66689533e-01
 -9.72412765e-01
  7.62141787e-01
  4.58969124e-01
 -1.27616243e-01
 -2.79677325e-01
 -2.27855585e+00
 -1.43076362e-01
 -5.81608000e-01
 -1.73072327e+00
 -1.72881698e-01
 -3.76331347e-01
 -4.57302805e-01
  7.25721514e-02
 -1.54393802e+00
 -2.50470587e-01
  1.03801449e+00
  5.13579736e-02
  2.47910961e+00
 -1.08364683e+00
 -6.34007896e-01
 -5.21897307e-01
 -1.18798701e-01
  9.96303050e-01
  3.91148504e-01
 -9.05925783e-01
  1.35876801e-01
 -9.51214352e-01
 -2.35294994e+00
  1.28665402e-01
  2.75128509e-01
 -1.72282750e-01
 -1.18400546e+00
  1.08878208e+00
 -9.05699538e-03
 -5.85803291e-01
  3.62132077e-01
 -1.15521231e+00
 -4.13435239e-01
  6.27227355e-01
  1.38570673e+00
 -7.01272436e-01
  1.06745694e+00
  8.22957508e-02
  2.02440566e+00
  1.46423214e+00
 -1.34463514e+00
 -4.88633598e-01
 -1.14820493e-01
  1.16996316e+00
 -5.46192600e-01
  1.79228803e+00
  4.30607669e-02
 -2.31709571e+00
 -5.84646806e-01
  4.85427959e-01
 -1.19142532e-01
 -1.63388986e-01
  5.28922317e-01
 -6.02332300e-01
 -2.03118948e-01
 -1.25940341e+00
 -3.21813193e-01
 -1.99190247e-01
  4.75282547e-02
  8.14925512e-01
 -5.52557085e-01
  1.76481538e+00
 -1.14280263e+00
 -1.41085131e+00
  9.62179020e-02
 -8.17111598e-01
 -1.07047892e-01
  5.10961137e-01
 -1.16211158e+00
  2.82552352e+00
 -7.17310918e-02
 -9.71948554e-01
  4.40450236e-01
  5.43446593e-01
 -5.06829055e-01
 -2.33863324e-01
 -4.99716790e-02
 -3.72213075e-01
  9.20487019e-02
 -5.76293183e-03
  1.16994298e+00
 -1.85294845e-01
 -9.61289808e-01
  6.22752144e-02
  9.48573742e-01
  3.86228706e-01
  2.67323951e-01
 -1.09544050e+00
 -6.10752653e-01
  8.46097233e-01
  1.15604439e+00
  8.59499707e-01
 -1.05502362e+00
  2.09517463e+00
  3.75966062e-01
  2.04937119e-01
 -7.35525605e-01
 -8.50886996e-01
  1.17635721e-01
  4.44095295e-01
 -3.91649437e-01
 -9.39889829e-03
 -2.03621017e+00
  2.07048777e+00
 -1.49887047e+00
 -3.65035815e-01
 -2.17103141e+00
  1.17206070e+00
 -8.58547605e-01
 -8.53841598e-01
  3.56452869e-01
  9.56747679e-01
  4.72485576e-01
  1.33296882e+00
 -5.23242027e-01
  4.18983687e-01
  2.10711876e-01
  1.24420182e-01
 -1.76584861e+00
 -6.72461014e-03
  6.27550892e-01
  1.94076741e+00
  5.24817019e-01
 -9.28091981e-01
 -1.03561900e-03
  1.35684948e+00
  1.31937357e-01
 -7.02985999e-01
  9.75050021e-01
  1.16115024e+00
  2.31302815e-01
 -9.35595461e-01
  8.73631404e-01
  5.74371390e-01
 -3.25992800e-01
 -1.75096796e+00
 -5.01571736e-01
  2.25081049e-01
  2.80311253e-02
  1.21460328e+00
  3.57363132e-01
  8.05915982e-01
 -7.50809579e-01
  6.87132328e-02
  1.15996043e+00
 -4.01477763e-01
 -4.88240904e-02
 -1.35019817e+00
  2.19914324e+00
  1.16690532e+00
 -1.39222706e+00
 -3.72445076e-01
  2.63145519e-03
  6.55142687e-01
 -1.25812841e+00
  1.12517489e+00
  4.13991240e-01
 -8.23955673e-01
 -1.69320808e+00
 -4.64438337e-01
 -1.38199296e-02
 -9.34783516e-01
  3.41287267e-01
 -7.86471383e-01
 -5.78532489e-01
  5.45617618e-01
 -2.68455737e-01
  3.66450869e-01
  3.78658063e-01
 -1.07920573e+00
 -1.50645413e+00
 -1.65818930e-02
  1.84013437e+00
  1.05018044e+00
  1.58554312e+00
 -1.52083960e-01
 -1.15494367e+00
 -2.72632746e-01
 -6.84195501e-01
 -6.35182920e-01
  2.09527514e-01
 -1.20617298e+00
 -7.88296298e-01
  1.95545205e+00
  1.46452337e+00
  8.45079364e-01
  4.26810849e-01
  1.85390596e+00
 -6.20839703e-01
 -2.50565256e-01
  6.83015612e-01
  2.07688225e+00
 -2.13421398e+00
  2.13296655e+00
 -9.98063189e-01
  2.67261389e-01
  2.00621833e-01
 -1.10036550e-01
  5.49602701e-02
 -1.39630221e+00
 -8.63531584e-01
  4.54166900e-01
 -3.48330064e-01
 -3.96656037e-01
 -1.10922745e+00
  3.90903859e-01
  1.11017682e+00
 -3.08313572e+00
  8.71276294e-01
  5.02199723e-01
  2.19112330e-01
 -1.03322331e+00
  1.10410979e+00
 -8.09434015e-01
  1.30467878e+00
  1.79282572e+00
  1.44306458e+00
 -2.13138198e-01
 -1.29749750e+00
 -1.17393911e+00
  1.98593047e+00
 -6.41879409e-01
  1.27397010e+00
 -3.12340684e-01
  5.33096274e-01
  2.34490401e+00
 -4.95718996e-01
 -8.32350679e-02
  1.38446078e+00
  1.25452400e-02
 -7.14686073e-01
  5.20609730e-01
 -8.15044390e-01
  1.28311226e+00
 -1.91773431e-01
  2.39324709e+00
  4.55111793e-01
  3.18882162e-01
 -1.28391781e+00
 -1.36608106e+00
  6.08825944e-01
  1.00521978e+00
 -1.04629017e+00
  8.86391120e-01
  8.13225710e-02
 -1.04310672e+00
 -1.18346199e+00
  3.64142332e-01
 -2.37210140e+00
 -9.09275411e-01
 -1.83258252e+00
  1.35307741e+00
  3.14993774e-01
