   1.89462591e+00
  -4.83187476e-02
   1.54802381e+00
   3.12337893e-01
  -2.29545728e+00
   8.35652800e-01
   2.94941451e+00
  -5.43085328e-01
  -4.08628200e-01
   6.80795570e-01
  -4.39837643e-01
  -1.02106428e+00
  -5.48944631e-01
  -2.00297765e+00
  -8.09282521e-01
  -8.84728778e-01
  -9.63868107e-01
  -9.94936314e-03
   8.35281286e-01
  -4.84936778e-01
   5.07574649e-01
   7.30625960e-01
  -5.33223719e-01
  -1.19271323e+00
  -5.54988013e-01
  -9.32645218e-01
   4.14144203e-01
   2.32719671e-01
   2.88470683e-01
  -2.95311139e-01
  -2.95902038e+00
  -1.41025981e+00
  -8.76144185e-01
  -1.19474097e+00
  -1.09236922e+00
  -5.98412502e-01
  -3.43711509e-01
   5.82297526e-01
  -2.46777126e-01
   8.38699944e-01
   4.04511176e-01
  -9.38020273e-01
  -7.42175282e-02
   2.19391696e-01
   5.38403480e-01
   1.32123663e-01
  -1.07101556e+00
  -5.69725814e-01
  -6.28977029e-01
   1.48284683e-01
  -1.00836986e+00
  -8.98798819e-01
  -7.68846408e-01
   6.51681908e-01
   1.20427270e-01
   1.11558442e+00
  -2.21837469e-01
  -4.47619470e-01
  -1.34478790e+00
  -1.25412502e+00
  -1.83823155e-01
  -3.15754059e-01
   6.51100651e-01
   1.57687446e+00
  -1.23712774e+00
  -4.97955074e-02
  -2.52734884e-01
   2.31323144e-01
  -2.41602870e-01
  -1.41798132e+00
   1.43441600e+00
  -9.77809720e-01
  -5.23724000e-01
  -5.00386634e-01
  -1.18030934e+00
  -1.06938249e+00
   5.99905090e-01
   4.94876805e-01
  -4.72410808e-02
   9.26494441e-01
  -8.24529450e-01
  -1.61235730e+00
   2.08305826e+00
  -9.58867690e-01
   4.40111558e-01
   1.64720781e+00
  -1.21404983e-01
   5.72534826e-01
  -7.77158905e-01
   2.77649515e-01
   8.35825143e-01
   5.18818647e-01
  -3.60921679e-01
  -3.64561822e-01
  -1.17848944e+00
   1.40688112e-03
  -4.57555728e-01
   4.49067372e-01
   1.22551711e+00
   2.08747278e+00
   1.47964213e+00
   1.51192601e+00
  -1.10626654e+00
  -1.36168954e-01
   5.80891779e-01
  -1.14486468e+00
   9.49808082e-01
  -8.34277066e-01
   1.06678864e+00
   4.69057404e-01
   8.11707813e-01
   3.60183302e-01
   3.21465119e-01
   7.87576020e-02
   2.82799705e-01
   9.84187674e-01
  -2.46741364e+00
  -1.66505442e-01
  -7.03923531e-01
   7.77427530e-01
   9.19405498e-01
   5.58996955e-01
  -1.32706535e+00
   2.91610094e-01
   9.76210752e-01
  -3.82636348e-01
   3.99876904e-01
  -6.62417597e-01
   5.07337320e-01
   1.33248269e+00
  -1.94984442e-01
  -2.75172788e-01
   1.19625209e-01
  -4.06604209e-01
  -1.77785959e+00
  -1.00427015e+00
   2.09142094e+00
   1.00132971e+00
  -7.34350807e-01
   4.99389441e-01
  -1.05440945e+00
   1.28516402e+00
   5.67051971e-01
   7.15038696e-01
  -1.84481234e+00
   3.88066413e-03
   1.05632383e+00
  -2.18868435e-01
   1.39528678e+00
  -1.19539285e+00
   4.48868108e-01
  -1.96105108e+00
   1.72046270e+00
  -1.46297028e-01
  -7.73074813e-01
   4.41485725e-01
   9.17700642e-01
   1.11699233e+00
  -4.81677297e-02
  -2.96262660e-01
   1.03008773e+00
   2.46224054e-01
  -1.29372297e-01
   9.31984762e-01
  -9.79416380e-01
   2.01429110e+00
   1.17364625e-01
  -2.18570470e-01
   2.05905197e+00
   2.17985623e+00
   1.80477175e-01
  -1.66104735e+00
  -9.83625400e-01
  -9.03747493e-01
  -1.20068695e+00
   1.23264759e+00
   4.10074521e-01
   1.36343649e+00
   1.32199791e+00
  -1.11397576e+00
  -1.98243389e-01
   1.00299844e+00
  -1.43117499e+00
  -4.39961128e-01
  -1.24864418e+00
  -1.28631626e+00
  -3.30261798e-01
   2.46478184e-01
  -5.48353743e-01
   5.15482644e-01
   7.31607970e-01
  -1.62389592e-01
  -7.63819591e-01
  -7.04232797e-01
   1.83305141e+00
   4.74298516e-01
  -1.02883122e+00
   7.51616982e-01
   4.92262628e-01
   1.35573517e+00
  -8.60566200e-01
   3.90627113e-01
   3.72425484e-02
  -6.03258023e-01
   3.27322780e-02
   5.91465176e-01
  -1.13289568e-01
   1.00521795e+00
  -7.95605618e-01
  -9.02895953e-01
  -1.02051593e+00
   6.88009847e-01
  -3.58193382e-01
  -6.67119085e-01
  -1.16654143e+00
   5.86385487e-01
  -1.01262842e+00
   1.33015386e+00
   3.02410928e-01
  -1.32830617e+00
   1.48002304e+00
   1.94641768e+00
  -6.33488021e-01
  -8.17804446e-01
   9.49847706e-01
   1.85379734e+00
  -3.92981496e-01
   3.48660720e-01
   2.53746472e-01
  -1.18337757e+00
  -7.36215033e-02
   8.82415315e-01
   4.55690703e-01
   7.96529006e-01
  -1.08239790e+00
   2.10570742e+00
  -6.14303849e-01
  -2.06532301e-02
  -5.33956996e-01
  -9.20922501e-02
  -1.07868725e-01
   1.07785085e+00
   2.79760868e-01
  -7.39482670e-01
   2.87943881e-01
   2.52718893e-01
   1.11020008e+00
   8.85958112e-01
   1.36950785e+00
   2.02769859e+00
  -5.25505593e-01
  -4.01983630e-02
   1.36481897e+00
   3.57776963e-01
  -8.44015274e-01
  -5.70031395e-01
  -5.08934682e-01
  -2.64183758e-01
  -6.71331968e-01
   5.49029855e-02
   1.34341461e-01
  -9.39785824e-01
  -8.34033791e-01
  -1.30712258e+00
   8.19198342e-01
  -1.03300834e+00
  -5.60847076e-02
  -2.55091886e-01
   2.95228291e-01
  -4.32801992e-01
  -9.94025043e-01
   1.83290926e+00
   2.67834817e-01
  -6.13423370e-02
   1.43312330e+00
   1.74953087e-01
   3.92342568e-01
  -1.12912102e+00
   1.43414280e-01
  -4.45079467e-01
  -2.01663967e+00
   6.44011310e-01
  -3.36324059e-01
   6.05914206e-01
  -3.72008705e-01
   1.08541426e+00
   3.29543425e-01
   1.45448909e+00
  -3.95017638e-01
   6.09496745e-02
   4.46547393e-01
   3.18034639e-01
   2.06386734e+00
   4.97905197e-01
   6.12648704e-01
   1.32313927e+00
  -1.17134987e+00
  -8.90991310e-01
  -8.43504573e-02
  -7.85152179e-01
   2.24132333e+00
   1.10132849e+00
  -2.12270610e-01
  -7.81441757e-01
   3.91622808e-01
  -2.66492075e+00
   9.13265822e-01
   3.02739295e+00
   3.61465310e-01
   3.40675995e-01
  -8.16895485e-01
   7.65219809e-01
   3.73152242e-01
  -2.06748182e-01
   1.25637907e-01
  -4.72670901e-01
   1.26512115e-01
   1.94163932e-01
   4.04734445e-01
  -1.40379965e+00
   2.66914150e+00
   1.08251846e+00
  -8.58316518e-01
  -4.97286598e-01
  -1.18772741e+00
  -1.17390108e+00
   1.44288991e-01
   5.31113561e-02
   3.38192174e-01
   2.35462268e-01
   6.80648256e-01
   1.12303955e+00
   1.32577969e+00
  -7.10029488e-01
   4.23763037e-01
  -8.51900861e-01
   2.62263445e-01
  -2.53124953e-01
  -1.13835184e-01
  -5.44288766e-01
   5.19873396e-01
  -1.64512553e+00
  -2.08718950e-01
  -6.11090801e-01
  -3.02541647e+00
  -7.60533152e-01
  -2.46691140e-01
   3.04697337e-01
  -2.15520647e-01
   1.83725670e+00
   5.41534742e-01
  -2.22453889e+00
   9.78074245e-01
  -3.38223456e-01
   1.54418213e+00
   8.53117693e-01
   1.09656721e-01
   4.05893301e-01
   2.17905246e+00
  -7.28597439e-01
   2.21671663e-01
   7.95273098e-01
   6.08138194e-01
  -2.24069928e+00
  -4.15411512e-01
  -1.92664327e+00
  -4.65617039e-01
   1.20188997e-01
   4.63214125e-01
   1.79184587e+00
  -1.25981849e+00
   1.91935250e+00
  -3.42243586e-01
  -1.29489628e+00
   2.12147512e-01
   2.70747111e-01
  -1.53912564e+00
   6.66216389e-01
   2.47075385e-02
  -3.77670411e-03
  -6.64249949e-01
   3.46763640e-01
  -2.76453234e+00
  -4.32019574e-03
   3.38404052e-01
  -2.31054528e-02
   5.01924567e-01
   3.54573993e-01
  -8.87984561e-01
  -1.78921637e+00
  -4.25851307e-02
   2.19130996e-01
   2.03956963e-01
  -4.65234496e-01
   1.22787565e-01
   6.44728824e-01
   1.29790575e+00
   8.40722634e-01
  -5.44495457e-01
   2.18904784e-01
  -1.00058498e+00
  -3.60623587e-01
   5.26179699e-01
  -1.66690344e-01
  -6.95447391e-02
  -6.68923068e-01
   1.31214925e+00
   1.34290705e+00
  -1.90420257e+00
  -4.03899345e-01
   4.74928979e-01
   1.46245344e-01
  -8.34115475e-01
  -1.44960924e+00
  -1.44842630e+00
   1.88747086e+00
  -1.02983172e+00
   2.51562190e-01
  -2.22087780e-01
  -1.13800068e-01
   9.69413779e-01
   2.27208646e+00
   8.44202470e-01
   6.03695132e-01
  -1.69000655e-02
  -3.94247449e-01
  -2.05161538e+00
  -2.46785739e+00
   3.95602229e-02
   1.50348906e+00
  -8.31590747e-01
  -1.68832416e-01
  -1.46238975e-01
   1.57964560e+00
  -1.24595308e+00
  -2.66115092e-01
  -9.66645180e-01
   2.79583460e-01
   4.74064074e-01
  -1.27208291e+00
  -1.59132915e+00
  -1.30287790e+00
  -1.27843938e-01
   6.98191447e-01
   9.01577973e-01
  -3.94185595e-02
  -3.76011151e-01
   3.12213307e-01
   5.52264994e-02
   1.67978294e+00
   7.12267489e-01
   2.07711168e+00
  -2.06489702e-01
  -9.89647082e-01
  -6.09471257e-02
  -1.79711239e-03
   9.49478012e-01
   5.55202047e-01
   5.46574443e-01
  -7.25737121e-01
   1.16229916e+00
  -1.58657629e-01
   1.60274184e-01
  -1.23075280e+00
   2.83452553e-01
   2.84431754e-01
  -1.89588375e+00
   3.62882962e-01
   1.79219478e+00
   1.25183726e+00
  -8.13361752e-01
   6.45455659e-01
   9.92883071e-01
  -9.09836574e-01
   5.45206109e-04
  -7.47090724e-01
  -4.45872483e-01
   8.63266300e-01
   1.61184356e-01
   8.62853396e-01
   4.56623459e-01
  -1.80028474e+00
  -3.92529675e-01
  -5.01256119e-01
  -6.03715282e-01
  -1.07655557e+00
  -8.68668292e-02
  -1.02058074e+00
   3.20630319e-01
  -1.71416907e+00
   8.68073492e-01
  -1.93130076e+00
   8.31905503e-01
  -2.38371551e+00
  -1.43829430e+00
   1.33058331e+00
   5.22808644e-01
  -2.75219503e-01
   3.07560158e-01
  -2.82817279e-01
   1.18742192e+00
  -3.22487096e-01
  -1.91147686e-01
  -7.96124152e-01
   5.63713544e-01
  -8.37015345e-01
  -8.40873902e-01
   5.96827568e-01
   7.55420395e-01
  -8.42649294e-02
   2.68373206e-01
   1.63378114e-01
  -1.44507333e+00
  -4.69826494e-01
  -7.07161037e-01
   1.42423048e+00
   6.81629782e-01
  -5.18454634e-01
  -2.57711011e-01
   4.46403221e-01
   2.29955269e-01
   4.78176217e-01
  -7.80525790e-01
  -1.51975644e+00
  -5.28661784e-01
  -1.31440253e+00
  -4.07706325e-01
  -3.26012005e-01
   9.99264643e-01
   2.17822527e-01
  -6.85919984e-01
   5.53820728e-01
   4.48835480e-01
  -3.72213649e-01
  -1.85436075e+00
  -6.52339955e-01
   4.33947636e-01
   7.01544668e-01
   4.63343559e-01
   1.14436569e+00
   1.70426338e+00
  -2.69538703e-01
   1.10889905e+00
   2.91282604e-01
  -4.86243743e-01
   1.00457640e+00
   1.06728221e+00
  -8.28819198e-02
  -2.15520953e+00
   6.15280330e-01
   1.35962927e+00
   7.30145948e-01
   1.05017562e+00
   1.30958001e+00
   7.01090949e-02
   2.11093133e+00
  -1.88694552e+00
   6.83339890e-01
  -1.46088038e+00
   3.89553602e-01
  -1.01569451e+00
   7.75857167e-02
   1.31959216e-03
  -1.40788402e+00
  -1.93107966e-01
  -6.18709275e-01
   1.02601008e+00
   8.65493095e-01
   4.77129572e-01
   5.93206559e-01
   1.93609642e+00
  -2.71946322e-01
   8.73799182e-01
  -9.13521116e-02
  -2.09467734e-01
  -3.97891904e-01
  -1.87836680e-01
   2.96407120e-01
   1.90495526e-01
   5.12803042e-01
   2.91160355e-01
   1.06930064e+00
  -9.49326508e-01
  -1.18842832e+00
   1.10518260e+00
   7.52844021e-01
   1.07961121e+00
   1.40683103e+00
   7.38470731e-01
  -8.66751216e-01
   1.40866194e+00
  -5.68690647e-01
   5.04233887e-01
   7.30221988e-02
   2.13835103e+00
  -1.86515802e+00
  -1.90043081e-01
   5.55135129e-01
   6.33013051e-01
   1.32283276e+00
  -2.89202812e-01
   1.63912354e-01
  -1.77122933e-01
   1.59050268e+00
  -2.38824106e+00
  -4.90909214e-01
  -9.07047827e-02
  -1.08581477e+00
  -2.41006468e-01
   8.35826455e-01
  -6.80111897e-01
  -1.04840612e+00
  -2.76698547e-01
  -7.56383779e-01
  -2.00494464e+00
   3.60483856e-01
  -5.22064063e-01
  -4.19554703e-01
  -2.87666646e-01
  -1.65859333e+00
   8.41816038e-01
   9.00145097e-01
  -7.45379458e-02
   5.98652551e-01
  -1.35252338e-01
   2.09277454e-01
   9.67543796e-01
  -1.47834113e+00
  -3.65438454e-01
   1.70429109e+00
   6.21399587e-01
  -4.23421617e-01
  -1.74245036e+00
  -9.14555162e-02
   1.05928632e+00
   5.63972600e-02
   7.29029965e-01
  -5.83943774e-01
  -9.14265203e-01
   7.62771029e-01
  -6.57512437e-01
  -2.10298495e-01
  -5.33971452e-01
   2.15625925e-01
   7.18608834e-01
  -9.75866719e-01
  -1.72125341e-02
  -6.53109988e-01
   4.75210078e-01
   2.80328331e+00
  -2.38337855e-01
  -1.15386903e+00
   8.55470520e-01
   5.91695132e-01
   2.56705617e-02
  -1.62531465e-01
  -8.36735127e-01
   1.15637038e+00
  -2.13357976e-01
  -2.07488571e-01
  -1.08581395e+00
   5.92659056e-01
  -4.36908373e-01
   2.98091343e-01
   9.70837572e-01
  -3.73674087e-01
  -1.52704816e+00
   3.44874602e-01
  -4.64288649e-01
  -7.48596934e-01
  -8.89851955e-01
  -1.09456527e+00
   3.05362735e-01
   8.05696264e-01
  -7.90776209e-02
   1.88949982e+00
   1.44028306e+00
   5.18171439e-01
  -1.22600080e+00
  -5.04028351e-01
  -1.60790710e-01
  -6.22478580e-01
  -8.23597072e-01
   7.39741745e-01
   1.60977859e+00
   5.31759913e-01
   1.34972125e-01
   9.66853868e-02
  -2.44724911e+00
   1.88795567e+00
   3.98234052e-01
   2.99509044e-01
  -3.66545672e-01
   1.13358994e+00
  -9.21861686e-01
  -6.19261139e-01
  -2.83631096e-01
  -2.44801371e-01
  -1.92719259e-01
   6.08931904e-01
   2.48274045e-01
  -8.07956617e-01
   7.40845065e-01
  -1.86391185e+00
  -1.67598263e+00
   5.85401930e-01
   8.79048677e-01
   2.47656045e-01
  -3.08921444e-01
  -9.95614800e-01
   3.90827827e-01
  -5.26321152e-01
   9.27032524e-01
   9.44034026e-02
   7.43281310e-01
   6.34364759e-01
  -2.12254706e+00
  -2.89152727e-01
   1.04622145e+00
   8.88730934e-01
  -5.36945455e-01
  -1.10844557e+00
   9.60673755e-01
   1.41039640e+00
  -1.00596414e+00
  -9.16134282e-01
  -8.22570690e-01
   2.67246626e-01
   2.52391429e-01
   2.76732264e-01
  -1.41308936e+00
  -6.98320307e-02
   5.31495204e-02
  -9.45187711e-01
  -2.09627972e+00
  -5.21706681e-01
  -9.33710445e-01
   5.22279099e-01
   9.67333185e-01
  -1.15255332e+00
   3.38816200e-01
   3.94454612e-01
   6.72257979e-01
   1.49878283e-01
   8.88107748e-01
  -3.05777173e-01
   9.08548390e-01
  -5.21572146e-01
  -1.91186701e+00
   1.46203096e-01
  -5.44155544e-01
   1.80424279e+00
  -8.55635600e-01
  -2.28020244e+00
   1.86739966e-01
  -1.21375425e+00
  -1.21826051e+00
   2.70074234e-01
  -6.49691809e-01
   1.62134783e+00
   3.81023049e-01
  -7.45284795e-01
  -1.38809143e+00
  -4.54541310e-01
  -4.80920938e-01
  -2.22335985e-01
  -1.69917734e+00
  -6.61703657e-01
   9.79482968e-01
  -9.11844344e-01
   1.29854230e+00
  -2.00113182e-03
  -4.71455500e-01
  -1.38934949e+00
  -7.54729686e-01
  -8.65994990e-02
  -2.10173724e+00
   1.10150275e+00
  -6.86901346e-02
   1.22339108e+00
  -1.09110979e+00
   2.36112606e-01
  -6.64824418e-01
  -1.34523951e+00
   9.06055867e-01
   1.35067672e+00
   2.74768899e-01
   4.32373824e-01
  -5.02587021e-01
  -3.01431740e-03
  -8.88745105e-01
  -1.25050845e+00
   1.82720736e-01
   1.16327646e+00
  -7.89821677e-01
  -1.61422279e+00
   8.74061852e-02
  -8.96633989e-01
  -5.39196535e-01
  -2.01048388e-01
  -3.52154784e-03
   4.65920047e-01
  -1.42895341e+00
   6.81211627e-01
   1.71449464e+00
  -6.16681893e-01
   1.07132961e+00
  -8.45258702e-01
   6.70488186e-01
   5.22964690e-01
  -1.42269235e-01
  -2.81947053e-01
  -6.30061302e-01
  -2.17496522e+00
   5.37577425e-01
  -1.81600051e+00
  -1.25496327e+00
   1.69978074e+00
   8.61904246e-01
   3.86531114e-02
   2.25519620e+00
   2.46309369e+00
   1.17034063e+00
   1.97105244e+00
  -1.81978262e+00
  -7.10677945e-01
   3.09560611e-02
  -1.43792704e+00
   6.48644766e-01
  -6.19830374e-01
  -6.46658940e-01
  -1.30331687e+00
   1.45694469e+00
   1.19272549e+00
   2.85429845e-01
   2.17278628e-01
  -2.77919833e-01
  -1.58409297e+00
   2.39370435e-01
   1.64862902e+00
   1.21788970e+00
  -1.86984162e+00
   4.65436929e-02
   1.71989579e+00
   1.88443613e-01
  -2.30570759e-01
   2.43464772e-01
   1.43579647e+00
   1.33758419e+00
   8.88719125e-01
  -4.21557684e-01
  -1.72605023e-01
  -9.05482418e-01
   1.40604699e+00
   2.15389230e+00
   7.76367054e-01
  -6.85067112e-01
  -8.66854443e-01
  -8.25958811e-01
  -5.31386620e-01
   2.94893670e-01
  -9.88007200e-01
   8.58048301e-01
  -2.13051977e-01
   1.38535191e+00
   3.55736320e-02
   5.54978605e-01
   9.86442845e-01
  -7.77087190e-01
  -1.63728912e+00
   1.38822468e+00
  -5.14684982e-01
   1.04434690e+00
   5.01197975e-01
   1.69433000e+00
  -7.77364186e-01
   2.87111739e+00
   3.97045997e-02
  -2.20685345e+00
  -8.96931412e-01
   1.55603530e-01
  -2.17510329e-01
   9.65437231e-01
  -1.96854956e-01
  -1.18136934e+00
   9.69670912e-01
  -6.25559946e-01
   4.85484821e-01
   1.76684273e+00
  -8.35131421e-02
  -1.55891566e+00
  -5.16605308e-01
  -1.10138645e+00
  -2.40980582e-01
  -2.76214567e-01
  -1.15057926e+00
  -8.24874704e-01
   1.51933721e+00
   2.23863858e+00
  -1.21324847e+00
  -1.30799803e+00
  -1.37356158e+00
  -1.11171517e+00
  -1.43987344e+00
  -2.32328220e-02
   4.28259404e-01
  -7.14738286e-03
   5.80017155e-01
  -4.25924832e-01
  -1.04184330e+00
   2.91134963e-01
  -7.16786686e-01
   1.26455371e+00
   2.35099523e-01
   2.56079499e-01
   1.89545489e+00
   4.14785706e-01
   1.16367517e+00
  -5.91449198e-01
  -7.04919128e-01
  -1.56047346e+00
  -6.45717661e-01
  -1.24037976e+00
   1.53260624e-01
  -1.24068464e+00
  -6.20476997e-01
  -9.23463767e-01
   9.53567492e-01
   2.99236885e-01
   2.38519375e-01
   1.59770941e+00
   1.20146473e+00
   8.49683144e-01
  -6.35424477e-01
  -1.20963810e+00
  -1.37078235e+00
   2.84235519e-01
  -5.00967143e-01
  -1.29665342e+00
   1.19865397e+00
  -4.21036652e-01
   1.29888679e+00
  -8.55368594e-01
  -1.71880844e+00
   5.92893428e-01
   2.43209069e+00
  -2.16006684e+00
   4.76590897e-01
  -9.39085553e-01
  -5.50635839e-01
   8.71619178e-01
  -1.05569181e+00
   8.12544693e-01
  -1.15080131e+00
  -6.37806474e-01
   5.98538486e-01
   1.35279073e+00
   8.76515949e-01
   6.29887712e-01
   2.28049099e+00
   2.14121165e-01
  -8.16596268e-01
   4.64028356e-01
   4.51994023e-01
   4.22729785e-01
  -1.47574447e+00
   3.68213996e-01
   7.60990901e-01
  -4.99199629e-01
   7.07224687e-01
   1.28125835e+00
  -1.02649597e+00
  -1.23747570e+00
   1.45815035e-01
   3.57208603e-01
  -2.22855964e+00
  -8.56952415e-01
  -4.78233818e-01
   1.79963409e+00
  -2.35908404e-01
  -6.08665847e-01
  -7.94879385e-01
   1.98233757e+00
  -2.00412029e+00
  -2.11292705e+00
   8.45875056e-01
   2.13818413e+00
  -1.13535595e+00
  -2.09138416e+00
   2.07313020e+00
  -1.52079500e+00
   8.08084476e-01
  -1.82707054e+00
  -1.94208405e-01
   3.46745414e-01
   5.31901940e-01
  -3.32733591e-01
   4.92687356e-01
  -1.74109613e+00
  -3.82244629e-01
   1.00317326e+00
  -1.26728499e-01
   4.98530682e-01
  -1.76940044e-01
  -6.27195327e-01
  -1.41819653e+00
  -1.27841365e+00
  -4.89956807e-01
   2.50713522e-01
   8.73691045e-01
   4.81082441e-02
  -1.25127481e+00
  -1.55816810e+00
  -2.73154633e+00
   1.27992053e+00
   9.00019896e-01
  -7.74874685e-02
   1.09314980e-01
  -6.09609030e-01
  -7.49091387e-01
   9.26214249e-01
  -1.82833607e+00
   1.20080956e+00
   4.89118444e-01
   2.75884337e-01
  -2.22233850e+00
   2.02717361e-01
  -1.21522457e-01
   9.12390913e-01
   2.23088618e+00
   2.21254411e+00
   4.24263067e-01
  -9.43692915e-01
  -6.05095468e-02
   5.80940735e-01
  -4.29894534e-01
   2.00303902e+00
   4.80441954e-01
   2.53045397e-01
  -8.91312482e-01
  -1.04938359e+00
   2.29868926e-01
  -1.24777072e+00
   2.11562913e+00
   1.87372455e-01
  -3.07586173e-02
   3.00090533e-01
   1.56899849e+00
  -2.68471104e-01
   3.00624210e-01
   1.54144953e+00
  -5.53623382e-01
  -3.26315499e-01
   1.13303591e+00
  -2.32722123e+00
  -9.31922458e-01
   1.82164859e-01
   1.17285610e+00
  -7.67901527e-01
  -1.05120521e+00
   2.86593732e-01
  -1.29338301e+00
  -1.04479873e+00
  -2.03365664e-01
   4.11079555e-01
   1.69686876e+00
   1.39702447e+00
   1.19470433e+00
   7.06741733e-01
   9.64531889e-01
  -7.31453726e-01
  -5.21716013e-01
  -6.74165929e-01
   6.21185275e-01
  -7.17928417e-01
   1.67468598e+00
  -2.17315522e-01
   5.32944126e-01
   1.91613598e+00
  -1.29612447e+00
  -6.42414930e-01
  -5.56129993e-01
   9.98027715e-01
  -1.11628237e+00
  -1.01182223e+00
  -4.16769957e-01
   5.40283289e-01
   1.17432387e+00
  -8.33777450e-01
  -1.04461808e+00
  -1.04818032e-02
  -7.78103444e-01
  -3.71164701e-01
   5.35469155e-01
  -2.67502465e-01
   2.39107272e-02
  -3.21527952e-01
  -1.14329415e-02
  -1.71926998e-01
   4.46947094e-01
  -5.16234138e-01
  -5.18922990e-01
   1.98955198e+00
  -1.52059987e+00
  -3.74291618e-01
  -1.09641624e+00
  -1.53666618e-01
  -6.35298679e-01
   1.34679652e-01
  -6.49239015e-01
  -2.23212594e-01
  -1.03030412e+00
  -6.73232209e-01
   1.36830937e-01
  -4.09410691e-01
  -1.70817124e+00
   8.76027280e-01
   2.67544610e-01
   9.71469682e-02
   5.96336439e-02
  -1.66506909e+00
   1.16269960e-01
  -1.10093457e+00
   8.48852536e-02
  -1.78667140e-01
  -1.45785891e+00
   3.97027181e-01
  -1.19417776e+00
  -6.67303184e-01
  -1.27864444e+00
   1.13284813e+00
   1.23598361e-01
   1.38886384e-01
  -8.35374027e-02
  -1.06117899e+00
  -2.39367354e-01
   8.96955031e-01
   4.34316549e-01
  -1.89860785e+00
  -5.90469367e-01
  -8.62628901e-01
  -1.23572648e+00
  -1.11552127e+00
  -1.08366660e+00
   9.48654910e-01
  -1.72172398e+00
   5.28503325e-01
   8.63804225e-01
   8.18703703e-02
   1.11189038e+00
   6.91522401e-01
  -5.93303216e-01
  -4.25656638e-01
  -2.92395124e-01
   3.65412302e-01
  -6.23679102e-01
  -1.67902526e-01
  -2.45451695e-01
   3.98153007e-01
  -2.07843569e-01
   3.71419338e-01
  -2.55826190e+00
   2.91241983e-01
  -1.10895479e+00
   3.79162493e-01
   3.44031171e-01
   8.96412258e-01
   4.10181520e-01
   1.28005029e+00
   1.63208306e-01
   7.26858185e-01
  -6.76041826e-01
   2.43612275e-01
  -1.82787759e+00
   5.93725095e-01
   8.62868023e-01
  -1.28536446e+00
  -1.04242478e-01
   2.22398585e-01
   2.09481804e+00
  -4.42128675e-01
   4.41901188e-01
  -2.29101460e+00
  -1.71687359e+00
  -4.04676137e-01
   3.53433394e-01
  -4.70021670e-01
  -1.01267304e+00
  -2.70365005e-01
  -3.78418205e-01
   1.39456009e+00
   1.39492466e+00
   4.70167744e-01
  -4.81650366e-01
  -9.14648503e-01
  -6.72210089e-01
  -1.35747672e-01
   1.08729433e+00
   1.83630910e-02
  -1.52841798e-01
  -2.90831711e+00
  -6.51325549e-01
  -4.36180590e-01
   3.08942332e-01
   4.57347239e-02
  -6.66532600e-01
  -8.51030207e-01
  -7.86482995e-01
  -1.11603316e+00
   2.27100753e-01
  -1.68383945e+00
  -2.25827503e-01
  -1.50920819e+00
  -8.48511669e-01
   8.69375382e-01
  -2.69376234e-01
   1.30057690e+00
   1.75319496e-01
   1.37388811e-01
  -1.31427246e+00
   5.25219858e-01
   3.20746354e+00
   1.02440852e+00
   2.89967566e-01
  -4.16978139e-01
   1.20062403e+00
   9.06383377e-01
   1.07690848e+00
   1.60033601e-01
   2.18000693e-03
  -9.24961194e-01
   9.85600579e-01
   1.33632762e+00
  -1.42671948e+00
   1.15311464e+00
   1.07783142e+00
   1.15063325e+00
   5.93019112e-01
  -4.51008207e-01
   1.48559779e+00
   1.67270692e-01
   8.96295538e-01
  -1.12021284e-01
   7.32723174e-01
   1.13258245e-02
  -7.70423245e-01
   2.31668682e-01
  -9.11156299e-01
   9.65411799e-01
  -8.73587619e-01
   6.94535726e-02
   1.34014091e+00
   6.82607210e-02
  -1.05476963e+00
   8.05247725e-01
  -2.26920504e-01
  -3.95748744e-01
   1.46687911e+00
  -1.06873191e+00
  -1.93359954e+00
   9.54992257e-02
   2.04603393e+00
  -1.37978324e+00
  -1.55735966e+00
  -4.79113471e-01
  -1.01983455e-01
  -1.00784780e+00
  -7.65273663e-01
  -3.92284606e-02
   2.75512446e-01
   4.83444694e-01
   2.47019749e+00
   4.16586261e-01
   1.41777588e+00
  -3.97873818e-01
   3.79402565e-01
   1.11206238e+00
   5.28061121e-02
   6.05110428e-01
  -2.04541706e+00
   1.58738373e-02
  -1.61050225e+00
  -3.59297076e-01
   1.20929862e-01
  -3.89689329e-01
   4.07862623e-01
   5.00645380e-01
  -4.36230286e-01
   2.81478495e+00
  -3.93328355e-01
   1.98843327e-01
   1.23685563e+00
  -1.62233520e+00
  -1.42123304e+00
  -6.46659489e-01
  -1.64143043e-01
  -1.67306642e-01
  -1.14726857e-01
  -8.92569734e-01
   1.74531840e-01
  -4.06597557e-01
   1.13813704e+00
   6.33195407e-01
   8.25820002e-01
  -7.16244521e-01
   7.60967153e-03
  -7.60602070e-01
  -2.05592319e+00
   1.22904978e+00
  -7.09885106e-01
   2.72787966e-01
  -7.16841101e-02
   6.54781022e-01
  -3.85892486e-01
   2.03964544e+00
   1.29760108e+00
  -1.85856398e+00
  -1.76014182e+00
  -3.93942980e-01
   1.25835353e+00
   2.71881166e+00
  -8.24716210e-02
   2.51407099e+00
   6.64986914e-01
   7.25140777e-01
   7.85740666e-01
   2.92505224e-01
   1.26554151e-01
  -1.83208566e+00
  -2.09949485e+00
   6.62462134e-01
  -9.01114749e-01
  -4.35329301e-01
   1.53408190e+00
   7.87812743e-01
   1.35490446e+00
   1.76362726e-01
  -2.15731060e-01
  -2.86151412e-01
  -6.93530099e-01
   1.56431971e+00
   1.70339853e-01
   5.03757371e-01
   1.90397663e-01
   1.34120208e+00
  -6.78016851e-01
  -6.81832229e-01
   1.54422874e-01
   6.59656190e-01
  -2.42765652e+00
   4.27538954e-01
   7.29110364e-01
  -1.89031701e+00
  -1.28810498e+00
  -4.85074861e-01
  -2.64690120e-01
  -7.87385501e-01
  -1.08234150e+00
  -1.15822842e+00
  -1.05741470e+00
  -2.08016335e-01
   9.67117259e-01
  -8.45289585e-02
   7.27039880e-01
  -1.78877502e-01
  -6.29754789e-01
   4.76079188e-01
  -1.41989606e-01
  -1.03130402e+00
  -3.74556364e-01
  -1.31792144e+00
   5.46014512e-01
  -6.99794514e-03
   1.05963505e+00
  -4.39381941e-01
   6.52998011e-01
   2.36910934e-02
   9.56071950e-02
   4.33045771e-01
   1.55839176e+00
  -2.41988340e+00
  -6.02887676e-01
   4.00407920e-01
   8.63395181e-01
  -1.54491111e-01
   1.12967594e+00
   2.85442065e-02
  -9.09397827e-01
   3.88812044e-01
  -6.79370516e-01
   1.87110415e-01
   1.48977781e+00
  -1.73195885e+00
  -2.32682636e-01
  -2.54472979e-01
  -1.80831395e+00
   5.26728609e-01
  -6.93721518e-01
  -8.03820423e-01
  -3.70780159e-01
   1.09906952e-01
   6.23389207e-02
  -3.78348688e-01
  -9.97043061e-01
  -1.68749409e+00
  -5.32359849e-01
   1.14959980e+00
  -2.08763529e-01
  -8.11579567e-02
   7.89706353e-01
   8.64046895e-01
  -4.77196979e-01
   7.82071523e-01
  -3.29809260e-01
  -4.69894098e-01
   1.25371320e+00
  -2.60777636e-01
  -7.21359274e-01
  -2.13863784e+00
   2.85637256e-01
  -1.97200650e+00
   7.72137783e-01
  -1.01255269e-01
  -4.31433784e-01
   7.02383499e-01
  -1.18198100e+00
  -8.88255161e-01
   1.57360671e-02
  -8.37588256e-01
   1.60643233e+00
  -4.84964996e-01
  -2.08630936e+00
   6.45048213e-01
  -1.67231943e+00
   2.37800138e-01
   6.86820146e-01
  -3.86035245e-01
   1.16708755e+00
  -1.12541981e+00
  -2.13431080e-01
  -3.65846042e-01
  -1.04796589e+00
   1.37522117e+00
  -1.87337566e+00
  -1.09881985e+00
   8.47339593e-02
   9.31954098e-01
   1.13235647e+00
   1.00834722e+00
   1.98184114e-01
  -4.66851117e-01
  -3.31321167e-01
   4.33764212e-01
  -1.05758268e+00
   5.70360527e-01
   9.95011395e-01
  -7.06902897e-01
   1.10342699e+00
  -6.96216167e-01
   4.51835956e-01
   2.10338245e-02
   4.57833661e-01
  -3.74255563e-01
   4.57288031e-01
  -1.59100263e+00
   4.78838943e-01
   1.77529829e+00
  -1.51605535e+00
  -5.62315235e-01
   1.31977310e+00
  -1.32078182e+00
  -8.79909002e-01
   4.26393304e-01
  -1.92365243e+00
  -1.81072190e+00
  -8.94708628e-01
   1.09880181e+00
   4.54733553e-01
   1.19877731e+00
  -5.03427797e-01
   1.91250080e-01
   4.22886907e-01
  -1.88408625e-01
  -6.58137772e-01
   2.05508019e+00
   1.04579066e+00
  -7.34928973e-01
  -1.76946222e+00
  -5.98120582e-01
   5.32013131e-01
   1.68388812e+00
   3.18186886e-01
  -1.23314117e+00
  -1.13003669e+00
  -1.75364315e+00
  -4.73891985e-01
   1.21165961e-01
   1.62518447e+00
  -8.81062103e-01
   1.34444135e-02
   2.01155788e+00
  -2.07406864e-01
  -8.62406149e-01
  -2.23379501e+00
   5.92836635e-01
   2.07158879e-01
  -9.92635962e-01
   9.06713793e-01
   3.18786709e-01
   5.49596118e-01
   2.18399668e+00
   3.84737180e-01
   7.26284175e-01
  -1.09813539e+00
  -3.87354275e-01
  -2.28430537e-01
  -1.08841350e+00
  -7.77360064e-02
  -1.52947322e-01
   4.51995032e-01
  -4.62608383e-01
  -1.19293239e+00
   4.89250427e-01
  -3.50228154e-01
  -1.97964663e+00
   1.20670908e-01
  -2.78676647e-01
  -6.91782379e-01
   7.30548536e-01
   3.34131444e-01
  -5.06540974e-01
   1.39263377e+00
  -1.36139778e+00
  -2.44156943e+00
  -4.04127583e-01
   8.92339333e-01
   7.11960936e-01
   1.16739143e+00
   1.32565136e+00
  -6.20704689e-01
  -2.44394212e+00
   7.89720598e-01
  -1.13985761e+00
  -2.80844239e-01
  -9.96788202e-01
   1.34551010e+00
  -1.41388734e+00
   2.71813005e-01
   3.09783995e-01
   8.70822104e-01
   1.75887985e+00
   1.52442275e+00
  -9.51614880e-01
  -3.05927406e-01
   6.29850884e-01
   1.91892944e-01
   5.48246672e-01
   1.12478199e-01
   9.54406180e-02
   4.45648501e-01
  -5.50615542e-01
   8.73841684e-01
   1.68634385e-01
   3.54107177e-01
   1.00103049e+00
  -5.14349862e-01
  -2.22394300e+00
   7.91385832e-01
  -2.45100460e-01
   6.87062662e-01
  -4.31192474e-01
  -1.23269267e-01
   1.13055387e+00
   2.79487810e-02
   5.16266225e-01
  -6.83116226e-01
   3.61775652e-01
   5.69988677e-02
  -1.62762795e+00
  -6.79476918e-01
  -1.89023460e+00
   1.53270655e+00
  -5.80420893e-01
   5.03675075e-01
   2.55211417e-01
  -2.01780952e+00
   9.03643862e-01
  -6.34174921e-01
  -1.00393271e+00
  -7.20823177e-03
  -4.99268260e-01
  -9.46843708e-02
  -2.07955078e+00
  -9.49494135e-01
  -1.13733518e+00
   5.81344520e-01
  -4.39264524e-01
   2.81078563e-01
  -1.32595754e+00
   1.96028776e+00
   3.26293019e-01
  -5.41006540e-01
  -6.21735736e-02
  -8.42509758e-01
  -6.93000254e-01
   1.54307577e+00
  -1.61782932e+00
   6.98999425e-01
   5.63348054e-01
  -4.29866091e-01
  -1.15809675e+00
   1.97284483e-01
   1.74613300e+00
   9.98126128e-01
   1.26662347e+00
   1.50481509e-01
  -9.51941222e-02
   1.33569863e+00
   2.44943568e+00
   7.11796851e-01
  -2.17604391e+00
  -4.51072455e-01
  -2.80591570e-01
  -1.49861699e+00
  -5.34755438e-01
   3.77782860e-01
   2.15743863e+00
   1.59740460e+00
  -9.97857246e-01
  -5.69734162e-01
  -1.35986237e-01
   1.42079922e-01
  -2.41044317e+00
  -6.92546625e-01
   8.21344399e-01
  -8.01516654e-01
   2.38730176e-01
   1.51331105e-01
  -1.43329343e-01
   2.15113529e-01
   6.70871703e-01
   1.66057541e-01
   4.14239147e-02
  -1.27071312e+00
   3.54302133e-01
   1.54483709e+00
  -2.65990523e+00
   7.68404766e-01
   3.22634674e-01
  -1.18482336e+00
  -7.31353071e-01
   2.19111406e+00
  -6.11816685e-01
  -9.47651171e-01
  -1.29276720e+00
  -1.07521033e+00
   7.70216346e-02
   3.42444438e-01
  -3.67126627e-01
   1.10144403e+00
  -2.68159455e-01
  -2.03444906e-01
   3.41214604e-01
   4.14223509e-01
   5.29993234e-01
   1.53919912e+00
   2.13670371e+00
   2.05850592e+00
  -3.80728411e-01
   3.63325919e-01
  -1.47039830e+00
   1.01386883e-01
   3.00429180e-01
   7.82261131e-01
   2.61115251e+00
  -1.54386180e+00
   1.18021147e+00
   2.54546407e+00
   4.65654715e-02
  -8.15709898e-01
   5.61648838e-01
   3.64054269e-01
   3.87456838e-01
   5.81834197e-01
  -4.65468468e-01
  -6.48838186e-01
  -1.55204456e+00
  -3.68700442e-01
   4.56754312e-01
   7.25849536e-01
  -4.48287626e-01
  -6.39881741e-01
   1.56764711e+00
   1.04819608e-01
  -1.11582097e+00
   9.09641373e-01
   1.09562697e+00
   1.29375744e+00
   4.83200322e-01
   1.60775237e+00
   6.55337918e-01
  -2.22336579e-01
  -1.63267209e+00
  -9.84821631e-01
   8.12213310e-02
   1.71842870e-01
  -1.26792350e+00
  -1.25298810e+00
   1.23525145e+00
  -6.64004461e-01
  -8.48160876e-01
   4.45961631e-01
   1.70616757e+00
  -1.31406721e+00
  -1.44751492e+00
   8.98578999e-01
   1.83966467e-01
  -8.80244950e-01
  -4.26572989e-01
   4.44256539e-01
   1.98583436e-01
   9.67159451e-01
   4.45017512e-01
   6.35221026e-01
  -8.49731854e-01
  -2.42374159e-01
  -3.95990180e-01
  -1.08730581e+00
  -8.90598036e-01
   3.62893394e-01
   1.84976326e-01
  -1.02271053e+00
   2.66219883e-01
   5.77451456e-02
   1.07350775e+00
   4.00376933e-01
  -1.69591345e+00
   1.11362479e+00
   4.84914019e-01
   7.77980980e-01
  -2.39739890e-01
   1.36361467e+00
   7.53535330e-03
  -8.21251430e-01
   2.05069215e+00
   8.79695154e-01
   1.57972119e+00
  -9.06912337e-01
  -1.18403030e+00
   5.92298203e-02
  -9.10769743e-01
   6.07963865e-01
  -1.25216346e+00
  -1.06294144e+00
  -2.56328839e-01
  -1.20891229e+00
   1.27292119e+00
  -4.66110089e-01
   5.25548139e-02
  -3.17253524e-01
  -4.16836905e-01
  -2.22557044e-01
   1.05391345e+00
   5.76538471e-01
  -8.80331604e-01
  -4.54003233e-01
  -2.24503598e+00
  -5.17815200e-02
   4.96933214e-01
   7.98914705e-01
   1.61359758e+00
  -4.21037869e-01
   1.26241108e+00
   8.89534213e-01
  -7.02209270e-01
  -3.02005796e-01
   1.31799878e+00
  -4.36503753e-01
  -5.97903841e-01
   9.09311533e-01
   8.94603754e-01
  -3.74146666e-01
   2.25770993e-01
  -2.43681084e+00
   6.44663108e-02
   5.95035122e-01
   1.18089226e+00
  -6.53721327e-01
  -6.37868365e-01
  -2.21815213e-01
   5.95084023e-01
  -2.03699623e+00
   1.13831855e+00
  -1.78705376e-01
  -1.28206535e+00
  -7.43149393e-01
  -5.42461411e-01
  -1.14343271e+00
  -6.54910333e-01
   3.84021306e-01
   6.52084699e-01
   7.83139855e-01
  -9.54824658e-01
  -1.13486599e+00
  -2.70171188e-01
  -1.47098815e+00
  -1.44482324e+00
  -1.43090645e-01
  -9.14960204e-01
  -9.40892508e-01
  -1.17544165e+00
  -8.19722467e-01
   4.31385097e-01
  -6.73751790e-01
   6.33599943e-01
  -9.74279216e-01
   4.35459395e-01
  -8.94198156e-01
  -1.15216973e+00
  -4.40056411e-01
   4.75407999e-01
   2.05345034e-01
   7.17872867e-01
  -2.17417079e+00
   9.03158858e-01
   2.07232465e+00
   5.73901990e-01
   7.54753177e-02
   1.14623932e+00
  -5.66424499e-01
  -2.29218011e-01
   1.01673318e+00
  -3.71296846e-01
  -1.05857441e+00
  -9.91136544e-01
   2.17071479e+00
  -6.00448443e-02
  -1.40976332e+00
   9.00856323e-01
   1.29321046e-02
   8.34568633e-01
   1.28138347e+00
  -8.81785861e-01
   5.06951467e-01
   1.27832920e-01
  -2.12739233e-01
   1.00357006e+00
   5.43461733e-01
  -3.81214256e-01
   6.60325566e-01
  -1.74747139e+00
   3.18652435e-01
   7.07612595e-01
   8.89018316e-01
  -9.63217205e-01
   5.99152102e-01
   1.67989923e-01
   3.71688508e-01
  -3.73471918e-01
   5.66748443e-01
  -5.79975604e-01
   1.60745814e-01
   9.01433283e-01
   2.93547605e-01
  -4.72287994e-01
  -2.50309119e+00
   4.76026932e-01
   5.46138127e-01
   5.11019703e-01
   1.11434564e+00
   9.82799930e-01
  -1.83164025e+00
   5.82054643e-01
   3.42262212e-01
   1.00452141e+00
  -1.35523100e-01
   4.09901912e-01
  -6.40427867e-01
  -8.52061955e-01
  -3.04039881e-01
   1.01886394e+00
  -8.68316204e-01
  -3.92483860e-01
  -3.33975706e-01
  -1.42517572e+00
  -7.22419889e-01
   1.11891033e+00
  -9.16698703e-01
  -1.33010286e-01
  -1.26795668e-02
  -6.39400949e-01
  -1.16181270e+00
   1.24537193e+00
   1.23401894e+00
  -2.10987212e+00
   6.84164053e-02
   1.39016297e+00
   1.62651659e-01
   1.33846734e+00
  -1.18296853e+00
   7.93778231e-01
  -1.96402141e+00
   4.26222035e-01
  -1.49704364e-01
   3.73700755e-01
  -4.54721398e-01
   9.42735146e-01
   5.08964898e-01
  -5.43902168e-02
   5.21532907e-01
   2.04865297e+00
   1.59243727e+00
   1.05952539e+00
  -1.07729683e-01
  -1.47152650e+00
  -7.58572443e-01
   7.21318344e-01
   1.34945816e+00
  -9.51379245e-01
   1.85877767e-01
   2.98882841e-01
   7.38394625e-01
  -3.38854219e-01
   1.23998856e+00
  -2.25722714e-01
  -1.67355860e+00
   1.69155526e+00
   1.39793385e+00
   9.72007724e-01
   9.25559267e-01
   8.92031493e-01
   7.37428951e-01
  -1.62817948e+00
   8.69046075e-01
  -4.51780590e-01
   2.24418334e+00
  -2.97659676e-01
  -9.90081349e-01
   4.05170534e-01
   6.27863655e-01
   3.27253005e-01
   8.35666455e-01
  -1.18686568e+00
  -9.48393868e-01
   2.99655449e-01
  -1.93778148e+00
   6.84608140e-01
   1.67987390e-01
  -1.84392133e+00
  -1.46219623e+00
  -5.11454765e-01
   1.26996147e+00
  -1.18553177e+00
  -3.40198638e-01
   3.80068521e-01
   3.85976990e-01
   3.48980307e-01
  -1.01341901e-01
   5.00336414e-01
  -1.90483149e+00
   3.49213043e-01
  -1.09234103e+00
  -7.22052773e-01
   6.64156197e-01
  -5.01566129e-01
  -2.89825161e+00
  -1.56823044e+00
  -5.10386222e-01
   6.03499364e-01
   7.90407898e-01
  -1.23808343e+00
   2.45806304e-01
  -6.48585647e-04
  -1.35915237e+00
  -3.28700393e-01
  -1.48491305e+00
  -3.11437985e-01
   1.63901419e+00
   3.03347546e-01
   1.99301633e-01
  -6.83024940e-01
   1.27519895e-01
   1.65453674e+00
  -1.14511945e+00
  -1.32096411e+00
   9.43602033e-01
  -7.41486316e-01
   7.62366816e-02
   4.84010137e-01
  -3.87598778e-01
   1.48150110e+00
   5.34947996e-01
  -2.35393301e+00
   8.15412691e-01
   3.60170059e-01
   1.86764307e-01
   1.90822994e+00
   7.52071328e-01
   2.70036838e+00
  -7.16962211e-01
   2.22798347e-01
   1.22032416e+00
  -4.97318483e-01
   4.84261334e-01
   6.06572417e-01
   1.57132691e-01
   1.43960863e-01
  -4.71519608e-01
   4.51786685e-01
  -2.74165504e-02
  -1.04516289e+00
   1.09405017e+00
  -7.30565524e-01
  -2.32830556e-01
   3.64697480e-01
   2.88910394e-01
   2.47837405e+00
  -2.77827735e-01
   1.18300613e-01
  -5.58417238e-01
  -1.06876927e+00
  -1.08928877e+00
   5.68745982e-01
   2.10435501e+00
   6.49221482e-01
  -1.62466083e+00
  -1.92928816e+00
  -4.74466564e-01
   1.52157113e+00
   7.45738777e-01
   8.80569273e-02
  -4.49351314e-02
  -1.60812736e-01
   1.20963480e-01
   1.13363744e-01
   2.54398436e-01
   2.94201288e-01
  -1.88571120e+00
   9.78649439e-01
  -3.39482148e-01
  -7.17892610e-02
  -7.95320047e-01
   1.98832547e-01
   4.83340299e-02
   1.51753091e+00
   9.06745716e-02
  -8.21801885e-01
   8.14407592e-01
  -7.58768030e-01
   1.24881941e+00
   1.89175145e+00
  -1.80843085e+00
  -4.63201446e-03
   2.13904848e-01
  -4.69278894e-01
  -1.11062745e+00
   1.05618732e+00
   2.32630134e-01
  -1.04895977e+00
  -1.86733779e+00
   5.79774356e-01
   4.46286851e-01
   3.65758332e-01
  -1.36563875e+00
   3.66817530e-01
  -7.81973678e-01
   8.65239933e-01
  -5.10959016e-01
   3.10112277e-01
   1.29850268e-02
   1.38637366e-02
   3.70188983e-01
  -2.16536847e+00
  -1.44734919e+00
   1.21477513e+00
  -3.79736178e-01
   1.84870580e+00
  -1.28910276e-01
   2.08063732e-01
   8.05165361e-02
  -4.65872986e-01
  -1.41629455e-01
   3.00935458e-01
   2.68642771e-01
  -3.72523772e-01
  -1.60943701e-02
   5.39477543e-01
  -1.12944121e+00
   4.95017764e-01
  -2.01881647e+00
   1.27458165e+00
  -7.43470549e-01
  -1.05996180e+00
   8.06029624e-01
   2.00543564e-01
  -1.44022725e+00
   1.75499385e-01
   1.06252623e+00
   1.47525011e+00
  -5.94729919e-01
  -4.43054649e-02
  -9.54363141e-01
  -1.93138380e+00
   5.28371426e-01
  -3.98747758e-01
   7.91336437e-01
  -9.62562980e-01
   3.18844501e-01
   1.25115399e-01
   8.47164497e-01
   2.01782226e-01
  -1.60287923e+00
   4.59556991e-01
  -8.78591305e-01
   1.16536414e+00
  -1.25439477e+00
  -2.13917978e-01
   4.97530614e-01
   4.57825961e-01
  -1.45077111e+00
   1.28744810e+00
  -2.96567582e-01
  -6.28430446e-01
  -1.68543927e+00
  -1.65219429e-01
   1.27671281e+00
  -1.07407569e+00
  -1.78248736e+00
  -2.15963667e-01
  -1.92335357e+00
   4.59509102e-01
  -1.85196797e-01
  -1.18265128e+00
  -5.51415393e-01
   1.40613573e-01
   1.67783859e-01
  -3.83564963e-01
  -1.07166713e+00
   6.20069649e-01
  -2.33259412e+00
   7.98601596e-01
  -3.98051253e-02
   3.40203279e-01
   4.28267007e-01
  -1.94671390e-01
   2.76882019e-01
  -1.19727715e+00
   5.98845643e-01
   7.64499726e-01
   7.01147129e-01
   3.37880629e-01
  -4.94613563e-01
  -9.15359313e-01
   2.34822079e-01
   8.05703102e-01
  -5.68117424e-01
  -1.14969991e+00
  -1.74406166e+00
   3.08858634e-01
  -1.48232473e+00
   2.73804040e+00
  -6.72343232e-01
   3.96060828e-01
  -7.96387096e-01
  -1.00449840e+00
   4.31116118e-01
   3.10699519e-01
   3.61871528e-01
   1.79617077e+00
  -2.91647650e+00
   3.80497876e-01
   6.34752487e-01
  -1.76034301e-01
   6.36477960e-02
  -1.61340168e+00
  -1.05295583e+00
   7.82939198e-01
   1.08070339e+00
   6.55069982e-01
  -3.33002969e-01
  -5.14669678e-02
   1.42522407e-01
  -3.67145566e-01
  -5.72766853e-01
   3.62980816e-02
  -4.04876529e-01
   1.19399930e+00
  -1.31122542e+00
   1.58007485e-01
   1.26144889e+00
   1.68784023e+00
   1.27215965e+00
  -9.18324940e-01
   1.18501119e-01
   7.13040639e-01
  -8.25676894e-01
   1.39390107e-01
  -4.15007516e-01
   3.14891143e-01
   4.96718882e-01
   5.70471435e-01
   9.61526719e-02
  -1.09360306e+00
  -1.77122799e+00
  -1.07245177e+00
   2.14095102e-01
  -5.90274341e-01
  -1.36083735e+00
   9.79934628e-01
  -5.83477171e-01
   2.44372860e-01
   7.29826964e-01
  -2.61861158e-02
   1.58805698e+00
  -5.07166066e-01
  -2.21671250e-01
  -1.76653707e+00
  -3.41058108e-02
  -7.83195528e-01
  -7.28603122e-01
  -8.42692948e-01
  -7.93173595e-01
  -4.52454864e-02
  -2.84134468e-01
   1.39433342e+00
   1.00458573e-01
   3.09979336e-02
  -1.33782682e+00
  -1.46950198e-01
  -5.10010517e-01
   2.29567069e+00
   8.52592785e-01
   1.15088626e+00
   2.54147315e-01
  -1.37303404e+00
  -1.22257982e+00
   1.79560021e+00
   3.73576224e-02
   6.53376153e-01
   6.68446533e-01
  -1.19543721e+00
  -7.58254286e-01
   5.20142399e-01
  -3.32126499e-01
   1.23704850e+00
  -3.58409042e-01
   1.69886464e-01
  -1.94287737e+00
   7.04168920e-01
  -1.28530978e-01
   4.03029826e-01
  -2.13969933e+00
  -9.65199241e-02
  -3.98915881e-01
  -1.51682318e-01
  -2.09829413e+00
   1.87512172e-01
   4.00253142e-01
   1.01309981e+00
  -5.83761905e-02
   7.87109145e-01
  -4.33008934e-01
   1.88085260e+00
   7.57600429e-01
   4.65163897e-01
   1.52076144e+00
   1.35244679e+00
   1.31386239e+00
   2.09757539e-01
  -4.18393005e-01
  -1.73079076e-01
   5.32275775e-01
  -1.19209491e+00
   2.66019244e+00
  -1.39188233e+00
  -3.02123783e-01
  -1.95866913e+00
  -1.23286382e+00
   4.09400701e-01
   3.04824046e-02
  -1.17119761e+00
  -4.86274883e-02
   1.78289276e-01
   3.36532353e-01
   3.96224737e-01
  -3.71450003e-01
  -4.88361269e-01
  -1.28556737e+00
  -1.56796513e-01
   1.43375134e+00
  -8.84388534e-01
   1.01849642e+00
  -2.38045060e+00
  -1.40002367e+00
   2.67432548e-01
  -2.94292563e-01
   6.30483522e-01
  -1.25301224e+00
  -7.77425532e-01
  -6.51747076e-01
  -8.82638557e-01
   1.11233547e+00
   9.19427339e-01
  -1.59079230e+00
   1.50789582e+00
   7.32894493e-01
   9.02886607e-01
   1.04437438e+00
  -2.49742669e+00
  -1.06623455e+00
   2.73356772e+00
   8.74400851e-01
  -9.15956401e-01
  -1.89464209e-01
   9.91250739e-01
   8.21392379e-01
  -8.27132598e-01
  -1.52071704e+00
   4.62932180e-01
  -1.31364799e+00
  -2.36029627e-01
  -8.52395271e-01
  -8.76446756e-01
   7.82638359e-01
  -1.72411479e+00
   4.13332302e-01
   2.26600492e-02
   1.66672385e-01
   2.28385651e-02
   7.96716976e-02
  -4.26845292e-01
  -2.98857763e-01
  -1.61040791e+00
  -1.84156045e+00
  -1.15118696e+00
  -8.37219010e-01
   1.31468075e+00
   8.91367119e-01
   7.80037795e-01
  -1.07322959e+00
  -9.58482901e-01
   2.05267137e+00
  -1.28711565e+00
  -1.11665675e+00
  -4.99380545e-01
   1.49259463e+00
   1.11276913e+00
   1.61115881e-01
   7.01562584e-01
  -8.43875973e-02
   1.09268503e+00
  -1.00090811e-01
   4.48667622e-02
   6.94604359e-01
   9.39979966e-01
   1.26287431e+00
   3.13997955e-02
  -1.14096616e+00
  -6.30798180e-01
   1.59417149e-01
  -5.23796869e-01
  -3.14423276e-01
   5.02697068e-01
   6.29372640e-01
   8.41480517e-01
   1.47988531e+00
   4.93433437e-01
  -8.83792820e-01
  -3.54502273e-01
  -6.42796454e-01
  -1.04491383e+00
   8.18863934e-01
  -1.38446042e+00
   7.83061266e-02
  -9.12425602e-01
   6.78746955e-01
  -1.26297329e+00
   8.37395925e-01
   4.90522441e-01
   1.08284608e+00
  -1.03572761e+00
  -1.01384906e+00
   3.11615010e-01
  -1.13724850e+00
  -2.11387892e+00
  -1.51816601e+00
   2.61871614e-01
   4.75142637e-01
  -3.74445652e-01
   1.21027591e+00
  -1.88098040e+00
  -1.02740840e+00
   9.14068243e-01
  -9.14819750e-01
  -1.27695997e+00
  -2.46196693e+00
  -3.30077877e-01
  -1.51379278e+00
   1.17042475e-01
   5.27750123e-01
  -6.02307756e-01
  -5.66116979e-01
  -9.07577908e-01
  -2.46189767e-01
  -1.01552435e+00
   1.55727334e-01
   3.94077721e-01
   2.09304373e+00
  -2.06248304e+00
   1.70791615e-01
  -6.25685595e-02
   2.23386759e+00
  -1.88527069e-01
  -5.96340099e-01
   5.78105529e-01
   1.03850942e+00
  -2.62421070e-01
  -1.43102517e+00
   1.43701489e+00
  -5.21412319e-02
   5.97027440e-01
   5.37657732e-01
   7.31507244e-01
  -2.58074062e-01
   5.18554294e-01
  -1.93558983e-02
  -6.96669271e-01
   4.57987093e-01
  -1.97783574e+00
   7.10888258e-02
  -1.02881500e+00
   8.49720330e-01
   3.83150624e-01
  -9.77684911e-01
   7.18884028e-01
   4.55093319e-02
   1.15280724e+00
  -5.19816058e-01
   1.05551229e+00
  -1.22448783e+00
  -1.45247269e+00
   5.71336103e-02
  -6.38658301e-01
  -5.85647855e-01
   7.89599445e-01
  -1.44514873e+00
   4.36757284e-01
   5.00960834e-01
  -4.62069990e-01
   2.21578695e-01
  -1.76198705e-01
  -2.49094972e-01
  -5.78966564e-01
   3.60641056e-01
  -4.26604806e-01
  -6.03395504e-01
  -1.58785749e+00
   2.05591950e-01
  -5.29043584e-01
  -9.40887477e-01
   1.24924172e+00
  -5.70631099e-01
  -8.78676780e-01
  -2.25216971e-01
   4.87455377e-01
   8.76659199e-01
  -7.81949056e-01
   3.24391785e-01
  -3.95165994e-01
  -1.06638710e+00
   6.05746093e-01
  -5.81701809e-01
   1.87814772e+00
   1.14549334e+00
  -2.32201880e+00
   9.64564598e-01
  -9.53971243e-01
  -1.24043731e+00
  -1.00098107e-01
   1.01703368e+00
   1.14736748e+00
   1.69915000e-01
  -3.99294037e-01
   1.39991282e+00
  -3.91752765e-01
   4.03462115e-01
   9.42133929e-01
   2.98359180e-01
   3.50051945e-01
  -2.10330369e+00
   1.22486897e+00
   2.09990923e-01
  -5.03690555e-01
  -5.02586374e-01
  -1.11157464e+00
   1.24384319e+00
   2.26810259e-01
   2.01106828e-01
   1.60431033e+00
  -6.96256728e-01
