   1.41516328e+00
  -1.26439477e+00
  -1.66546918e+00
  -1.67083402e+00
   1.95750168e+00
   1.69552692e+00
   8.99296116e-01
  -8.84860813e-01
   1.19972172e+00
  -3.53513073e-01
  -9.07747531e-02
  -1.98298147e+00
  -4.42167858e-01
   1.03103288e-01
   1.36896789e+00
   7.91522474e-01
   1.34385426e+00
  -1.21981243e+00
   4.90944854e-02
  -2.20499886e-01
   1.33010034e-01
   1.74691244e+00
   4.68347587e-01
   7.99301245e-01
  -1.99503681e+00
   2.16069647e+00
  -6.73372992e-04
   1.11902890e+00
  -3.88555526e-01
  -3.77274806e-01
  -3.69645069e-01
  -2.93577706e-01
  -8.05858366e-01
  -7.18365407e-01
  -1.97460320e+00
   1.05353673e+00
  -8.44237029e-01
  -1.19563771e+00
  -6.79657684e-01
   1.87265155e+00
   2.91966806e+00
  -1.60488879e+00
  -1.54397640e+00
  -6.00568598e-01
  -6.18483404e-01
   1.93763459e+00
  -7.80597098e-01
  -1.06314103e-01
  -5.27101507e-01
   4.74601717e-01
  -1.34787712e+00
   4.02037304e-01
  -4.98132004e-01
  -7.18928435e-01
  -3.77187431e-01
  -2.07515483e-01
  -4.56075630e-01
  -4.14393721e-01
   4.43230620e-01
   5.59066019e-01
  -4.30849124e-01
   9.10602475e-01
   8.06059241e-01
   6.45071835e-01
  -1.17412742e+00
  -2.24996771e-01
  -1.70001520e+00
  -3.52386535e-01
  -1.05109303e+00
   4.72676929e-01
  -9.23687436e-01
   1.56448615e+00
  -7.94795920e-01
   2.01573604e-01
  -1.01558888e+00
  -7.65945469e-01
   3.74878130e-01
   5.76505062e-02
  -3.89909181e-01
   4.94863463e-01
   2.22048465e+00
  -1.59061582e-01
  -4.51929578e-01
   9.47233623e-02
   5.54245965e-01
   3.41765633e-01
   1.73211996e-01
   2.69053578e-01
   6.36698731e-02
   9.96349252e-01
  -1.68452749e+00
   4.33503076e-01
  -4.62754229e-01
   4.33934948e-01
  -5.16397676e-01
  -5.11147246e-01
  -3.41110156e-01
  -5.91296509e-01
   3.31060234e-01
   1.41507776e+00
  -1.92937870e+00
  -4.77140359e-01
  -6.21874948e-01
  -1.09032341e+00
  -4.82742243e-01
   3.09685437e-01
  -2.51100841e+00
   1.90402186e+00
   4.67846800e-01
  -1.91230412e+00
   2.27653993e+00
   2.85509287e-01
   8.20445286e-01
  -9.22026029e-01
   1.98021533e+00
   5.61162566e-01
  -1.61904537e-01
  -7.61496405e-01
   1.87274478e-03
  -7.07529107e-01
   1.03633411e+00
  -8.69794437e-01
   1.14333228e+00
   8.23202428e-01
  -1.43989732e+00
   2.83598604e-01
  -7.17246219e-01
   1.16516271e-01
   5.64926150e-01
  -6.37267146e-01
  -9.58036435e-01
  -5.20243681e-01
   7.70085940e-01
   1.02961228e+00
  -1.51842610e-01
  -4.67000009e-01
  -9.24974219e-02
  -1.20139107e-01
  -1.81433692e+00
   3.81363760e-01
   1.85812388e-01
   1.48766367e+00
   6.96758810e-01
  -2.76298868e-01
  -6.89370583e-01
   1.51079747e+00
  -1.91264926e-01
   1.02915417e+00
   1.08601205e+00
  -8.03860989e-01
  -2.50938451e-02
  -1.40281008e+00
   4.21413137e-01
   4.01873167e-01
  -9.91797187e-01
   1.18896930e-02
   3.14173249e-02
  -1.66067162e-01
  -2.08361808e+00
   2.71453009e+00
   7.59664802e-01
   1.39554386e-01
   8.50698080e-01
   1.03178785e+00
  -6.25117748e-01
  -1.26543907e+00
  -6.60028035e-01
   3.35367872e-01
   2.18940465e-01
   1.15712250e+00
   3.95662172e-03
   1.96034624e+00
  -1.05542578e+00
  -1.03252434e+00
   7.01899331e-01
   1.58222745e-01
  -1.88032056e+00
   8.08955276e-01
   1.25546973e+00
   7.08977253e-01
   1.43854216e-02
  -2.65087812e-01
  -9.45504750e-01
  -4.19058481e-01
   3.83761210e-01
   7.16085536e-01
   1.96048020e+00
   1.49594675e+00
   2.65966213e-01
   4.02989798e-01
  -3.03942287e-02
   4.74520957e-01
   1.06036852e+00
  -2.12563655e-01
  -1.18271541e-01
   3.04486418e-01
  -1.27377817e-01
  -1.16758575e+00
  -9.02014602e-01
   7.22542781e-01
   1.91976508e+00
  -1.79189611e-01
  -1.23592006e+00
   1.22475011e+00
   1.25923824e+00
   4.34833660e-02
  -1.07693423e+00
   2.00138351e+00
   6.65134690e-02
  -3.25237343e-01
   1.32997723e+00
   1.32300950e-01
   4.11568383e-01
   1.44997741e+00
   1.08751709e+00
  -6.02510324e-01
  -4.87404815e-02
  -5.49662977e-01
  -1.09008716e+00
   9.46057887e-01
  -1.45141324e+00
  -3.54383121e-01
   4.82011588e-01
   3.35983108e-02
   5.86435805e-02
  -7.53147997e-01
  -6.71283376e-01
  -1.01131495e+00
   1.00847607e+00
  -8.09447097e-01
  -1.45268881e+00
  -4.99611714e-01
   4.58308297e-01
   1.61210107e+00
  -2.97404363e-01
   6.69729349e-01
  -1.56697710e+00
   8.94908437e-01
   2.26775404e-01
   5.50357957e-01
   4.29657228e-01
   1.13021013e+00
  -5.50795895e-02
  -2.75290806e-01
  -9.82466975e-01
  -7.87435893e-01
  -4.69157090e-01
  -1.39765166e+00
  -1.30671947e+00
   3.58642357e-02
  -2.73859589e+00
   8.49712663e-01
  -3.87007225e-01
   3.35877247e-01
  -1.74599502e+00
  -8.73255718e-01
  -4.46609623e-01
  -1.43569056e+00
  -1.81978066e+00
   3.25302120e-01
  -2.41204569e-01
  -2.26009278e-01
  -6.99726824e-01
   2.02914649e-01
  -8.48909922e-02
  -1.86838987e-01
   2.45579237e-01
  -1.71588605e-01
  -3.74120801e-01
   2.32250755e-01
  -5.51717527e-01
  -5.68031401e-01
   6.53585171e-01
  -2.52239182e-01
  -2.29684119e-01
  -1.26348835e+00
  -1.58980492e-02
   3.45337878e-01
  -2.95508963e-01
   1.29937690e+00
   5.17940386e-01
  -9.27050917e-02
  -2.82853196e-01
  -8.42224012e-02
  -9.27255855e-01
   1.35123272e-02
  -7.04268401e-01
  -7.03930445e-01
   1.32704320e+00
  -8.79252155e-01
   2.36776514e-01
   2.01730100e-01
  -1.13833830e+00
   1.03410512e-01
  -1.73376291e-01
  -4.67002022e-01
   1.21285463e+00
   2.04076992e-01
  -4.59792104e-01
  -5.99534145e-01
  -1.48200786e+00
  -4.45349367e-01
   1.71034436e+00
   3.20955787e-01
   1.14727426e+00
  -2.04315672e-01
  -1.31574805e-01
   2.78879902e-01
   3.55389399e-01
   8.30772434e-01
  -1.08250118e+00
   8.20296196e-01
   1.40424127e-01
   6.83169324e-02
  -1.97275628e+00
   1.07714599e+00
  -7.59132721e-01
   3.31175401e-01
  -7.65174442e-01
   7.87580840e-01
  -9.93814340e-01
   1.60327687e+00
   4.80246791e-01
   8.58945936e-01
   4.53237971e-02
  -2.99244537e+00
   1.50885787e-01
  -1.95671249e+00
   6.07411529e-01
   1.02534402e+00
   1.11960361e+00
  -4.11213144e-01
   1.34205139e+00
   4.95793563e-01
  -1.46773676e-01
  -9.97640979e-01
   3.40728135e-02
   7.33517578e-01
  -1.73202105e+00
  -6.93306737e-01
  -7.10755428e-01
  -2.73382510e-01
   1.11132436e-03
   3.01815415e-01
   1.15472644e+00
   8.51270286e-01
  -1.39923077e+00
   6.10697765e-01
   5.34161177e-01
   1.61014305e+00
   4.37758635e-01
  -1.17624935e+00
   5.12080987e-01
   4.03350673e-01
  -6.28763595e-01
   9.74829531e-02
   9.32768108e-01
   3.06910088e-01
   3.28749720e-01
  -6.29228922e-01
   1.75764905e+00
   4.05360215e-01
  -1.47734853e-01
  -1.81423600e+00
   1.55020121e-01
   6.53516638e-01
  -1.03791332e-01
  -2.06984713e+00
   1.05152840e-01
  -3.46354262e-01
  -6.39103512e-01
  -1.11804530e+00
  -1.81988911e+00
   3.76180604e-02
  -1.48988842e+00
  -3.71286355e-01
   3.73973304e-01
   1.74148154e-02
   1.30094982e+00
  -9.80619675e-02
   7.26010210e-01
  -3.02931548e-01
   3.90056852e-01
  -1.21348589e+00
   2.41919632e-01
   8.51890466e-01
  -1.24269720e+00
  -1.54870130e-01
  -7.69497230e-01
  -1.17831854e-01
  -1.96254298e-01
  -2.20272376e+00
   7.63949601e-01
  -1.20620711e+00
   1.49003332e+00
  -1.46090454e+00
   7.82726707e-01
   1.78874401e+00
   6.43003609e-02
  -2.59870946e-01
   7.02962125e-01
   1.88207880e+00
  -3.93920459e-01
   6.61323411e-01
   1.73162240e+00
   2.02790922e+00
  -1.24097807e-01
  -1.17077496e+00
  -6.07084424e-01
   1.51480787e+00
  -4.34915054e-01
  -2.68000557e-01
  -1.23057699e+00
   6.90599389e-01
   2.20245802e+00
   3.75056182e-01
  -3.50542206e-01
  -7.27248924e-01
   4.69319459e-02
   1.88119709e-01
  -1.50092184e+00
   3.22866469e-01
   1.18970832e+00
   2.15651886e-01
   1.47278626e+00
   1.03066140e+00
  -2.83443975e-01
   1.07514921e+00
  -1.36042488e+00
   5.79043161e-01
  -4.03461357e-01
   6.81603071e-01
   1.26921908e+00
   2.07509759e-01
  -1.62425984e+00
   1.98702118e+00
  -1.07669229e+00
   3.33453757e-01
  -4.96320045e-01
  -1.11153508e+00
  -1.89860884e-01
  -8.42635705e-01
  -2.15177876e+00
  -1.07587773e+00
  -2.21035244e+00
  -5.37669302e-01
  -2.69101159e-01
  -1.51450374e+00
  -9.25297952e-01
  -2.75043630e-01
  -4.94224682e-01
   4.08138244e-01
   7.84678239e-03
  -1.51545221e+00
   3.81438051e-01
   3.75795598e-01
   9.01288062e-01
  -9.60422289e-01
  -5.37212788e-01
  -3.30122519e-01
   1.79100711e-02
   5.76411975e-01
  -4.61068083e-01
  -6.34429199e-01
   3.30857009e-01
  -7.37101725e-01
  -3.49857976e-01
   2.73364011e-01
   3.02920991e-01
  -1.98120885e-01
   1.53457157e+00
  -1.04908936e-01
  -9.18834541e-01
  -3.78445252e-01
  -1.99399530e+00
  -1.58659215e-01
   8.31175860e-01
  -1.46787874e+00
   1.46278915e+00
   1.86460327e+00
   7.32896199e-01
  -6.71947511e-01
  -2.34046723e-01
  -1.61883941e+00
  -1.32557184e+00
  -1.12926067e+00
  -6.75455925e-03
   6.61863021e-01
   8.05786592e-01
  -1.24644007e+00
  -5.06667841e-01
   1.36239166e+00
  -1.21449228e+00
   3.54143992e-01
   6.65124452e-02
  -2.43491014e-01
   8.93384226e-01
  -8.95258529e-01
   7.07859686e-01
  -1.06911061e+00
  -2.40978677e-01
   4.71718054e-01
  -3.75439102e-01
   1.21057855e+00
   1.98914293e+00
  -3.35910297e-01
  -6.80781563e-01
   2.57448799e-01
  -1.31993405e+00
  -7.36341260e-01
  -1.49794690e+00
  -7.92610434e-01
  -1.10407468e+00
   8.23661463e-02
  -1.99327393e-01
  -6.26664528e-02
   9.39120768e-01
   2.89215135e-01
  -1.24133879e+00
  -1.58992994e+00
   6.50688995e-01
   8.53110680e-01
   1.44164352e+00
   2.13697075e+00
   6.98468943e-01
  -8.02557753e-01
  -3.91382637e-01
   5.21670221e-01
   9.12621504e-01
  -5.68041430e-01
  -1.93351039e+00
   8.98517088e-01
  -1.66084145e-01
   1.38815969e+00
  -1.36737324e+00
   1.88145841e+00
  -4.98647537e-01
  -1.62969438e+00
   1.33685491e+00
   1.76381834e-01
   1.50588504e+00
   8.75494229e-02
  -2.20155375e-01
   5.23134498e-01
   2.61410953e+00
   4.20957585e-01
   1.82669819e-01
   2.36184834e-01
   6.95157930e-01
   9.06395709e-01
   1.50251697e+00
   1.81570960e-01
  -1.64688976e-01
   7.02648594e-01
  -1.33383005e-01
   2.12650846e-01
   2.92496720e-01
   1.61332404e-01
  -1.46691932e-01
   3.23543339e-01
   9.95565447e-01
   6.20614152e-04
  -3.04681297e-01
   5.88482866e-01
   1.19555744e+00
   2.67745020e+00
   6.26696683e-01
  -1.18227016e-01
  -1.59809160e-01
  -2.64527434e+00
   1.96666638e-01
  -4.12835203e-01
  -1.22302105e+00
   6.87453065e-02
   3.89037536e-03
   1.08655507e+00
  -7.89726596e-01
   6.69409798e-02
  -5.68144033e-01
   3.84963272e-01
  -2.58597390e-01
   1.01512944e-01
   2.14794380e+00
   4.41852927e-01
  -1.39871368e-01
  -1.22650902e+00
  -6.52810500e-01
   4.16858331e-04
   1.13083539e+00
  -8.00415436e-01
   1.06290553e+00
   9.80783881e-01
   1.29740507e+00
  -3.29996970e-01
  -6.69898933e-01
   6.36212327e-01
   6.54059280e-02
   6.75378135e-02
  -1.96003742e+00
  -7.12634638e-01
  -1.86401146e+00
  -7.61189266e-01
  -7.31356750e-01
   8.37734852e-01
  -5.01172650e-01
  -9.56079337e-01
   1.41135372e+00
  -5.47751526e-01
   6.45677990e-01
   1.16759268e+00
  -1.10002545e+00
  -6.81555091e-02
   9.39060666e-01
   1.01615392e-01
  -1.09380771e-01
  -1.96741691e+00
   4.13735791e-01
   2.97873921e-01
  -5.11139336e-01
   1.05936498e+00
  -9.08808928e-02
  -2.17570587e+00
  -9.41497231e-02
  -3.68043336e-01
  -6.46534223e-01
  -2.55186762e-01
   2.37954421e+00
  -3.23629438e-01
  -9.22425884e-02
   1.02281376e+00
   1.70755665e+00
   1.83262568e-01
  -5.79569257e-02
  -7.19517346e-01
   1.15930930e+00
   6.10829828e-01
  -1.17879574e+00
   9.81787320e-01
   1.74764968e+00
  -9.38922575e-01
  -1.84959964e-01
   1.48219849e+00
   6.11256161e-01
   1.18053396e+00
   6.90795814e-01
   1.96188149e+00
   9.49657473e-01
   1.54037622e+00
   1.98794683e-01
  -5.24310656e-01
   1.87350193e+00
  -4.93608623e-02
   2.49826324e-01
   1.16945112e-01
  -3.94161986e-01
   1.57378258e+00
   1.80480656e+00
   9.80757817e-01
  -5.54999332e-01
   3.73517447e-01
   2.34131320e+00
   4.95521600e-01
  -2.57552009e+00
   1.03742657e-01
   5.02044801e-02
   4.46772618e-01
   1.07686322e+00
   2.04553703e+00
  -3.74449818e-01
   1.12068918e+00
  -1.72456266e+00
  -4.39085428e-01
  -1.43891395e+00
  -1.37435888e-01
   1.49841773e+00
   7.26171430e-01
  -1.71692317e+00
  -8.73151895e-01
   1.27426535e-01
  -3.72701853e-01
  -1.12794719e+00
  -1.03467598e+00
   2.28409797e+00
  -1.45962278e+00
  -2.95609071e-01
  -1.03183624e+00
   5.54254727e-01
   7.44475342e-01
   1.61772204e+00
  -2.51650098e-01
   4.01430274e-01
  -8.81136664e-01
   9.37174120e-02
  -5.26514095e-01
  -2.95992505e+00
  -7.22265705e-01
   1.47809483e+00
   4.37216247e-01
   3.18562668e-01
  -3.68555670e-02
   1.82091366e+00
   1.57319610e+00
   4.02742048e-01
   1.56492744e+00
  -7.55049793e-02
  -8.65718053e-01
  -1.95568380e-01
  -1.08070899e+00
  -3.94940778e-01
   2.54999210e-01
  -1.21126908e-01
   3.79823966e-01
   1.30616846e-01
   8.04409563e-01
   2.42759257e-01
   2.44564261e-01
  -3.63957806e-01
  -1.19252190e+00
  -3.00069940e-01
  -6.64981449e-02
  -1.35364410e+00
  -2.63018133e-01
   7.61748427e-01
   2.30504986e-01
   2.53840409e-01
  -5.73694757e-01
   2.62733962e+00
  -4.18820438e-01
   1.40058743e+00
   2.44377359e-01
   9.89157576e-01
   1.46391117e+00
  -7.80103770e-02
   1.92649553e+00
   9.35125959e-01
  -1.14990071e+00
  -5.02547107e-02
   2.12929547e+00
  -1.43619888e+00
  -7.85090227e-01
   1.74952721e-01
  -1.24047183e+00
  -1.32428609e+00
   6.99967783e-01
  -2.97071160e-01
   2.68702537e-01
   2.29058009e-01
   5.13328092e-01
  -1.33654849e+00
   1.32469879e+00
   1.80429960e+00
  -1.30793608e+00
   9.67953062e-01
   9.01954707e-01
   1.29276940e-01
  -1.07150894e-01
   5.92139132e-02
  -8.33965797e-01
   3.54899604e-01
   4.72718628e-02
   1.29028490e+00
   2.72185997e-01
  -7.38176707e-03
  -1.36392560e+00
   1.19537742e+00
  -6.81919655e-01
  -1.53336732e+00
  -1.40167319e+00
   8.67092417e-01
  -3.26054761e-01
  -3.88178712e-01
  -4.31628627e-01
   2.28340746e+00
   1.09337179e+00
   1.23712274e+00
  -9.59779341e-01
   4.52620317e-01
  -1.29072148e-01
  -9.53201905e-01
   3.28480470e-01
   3.00386378e-01
  -5.25626203e-01
   1.85656605e+00
   2.51195496e-01
   2.50360805e+00
  -3.38746976e-01
  -1.78829008e+00
  -6.60044989e-01
   2.12638427e+00
   1.58447934e+00
  -8.48185142e-01
   2.07369439e+00
   1.03342802e+00
   2.59922084e-01
  -3.94416501e-01
   5.55791589e-01
   4.06159684e-02
  -1.50209659e-01
  -1.92652458e+00
  -1.39469044e-01
  -1.00765006e+00
   8.43678539e-01
   7.84232564e-01
  -8.85893283e-01
   1.40119025e+00
   1.55740143e-01
   6.17111160e-01
   6.50829133e-01
  -3.58524165e-01
  -1.09566897e-01
  -1.71538849e+00
  -9.06814543e-01
  -1.44157092e+00
  -1.34727643e+00
  -8.05111674e-01
  -9.70567624e-01
  -2.20528731e+00
  -4.66779856e-01
   8.27885064e-02
   7.24430285e-01
   1.15508306e+00
   4.91639691e-01
  -7.98101679e-01
  -9.67203801e-01
  -2.55219261e-02
  -1.02196855e-01
  -7.38447153e-01
   6.44228928e-01
  -1.13007110e+00
   4.71026719e-01
  -1.12835311e-01
  -1.77431217e+00
  -6.24685610e-01
  -1.70050687e-01
   1.80476229e+00
   8.50817751e-01
  -1.51731742e+00
   5.76750971e-01
  -4.19396305e-02
  -1.63007988e+00
   1.09912072e+00
   7.20244217e-01
  -5.96885044e-01
  -9.71991415e-01
  -5.22796876e-01
  -1.57177856e+00
  -1.65604466e+00
  -5.00845665e-01
  -1.63293105e-01
  -3.36174985e-01
   8.01711565e-02
   9.05177511e-02
  -5.12225925e-01
   1.46126880e+00
  -1.22663340e+00
  -4.82751630e-02
   1.42535035e+00
   3.20815655e-01
  -1.34832202e-01
   2.06948170e+00
   1.19787332e+00
   1.19058505e+00
   5.98293442e-01
  -3.44087901e-01
   1.30159074e+00
   5.19282159e-01
  -6.39217081e-01
   6.98594371e-01
   8.34332409e-01
  -9.15625948e-01
  -9.73604760e-01
   1.02781190e+00
  -2.29061542e-01
   3.09167528e-01
  -3.04501766e-01
  -1.44435233e+00
  -1.59141909e+00
   2.93674238e-01
  -3.00938606e-01
   1.45332818e+00
   1.45936339e+00
   5.37855531e-01
   1.11884043e+00
  -8.96388652e-01
   1.60549671e+00
   1.59426240e+00
  -1.14164644e-01
  -2.60884914e-01
  -4.09108391e-01
   7.51153095e-01
  -4.73737856e-02
  -1.04334917e+00
  -8.22201778e-01
   1.84000515e+00
   3.76203532e-02
  -9.83502470e-02
  -1.57493323e+00
   1.72112970e-01
   1.44497650e-01
   1.15521938e+00
  -1.43541365e+00
   2.69424470e-01
  -1.71882538e+00
   1.19030893e+00
  -3.97232941e-01
   9.48919978e-01
  -5.08872843e-01
   8.93799791e-01
  -9.73271678e-02
  -1.63658216e-02
  -1.83198787e+00
  -2.38283684e-01
   7.02816986e-01
  -1.79629299e+00
   5.95139555e-01
   7.68155742e-02
   3.46767794e-01
   2.05010802e+00
  -2.36810268e+00
  -1.56952190e+00
   7.28830052e-02
  -1.02373530e+00
  -9.40333417e-01
  -2.26276920e+00
  -1.18847972e+00
  -5.43407663e-01
  -1.10180297e+00
  -8.19865235e-01
  -8.39990536e-01
  -1.31502067e+00
  -1.83519264e+00
  -1.34768917e-01
  -1.34800095e+00
   1.96690367e-01
   3.71938544e-02
  -3.79421862e-01
   1.59579405e-01
  -5.64877984e-02
  -6.69615811e-01
   4.49380296e-01
  -9.44018048e-01
   7.27177776e-01
   1.11175318e+00
   1.95551928e+00
  -4.00474656e-01
  -3.47065669e-01
   1.66069464e-01
   7.00666519e-01
  -9.29622086e-01
  -8.11517765e-01
   4.03094164e-01
   2.02406052e+00
   5.10293399e-01
  -4.59794564e-03
   9.08214362e-01
   3.32764533e-01
   4.10847162e-01
   2.22104713e+00
   9.19900373e-01
   1.03850664e+00
   1.09501345e+00
   5.51312769e-01
  -7.02967917e-01
   2.64541280e-01
  -1.45025783e-01
  -5.28072590e-01
  -1.82397381e+00
   4.54207743e-01
   2.32091444e+00
  -1.55037809e+00
  -3.87228088e-01
   2.24302504e-01
  -6.49188507e-01
   2.38919519e-01
  -1.16735548e+00
   1.91609125e+00
  -1.01475517e+00
   7.70805384e-01
  -1.19303897e+00
  -7.02396166e-01
   1.46032268e+00
   1.58805143e+00
   1.20610274e-01
  -2.50916387e+00
   7.38885120e-01
  -4.74885385e-01
  -1.27601600e+00
  -8.20434843e-01
  -1.04765308e+00
  -2.39112883e+00
   7.95110386e-01
   1.54463717e+00
  -1.60578934e+00
   2.43560053e+00
   1.23794553e+00
  -1.94543708e+00
   3.05810671e-02
   8.18491517e-01
  -3.99006826e-01
  -2.43226089e-01
  -1.52934005e+00
   6.07029711e-01
  -8.10149872e-01
  -3.84882046e-01
   1.98273019e-01
   4.70349429e-01
  -2.75465718e-01
  -8.13810163e-01
  -1.93392110e+00
   6.85541139e-01
  -8.88626488e-01
  -2.04837040e-01
  -1.26874499e+00
   6.40113201e-01
  -4.41785878e-01
   1.05092361e+00
   1.78096885e+00
   2.65754651e-01
   1.19194660e+00
   2.25362693e-01
  -1.43821418e+00
  -1.10071704e+00
   3.38433539e-01
  -1.84753029e+00
   1.08694169e+00
   1.32471917e+00
   1.38930793e+00
   4.53051886e-01
  -5.68438755e-01
  -4.51823719e-01
   8.71947584e-01
   5.42543258e-01
  -2.21450347e-01
  -6.10415571e-01
   4.64865612e-01
  -1.29775261e+00
   3.44161818e-01
   8.25010312e-01
  -9.40612691e-01
   1.15938449e+00
   1.24668550e-01
  -1.33167131e+00
  -2.09846897e-01
   1.07988918e+00
  -1.86851249e+00
   1.69476692e+00
   1.93867091e-01
  -2.91880222e-01
   7.43175009e-02
  -1.38004642e+00
   5.15624484e-01
  -1.24899031e+00
  -9.22492621e-01
   5.80229724e-01
   2.87685617e-01
  -1.24341538e+00
   3.09535085e-01
  -5.48835072e-01
  -3.10334326e-01
   1.65927055e+00
   1.95918055e+00
   8.36972700e-01
   1.45162481e+00
   6.62863183e-01
   5.26483592e-01
   2.42632066e-01
  -2.33453834e-02
   8.72805239e-01
   2.39784444e-01
  -1.07397268e-02
   7.92643496e-01
   1.30750523e+00
  -4.53498160e-01
  -9.91058227e-01
  -3.56254319e-01
  -9.99981142e-01
  -6.96140767e-01
  -1.56240146e+00
   7.78605621e-01
  -1.37176353e+00
  -3.43617141e-01
   1.65120402e+00
  -1.30679673e+00
   9.82259643e-01
  -2.03585684e-01
   5.03362979e-01
   1.77672918e+00
  -3.91332238e-01
   1.10679026e+00
   5.42692031e-01
   2.11032487e+00
  -1.26047085e+00
   1.03226479e+00
   2.88738512e-01
  -1.04871434e+00
  -7.50084826e-01
  -1.07998349e+00
   2.22076161e-01
   5.65230177e-01
   8.86153590e-01
  -4.51645377e-02
   1.14349412e+00
  -2.08460427e+00
   1.10300272e+00
  -1.79736620e-02
   1.84180638e+00
   1.32497919e+00
   7.74003511e-01
  -7.26799297e-01
  -4.81429417e-01
  -1.81157142e-01
   1.28975900e+00
   5.87962745e-02
  -1.12623814e+00
  -1.11984808e+00
  -1.14867478e-01
  -1.65246395e+00
   1.09465051e+00
   5.40845462e-01
  -1.40195308e+00
   5.50718419e-01
  -1.63977263e+00
  -7.92006336e-02
   3.91719302e-01
  -4.15720891e-01
  -1.08474946e+00
   8.19705214e-01
  -3.82565180e-01
   1.20671587e+00
  -3.40346983e-02
  -1.37699665e+00
  -1.83237025e+00
   4.29256772e-01
  -7.29758539e-01
   3.94965989e-01
  -9.30703383e-01
  -3.52608462e-01
  -8.34933168e-01
  -7.39555796e-01
  -1.08277093e+00
   1.64902452e+00
  -6.32239912e-01
   1.92279105e+00
   5.28223917e-01
   2.90341771e-01
  -3.19251245e-01
  -4.09698280e-01
   1.15733496e+00
   3.64867027e-01
  -2.31890135e-02
  -9.73763301e-01
   1.39792783e+00
   8.31843473e-01
   7.47368971e-01
  -1.59515454e-02
   2.99934016e-01
   9.66104699e-01
  -2.82196852e-01
  -1.09895162e+00
  -1.07456519e+00
   4.32379677e-02
  -1.94602418e+00
   1.02505074e+00
   1.20100867e-01
   6.02668201e-01
   6.52025177e-03
   3.01825205e-01
  -1.34850046e+00
   4.24416041e-01
   6.88201294e-03
  -4.72337456e-01
  -7.75803837e-01
   2.34334523e-02
   1.42806119e-01
   3.04722035e-01
  -2.66465573e-01
   7.80121668e-01
  -5.25577772e-01
  -2.10893885e-01
   7.76454386e-01
   1.35009255e+00
  -8.86147046e-02
   1.11616235e+00
  -2.06725509e-01
  -8.34744141e-01
  -2.65726577e+00
   1.39780693e-01
   1.10118905e+00
   2.51919967e+00
   1.20260807e+00
   5.00007626e-01
  -8.29338179e-01
  -1.50891116e+00
   3.56803755e-01
   5.55188171e-02
   7.42623972e-01
  -1.38553700e+00
   7.91021569e-01
  -5.38206991e-01
  -6.94439937e-01
   9.76657063e-01
   1.00830275e+00
   2.91902779e-01
   4.28608891e-01
  -6.48358213e-02
   5.92673146e-02
   1.59467695e+00
   1.18142031e+00
   3.91151097e-01
   8.57071315e-01
   5.68162470e-01
   1.43007196e+00
   8.85346793e-01
   1.68240136e-01
   6.17219773e-01
  -3.29523367e-01
  -9.55555785e-01
  -1.13754386e-01
   1.14822081e+00
   3.34842539e-01
   3.35594474e-01
  -8.73095080e-01
  -1.87721532e-01
   5.56897804e-01
  -1.70960033e+00
  -1.43962847e+00
   4.61954984e-01
   1.44167405e+00
   1.45103357e+00
  -1.00883338e-01
   3.51156509e-01
  -9.63833429e-02
   6.80186672e-02
   6.78977419e-01
   9.54705998e-01
  -2.25180825e+00
  -6.08879153e-01
   6.48342807e-01
   6.42575516e-01
  -6.01796096e-02
  -4.02372407e-01
  -9.92321335e-01
  -7.18318515e-01
   3.02836702e-01
  -5.24993798e-01
   1.47995974e+00
   3.30755795e-01
  -4.96356037e-01
  -2.42000067e+00
   1.10450066e+00
   5.01927548e-01
  -1.15675495e+00
   4.97902207e-01
   4.68493478e-01
  -7.05697179e-01
   7.51872699e-01
  -5.27644543e-01
   9.05154060e-01
  -1.37877279e+00
  -1.93268509e-02
  -2.31446261e+00
  -6.87122282e-01
   6.54236538e-01
  -2.74575235e-01
  -1.66671825e+00
  -6.58968165e-02
   7.28865363e-02
   5.73238759e-02
   1.12284525e+00
  -2.30992638e-02
  -1.70803096e-01
  -8.60850277e-01
  -3.06329908e+00
   4.86193979e-01
  -1.03706267e+00
  -1.07844898e+00
   5.41820303e-01
  -1.43939201e-01
   7.26849517e-01
  -1.98074333e-02
  -6.05277000e-01
  -2.06229411e+00
  -2.04286386e+00
   1.05562172e+00
   1.46269142e+00
  -5.36354927e-01
  -1.32392809e+00
   1.40433851e+00
  -1.79286726e+00
  -1.08159804e-01
  -2.00747978e-02
   7.34510706e-01
  -4.73590530e-01
  -1.93304583e+00
   3.47832261e-01
  -2.77773253e-01
   1.53846795e+00
  -4.02846217e-01
  -8.07797410e-01
  -4.93214038e-01
  -1.40469017e+00
  -2.58433060e-01
   1.30280086e+00
  -5.19390575e-01
  -8.96150946e-01
  -3.25257316e-01
  -8.96756358e-01
  -4.10144262e-01
  -1.41162569e+00
  -1.42717081e+00
   3.78341712e-01
  -3.55392014e-01
   1.65812522e+00
  -5.64546358e-01
   6.53103608e-02
  -7.13376012e-05
   2.42699214e-01
   1.09030956e-01
  -7.66215890e-01
   1.46053617e+00
   4.52279794e-01
   1.00094366e+00
   1.66094382e+00
   7.38270745e-01
  -8.40190917e-01
   7.39317486e-01
  -1.51573558e+00
   1.14325133e+00
  -9.55542732e-01
  -9.56528973e-01
  -7.91914752e-01
   4.33563259e-01
  -1.16470098e+00
   1.90395393e-01
   8.33796922e-01
   1.11478365e+00
  -9.58779195e-01
  -1.46463059e+00
  -4.20244800e-02
  -1.48029543e-02
  -1.01643511e-01
   3.30829104e-01
   1.11806129e+00
  -2.28512623e+00
   1.69327649e+00
  -1.09287139e+00
   1.25667731e+00
  -1.15577895e-01
  -1.10955999e+00
   1.09408276e+00
  -4.19341787e-01
  -1.53594955e+00
   2.88174220e-01
   9.76963149e-01
  -7.13151496e-01
   1.27118259e+00
  -8.90675620e-01
   9.04949732e-01
   8.48647480e-02
  -1.25088716e+00
   1.11016962e-01
  -5.87574303e-01
   5.12425117e-01
   1.75679900e-01
   2.07050962e-01
  -9.36519397e-01
   1.09841492e+00
  -1.01994844e+00
   3.25837120e-01
   8.42304551e-01
  -1.11194474e+00
  -5.07124036e-01
   3.02424535e-01
   6.05173772e-01
   9.34448657e-01
   2.96856865e-01
   3.27314357e-01
   1.38483668e+00
   4.34497359e-01
  -3.18169653e-01
   2.02746002e-02
   1.28422245e+00
   1.25410558e-01
   2.66902398e-01
  -1.90120810e+00
  -1.22075367e-01
  -1.22389301e+00
   1.04761140e+00
   5.11733543e-02
  -1.82724717e+00
  -4.71011845e-01
   1.45355449e+00
  -1.00566660e+00
   1.95981176e-02
  -1.19010868e+00
  -1.06883399e+00
   2.40736597e-01
   1.00835694e+00
  -1.17159736e+00
  -2.14365620e+00
  -1.30662350e-01
   3.21377243e-03
   1.72076153e+00
  -1.48650475e-01
  -1.13137808e+00
  -3.16344770e-01
   5.91479955e-01
   1.47006014e+00
   1.94374404e+00
  -1.24086968e-01
  -5.94288733e-01
   1.47188151e+00
  -5.01745876e-02
  -1.60560882e-02
   1.11352216e-01
  -3.87831228e-01
   1.82173904e-02
   2.16156733e+00
  -1.10406460e+00
  -1.88471275e+00
  -2.38399084e-01
  -3.77351569e-01
   4.42904161e-01
  -1.20684839e+00
  -3.12165296e-01
  -5.06943905e-01
  -1.37427287e+00
   1.97359325e-01
   5.08848732e-01
   3.71913176e-01
   2.05834573e-01
  -5.80623988e-01
   5.80857467e-02
  -1.69348778e+00
  -9.87942095e-01
  -5.82068207e-01
   5.34714119e-01
  -1.88139911e+00
  -6.65706206e-01
   8.55259542e-01
  -1.08739747e+00
  -8.81357463e-01
   7.22016090e-02
   1.40192720e+00
   6.30825409e-01
   7.84222890e-01
   3.81521928e-01
  -7.15310224e-01
   9.93843109e-01
   1.49102270e+00
  -1.16951763e+00
  -8.15200782e-02
  -4.25960500e-01
  -2.72178928e-01
  -1.25022169e+00
   4.89134713e-01
  -2.37193545e-02
  -1.18933915e+00
  -5.13126170e-01
   9.27099258e-01
  -6.19451152e-02
   1.16188964e+00
  -3.11483730e-01
   8.30547848e-01
   1.46887678e-01
  -1.06181393e+00
   6.37136009e-01
  -1.10636366e+00
   7.89400529e-01
  -1.99731562e+00
   2.64828104e-01
   7.21605576e-01
   1.30102413e+00
   3.52994802e-01
  -1.11691723e+00
  -1.58979271e-01
   1.13824754e+00
   1.27058844e+00
   1.85883746e+00
  -4.97799764e-02
  -4.20866424e-01
   2.47504925e-01
  -1.03507832e+00
   2.14822725e+00
  -1.80789549e+00
  -1.90414157e-01
  -1.51678620e+00
  -3.04168863e-01
   6.58105991e-01
  -1.22358105e+00
  -6.31119566e-02
   2.88597601e-01
   2.41635687e-01
  -2.77018263e-01
   1.03283038e+00
  -1.02644020e+00
  -7.38686921e-01
  -5.68354733e-01
   6.36473561e-02
   1.59021309e+00
   1.51334070e+00
  -1.14418445e+00
   1.15170476e+00
  -5.75956101e-01
  -8.81311769e-01
  -5.66204634e-01
  -2.02236174e+00
  -3.08171411e-01
  -5.71979492e-01
  -1.40627687e+00
  -7.43619839e-01
  -9.28738378e-01
  -2.28634942e-01
   1.02983590e+00
   1.14135101e+00
   8.03395619e-01
  -6.65322978e-01
   1.30612608e+00
   1.12024686e+00
  -5.15838640e-01
  -4.30478033e-01
   7.71995624e-01
  -1.09145075e+00
   6.01482562e-02
  -6.86574757e-02
   8.85540660e-01
  -1.69639740e+00
   4.11077884e-01
  -6.80060601e-01
   5.98873889e-01
   4.44123608e-03
   7.66028924e-01
  -7.03595999e-01
  -6.89912929e-01
   2.27824473e+00
  -8.67261076e-01
   1.49936005e+00
  -4.80188178e-01
   2.90543690e-01
  -5.33204946e-01
   1.77713287e+00
   1.35512752e+00
   3.90701632e-01
   3.56309860e-01
  -1.34834147e+00
  -3.46135977e-01
  -4.29924836e-01
   1.75019685e+00
  -2.40386803e+00
  -8.90788842e-02
   2.59598869e-01
   5.91533814e-01
  -1.16395895e+00
  -8.71563659e-03
  -3.67574501e-01
  -9.00400239e-01
   1.40989588e+00
  -4.80137421e-01
  -1.00980955e+00
   9.20544353e-01
   1.16488031e+00
  -2.40987740e+00
  -2.08645196e-01
  -2.32261588e+00
   2.29686467e-01
  -1.43239279e+00
   1.47124652e+00
  -5.86773373e-01
   6.75674840e-01
  -1.67228097e-01
   1.92051083e-01
   5.11834838e-01
   2.16381767e-01
  -2.31470331e-03
   2.01500052e-01
   1.02531495e+00
  -9.36850603e-01
   7.24994003e-01
  -1.56384132e+00
   1.89825712e+00
   1.32834483e+00
  -6.56553379e-01
  -6.36611618e-01
  -3.11464106e-02
  -2.79209590e-01
   9.62048711e-01
  -4.68968602e-01
  -2.01583478e-01
   7.59866896e-01
  -6.49891029e-01
  -2.56424963e-01
  -8.83597479e-02
   5.09943979e-01
   4.82350625e-01
  -4.31123500e-01
  -1.43208832e-01
  -1.72904529e+00
   7.06963652e-01
  -8.97241768e-01
  -2.70549805e-01
   7.77673077e-01
  -1.50575768e+00
  -1.25242274e+00
   6.34249945e-01
   9.34453986e-01
  -1.39508456e-02
   4.62188891e-01
   1.76609857e-01
  -1.13168539e+00
   8.75627267e-02
  -5.92192757e-01
  -1.52432852e+00
   2.34203099e-01
  -1.12468421e+00
   7.45920522e-01
  -7.23249805e-01
  -8.79816551e-01
  -3.06389219e-01
   6.11662658e-01
  -1.01553166e+00
  -1.00113768e-01
   2.08040340e-01
  -9.87344601e-01
   1.76628049e+00
   1.13272494e+00
  -1.20024188e+00
   9.01451687e-01
   6.40775121e-01
  -7.05528347e-01
  -8.68803854e-02
  -9.39367834e-01
  -5.10688445e-01
  -7.94841414e-02
  -5.05459223e-01
   3.59221501e-01
  -8.68818781e-01
  -6.93643954e-01
   1.47229535e-01
   1.22434740e+00
  -1.50714508e-01
  -5.26897003e-01
   1.31089135e+00
   3.70782589e-02
  -1.16076322e+00
  -5.98497750e-01
   3.82318291e-01
   1.26483194e+00
   8.75797871e-02
   1.30173334e-01
  -2.78059975e-02
   6.76302914e-01
   9.89424561e-01
  -1.77394325e+00
  -5.81516961e-02
  -3.60309851e-02
   1.22928376e-01
  -1.04658411e+00
  -1.19805351e+00
  -1.44933909e+00
  -2.23833204e-01
  -2.36648122e-01
  -1.05484766e-02
  -7.14255312e-01
  -1.76712562e+00
   5.21861750e-01
  -1.08844242e-01
  -9.46876838e-01
  -3.79053479e-02
   3.81516389e-01
  -3.67789279e-01
   9.05008170e-01
  -7.48174855e-02
  -9.42138913e-01
  -7.34858468e-01
  -2.34113679e-01
  -5.48342075e-01
   4.34390753e-01
   5.50765410e-01
  -1.74251628e-01
  -1.25126794e+00
  -3.27636918e+00
  -1.26385475e+00
  -1.29201937e+00
   3.39773016e-03
   1.32765505e+00
   2.01537563e+00
  -9.78247721e-02
   1.21637081e-01
   2.50024108e+00
   6.03798541e-01
   6.04962197e-01
   7.95315885e-01
  -4.21286119e-01
   2.05441683e-01
  -6.71408509e-01
   1.45974632e+00
   1.86290191e+00
   2.97757032e-01
   1.39728160e-02
   8.57333574e-01
  -1.39080833e+00
  -1.79933024e+00
   1.67563630e+00
   2.03843247e-01
   1.50797093e+00
  -2.16244321e-01
  -9.27879798e-01
   7.08396062e-03
   1.87986480e-01
   4.32077552e-01
   1.13739895e+00
  -8.04756744e-01
  -1.04641537e+00
   5.22026805e-01
  -9.23215669e-02
  -1.21433301e-01
  -1.84648991e+00
  -8.49299630e-01
  -1.56282708e-01
   6.00266255e-01
   1.63868948e+00
  -8.28715103e-01
  -1.25710220e+00
  -1.73215760e-01
   1.25992335e-01
   4.29202544e-01
   4.71024545e-01
  -8.57331269e-01
  -1.14758534e+00
   8.90491306e-01
   2.76189585e-01
  -1.91449044e+00
  -1.66556164e+00
   6.06649538e-01
  -1.14620742e+00
   6.58487056e-01
   5.54328531e-01
   9.30884456e-01
  -1.12429104e+00
  -7.29742468e-01
  -1.03978206e+00
  -7.25912857e-01
  -1.74547568e-01
   7.72295166e-01
  -1.74410308e+00
   7.02310892e-01
  -7.26827370e-01
  -8.08260238e-01
  -1.31582035e+00
  -1.75025906e+00
  -8.75688111e-01
  -8.15407314e-01
   1.60631247e+00
   2.29480574e+00
   2.85807264e-01
   8.03412020e-02
   1.96622786e+00
  -1.28134302e+00
   5.56053659e-01
  -5.73216777e-01
  -1.76053504e+00
   1.08834241e+00
   2.16351663e-01
   2.24732192e-01
  -1.38147555e+00
   6.61982395e-02
  -4.63034416e-01
   1.06302026e+00
  -6.70504529e-01
  -5.37703005e-01
  -5.87343712e-01
  -2.96588454e+00
   6.91521637e-01
   1.22008031e+00
  -1.97797993e-01
  -1.56120471e-01
   5.87018205e-01
  -4.31609387e-01
  -4.41756513e-01
  -1.58418318e+00
  -7.29461319e-01
   3.75871552e-01
  -3.55094830e-02
  -4.95998451e-01
   5.85854004e-01
  -8.11402334e-01
   2.65293402e-01
   4.35267523e-01
  -7.84568232e-01
   4.32362026e-01
  -9.18455547e-01
   4.46150695e-01
  -4.80375907e-01
   6.67973781e-01
  -1.84992269e+00
  -2.62315859e-01
  -5.41879075e-01
  -2.95936871e-01
   2.76045612e-01
   1.67432069e-01
  -1.91161277e-01
   4.60966697e-01
   3.85909685e-03
  -1.32062621e+00
  -8.62230352e-02
   1.78064804e+00
   1.16121953e+00
   6.44915325e-01
  -9.59726307e-01
  -8.18687968e-01
   2.77762094e-01
   1.90472490e-02
  -1.03908964e+00
  -1.25162591e+00
   7.92728601e-01
  -7.70843434e-01
   3.12343131e-01
  -1.86461143e+00
  -7.26359222e-01
   6.25549891e-01
   4.58768625e-01
  -1.40872922e+00
  -8.68211571e-01
  -1.46935028e+00
   8.32140407e-01
  -3.09670427e-01
   2.20327149e-01
   9.97711715e-01
   1.36556493e+00
  -1.31461142e+00
   1.81491474e+00
   1.45980625e+00
  -1.42666218e-01
   1.04006980e+00
   8.33262299e-01
   2.33076319e-01
  -9.31716903e-01
  -1.53114666e-01
   1.07645178e+00
   5.88016869e-01
   5.28601415e-01
   7.60502392e-01
   3.21412916e-01
   2.43430314e-01
  -1.77105040e+00
   1.04329851e+00
   9.43100926e-01
   4.57848615e-01
   1.24220637e+00
   4.33202836e-01
   2.24262987e-01
  -4.44848498e-01
   2.62695777e-01
  -4.49220007e-02
   1.04409648e+00
  -2.87544910e-01
  -8.97411485e-01
  -1.28261794e+00
   1.10780887e+00
   7.22598803e-01
   5.24017183e-01
  -8.03962250e-01
  -3.28907304e-01
  -1.12054851e+00
  -5.21598204e-01
   1.36608859e+00
   1.24068692e+00
   7.31418497e-02
  -2.10522084e+00
  -5.71159858e-01
  -3.90173404e-01
  -6.82741451e-01
   7.43300248e-01
   1.99421802e+00
   1.29615140e+00
   9.48065669e-01
  -5.76989601e-01
   1.33337972e+00
   8.82008121e-01
   9.27093238e-02
  -9.49740108e-01
   1.48667260e+00
  -1.06219856e+00
  -1.85231297e+00
   1.09392396e+00
  -1.01534428e+00
   8.47280121e-01
   1.41775787e+00
  -1.38575298e+00
  -5.39906205e-01
  -3.34861829e-01
  -1.44639049e+00
   8.13785917e-01
  -1.79055381e-01
   5.24788328e-01
  -1.30518882e+00
  -4.06814198e-01
   1.15346004e+00
   5.52157971e-01
  -2.42858805e-01
   9.21871931e-01
   4.90234243e-01
  -4.67564336e-01
   1.09738261e-02
  -1.23258609e-01
  -3.54104610e-02
   1.89354397e-01
   3.45007446e-02
  -6.97817561e-01
  -9.18750267e-01
   1.17104143e+00
   5.64219427e-01
   1.52388551e-02
  -5.78353851e-01
   1.41440286e+00
  -2.11730929e+00
  -9.44232374e-01
   5.63349795e-01
  -6.91826078e-01
   1.74051543e+00
   5.18752381e-01
   3.38777510e-01
  -5.19040959e-01
   6.16830868e-01
   1.02022987e-01
  -1.05127214e+00
  -1.65952980e+00
   1.76373391e+00
   1.63932107e+00
   4.73397862e-01
   1.78274907e+00
   5.87355123e-01
   9.96840952e-01
  -1.05822756e+00
   1.79845190e+00
   6.48445216e-01
   4.92095399e-01
  -1.04617527e+00
  -4.61133832e-01
  -1.20531727e+00
  -1.00262309e-01
  -1.92055877e+00
  -1.19482912e+00
  -3.29133466e-02
   6.64074717e-02
  -1.56168474e+00
   1.44716572e+00
  -1.82800248e+00
   1.57739703e+00
   1.56548247e+00
  -2.53541106e+00
  -5.62590064e-01
  -1.64619326e+00
  -1.11599829e-01
   9.40420337e-01
   1.01246050e+00
   1.97158706e-01
   1.29476847e+00
   1.06719712e+00
  -3.83473468e-01
  -5.62568623e-02
  -2.41423866e-01
   1.49966492e+00
  -1.03284253e+00
   1.98407344e+00
  -8.43477613e-01
   1.71187639e+00
   1.54653241e+00
  -7.09427686e-01
  -1.69451000e+00
  -5.22767060e-01
   7.11919202e-01
   5.85218428e-01
   9.55902422e-01
  -1.73811268e+00
  -3.91660096e-02
   1.78811972e+00
   2.28393621e+00
   4.19434924e-01
  -1.93026214e+00
   1.59604182e+00
   6.85274768e-02
   1.69946809e+00
  -9.46322481e-01
  -6.17742029e-01
  -1.44385499e+00
  -1.73836739e+00
   1.57634254e-01
  -5.86993962e-01
  -1.18667707e+00
  -1.13176356e+00
   4.30723730e-01
  -5.17125486e-01
   4.44880959e-01
   6.73794210e-01
  -8.02731240e-01
  -1.19945388e+00
  -2.94813447e-01
   2.71681100e-01
   5.13530931e-01
   1.31199316e-01
   6.73988229e-01
   1.74553558e-01
   8.26010330e-01
   1.01938266e+00
   2.48838812e-01
  -5.73131212e-01
  -9.06271953e-01
   1.42622739e+00
   6.33806746e-01
   3.59881414e-01
   2.67955149e-01
  -1.74864252e+00
   1.74779193e+00
  -1.47326214e-01
   9.32033456e-01
  -1.31054193e+00
   5.69800916e-02
   4.71588884e-01
   5.89642268e-01
  -5.82204502e-01
  -3.27117063e-01
  -1.55814458e-01
   1.05122421e+00
   1.58661728e-01
  -7.62486298e-01
  -1.50960384e-01
   1.01204442e+00
  -7.06027889e-01
   9.21988865e-01
  -2.64202414e+00
   3.08633465e-01
   1.18552234e+00
   8.62633374e-01
  -3.31235519e-02
   6.44812859e-01
  -8.16730654e-01
  -4.98356524e-01
  -1.33925602e+00
   1.99654606e-01
   1.74715850e+00
  -5.43082303e-01
   5.66285872e-01
  -8.72360196e-01
  -7.60299671e-01
   5.79878321e-01
  -7.91483518e-02
   1.52423587e-01
  -2.26341469e+00
  -1.37183940e+00
   9.66700712e-01
   6.65234257e-01
  -4.57428953e-01
   5.23620483e-01
   1.57607652e-01
   4.95662966e-01
   5.10308120e-01
   9.01879684e-02
   1.34383249e+00
  -8.29735311e-01
   1.97530012e-01
   1.17538981e+00
   4.50734859e-01
  -3.49265771e-01
   1.21050867e-01
   1.17738366e-01
   7.43898113e-01
  -3.93539288e-01
  -1.28033543e+00
   9.68265288e-01
   8.22308008e-01
   1.81002903e-01
   1.12349819e+00
   7.07521759e-01
   4.54226462e-01
   2.98686248e-01
  -6.82230959e-01
   3.38211599e-01
  -6.53675576e-01
  -1.35717478e+00
   6.88291779e-02
   1.22058795e+00
   1.48173169e+00
  -7.88453479e-01
   4.57512405e-01
   3.35751192e-01
   3.63560170e-01
   1.09148038e+00
  -3.47087416e-01
   1.43041760e+00
  -7.50653222e-01
   2.10413203e-01
  -5.47637569e-01
  -5.10177462e-01
   4.11499304e+00
   4.33193160e-01
   1.36235562e-01
  -7.67770452e-01
   4.05793170e-01
   9.36908594e-01
   1.67602707e+00
   1.13385011e+00
  -1.08920563e+00
  -2.55294367e+00
  -3.22283386e-01
   1.55063062e+00
  -2.27530934e-01
   5.68522599e-01
   8.14126102e-01
  -3.51866706e-01
   7.02514700e-01
   9.09725871e-01
   1.37502644e+00
   7.82965026e-03
  -6.18325415e-02
   1.21967758e+00
   2.93224850e+00
   5.40780158e-01
  -3.95794895e-01
   1.37018049e+00
  -2.61668588e-01
  -9.62407979e-02
   2.64407476e-01
   1.55852292e+00
  -5.93591014e-01
   1.18962472e+00
   5.20514757e-01
  -2.86491447e-01
  -1.41918619e+00
  -3.12637338e-01
   2.87954487e-01
   2.00383731e-01
  -2.30412678e+00
  -2.44266033e+00
  -8.88239028e-01
   9.12345278e-01
   4.71081073e-01
   4.28298525e-01
  -5.79920315e-02
  -5.83952643e-02
  -1.85381332e+00
   1.88982443e-01
  -1.29201933e+00
  -7.63630265e-01
  -1.24551601e+00
   1.12899762e+00
  -7.39764233e-01
   4.11766463e-01
  -3.50091738e-02
   1.78173635e+00
  -1.55410459e+00
   3.07285057e-01
  -8.77356098e-01
  -1.23102391e+00
   2.17140410e+00
  -1.01333071e+00
  -4.33653755e-02
  -7.53881462e-01
  -2.10772264e+00
  -2.03550347e-02
   3.48286745e-01
  -1.34692980e+00
   1.67801154e+00
   4.30236360e-01
   4.06228117e-01
  -6.20944952e-01
   2.10576521e+00
   1.07932018e-01
  -1.56411043e+00
  -9.85927064e-02
   7.97435867e-02
  -1.65999395e+00
  -4.01244229e-01
   3.24040692e-01
  -4.33258859e-03
  -6.20704730e-01
  -5.22413237e-01
   5.54898977e-01
   8.89552690e-01
  -1.59731207e+00
   6.68139854e-01
   1.29146498e+00
  -3.63509777e-01
  -1.12320845e+00
   1.22097194e+00
   4.64730438e-01
  -1.99925765e+00
  -1.66096791e-01
   1.59117569e+00
   1.08812743e-01
  -1.06101504e+00
   1.65020161e+00
  -1.48409069e+00
  -3.40902189e-01
  -1.80275442e+00
   1.70298110e-01
  -1.20073737e+00
  -2.15253356e+00
   7.53942266e-01
  -3.17318755e-01
   1.31821374e+00
  -1.08198177e+00
  -1.39198815e-03
   2.33695395e-01
  -7.73124328e-01
   3.20777437e-01
  -1.10019229e+00
   1.18555324e+00
  -1.10367884e+00
  -7.09948137e-01
   2.95100113e-01
  -1.83806050e+00
  -4.15256112e-01
  -5.42953487e-01
   9.89263423e-01
  -1.26640105e+00
   8.25341063e-01
   7.30264342e-01
  -1.88840152e-01
  -1.92963417e+00
  -2.48296296e+00
   1.09078755e+00
   2.27424845e+00
  -2.27418225e-01
   1.70879306e+00
  -8.29253716e-02
  -5.86088417e-01
  -8.13777091e-01
  -5.60457594e-01
   6.50270781e-01
  -8.09350586e-01
  -1.68684008e-01
   1.27502910e+00
  -1.35988173e+00
   4.54770627e-01
  -1.36654909e+00
   1.49684493e+00
  -1.04936010e+00
   1.35777056e-02
  -1.35370110e+00
   6.60043707e-01
   1.26813643e+00
   7.81250537e-01
   1.29413434e+00
  -2.09512799e-01
   4.72537193e-01
   2.51140479e-01
   9.56846872e-01
  -6.90922540e-01
   1.10979729e+00
  -1.96210427e+00
   1.80826292e+00
  -7.68394517e-01
  -1.82984883e+00
   3.42163596e-02
  -1.24975881e+00
  -3.67795752e-01
   5.45416164e-01
   2.66010014e-01
  -2.84672065e-01
  -4.23879714e-01
  -1.34076862e-01
   5.47457003e-01
   6.86678644e-01
  -2.30751947e-02
   7.23904660e-01
   9.67088583e-02
  -9.63837358e-01
   5.82883645e-01
  -8.74434751e-01
   4.34917695e-01
   1.55868903e+00
  -1.61741214e+00
  -1.65553765e+00
   3.67608999e-01
  -4.22077819e-01
   2.72850662e-01
   7.14331684e-01
  -1.19709791e+00
   1.99229255e-01
   3.95924403e-01
   1.50552449e+00
   2.39255275e-01
   8.05361384e-01
   1.05432865e+00
  -1.59323340e+00
   3.91863092e-01
   1.62814993e+00
   5.12729395e-02
   8.96574969e-02
   1.28525924e+00
   5.88596879e-01
   2.19521964e+00
  -3.47658345e-02
   8.09284197e-01
   3.69465047e-01
   1.14977291e+00
   4.77390411e-01
   1.24949140e+00
   4.77456080e-01
  -2.11925145e+00
   8.05142211e-01
  -9.93756154e-01
  -1.56171225e+00
  -2.19959549e+00
  -1.29989056e+00
  -7.08890963e-01
   1.76802912e-02
  -7.46900862e-01
  -6.26204471e-01
   1.13253623e+00
   2.14702749e-03
  -3.21778210e-01
   1.19213781e-01
  -1.17919600e+00
  -8.95802142e-02
  -6.88608246e-02
  -3.70259111e-01
   5.68652309e-02
   9.18377589e-01
   1.23480121e+00
   5.75104029e-01
   5.69114096e-01
  -2.74523876e-01
   4.38510467e-01
   3.67379413e-01
  -6.48581459e-01
   1.09942542e+00
  -1.82175634e-01
   2.82961231e+00
   3.05403099e+00
  -6.77523523e-01
  -2.77736119e+00
  -2.98056987e-01
  -1.19071174e+00
   6.99070420e-01
  -2.03721684e-01
  -1.79018598e+00
   3.41605059e-01
   7.75398663e-01
   2.20702833e-01
  -2.11671301e+00
   2.56618983e-01
  -1.81757912e+00
  -8.15445312e-01
  -1.16552568e+00
  -1.16734967e-01
   6.37097465e-01
   1.14729295e-01
   9.87040260e-02
   3.79411342e-01
  -9.03604752e-01
  -1.42248034e-01
  -6.84873358e-01
   8.26258764e-01
   7.53433232e-02
  -7.12694424e-01
  -1.45677708e+00
  -8.92643849e-01
  -1.65359964e+00
   1.36200560e+00
   7.45695668e-01
   9.11556982e-01
  -1.22805132e+00
   5.34387703e-02
  -1.77660699e-01
  -1.76318689e-01
   2.25923662e-01
   9.88501004e-01
   1.88422843e+00
   1.19685951e+00
   1.09162030e+00
   8.52783542e-01
  -2.45465639e-01
   5.21361737e-01
   3.47746073e-02
   7.71696461e-01
   2.05848385e+00
   2.61910042e-01
   1.41585100e+00
  -1.20779714e+00
  -4.02538146e-01
   4.43301177e-01
   4.53430479e-01
   4.80938189e-01
   7.84407933e-01
   2.08342698e-02
   4.27525686e-01
   1.45426560e-01
  -8.52558253e-01
   8.65521497e-01
  -2.29058005e-01
  -9.12819828e-02
  -1.03980280e+00
   2.79091137e-01
   6.30830517e-01
  -6.89863949e-01
   3.99552503e-01
   2.53422339e-01
   2.16857489e-01
   1.42219290e+00
  -2.40427140e+00
  -8.17507839e-02
   5.65408661e-01
   1.03235444e+00
   1.50310359e-01
  -1.72828137e+00
  -9.49988928e-01
   6.54272185e-01
   3.33337400e-01
  -3.71033342e-01
   6.98793675e-01
   4.34533803e-01
  -1.20515745e+00
  -1.56551669e+00
   3.83280757e-01
  -2.13309807e-01
   6.09847408e-01
   1.21604414e-01
   6.58258836e-01
   1.09828444e+00
  -1.40811567e+00
   4.66236221e-01
   3.08161265e-02
   3.02169878e-01
   3.73777547e-01
  -9.80787885e-03
   3.82164461e-01
  -4.51020680e-01
  -1.78893969e-01
  -1.69159486e-01
   1.18560183e+00
  -1.76949683e-01
   1.78438744e+00
  -1.98046147e+00
   1.16718911e-01
  -3.78431130e-01
   7.06159535e-01
   1.24042160e+00
  -4.21928795e-01
   1.03286077e+00
  -5.16276476e-01
   1.36463446e+00
  -1.21874201e+00
   5.10710928e-01
  -8.45842036e-01
  -1.24622543e+00
   9.56677021e-01
   5.91780011e-01
   5.10200071e-01
  -1.19157664e+00
   9.59779875e-01
  -3.96854209e-01
   1.22605462e+00
   4.86155778e-01
   4.48080343e-01
  -5.06089408e-01
  -1.39862588e+00
   4.99646498e-02
  -1.60582005e+00
  -2.00575352e+00
   2.23117915e-01
   1.64055383e-01
   1.65542987e+00
   9.40837378e-01
  -1.08994413e+00
  -2.03549541e-01
   1.78356930e-01
  -8.39929467e-01
  -3.79509832e-01
   2.47438851e-01
   1.00057093e+00
   5.66954784e-01
  -9.37490727e-01
   4.68762424e-01
   1.44815474e+00
   1.12523778e+00
   2.56162716e-01
   1.18978252e+00
  -1.41661908e+00
   6.71409687e-01
  -3.79370403e-01
  -9.05208063e-01
   1.76292878e+00
  -3.57196914e-01
   6.93105745e-01
  -1.72896310e+00
   5.52776386e-01
  -1.12718248e+00
   5.24398034e-01
   9.03017585e-01
   1.41989182e+00
  -7.20616152e-01
   7.67310224e-01
  -2.24079101e-01
   1.01413536e-01
  -2.78106689e-02
   7.61029367e-01
  -4.57754531e-01
   2.97427900e-01
