   9.11436052e-01
  -2.01978135e+00
  -8.67175631e-01
   1.54233067e+00
   4.99286932e-01
   4.08670382e-01
   1.14426401e+00
  -6.94317004e-01
   3.05968164e-01
  -7.89291270e-01
  -1.00280415e-01
   1.33476125e+00
  -1.18208334e+00
  -7.87934150e-01
   3.33498457e-01
  -6.71700236e-01
  -2.59043991e-02
   5.29559015e-01
   7.25440322e-01
  -1.82450040e+00
  -5.61120868e-01
  -7.19064325e-01
   1.56175618e+00
  -1.14732291e-01
   1.79657285e+00
  -8.77298295e-02
   1.08452703e+00
   6.53168768e-01
   1.17219617e+00
  -1.17445631e+00
   6.16059170e-01
   7.75695693e-01
  -1.54143781e+00
   4.79639666e-01
  -3.69312955e-01
  -2.56180682e-01
  -1.00241360e+00
  -1.32084849e-01
  -4.02149388e-01
  -6.05377850e-01
   1.23738389e+00
  -4.37765072e-01
   1.02139750e+00
   1.61645580e+00
  -4.86003420e-01
   1.47899902e+00
  -1.22017843e+00
   8.28403650e-01
   3.97894209e-01
   2.64328453e-01
   1.06635233e+00
  -3.58392890e-01
  -5.36399045e-01
  -6.83219771e-01
   1.60221785e+00
   3.91420849e-01
  -5.19396600e-01
  -1.19334694e+00
   2.24843063e+00
  -7.62366846e-01
   6.08362663e-01
   4.35969847e-01
  -2.13166914e-01
   1.58169224e+00
  -2.81164330e-01
   5.60492227e-01
  -1.19800122e-01
  -1.47007806e+00
   1.39161320e+00
   6.42462505e-01
  -6.06994333e-01
   3.98157297e+00
   8.42862806e-01
   4.15445183e-01
  -1.08483680e-02
  -3.00119682e-01
  -1.81841654e-01
  -4.58277651e-02
  -9.51399702e-01
   9.03936300e-01
  -1.12140963e+00
   1.14724312e+00
  -2.18503551e-01
   1.07649828e-01
   6.65628991e-01
  -3.87678757e-01
  -1.46522282e+00
   1.55938586e-01
  -1.02842165e+00
   1.22340804e+00
  -1.06003924e+00
   6.97711811e-01
   9.46535334e-02
  -1.10392408e+00
   3.41653005e-01
  -3.44094660e-01
   9.96751184e-01
  -1.39567199e+00
  -1.00486908e+00
  -6.96647555e-01
  -1.30911800e+00
  -1.31249791e+00
   2.88882677e-01
  -1.03978445e+00
   1.56568664e+00
   2.73183749e-01
   2.19412198e+00
   1.45090389e+00
  -5.86996346e-01
  -2.00465048e-01
   1.20158935e-01
   1.41553888e+00
   1.01393953e-01
   8.00694550e-01
   3.38255267e-01
  -4.10242441e-01
   1.70831504e+00
  -8.50026413e-01
   1.13334197e+00
  -4.52067027e-01
  -1.79352747e+00
  -9.46146401e-01
   1.49313515e+00
  -2.04754664e+00
   5.43604284e-01
   4.48778085e-02
   3.80110434e-01
  -7.98661456e-01
   8.87206602e-01
   1.33684967e+00
  -4.15888057e-01
  -5.82572099e-01
   8.77449356e-01
   4.55632407e-02
  -8.04609613e-01
  -3.50193479e-01
   1.43305133e+00
   1.46387084e-01
  -1.06221778e+00
   1.18549043e+00
  -1.84840312e+00
   4.77385668e-01
   5.67522044e-01
  -3.28378133e-01
  -2.02331948e-01
   1.27500377e+00
   1.36493451e-01
   4.06047150e-01
   2.91504186e-01
  -9.33491052e-01
   1.95590476e+00
  -2.93610033e-01
  -2.16409541e-01
   1.95857522e+00
  -1.34628590e+00
   7.61989177e-01
  -6.89880841e-01
  -1.57347750e+00
  -8.03187560e-01
   1.52189559e+00
   1.21451240e+00
   1.66850114e+00
   1.13024956e-01
   1.12860431e+00
   4.63964443e-01
  -1.50233278e+00
   2.09460986e-01
   4.29209052e-01
   3.21958531e-01
  -2.24752101e-01
   2.20664567e-02
   9.82287886e-01
   5.97421569e-04
  -1.58506578e+00
   1.38648453e+00
   1.93079655e+00
  -9.80130532e-01
  -4.34446637e-01
   2.93645105e+00
  -9.72570399e-02
   5.21108809e-02
  -5.93542297e-02
   1.24421114e+00
   5.17636674e-01
  -5.25917622e-01
  -1.15062330e+00
   9.69944508e-01
  -1.07141629e+00
   2.99019614e-01
  -4.97737942e-01
  -1.69152430e-01
   7.53512226e-01
  -9.43267799e-01
   1.93638707e+00
  -2.01901731e-01
   1.20431440e-01
   1.74142640e+00
   6.40272304e-02
   2.08232126e+00
  -2.45934468e-01
   4.01305281e-01
   1.38764124e+00
   8.44466591e-01
  -2.48410949e-01
   1.00069568e+00
   1.59622789e+00
  -2.15500181e-01
  -1.51910213e+00
  -1.27773824e+00
   5.79276798e-01
  -1.35308294e-01
   1.13325181e+00
  -6.59722840e-01
  -1.70824762e+00
   4.31175482e-01
   5.08868289e-01
  -5.68058197e-01
   8.00752770e-01
   4.08707795e-01
  -1.74047490e+00
  -2.83438008e-01
   7.60863447e-01
  -8.09115027e-01
  -1.35410787e-01
   1.92791405e-01
   4.67759542e-02
   5.61614356e-02
  -7.08753478e-01
   1.22732735e+00
  -5.71723998e-01
   1.01602180e-01
   8.93920109e-01
  -3.73254941e-01
  -1.23466210e+00
   6.68388190e-01
  -1.28546364e+00
   9.85853453e-01
   1.38386145e+00
   1.98838206e+00
   9.41468736e-01
  -3.59616806e-01
   1.87415785e+00
  -2.19405128e+00
   2.38591580e+00
  -5.84066619e-02
  -3.91612188e-01
   1.33767590e+00
  -5.71333807e-01
  -7.00937629e-01
  -2.98522626e-01
   3.46573555e-01
  -1.34284383e+00
   1.01466178e+00
   6.79715394e-01
  -1.74357737e+00
   2.91763988e-01
   8.20505619e-01
   5.94728612e-01
  -8.55939882e-01
   9.49366687e-02
  -1.47402080e+00
  -3.96527037e-01
   1.20281116e+00
  -1.45115304e+00
   1.14476086e+00
  -1.16791956e-01
   4.06079479e-01
   1.22918478e+00
  -3.94551290e-01
  -5.44349626e-03
  -3.54854354e-01
   2.49081298e-01
   4.55323946e-01
  -8.88759441e-01
   4.45054274e-01
   6.75258107e-01
   9.15518793e-01
   1.02663402e-01
  -8.07317172e-01
  -5.19786049e-01
   1.25752528e+00
  -4.60773161e-01
  -9.18002149e-02
  -3.66218029e-01
   7.32906972e-01
  -1.09578533e+00
  -1.21742254e+00
   8.82065865e-01
   1.09945621e+00
   7.84552201e-01
   7.61975730e-02
  -4.18054289e-01
   9.44476868e-01
   2.12723945e+00
  -1.68303642e+00
   5.90910728e-01
  -8.44941525e-01
  -2.86068330e+00
  -3.37336799e-02
  -9.48416941e-01
   9.71342847e-01
   2.65776360e-01
   3.96223352e-01
   4.55848813e-01
   7.14242712e-01
  -1.56524304e+00
   6.58629567e-02
  -7.69206830e-01
   6.04098725e-01
  -3.19321092e-01
  -5.01861342e-01
   4.33905259e-01
  -1.95247124e+00
  -5.77399221e-02
  -3.47824353e-01
   2.54043104e-02
  -8.59068261e-01
   1.03791569e+00
  -4.00118789e-01
   1.08598153e-01
   2.96270450e-01
  -8.40912853e-01
   3.57588108e-01
  -3.25092184e-01
   3.17065355e-01
  -2.52409130e-01
  -1.12913913e+00
  -1.56817918e+00
   4.97256406e-01
   7.63240635e-01
  -1.30021478e-01
  -2.49260855e-01
   1.07288800e+00
   1.80551222e-01
  -3.51224367e-01
  -1.08876453e+00
  -6.90671567e-01
   1.35932006e+00
  -1.50961189e+00
  -1.20931341e+00
   6.70601173e-01
  -1.31939155e+00
  -1.24727385e+00
   6.98038744e-01
   1.08904627e+00
   6.52553956e-01
  -1.90361469e+00
   2.03162111e-02
   7.57563182e-01
   2.29253014e-01
  -1.10642253e+00
  -2.46526989e-01
  -1.20215803e+00
   8.36992499e-01
   1.51539207e+00
  -2.23319608e+00
  -6.15260707e-01
  -1.62137938e+00
  -2.82366713e-01
  -1.54470817e+00
  -1.69876812e-01
  -2.20316469e+00
  -2.37887893e-01
  -1.27235582e+00
  -1.35436435e+00
  -3.14971009e-01
   1.11785191e+00
  -5.60890199e-01
  -1.01570891e+00
   2.03871757e-01
  -2.70970921e-01
  -8.75181839e-01
  -2.03569208e+00
   2.70233272e-01
  -2.30937247e-01
   1.51873190e+00
  -6.64904069e-01
  -5.49880844e-01
  -1.70016385e+00
  -5.73438173e-01
  -2.36416299e+00
   5.88300358e-02
   4.60782002e-02
  -1.36197469e+00
  -7.62383268e-01
  -1.97547061e+00
  -3.96369428e-01
   1.07209409e+00
  -8.56579266e-03
   5.07001400e-01
  -2.05406101e+00
  -3.53179697e-01
  -6.40489158e-03
  -8.35943708e-01
   9.90398609e-01
   4.71886720e-01
  -1.41753253e+00
  -6.62769624e-01
   5.44977056e-01
  -5.68401186e-01
   2.28550322e-02
  -4.61707257e-01
  -5.42121138e-01
   2.86756310e-01
  -1.30720302e-01
   1.14438002e+00
  -6.52422113e-02
  -9.57873585e-01
   1.71310710e-01
  -3.63978632e+00
  -2.87547991e-01
   4.94199564e-01
  -3.03887887e-01
  -1.32921567e+00
  -1.07697322e-01
  -3.14471338e-01
  -1.24668984e-01
  -2.25836798e+00
  -3.34739024e-01
   1.67461425e-01
  -5.71881947e-01
  -8.45301841e-01
  -3.99730655e-01
   2.53596073e-02
   1.77597310e+00
  -2.35501283e-02
   7.39597953e-01
  -1.37281139e+00
   1.59854802e+00
  -1.39977480e+00
  -1.38900735e+00
  -3.83666707e-01
   1.23611596e+00
   3.15526457e-01
  -1.24643166e-01
   1.41652133e+00
  -7.42797476e-01
   2.52445569e+00
   4.51320719e-01
  -2.20426126e+00
   1.24453125e+00
   1.19741719e+00
   1.51443300e+00
  -2.50119404e+00
  -5.17821102e-02
  -1.22838591e+00
  -3.67974679e-03
   1.63094467e+00
  -7.67289065e-01
   8.47763764e-01
  -1.53992797e+00
   4.37123050e-01
   1.97793693e+00
  -9.01692130e-02
   7.87350871e-01
  -6.10325713e-01
  -4.30994446e-02
  -8.05482724e-01
  -9.95553465e-01
  -1.39550374e+00
   1.70574570e+00
   1.42466936e+00
   5.38347372e-01
  -9.49515843e-01
  -6.89673042e-01
   1.80650646e+00
  -1.51017372e+00
   1.72262049e+00
   2.07467887e-01
   8.68206060e-01
   3.78073165e-01
  -1.44881919e+00
  -4.40462116e-01
  -4.65048022e-01
   1.42132163e+00
   5.81991694e-01
   1.00124493e+00
  -6.38196560e-01
  -2.30796860e-01
   1.31846573e-01
  -9.82667817e-01
  -9.72658675e-01
  -1.32544744e+00
  -8.56374850e-01
   3.14122383e-01
   2.91978370e-01
   7.85862733e-01
  -4.88745327e-01
   1.80045569e+00
  -1.01022332e+00
   8.13346409e-02
   2.06207690e+00
   4.92752699e-01
  -6.82338852e-01
   2.86860194e+00
  -7.40553847e-01
   1.91154007e+00
  -2.05843423e+00
  -5.04211614e-01
   1.01713151e+00
   8.60502888e-01
  -5.00852545e-01
   8.54028863e-01
   4.32530454e-01
  -5.08384834e-01
   4.36611815e-01
  -1.08011435e+00
   7.23517244e-01
  -3.21908805e-01
   1.15633121e+00
  -3.97254560e-01
  -1.54996165e+00
  -3.19107593e-01
   3.86505734e-01
   1.16048270e+00
   6.78458244e-02
   8.91120336e-01
  -2.04459190e-01
   1.28258626e+00
   7.77984765e-01
   1.05619356e+00
  -1.25800912e+00
  -1.00528043e+00
  -1.10173537e+00
  -8.44598683e-01
  -1.13798992e+00
  -9.53953801e-01
  -1.40484267e+00
   1.26937297e+00
  -1.11959985e-01
   8.88477411e-01
  -1.24627676e+00
   1.71775873e-01
   2.04289849e+00
   8.16576495e-01
   1.41668385e+00
  -1.28103389e+00
  -8.49156844e-01
   1.14236944e+00
  -7.17147725e-02
  -3.02146471e-01
   2.88059191e-01
   1.49055423e+00
  -3.76513237e-01
   9.73039769e-01
  -7.54010082e-01
   9.74913135e-01
  -1.15364975e+00
   5.32842489e-01
  -4.61045309e-01
   1.21740773e+00
   8.41805784e-01
   3.43028718e-01
  -1.54265531e-01
   5.12356113e-01
  -4.21092119e-01
   7.53221720e-01
  -5.24707565e-01
  -4.52391199e-01
  -6.11893809e-01
  -4.60966848e-02
   2.76910207e+00
  -1.15799537e+00
  -1.02625410e-02
   9.02757036e-01
  -8.16364842e-02
   7.74444870e-02
   1.83474125e+00
   6.20735505e-01
   4.33212733e-01
   2.18486424e-01
  -1.91451958e+00
  -6.83568719e-03
  -8.54077000e-02
  -1.22796175e-03
   6.66514960e-02
   1.75832349e+00
  -1.21305245e+00
   2.09236238e+00
   1.61706336e+00
   4.53542424e-01
  -1.28024238e+00
  -3.18630719e-01
  -1.46679273e-01
   5.72354623e-01
   2.29262278e-01
   1.37814682e-01
   1.28905430e+00
  -1.05045826e+00
   1.12729399e+00
   1.24656866e+00
   9.62345571e-01
   1.71140705e+00
  -2.37493234e+00
   1.14498961e+00
   3.95272079e-01
   4.47996230e-01
  -1.19829390e+00
   1.50047933e+00
  -5.05553524e-01
   7.85459781e-01
  -1.30204211e+00
   1.04089069e+00
  -6.91435113e-01
   1.82222794e+00
  -8.50398329e-01
  -2.17923289e+00
  -7.79912005e-01
  -1.28894800e+00
   1.36015731e+00
  -8.43387232e-03
   1.51712635e-01
  -6.80081447e-01
   5.67513125e-01
  -1.17742252e+00
   4.71387667e-01
   1.21307182e+00
   4.11664147e-01
   2.15348752e+00
  -2.07063925e+00
  -2.81299721e-01
   2.66507889e-01
   1.47229857e+00
   1.54107461e+00
  -8.39070652e-01
   7.06662604e-01
  -3.71442155e-01
  -2.61096967e-01
  -1.41364727e-01
  -9.97040281e-04
   1.88392433e-01
   1.66997591e-01
   9.84688149e-01
   7.39894213e-01
  -7.49368821e-01
   3.61062729e-01
  -6.05299773e-01
  -1.35186284e-01
   1.14346838e+00
  -1.20630655e+00
   1.07245060e-01
  -5.73535061e-01
   3.50708625e-01
  -1.64195554e-01
  -1.26644203e+00
  -1.10477407e+00
   8.24051842e-01
   5.84644792e-01
   4.46304465e-01
  -6.47852710e-01
  -3.39216138e-01
  -6.03519362e-01
   1.54247912e+00
   6.53864049e-01
   1.00640907e+00
   1.30785313e+00
   1.20273828e+00
  -2.71462789e-01
   6.26758302e-01
  -1.18402461e+00
   1.23181228e+00
   1.52522723e+00
   2.75234542e-01
  -1.28073604e+00
   1.32729271e+00
   4.34195049e-01
  -1.18638224e+00
  -5.62883311e-01
   9.42283272e-01
   1.68822207e+00
  -7.29428436e-01
  -1.39637681e+00
  -2.32519758e-01
   1.93367797e-01
   5.82007723e-01
  -3.38925352e-01
   5.34440943e-01
   5.40525812e-01
  -3.07451041e-01
  -2.01397757e+00
  -1.16441179e+00
  -1.38260914e+00
   4.17801924e-01
   2.21572688e-01
   8.53830770e-01
  -5.19759715e-02
   2.09526598e-01
   1.18913204e+00
   2.52692397e-01
  -1.60245908e+00
   2.53532455e-03
  -3.12063793e-01
  -9.56817731e-01
   2.30510703e+00
   6.51758030e-01
  -9.28745625e-01
   1.28276715e+00
   6.61728725e-01
   6.94274731e-01
  -4.98464441e-01
   3.06919739e-01
  -2.52651095e-01
  -9.22309196e-01
   1.35223204e+00
  -1.02395468e-01
   2.40683204e-01
  -7.55429825e-01
   9.66631421e-01
  -6.76269010e-01
  -1.55775721e-01
  -2.16450429e+00
   1.03999630e+00
  -1.73998020e-01
   1.89036638e+00
   7.80914108e-01
   1.75798806e+00
   3.36989363e-01
   1.16425630e-01
  -2.71308726e+00
   6.18756630e-01
   7.03008332e-01
  -7.29449961e-03
   5.03992463e-01
  -1.30992895e+00
  -6.16816705e-01
  -1.10259149e+00
  -6.78515806e-01
  -1.80762851e+00
   1.15268411e+00
   7.99028249e-01
  -2.17123770e-01
  -3.34263865e-01
  -8.92660701e-01
   1.72945280e+00
  -1.94096754e-01
   1.34946431e+00
   2.91017915e-01
  -9.12279862e-01
   8.99901345e-01
  -2.38499102e+00
   2.27735891e-01
  -3.05371078e-01
   1.06387701e+00
  -6.71529174e-01
  -1.47235617e+00
   2.69138301e+00
   8.78057834e-01
  -3.35124059e-01
  -5.49878766e-01
  -6.57296046e-01
   6.19104468e-02
  -5.10701327e-01
   7.13722296e-01
   1.25150780e+00
  -1.17091146e+00
   9.12838231e-01
  -1.34975603e+00
   7.78886604e-01
  -8.98129465e-02
   9.61959857e-01
  -1.15446196e+00
  -3.16627021e-01
  -1.67318789e+00
  -2.31626528e+00
  -4.37272229e-01
  -1.70581876e-01
  -1.54036173e+00
  -4.65424933e-01
  -1.18428486e+00
  -3.85343719e-01
  -6.95783652e-01
  -1.75178728e+00
   5.76891024e-01
   7.10182040e-01
   4.14144646e-01
  -5.36879855e-01
  -1.48967196e-01
  -5.22576095e-01
  -8.66694633e-01
  -1.47917372e+00
  -5.47583625e-01
  -6.48144173e-01
  -3.56392482e-01
  -1.35787711e+00
  -1.74862201e+00
  -5.91140077e-01
  -7.93841642e-01
  -9.48587413e-01
  -4.19541636e-01
   5.34149260e-01
  -8.64320371e-01
  -8.94679099e-01
   1.93213558e-01
  -1.18339277e+00
   7.85692463e-01
  -5.91643880e-02
  -1.34769503e+00
  -1.03838326e+00
  -1.55785926e+00
  -1.37059614e+00
  -2.01863444e-01
   2.48033974e-01
  -2.14319730e-01
   6.35793129e-01
   6.33114624e-01
   6.75600919e-01
  -2.07372045e+00
   1.18921598e-01
   1.41301295e+00
   5.84708975e-01
  -1.73625847e+00
   3.45606035e-01
   1.35462757e+00
  -1.05980318e+00
   5.29738295e-01
   7.00347426e-01
   1.28653407e+00
   8.29890351e-01
   3.74333510e-01
   5.48718356e-01
   6.71243373e-01
   3.07461380e-01
  -1.25584733e+00
  -2.48662387e+00
   2.57961933e-01
   6.16304410e-02
   1.37413556e+00
  -1.39259960e+00
   3.29479935e-01
  -1.05839629e+00
  -7.52299119e-01
   1.54970141e+00
  -2.78788960e-01
  -2.12031025e-01
  -2.78241445e+00
   1.00275938e+00
  -6.28778405e-01
   6.13027233e-01
  -1.33891027e-01
   8.80677923e-01
  -8.15141747e-01
   2.94360539e-01
  -4.13415809e-01
   8.42349806e-01
  -5.54096659e-01
  -2.65218552e+00
   1.18258209e+00
  -7.01110327e-01
  -9.43799104e-01
  -1.17416972e-01
   1.47485627e+00
  -1.41175267e+00
  -5.01154919e-02
  -1.41422904e+00
  -2.32138218e-01
   1.46227114e+00
  -1.29726750e+00
  -3.80034516e-01
   8.40728541e-01
   9.82185571e-03
  -1.48531107e+00
  -1.25123650e+00
  -1.06140437e+00
   7.15318704e-01
   1.27058822e+00
   6.57344799e-01
  -1.23588234e+00
  -1.03332820e+00
  -4.10153049e-01
  -1.42556216e-01
  -7.14869501e-01
  -1.26322613e-01
   2.12734640e+00
   3.11880576e-02
   1.04937005e+00
   1.74211300e+00
  -2.35515935e-01
   1.66376950e+00
  -2.99404346e-01
  -1.24962861e+00
   9.78905132e-02
   4.19489210e-01
   1.45530699e+00
  -5.96788981e-01
  -5.21706808e-01
  -7.82180525e-01
   8.94799659e-01
   8.84146525e-01
   2.87703462e-02
   2.19122425e-01
   6.46072637e-02
   1.37628600e+00
   1.63000868e+00
   1.00255154e-01
   8.84446240e-01
  -1.09887289e+00
   1.70547324e+00
  -5.41591572e-02
  -1.57273189e+00
   5.02185780e-01
   2.09359985e-01
   9.80469864e-01
   1.45099713e-02
   2.61461777e-01
  -2.17485586e+00
   2.02559130e+00
  -2.26818932e-02
   2.75558577e-01
  -2.28295105e-01
  -6.36723797e-01
   1.28609718e+00
  -1.27702494e+00
   8.66557759e-02
  -2.80931590e+00
  -5.81323297e-01
  -1.13860994e-01
  -6.56621728e-01
   6.74259313e-01
   5.36845275e-01
  -5.56725062e-01
   1.45509425e+00
  -1.03659492e+00
   4.17117551e-01
   8.07378021e-01
   1.17365164e-01
   7.06932295e-01
   2.23490995e-01
  -1.80119027e+00
   4.12057098e-01
  -1.13732086e+00
   5.87275299e-01
   1.95176941e+00
   2.81090918e-01
  -1.43370774e+00
  -1.87700718e-01
   3.08716779e-01
   3.14012745e-01
   1.56899466e-01
   4.63847087e-01
  -5.88155787e-02
   9.47147862e-01
   2.27147639e+00
   1.05736091e+00
  -6.26395562e-01
  -7.32735454e-01
   3.73072232e-01
   3.07419400e+00
   1.20554452e+00
   1.59451523e-01
  -1.18798423e+00
  -2.24045822e-01
  -9.77468637e-01
  -3.97316540e-01
  -3.64800245e-01
   2.10762973e+00
  -3.87851871e-01
   6.10536178e-01
   1.02962555e+00
  -4.92318697e-01
  -6.75348465e-01
   6.12064671e-01
   5.93547959e-03
   5.05652216e-01
   7.38043642e-01
   7.11710780e-01
  -1.74227284e-01
   1.41585244e+00
   2.09081446e+00
   1.60958074e+00
   2.93444711e-01
   3.54219041e-01
  -7.87727744e-01
  -9.48344794e-01
   1.27118446e+00
   4.73654419e-01
  -3.64668779e-01
  -1.09660080e-01
  -5.64060051e-02
   1.42392797e+00
   7.12839016e-01
   5.04565356e-01
  -9.62461029e-01
   6.35283390e-01
   6.79650796e-01
  -1.87127053e+00
   7.88144645e-01
   2.48681073e-01
   6.64887290e-02
   1.35434416e+00
  -3.23484480e-01
   2.18242340e-01
  -2.44991380e-01
   1.31046635e+00
   4.78280332e-01
  -2.20852779e+00
   8.54275774e-01
  -5.81683241e-01
   1.38915322e+00
  -4.71546217e-01
   1.37438718e+00
   1.92850724e-02
  -4.96736329e-01
   5.04995079e-01
  -2.05545104e+00
  -1.35978482e+00
  -6.86377936e-01
  -2.15608579e-01
   2.25216601e-01
  -3.90928456e-01
  -3.20418807e-02
   2.83717143e-01
   9.34355432e-01
  -6.93550236e-01
  -1.20522867e+00
   1.51828596e+00
   3.77616288e-01
  -1.37700345e+00
  -1.93242102e+00
  -9.96404890e-01
  -2.38939523e+00
   4.30230025e-01
  -1.41090511e-01
  -1.43406133e+00
  -1.45263320e+00
  -6.92230045e-01
   9.00685422e-01
   9.66446613e-01
   1.32176145e+00
   1.15223829e+00
   1.35327734e+00
   1.94290449e+00
  -9.69623922e-01
  -1.68319448e-02
  -8.50966926e-01
   2.64512051e-01
   6.23114600e-01
   9.40519437e-01
   5.15278003e-02
  -4.47066499e-02
   1.40727470e+00
  -9.90643896e-01
   1.23549221e+00
   9.17204470e-01
  -4.84061190e-01
  -6.50738966e-01
  -3.87877558e-01
  -1.80974119e-01
  -1.12556075e+00
   3.31967138e-01
  -1.59348785e+00
  -2.12122745e+00
   1.70719231e+00
   8.99599991e-01
  -1.22165047e+00
  -2.08219994e+00
   1.16842521e+00
   2.47328839e-01
   3.37343216e-01
   1.73895967e-01
  -9.18018409e-02
   1.70634312e+00
  -1.07186522e+00
   7.36929705e-01
  -1.51026281e+00
   2.15193377e+00
   1.51903175e+00
  -9.52144657e-01
  -8.79091643e-01
   9.36790409e-01
   9.93806303e-01
  -1.21543728e+00
  -4.41880761e-02
  -1.11173991e+00
   2.94047848e-01
   7.19812915e-01
   6.64716308e-03
   4.25359526e-01
  -4.55502169e-01
  -1.45134256e-02
   1.44251710e-01
  -2.64369535e+00
   1.71726297e+00
  -1.99880206e+00
   4.06318319e-01
   3.08443867e-01
   2.16929783e+00
  -2.50214557e-01
  -2.06635125e+00
   1.31610563e+00
   1.53200325e+00
  -2.11155866e+00
   1.53281874e+00
   1.95339326e+00
  -1.52409617e-01
  -1.06896197e+00
  -5.35807723e-01
  -1.27687799e+00
  -7.63025095e-01
   9.96616431e-01
   2.90968757e-01
   2.53288982e-01
   5.72447820e-01
  -1.12422982e+00
   9.85213587e-01
  -1.55129399e+00
   3.23720857e-01
  -2.36132148e-02
  -2.56869751e+00
   1.54203061e+00
   4.68036012e-01
   1.24868085e-01
  -3.71633785e-01
  -1.16517430e+00
  -1.77324006e+00
   1.64010785e+00
  -8.69513708e-01
   5.62366815e-01
  -1.11498280e+00
   9.56896047e-02
   6.10452224e-01
  -1.62211086e+00
  -8.60305454e-01
   1.01506138e+00
  -7.00779650e-01
  -1.59967930e-01
  -7.49434975e-01
  -1.63874542e+00
   1.89197111e-01
  -1.19905931e+00
   2.32623595e-01
  -3.28252948e-01
   5.66396166e-01
  -1.03234730e+00
  -5.86954505e-01
  -1.22787937e+00
  -4.34766701e-01
  -6.51260155e-03
   3.41620719e-01
   1.14295201e+00
  -9.75587815e-01
  -3.89793442e-01
   3.75765295e-01
   1.66337124e+00
  -9.98931211e-01
   1.04896473e-01
  -2.31977348e-01
  -2.82555974e-01
  -1.08623661e+00
   1.09587944e+00
   8.19802280e-01
   2.43122726e-02
   8.11667445e-01
   2.70758055e+00
   2.17769752e-01
  -4.11779101e-01
   1.06634788e+00
   4.82761962e-03
  -1.53053358e+00
  -4.82007695e-01
   1.72891082e+00
  -8.96357142e-01
  -9.49452589e-01
   5.84109798e-01
  -3.57122855e-01
  -5.88612394e-01
   2.98627288e-01
  -1.06041862e+00
  -9.23585656e-01
  -4.09364728e-01
  -7.54442777e-01
  -4.94342560e-01
  -2.00142137e+00
   1.44934655e+00
  -2.00222158e-01
  -1.62820825e+00
   2.02444924e+00
  -6.54192710e-01
   2.28518541e-01
  -7.80094712e-01
   1.36313866e-01
  -5.64527453e-01
   8.67416035e-01
  -9.51044020e-01
   3.72361302e-01
  -7.44282385e-01
  -5.30770767e-01
  -9.47475827e-01
   3.03759300e-01
   1.73314927e-01
  -2.45826712e-01
   7.92356555e-01
   1.13656990e+00
  -1.85152214e-01
  -8.04836507e-01
   7.03807936e-01
   7.81348047e-01
  -9.92202800e-02
   5.47593440e-01
  -1.33868415e+00
  -1.39401401e+00
  -1.36161589e+00
  -1.63353311e+00
  -7.26359214e-01
  -1.78284463e+00
   1.34010164e-01
   7.32714201e-01
  -1.00835563e+00
   6.91804242e-01
   1.93869088e-01
   7.58302708e-01
  -7.85458237e-02
  -7.49714664e-01
   1.02707961e+00
  -6.60274365e-01
   1.74988007e-01
   5.06739441e-01
   3.12853984e-01
   1.06383277e+00
   1.04927323e+00
   1.84176380e-01
  -6.01013427e-01
   3.37847182e-01
   1.05354919e+00
  -7.86504194e-01
   1.31552243e+00
  -1.45753111e+00
  -7.11692422e-01
  -8.67988782e-01
  -1.38773358e+00
   1.00708627e+00
  -7.69572872e-01
   8.38346244e-01
   2.78806675e-01
  -2.95370444e+00
   3.01484984e-01
   6.82041926e-01
  -6.67047784e-01
  -1.69762657e-01
   6.21433745e-01
   8.02603738e-01
   1.54153443e+00
   9.80132585e-01
   1.36322941e-01
  -1.50569905e-01
   3.70683680e-02
  -6.41474324e-01
  -9.88800783e-01
  -8.89565635e-01
  -7.32647270e-01
  -3.62863048e-01
  -1.67218815e-01
   6.80178857e-01
  -8.61449957e-01
   1.05102853e+00
   1.18735087e+00
   1.00924531e+00
   9.75641011e-01
   7.23535442e-01
  -4.51655434e-01
  -4.45954784e-01
  -2.93655194e-01
  -3.59215085e-01
  -3.83085262e-01
   9.21648507e-01
  -9.22986683e-01
  -3.71012243e-01
  -8.30893677e-01
   5.63136663e-01
   1.37473074e+00
   1.29822956e+00
   4.64385143e-01
  -3.14741258e+00
  -1.15268305e+00
   2.41055103e-01
   8.55851195e-01
   4.18213309e-01
  -1.09577883e+00
  -7.70850152e-01
  -1.90517635e+00
  -1.01073785e+00
  -1.62014386e-02
   1.00609192e-01
  -6.08667011e-01
  -9.01242579e-01
   3.64436763e-02
   2.35972011e-01
   1.31070879e+00
   4.01537884e-01
   2.22668920e-01
   8.61314661e-01
   9.43190033e-01
  -9.36554071e-01
   2.22915358e-01
  -3.46163029e-01
   5.05607538e-01
  -1.37033629e+00
   2.40899051e-01
   1.09282700e-01
  -4.96132779e-01
   1.01759289e+00
  -1.32318308e+00
   8.10591538e-01
  -4.91736448e-01
  -2.85857150e-01
   5.54667170e-01
  -8.70861681e-01
  -3.83800907e-01
  -8.63924062e-01
   3.57505852e-01
  -1.70041575e-01
  -1.44027276e+00
  -1.60341645e+00
   6.73108161e-02
   4.22154137e-01
   1.78253922e+00
  -1.79375030e+00
   6.29623518e-01
   1.15561949e+00
   1.71926524e+00
   1.06340388e+00
   5.33127839e-01
   1.50534952e+00
   8.82831962e-01
   1.35606753e+00
  -1.54110661e+00
  -5.53311051e-01
   1.65271400e+00
   2.92522654e+00
  -5.85489789e-01
   1.14842041e-01
  -3.56816039e-01
  -3.45488682e-01
  -1.87116399e+00
  -8.77094301e-01
  -9.70231375e-02
   7.20622670e-01
  -1.25043444e+00
  -5.28032704e-01
   6.41696732e-01
   1.57862429e+00
   2.02069930e-01
   4.08803094e-01
   2.45093467e+00
  -9.50277588e-01
  -1.33754691e+00
   4.04362729e-01
   2.47568925e-01
   1.40409882e+00
   3.46696885e-01
   3.04161469e-01
  -7.21997918e-01
   4.97282299e-01
   3.49760230e-01
   7.43622740e-01
  -4.20459794e-01
   2.56959886e+00
  -1.16915440e+00
  -6.36495909e-01
   1.25227485e-01
  -9.17682233e-01
  -6.17976428e-01
  -1.37453627e+00
   5.47014475e-01
  -1.48567162e+00
   1.15037639e+00
   6.61227676e-01
   1.44123579e+00
  -1.65160792e+00
   1.26497219e+00
  -4.27371333e-01
  -2.85313226e-01
  -1.63708429e-01
   8.71084535e-01
  -9.12523607e-01
  -3.85822873e-01
  -9.13579008e-01
   1.52936645e+00
   1.48280755e+00
  -5.09140861e-02
   2.50366519e-01
   6.22237177e-01
   2.54046767e-01
   2.55891572e-01
   6.35875681e-01
  -1.19774945e+00
  -1.72960567e-01
   4.34697527e-01
   8.01409823e-01
  -3.80325933e-01
  -2.77304146e-01
  -1.92156283e+00
  -1.47356051e-01
  -1.00039686e+00
  -1.32828386e+00
   1.55605242e+00
   1.74314903e+00
   3.54095708e-01
  -1.16072425e+00
  -7.77748190e-02
   2.09664171e-01
  -6.04163294e-01
   8.51080806e-01
  -2.24497670e+00
   1.80850777e+00
  -1.18521338e+00
   7.47494666e-02
  -1.84624456e-01
   5.53090698e-01
  -1.06662975e+00
   2.60193957e-01
   6.07223989e-02
  -1.28496207e-01
  -2.31879985e+00
   7.11799967e-01
  -1.32326400e+00
  -1.96906423e-01
  -2.67524497e-01
  -2.03097002e-01
  -8.89591245e-01
   7.22262452e-01
  -5.38790077e-01
  -2.86687576e+00
  -2.00926957e-01
   8.31721629e-01
   6.75842931e-01
   1.03404520e+00
  -2.06035030e+00
  -8.35029314e-01
   1.15502599e+00
   1.90658443e-01
  -5.39611822e-01
  -9.58840739e-01
   7.18868670e-01
   2.54923424e+00
  -2.70343141e-04
   6.52286388e-01
   1.90096688e+00
  -2.35126395e-01
   1.19145857e+00
  -3.70324287e-01
  -1.00614882e-01
  -2.36084026e+00
   1.21428312e+00
   8.18389579e-01
  -1.14717245e+00
   1.94585197e+00
  -1.03496993e+00
   1.09150033e+00
  -1.58697627e+00
   1.25543504e+00
  -2.04003805e+00
   8.52619575e-01
   9.89263102e-02
  -9.67273752e-01
  -2.13953066e-01
   6.22177735e-02
   3.72476615e-01
  -7.00232947e-01
  -1.13044602e-01
  -2.08935002e+00
  -2.15910924e-02
  -9.10784197e-01
  -7.87590473e-02
   3.64565697e-01
  -2.18327156e+00
  -4.07408798e-01
  -1.09657750e+00
   1.17651659e+00
  -3.86982749e-04
   6.95160527e-01
   2.95905030e-01
   1.78544108e-01
   3.61319221e-01
   1.35959618e+00
  -7.39767657e-01
  -7.56508914e-01
   2.36506752e-01
   7.60750837e-01
   1.92756493e+00
  -6.73600344e-01
   1.09290225e-01
   4.16255047e-01
  -2.77348957e-01
   1.03392169e+00
   9.78718619e-01
   1.22582266e+00
   9.94968258e-01
   2.48430332e-01
  -7.45708887e-01
  -3.35237499e-01
   9.39999122e-01
  -9.92801382e-01
  -1.26273899e+00
   1.16235260e+00
   7.41942127e-01
   5.85167363e-01
   5.27451573e-01
   2.64363247e-01
   2.73412942e+00
  -1.87355188e-01
  -6.40808230e-01
  -1.02758373e-01
   1.38724064e+00
   8.14234240e-01
   1.95615718e+00
   3.60844107e-01
  -2.10589048e+00
  -1.28399451e+00
   1.40267859e-01
   7.74650501e-01
   3.49991112e-01
   6.45975795e-01
  -8.31293172e-01
  -1.65540032e+00
  -8.95082485e-01
   1.64599077e+00
  -4.71870629e-01
  -9.28666665e-02
  -2.52161336e-01
  -1.34739149e+00
  -9.87058896e-02
   7.05287602e-01
   1.52374884e-01
   1.49059027e-01
  -8.09234778e-01
  -3.26452583e-01
   5.45563296e-01
  -8.99615999e-01
  -1.58899777e-01
   8.03422700e-01
   3.73102995e-01
   8.18487005e-01
  -1.40256525e+00
  -2.55520544e-01
   3.85083781e-01
  -4.96480489e-01
  -7.28535552e-01
   1.93003943e+00
   1.33197372e+00
  -1.65131992e+00
  -1.30806303e+00
   4.19278778e-01
   9.54524391e-01
  -1.63035242e-01
   1.16949477e+00
  -1.36855166e+00
  -1.61227913e-02
   1.21555937e+00
   2.51641202e-01
   2.38796196e-01
   4.94234438e-01
   1.19253556e+00
  -6.83311543e-01
  -1.58040922e-01
  -1.04598329e+00
   1.76726387e+00
  -2.14878829e-01
  -1.38375590e+00
  -1.66973702e-01
  -1.18331422e+00
  -5.06706220e-01
  -1.49990003e+00
  -4.71807303e-01
  -3.19426620e-01
   1.02988480e+00
  -1.39472061e+00
  -4.42330907e-03
  -3.93445292e-01
   2.31009370e-01
  -1.53198655e+00
  -1.24097159e+00
   7.80665715e-01
  -3.99281543e-01
  -1.60406661e+00
   2.36483584e-01
   1.05557830e+00
  -7.93800310e-01
  -1.31076120e+00
   3.87219971e-01
  -1.75900884e+00
   9.59004944e-01
  -1.83865344e+00
  -1.04505521e-01
  -1.75159682e+00
   1.47682244e+00
   4.94338075e-01
  -1.64113960e-01
   1.40268806e+00
   5.35445181e-01
   3.50900333e-01
   6.40687549e-01
   1.52356866e+00
  -1.48774400e-01
   4.50728401e-01
   3.68973179e-03
   9.90476136e-01
  -2.25251256e-01
  -4.19785846e-01
  -3.17218451e-01
  -8.00147171e-01
  -4.97960023e-01
   5.09585367e-01
  -1.34271795e+00
  -7.49876497e-01
   5.41535518e-01
  -1.55610312e-01
   7.15322020e-02
   5.99666470e-01
  -2.10526111e-02
   1.07092658e+00
  -8.54931999e-01
  -1.65282753e+00
   2.03454849e-01
  -1.46389815e+00
   1.23617312e-01
  -4.87523958e-01
  -3.68181012e-01
   1.13293463e+00
  -1.89096584e+00
  -8.51483869e-01
   6.29519748e-01
   4.20415588e-01
   8.14132196e-01
  -1.13227467e+00
  -1.57359982e+00
   6.76314775e-01
   1.59260251e-02
  -9.42767123e-01
  -9.92350605e-02
   1.78534459e+00
  -4.04187693e-01
   1.10758923e+00
  -1.14421461e+00
  -1.74561936e+00
   1.70396498e-01
  -1.34710262e+00
  -1.67486388e-02
  -2.35627809e+00
  -1.86763427e-01
   1.34932853e-01
  -5.71398019e-01
   1.11326351e+00
  -2.96705902e-01
  -4.02373486e-01
  -1.25116975e+00
   1.41597684e+00
   4.10322398e-01
   1.73495550e+00
   1.56525246e+00
  -3.43042842e-01
   2.24131784e+00
   1.97399446e-01
  -4.63438847e-01
  -8.32073410e-01
   1.73084211e-01
  -4.30104109e-01
  -5.12051096e-01
   2.36760774e+00
  -8.48894444e-01
  -7.71984553e-01
   1.10595700e+00
   9.17725757e-02
  -6.45067727e-01
   2.89389711e-01
   5.19537859e-01
   1.47795009e+00
  -9.81089645e-01
   9.96977587e-01
  -1.20760632e+00
  -3.17667375e-01
   6.71908345e-01
  -3.45731501e-01
   1.48249687e+00
   1.47493664e+00
  -3.70599177e-01
  -2.77043675e-01
   2.21871216e+00
  -7.51307787e-01
  -4.25200063e-01
  -3.89085928e-01
  -5.24833980e-01
   1.03033419e+00
  -1.17453745e-02
  -1.96598562e-01
  -1.66976319e-01
  -7.54641113e-01
  -1.86989263e+00
   2.02416766e-01
   5.47242582e-01
   3.49026358e-01
   5.52262567e-01
  -2.96683383e-02
   1.20855931e+00
   1.09938963e+00
  -5.73667872e-01
  -1.83806484e+00
   1.15276244e+00
   6.82595218e-02
  -1.18293567e+00
  -1.05965116e+00
  -1.27447554e-01
  -7.43453014e-01
   1.30018637e+00
   1.28940828e+00
   7.53347425e-01
  -8.78802720e-01
   1.00773904e-01
  -1.88248395e-01
  -2.21252685e+00
   7.65180425e-01
   1.33033126e-01
   1.05583629e+00
  -1.49914231e+00
  -1.05543413e-01
   1.19738154e+00
   6.70057223e-02
   5.42830758e-01
   1.37857166e+00
   5.52299105e-01
  -2.80952168e-01
   9.10507191e-02
   5.43537803e-01
  -1.38328714e-01
   4.95898222e-01
   6.19495941e-01
   1.86838608e+00
  -9.30397259e-01
  -3.23512788e-01
   8.46696536e-01
  -6.14165403e-01
   6.73573166e-01
  -4.48561257e-01
   4.57710021e-02
  -5.59238445e-01
   7.35904695e-01
   1.21567165e+00
  -1.50150627e+00
   5.20109135e-01
  -1.60183709e-01
  -1.86266788e+00
   6.57583257e-01
  -2.26323265e-01
  -4.32270886e-01
  -4.54535006e-01
   4.94527336e-01
  -2.16657192e-01
   9.22969466e-01
   7.66579898e-01
   7.31826606e-01
  -1.50202826e+00
   2.23061622e+00
   1.86337894e+00
   2.10849636e-01
   1.12299001e+00
  -6.85142788e-01
   2.00807821e-01
   9.27336490e-01
  -1.30377276e+00
  -7.91919465e-01
   9.84466711e-01
  -4.75410348e-01
  -2.68095782e-01
   8.02421386e-01
  -1.64998458e+00
   2.50747181e+00
   4.82420641e-01
   1.33304913e-01
  -5.97962778e-01
  -9.87471607e-01
  -3.16533811e-01
   1.41362969e-01
  -1.09413923e+00
  -1.14899391e+00
   1.62184395e+00
   1.12219316e+00
  -2.67560435e-01
  -1.37263308e-01
   3.05647331e-01
   1.52408159e+00
  -2.09591089e+00
  -5.32489487e-01
   1.13508487e+00
  -3.88908138e-01
   9.27888660e-01
  -3.09524057e-01
  -1.15058020e+00
  -1.78130856e-01
  -7.84343242e-01
  -1.72552891e+00
   1.22124531e+00
   8.43477168e-01
   7.12081853e-01
   1.04137445e+00
  -2.46877737e-01
  -2.65115679e-01
  -1.33856773e-01
  -1.25416530e+00
  -1.57222395e+00
  -5.29328659e-01
  -4.50773369e-01
   4.57160836e-02
   6.15548691e-01
  -1.46224414e+00
   5.13854737e-01
  -2.71800955e-01
  -7.73515649e-05
   1.17895430e+00
  -2.58690782e-01
   1.32328342e+00
  -7.84056610e-02
  -2.50892249e-01
  -5.36889470e-01
  -2.62266979e-01
   5.26596802e-01
  -2.09718121e-01
   1.04193950e+00
  -5.06195665e-01
  -9.31301838e-01
   3.18155522e-01
  -6.97829160e-02
  -2.10807581e+00
   7.23053042e-02
  -5.39544307e-01
   1.49820372e+00
   1.17355155e+00
  -5.40972467e-01
  -1.21249645e+00
  -6.36473511e-02
   2.91059572e-01
  -6.72731599e-01
  -7.75338335e-01
   2.36115911e+00
  -1.13498337e+00
  -1.76394027e+00
  -7.19549119e-03
  -1.32277860e+00
   9.12151488e-01
  -3.86445151e-01
  -1.05913233e+00
  -1.06914225e-01
   2.38483311e-01
   7.26623713e-01
  -1.67799976e-01
  -7.01985712e-03
   6.27057997e-01
  -2.43493332e+00
  -9.93941201e-01
   1.70039052e+00
   8.81565808e-02
  -9.02901616e-01
   1.82643394e+00
   1.25184664e+00
  -3.31251396e-01
   4.15686487e-01
   1.71914647e-01
  -5.24271547e-01
  -2.86533371e-01
   1.64003872e+00
  -5.84989092e-01
  -9.86341547e-01
  -2.12110089e-01
  -5.79280129e-01
   3.41255506e-01
   9.29387542e-01
   1.74396218e+00
  -1.93335607e-01
   3.45839718e-01
  -1.57479670e-01
   9.86305475e-01
   3.41971708e-01
   1.68867747e+00
  -4.38303987e-01
  -1.69472857e-01
   4.30167904e-01
   3.95856790e-01
   1.96916462e-01
  -4.71715062e-01
   1.90903215e-01
   6.44639235e-02
   2.08438596e+00
   2.24332619e+00
  -1.82039032e-01
  -5.07101298e-01
  -1.02385062e+00
   1.02054484e+00
   3.83500532e-01
   1.01741305e-01
   2.16357081e+00
   7.82868892e-01
  -1.09028908e+00
   1.12530661e+00
  -1.41836809e+00
  -1.01979879e+00
  -1.19979975e+00
   1.58667095e-01
  -5.70180878e-01
  -1.06548133e+00
   3.99225140e-02
  -1.41808993e+00
   2.42637234e+00
   2.15012547e+00
  -1.27741267e+00
  -2.44135573e+00
   1.31701581e+00
   1.77805327e+00
  -4.62151904e-01
  -3.86443498e-01
   8.79797103e-01
   2.59763929e-01
  -1.07437477e+00
  -1.52918615e+00
  -6.86540544e-01
  -6.95000898e-01
  -1.97232765e-01
  -3.88207205e-01
   9.76098665e-01
   1.70145445e+00
   1.12964620e+00
  -1.06524380e+00
  -6.74127280e-01
  -8.15176681e-01
  -5.91265207e-01
   1.66235141e+00
  -1.62560485e+00
  -8.70796081e-01
  -1.98234635e+00
  -1.66363082e+00
   6.97284961e-01
   6.39706185e-01
   4.26865369e-01
  -2.46370412e-01
  -6.87358312e-01
  -9.31512994e-01
   1.01618110e+00
   3.91141488e-01
  -1.34053962e-01
  -1.62708273e+00
   4.89418775e-01
   5.01934087e-01
  -1.25216354e+00
   7.94010004e-01
  -1.78802557e+00
  -1.74448147e+00
  -5.94382240e-01
   6.21096149e-03
   1.14695255e+00
   5.97738126e-01
  -2.84218643e-01
   3.33136311e-01
  -1.32066265e+00
  -1.40247760e+00
   4.90044141e-01
  -8.54277382e-01
   1.01812675e+00
  -1.81975647e+00
  -4.78048573e-01
  -3.52382800e-01
  -3.40762741e-01
  -7.18160033e-01
  -3.70911785e-01
  -1.88583561e+00
  -9.57130315e-01
   3.03682614e-01
   6.53552723e-01
  -2.07438540e+00
  -1.99665222e-02
   8.07542385e-01
  -6.11048989e-01
   1.46270045e+00
  -8.79296154e-02
   1.88381328e-01
   4.73473072e-01
  -3.80788539e-01
   1.85950487e-01
  -8.73508901e-01
  -1.75467686e-01
  -1.74688655e+00
  -5.38666908e-01
  -3.99425052e-01
  -1.12350874e+00
  -1.70645607e-01
  -7.12593059e-01
  -6.53901643e-01
   9.56865167e-01
   5.96505243e-02
   3.41618311e-01
   1.50336591e+00
  -2.47637852e-01
   1.18479019e+00
  -6.73920158e-01
   7.91965267e-01
   7.02829842e-01
  -5.88270260e-01
   6.96413268e-01
   5.17622646e-01
  -1.12663553e+00
  -5.21847026e-01
   5.21845649e-02
   5.49249078e-01
  -4.95712921e-01
   4.67463318e-01
   1.08052864e-01
   1.22438338e+00
   5.11401410e-01
  -5.01134871e-01
   6.80720676e-01
  -1.62365629e-01
  -5.92201690e-02
  -9.46671127e-01
   5.92384987e-02
   4.21195061e-01
   1.34997745e+00
   2.22987044e-01
  -5.15581129e-01
  -1.99839000e+00
   2.11811989e-01
  -5.25192004e-01
  -6.28767817e-01
  -9.48818786e-01
  -3.15937400e-01
  -1.12605321e+00
  -5.16523473e-01
  -1.15857261e+00
  -8.72712969e-01
   6.52249506e-02
   7.05772140e-01
   9.99861207e-03
   2.86820919e-01
  -3.62639346e-01
   1.39484404e-01
   1.53504009e+00
   5.11246774e-01
  -6.16817250e-01
   6.49315452e-01
  -8.78009774e-01
  -1.17818986e+00
   5.93187717e-01
  -5.50426536e-01
   3.18385954e-01
  -1.62927587e+00
   1.63821292e+00
  -1.07394797e-01
   1.57029668e-01
  -6.14991818e-01
   2.03115437e+00
  -6.07113971e-01
   2.97501857e-01
  -7.08798375e-01
  -6.96427976e-01
   2.13419173e-01
   2.53860314e-01
  -4.76652559e-02
  -9.26364211e-01
   5.08902836e-01
   5.69621935e-01
  -1.10240778e+00
   2.24409055e+00
   5.93130990e-01
   9.81266394e-01
  -7.76866073e-01
   1.98158486e-01
  -5.23176505e-01
  -3.28261551e+00
   1.55602314e+00
  -1.54740099e-01
   2.83619376e-01
  -1.46736321e+00
   8.00225478e-01
  -1.38428308e+00
  -9.57800094e-01
  -8.92429779e-01
  -6.56317220e-01
  -1.06217788e+00
   5.31709533e-01
  -9.99067074e-01
   1.87317307e-01
  -2.86068162e+00
  -7.48198319e-01
  -8.12081486e-01
  -5.49350277e-01
   4.44257142e-03
   8.19926500e-01
   3.88212682e-01
   2.35937217e+00
  -5.30955999e-01
  -5.61341578e-01
  -6.80410089e-01
   2.39604646e-01
   1.00534967e+00
  -1.95415288e+00
   3.38407435e-01
  -3.78843915e-03
   1.69662015e-01
   9.39716647e-01
  -1.22279382e+00
   8.72388139e-01
  -1.11279723e+00
   1.85414104e+00
  -1.65951884e-01
   1.10127497e+00
  -7.39667659e-01
   1.32778259e+00
   6.46992368e-01
  -1.90719838e+00
  -3.13669538e-01
  -1.19166317e+00
  -3.52438665e-01
   2.63883891e-01
  -2.20571922e+00
   4.13464740e-01
   9.25131764e-01
  -9.97107212e-01
   3.27181136e-01
   6.72417325e-01
  -9.15515374e-01
   1.47511241e+00
   8.04426609e-02
  -1.61682682e+00
   1.09660669e+00
   1.21532930e-01
   1.68838461e+00
  -1.14035275e+00
  -7.49933693e-01
   7.86905629e-01
   4.37344690e-02
   1.84047412e+00
  -1.43579256e+00
   4.68012127e-02
  -1.70476042e-01
  -1.59795736e-01
  -1.89911714e-01
   7.41039491e-01
  -1.50712388e+00
   1.07815208e+00
  -7.74080330e-01
  -6.88432904e-01
  -7.36221001e-02
  -1.85774588e+00
  -3.33136656e-01
  -1.53056461e+00
   3.52558716e-01
  -1.45161699e+00
  -1.52780276e-01
  -7.57000735e-01
  -2.67492005e-01
  -1.21737796e+00
   8.44225380e-02
   4.45266454e-01
  -1.02959534e+00
  -3.72243770e-01
  -2.07110290e-01
   9.74736579e-02
  -1.92698675e+00
  -5.82442195e-01
  -5.08963823e-01
   3.31615927e-01
   1.35253720e+00
  -1.49014572e+00
  -1.16472225e+00
   1.10804789e+00
  -8.22870347e-04
  -1.49064333e+00
   5.78793629e-01
  -1.06465810e+00
   2.05118604e-02
   3.48290172e-01
   1.65404383e+00
   5.74505538e-01
  -2.86395210e-01
   1.97179342e+00
   6.84514850e-02
   2.18131757e-01
  -1.00429287e+00
  -5.36544054e-01
  -8.83414216e-01
  -1.31929546e-01
   6.21567050e-01
   1.97002533e+00
   6.86431725e-01
  -7.03359002e-01
  -1.01974974e+00
  -1.33254141e+00
   3.45286477e-01
  -5.05244319e-01
   1.29072327e+00
  -6.89045118e-01
  -2.31994418e+00
   5.25983252e-01
   7.89660978e-01
  -6.36924574e-01
  -1.16789823e+00
  -1.04207172e+00
  -3.52085192e-01
   7.11548332e-01
  -1.38378627e+00
   9.91760475e-01
   1.37843273e+00
  -2.56083976e+00
  -1.22042533e+00
   2.93372866e-01
   4.18604032e-01
  -1.22179242e+00
   4.26143300e-01
  -3.23723588e-01
   1.20370296e+00
   1.22163434e-01
   2.17414896e+00
  -6.00251350e-01
   7.29070736e-01
   1.21979564e-01
  -8.88705887e-01
  -9.54767384e-01
   9.36967495e-02
  -4.04695157e-02
   7.28441539e-01
  -1.41428260e+00
   1.60071940e+00
   2.33382590e-01
  -1.31194609e+00
  -9.09322303e-01
  -1.49936921e-01
   1.34808513e+00
  -2.47988940e-01
   1.46711794e-01
   1.87026360e+00
  -1.80154969e-01
  -2.01691606e+00
   7.57909669e-01
   1.50507554e+00
   2.14865074e-01
   1.22253648e-01
  -3.25062686e-02
  -7.84096651e-01
  -1.21419133e+00
  -2.46773242e+00
  -9.08687268e-01
  -1.07013694e+00
  -9.30578954e-02
   1.03460999e+00
  -7.49463651e-02
   5.47039413e-01
  -6.86548169e-02
   2.35024680e-01
  -1.00463118e-02
  -9.14491996e-01
  -1.27606886e+00
   9.04239272e-01
   3.28493405e-02
  -4.73868238e-01
   1.24129160e+00
  -9.61424334e-01
   2.33148623e-01
   1.56301439e+00
   7.63496427e-01
   6.11278950e-01
   3.41638266e-02
   4.60865864e-01
  -1.95277173e-01
   2.19531148e+00
  -8.66553189e-03
   1.81240495e+00
  -1.27807584e+00
  -1.06651592e+00
  -2.84363597e-01
   8.12276891e-01
   1.04652874e+00
  -4.35954924e-01
   3.67628469e-01
   3.23914866e-01
   7.34272811e-01
   5.92762386e-01
  -9.95083135e-01
   1.87519691e+00
  -1.73212294e+00
  -6.66994113e-01
  -3.87706057e-01
   7.71770799e-01
   2.19683316e-01
   6.34348547e-01
  -1.67213065e+00
  -5.00151731e-01
   4.76294096e-01
  -1.73024901e-01
  -1.40165253e-01
   6.52799968e-02
   5.98898443e-02
   1.66443732e-01
  -8.60471609e-01
  -2.21961361e+00
   2.97629396e-01
  -8.16658012e-01
  -1.36738846e+00
  -2.29634996e+00
   1.12250111e-01
   1.71621420e+00
   9.16201865e-02
  -1.05228447e+00
   1.89364540e+00
   7.02767105e-01
   4.25473214e-01
  -2.16566793e+00
  -3.84823664e-01
  -1.61401026e+00
   6.65618139e-01
  -6.96255696e-01
   2.42334531e-01
  -9.01562237e-01
  -1.11261682e+00
  -1.32760806e+00
  -6.54406032e-01
  -1.19149874e+00
  -9.60858171e-01
   2.51600907e-01
  -1.23147338e+00
   4.72097804e-01
  -1.16158961e+00
  -3.49803007e+00
  -9.21785269e-01
  -1.29603610e+00
  -1.62910155e-01
  -2.07783824e+00
  -1.67183527e+00
  -8.80632797e-01
   8.50972023e-01
   4.43765903e-01
  -3.40464345e-01
   1.71914336e+00
   5.45548286e-01
  -9.21723183e-01
  -3.93628932e-01
   7.36760983e-01
   1.58504448e+00
  -2.00480572e-01
  -3.56987140e-01
  -7.52202882e-01
   2.98333244e-01
  -4.15018301e-01
  -6.48145077e-01
   6.51075806e-01
  -1.28718797e+00
   1.62671199e+00
  -1.72514134e+00
  -1.70065690e+00
  -7.29475687e-01
   6.45739891e-01
  -9.30692116e-01
   6.96807899e-01
   7.45610089e-02
   5.30892407e-01
  -8.47546194e-01
  -1.01371473e+00
   6.55830262e-01
  -4.59992083e-02
   1.31836199e+00
   4.69557698e-01
   8.42612792e-01
  -5.47257509e-01
  -8.36692674e-01
  -1.20285875e+00
   7.44640416e-01
  -1.46751954e+00
   3.12223339e-01
   1.31128647e-01
  -5.55121463e-01
  -9.77652056e-01
  -4.99521782e-01
  -7.35460913e-01
  -6.89943238e-01
  -1.13499439e-01
  -6.80330067e-01
  -2.80685266e-01
  -2.14694798e-01
  -7.89877720e-01
  -1.83055549e-01
   2.26023283e+00
   2.57702669e-01
   8.45082988e-01
   8.10562542e-02
   8.01080878e-01
   6.15332397e-01
  -1.11951811e+00
  -5.01925988e-01
  -1.37898645e+00
   8.73223532e-01
  -3.48074110e-01
   4.41515881e-01
  -5.11535029e-01
  -9.97443166e-01
   2.80103485e+00
  -2.98005182e-01
  -8.08717726e-01
   3.87583939e-01
  -2.03049963e+00
  -1.00372048e+00
   2.57190025e-01
  -6.70172009e-01
   1.54024106e+00
  -4.39803282e-02
   6.34855502e-01
   9.42299777e-01
   1.79624714e-01
   7.85691716e-01
  -1.14084055e+00
  -5.53895003e-01
   1.62066804e-01
   6.69676244e-01
   5.30154309e-02
  -6.05955730e-01
   9.11548363e-01
  -3.71343182e-01
  -1.14553128e-01
   1.05664227e+00
  -1.17647258e+00
   1.50787914e+00
  -1.19173865e+00
  -2.17494910e+00
  -6.99787935e-01
   7.47012988e-01
   1.04797203e+00
   5.47550757e-01
   1.80824486e+00
  -1.13226055e+00
  -1.00744790e+00
   6.36436932e-02
  -5.39946703e-01
   1.10824661e+00
  -9.35312929e-01
  -3.14450666e-01
  -2.40039204e-01
  -5.08631273e-01
   2.45263408e-01
  -5.54117711e-01
  -1.98386683e+00
   2.06125152e+00
  -1.99652001e+00
  -4.50818544e-01
   2.05371588e-01
   5.53803503e-01
   4.07420555e-01
  -2.31338855e-01
   3.11744310e-01
   5.97080819e-01
  -1.13313228e+00
  -1.50958479e+00
  -7.61823044e-01
   1.59903937e+00
   8.08414812e-01
  -2.50466653e+00
  -1.09063647e+00
   1.63505887e-01
   9.61635314e-01
   1.16064696e+00
   2.32277718e-01
  -1.11042451e+00
  -2.48728546e+00
  -7.31959505e-01
   6.87625935e-01
   8.41974108e-01
  -1.30796586e-01
  -2.94003557e-01
  -3.24502193e-01
   2.11823445e-01
  -7.96485847e-02
  -6.29829131e-01
  -4.34711583e-01
   1.31156790e+00
  -4.19574856e-01
   2.34391648e-01
  -9.00972200e-01
  -8.74753555e-01
   6.71317549e-01
  -1.59398808e+00
   7.67031163e-01
  -4.25684604e-01
   8.58934674e-01
  -8.19224044e-01
  -6.35878638e-01
   3.54180575e-01
   3.08292232e-01
   4.11964069e-01
   7.20797710e-01
   1.03960890e+00
   1.27593109e+00
   1.60422819e-02
  -2.45696020e-01
   8.78109701e-01
   6.44756390e-01
  -3.82644535e-01
  -1.13954283e+00
   9.86771810e-01
  -5.70043225e-01
   2.97865931e-01
   1.36633542e+00
  -7.19907930e-01
   2.21706744e-01
  -6.19152984e-01
   6.40993784e-01
   4.18668388e-01
   2.98908304e-01
  -9.78365144e-01
