  1.56482663e+00
  5.31238022e-01
  1.41258972e-01
  7.58826477e-01
 -8.61607587e-01
 -3.58625768e-01
  9.10597985e-01
 -1.78680651e-01
 -1.08145004e-02
 -9.89373595e-02
 -3.55897252e-01
 -4.01475026e-01
  2.91679760e-01
 -3.45775441e-01
 -1.19903893e+00
  7.65149573e-01
 -9.88372451e-01
 -1.16683372e+00
  6.58371811e-01
 -1.36925381e+00
 -4.14253034e-01
  6.98053282e-01
  9.18076535e-01
  2.94767388e+00
 -3.75722859e-01
  8.21834467e-01
 -5.69932391e-01
 -5.49520553e-01
 -1.08067493e-02
  8.53954292e-02
  1.01888973e+00
  1.79041858e+00
  7.57749816e-01
 -8.43445937e-01
 -7.29983075e-01
 -8.67485360e-01
 -6.15864387e-01
 -3.31901102e-01
  1.44488755e+00
 -6.74058231e-01
 -5.46333768e-02
 -1.04976260e+00
  7.40126449e-01
 -5.83866720e-01
  9.64491829e-01
 -4.56258046e-01
 -1.53313161e-01
  1.25164828e+00
 -1.29913214e+00
 -1.12998410e+00
 -1.44189677e-01
 -7.37052108e-03
 -8.19884179e-01
 -1.53715720e-01
 -2.45226914e-01
  1.42974409e+00
  1.05702153e+00
  9.99918435e-02
  5.01524922e-01
 -5.26730297e-01
  1.26210257e+00
  2.75277253e-01
  1.50212057e+00
  3.97827438e-01
 -5.50319936e-01
 -6.94589158e-01
  1.57826425e+00
 -4.02660626e-01
  1.28892239e+00
  6.12540499e-01
  1.39525929e+00
 -5.49254927e-01
  2.07935452e+00
 -1.14087098e+00
 -9.82998123e-02
 -9.21826258e-01
  1.19352427e+00
  7.16396876e-01
 -7.74405343e-01
 -8.42552869e-01
 -1.67438414e-01
 -1.26833487e+00
  2.60438653e+00
 -3.36082887e-01
 -5.65073315e-01
 -1.60996343e+00
 -1.17559643e+00
 -1.24421135e+00
  1.80207307e-01
  3.94048520e-01
  1.78857071e-03
 -1.50370424e+00
  1.84333409e-01
 -1.58969293e+00
 -1.32810433e+00
  4.48674355e-01
  2.16789944e-01
 -7.70691173e-01
  4.97996624e-01
  2.14267379e+00
  6.80042807e-01
  4.41682730e-01
  1.99189753e+00
  3.17418713e-01
  9.55453978e-01
 -3.44474696e-02
 -1.15748116e+00
  1.09731663e+00
 -1.05063471e+00
 -8.23871255e-01
 -9.23316475e-01
 -1.52688259e+00
  9.81491774e-01
 -7.62738999e-02
  4.69477276e-01
  3.52890802e-02
  1.18738964e+00
  1.08324313e+00
  9.16333681e-01
 -1.11276215e+00
  4.84840262e-02
 -9.36646841e-02
 -1.69412996e+00
  2.66712295e-01
 -1.30820432e+00
 -7.91431901e-01
  1.32163100e+00
  6.24992698e-01
 -4.60801596e-01
 -4.15142611e-01
 -1.10687357e+00
  1.47561509e+00
  9.65221880e-02
 -1.07931268e+00
 -4.90919278e-02
  4.86206952e-01
 -1.89848236e-01
 -4.62560275e-01
  1.22123238e+00
  7.85339904e-01
  1.12918850e+00
 -5.40011033e-01
 -6.55366280e-01
  4.80669746e-01
  1.29417477e+00
 -1.77589936e+00
  4.35270817e-01
 -4.26906889e-01
  1.07873601e+00
 -1.83878251e+00
  6.15068693e-01
 -6.06243411e-01
  7.77519513e-01
  1.25152619e-02
  5.05602273e-01
 -6.50202833e-01
 -3.20690891e-01
  3.99983749e-01
 -2.22959112e-02
  6.36090860e-01
 -3.01187513e-01
  5.32149430e-01
 -1.82962198e+00
  1.88035029e+00
  3.63346410e-01
 -9.45606432e-01
  5.08612720e-01
 -8.96920238e-01
 -9.79432522e-01
  1.19082627e+00
 -7.58569960e-01
  1.31082841e+00
 -5.32337760e-01
  3.63444199e-01
  1.56928153e+00
 -1.31563412e+00
  2.20335449e-01
  2.06395502e+00
  2.21007136e-01
  1.57105312e+00
 -1.36951383e+00
 -4.61467040e-02
 -5.24685402e-01
 -5.09076796e-01
 -8.57305958e-02
 -3.77324542e-02
 -2.95915759e-01
  4.11132751e-01
 -1.34589325e+00
  2.30991939e-01
  9.29761565e-01
 -5.87154161e-01
 -1.02434294e+00
  3.55404487e-01
 -1.42821874e+00
 -1.35912944e+00
  2.75658301e-01
 -7.03026775e-03
 -7.49114896e-02
  7.09596743e-01
  7.77894701e-01
 -1.04393258e-01
  2.52726839e+00
 -3.27824383e-01
 -7.12359547e-01
 -2.53125857e-01
  1.29685577e+00
  1.05128646e+00
 -2.44288069e+00
 -2.20619726e+00
  1.96503913e-01
  1.06734036e+00
  7.78276014e-03
 -7.02590871e-01
 -2.00498437e+00
 -4.85222277e-01
 -4.58817944e-01
 -2.20742431e+00
 -6.39224399e-01
 -6.32224129e-01
 -7.02609544e-01
  3.99294147e-01
  5.63775980e-01
  1.21024475e+00
  1.70833276e+00
 -6.11200565e-01
  2.16620255e-01
 -7.47298929e-01
  1.00019033e+00
 -6.08771054e-01
 -2.24507351e-01
  3.18842097e-02
  1.48958230e+00
  9.30587116e-01
 -1.70281376e+00
  8.95931023e-02
  1.17384898e-01
  7.92271189e-01
  5.78229427e-01
 -1.00586037e+00
  1.12277102e+00
 -8.96244389e-01
 -2.28467661e-03
 -8.15200031e-02
  1.72034577e+00
 -2.06712778e+00
 -1.94641800e+00
 -1.15738184e+00
  1.76435323e+00
 -6.35477908e-01
  5.68726362e-01
  4.07711249e-01
 -1.45007099e+00
 -6.31288146e-01
 -6.16804756e-01
 -1.12661535e+00
  2.07038377e-01
 -1.30953920e+00
 -1.30865210e+00
 -4.27631398e-01
  1.38176710e-01
 -1.03061002e+00
 -2.92373971e+00
  6.73130346e-01
 -3.10262318e-01
  1.09278970e+00
  8.93326029e-01
 -1.10153270e-01
  1.22750791e+00
  1.09593152e+00
 -8.60326567e-01
  8.34971622e-02
  1.89471018e+00
 -4.54372387e-01
  2.44691762e-01
 -1.23414725e+00
 -5.81277815e-02
 -3.52464436e-01
 -6.17997894e-01
  9.14503506e-01
 -1.24192974e+00
 -6.66101063e-01
 -2.13965928e+00
 -9.98662687e-01
  2.04960246e-01
  1.27742053e+00
 -6.86953800e-01
 -2.29821186e+00
 -2.13187051e+00
 -4.68269792e-01
  1.81357814e-02
 -5.74423298e-01
  1.35499132e+00
 -9.36971114e-01
  2.09609126e+00
 -9.98439137e-01
  5.02242444e-01
 -5.91961697e-01
  7.25626607e-01
 -1.17334361e+00
  1.39461234e+00
  1.60744646e+00
  7.79486365e-01
 -6.86437932e-01
  5.44608489e-01
 -2.45258406e+00
  2.44507425e+00
 -1.88740624e+00
 -4.35899893e-02
 -7.50741101e-01
  1.16027771e-01
 -1.45573566e+00
  3.74465332e-01
 -1.88386251e+00
  1.23095639e+00
  4.79191703e-01
 -3.39726153e-02
  2.63154818e-01
 -9.80375631e-01
 -2.36640216e+00
  4.82905641e-01
  1.62322383e+00
 -1.13750147e+00
 -5.32648377e-01
 -3.76330504e-01
  5.50455922e-01
  3.12277640e-02
  1.07979782e+00
 -9.97375503e-02
  2.03967395e-01
  1.52642313e+00
  3.79081119e-01
 -1.05855703e+00
 -4.30873162e-01
 -6.31465953e-01
  1.33056830e-01
  8.59196736e-01
 -1.29230730e+00
  4.92373193e-01
 -2.36415876e-01
 -1.30714925e-01
 -1.37513744e+00
  2.51143926e-01
  4.85595314e-01
  7.78802369e-01
 -5.68256116e-01
 -4.73841523e-01
  6.03102921e-02
  1.36697624e+00
 -8.41696009e-02
  5.92697720e-01
 -5.81627432e-01
  2.03601300e+00
  6.66300412e-01
 -8.59764344e-01
  7.37996511e-01
  8.20465977e-01
  6.94534428e-01
 -6.26823506e-01
  8.20217726e-01
  1.02603096e+00
 -1.16568473e+00
  5.60734198e-01
 -7.33221240e-01
  3.89414879e-02
 -2.13497641e+00
  6.74658493e-01
  7.08725071e-01
  2.12870316e-01
 -6.01864714e-01
 -8.79001644e-02
 -3.50202133e-01
 -4.80882506e-01
 -4.77902761e-02
  1.56819191e+00
 -1.74073845e-01
 -5.69398861e-01
  5.10028090e-01
  1.16334673e+00
  1.09162349e-01
 -3.88440319e-01
 -6.51326693e-01
  1.31169364e+00
  1.33558391e+00
 -3.04807704e-01
 -2.37982227e-01
 -2.57378422e-01
  9.43128889e-01
 -1.31259555e+00
  7.08929317e-01
  2.29777449e-01
  2.52514283e-01
 -8.00189888e-01
  3.25231067e-01
 -7.14470585e-01
 -1.72321214e+00
  2.31787908e-01
 -9.60170770e-01
  1.33067531e+00
 -8.00979517e-01
 -2.07742894e+00
 -4.50114581e-01
 -7.91321070e-01
  5.32167988e-01
 -7.96927635e-01
 -4.07095000e-01
  5.49727356e-01
  1.00228189e-02
  1.22746863e+00
  2.38985559e+00
  3.47863787e-01
 -1.10134622e+00
 -1.02699070e+00
 -1.92355028e+00
 -5.16421068e-01
 -1.38787203e+00
 -7.85925071e-01
  1.34318356e+00
 -1.49525436e+00
 -6.13095552e-01
  1.20773556e+00
 -1.87399901e-01
  5.93191936e-01
 -3.15460393e-02
 -1.72774682e-01
  1.67239118e+00
 -1.24960655e+00
 -1.07472979e+00
  6.33853397e-01
 -8.16844117e-02
 -1.30867099e-03
 -4.76775838e-01
 -1.54835343e+00
 -8.07394483e-01
 -1.41294726e-01
  1.20757137e-02
  6.49305527e-01
  5.33972578e-01
  1.50667027e+00
  2.93439713e-01
  1.99403669e-01
 -7.84219290e-02
  1.75627483e-01
  1.54621471e+00
  1.20537212e-02
 -1.60359623e-01
 -5.33671720e-01
 -1.02091148e-01
  9.08017067e-01
 -1.63389455e-01
 -4.80602333e-01
 -7.63634571e-01
  7.78734392e-01
 -7.89654762e-01
  8.35415638e-01
 -8.74689845e-02
 -2.10939859e+00
  4.53768126e-01
  2.21644407e-01
  3.73050769e-02
  5.71828475e-01
 -4.66158137e-01
 -3.46482284e-01
 -7.82659177e-01
 -4.52903972e-01
 -5.09585234e-01
 -1.13943030e+00
  1.63116630e+00
  6.01761434e-01
 -1.98663971e-01
  2.85439098e-01
  1.05085493e-01
  7.16852476e-01
  4.13033445e-01
 -2.82091410e-01
  1.02757344e+00
 -3.54998867e-01
 -6.29580834e-01
  1.61865963e+00
  1.25540688e+00
 -1.24182212e+00
 -1.16216976e-01
  1.66795782e-02
  2.33934510e-01
  1.73765323e+00
 -4.99476835e-01
  8.11998216e-01
  1.30276915e+00
  1.53725416e+00
 -5.68975216e-01
 -2.13019597e+00
 -1.96755169e-01
  1.03461600e+00
  7.98965060e-01
 -1.48984104e+00
  8.83616167e-01
 -9.62165154e-02
 -2.37145492e+00
  1.27015641e-01
  1.19133439e+00
 -3.71949201e-01
  8.39021543e-01
 -6.79770228e-01
 -1.32448328e+00
  8.77228449e-02
  1.16263837e+00
 -4.74726091e-01
  5.44822859e-01
  1.73883875e-01
 -6.66131505e-01
 -3.83701119e-01
  1.96821683e+00
 -1.58691068e+00
 -1.53164233e-01
 -2.14448465e+00
  6.90011467e-02
  2.00003028e+00
  1.59089336e+00
  6.14916820e-01
  1.17524181e+00
  7.33041717e-01
 -1.53761724e+00
 -2.51085452e-01
  6.67974019e-01
  3.40215640e-01
 -1.48528564e-02
  7.66901937e-01
  4.91235663e-02
  3.83124601e-01
 -2.12614974e-01
  6.55053184e-01
  6.10077244e-01
  1.14028721e+00
 -5.23353626e-01
 -1.22510785e-01
  1.15216085e+00
 -9.35531555e-01
 -6.25739979e-01
 -3.04836506e-01
  2.46837725e+00
  2.39183394e-01
 -1.12631335e+00
  1.60181506e+00
 -1.64517922e-01
  5.20519006e-01
  2.39715523e-01
 -7.63137749e-01
  5.18293967e-01
 -7.31138019e-01
 -1.47269136e+00
 -1.03374499e+00
  2.05855952e+00
 -1.47133437e-01
 -9.21797253e-01
  1.32304496e+00
 -1.28429922e+00
  4.02116372e-01
  3.27793771e-01
  1.48731161e-01
  1.25431984e-01
  4.57944816e-01
  1.80408355e-01
 -1.70125237e+00
  7.70840984e-01
  9.13737578e-01
 -6.92526053e-01
  4.07949169e-01
  5.63916212e-01
  8.14870327e-01
 -8.56790205e-02
  6.32913158e-01
  6.83312324e-01
  1.41819486e-01
  1.32920862e+00
 -4.73459163e-01
 -1.66188011e+00
  3.49893810e-01
  4.47620365e-01
 -1.11071103e+00
 -1.59305522e+00
 -9.64796001e-02
 -3.71746041e-01
  1.71788096e+00
 -6.82923480e-01
 -1.39792163e+00
 -1.54748821e-01
 -6.46441650e-01
 -1.77039227e-03
 -7.12432749e-01
 -3.10051384e-01
  8.62292453e-01
 -5.03795347e-01
 -2.35487471e+00
  7.65494279e-02
  3.37132593e-01
 -8.31695803e-01
 -6.46378486e-01
 -2.29713266e+00
 -5.34230530e-01
  1.18507975e+00
 -7.49194066e-01
 -5.88426389e-01
  1.17666390e+00
 -1.60945507e-01
  1.01268771e+00
  6.58949673e-02
 -4.33389327e-01
 -1.53852761e+00
 -3.82063035e-01
 -5.29504293e-01
 -2.75022575e-01
  4.72322991e-01
  1.06561175e+00
  1.20264035e+00
 -9.80463310e-01
  1.16512138e+00
 -8.56803183e-01
  9.57507054e-01
  6.33566959e-01
 -4.37598348e-01
 -1.06466733e+00
 -5.45611383e-01
  1.87483903e-01
  9.24878678e-01
 -2.67058417e-01
  2.04801595e+00
  1.35129804e+00
 -7.14287246e-01
  1.26257815e+00
 -1.76522156e-01
 -1.58326330e-01
  1.46179783e+00
  1.89067666e+00
  1.11559536e+00
  1.33818126e+00
 -1.26352402e+00
 -1.50102958e-01
 -2.54476918e+00
  8.35902657e-01
 -8.25721373e-01
 -1.58116307e-01
 -1.02915538e+00
  5.43641533e-01
 -3.68190553e-01
  8.54010566e-01
  1.41074278e+00
 -6.54371769e-02
  7.40055713e-01
  9.69220995e-02
 -2.11830257e-01
  1.31843870e+00
 -2.04193848e+00
 -7.80861863e-01
 -1.07116125e+00
 -1.47647844e+00
 -7.42347937e-01
  6.70909290e-01
 -3.12499483e-01
 -4.63716586e-01
 -5.28658164e-02
  7.63589276e-01
  1.42109002e-01
  1.39509189e-01
 -7.68457075e-01
 -3.05958861e+00
  9.34120050e-01
 -4.62805764e-01
  1.07907049e+00
 -1.39524839e+00
  1.05253193e+00
 -7.13793496e-01
  1.85253982e-01
 -5.62229086e-01
  8.62373315e-01
  8.58982656e-01
 -5.58875488e-01
 -2.31764381e+00
  7.58215640e-01
  1.61158302e+00
  2.09544598e+00
  1.38744331e+00
 -7.98803389e-01
  1.59525268e+00
  3.02715571e-01
  1.26335284e-01
 -1.01324400e+00
  8.04434631e-01
 -6.77982002e-01
 -3.60090394e-01
  4.26861345e-01
 -1.32622652e+00
  9.13007203e-01
  1.14964345e+00
  1.06808989e+00
  6.78421462e-01
  5.64918411e-01
 -1.01267022e-01
 -5.66338426e-01
  3.06098054e-01
  2.76026321e-01
 -7.28321388e-01
  1.70808085e+00
  1.55942147e-01
 -5.35495610e-01
  3.76557918e-01
  1.00243208e-01
  1.12231632e+00
 -1.16241525e+00
 -6.29309418e-01
  7.51818790e-01
  1.02101467e+00
  1.01623140e+00
  7.13347707e-01
  5.56966583e-01
  2.99409453e-01
  1.57694112e+00
 -1.10294722e+00
  2.09057888e+00
  3.74987400e-02
 -7.10797057e-01
 -1.98815896e-01
  6.91849472e-01
  5.93878601e-01
 -2.21447910e-01
  4.11710775e-01
  4.50372536e-01
 -5.24227311e-01
 -3.45831192e-01
  2.63893405e+00
 -8.53210038e-01
  5.34903298e-02
  7.92017445e-01
  8.58990930e-01
  2.05645873e+00
 -1.91243311e+00
  2.67505607e-01
  1.85389540e+00
  5.14527099e-01
  7.28048717e-01
  1.65478827e-01
 -1.54478292e+00
 -7.68926953e-01
 -1.35733385e-01
  1.90120861e-01
 -3.72628363e-01
 -3.28566158e-01
 -5.30135602e-01
  9.31764304e-01
 -6.83660192e-01
  1.95468897e+00
  6.07587575e-01
  6.39990856e-01
 -3.75852549e-01
  8.59281883e-01
  1.23074067e+00
 -3.36697911e-01
 -8.16707697e-01
 -7.66231281e-01
  1.39316164e+00
 -9.84885326e-01
  7.11183722e-01
  8.10665241e-02
 -7.13722200e-01
 -1.03453571e+00
  6.36372224e-01
  2.01879908e-01
  1.62880296e+00
 -1.25837590e+00
 -2.92307442e+00
  3.32370151e-01
  1.28571995e-01
  9.75506940e-01
 -7.51405571e-01
  5.87876167e-01
  2.17367784e+00
 -5.99171360e-01
 -3.42424493e-01
  3.55739312e-01
 -2.60642578e-02
 -2.50343764e-01
  2.08941638e-01
  3.01779478e-01
 -1.92336975e-01
 -7.34810311e-02
 -6.21888744e-01
  4.14204564e-01
 -4.07395569e-01
  6.64159400e-01
  2.97975693e-01
  7.25202873e-01
 -8.64654879e-01
  4.21825049e-01
 -7.92682880e-01
  1.57521546e+00
 -2.91088186e-01
  2.87844815e-01
 -6.73268890e-02
  1.20148405e-01
 -1.26891781e-01
 -1.87848956e-01
 -1.51411228e+00
  8.85565294e-01
 -8.67110568e-01
 -5.78984271e-01
  6.26042855e-01
 -9.21323608e-01
 -9.78031673e-01
 -6.55260825e-03
 -2.06893192e-01
  1.23367762e+00
 -1.70328327e-01
  2.09519404e+00
 -1.74363660e+00
  7.24259876e-01
  1.03533414e+00
 -4.86539610e-01
  1.50036624e+00
  2.82655375e-01
  2.71744289e+00
 -1.09310311e+00
 -7.57173346e-01
  1.29135453e+00
  5.66756782e-01
 -1.93071314e+00
 -7.45345018e-01
 -1.25012711e-01
  7.82557537e-01
  1.86100705e+00
  7.38192159e-01
 -2.75125250e-01
 -7.32962010e-01
  3.88737319e-01
  5.71160935e-02
  1.43785095e+00
  4.39424976e-01
 -2.98460762e-01
 -1.79079747e+00
  7.12953000e-01
 -2.65442182e-01
  3.39720021e-02
  2.42425187e-01
 -1.96509276e+00
  6.50477127e-01
 -8.13130741e-01
 -7.09972770e-01
 -1.20031586e+00
 -1.10890913e+00
 -1.96789801e+00
  5.95614634e-01
 -1.46027676e-01
 -1.34089534e+00
  4.39012108e-01
 -2.36268494e+00
  7.56694884e-01
  4.39385359e-01
  6.80899292e-01
  7.48357997e-01
 -1.36220797e+00
 -6.85500894e-01
  3.32245668e-01
  1.12890101e+00
  2.67224083e-01
 -5.78041015e-01
 -1.24697925e+00
  5.90950010e-02
  6.96162336e-02
  6.91019492e-01
  1.75597251e+00
  5.71952764e-01
  2.47369103e+00
  1.17383477e-02
  1.09592606e+00
 -2.21161931e-01
 -9.84169605e-01
 -8.24136458e-01
 -5.40168572e-01
 -7.76982488e-01
 -6.97617069e-02
  1.80196941e-01
 -2.75328322e-01
  6.43300813e-01
  6.34038558e-01
 -2.86641490e-01
 -1.05289295e-01
  1.03444759e+00
  3.34300869e-01
  7.69510351e-01
  5.62397610e-01
 -1.26114268e+00
  2.01123705e-01
 -5.41836534e-01
  6.26986279e-01
 -4.42533375e-02
 -1.45330734e+00
 -8.06080884e-01
 -4.97213211e-01
 -2.18331095e-01
 -1.22514117e+00
  1.71213037e-01
 -1.16328946e+00
 -1.43759941e+00
  7.39765290e-01
  9.89934692e-01
 -1.06875148e+00
 -9.81123217e-01
  1.24590172e+00
 -1.55884754e-01
 -1.79790951e-01
 -2.36697089e+00
  4.61021717e-01
  2.40064181e+00
  7.87278745e-01
 -3.11438666e+00
 -1.61509163e+00
  1.48581948e+00
 -8.61760559e-01
 -1.06569496e-01
 -3.56318287e-01
  7.94161479e-01
 -9.79309153e-01
 -2.03379603e-02
  2.49060069e-01
 -7.53216776e-01
 -3.14317613e-01
 -1.19430773e-01
  1.60131208e+00
 -1.53154441e-01
  1.55751194e+00
  1.69526412e+00
  1.41239036e+00
  1.51472017e+00
  7.93471939e-02
  6.50287137e-01
 -2.52459358e-01
  1.49594048e+00
 -1.68136569e-01
 -6.23147510e-01
 -2.75191173e-01
 -5.25998318e-01
  2.85528790e-01
  1.16183458e-01
  4.43673666e-01
  1.34036432e+00
  4.27200203e-01
 -6.32843822e-01
  4.80595737e-01
 -8.42218930e-01
  4.04373324e-01
  1.07297611e-01
  9.31301765e-01
  9.80986378e-01
  1.99666066e+00
  1.00190290e-01
  6.69183881e-01
 -6.73478371e-01
 -1.31205743e+00
  1.27047871e+00
 -1.67039073e-01
  1.89487179e+00
  2.11341848e-02
  1.55305951e-01
 -1.62909118e-01
 -3.51837860e-01
  5.97492447e-01
  8.96580920e-01
 -8.43893688e-02
 -4.14008396e-01
  4.82617508e-02
 -2.72105418e+00
  6.70321724e-01
 -1.47927069e+00
 -6.78385212e-01
  1.24361219e+00
  2.09226892e-01
  1.36962893e-01
  2.75565560e+00
 -6.90346214e-01
  6.90241003e-01
 -1.19420027e+00
  1.11155883e+00
  1.72402004e+00
  1.31933384e+00
 -6.39814237e-01
  1.34685268e+00
  7.19843163e-01
  9.10657098e-01
 -9.75005271e-01
  6.38968593e-01
 -2.54371933e+00
  7.50587270e-01
 -9.89008668e-01
  9.34976037e-02
  4.27153390e-02
 -1.92584499e+00
  8.19327910e-02
  5.38897991e-01
  1.72839130e-01
  9.49153577e-01
 -8.19312716e-01
 -1.37792353e+00
  1.06048555e+00
 -8.22636826e-01
 -1.06326994e+00
 -1.53970544e-01
  9.88452564e-01
  4.71205565e-02
  1.15849682e+00
  4.98247761e-01
  2.37691171e+00
  2.68244278e+00
 -5.91033037e-01
 -7.24393693e-01
  6.17691366e-01
  5.65111467e-01
  2.92667790e-01
  1.60785151e+00
  1.77329508e+00
  6.19194685e-01
 -1.10995675e+00
  1.20000674e-01
 -1.03165052e+00
 -6.07037569e-01
  1.55381045e+00
  1.21481153e+00
  1.63048360e-02
 -1.09226368e+00
 -1.83224814e-01
  2.88326043e-01
 -3.38018258e-01
  4.92961673e-01
  1.94787768e-01
 -5.99676172e-01
  4.41947496e-01
  6.92123758e-01
 -2.73092011e+00
  5.97278387e-01
 -5.18977640e-01
 -1.42911069e+00
  5.72928442e-01
 -7.63964134e-01
  8.92833764e-01
  1.90372533e-01
  1.50793568e-01
 -2.63178737e-01
  3.74207651e-01
 -3.39382705e-01
  1.74552315e+00
 -5.49423348e-01
 -1.53538750e+00
  7.03868128e-01
  1.44446247e-01
  1.30006322e+00
 -1.50087160e-01
 -1.06746719e+00
  1.80361790e+00
 -9.91814660e-02
  7.05676078e-01
 -1.02664754e+00
 -1.14363251e+00
 -5.06998050e-01
 -2.30114174e+00
 -3.67896490e-01
  5.06037838e-02
  1.18870111e+00
 -6.92268024e-01
 -2.20348893e+00
  8.93825061e-01
 -7.16452756e-01
 -3.79094091e-01
  5.40880793e-01
  6.38569508e-01
  1.17095069e-01
  4.52482182e-01
  1.96243295e+00
  9.02831537e-01
  1.20094834e+00
 -9.84604829e-01
  9.58741256e-01
  1.43063578e+00
  1.76578313e+00
  1.66387776e+00
 -5.03206243e-01
  5.13026011e-01
  1.62869500e+00
 -7.37176877e-01
  1.13103166e-01
  1.60950996e-01
 -2.71703176e-01
 -8.23479309e-01
 -1.09079747e+00
 -7.29049011e-01
  2.58200827e-01
  1.64829596e+00
  5.10731454e-01
  5.13647804e-01
  6.44147699e-01
  1.16044005e+00
 -1.05350439e+00
 -5.58649267e-02
  3.45965573e-01
 -9.41224692e-01
  3.59852356e-01
 -1.12342988e+00
 -6.31439612e-01
 -2.26459917e+00
  5.49773198e-01
  1.19585811e+00
  4.59445565e-01
  2.06096102e+00
  7.83285751e-01
  9.60349974e-01
 -8.93494003e-01
 -4.19564223e-01
  1.70570421e+00
  2.46180817e-01
 -1.47325734e+00
  2.93353882e-01
 -6.51025628e-01
 -9.51809426e-02
 -1.08512825e+00
 -8.72932903e-01
  2.86093650e-01
  1.15829918e+00
 -1.52142933e+00
  1.59476783e+00
 -2.27758859e+00
  5.90925437e-02
  8.82359218e-01
 -7.43107995e-01
 -1.26500337e+00
 -1.59600451e+00
 -3.03630853e-03
  6.38619388e-01
  6.52162033e-01
  9.26247803e-01
 -1.20304065e+00
  1.45941855e+00
 -3.91036176e-01
 -1.01825352e+00
 -9.24672292e-01
  1.81758314e-01
 -9.47214463e-01
  1.08925558e+00
  3.63351117e-01
  4.70073283e-02
 -2.22011255e-01
 -3.86644332e-02
 -3.66479047e-01
 -8.01457880e-02
 -1.71013456e+00
  7.88402751e-01
  1.39602375e-01
  4.89603948e-01
  1.13000798e+00
  1.19970649e+00
  3.95755852e-01
 -7.78503973e-01
  2.24649617e-01
 -1.99532137e+00
 -1.06173485e+00
  1.30143131e+00
  1.09861305e+00
 -1.17958676e+00
 -1.72856020e+00
 -3.43973044e-02
  2.56032223e-02
  4.37851468e-01
  1.90046112e-01
 -2.38547548e-02
 -1.75976102e-01
 -3.63864595e-02
 -2.11982094e-01
 -1.52262898e+00
 -1.74616751e+00
  1.29677781e-01
  2.19622530e+00
 -2.49210834e+00
  8.32809271e-01
 -1.33079651e+00
  1.19463810e+00
 -3.79385985e-01
  8.95732026e-01
 -2.20039668e-01
  6.57156229e-01
  8.47587561e-01
  1.16200521e+00
 -1.59890678e+00
  6.06173788e-02
 -1.96124905e-01
 -1.65768139e+00
 -9.85820075e-01
  1.75612860e-01
 -5.10308070e-01
  5.08086007e-01
  1.45500312e-01
 -1.09632870e+00
 -7.34937228e-01
  1.12582861e+00
 -5.15336920e-01
  1.11318388e-01
 -1.25997511e+00
 -1.19926158e-01
 -3.46404292e-01
  2.40058342e+00
  2.28665772e+00
 -1.64781677e+00
 -1.43874539e+00
 -1.88143846e+00
 -8.03165970e-01
  6.90426320e-01
 -2.72776336e+00
  3.38967483e-02
  1.92492897e-01
 -1.25874584e+00
  1.36726215e+00
  1.34447414e+00
 -3.30990830e-01
 -4.97286454e-01
 -1.16869674e-01
 -5.56774240e-02
  2.17199850e-01
  1.01107785e+00
 -2.27493468e+00
 -7.28054832e-01
 -1.18042928e+00
 -6.20605974e-01
  6.28435949e-01
 -1.99626509e-01
  1.82771348e-01
  2.58866206e+00
  5.14757421e-01
  1.67620257e+00
  1.59052121e+00
  7.79147089e-01
  1.70439601e-01
 -1.85278564e+00
 -2.92332490e-02
 -1.41547256e+00
 -2.41403572e-01
 -6.65317519e-01
 -1.00487748e+00
 -3.87650954e-01
 -1.80299783e+00
  4.70406154e-01
  5.79353862e-01
  1.81579132e+00
  2.05269217e-01
  2.68641886e-01
  5.93992949e-02
  3.15204509e-01
 -8.01087956e-01
  1.78739051e-01
  3.02285416e-01
  2.36515642e+00
  3.07253151e-01
 -1.35955062e+00
  1.18815552e-01
 -9.75511550e-02
  2.80178014e+00
 -1.03876980e+00
 -8.30276641e-01
  5.66714134e-01
 -2.31084603e+00
  3.06090300e+00
 -1.17317054e+00
 -7.31915994e-01
 -1.80501170e-01
 -2.89629513e+00
  1.98442843e+00
  8.95824622e-01
 -4.33039308e-02
 -4.40430066e-02
  8.69904599e-01
 -3.02077019e-01
  1.68170518e+00
  8.30028762e-01
  2.96653413e-01
  1.52758123e+00
 -1.53715256e+00
  3.06273816e-01
  2.20328224e-01
 -1.57043776e+00
  3.16153663e-01
  1.20148599e-01
 -1.43663819e+00
 -6.86814929e-02
  1.37003338e+00
  1.34722823e+00
 -6.92698480e-01
 -3.57963482e-01
  5.29760342e-01
  9.20464228e-01
  1.90745284e-01
  8.98156692e-01
 -4.09869010e-01
  7.83206931e-01
 -8.62163708e-01
 -6.77463404e-01
  9.10829724e-01
 -1.32089559e+00
  7.86462916e-01
  1.10071367e+00
 -1.09962908e+00
 -6.13405051e-01
 -7.34719676e-01
 -1.25470827e+00
 -3.48433925e-01
 -7.92238265e-01
  3.86499299e-01
 -1.69225493e+00
 -9.24522511e-01
 -2.28996523e+00
 -9.91473323e-01
  2.04440546e+00
 -4.57540470e-01
 -8.45704404e-02
  8.62384589e-01
 -5.78113201e-01
  1.95366552e-01
 -8.23496941e-01
  6.67252739e-01
  2.17132477e-01
  1.18580491e+00
 -2.71117962e+00
  8.26125627e-01
 -1.17024047e+00
  2.46544302e-01
  5.65177554e-01
 -2.14953962e-01
 -6.37140710e-01
 -2.80498428e-01
 -2.03483816e-01
 -1.43942898e+00
  7.65167414e-01
 -6.91413384e-01
 -8.72541524e-01
  5.40740605e-01
 -3.57205005e-01
  1.06204562e+00
  1.10241375e+00
  7.29173581e-01
 -4.23811898e-01
 -6.19005219e-02
 -1.00389019e-01
  1.29177466e-01
 -9.55461438e-01
  1.34578013e+00
  1.24447279e+00
 -1.89562762e+00
  2.39593751e-01
 -7.68306143e-01
  7.67304802e-01
 -9.26667980e-02
  1.10210121e+00
  8.14288895e-01
  8.73315153e-01
  6.33392409e-02
  1.84520666e+00
  6.11630091e-01
 -1.24230119e+00
 -7.05531543e-01
  4.29061738e-01
  1.40856603e+00
  1.01085369e+00
  9.84922801e-01
 -2.71429780e-01
 -4.02230622e-01
  1.58369169e+00
 -3.09535147e-01
  8.88888414e-01
  3.55582725e+00
 -3.52304391e-01
 -2.86893226e-01
  1.41762174e+00
  6.40938458e-01
 -2.64449164e-01
 -1.74490153e+00
  5.37248082e-01
  6.50930313e-01
  2.57253954e-01
  1.68510177e+00
  9.63998367e-01
 -8.52995203e-01
  1.67571714e+00
  6.93786679e-01
  5.80209504e-01
  4.46282194e-02
 -3.67197899e-01
  6.90755338e-01
  2.30325804e-01
  8.27820584e-01
 -1.15816543e+00
 -8.87649326e-01
  4.03552776e-01
  1.01615379e+00
 -4.25028115e-01
  5.65699505e-01
  1.57836152e+00
 -4.08051401e-01
 -5.63178718e-01
 -1.08050829e+00
 -1.86384724e+00
  6.87661611e-01
  9.48735497e-01
 -9.45297294e-01
 -9.75940485e-01
  6.42765691e-01
 -2.41711241e+00
 -7.18650777e-01
 -1.13565045e+00
 -9.30267361e-01
  4.45961863e-01
  3.14627488e+00
  1.95444301e-01
 -1.68224384e+00
  5.42353031e-01
  1.77474051e+00
 -1.95830946e+00
  7.06756362e-01
 -8.25707697e-01
  5.54820012e-01
 -1.81734638e+00
 -1.36939937e+00
  4.88037310e-01
  2.29433046e-01
 -8.08692767e-01
  1.24702541e-01
  1.00094059e+00
  2.07229959e+00
 -9.23575054e-01
 -1.14937216e+00
  2.14177302e-02
  2.35235042e-01
 -1.06510108e+00
 -1.18657155e-01
  1.96383602e+00
 -1.27996774e-01
 -1.37583435e+00
  2.98760794e-01
 -4.27823151e-02
  3.92333398e-01
  1.83260413e-01
 -4.94767493e-01
  2.04149527e+00
 -5.18310043e-01
 -1.19347615e-01
 -7.61599383e-01
 -1.11785825e+00
  1.20337638e+00
 -1.71248515e+00
 -4.02108949e-02
  1.30188771e+00
 -1.35600154e-02
  1.94924717e-01
  1.48455245e+00
 -6.00350370e-01
  2.98603286e-01
  7.47701360e-01
 -9.64121936e-01
  1.74855687e+00
 -4.08927064e-01
  3.04779431e-01
 -1.61144182e+00
 -2.06361855e+00
  5.06929119e-01
 -2.70939264e-01
 -5.99226884e-01
  7.88620255e-01
 -1.45642605e+00
  3.86273871e-01
 -2.04759946e+00
 -3.10082236e-01
  8.20553656e-01
  6.34710601e-01
  1.15439542e+00
  1.49200092e+00
  1.23763759e+00
  4.56157502e-02
 -1.19582939e+00
  1.64043141e-01
 -1.52093134e+00
  3.73835491e-01
  6.79061790e-01
 -6.95582841e-01
 -2.86060046e-01
  2.09379755e-01
 -1.06321201e+00
 -4.91649132e-01
 -9.82614984e-01
 -2.49881211e-01
  7.40426578e-01
  7.96710344e-01
  1.33953039e+00
 -2.40860028e-01
 -3.55555257e-01
  1.46044259e+00
 -8.13605758e-01
  8.94612231e-01
  9.84999694e-01
  7.48072904e-01
  8.33688799e-01
  3.34467960e-01
  7.18536725e-01
 -1.06938858e+00
 -1.41491980e-01
  8.88284974e-01
  8.97661848e-02
  3.91296543e-01
 -1.12314725e+00
 -5.57626114e-01
 -1.81834470e-01
  1.05754205e+00
  1.45192910e+00
 -3.27701870e-01
  9.04379071e-01
 -1.31050760e+00
 -5.76855027e-01
  8.55051063e-01
  1.83437445e-01
  6.58772249e-03
  9.56474562e-01
 -9.81747174e-01
  8.00594289e-01
 -6.22323681e-01
 -3.08165081e-01
  2.51960791e+00
  2.04718358e-01
 -2.31237056e+00
  9.69903213e-01
 -4.97211409e-01
 -3.97946487e-02
 -2.41312275e+00
  2.87332794e-01
 -1.47276044e-01
 -1.28536199e+00
  1.37989007e+00
  6.75819569e-01
 -7.31677736e-01
 -2.13499146e+00
 -1.14953936e+00
 -1.89786618e+00
 -3.53011313e-01
 -7.46451048e-01
 -2.40156652e-01
 -1.05480129e+00
 -3.74040942e-01
  7.19961019e-02
  2.90181948e-01
 -5.30843964e-01
 -1.10421560e+00
 -1.61386769e-01
  1.81124237e+00
  5.22586103e-01
  2.22609866e-01
  6.64269144e-01
  2.33097227e-01
  1.19919619e-01
 -9.79925184e-03
 -3.99851416e-02
 -6.44750411e-01
  1.18248763e-01
 -8.71496012e-02
  8.69738470e-01
 -1.33394541e+00
  6.79799829e-02
  2.38456170e+00
 -4.28314684e-02
  1.70944196e-01
 -1.38020008e+00
  5.15562978e-01
 -2.87497618e-01
 -1.03778270e+00
  1.68901180e+00
 -1.93639128e+00
 -2.57886188e-01
  3.30294559e-01
  2.52848676e-01
  1.95287329e+00
  6.99649629e-01
 -2.76195254e-01
 -7.92841133e-02
  1.09176498e+00
  7.86329180e-01
 -2.57940538e-02
  5.82717423e-01
  1.91450279e+00
  1.12147281e-01
  1.56782597e+00
 -6.25125468e-01
 -1.66775555e+00
 -2.05216871e+00
  2.64543245e+00
 -9.78944485e-01
  3.49812348e-01
  8.08293140e-01
  3.38946692e-01
 -3.83371642e-02
 -1.17183030e+00
 -6.50339797e-02
  3.14180919e+00
 -2.53483429e+00
  2.20948758e-01
  2.12810904e-01
  1.26990627e+00
 -8.43768435e-01
  8.39424928e-01
  8.78708826e-01
  4.01332621e-01
  4.74214637e-01
  5.45832069e-01
  6.00665605e-01
  8.87320410e-01
  2.08906444e+00
 -9.01335386e-01
 -8.47238975e-01
  1.82384296e+00
  1.51555772e-01
  1.17014715e+00
  1.12398635e+00
 -1.47416443e-01
 -1.24444480e+00
  5.98974140e-02
  2.75503487e-01
 -7.75189064e-01
 -1.23394223e+00
  1.00080979e+00
 -2.10884580e-02
  2.89913768e-01
 -9.07001742e-01
 -3.49060315e-01
  6.72452978e-01
 -9.42314776e-01
  1.53651755e-01
 -7.97570277e-01
  2.94185901e-01
  1.00815748e+00
  3.01403351e-02
 -1.39194325e-01
 -4.77477584e-01
 -1.63747159e+00
 -1.79148019e+00
  7.86763819e-01
  1.47724044e+00
  1.15952768e+00
 -4.61521738e-02
 -9.78374406e-01
 -8.69853185e-01
  3.69707511e-01
  1.81705067e-01
  1.21360979e+00
  4.05904822e-01
 -9.98218863e-01
  1.35551370e+00
 -5.07923381e-01
 -2.26570022e+00
  4.01112824e-01
  1.00307024e+00
  3.97843211e-02
 -1.64861324e+00
 -1.62329796e+00
 -1.73585374e+00
 -1.41194461e+00
  1.23117263e-02
 -2.33325823e-01
  6.33606747e-01
  1.20342025e+00
  2.94232640e-01
  2.56274527e+00
 -1.94495047e+00
  1.68334466e+00
 -6.01248657e-01
 -1.53556963e-01
 -6.82811004e-01
 -6.13814995e-01
  5.12712599e-01
 -5.64447266e-01
 -7.85003095e-01
 -2.55424191e+00
 -1.19132569e-01
 -5.09983774e-01
 -3.10777541e-04
 -2.96297737e-01
  1.26608218e+00
  6.49428943e-01
  7.65387670e-03
  9.70699400e-01
  1.94582416e+00
  6.94964755e-01
 -1.20642559e-01
  7.01077032e-01
 -7.28670301e-01
 -7.95572933e-01
 -4.86083126e-01
 -6.07591026e-02
 -2.53390809e-01
  1.27283420e+00
  3.61218261e+00
  3.00956367e-01
  5.79222954e-01
  9.11252191e-01
  7.54703599e-01
 -1.63472560e+00
  8.25683832e-01
  1.13980029e+00
 -3.88499008e-01
  1.55577093e+00
  2.50671282e-01
  1.18551891e+00
 -6.55776228e-01
 -1.57139887e+00
  3.43007172e-01
 -2.46185816e-01
  4.08426838e-01
  1.74319787e+00
 -1.01827785e+00
  8.85888692e-01
  1.73704078e+00
 -5.51092955e-01
 -3.55462393e-01
  5.77656841e-01
  1.40746595e-01
 -2.99441449e-01
  1.71094129e+00
 -1.08370943e-01
 -6.08005585e-01
  5.90953223e-01
 -6.13956066e-01
  1.76146913e+00
 -1.25856148e+00
 -3.66579525e-01
 -1.51367677e+00
 -2.86042115e-01
 -5.55879914e-01
  1.63568637e+00
 -1.81647877e-01
  1.08069287e+00
 -1.69029765e+00
  3.66365567e-01
 -1.09524646e+00
  1.77175774e+00
 -5.11342832e-01
  4.27589810e-01
  1.12641649e-01
  5.35290439e-01
 -6.24202850e-01
 -2.92344076e-01
 -8.59767229e-01
 -1.26019049e+00
  1.56495086e+00
 -2.50308871e-01
 -5.67818279e-02
  2.05612813e+00
  5.11500271e-01
  5.39123405e-01
  8.06094431e-01
  1.08756530e-01
 -6.39432269e-01
 -1.20917090e-02
  1.43368136e+00
  1.22024719e-01
  1.20362400e-01
 -3.49413733e-01
  2.29021163e-01
 -9.12582647e-01
 -7.02259391e-01
  4.70438472e-01
 -2.36749940e-01
  1.98815731e+00
 -3.15938093e-01
 -1.40497379e+00
 -9.22954890e-01
 -1.23992185e+00
 -4.05702999e-01
 -1.39014163e+00
 -1.22726229e+00
 -1.00644273e-01
 -7.77393902e-02
  5.96998175e-01
  1.66973200e+00
 -3.66710925e-01
 -1.41909533e-01
  1.12234879e+00
  5.73160566e-01
 -2.72002794e-01
 -2.05972331e+00
  1.20395888e+00
 -3.03679023e+00
 -5.29193061e-01
  4.49008292e-01
  5.15230082e-01
  1.33726185e+00
  1.08781985e+00
 -1.90785421e+00
  7.92051512e-01
 -2.65460908e+00
  4.73159384e-01
 -1.19892828e+00
 -6.53628392e-01
 -1.83465719e+00
 -3.17318713e-01
  3.56821051e-02
 -1.61853425e+00
  6.27195174e-01
  1.81009059e+00
  4.87455553e-02
 -1.11180119e+00
 -9.19521966e-01
  3.95186394e-01
  1.33602969e+00
  2.72639108e-01
  9.03763482e-01
 -1.09266863e-01
 -5.74648749e-01
 -9.44149194e-01
 -3.64290331e-01
 -2.86078758e+00
 -8.98934678e-01
  3.67562394e-01
  1.02231960e+00
 -6.06892249e-01
  1.17198287e+00
  1.12981446e+00
  1.37712463e+00
  3.03344789e-01
 -2.62410530e-01
  5.44883036e-01
  9.79461673e-01
 -6.66541254e-01
  8.76456315e-01
 -1.04012823e+00
 -1.24614736e+00
  1.33205024e-01
 -1.80622470e+00
  1.17190686e-02
 -2.54067649e-01
 -9.38658146e-01
 -1.04331866e+00
  1.09862452e+00
 -8.82567778e-01
 -1.18555670e+00
 -8.21803494e-01
 -2.25599010e-01
 -4.88033971e-01
  8.79501543e-01
 -3.33892557e-01
 -1.28067212e+00
  1.52838834e+00
 -3.56863791e-01
 -5.06387394e-01
 -1.26068930e+00
  1.34630756e+00
 -4.23939384e-01
  9.62015831e-01
  1.37109317e+00
 -8.99985015e-02
 -1.90741720e+00
  5.47292026e-01
  1.35058485e+00
  8.03109692e-01
  2.04918692e+00
  1.25812073e-01
  1.03128271e+00
 -2.24148981e-01
 -8.81234639e-02
 -2.55604671e-01
 -1.12478730e+00
  4.39155465e-01
  4.19741485e-01
  6.45730106e-01
  9.42907593e-01
  4.47369444e-01
  3.09819817e-01
  6.79267840e-05
 -1.76126607e+00
 -2.73956719e-01
  6.01265780e-01
  3.44209875e-01
 -3.95521123e-01
  3.09814974e-02
  2.60768431e-02
 -5.94273809e-01
 -1.89377184e-02
  3.02677772e-01
  1.11731339e+00
 -3.52357643e-01
 -7.86808810e-01
 -7.24744830e-04
  1.10676270e+00
  1.90503731e-01
  5.28512291e-01
 -2.84481957e-01
 -3.19923960e-01
 -7.25671560e-01
  2.48737649e-01
  1.05898396e+00
  2.28416127e+00
 -5.72663227e-01
 -1.04434799e+00
 -1.76965634e-01
 -1.04871534e+00
 -1.47606703e+00
  1.39533443e-01
  7.94882547e-01
 -7.14137981e-01
 -8.74136898e-01
 -7.06555514e-01
 -8.51362879e-01
  9.75139227e-01
  3.02915301e-02
 -6.61958376e-01
  1.45943438e-01
 -4.19040240e-01
  2.43769849e-01
  8.40284485e-01
 -1.33085976e+00
 -5.79806944e-01
 -8.24251046e-01
  1.74390154e+00
 -2.09701493e-01
 -1.58476327e+00
 -1.23590416e+00
  4.24394475e-01
  6.36929197e-01
  2.32725748e+00
 -2.92453389e-01
 -1.12282841e+00
  1.59069726e+00
 -1.11205086e+00
 -1.03064851e+00
 -6.63652217e-01
 -3.84240112e-01
  3.61825070e-01
  5.72799399e-01
 -1.29482671e+00
 -6.69481000e-01
  4.44714908e-01
  1.14098414e+00
  2.65237745e-01
  8.68718473e-01
  1.48418554e+00
 -4.29080344e-01
  1.44817400e+00
  5.49187315e-01
 -1.17816434e+00
  2.88760306e-01
 -8.49423625e-01
  7.59988753e-02
 -5.73007573e-01
 -8.20318235e-01
 -9.63700652e-01
 -6.45308419e-01
  8.11517731e-01
  3.19301703e-02
  1.85586790e+00
  2.19244461e-01
 -6.52239461e-02
 -1.07694181e+00
 -1.27267407e+00
 -1.10837461e+00
  2.43306080e+00
 -1.52057199e-01
  1.10249346e+00
 -5.73460846e-01
  1.40318692e+00
 -1.46817184e+00
  1.94551979e-01
  7.87441994e-01
  1.06414054e+00
  6.57665232e-01
  4.89930797e-01
 -2.93408874e-01
  1.26283137e+00
 -9.28881249e-01
 -9.46572545e-01
  6.45672029e-01
 -8.47884038e-01
 -7.35245932e-01
 -2.09754578e-01
 -1.03446101e+00
 -4.26421757e-01
  1.28500745e+00
 -7.54974512e-01
 -7.32519266e-01
  9.27171405e-01
  4.34401489e-01
 -5.89013839e-01
  5.93860890e-02
 -7.79227696e-01
  1.27948943e+00
  7.99587476e-01
 -2.33042244e+00
 -1.37911812e-01
  6.46424157e-01
 -1.10682425e+00
 -1.70071806e+00
 -6.29308551e-01
  1.60112329e+00
 -1.59928559e+00
  1.55601072e+00
 -1.27563245e+00
 -4.89006329e-01
 -9.99566350e-01
 -5.16668475e-01
 -5.98139494e-01
 -4.22695238e-01
  1.13509055e-01
 -1.00779401e+00
 -1.45502400e+00
  8.71483354e-01
  8.07029871e-01
  3.30841415e+00
 -1.70243980e+00
  2.54117827e-01
  3.30512764e-01
 -1.48669809e-01
  8.52691599e-01
  1.91617137e-01
 -4.35366314e-01
  1.37625688e+00
 -2.62144175e-01
 -4.88316520e-01
  9.78474695e-01
  7.25468213e-01
 -1.00372511e+00
  5.00941016e-01
  7.22853159e-01
 -1.66723412e-01
  9.63677404e-01
  1.84973289e+00
  4.68745344e-01
  1.06806615e+00
  8.96065044e-01
 -3.61428720e-01
  6.40272382e-01
 -4.12887389e-01
  1.14054268e+00
  2.81093559e+00
 -1.02713674e+00
 -4.62067039e-01
  8.34339842e-01
 -8.70547073e-01
 -2.22218975e-01
  9.07403232e-01
  5.35636609e-01
  8.48941879e-01
 -1.59404973e+00
  4.08396757e-01
 -1.51781393e+00
 -1.05123010e+00
  1.38367857e+00
 -9.90520856e-01
 -2.38805630e-02
  4.94414477e-01
  2.37593780e-01
 -3.32491830e-01
 -1.11106745e+00
  1.45322073e+00
 -5.58706308e-01
  1.60590724e+00
  1.06051792e+00
 -3.58765670e-01
  1.11647010e+00
 -1.41522534e+00
 -1.91075071e-01
 -3.39983015e-01
 -6.59066854e-02
 -7.88548860e-01
 -1.99828160e-01
  2.72509635e+00
  1.99450584e+00
  4.51604650e-01
 -1.86333118e-01
 -4.98962901e-01
  9.95026834e-01
  2.21883858e-01
 -9.57896753e-01
 -5.24772687e-01
 -8.47368604e-01
 -4.43110328e-02
 -4.03642462e-01
  6.33402048e-01
 -1.08349446e+00
 -5.00279903e-01
  2.32735189e-02
  3.42221203e+00
  9.10656635e-01
 -8.43191117e-01
 -9.26088014e-02
 -6.61103154e-01
 -4.38384655e-02
  1.24047652e+00
 -2.90960230e+00
  9.08732148e-01
  4.03457975e-01
 -2.50619608e-01
 -2.15195350e+00
 -1.08843981e-01
 -3.91570568e-01
  1.49026699e+00
 -4.21341206e-01
 -6.89087195e-01
  2.20420238e-01
  4.67816483e-01
 -1.14547932e+00
  1.36091442e+00
 -9.11307812e-01
 -1.50554384e+00
 -5.72923986e-01
 -3.15713436e-01
 -4.80493174e-01
  1.51516352e+00
  7.97598603e-03
 -1.01269985e+00
 -7.13420802e-02
  1.58260183e+00
  9.27908979e-01
 -5.23672718e-01
  2.80397850e-01
 -2.49404937e-01
 -2.96166789e-01
  5.02826513e-01
 -1.14673297e+00
 -3.48646745e-01
  6.63723000e-01
  1.04185024e+00
  1.32638502e+00
  5.82664248e-01
 -2.38185202e-01
  3.98139574e-01
 -2.22519502e-01
  1.60075363e+00
 -1.42929552e-01
 -7.74590240e-01
 -1.49164140e-01
 -1.15918101e+00
 -7.32060331e-01
  1.54641205e+00
 -2.37999847e-01
  1.28614967e+00
  2.41100491e+00
  6.69530332e-01
  8.61772048e-01
  6.24962957e-01
  3.34666838e-01
  4.70165941e-02
 -1.48283946e+00
 -1.17460366e+00
  4.83981452e-01
  1.67616984e+00
  1.32749143e+00
  4.41149407e-01
 -1.30491807e-01
 -2.39946858e-01
  4.69959467e-01
 -4.87388726e-01
 -1.38061381e+00
 -5.60276608e-02
  1.00660811e+00
 -9.08365944e-01
 -6.04663721e-01
  9.30816035e-01
  1.06521745e+00
  4.39575206e-01
  2.64854118e-01
 -3.37625121e-01
 -5.90440734e-01
  1.42819718e+00
  1.77241806e+00
 -2.50586734e-01
 -8.66230117e-01
 -8.66984959e-01
  1.00137692e+00
 -1.75773368e-01
  1.12814076e+00
 -2.72966617e-01
  4.77175279e-01
 -1.29323048e+00
  1.13851434e+00
  1.54054912e+00
 -1.97644377e+00
 -2.63532845e-01
 -1.24047113e+00
 -9.12265316e-01
 -2.17256876e-01
  1.60246152e-02
 -7.23461970e-01
  7.55434146e-01
 -1.28895417e+00
 -2.11076641e+00
 -3.22584831e-01
 -1.08395231e+00
  2.45308966e-01
 -1.55883069e+00
 -5.65936928e-01
  6.34310090e-01
  2.27643173e+00
  2.22791579e-01
 -8.54275568e-01
 -1.23049169e+00
  5.66135939e-01
  6.50951790e-02
 -9.20924720e-02
 -8.67757721e-01
 -2.18436451e-01
 -9.55991297e-02
 -7.16056061e-02
  8.36101318e-01
  2.42117279e+00
 -1.01196974e+00
  1.89145670e+00
 -6.41622709e-01
  3.18122335e-01
  1.97614760e-01
 -1.22364709e+00
  1.53809235e-01
 -2.94084034e-01
  5.07295295e-01
  1.91811719e-01
  2.63745125e-03
 -3.46744446e-01
  1.79945665e+00
 -3.95765230e-01
  1.58291025e+00
  2.64162989e-01
 -4.44022472e-01
 -2.06271304e+00
 -5.41115625e-01
 -2.15002323e-02
  1.00729531e+00
 -6.13492252e-01
 -6.98042464e-01
 -6.55911544e-01
 -1.94356974e+00
 -3.55523484e-01
 -6.82688113e-01
 -1.26814252e+00
 -5.59629091e-01
 -1.83111502e+00
 -1.31263353e+00
  7.96418168e-01
  1.23138220e+00
  4.53011949e-01
  2.08159108e+00
  1.46676308e+00
  3.02964859e-01
  4.28887772e-01
  1.10484160e-01
  2.94576318e+00
  3.13900679e-01
 -1.03141899e+00
  6.70749843e-01
  1.25280474e+00
 -2.37807255e-01
  7.38395287e-01
 -2.68925458e-01
 -9.56366491e-01
  1.84670779e+00
 -3.32744512e-01
 -2.76996354e-01
  4.24279493e-01
  6.82435465e-02
 -2.62079542e+00
 -2.60858453e-01
  7.59247478e-03
  9.34747840e-01
  4.87426570e-02
  1.17296371e+00
 -7.13889518e-01
 -6.49453145e-01
 -6.67809625e-01
  4.75253901e-02
 -9.24956910e-01
 -3.93479090e-01
 -8.84336257e-01
  7.68672117e-01
  1.99995534e-01
 -1.61705587e+00
 -3.63517268e-01
  9.14334504e-02
 -5.87150422e-01
 -1.36783216e+00
 -6.34538732e-01
  2.51589629e-01
  1.08665527e+00
 -1.26956412e+00
  1.01560832e+00
  4.65113559e-01
 -8.46149552e-01
  7.50446188e-01
 -2.43899378e+00
 -1.14996446e+00
  1.41957122e+00
  9.59663116e-01
 -1.38211827e+00
  1.95409815e-01
  1.61875483e+00
  1.44352741e+00
  3.33601571e-01
  2.91134677e-01
 -2.17577282e-02
  1.44944644e+00
  1.30286173e+00
  2.19485553e-01
  4.83582971e-01
 -4.86740464e-01
 -4.47139999e-01
 -1.28232062e-01
  3.00270126e-01
 -9.71048547e-01
  2.06636237e+00
 -7.33886302e-01
 -3.14534911e-02
  1.19043701e+00
 -8.38583071e-01
 -2.75975025e-01
 -7.00132923e-01
  4.61514484e-01
 -2.60382838e-01
  2.98761974e-01
  1.04284090e+00
 -9.98785788e-01
  1.98374655e+00
  3.29243590e-01
 -9.74736416e-01
 -6.35378789e-01
 -9.88616933e-01
  4.15355581e-01
 -1.47498934e-01
 -2.21991932e-02
  8.78804599e-02
  1.50064377e+00
 -1.86841922e-01
  1.07007985e+00
 -6.03843793e-01
 -8.66223271e-01
 -5.15263515e-01
  8.13528092e-01
 -1.33636936e+00
 -8.15838846e-01
 -3.27586661e-01
  8.41181370e-01
 -1.41705531e+00
 -1.24221364e+00
 -1.76099745e+00
  2.37282591e-02
 -1.29777407e+00
 -1.97287257e-01
 -7.02789839e-01
 -8.90504750e-01
 -1.81673448e-01
 -8.17786696e-01
 -1.16912850e+00
  6.50220253e-01
 -1.80167915e+00
 -4.15239687e-02
 -6.51547194e-01
  4.10781187e-01
 -3.70403219e-01
  4.34715675e-02
 -2.76381930e-01
 -1.03405920e-01
 -1.15456395e+00
 -3.16643664e-01
  7.10995934e-02
  1.52108712e+00
  1.06573313e-01
 -3.38134445e-01
 -3.43397307e-01
  3.80671416e-01
  2.86477159e-01
 -3.74984555e-01
 -6.60474153e-01
 -8.23433011e-02
 -2.99739174e-01
  2.20223363e-01
  1.46200175e-01
 -5.10735042e-01
  6.99166205e-02
 -6.42836739e-01
 -9.44372914e-01
 -1.13243965e+00
  3.33545046e+00
 -2.66329590e-01
 -2.71637819e-01
 -1.08606717e-01
 -9.50807919e-01
  9.26330313e-02
  1.08137205e+00
 -1.25787305e+00
  2.41539497e-01
 -4.13484868e-01
 -6.95975809e-01
 -2.86388653e-02
  1.07143074e+00
 -1.71173754e+00
 -1.95925169e-01
  8.84900761e-01
  1.59051071e+00
 -6.23633649e-01
  2.05079350e+00
  6.35602058e-01
 -3.80872664e-01
  5.04338038e-01
  1.46625675e+00
  6.94258699e-01
  1.24841409e-01
  1.25617177e+00
  4.33956833e-02
  5.10076758e-01
  4.80099957e-01
  1.57680884e+00
 -3.15315918e-01
  1.75304752e-01
  6.60942827e-03
  1.30534662e+00
 -1.07266912e+00
 -1.03570098e+00
  3.40232163e-01
  1.69637007e-01
 -5.33532177e-01
  1.69591593e+00
  1.64337353e+00
  5.24244849e-01
 -1.39513374e+00
 -5.63789507e-01
 -3.66855903e-01
  5.82310559e-01
  9.64481383e-02
 -8.34210083e-01
 -4.13181091e-01
 -1.57234726e-01
  1.11731333e+00
  5.24405992e-01
 -1.11459635e+00
 -7.58644061e-01
 -3.20406868e-01
 -9.40126432e-01
  6.64659444e-01
 -9.21123784e-01
 -7.95614098e-01
 -1.05520254e+00
 -3.36450298e-01
  5.33636676e-01
 -8.62939583e-02
 -9.51462044e-01
 -9.73132121e-02
  1.00508008e+00
  1.72204954e-01
  1.25132998e+00
  1.64181821e+00
 -8.87667390e-01
 -3.00057117e-01
 -2.61459674e+00
 -5.08843847e-01
  2.09290853e+00
  3.17779995e-01
  4.52216120e-01
 -8.62109658e-01
  5.35900056e-01
  7.77583724e-01
 -1.30259453e-01
  9.16437035e-01
  5.32313787e-01
 -3.59509609e+00
  6.82700090e-01
 -1.14724519e+00
 -3.76180739e-01
  1.72960993e-01
 -8.37939095e-01
 -9.86713165e-01
 -2.44935007e-01
 -6.75758570e-01
  1.21072786e+00
 -4.97322864e-01
 -1.07510253e+00
 -2.50643115e-01
 -2.51470269e+00
 -9.79969259e-01
  6.59087649e-01
 -6.66487768e-01
 -2.46883947e+00
 -7.61527508e-01
  1.75770706e-01
 -1.93426380e+00
  7.38187894e-01
  1.72907414e+00
  2.93361395e-01
  1.73063237e+00
 -3.51046288e-01
 -4.83244316e-01
  4.21973267e-01
 -2.79577336e-01
 -1.84582389e+00
 -6.82911345e-01
 -8.47324162e-01
 -1.07632281e+00
 -8.96259307e-01
  1.69793164e-02
 -5.42513505e-01
 -9.33060235e-01
