  -1.54678337e+00
   6.72715397e-02
  -4.49002916e-01
   5.74530468e-01
  -8.29559598e-01
  -1.09554419e+00
   8.12159526e-01
   1.17636031e+00
   1.66379144e+00
   1.78644786e-01
  -1.65346458e+00
  -5.12079239e-01
   1.36176104e+00
   4.90546797e-01
  -4.24643496e-01
   3.73807628e-01
   9.04597819e-01
  -2.76539201e+00
  -4.23294566e-01
  -8.10933881e-01
   2.08502721e-01
   1.56314688e+00
  -1.52602123e+00
  -1.78530665e+00
  -6.08037850e-01
  -4.58704424e-01
   1.43528498e+00
   1.54929859e+00
  -1.12438816e+00
   1.84223321e-01
  -1.04238208e-01
  -1.56101355e+00
  -1.72171350e-01
   1.63671772e+00
   4.75153138e-01
   2.12127521e-01
  -1.22347142e+00
   8.08120184e-02
  -1.66560137e+00
  -8.60076155e-01
   2.19658245e+00
   1.77267673e-01
  -7.75397507e-01
   1.82951677e-01
   3.41744828e-01
   4.01689008e-01
  -5.38417108e-01
   2.44766796e-02
   9.48996475e-01
  -1.49288050e-01
  -1.92844326e+00
  -1.76147710e+00
  -7.66162162e-01
  -2.34628860e+00
   2.41071578e-01
   1.01552299e+00
   1.13535752e+00
   5.52007409e-01
  -1.26976284e+00
  -5.67666704e-01
   1.33096518e-01
   2.31657016e+00
  -4.61810562e-01
  -4.84120806e-01
   1.62617607e-01
   4.17637403e-01
  -2.96177894e-01
  -2.14959558e-01
   7.45206502e-02
   1.08079946e-01
   1.08784031e+00
   2.98785086e-01
   8.77736496e-01
   1.32873746e-01
  -3.76951190e-01
   1.53950480e+00
  -1.05819717e+00
   6.39675155e-01
  -9.20916583e-01
  -6.66346363e-01
  -4.74004480e-01
  -1.55023125e+00
   1.13153891e+00
  -1.65986328e+00
  -2.20311185e-01
   7.99496426e-01
  -7.06543954e-01
  -1.23401736e+00
  -1.12083858e-01
  -7.98772885e-02
  -1.37265960e+00
  -1.44365047e-01
   3.97354378e-01
   2.28082157e+00
  -9.88880385e-02
   5.36535142e-02
   7.53578700e-01
  -1.26049278e-01
   5.75013326e-01
   8.19912525e-01
  -8.94440543e-01
  -1.62592020e-01
   8.23745702e-01
  -9.97660909e-01
   1.48919008e+00
  -7.52146126e-01
  -3.01320532e-01
   7.67602873e-02
   1.27503819e+00
   4.50063921e-01
  -6.45395193e-01
  -1.72410550e+00
   3.55883268e-01
  -8.33115605e-01
  -6.89463280e-01
   7.50672162e-01
  -1.52743648e+00
  -2.22652119e+00
  -2.28043841e-02
   3.08779827e-01
  -1.65079554e-02
   4.40121779e-01
  -1.20384618e+00
   3.13971034e-02
  -5.65623107e-01
  -1.50680683e+00
  -7.59949025e-01
  -2.93559020e-01
   1.05913653e+00
   1.37104747e+00
   1.19096397e-01
  -5.73505819e-01
  -4.88092604e-01
  -6.87288728e-01
   4.63337928e-01
   1.47517042e+00
   3.48274316e-01
   1.23965941e+00
  -2.96678084e-01
  -2.07825322e+00
  -8.16182288e-01
  -2.11256433e+00
  -2.36743605e-01
  -3.87190877e-01
   5.88060568e-01
   6.21744672e-01
  -2.68050351e-01
  -1.72727824e-01
  -8.57597969e-01
  -9.16994910e-01
  -1.45554698e+00
   8.08701052e-01
  -9.41614421e-01
   1.08007591e+00
  -2.07457515e-01
   1.16607927e+00
   1.11921818e+00
  -4.39292326e-01
   3.17201452e-01
   6.28035673e-01
   4.96645221e-01
   1.89736776e-01
  -8.13386876e-01
   1.01844591e+00
   1.98162836e+00
   1.05450437e+00
   8.79008043e-02
  -5.94705953e-01
  -6.24901194e-01
   1.15672545e+00
   7.79497967e-02
   9.31624143e-01
  -6.21222166e-01
   4.25076659e-01
  -1.01279644e+00
  -1.49397528e+00
   1.28811447e+00
   2.46832388e-01
   6.52852748e-01
   7.11515203e-01
   3.60181228e-01
   2.67423120e-01
  -8.84442588e-01
   1.06496825e+00
  -2.08596096e-02
   3.13529225e-01
   8.64085369e-01
   1.19124530e+00
  -1.59251791e-01
   5.43538155e-01
  -4.71355760e-01
   1.09653651e+00
  -9.43452353e-02
  -6.16289483e-01
  -2.55200214e+00
  -1.42115612e+00
   6.89676035e-01
  -2.11377347e-01
   7.74630975e-01
  -3.88654232e-01
   1.95295821e+00
   3.12606850e-01
   1.02369803e-01
   1.29318559e+00
   1.68499610e+00
  -3.29496215e-01
   7.16832216e-02
   4.30012878e-02
  -3.24949393e-01
   1.33339513e-01
   2.21951438e+00
   2.31330678e+00
  -9.44063336e-01
   1.24301866e+00
   7.42204016e-01
   3.59089043e-01
   1.28148980e+00
  -1.14302408e+00
  -7.94519915e-01
   1.41813181e-01
   2.86993660e-01
  -1.48111647e-01
  -1.07629200e+00
  -9.15604666e-01
   4.67046846e-01
  -6.84593509e-01
  -6.69368316e-01
  -1.08260483e+00
  -4.97492372e-01
   2.78462204e-01
   1.00589771e+00
   4.37934322e-01
  -5.02116527e-01
   1.48939399e+00
  -6.06501078e-02
   4.12947160e-01
   3.16207646e-01
  -7.25247639e-01
  -2.79400766e-01
   4.50374156e-01
  -2.00195961e+00
  -2.60799898e-01
   2.11031817e+00
  -4.12224955e-01
   7.84203015e-03
  -1.61448211e-02
  -7.14813586e-01
   1.90715127e+00
   1.20935573e+00
  -9.41405005e-01
   1.05832293e+00
   2.14861967e-01
   5.96367892e-01
  -7.33301714e-01
   4.76728928e-01
   2.28001516e+00
  -8.14509915e-01
  -4.09859908e-01
  -2.26873915e+00
   1.64186660e+00
   2.37617245e-01
  -1.71124347e+00
   4.53089844e-01
   4.16876459e-01
  -5.27573675e-01
  -3.75609768e-01
   1.03878884e-01
  -2.60250025e+00
   8.83068007e-01
  -4.20893067e-01
   7.42357422e-03
  -2.74690962e+00
  -4.11829634e-01
  -2.01745851e+00
   1.65963826e+00
   9.00704615e-01
   1.16206654e+00
   1.11667504e-01
   8.52037646e-01
   2.02785799e+00
  -1.53601944e-02
   6.89631779e-02
   1.32627393e+00
  -1.03690365e+00
  -9.12918539e-01
  -1.10610929e+00
  -8.23795535e-01
   7.78409613e-01
   5.13962809e-01
  -5.37236225e-01
   1.99413160e-02
  -9.87476519e-01
   1.36704083e+00
   1.02144002e-01
   1.28290001e-01
   1.87074634e-01
  -1.08302678e+00
   2.59100358e-01
   1.92950040e-01
  -5.28931070e-01
  -3.03827518e-01
  -3.05725766e-01
  -1.26134250e+00
   3.90049623e-01
   1.42003314e+00
   1.22986754e-01
   2.49799336e-01
  -1.05292747e+00
   1.13454203e+00
  -4.27896021e-01
  -8.03556284e-01
   1.46556524e+00
   5.00596291e-01
   2.35413191e-01
  -8.14479382e-01
  -3.42235524e-01
   8.58942624e-03
   1.45062971e+00
   2.34987218e-01
   3.78522655e-01
   1.33845482e+00
   1.00456625e+00
   3.48053893e-01
   1.74409361e-01
   3.68371131e-01
   4.02214566e-01
   1.57597095e+00
  -7.44504268e-01
   6.06656407e-01
  -9.68931707e-01
   1.48862409e-01
   1.12139566e+00
   2.87293563e-02
   1.35585997e+00
  -7.24095469e-01
  -8.24918221e-01
   8.38005934e-01
   8.88484818e-01
  -7.08138128e-01
  -6.57452253e-01
   1.50823054e-01
  -1.36828037e-01
   3.39902025e-02
   3.33837560e-01
  -1.29422786e+00
  -4.68118632e-01
  -7.61293006e-01
  -7.50818540e-01
  -1.83807839e+00
  -2.15003205e+00
  -1.50942063e+00
   3.28288726e-03
   8.48202717e-01
  -2.05197721e-01
  -2.67991793e-01
   6.17630009e-01
   3.09213457e-01
   6.38036268e-01
   4.20937942e-01
   8.41358309e-02
   3.65211059e-01
   5.72005342e-02
  -1.03962410e+00
  -6.58432090e-01
  -2.48863590e-01
  -7.27173557e-01
  -2.74759176e-02
   9.08715463e-01
   8.21037779e-01
  -1.08574244e+00
  -4.49499991e-02
  -4.17460473e-01
   7.08862414e-01
  -1.65956022e-01
   8.39317032e-01
  -1.67436448e+00
   5.63430748e-01
   9.57786237e-01
   5.55276955e-01
   2.88917235e-01
   1.05427234e+00
   1.19815529e+00
  -1.09511870e+00
  -9.40736652e-01
   1.32363068e-01
   8.31003511e-01
  -9.54180207e-01
  -1.61882468e-01
   7.56287836e-01
   7.88446112e-01
   1.62230366e+00
  -1.19062996e+00
   6.69458627e-01
  -1.21690038e+00
   2.45053833e+00
   6.38584702e-01
  -9.38765859e-01
  -3.71095716e-01
  -1.38306529e+00
  -1.04764315e-01
   1.45006467e+00
   1.34561786e-02
   1.48269314e-01
  -1.37471692e+00
   1.02331752e-01
  -4.41527281e-01
  -4.96677112e-01
   1.32923539e+00
  -2.19507180e-01
  -4.82006571e-02
   9.23272578e-01
  -7.84314476e-01
   1.14642529e+00
  -1.78358637e+00
  -3.65387613e-01
   5.67152963e-01
  -3.81862988e-01
  -3.10940425e-01
  -5.43213865e-01
  -5.73426366e-01
  -3.75823238e-01
   5.40972582e-01
  -5.61013947e-01
  -1.54544479e+00
   9.26982265e-01
  -8.84817179e-01
  -6.03387392e-01
  -7.14025185e-01
   5.66358187e-01
  -4.72362763e-01
  -7.50980578e-01
  -6.77103997e-01
  -1.03917825e+00
  -1.08456435e+00
   1.02204179e+00
   1.40793367e-01
  -1.19516339e-01
  -1.34864647e+00
  -2.89427321e-01
  -7.34759808e-01
   2.03846873e+00
   6.79327497e-01
  -1.69456300e-03
   6.88388096e-01
   4.23024921e-02
   6.41730888e-01
   4.99086425e-01
  -9.47717952e-01
  -8.24357501e-02
  -1.26166059e+00
   5.11615625e-01
  -2.07292835e+00
  -3.28427631e-01
  -2.05254455e+00
   1.37823076e+00
  -2.13476015e-01
   3.01472209e-03
  -4.12424046e-01
   2.02770470e+00
  -8.38042384e-01
   4.70505200e-01
  -7.75930424e-01
   2.38714848e-01
   1.03318014e+00
   2.18543313e+00
  -4.97669775e-01
   4.68604640e-01
  -2.22652925e-01
  -9.35524121e-01
   8.99104792e-01
  -1.02930456e+00
  -5.75404675e-01
  -1.02610664e+00
   1.37232439e+00
  -5.46795919e-02
   7.80498213e-01
  -1.50067741e+00
  -1.03368440e+00
  -1.02036837e+00
   7.02376504e-01
   6.37393582e-01
  -9.76429443e-01
   1.45618301e+00
  -7.63488526e-01
  -7.53438242e-01
   4.92752077e-01
  -5.96444970e-01
   9.91509222e-01
   2.14732890e+00
  -2.24513090e+00
   3.71613901e-01
  -8.36321426e-01
  -5.24151247e-01
  -1.44316909e+00
  -6.77756659e-01
  -3.61724472e-01
  -5.45248287e-01
  -8.30579581e-01
  -1.31159178e+00
  -8.07053414e-01
  -6.78513536e-01
   4.65768240e-01
   7.16134554e-01
  -1.60936145e+00
  -1.60946846e-02
  -1.60710352e+00
  -4.54051815e-01
   1.01042332e+00
  -8.26008278e-02
  -7.74175552e-01
   6.60765989e-01
   1.72584215e+00
   7.85682388e-01
   5.83241879e-01
   1.69840765e+00
  -3.96646334e-01
   1.89870870e-01
  -5.23475512e-01
   1.66978892e-01
  -6.54450692e-01
   6.77965912e-01
   1.33653590e-01
   1.23635913e+00
   1.45585817e-02
   5.41685768e-01
   1.07802326e+00
  -7.76148309e-01
  -5.26104383e-01
  -1.31091984e+00
   1.55825583e+00
  -6.89037981e-01
  -6.90164283e-01
   2.12310562e+00
   8.07026613e-02
  -1.77676030e-01
  -5.37362671e-01
  -3.81467804e-02
  -3.25855666e-01
   1.39684885e+00
   1.92751576e+00
   2.01222193e-01
   8.25146654e-02
   1.63798344e-01
   2.45406519e-01
   8.52554323e-01
   2.22146051e-01
   1.08614458e+00
   1.93023804e-01
   1.75105985e-01
  -1.13796464e+00
   4.89628387e-01
  -2.49840058e-01
   1.49705485e+00
  -1.08254997e+00
   7.94861637e-02
   1.15727667e+00
   4.15998831e-01
   8.75877087e-01
  -2.28058415e+00
   8.45393385e-01
  -1.10032257e+00
   1.52096670e+00
   1.66473024e+00
   1.49785206e-01
  -4.27633156e-02
  -7.44843563e-01
  -1.25532123e+00
  -6.81851162e-01
  -6.38398590e-01
   2.07300668e-01
   1.62694872e+00
   6.54036543e-01
   4.09372570e-01
   9.21378082e-01
  -4.09057808e-01
   1.09551587e+00
  -9.30368614e-01
  -4.05495253e-01
  -5.30960242e-01
  -1.83274867e+00
  -8.98922762e-01
  -2.81581797e-01
   9.28133669e-01
  -1.94908485e+00
   1.31992916e+00
   2.13055594e+00
   2.84792526e-01
  -2.52827044e+00
   5.96491635e-01
  -1.18851205e-01
   1.89564845e+00
  -2.52981317e-01
  -2.51534002e-02
   5.85173871e-01
  -2.13559909e-01
   7.76220462e-01
  -1.00876671e-01
   1.06212007e+00
   4.40909444e-01
   5.01816604e-01
   7.46042075e-01
  -3.82230717e-01
  -6.84961426e-01
  -4.74205464e-01
   1.63031616e+00
   1.31110654e+00
  -4.97098998e-03
  -3.58549390e-02
   6.24691380e-01
  -3.73479233e-01
  -1.00369151e+00
  -9.20180393e-01
   3.02157350e-01
   6.76247454e-01
   2.36271591e-01
  -1.96915021e-01
   1.50671190e+00
   1.47890378e+00
   1.16401916e-01
  -1.01443469e+00
  -8.38136785e-01
   3.54981193e-01
  -6.23133375e-01
   5.20537081e-01
  -4.14381358e-02
  -8.43022141e-01
  -4.81834205e-01
  -3.14851653e-01
   5.31811326e-01
  -8.12216463e-01
   1.73500027e-01
   2.21751528e+00
  -8.80960682e-01
   2.11618109e-01
   9.03647995e-01
  -8.56454194e-02
   1.68360581e-01
  -3.18043456e-01
   1.78307509e+00
  -3.36668986e-01
  -2.06509455e-02
   5.26213633e-01
   8.38071955e-01
  -1.36513596e-01
  -1.21349310e+00
  -7.79089791e-01
  -9.07404931e-01
  -1.49835815e+00
   4.56490874e-01
  -6.91401182e-01
  -5.21894046e-01
  -4.83712557e-01
  -7.81584406e-01
  -1.06397027e-01
   3.85057262e-01
   6.52220280e-02
  -1.87090804e+00
   2.42586630e-01
   1.36883749e-02
   1.82781059e+00
   1.69696579e-01
  -1.37602959e+00
   9.31120413e-01
  -1.09272164e+00
   3.16407431e-01
   6.05279919e-01
  -9.09245508e-02
  -7.80483652e-01
  -4.82497044e-01
   6.11352239e-01
  -1.12696989e+00
  -3.80558725e-01
   1.37378021e+00
   1.35530695e-02
  -1.03111628e+00
  -1.14401461e+00
   4.97053474e-02
   5.82046237e-01
  -2.76768491e-01
   2.44245029e-01
  -5.52506929e-01
  -6.30421228e-01
  -9.04964757e-01
   5.08512604e-01
  -4.84899120e-01
   8.76661841e-02
   1.82112695e+00
   1.13263076e+00
  -8.09270611e-01
  -1.98528827e+00
   1.29205586e+00
  -2.59072777e-01
  -1.13769472e+00
   1.23189646e+00
  -3.87401683e-03
  -1.38020875e+00
   1.90746732e-01
  -3.78492750e-01
  -1.36351504e+00
  -2.13234229e+00
   2.30181764e-01
  -7.31199726e-01
   6.20520073e-02
   1.03210237e+00
   1.74478251e-01
   7.20877571e-01
  -4.48917641e-01
  -1.22472830e+00
   1.14939498e+00
   1.16356445e-01
   3.93124619e-01
  -2.73212010e-01
   5.37321242e-01
  -7.34954571e-01
  -8.62825544e-01
  -1.60342703e+00
   7.62039258e-01
  -8.59592786e-01
  -1.38349452e+00
   1.55643859e+00
  -7.44102059e-01
  -2.62960943e-01
  -7.14676495e-01
   1.03743713e+00
  -5.79000643e-01
   9.72492225e-01
  -2.48840000e-01
   9.86358965e-01
   4.44115269e-01
   5.15377840e-01
  -4.39215025e-01
   4.04481287e-01
   9.09331218e-01
   2.39594018e-01
   3.62008305e-02
  -6.24774088e-01
   1.42005422e+00
  -1.09187036e+00
  -8.58898319e-01
   4.90525723e-02
   7.30037297e-02
  -3.79455748e-01
  -1.15289904e-01
  -1.74949025e+00
   8.69251247e-01
   1.52072786e-01
   9.93090624e-01
   1.79952925e+00
  -1.16242475e+00
  -8.98952785e-01
  -5.31023199e-01
   7.66687143e-01
   2.45222928e-01
   4.38545693e-01
  -1.11408070e+00
  -1.38280984e+00
  -8.31588094e-01
   1.37242294e+00
  -1.07056529e+00
   6.70798194e-02
  -1.19400935e-01
  -1.72517064e+00
  -1.41129281e-01
   1.23417761e+00
   1.54686092e-01
  -7.59240578e-01
   5.92107803e-01
  -2.79780205e-01
  -9.30735992e-02
  -5.53475022e-01
  -6.52712369e-01
   1.53838533e+00
  -7.74243291e-01
   1.07914766e+00
   1.31856666e+00
  -4.72994232e-01
   4.93301009e-02
   8.47614294e-01
  -9.34578209e-01
   9.61223354e-01
   5.50924060e-01
   6.01506675e-01
  -1.06779718e+00
   5.39358830e-02
  -9.21958245e-01
   7.00052506e-01
  -1.30799289e-01
  -1.14056967e+00
  -2.74579267e-01
   1.40986336e+00
  -1.95648462e+00
  -7.35744749e-01
  -9.60970816e-01
  -2.55055816e+00
  -1.08097774e+00
   1.47027245e+00
   1.22702787e+00
   1.71796473e-01
  -1.58891999e+00
  -8.43456498e-01
   1.26349035e+00
  -8.43802268e-01
   8.79829572e-02
   7.17765075e-01
   1.57371546e+00
   6.63203656e-01
  -2.75909804e-01
   9.65513938e-01
   6.94997595e-01
  -1.82958007e+00
  -1.04525981e-01
   5.14925400e-01
   5.29100845e-01
  -3.75715158e-01
   2.29674314e-01
  -5.06345467e-01
  -2.07159175e-01
  -1.31989779e+00
   2.03977695e-01
  -8.86747219e-01
   1.26963740e+00
   1.31250820e+00
   8.06293433e-01
  -1.13117692e+00
   5.37256572e-01
   8.88368619e-01
  -1.41923354e+00
  -3.59618919e-01
  -4.06439733e-01
  -2.35164596e-01
   6.50617683e-01
   2.42991275e+00
  -7.79394538e-01
  -4.17120319e-01
  -7.11642477e-02
  -1.65352768e+00
   1.21925800e-01
   7.17497110e-01
   1.14313078e+00
  -2.86076946e-01
   1.32547159e+00
  -1.11876106e+00
  -1.53978529e-01
  -8.50308093e-01
   2.75335373e-01
   4.07366601e-01
  -1.94629708e-01
  -7.13338733e-01
  -2.35622477e-01
  -4.67272109e-01
  -1.66348945e-01
   7.72057482e-01
  -4.02252833e-01
  -4.39821045e-01
   2.28769807e-01
  -6.24466557e-01
   8.40498319e-01
  -1.23317562e+00
  -2.80668063e-01
  -1.27890819e-01
  -3.04414362e-02
   9.43556215e-01
   2.16638480e-01
  -1.32030399e+00
   6.39898952e-01
   5.91514853e-01
  -3.69389338e-01
   1.00949737e+00
  -1.30993330e+00
  -1.54367559e+00
  -2.54980513e-01
  -7.20132642e-01
  -6.17488312e-01
  -1.33181701e+00
  -3.08929990e-01
  -7.33587938e-01
   4.63378858e-01
   2.73255309e-01
  -8.58288555e-02
   1.07718587e+00
   3.29912296e+00
   2.40606048e-01
  -2.81853904e+00
   1.19586604e+00
  -2.07718259e+00
  -2.35060966e-01
   3.19813871e-01
   9.48313203e-01
  -1.69342903e+00
   1.02924790e+00
  -5.65490383e-01
   1.35636655e+00
   1.76025607e+00
   8.83894848e-01
   1.81170101e-01
   5.99666472e-01
   5.95207321e-01
   2.09465021e-01
  -1.35685590e+00
   1.69896480e+00
   9.05053983e-01
  -7.81155481e-01
   6.07927887e-01
   4.99290193e-01
  -1.09596604e+00
  -9.09745824e-01
  -4.90835352e-01
  -8.31573043e-01
   5.83543344e-01
  -6.91199889e-01
  -1.28966105e+00
   1.09860587e+00
  -1.61115721e+00
   3.31179510e-01
  -7.31528764e-03
  -3.06320394e-01
   9.39181900e-01
   1.13177413e-01
   6.22771885e-01
   4.45432308e-01
   1.43814304e+00
  -2.12120566e+00
  -6.24879142e-01
   6.10021135e-01
   6.39349908e-01
   1.83498948e-02
  -3.54472686e-01
  -3.82731384e-01
   1.01836826e+00
  -9.33471459e-01
  -1.35719814e+00
  -1.05600877e-02
  -9.90895477e-02
   3.32122374e-02
   1.03074036e+00
  -2.52246697e-01
  -6.68370974e-01
   1.31717756e-01
  -1.73937283e+00
   5.65029400e-01
  -1.65433862e+00
   5.51071669e-01
   1.79135661e-01
  -6.17596471e-01
  -6.02686754e-02
   3.89310504e-02
  -1.62786427e+00
   1.08163219e+00
  -4.93048360e-01
  -1.37754953e+00
   7.10821375e-01
  -6.76192234e-01
   3.98748434e-01
  -9.31044018e-01
   1.86704741e-01
   1.37005025e-01
  -1.45020140e-02
  -2.07664021e+00
   7.83398833e-01
   1.28567018e-01
  -1.82991843e-01
   2.87922570e-01
   7.02955326e-01
   5.01256123e-01
   3.15252984e-01
  -1.19221617e-01
  -6.36673953e-01
  -1.83522935e-01
  -1.75912756e+00
  -2.44869766e+00
   2.66293694e-01
   1.49494961e+00
  -2.63940081e-01
  -6.20056128e-01
  -3.48313900e-01
  -1.74236707e-01
   2.18472658e+00
   3.28534029e-02
  -4.57375271e-01
  -1.03303719e+00
   1.41584926e+00
  -8.00639435e-01
   1.55835151e+00
  -8.59803136e-01
  -1.79852982e+00
   1.77904526e+00
  -2.73881520e-01
   6.27663592e-01
  -2.20112535e+00
   1.78658488e+00
  -8.88550506e-02
  -1.09818419e+00
  -1.30896766e-01
  -1.09220328e+00
  -1.58978788e+00
  -8.09746116e-01
   6.71852072e-01
  -1.59463846e+00
  -4.58912598e-01
  -5.53820407e-01
   1.26284550e+00
  -7.18323020e-01
  -1.31020420e+00
   7.04371485e-01
   1.29153568e-02
   6.20448555e-01
  -9.36448869e-01
  -8.12063307e-01
  -1.42480788e+00
  -1.58621613e+00
  -2.42004734e+00
   7.06173715e-01
  -1.19862539e+00
   1.02230195e-01
  -1.34642480e+00
   1.02997188e+00
   7.00896997e-01
  -3.40656246e-01
   3.64613599e-01
   5.25509454e-03
  -1.89401007e+00
  -6.80920590e-01
  -1.25262896e+00
   1.54533567e+00
  -1.70764313e-01
  -3.47863171e-01
   3.10567640e-01
   1.40732885e+00
   2.95221293e-01
  -8.43820718e-01
   2.96712044e-01
  -3.54234776e-02
  -2.83769305e-01
  -1.72053599e+00
  -1.81313952e+00
   1.06980434e+00
  -3.92997262e-01
  -1.61834012e+00
   1.26977152e+00
   1.39495849e+00
  -1.92361406e-02
  -6.65022589e-01
   1.41297060e+00
   2.22649386e+00
   2.51821619e-01
   2.31253986e-02
   8.10361706e-01
  -6.29804756e-01
   1.25874105e+00
  -2.46572089e+00
  -1.37819943e+00
  -7.54610820e-01
   5.75974880e-01
  -1.20858569e-02
   6.32858105e-01
   8.76909516e-01
  -6.75519637e-01
  -2.52686708e-02
   6.56632073e-01
   2.43083779e-01
   1.35562839e+00
   1.83950201e+00
   1.20841675e+00
   8.62880028e-01
  -9.85868421e-01
   6.04467123e-01
   8.01352375e-01
  -1.18020304e+00
  -3.58849784e-01
   1.50390816e-01
  -5.47441744e-01
   1.67395249e+00
   1.63197061e+00
  -6.98876106e-02
  -6.76877450e-01
  -8.77871686e-01
   1.28084054e+00
  -1.07159832e+00
  -2.40864602e+00
  -1.73203923e+00
  -2.17654401e+00
   7.99887231e-01
  -9.38904990e-01
   1.54519176e+00
  -1.21877814e+00
   4.95723722e-01
   5.11020641e-01
   2.33984118e-01
  -1.41582687e+00
   8.77790086e-02
  -3.42772746e-01
  -7.61824325e-01
   9.62088930e-01
  -9.75676374e-01
   1.30148318e+00
  -6.32548357e-01
   4.66139482e-01
   3.55028301e-01
   1.39867579e+00
  -1.60799311e+00
   1.09707057e+00
  -6.60783692e-01
  -6.87924648e-01
  -1.33879920e+00
  -4.85760030e-01
  -4.61688238e-01
   1.14801520e+00
  -2.60512333e-01
   3.12843249e-03
   8.79984415e-01
  -1.54717093e+00
  -3.55123620e-01
   2.12239067e+00
   5.79686254e-01
   1.00974058e+00
   6.62015362e-01
  -1.02041359e+00
  -4.27929679e-01
   4.32689381e-01
  -4.03808120e-01
   2.87054409e-01
  -3.62631434e-01
  -4.19930896e-02
  -2.02576922e+00
  -1.64936290e-01
  -1.20313091e+00
  -1.29653347e+00
  -5.37992842e-01
   1.42827756e+00
   1.26553503e+00
  -1.34683409e+00
  -1.56922510e-01
   7.79627480e-01
   7.15707053e-01
   1.42758212e+00
  -3.61387732e-01
  -1.10311542e+00
  -1.42327248e+00
   1.40185556e+00
  -1.71481514e-01
  -2.35909837e+00
  -2.61834601e-01
  -2.88366110e+00
  -6.25179171e-01
  -9.67158105e-01
   3.07106578e-01
  -1.19278229e+00
  -2.78482891e-01
  -5.36248944e-01
   2.83309057e-01
   1.40636049e+00
   1.43544319e-01
   6.07677600e-01
   3.02741049e-01
   9.22116039e-01
  -1.59570165e+00
  -8.38917873e-01
   1.30442613e+00
   1.96813054e+00
   6.90115638e-01
  -9.34624204e-01
  -2.07734316e-01
   7.00608782e-01
  -1.65639072e+00
   5.38908720e-01
   2.71130748e-01
   7.89210680e-01
  -1.13192872e+00
  -8.25548913e-01
   7.44821236e-02
  -1.60425403e-01
   9.83004471e-01
  -3.96501148e-01
   2.78321751e-01
   1.35499487e+00
   7.06476494e-01
  -9.68994454e-01
   4.13529790e-03
   3.90687404e-01
  -1.70943380e+00
   9.00305324e-01
   1.12743155e+00
  -2.53385267e+00
  -7.43729749e-01
   1.71973676e+00
   7.39114581e-01
  -5.57663336e-01
  -1.53249458e+00
  -1.13404671e+00
   3.40706953e-01
   4.63457291e-01
   2.13232945e-01
  -9.32112159e-01
  -8.93286433e-01
   2.00265028e+00
   1.53576816e+00
   3.51761918e-01
   9.48492644e-01
   1.58700029e+00
   5.86032840e-02
   2.54012404e+00
   2.50777881e+00
   1.10628393e+00
  -1.85805897e+00
  -2.70120795e-01
  -8.66732512e-02
   7.79143278e-01
  -2.19497816e-01
   1.07651365e-01
  -2.66327820e-01
  -1.99335948e-01
   1.61953958e-01
  -8.01022136e-01
  -3.69488997e-01
   1.57779497e-01
  -1.37796027e+00
   5.94973293e-01
  -5.46878521e-01
  -1.05537744e+00
  -3.57401768e-01
  -2.38758526e-01
   1.20148279e+00
   9.56760692e-01
  -1.76024886e-01
  -1.30796298e+00
   6.51252657e-01
  -2.07391540e+00
   1.90826775e+00
  -4.62117290e-01
   1.59027391e+00
   8.23043522e-01
  -1.01172128e+00
  -1.35814831e+00
  -1.92437583e+00
   6.37883600e-01
  -7.51282587e-01
   7.87146781e-02
   9.23848052e-01
  -2.37858909e-01
  -3.90353190e-01
  -9.17534227e-02
   1.62209640e+00
  -9.92181452e-01
   1.80755268e-01
  -3.57144038e-01
   9.05661283e-01
  -9.37401035e-02
  -9.25830417e-02
   3.33130143e-01
   8.57876621e-01
   9.87578479e-02
   8.03076291e-01
  -1.69460880e-01
   1.29091386e+00
   3.28238024e-01
  -1.88140814e+00
  -1.53135877e+00
  -2.07998001e-01
   5.43305134e-01
   1.40443764e+00
  -2.11006633e+00
  -5.19244967e-01
   1.08673439e+00
  -1.16351903e+00
   3.16234431e-01
   3.69414235e-01
   6.99069925e-01
   1.24250856e+00
  -3.54943417e-02
   1.45024620e+00
  -2.88914315e-01
  -1.13373176e+00
   3.19371680e-01
   1.81850556e+00
  -1.68307425e-01
  -8.76314415e-01
  -9.28057602e-01
   5.19387740e-01
   6.48523425e-02
  -1.10346089e+00
   4.55820939e-01
  -1.07072432e+00
  -6.95586143e-01
  -9.57867533e-01
   4.68349867e-01
  -1.13712135e+00
  -3.92621865e-01
  -7.29672844e-01
   1.36200725e+00
   1.02887827e+00
   9.97650431e-01
  -3.17563928e-04
   5.51911838e-01
   7.01306740e-01
  -6.62605022e-01
  -2.07696493e-01
  -8.15271711e-01
  -2.72037508e-01
   3.68944058e-01
   1.64601537e+00
   5.09349241e-01
  -4.52341417e-01
  -7.57810093e-02
   2.79855249e-01
   1.29890206e+00
   2.09953261e-01
  -3.55471857e-01
   2.82758209e+00
   7.01200352e-02
   1.27106971e+00
  -7.88320347e-01
   1.85510769e+00
   1.24529632e+00
  -1.01724808e-01
   7.29334373e-01
  -1.66050884e-01
  -3.91911398e-01
  -2.02203245e+00
   6.48704115e-01
   6.95862629e-02
  -5.45495936e-01
   2.61991648e+00
   2.11209060e+00
  -2.14092806e+00
  -6.03281278e-01
   1.38749916e+00
   2.40055067e+00
  -1.16411749e+00
  -5.84805749e-01
   1.67625308e-01
   3.18073558e-01
   2.19507641e+00
   1.04233792e+00
   7.35903556e-01
   6.23561871e-01
   2.81398366e-02
   9.39646918e-01
   2.46814600e-01
  -1.67988528e+00
  -7.14772198e-01
   5.28810116e-01
  -1.39759553e-01
   1.18113983e-01
   6.02949513e-01
   8.57461640e-01
   3.01252625e-01
   4.91864121e-01
  -7.55250779e-03
   3.15992078e-01
   1.92152379e-01
  -1.45489820e+00
   4.43183576e-01
  -1.49233915e+00
  -3.33611537e-01
  -3.96130263e-01
   4.49502403e-01
   2.88593045e-01
  -7.54516644e-01
   5.80675202e-01
  -1.18979844e+00
   1.18377693e+00
  -4.73270325e-02
   1.20979099e-01
  -3.59326771e-01
  -1.14375633e+00
  -1.22510041e-02
  -8.04065175e-01
   3.32015990e-01
   5.85626767e-01
  -9.70657397e-02
  -4.34718483e-01
  -1.77177101e+00
   1.29187448e+00
  -8.23741774e-01
  -5.25115796e-01
   1.45368464e+00
   5.80520945e-01
   4.10207875e-01
  -2.45446530e+00
   9.08399004e-01
   8.10825894e-03
  -6.98268722e-02
  -6.10691491e-01
   3.08441334e-01
  -1.56270056e+00
   1.41863130e+00
   8.52772307e-01
   6.98692498e-01
   4.56413060e-01
   1.85081206e+00
  -7.76192433e-01
   3.22789320e-01
  -2.00083880e+00
  -1.16246593e+00
  -4.18032194e-01
  -7.92254850e-01
  -1.07538310e+00
  -1.80791095e+00
  -5.55055622e-01
   3.87696782e-01
  -2.47458471e-01
  -1.92134018e+00
  -7.59257680e-01
  -1.46358545e+00
  -1.20016667e+00
   1.07892117e+00
  -9.12647518e-01
  -1.81326867e+00
   3.78616348e-01
  -2.60289533e-01
  -8.98661070e-02
  -1.83397256e+00
   1.06591906e+00
  -1.34511246e+00
   3.99336756e-01
   1.01149568e-01
  -1.66211807e+00
   3.72728389e-01
   3.95147530e-01
  -3.91993916e-01
   1.12167418e-01
  -5.09563192e-01
  -2.32916414e-01
  -1.81763125e-01
   4.26352092e-01
   3.00046534e-01
  -4.58019575e-01
   2.33720258e-01
  -1.22179406e+00
  -1.39586339e+00
   8.66167895e-01
   2.60152663e-02
   1.05899896e+00
  -1.38496715e+00
   2.50868495e-01
   2.08634170e-01
   6.89377309e-01
  -2.34629631e+00
  -4.37739493e-02
  -1.23735458e+00
   3.83704535e-01
  -5.34918651e-01
   9.74052079e-01
   2.23846835e-01
   3.75225811e-01
   3.88252010e-01
  -1.29706760e+00
  -2.61096130e-01
  -1.76124565e+00
   4.72446464e-01
   3.44139848e-01
  -7.15838200e-02
   1.75238770e-01
  -4.62661214e-01
  -3.45086842e-01
  -2.45072580e-01
   6.36598421e-01
   1.01191650e+00
  -7.69562808e-01
  -2.50697372e-01
   3.44210667e-01
  -1.90575900e+00
   7.39271727e-01
   1.32670357e+00
   3.50416379e-01
  -7.25170689e-01
   2.39115782e-01
   8.22603923e-01
   2.48881109e-01
  -1.21221219e+00
   1.31898793e+00
   8.40340652e-01
  -9.51806188e-02
  -4.53904441e-01
  -7.41943516e-01
  -2.51277293e-02
  -3.90088269e-01
  -1.70096406e-01
   4.00748509e-01
   3.64952274e-02
  -3.54199129e-02
  -1.22062133e+00
  -5.99137782e-01
   6.97706208e-01
   1.30506744e+00
   8.36912952e-01
  -7.03997631e-01
   1.66942885e+00
   8.35067599e-01
  -2.01919951e+00
  -7.64929201e-01
  -1.25221561e+00
   1.16606199e+00
  -2.58063806e-01
   7.17693087e-01
  -4.04811114e-01
  -7.68319981e-01
   2.58758224e-01
   2.07546172e-01
  -1.20451799e+00
  -5.03494060e-01
  -6.46773174e-01
   1.18142979e+00
  -1.22187361e+00
   4.21221945e-01
   4.00177203e-01
   4.60572441e-01
   4.63664274e-01
   1.17511687e+00
  -6.13745114e-01
   4.94200197e-01
   5.25612650e-01
  -1.46095584e+00
  -5.06310319e-01
   7.09948867e-01
  -8.44651517e-01
  -1.11803403e+00
  -2.42351441e+00
   1.00735637e-01
   3.25136138e-01
   2.49608333e+00
  -1.25950123e+00
   1.44196843e-01
  -1.09786715e-01
   1.46052226e+00
   8.32228287e-01
  -1.58671183e+00
   2.02083656e-01
   9.12224536e-01
   3.90772088e-01
   5.65634903e-01
  -4.01560259e-01
   8.11322961e-01
  -8.97231440e-01
  -1.30581519e+00
   1.51120726e+00
  -1.90313190e-01
   9.68113514e-01
   1.04468091e+00
   7.98173863e-01
  -9.23733115e-01
  -1.93143369e-02
   1.51043333e+00
  -3.00489694e+00
  -3.84058863e-01
   1.12917797e+00
  -4.06906122e-01
   6.98777929e-01
  -4.15775196e-01
  -8.44428314e-01
  -1.58158396e-01
   2.80104704e+00
   8.26838377e-02
  -1.10119916e+00
   2.13986062e+00
  -7.80565786e-01
  -1.13519191e-01
   1.10501833e+00
   7.51784917e-01
   9.14429298e-02
  -4.25152205e-01
   5.73072034e-02
   6.70932607e-01
  -1.54960839e+00
  -8.17126260e-01
   9.52640988e-01
  -2.16183228e-01
  -3.98166766e-01
  -9.85760684e-01
  -1.00799018e+00
  -7.40124398e-01
   4.39096256e-01
  -2.94329983e-01
  -6.28974826e-01
   9.33738350e-01
   2.13017400e-01
   9.45463680e-01
   5.62919362e-01
   1.10234927e-01
   4.99164427e-01
   3.17014906e-01
   1.49971019e+00
   2.30590675e-02
   1.83409908e+00
  -9.71856862e-02
  -2.89061951e-01
   1.18313441e+00
  -1.89498567e+00
  -7.43384263e-01
   1.46638703e+00
  -1.01464793e+00
   4.43020036e-02
   3.99957335e-01
  -1.60743847e+00
  -2.55121820e+00
   1.23192342e+00
   1.15076143e-02
  -2.12697193e+00
  -1.07123803e+00
  -6.00798399e-01
  -1.27321467e+00
   6.13169062e-01
   5.21662728e-01
  -7.07340608e-02
   7.57199885e-01
  -7.26377010e-02
  -1.18669422e+00
  -1.33153584e-01
  -7.57295368e-01
   3.90836061e-01
  -3.83443195e-01
  -2.52354894e-01
   1.22008131e+00
  -1.14614584e+00
   1.06714965e+00
   8.56184237e-01
   1.83316576e+00
  -2.53204309e-01
   8.69660870e-01
   2.64501645e-01
   6.52105849e-02
   1.60737297e-01
  -1.70187826e+00
   1.85647989e-01
   2.34142732e-01
   6.28144974e-01
  -4.89947911e-01
  -1.26662618e-01
   1.57974711e+00
   7.40756788e-03
  -2.88423655e-01
   1.18307144e-01
  -2.15054629e+00
   2.07669547e-01
  -7.78552853e-01
  -9.71605495e-02
  -6.80138370e-01
   2.84016308e+00
   4.76247605e-01
   1.04760541e+00
  -1.36244863e+00
  -7.15752229e-01
  -3.89161709e-01
   9.42553408e-01
   1.45612379e+00
   3.51778991e-01
  -3.88312409e-01
  -5.41903065e-01
   1.08886606e+00
   3.44845157e-01
   9.12350982e-01
   5.03249759e-01
   2.71828098e-01
   7.26905947e-01
  -2.96128799e-01
  -6.57846171e-01
   7.20777419e-01
  -1.81486928e+00
  -2.09715065e+00
  -1.82946560e-01
  -1.03792857e+00
   1.03533267e+00
   1.83920813e-01
  -1.23669752e+00
  -3.99315738e-01
  -1.26751853e+00
  -8.87681342e-01
   4.76228248e-01
   1.46149416e-01
  -4.56265059e-01
   1.49641913e+00
  -5.37345448e-01
  -1.97892314e+00
   1.42497704e-01
  -4.43583985e-01
   2.11883711e-01
   8.66512954e-01
   6.06479363e-01
  -5.86109359e-01
  -1.25058378e-01
  -2.10180955e-01
  -9.45830322e-01
  -6.19144001e-01
  -1.08195500e+00
   1.00857110e-01
   3.26409946e+00
  -1.75030766e+00
   1.06400795e+00
   2.10122882e+00
   1.88509241e-01
  -1.31376983e-01
  -1.19133200e+00
  -3.42553413e-02
   9.89390166e-01
  -1.29804591e+00
   4.62189884e-01
  -4.97486802e-01
  -2.72762366e-01
   2.82322313e-01
  -1.10811538e+00
   1.00416356e+00
  -5.98095405e-01
   4.47798437e-01
  -1.79803391e+00
   5.50270348e-01
   6.89700963e-01
   4.38846708e-01
  -1.89020792e+00
   2.12938285e+00
  -1.35711696e+00
   1.70006200e-01
  -1.24643519e+00
  -2.11043613e-02
  -2.96078566e-01
   3.90965619e-01
  -1.85802578e+00
   2.24543918e-01
  -1.63338152e-01
  -1.82730376e+00
   1.94099165e-01
  -3.57166652e-01
   1.34608356e+00
   1.52175444e-01
  -2.00661159e+00
   7.41890002e-01
   5.55505004e-01
  -1.55193151e-01
  -5.49284616e-01
  -1.49176828e-01
   1.11483697e+00
  -7.79934147e-01
   2.78239567e-01
   2.87111994e-01
   8.01611080e-01
   1.13347462e+00
  -8.47297788e-01
   3.86547190e-02
   7.51363887e-01
  -8.16980840e-01
   1.28235178e+00
   9.35277791e-01
  -2.43762297e+00
  -6.94833510e-01
   2.33003629e-01
   1.29954355e+00
   3.85644579e-01
  -7.15424206e-01
   5.23151210e-01
   1.46529855e+00
  -1.29236553e+00
   7.10085205e-01
   4.46961533e-01
  -7.25355063e-01
   3.77005038e-02
   1.42668344e-01
  -8.21219190e-01
  -2.00602808e+00
  -5.02500563e-01
  -8.10919396e-02
   8.91429075e-01
   1.21471826e+00
  -8.03299595e-01
  -4.62575462e-01
   1.01353727e+00
  -1.17202093e+00
  -1.71560147e-01
  -2.38197033e-01
   1.30096719e+00
   1.02205840e+00
   1.64275977e+00
  -1.36500125e-01
   5.03555742e-01
  -2.98726382e-01
  -5.05888629e-01
   3.68383075e-02
   5.56055051e-01
   9.54319595e-01
   6.06073575e-01
  -2.23868766e+00
  -1.17726866e+00
   1.01806112e+00
  -1.33730103e+00
  -5.29095583e-02
  -8.04939587e-02
  -3.96980823e-01
  -6.33984343e-01
   1.06119167e-01
   9.85065007e-01
   1.35135742e-01
   1.22845591e+00
  -1.74965331e+00
  -1.33845137e+00
   1.16424869e+00
  -1.11298091e+00
   4.16792637e-01
   6.46850107e-01
  -1.38025681e+00
  -1.81693081e+00
   1.04324257e+00
   2.56912455e+00
   2.72129424e-01
   5.63866148e-01
  -8.17405378e-01
   9.40879199e-01
  -1.74178757e+00
   3.17093995e-01
   3.39979114e-01
   1.46555286e+00
   5.38367999e-01
  -2.37832028e-01
   8.24374518e-01
   1.60351780e+00
   8.39112913e-01
  -9.12672983e-01
  -1.04022930e+00
  -9.08338361e-01
   8.85342305e-01
   2.08349160e-01
  -2.01934974e-02
  -2.13451471e-02
  -5.28323591e-01
  -2.79543737e+00
  -1.21717097e+00
   9.03671135e-01
  -7.24568101e-01
   6.55876868e-01
  -1.10812759e-01
   9.56404151e-02
   1.12564650e+00
  -5.21765712e-01
   6.12806248e-01
   1.00649220e+00
   1.32026497e+00
   1.36166616e-02
   6.24913845e-01
   6.20452081e-01
  -8.12533641e-01
   8.14170606e-01
  -1.39567464e+00
   4.35368857e-01
   1.14980275e+00
  -1.14702637e-01
   1.26810402e+00
  -7.92580404e-01
   2.46194554e-02
   1.24884504e+00
   1.65377802e+00
   1.34468115e-01
   1.42031013e-01
  -1.39299081e+00
   3.65365831e-01
  -8.82256855e-01
  -6.37385152e-01
   7.86415901e-01
   3.28737200e-01
   1.03412308e+00
  -8.54883945e-01
   6.02187250e-01
  -1.26808085e+00
  -2.67479903e-02
  -1.55721754e+00
  -1.60140074e+00
  -1.40669059e+00
   1.31717148e+00
  -4.71238875e-01
  -3.05270291e+00
  -4.34313316e-01
   4.45021219e-01
   2.07840020e-02
  -9.23368966e-01
   3.23986206e-01
  -9.32678251e-01
  -1.04595204e-02
   2.35048965e+00
  -7.99623582e-01
   1.68872307e-01
  -1.13421943e+00
   1.04405934e+00
  -1.90647444e-01
  -5.07260250e-01
   1.66501629e+00
   1.03217180e+00
  -4.56927545e-01
  -5.87196666e-01
  -2.51137543e-01
  -1.28540879e-01
   5.65433006e-02
   7.60507424e-01
  -9.22306814e-01
  -1.25984283e+00
  -8.16908133e-01
  -7.65882391e-02
   6.71856836e-01
   1.07880506e+00
  -8.91109815e-01
  -9.19637117e-01
  -1.85178221e-01
  -1.61839102e+00
  -6.11707880e-01
  -4.25393644e-02
   2.58921643e+00
   2.79228095e-01
  -1.42301962e+00
   8.57784801e-01
   2.30814586e-01
  -7.97254164e-01
   2.26469205e+00
   1.33565378e-01
  -3.15101309e-01
   1.78914136e+00
  -1.07267382e+00
  -9.05941835e-01
  -7.17247679e-01
   6.19143235e-01
   4.89764212e-01
  -7.06710136e-01
  -3.16858747e-01
  -2.33742447e+00
  -1.55894985e+00
   9.10667003e-03
  -8.69065417e-01
   1.74249850e+00
  -1.93911978e-01
  -9.48236488e-01
  -1.43859622e+00
  -4.40055295e-01
  -8.46420373e-01
   1.09999270e+00
  -3.46495295e-02
  -1.18699458e+00
   1.50859056e+00
   1.63799110e+00
  -2.82871761e-02
  -5.46365075e-01
  -1.64501834e-01
  -1.14160370e+00
   8.44371733e-01
  -3.60181775e-02
   6.68568362e-02
  -9.55482293e-01
  -3.91873690e-01
  -1.07555015e+00
  -2.13257563e-01
  -5.31881774e-01
   5.10455073e-01
   7.58982582e-01
  -4.84062475e-01
   9.91351085e-02
  -4.67573099e-01
  -1.73683176e+00
  -1.83237646e+00
  -3.82991220e-01
  -7.46874087e-01
   1.29044198e+00
  -1.40054258e+00
   5.99796618e-01
   7.02274113e-01
  -7.50405992e-01
   5.89079891e-01
  -1.27652653e+00
  -1.83003474e+00
   1.04340670e+00
   1.25677392e+00
   6.09021800e-01
   4.70358717e-01
  -1.67766718e-01
   1.63223638e+00
   1.36538323e-01
   2.53635934e-01
  -2.20245914e-01
   8.48039367e-01
  -7.65227299e-01
  -1.51977504e+00
  -3.01740414e-01
  -1.27446608e+00
   1.76349602e+00
   6.35374971e-01
  -7.65152379e-01
   1.26480346e+00
   5.81288489e-02
   1.43490086e+00
   1.29368379e+00
   9.98859027e-01
   8.87530809e-01
  -6.15520985e-01
   5.85895608e-01
   2.10414675e+00
   4.60270348e-01
   1.17095036e+00
  -7.12315922e-01
   4.08555238e-01
  -5.70978023e-01
   3.72693677e-01
   1.07393455e-01
   9.28366247e-01
  -1.43660640e+00
   1.78003440e+00
  -3.42243156e-01
  -3.90529274e-01
   3.77189549e-01
   6.57571664e-01
  -1.46435204e+00
   4.61929397e-01
  -1.72648510e+00
   2.65625808e-01
  -1.07424088e+00
   7.94716517e-01
   8.92102021e-01
  -5.71395329e-01
   1.46916088e+00
   2.31280911e-01
   8.73098678e-02
   9.56038776e-01
  -7.98350342e-01
   5.69948807e-01
   3.49924571e-01
  -9.46517794e-01
   7.99338776e-01
  -5.11446838e-01
   8.52524257e-01
   1.29958198e+00
   4.29565366e-01
   1.45674751e-01
  -3.39567419e-02
  -1.14289700e-01
  -2.06479154e-02
  -5.91543864e-01
  -1.00445233e-01
   1.43194433e+00
   2.27441445e-01
   1.39479934e+00
   8.35692147e-01
  -3.22978441e-01
   9.84026253e-01
   2.43723556e-02
   5.64105029e-01
   8.43981958e-01
   5.24718079e-01
   1.09612155e+00
  -1.54325739e+00
  -7.38633731e-01
   1.33133719e+00
   7.19328793e-01
  -1.61617485e+00
   7.38467067e-02
   3.50440598e-01
   1.61230439e-01
   6.50148863e-01
   7.01172903e-01
  -9.19383955e-01
  -1.02909751e+00
   4.27704551e-01
  -1.21104975e+00
   3.79781151e-01
   8.19835014e-01
  -1.13362761e+00
  -2.15758222e+00
  -7.20439805e-01
   1.96576224e-01
   1.04712768e-01
   1.59758127e+00
   2.80112239e-01
  -1.94944819e+00
  -7.21738331e-02
  -8.76996097e-01
   4.44930562e-01
  -1.81335522e+00
  -6.90671082e-01
   1.52930283e+00
  -1.19486650e+00
   5.85135388e-01
   4.31451309e-01
   4.23101943e-01
  -9.96082954e-01
  -9.94164358e-02
  -8.76879580e-01
   1.29418175e-01
   1.12379499e+00
   1.72301603e+00
   7.69398267e-01
   1.08312193e-01
  -6.13341314e-01
  -8.25371561e-01
   4.35815250e-01
   3.38562803e-01
   6.59687789e-01
   5.64089756e-01
   6.00184252e-01
   1.06107127e+00
  -1.15865143e+00
  -1.73087695e+00
  -1.76483888e+00
   6.91172655e-01
   1.43836559e+00
   1.27294644e+00
   1.48221840e+00
   1.57174319e+00
  -1.22250519e+00
  -1.26145657e+00
  -2.31990998e-01
   1.08114349e+00
   5.93069257e-01
   7.99652061e-02
  -5.13256511e-01
   3.64501721e+00
  -3.99284888e-02
  -1.24762077e+00
  -5.89354875e-01
   1.00607434e+00
  -9.58266205e-01
  -3.14707990e-01
  -9.78186640e-01
  -1.45593435e-01
  -3.68772249e-02
   1.28585875e+00
   1.25155990e-01
   8.41101862e-01
  -1.36621274e+00
   1.90470929e+00
  -5.67657778e-01
  -4.89058636e-01
  -1.53946023e+00
   1.37074258e+00
  -1.52082448e+00
  -7.81878178e-01
  -1.45242051e+00
  -1.18068944e-01
   3.32367056e-01
   5.78495200e-01
  -6.35064155e-01
  -7.53844215e-02
  -5.36901508e-01
   2.18669684e+00
  -9.91434529e-01
  -2.69848874e-01
  -7.49293167e-02
   1.34502467e+00
  -2.99003721e-01
  -1.20987445e+00
   8.52010785e-01
   8.57701132e-01
   1.45910511e-01
  -1.62399939e-01
   1.14323282e-01
   2.47916166e-02
  -2.29441667e-01
   6.46674468e-01
  -4.64478536e-01
  -8.84392282e-01
  -3.11246246e-01
   1.63998893e+00
   2.18947248e-01
   1.14073041e-01
  -5.13628202e-01
  -3.94807022e-01
   8.94208305e-01
   4.78249656e-03
   7.67325334e-01
   2.46076747e-01
   1.95238366e-01
  -3.26924258e-01
  -3.66268802e-01
   2.15037713e-01
   4.28274635e-01
  -8.89826816e-01
   2.75074076e-01
   8.18642008e-01
  -3.15050024e-02
   4.76126597e-01
  -9.45033844e-01
   9.65047815e-01
  -9.43256653e-01
   1.58662875e-01
   1.56031141e+00
   4.07229847e-01
   1.04824143e+00
   1.19964993e-01
   1.90481048e+00
  -9.55296113e-01
  -5.24744905e-01
  -1.31219411e-01
  -5.54733350e-01
  -3.27091185e+00
   2.04092616e+00
   5.73690070e-02
   8.31596151e-02
  -7.45366330e-02
  -9.93160597e-01
   4.20944090e-01
  -4.88925705e-01
  -3.12375828e-01
   9.64702727e-02
   1.11797209e+00
  -1.08122614e+00
  -2.18221915e-01
   7.18570494e-02
  -3.11326873e-01
   6.50232812e-01
  -2.74037993e-01
  -8.38925712e-01
  -1.47125491e+00
  -1.78115393e+00
  -7.76790707e-01
  -5.37107700e-01
  -3.23597182e-01
  -1.18640947e+00
  -2.49188260e-02
  -1.23577003e+00
  -1.24914174e-01
   9.53472319e-01
  -3.10831797e-01
   2.88100486e-01
   7.88768958e-01
  -6.18992633e-01
  -3.61196769e-01
   1.85133573e+00
   3.68976950e-01
  -2.56892914e-01
  -6.05353840e-01
  -4.31752549e-01
  -1.16096490e-01
   1.37146764e+00
  -9.05834018e-02
   1.42113203e+00
  -8.56537015e-02
   1.95792782e+00
   9.34857599e-01
  -4.10885179e-01
  -4.37024057e-02
   1.58846613e+00
   1.11305525e+00
  -1.36003052e+00
   2.18847112e-02
  -1.75393851e-01
  -3.15448335e-01
  -7.67317376e-01
  -5.41941172e-01
   3.06850984e+00
  -3.27407770e-01
  -1.14653961e+00
   4.63567214e-01
  -4.75551541e-01
  -7.73388681e-01
  -2.02039207e-01
   1.23220886e+00
  -8.21078970e-01
   4.53418080e-01
  -6.27758042e-01
   8.14440522e-01
  -6.71579725e-01
  -3.06163160e-01
   1.49320977e+00
   1.05054332e+00
   2.03542703e+00
  -2.49452709e-01
  -1.31328470e+00
  -1.15528776e-01
  -7.34834405e-01
  -9.29335027e-01
  -8.74205661e-01
  -7.91061876e-01
   3.51969529e-01
  -3.03715588e-01
   2.24037152e+00
  -8.05628764e-01
   1.52207008e-01
   1.04119367e+00
  -1.42071702e+00
  -5.70600778e-01
  -1.84808124e+00
  -3.35652550e-01
  -8.10282898e-01
  -1.94890244e-01
  -1.25187502e+00
   1.62794899e-01
  -2.57929309e-02
  -1.26694857e+00
  -1.39323638e+00
   2.55761201e-01
   5.72003422e-01
  -1.46489454e+00
   3.83652772e-01
   7.94093661e-02
  -8.80383584e-01
  -5.54341561e-01
  -7.98766697e-01
  -4.84376102e-01
   3.03980544e-01
   9.03820815e-01
   6.13502410e-01
   1.34434782e+00
  -1.00468891e+00
   3.79702339e-01
   2.85250029e+00
   6.30905118e-01
   1.03724667e-02
   1.26488129e+00
   2.96132438e-01
   1.44204832e+00
  -1.11078778e+00
  -4.92062212e-01
  -8.65795721e-01
   1.11590947e+00
  -2.67161679e-02
   6.30525283e-01
  -9.15558816e-01
  -1.18166223e+00
  -4.52470951e-03
   1.14423252e+00
  -2.56096143e-01
  -9.14929017e-01
  -2.59755170e+00
   4.21418523e-01
   1.35522370e+00
   2.91994771e+00
  -2.26515680e-01
  -9.24514067e-01
  -2.26782172e+00
  -6.20527474e-01
  -1.52252403e+00
  -9.17243071e-02
  -2.00136200e+00
   1.13277240e+00
   7.66338528e-01
  -8.11577907e-01
  -4.97379201e-01
  -6.10399548e-01
  -2.64849793e+00
   2.89819957e+00
   1.83998255e+00
   8.98942736e-01
   9.07959462e-01
  -1.03750102e+00
   2.20696393e-01
   7.11261859e-01
  -5.43763313e-01
  -4.68085335e-01
   1.10337457e+00
  -1.27473924e+00
  -2.17005391e+00
  -2.64036623e-01
  -7.31883418e-01
  -1.64173806e+00
  -1.07740437e+00
   1.82347064e-01
   2.17427212e+00
  -3.89258594e-01
   5.34467991e-01
  -8.75787218e-01
   8.38667811e-01
   7.55833158e-01
   1.51467777e+00
   7.95144578e-01
  -9.60299376e-01
   1.75621259e+00
   2.53852579e+00
  -1.00449635e+00
   1.90309738e+00
   4.11134098e-01
  -5.47231908e-01
  -2.03131946e+00
  -5.44812740e-02
   1.41468960e-01
   4.82388417e-01
  -1.26165375e+00
   7.75704522e-01
  -1.13989386e+00
   7.77547129e-01
  -8.55935908e-01
   1.90611455e+00
  -1.37685491e+00
   3.19151651e-02
  -1.34790105e-01
   4.69367239e-01
   1.25860034e+00
  -9.46626665e-01
  -2.22681415e-01
  -4.69913800e-01
   1.70678766e+00
   4.84196685e-01
   2.69920013e-01
  -1.06443114e+00
   3.41744752e-01
  -3.14260112e-01
   1.12721321e-01
   2.55361339e-01
  -6.12209307e-01
   1.69668738e+00
  -2.31802374e+00
  -2.32833669e+00
  -6.02074629e-01
  -3.17632096e-01
   9.44292494e-01
   1.32265038e+00
  -1.32106491e+00
   2.30409442e-01
  -5.28032919e-01
   1.39381533e+00
   1.21956824e-01
  -1.66584971e+00
  -8.67582986e-01
   1.00472087e+00
  -4.89841821e-01
  -2.12396071e-01
   6.38888460e-01
   7.73669267e-01
  -2.90218730e-01
  -1.45364328e+00
  -1.36778714e-01
  -1.60297577e+00
  -1.02864802e+00
  -1.49066608e+00
  -1.00235701e+00
  -7.88823863e-01
   8.46157811e-01
  -9.88140424e-01
   3.28299963e-01
  -1.30171708e+00
  -1.54379024e+00
   4.93042760e-02
  -9.18246916e-01
  -1.54153029e+00
  -5.18905640e-01
   1.24736877e+00
  -4.53012158e-01
  -4.83193992e-01
   1.72986686e-01
  -1.12882979e+00
  -3.52282745e-01
  -8.95129146e-01
   1.32508146e+00
  -5.23889244e-01
  -6.66280720e-01
  -3.73864178e-01
   1.24242971e+00
  -1.49416892e+00
   2.19476511e+00
  -3.20610523e-01
  -1.15631852e+00
  -8.73831850e-01
  -5.54960203e-01
   3.17283059e+00
  -1.77123084e+00
   9.36600274e-02
  -1.68287710e+00
   2.40417301e-01
   1.91290972e+00
   2.65345459e-01
  -5.83633069e-01
   2.85126514e-01
  -4.77056293e-01
  -1.48567671e-01
   1.25238450e+00
  -1.07293937e-01
   6.40089040e-01
   1.01725222e-01
   6.20514445e-01
  -3.89404436e-01
  -7.18869042e-01
   9.37828901e-01
   2.15983636e+00
   5.87510915e-01
  -4.35445911e-01
  -4.03778380e-01
   1.10494302e+00
  -4.01421467e-01
   1.80532727e+00
  -2.38817655e-01
   7.85217148e-02
   1.46539750e+00
  -9.87226830e-01
   8.16932248e-01
  -2.79196615e-01
   5.91623819e-01
  -3.18450273e-04
   5.10454239e-01
   4.28752418e-01
  -6.97414819e-01
   3.36985341e-01
  -7.35920246e-01
  -1.63692553e+00
   3.08937316e-01
  -1.27988733e+00
   1.47573237e+00
   9.24700359e-01
   1.29014558e+00
   6.04571115e-01
  -3.61782013e-01
   1.68634205e+00
   5.19084111e-01
   6.07070612e-01
   4.40851134e-01
  -7.30986298e-01
  -1.71088913e+00
   6.65951711e-01
   3.96436994e+00
  -1.20503912e+00
   6.42891994e-01
   6.39353434e-01
   9.45258235e-01
