 -1.22025045e-01
 -7.16800431e-01
 -5.88637663e-01
 -2.16986113e-01
  1.21257586e+00
 -1.21989754e+00
  4.36072277e-01
 -5.18631041e-01
  8.67451233e-01
  1.30797321e+00
  1.24827478e+00
 -8.89096949e-01
  2.45793312e+00
 -1.42724722e+00
 -7.63896677e-01
  1.31806155e+00
 -2.45688286e+00
 -1.07998299e+00
 -1.12937226e+00
  7.29791241e-02
 -4.36452512e-01
 -1.57448813e+00
 -4.57646774e-01
 -2.01821102e+00
  6.25415859e-01
  2.41663925e+00
  9.18904596e-02
 -1.21457714e+00
  6.61159993e-01
  1.54683404e-02
  4.93582262e-01
 -1.68816383e+00
 -6.44407144e-01
  5.98475576e-01
  1.37329535e+00
  1.35213465e-01
  1.84485573e+00
 -3.51904741e-01
  8.82097885e-01
 -8.87373311e-01
 -1.36512956e+00
  9.45494042e-02
 -6.56897772e-01
 -3.73469223e-01
  1.34270713e-01
  1.17298587e+00
 -4.65856799e-01
 -5.68099546e-01
  5.70882237e-01
  3.96424684e-01
 -2.53406681e-02
  1.09087049e+00
  4.86889201e-01
  5.34700230e-01
 -5.27767537e-01
 -6.70541524e-01
 -8.55042144e-01
  9.17799692e-01
  3.72113556e-02
 -1.29643672e-01
  1.19571934e+00
  2.68733358e+00
 -5.52193777e-01
  1.11299033e+00
 -1.03630046e+00
  1.67663033e+00
 -2.16360425e-01
 -1.37987512e+00
  9.17961788e-01
 -1.55810322e+00
  2.67827110e-01
 -1.55825162e+00
  4.54600132e-01
 -9.72719169e-01
 -1.16758244e-01
 -4.28251734e-02
  5.97046294e-01
 -9.93286183e-01
 -4.53493933e-01
 -6.17703303e-01
  1.08496240e+00
 -5.76492072e-02
  3.85668828e-01
 -4.76099699e-01
 -4.25496515e-01
  1.85133155e-01
  2.64788536e-02
  1.80217993e+00
  6.83024379e-01
  1.40566549e-01
  9.00773198e-01
 -1.92212410e+00
 -2.38581718e+00
  1.73301089e-01
  1.65412622e+00
 -5.96385106e-01
 -8.20723390e-01
 -7.49345644e-01
 -1.51710657e-02
 -1.97717679e-01
 -1.14602159e+00
 -3.38439787e-01
  1.34046060e+00
 -2.28148153e-01
  1.53200921e+00
  9.46996219e-02
  5.58843205e-01
 -9.19142416e-01
  2.04104664e+00
 -3.91850013e-02
  7.86988727e-02
  1.30313893e+00
 -6.36328837e-01
 -3.86296480e-01
 -9.95969403e-01
 -8.45252260e-01
  2.22031609e+00
  2.03750551e+00
 -4.59692548e-01
  3.35986095e-01
  2.66453657e-01
  9.53619831e-01
 -1.25069575e-01
  1.33781336e+00
  1.71451743e+00
  7.66858466e-01
 -9.12046568e-01
  5.68375809e-02
  1.34147498e+00
  2.72159824e-01
  1.25098398e-01
 -8.61377892e-01
  5.85639169e-01
  3.19913460e-01
 -7.59577892e-01
 -5.63232179e-01
 -1.21080773e+00
 -9.46587050e-01
  1.01699235e+00
 -4.42628672e-02
  5.43384775e-01
  1.82018942e+00
  4.49207758e-01
 -8.95887056e-01
 -1.33682211e-01
 -9.04054529e-01
  9.94966949e-01
  1.39462990e-01
  8.59199405e-02
  1.12620399e+00
  1.14612004e+00
 -1.04836838e+00
  4.21403099e-02
 -6.80950785e-01
  5.92146995e-01
  7.51008272e-01
 -1.96542440e-01
  2.16433173e-01
 -5.38380124e-01
  1.05763380e+00
 -8.36933977e-01
  5.89654648e-01
  8.68548561e-01
  1.49134585e+00
  1.01152884e+00
  2.64891375e-01
  4.12140980e-01
  1.16122970e-02
 -2.59572857e-01
  4.07754176e-01
  1.10637707e+00
  4.17032791e-01
 -3.75901842e-01
  6.93922151e-01
  4.50264603e-01
 -1.02407096e+00
  3.15431625e-01
  1.48956945e-01
  1.70087881e+00
 -1.53083634e+00
 -1.49900160e-01
 -4.47757153e-01
  1.44600950e+00
 -2.58305973e-01
 -4.24459129e-01
 -1.00483127e+00
 -1.02111262e+00
  7.45008074e-01
 -1.98048122e-01
  1.35723952e+00
  2.44941856e-01
 -1.74092248e+00
  7.86415242e-01
 -3.85355371e-01
 -2.54811616e-03
  2.90214099e-01
  1.11884418e+00
 -1.85534478e-01
  4.57199057e-01
  1.74575374e+00
 -5.64248183e-01
 -5.15325857e-01
 -9.69064972e-01
 -4.35923110e-01
  4.78902038e-01
 -3.87898223e-02
  7.26593310e-01
  4.18046943e-01
  2.19061263e-02
 -4.01286261e-01
  2.27643368e+00
  7.96450729e-01
  1.10659852e+00
  1.18563627e+00
  1.32504365e+00
  2.00979637e+00
  1.08399958e+00
 -6.50066033e-01
 -1.25116464e-01
 -3.77432339e-01
 -8.70728773e-02
  3.00164303e-01
 -7.62711127e-01
  3.09435874e-01
  2.84156423e-01
  6.53091683e-01
  1.47000826e+00
 -1.25029145e+00
 -7.20949166e-01
  1.74865953e+00
  1.22612488e+00
 -4.87489501e-02
  1.56688002e-01
  1.84968308e-02
 -8.34677679e-01
  1.90518772e+00
 -3.58744969e-01
  5.85322808e-01
 -7.53946124e-01
 -2.83015102e-01
 -8.02369670e-01
  4.55646139e-01
  2.48038637e+00
 -7.24882473e-01
  1.37257015e+00
  5.88266776e-01
  1.13131968e+00
 -6.60295681e-01
 -2.96382569e-01
  9.42927191e-01
  1.20620582e+00
 -1.61784244e+00
  2.58139986e-01
  3.78253138e-01
  3.37487604e-01
 -7.26131289e-01
  3.50253365e-01
 -9.30275772e-01
 -5.14539114e-01
 -3.04006713e-01
  9.56030931e-01
 -7.56203483e-01
  3.60478832e-01
  7.84951632e-01
  6.93430033e-01
  5.16418814e-01
  4.03225042e-01
 -1.69485517e+00
  4.37637963e-02
 -1.90850351e+00
  1.10012631e+00
 -1.41057072e-01
  3.18517217e-01
  6.53517365e-01
 -1.32205757e+00
 -9.31277899e-01
  5.38386380e-01
  5.08848287e-01
 -1.01422717e+00
 -1.16600089e+00
  1.58732035e+00
  9.45794296e-01
 -1.02545829e+00
 -6.23774372e-02
 -7.28201127e-01
  1.93062054e+00
  1.16360641e+00
 -6.78596573e-01
  1.15872521e+00
 -8.32458321e-01
  2.40813702e+00
 -1.15727955e+00
 -1.23222837e-01
 -9.24229488e-02
  1.90980112e+00
  1.52287707e+00
 -6.19344794e-01
 -8.79524825e-01
 -3.34986327e-01
  1.31146817e+00
  3.93801697e-01
 -7.26559287e-02
 -1.26353647e+00
 -2.64981125e+00
  8.13045107e-02
  4.33412842e-01
 -2.51958971e-01
 -1.47227180e-01
 -6.21548845e-01
  1.12659135e+00
  6.61123317e-01
 -2.89448752e-01
  3.91209425e-01
 -9.15245542e-01
 -4.61613067e-01
  3.27961286e-01
 -1.14825852e-01
 -1.41041525e+00
 -1.16521242e+00
 -6.90255243e-02
  1.69331118e+00
 -2.48497040e+00
  1.01068928e+00
 -1.49310715e+00
 -5.69180593e-01
 -9.69326959e-01
 -7.26194941e-01
 -1.35941317e+00
  2.13411025e+00
 -6.94336844e-01
 -1.03880314e+00
 -8.00145149e-01
  4.26943736e-01
 -1.81410169e-01
 -1.29816756e-01
 -5.33745400e-01
  9.43321582e-02
  1.21219165e+00
  2.51032560e-01
  7.10723042e-01
 -8.11745856e-01
 -1.08591310e-01
 -6.13895726e-01
  1.82453732e-01
  1.99606851e+00
  3.75824308e-02
  5.27694496e-01
  4.29448968e-01
 -1.00305986e+00
 -4.15827405e-01
  2.03098498e+00
  2.29337483e-02
  3.84914558e-01
  1.56150747e+00
  1.64970859e-01
  4.92568981e-01
  9.89936000e-01
 -1.55586262e+00
  1.43066431e-01
 -5.10766123e-02
  3.62918598e-01
 -9.72502964e-01
 -1.21961061e-01
 -1.52865583e+00
  2.24975426e-01
  1.50034944e+00
 -4.89978233e-01
  1.23952835e+00
  1.03231228e+00
  1.61057891e+00
  1.14776126e-01
  1.68214717e-01
 -3.46111832e-01
  6.60849960e-01
  1.10582063e-01
  7.95956021e-01
  8.81228970e-01
  1.46323645e+00
 -4.23135833e-01
  9.59661168e-02
  1.00444407e+00
  1.95882219e+00
 -2.91654335e-01
  5.66111859e-01
 -1.39598746e-02
 -1.10546499e-01
  2.07770989e-01
 -9.50934363e-01
 -2.96701756e-01
 -1.44355797e+00
 -5.63553134e-01
 -5.36411683e-01
 -1.43131793e+00
 -1.41313394e+00
  3.30132320e-02
 -1.48725869e+00
  1.33962703e+00
 -2.12461108e+00
  4.88905132e-01
 -1.96438470e-01
 -2.37659189e-01
 -4.33473236e-01
 -6.29849794e-01
  8.12603881e-01
  2.81451784e-01
  1.06018074e+00
 -1.34987018e+00
 -1.87990617e-01
  1.01690747e+00
  7.93364694e-01
 -1.96307518e+00
  1.54039994e+00
  2.62706323e-01
  6.43847765e-01
 -4.15012833e-01
 -3.70227297e-01
  1.84279605e+00
  6.71647467e-01
 -4.15666464e-01
 -1.42190354e+00
 -1.98972388e-01
 -1.38836938e+00
  1.18960835e-01
 -5.32711522e-01
  7.77162132e-01
 -7.84760519e-01
 -8.40666961e-01
 -9.34426390e-01
 -1.45149987e-01
  1.40772371e+00
  9.20310631e-01
 -1.67477464e+00
  8.44076914e-02
 -1.70101070e-02
  1.02815362e+00
 -1.49800373e+00
  1.71162513e+00
 -1.51386042e+00
 -4.63018091e-01
 -3.09846166e-01
 -1.24096917e+00
 -1.08524662e+00
 -9.11153575e-01
 -1.22865202e+00
 -1.04070717e+00
  8.42874345e-02
 -1.85394135e+00
 -8.02009989e-02
  2.25878763e-02
  3.18433304e-01
 -4.98851773e-01
  6.11973749e-01
 -7.26326642e-01
  1.01795909e+00
  2.80613438e+00
  1.21147224e+00
 -1.10170467e+00
  2.42844100e-01
  1.02392145e-01
 -8.54043540e-01
 -1.40460601e+00
  9.42133318e-04
  7.48559792e-01
 -3.99777544e-01
 -4.50232101e-03
  1.05186760e+00
 -2.78979695e-01
  7.56508412e-01
 -2.93545585e+00
 -7.55685044e-01
  2.14631465e-01
 -3.79876337e-01
  2.30400962e+00
 -5.10252688e-01
 -5.37157353e-01
 -3.70755555e-01
  1.51697903e+00
 -9.93646844e-02
  1.05498138e+00
  5.82410240e-01
 -2.21577885e-01
 -1.36487778e+00
 -5.47872135e-01
  8.79559426e-01
 -2.36590927e-01
 -8.44294291e-01
  1.00554913e+00
 -8.09714175e-01
 -9.99600673e-01
 -4.11384550e-01
 -3.60372063e-01
 -7.61839940e-03
 -8.16964416e-01
 -1.78522662e+00
 -1.84327502e+00
 -1.69842909e+00
  1.57581197e+00
 -7.87124629e-01
  2.65275807e-01
 -1.11240769e-01
 -7.26963079e-01
  2.37298235e-01
 -7.55395289e-01
 -4.07360762e-01
 -2.96058438e-01
  3.87458485e-01
 -2.30883792e+00
 -6.23473866e-01
 -7.37282488e-01
 -6.43459553e-01
 -3.21811034e-01
  1.07686436e+00
 -1.51214615e+00
 -1.05553914e-01
 -1.73971541e-01
  4.52054806e-01
 -5.53389194e-02
  5.94878018e-01
  7.35371697e-02
  1.33407665e+00
 -2.58031895e-02
 -1.36539374e+00
 -3.34812323e-01
  6.53278820e-01
  1.92813234e+00
 -4.81038934e-01
 -1.30218607e-01
 -7.39885774e-01
 -5.53074657e-01
  1.31953563e+00
 -5.43485851e-01
 -1.08476627e+00
  8.46492584e-01
  6.08071023e-02
 -6.68905706e-01
  4.56852884e-01
  2.64263781e+00
  1.03216921e+00
  5.08033306e-01
 -4.81168600e-01
  1.70768591e-01
  5.82604935e-01
  4.84299055e-01
  1.37253320e-01
  7.69448673e-01
  4.97703342e-01
  2.61404853e+00
  1.14158173e+00
  6.29565518e-01
  1.94812244e-02
  5.70341304e-02
  5.16601989e-01
  1.09502459e+00
  1.24422307e+00
  2.50963444e-01
 -3.44678465e-01
  1.11078965e+00
  1.55533224e-01
  1.84444163e+00
  3.44153867e-01
  4.76241214e-01
 -8.32446845e-01
 -1.72385843e-01
 -1.14218229e-01
 -7.99311685e-01
 -7.86148202e-01
  1.06100873e-01
  1.14942095e+00
  1.61100789e+00
  8.19008392e-01
 -2.34075472e-01
  3.33433197e-01
 -2.97068949e-01
  6.75411384e-01
  1.18983667e+00
 -1.73409145e+00
 -6.96349399e-01
  1.06928571e+00
 -6.86196425e-01
  3.18058851e-01
 -9.38412803e-01
 -1.63980003e-01
  6.91926103e-01
 -8.62971483e-01
  1.56844809e+00
 -8.44225657e-02
 -1.15798461e+00
  2.17605437e+00
 -1.64505925e-01
 -1.49718996e+00
 -3.60270690e-01
 -6.21125055e-01
  1.50922670e-01
 -6.24237604e-01
  3.77799058e-01
 -2.03505192e-01
  2.49982804e-01
 -1.92519044e+00
  6.56231295e-01
  1.49205905e+00
 -4.64264319e-01
  1.79471403e+00
  6.24482196e-01
  2.49616114e-01
  5.73154463e-02
 -3.75635458e-01
  1.13197366e+00
  1.48593066e+00
 -1.32634610e+00
 -1.15774858e+00
  3.84882666e-01
  5.22787235e-03
  1.21026647e+00
 -5.16547368e-01
 -8.69472659e-01
  1.19122869e+00
 -4.23382368e-01
 -4.44626679e-02
  1.49920563e-01
 -1.44295652e+00
 -2.94782922e-01
  2.72043537e-01
 -3.96678264e-01
  2.50286846e+00
  2.68038229e+00
 -1.22054581e+00
  1.20377434e+00
  9.23040377e-01
  1.84408273e+00
 -1.13686050e-01
 -4.64499414e-01
  6.14600650e-01
  6.91998617e-01
  3.48594039e-02
 -2.44776453e-01
 -1.59520473e+00
  8.97174287e-01
 -8.98479904e-01
 -1.94261828e+00
  3.27571519e-01
 -1.98236858e+00
 -2.49256371e-01
 -1.71944446e+00
 -2.12327952e+00
 -1.12923125e+00
 -1.18647306e-01
  1.92501934e+00
  6.02988231e-01
  1.15835530e-01
 -1.59483407e-01
  1.47319017e+00
 -1.47376032e+00
 -5.67552345e-01
  6.30127448e-01
  2.13727333e-01
 -4.21123846e-01
 -7.34161878e-01
 -1.98475721e-01
 -1.30501580e+00
 -1.36899167e-01
 -9.77147092e-01
 -2.65732997e-02
  2.19453763e+00
 -9.65816562e-01
  2.52325545e-01
 -3.62391613e-01
  8.28143934e-01
 -1.11195028e+00
  1.23983249e+00
 -2.80082155e-01
  3.16829641e-01
 -2.11853997e-02
 -8.24082207e-01
  4.16623504e-01
 -1.36618429e+00
 -4.49803298e-01
  3.21423272e-01
 -1.78512111e-01
  2.44467369e+00
 -3.57287644e-01
 -5.50058665e-01
 -9.97293747e-01
 -4.02075362e-01
  1.82747077e+00
  2.56221543e-01
 -6.66179245e-01
  1.01928378e+00
  1.25685055e+00
  9.33952583e-01
  7.94335247e-01
 -8.29363394e-01
  8.20877388e-02
  7.36947123e-01
 -4.55041239e-01
 -1.59413601e-01
 -1.68574624e-01
 -1.48377475e+00
 -1.69657929e+00
  1.35039067e-02
  1.72773883e+00
 -1.37410669e+00
 -3.79143274e-01
 -1.68207091e+00
 -3.71620998e-02
 -5.57478364e-01
 -2.46315034e-01
 -2.08470069e+00
 -2.10937865e-01
 -2.34503950e-01
  7.97505692e-01
  2.29546170e+00
 -1.69156020e-01
 -8.39535444e-02
 -4.73343257e-01
  2.71540006e-01
 -4.30370271e-01
 -5.18586490e-01
  5.77406197e-01
 -2.78823479e+00
  1.19102282e+00
  2.27358630e-01
 -1.22392748e+00
  2.51450022e-01
 -3.00231192e-01
  8.04223089e-01
  1.56824726e+00
  1.78739162e+00
 -5.66077110e-01
  1.38431416e+00
 -9.20919398e-02
  9.98412984e-02
  1.16376960e+00
  1.70973507e+00
 -1.19507123e+00
 -3.40946643e-01
  9.45848143e-01
  3.38942661e-01
 -2.11713329e-01
  1.26255376e+00
  8.56619324e-01
  1.15183127e+00
 -7.19974272e-01
  1.53136399e+00
  1.05521807e-02
  1.47791054e-02
 -3.98299664e-01
 -1.26606548e-01
 -1.90948411e+00
  1.57176517e-01
 -9.58967540e-01
  9.53872211e-01
  5.41221108e-01
 -4.44843753e-01
 -5.29440848e-01
  1.70106541e-01
  1.53218213e+00
 -9.10258366e-02
 -1.65292964e-01
  6.94059364e-02
  6.11910904e-01
 -1.73622454e+00
  8.08993930e-01
 -6.43021338e-01
 -6.88048460e-01
 -9.18974387e-01
  2.01356046e+00
 -1.12158312e+00
  1.32525726e-01
 -6.93881369e-01
 -4.82757075e-01
 -2.16780526e-01
  1.47666412e-01
  7.85746607e-01
 -6.02509692e-01
  1.07859060e+00
  4.80492911e-01
  2.22976233e+00
 -5.76249649e-01
  4.48463547e-01
 -5.79127189e-01
  1.27409216e+00
 -1.80364591e+00
  3.69311293e-01
 -7.73607853e-02
  9.10925808e-01
 -4.94762787e-01
 -4.27178917e-02
 -1.65646731e-01
  6.41688631e-01
 -1.75246555e+00
 -3.05577287e-01
  8.49983857e-01
  2.04792044e+00
 -9.61593582e-01
 -7.53378476e-01
  1.91702527e-01
 -1.91849903e+00
 -2.36363448e-01
  1.97021887e+00
  1.14517407e+00
  1.10296542e+00
 -2.87270405e-01
 -5.65435884e-01
  7.98411482e-01
 -5.44383957e-01
  5.28812010e-01
  2.70123681e-01
  8.36364370e-01
  1.61828328e+00
 -1.47732531e+00
  5.10276152e-01
  3.53223882e-01
  4.65536350e-01
  8.82447435e-01
  2.21134331e-01
  2.08245182e-01
 -1.74215034e+00
 -4.54449402e-01
 -1.10494197e+00
  1.10848011e+00
  2.57782097e+00
 -1.54782675e+00
 -9.44178587e-01
  2.99214622e-01
  6.27594297e-02
  8.16058676e-01
  2.14738262e+00
 -8.57880580e-01
 -1.75024902e-01
  3.34000704e-01
  5.26057236e-01
  5.74896234e-01
  2.70919854e-01
 -4.32487648e-01
  1.09547862e+00
  7.36225806e-01
  9.98174618e-01
 -6.59919902e-01
 -1.12530286e+00
 -1.10598966e+00
  2.27545776e+00
 -3.30923071e-01
 -7.06060998e-01
  8.23039478e-01
 -9.51029070e-01
 -2.95921689e-01
  4.30040138e-01
  3.42245127e-01
 -7.08909336e-01
  1.38263784e+00
  6.71100262e-02
 -6.05042742e-01
 -2.64577334e-01
  8.26165615e-01
 -1.92089997e+00
  5.31380341e-01
  1.06504426e-01
  1.86478994e-01
 -9.00393317e-01
  7.56050769e-02
 -1.77456227e+00
 -9.30862024e-01
 -1.35864612e+00
 -6.81293483e-01
  9.40257976e-01
 -1.31883915e+00
 -1.03811215e+00
  1.15059254e+00
 -2.40012941e-01
 -5.09641253e-01
  1.09704054e+00
 -1.89127426e+00
 -9.42816269e-01
  1.88722019e+00
 -8.19723268e-01
  9.27261601e-01
 -3.79357694e-01
 -1.09482145e+00
  1.58143129e-01
  7.81440661e-01
 -1.58923169e+00
 -1.47358284e+00
 -9.56002328e-02
  4.54634922e-01
 -4.26436357e-01
 -2.16805645e-01
  1.51978661e+00
 -1.95981629e-01
  8.45989363e-01
 -1.40783627e+00
 -3.76618016e-01
  4.26380426e-01
  3.27254728e-01
 -8.81362479e-01
  2.06703740e+00
  1.10237958e+00
 -3.74952559e-01
 -2.47594278e+00
 -2.10269716e-01
 -4.65967942e-01
 -6.28344746e-01
 -9.82132650e-02
 -1.77034518e-01
  2.82081013e+00
 -9.27487604e-01
 -1.52224162e+00
 -3.25123725e-01
  1.40216406e+00
 -8.24723898e-01
  2.39768949e+00
  7.34387766e-02
  8.46781596e-01
 -2.78765647e-01
  3.03874533e-01
 -8.66575947e-01
 -4.43902085e-01
  1.58472667e-01
 -1.79392477e-01
  4.21797710e-01
 -9.62365650e-01
  1.96967948e+00
  4.58391758e-01
 -1.25458922e-01
  1.29838762e-01
 -6.21060372e-02
 -1.92514376e+00
  3.78583239e-01
  1.28234466e+00
  1.29109841e+00
 -1.21191022e+00
  6.77065962e-01
 -1.02637251e+00
  6.38511105e-01
 -1.47700064e+00
 -1.50464666e-01
 -2.77844426e-01
  1.31193598e+00
  6.22408486e-01
  1.79792184e+00
  8.53151125e-01
 -4.90290722e-01
  3.92794410e-01
 -1.12334360e+00
 -6.96868600e-01
 -1.04729326e-01
  1.37547852e+00
  4.68521224e-01
 -6.94340308e-01
  3.35322582e-01
  9.22178331e-01
 -1.77180554e-01
 -4.38456233e-02
  9.90245929e-01
  3.01763090e-02
  1.15766916e+00
 -2.59195545e-01
  9.25137615e-01
  5.22252736e-01
  4.51643303e-02
 -1.91246151e-01
 -7.64638331e-02
 -2.27520984e+00
  5.09515470e-01
  5.79240957e-01
  7.46208682e-01
 -2.81640640e-01
  4.94008844e-01
  2.06852873e-01
  1.96526552e+00
  8.17875315e-01
  7.32122990e-01
 -6.79148350e-02
 -6.92642188e-01
  1.50306406e+00
  2.38879190e+00
 -1.01202979e+00
 -3.64920629e-01
 -3.48240619e-01
  4.46611393e-01
  4.11169445e-02
 -3.37330148e-01
  6.18040124e-01
 -6.30311764e-01
  7.71618659e-01
  2.76428308e-01
  2.15897706e-01
  2.45831330e-02
  5.54753880e-02
 -7.43682406e-01
 -3.72554248e-01
 -6.26610718e-01
  7.81861952e-01
 -2.75395805e-01
  3.03492338e-01
  1.13165098e+00
  1.54133403e+00
  3.87623477e-01
 -1.97719055e+00
 -8.34403386e-01
 -4.86808705e-01
  1.03645848e+00
  1.69794329e+00
  7.27370834e-01
 -1.05199471e+00
  2.34947760e-01
  7.70922585e-01
  2.22785586e-01
 -1.04679821e-02
 -9.57092524e-01
 -1.31015723e-02
 -6.81238846e-01
 -1.30654033e+00
 -3.56351707e-01
 -1.55115998e+00
  2.37442642e+00
  9.69409840e-01
  1.21530550e+00
  2.04463804e-01
  1.33392276e+00
 -8.33148837e-01
 -1.12677010e+00
  5.40273536e-01
  2.20508541e+00
  7.06518927e-01
  1.23113809e+00
  8.78335346e-01
 -2.64694022e-01
  3.96194466e-01
 -1.92635035e-01
 -1.21782055e+00
 -4.54878632e-01
 -5.01120786e-01
 -5.52676443e-01
  9.36337612e-01
 -1.71585362e+00
  5.83814161e-01
  3.41638273e-01
  9.02707952e-01
 -7.96173798e-01
 -2.82522517e+00
 -2.40698709e+00
  1.72823921e+00
 -5.96421634e-01
 -5.18459716e-01
 -5.12519641e-03
  5.26673336e-01
  7.55033340e-01
 -1.37024963e+00
 -7.71138037e-01
 -2.18026305e-01
 -3.47851497e-01
 -4.16574497e-02
  8.95635357e-01
 -1.15348883e+00
  1.01037039e+00
  9.24354386e-01
  8.87799041e-01
 -7.44935126e-01
  9.51394016e-01
 -2.35703926e-01
 -2.22561341e+00
 -9.80238640e-01
  5.17462767e-01
 -5.94163836e-01
 -6.26043427e-01
 -1.42830976e+00
 -5.55484345e-01
  1.54180554e+00
  9.50074775e-02
  1.40813473e+00
 -1.24783110e+00
 -1.57388264e+00
  1.90584561e-01
 -6.53255267e-01
  1.78513850e-01
  2.14225211e+00
  1.74868943e+00
  5.13484560e-01
  1.96882277e+00
 -3.49430620e-02
  7.79742304e-01
  1.40255102e+00
  3.24566309e-01
  1.21050812e+00
  3.58824614e-03
  5.04561575e-01
 -1.83288327e+00
  7.87306130e-01
 -6.26905617e-01
 -1.39699775e+00
  3.81466070e-01
  6.20645828e-02
  2.27338783e-01
  1.20418642e-01
  9.87852624e-01
  7.01331311e-02
  1.11006761e-01
 -6.39601088e-01
  2.14517515e-01
  5.80402468e-01
  2.25195499e+00
 -1.40125923e+00
 -3.92526221e-01
 -2.35654723e-01
 -5.55843960e-01
  8.11924893e-01
  8.65977839e-01
  1.05681304e+00
  2.34697937e-01
 -1.17098591e+00
  1.83475274e+00
 -1.06996244e+00
  5.91846176e-01
 -4.13357058e-01
 -2.56828791e-01
 -6.33300871e-01
 -4.57323848e-01
 -5.98073834e-01
  1.37533534e+00
 -3.15434103e-01
  7.49255181e-01
 -4.00823846e-01
  1.35428678e-01
 -7.80676181e-01
  2.84284154e-01
  2.11970115e-01
 -1.21786682e-01
 -3.20387106e-01
  1.65007864e-01
 -5.70100034e-01
 -7.69923290e-01
 -3.32783752e-01
  1.96602077e+00
 -7.99481157e-01
 -6.91990236e-03
  8.26570845e-01
 -1.57272603e-01
  8.13006491e-02
  6.94914224e-01
  3.45440416e-01
 -3.11392772e-01
 -5.23415815e-01
 -8.71325917e-01
  1.08885557e+00
 -7.79714226e-01
  9.91706440e-01
 -4.04742011e-01
  1.58643862e+00
 -3.92285721e-04
 -3.85449780e-01
 -4.59430679e-02
 -9.51034216e-01
  2.39075871e-01
  8.72379659e-01
 -3.51567584e-01
  2.17719198e-01
  3.22770101e-01
  1.38532259e+00
  7.30610720e-01
  2.13497266e+00
 -1.72529962e-01
 -3.24272014e-01
  8.27168164e-01
 -1.52564142e+00
 -3.12360505e-01
 -7.15240021e-01
  1.11588446e+00
 -1.08464274e+00
 -2.41306932e-02
 -2.51615684e+00
 -1.43698081e-01
 -8.57331376e-01
 -3.29910529e-01
  1.69935049e-01
  5.86168437e-01
 -1.18452745e-01
  5.27353358e-01
 -1.47032705e-02
 -3.41510216e-01
 -4.07377964e-01
  1.54368363e+00
 -7.70322699e-01
  3.28532954e-01
 -2.03232222e-01
  5.11979118e-01
  1.30326636e+00
  1.99661543e+00
 -7.82664250e-02
 -7.82877630e-01
 -1.22307107e+00
  2.00978870e-01
 -4.24590323e-01
 -2.22856948e-02
  5.57514418e-01
 -1.54150860e+00
  6.80058131e-02
 -4.60613094e-01
 -6.17213955e-01
 -4.51707476e-01
  6.36621970e-01
 -2.17166003e+00
  5.51516215e-01
  1.57347250e+00
 -7.76961994e-01
 -1.49747764e+00
 -1.67946485e+00
  1.63773960e+00
  2.16985195e+00
  1.76572136e-02
  4.62344854e-01
 -1.09410382e-01
 -4.46409730e-01
 -5.42493862e-01
 -1.53359024e+00
 -2.85806643e-01
 -1.29986449e+00
 -6.30469232e-01
  6.05368415e-02
 -5.67597701e-01
 -5.69315586e-01
  1.58388914e+00
 -3.63006635e-01
 -1.30924859e+00
  1.39021293e+00
 -1.64468310e+00
  4.40338363e-01
  8.31893312e-02
 -1.18889406e-01
 -1.54213049e+00
 -7.69458167e-01
  4.86470962e-02
  2.18444488e-01
 -1.15814685e-01
  1.83033217e-01
  4.70766126e-01
 -7.77714375e-01
  1.32287682e+00
  1.53881115e+00
 -1.20713264e+00
 -8.69961947e-01
 -4.62206302e-01
 -6.71435109e-02
  9.23734595e-01
 -3.74307045e-01
 -8.18435753e-01
 -8.26758818e-01
 -3.88158241e-01
  2.73819902e+00
  9.94544536e-02
  3.58666789e-01
  1.11606295e+00
 -6.11455479e-01
  1.18595952e-01
  1.17362377e+00
 -8.89433574e-02
  5.77677145e-01
 -4.95062279e-01
 -7.05380519e-02
  1.91392706e-01
 -1.25633015e+00
  1.70138264e+00
  6.32121412e-01
  3.20414724e-01
  1.26181474e+00
 -3.84310405e-01
 -1.88158553e+00
  8.21369796e-02
 -3.13476200e-01
  4.03038590e-01
  1.78606585e+00
  1.98129698e+00
  1.91910435e-01
  2.75071663e-01
 -7.91045187e-01
 -4.84050129e-01
 -1.26026937e+00
 -8.67671188e-01
  6.92846901e-01
 -1.36377485e+00
 -6.06130029e-01
  5.00763547e-01
  5.66329055e-01
  7.34613139e-01
 -9.30648251e-01
 -5.72927006e-01
 -4.96848319e-01
  3.59200348e-01
 -1.07932046e-01
 -8.26075238e-01
  7.14629625e-01
  1.45118116e+00
  3.48821361e-01
  1.32945463e-01
 -1.41175365e+00
  1.35676992e+00
 -1.29715516e+00
  2.20679623e-01
 -4.65194751e-01
  1.56214983e+00
  1.03269322e+00
 -1.13253057e+00
 -1.18063883e+00
  1.17465783e+00
 -3.65298155e-01
 -2.82090858e-01
 -1.05070140e+00
  1.24113245e-02
 -3.73029384e-01
 -1.87874879e+00
  1.61655567e+00
  1.87367999e+00
  8.65825321e-01
 -4.01899588e-01
  8.65508366e-02
 -1.83785904e+00
 -4.94056363e-01
 -4.50599035e-01
 -8.64254757e-01
 -5.21016910e-01
  9.06770903e-01
 -1.64854771e+00
  1.93544157e-01
  1.05525937e+00
 -1.73798243e-01
 -7.81131893e-01
  1.06845041e+00
  1.60136916e+00
 -1.13422880e+00
  2.08070615e+00
 -9.81435540e-01
  7.97691169e-01
 -5.31835152e-01
 -1.11899441e+00
  1.23572986e+00
  4.12138014e-02
 -2.02320914e+00
  8.63121825e-01
 -1.82425300e+00
  6.03621542e-02
 -4.94306371e-01
  1.61777460e+00
  8.43487539e-02
 -1.77495565e+00
 -6.20100778e-01
 -8.56131647e-01
  3.99359842e-01
  1.40435871e+00
  1.12376302e+00
 -2.46565903e-01
  8.32493590e-01
 -1.94516925e+00
 -3.82192080e-01
  1.18090074e+00
  1.65166641e+00
 -2.63724097e-01
  1.39039153e-01
 -1.26236972e+00
 -1.32585500e+00
 -7.68881235e-02
 -1.85722927e-01
 -2.31788326e-03
 -5.04358210e-01
  6.00923353e-01
  4.73963401e-02
  1.52800691e+00
  1.25622662e+00
  1.26058139e+00
 -6.66616398e-01
 -1.55938502e+00
 -1.69640214e+00
  4.13035148e-01
 -5.48871579e-01
  7.57330602e-01
  1.43285713e-01
  7.61477673e-01
  7.13080694e-01
  1.26138835e-01
 -9.12110425e-01
 -1.09998227e-01
  7.93128525e-01
  1.85258530e+00
 -1.91980188e+00
  6.23270124e-01
  1.13729224e+00
  6.47917309e-01
  1.37453516e+00
  8.04395302e-01
 -9.27262683e-01
  2.52418821e-01
  9.56706376e-01
  1.41627654e+00
 -9.19010080e-01
  3.56963830e-01
  1.51928695e+00
  1.79109949e+00
  4.50008883e-01
 -9.22575736e-01
 -1.21742518e+00
  1.23926258e+00
  1.04517476e-01
  1.46531137e-01
  1.74884719e+00
  1.66555658e+00
  1.27060160e-01
  3.86199614e-01
  1.20667654e-01
 -1.47598490e-01
 -6.88629119e-01
 -1.37025298e+00
 -1.51832430e+00
  1.46849967e+00
  1.67924625e-02
 -5.56095443e-01
  4.34395881e-01
 -1.00636402e-01
 -7.04950626e-01
 -7.10000544e-01
 -1.51878499e+00
  1.08967708e+00
  7.38002196e-01
  1.60465235e+00
  1.14011907e+00
  1.67715839e+00
 -1.23970525e+00
  1.54030474e+00
 -5.10716832e-01
  2.27754240e-01
  1.31819713e+00
  8.62944712e-01
 -1.02870702e+00
  6.81518595e-01
  3.10256108e-01
  7.95243245e-01
 -1.14660246e+00
  1.39136531e+00
  4.04978994e-01
 -4.01669255e-01
  3.89544150e-01
 -1.14015724e+00
 -1.51991072e-01
 -1.70823086e+00
  1.14734241e+00
 -3.19089556e-01
  3.82142857e-01
  1.37790156e+00
 -1.37079043e-01
  1.21049999e+00
 -6.46607941e-01
  1.68481235e+00
 -8.41954577e-01
 -3.58944771e-01
 -8.83334662e-01
  2.20502670e-01
 -8.53871772e-01
  5.51421872e-01
 -6.89619025e-01
  1.00526240e+00
 -1.27153210e+00
 -6.41314059e-01
 -2.43112741e+00
  9.05271638e-02
  9.74536134e-01
 -1.04947206e+00
  2.86551261e-02
  7.50682154e-01
 -9.01732327e-01
 -3.52821514e-01
  1.44167778e+00
  2.24706114e+00
  5.48240958e-01
  5.80457492e-03
 -4.00865487e-01
  1.06498885e+00
  1.02112864e+00
  4.57992101e-01
 -3.82000306e-01
 -1.23453888e-01
  1.56075752e+00
  3.18183348e-01
 -1.05389139e+00
  7.60347674e-02
  6.85419022e-01
 -1.22964213e+00
  2.07316517e+00
  6.53508595e-01
 -7.33111896e-01
 -1.53563407e-01
 -3.54240744e-01
 -3.41227761e-01
  3.54010298e-01
  4.64387788e-01
  1.37776998e+00
 -1.29710076e+00
  6.29337124e-01
 -2.25985377e-01
 -1.74800233e-01
 -1.09257390e+00
 -2.49055167e+00
 -1.57287467e+00
  8.27705273e-01
 -2.12044572e-01
 -2.42931268e-01
  3.38013462e-01
  8.00514687e-01
  2.29087348e+00
 -6.11220761e-01
  5.62915893e-01
  1.44631824e+00
  3.45009816e-01
  5.79878542e-01
 -1.00095662e+00
  8.93759888e-01
 -3.56331811e-01
  8.01430135e-01
 -1.12352993e+00
  1.10793434e+00
 -9.99095779e-02
  5.64932346e-01
 -7.74542547e-02
  2.10899629e+00
 -1.08205767e+00
  1.83697265e+00
 -3.75361151e-01
 -8.68762833e-01
 -2.58304684e-01
 -1.17639380e+00
 -1.14037165e+00
  6.65849486e-01
 -1.57494279e-01
 -2.28423974e-01
  2.79276017e-01
 -2.51444522e-01
  8.73264941e-01
 -9.54928301e-01
 -1.29293554e+00
 -1.63643134e+00
 -4.32588639e-01
 -7.99222490e-01
  1.43929037e+00
 -1.37369862e-01
 -2.46682855e-01
  1.00021338e+00
 -3.22257476e-01
  1.08124182e-01
  6.56611056e-01
 -4.37889290e-01
  8.90862973e-01
 -4.57005470e-01
 -3.69745465e-01
  1.21508356e-01
 -6.32544818e-01
  2.20762606e+00
  6.08178639e-01
 -5.64099517e-01
  9.77827952e-01
 -1.11854975e+00
 -3.48377708e-01
  5.13088253e-01
 -8.86556460e-02
 -4.03743302e-01
  3.40505219e-01
 -5.20725006e-02
 -6.66775042e-01
  6.72226275e-01
 -6.79393320e-02
  5.08941820e-01
 -6.58209102e-01
  1.63775314e-01
 -9.33273033e-01
  3.53201727e-01
  2.85157194e-01
  5.81634079e-01
  4.63171945e-01
  8.18730388e-01
 -6.46762867e-01
 -8.63641336e-02
 -1.30570202e+00
  1.94136752e+00
  1.11869838e+00
 -1.37555174e+00
  1.94836539e-01
 -9.93215926e-01
  3.90196305e-01
 -1.12894787e+00
  3.04369038e-01
 -1.26032248e+00
  2.36539489e+00
 -6.48781253e-01
 -9.93102707e-02
  3.34235120e-01
 -1.01660294e+00
  1.26639038e+00
 -1.42632666e+00
  1.02915633e+00
 -4.71793121e-01
  1.52116821e+00
 -8.14663794e-01
  5.83551944e-01
  4.55000512e-01
 -2.48512589e-01
  9.85382673e-01
  7.31754077e-01
 -6.43436309e-01
  3.31683861e-01
 -1.04998465e+00
 -6.78023579e-01
 -1.96624383e+00
  1.53085674e+00
  2.24210481e-01
  7.88402016e-01
 -1.94162221e+00
  4.68169716e-01
 -1.28581244e-01
  8.76343626e-01
  1.16778514e+00
 -5.66426608e-01
  5.75661189e-01
  9.67294938e-01
 -6.23320873e-01
  1.06115358e+00
  5.69671348e-01
  5.00917338e-01
  5.28750627e-01
  9.34660622e-01
  8.46460257e-01
 -1.61410628e+00
  1.24004643e-01
  1.31699998e-01
 -1.00969314e+00
 -7.43696392e-01
  3.19932032e-01
  9.16010538e-01
  5.47202010e-01
 -1.86948910e+00
 -4.07417542e-01
 -4.79390845e-01
  3.04528622e-01
 -2.15335103e+00
  1.27519939e+00
 -9.06419523e-01
  4.22573478e-01
 -4.63313565e-01
 -1.62163976e-01
  7.35653913e-01
  1.12386185e+00
  8.48042039e-01
 -8.70519142e-01
  1.45994779e+00
  1.99062011e-02
 -2.33492227e+00
 -6.02435467e-01
 -3.50553604e-01
  2.86847928e-01
 -8.83754861e-01
  9.76811479e-01
 -4.08727096e-01
  5.90461310e-01
  3.89546430e-01
  2.63933238e+00
  1.88339257e-01
  3.10352176e-01
  1.73273702e-01
 -2.85659288e-01
 -1.95881255e-01
 -2.21327467e+00
  1.62178772e+00
  1.51290158e+00
 -1.43441996e+00
  2.00188313e-01
 -9.31628296e-01
 -6.44936209e-02
 -1.53336295e+00
 -3.34347799e-01
  1.19955882e+00
  7.42241453e-01
 -7.17304117e-01
 -1.67983065e-01
  1.01490034e+00
  1.47019785e+00
 -1.36502835e+00
  1.79194795e+00
  4.68852647e-01
 -2.98875939e-01
 -4.70820566e-01
 -9.79498735e-01
 -1.44899154e+00
  5.01830499e-01
 -4.50401520e-01
  6.65025621e-01
 -2.17283657e+00
  6.19717877e-01
 -3.27200869e-01
  2.95596769e-01
 -3.58588577e+00
  1.60378733e-01
  2.72571121e-01
 -1.62571603e+00
 -3.58660677e-02
 -8.65392059e-01
 -2.61429317e-01
  1.06285755e+00
 -1.61982395e+00
  6.09229849e-01
 -2.58236231e-01
  1.54529722e+00
  2.63285170e-01
  3.69265530e-01
 -1.96588128e-01
 -1.51951287e+00
  1.77995284e-01
  4.34226511e-01
 -4.57964378e-01
  2.08366910e-01
  3.38543544e-01
  6.99720913e-01
  6.75099013e-01
 -2.71364695e+00
 -4.52206786e-01
 -1.27842873e-01
 -1.58034681e+00
  2.06349827e+00
 -2.60572489e+00
 -1.45632262e+00
  1.53448230e+00
 -5.83594139e-01
  5.26588167e-01
 -1.26391259e+00
  4.60712034e-01
 -3.52208895e-02
 -3.59994826e-01
  3.87860328e-01
  9.85151726e-01
 -1.10905645e+00
 -1.31561835e+00
 -1.07125576e+00
  2.21390183e-01
  7.26819277e-01
 -3.34302194e-01
 -1.81623721e+00
  2.18207942e+00
  2.12224317e+00
 -4.32099784e-01
  7.51597919e-01
  2.57213711e-02
  8.82596741e-01
 -1.25710513e-01
 -1.18573070e+00
  9.34678870e-01
  6.62370109e-01
 -5.59639274e-01
 -2.64360677e-01
 -8.17569073e-01
  1.20467955e-01
  1.00766645e-01
 -1.29237538e+00
 -1.52488551e+00
 -4.27863335e-01
 -1.10674213e+00
 -8.24798441e-01
 -9.45956243e-01
 -3.14248582e-01
  2.22571000e-01
  2.28634753e-03
 -7.54000693e-01
  8.84820265e-01
  6.42565118e-01
 -3.56970199e-01
  4.47841577e-01
  1.25672448e+00
 -1.25810281e+00
  8.88826155e-01
 -7.22424753e-01
 -3.39241918e-01
 -1.80156753e+00
 -1.38478433e-01
  4.93760684e-01
 -4.95206221e-01
 -2.02806066e+00
  5.02975816e-01
  1.70226702e+00
 -1.98085312e+00
 -1.41924430e+00
 -9.65812308e-02
 -1.60303726e+00
 -5.93088553e-01
  5.57200773e-01
  1.83717869e+00
 -1.06475146e-01
  9.26004556e-01
 -1.93518867e+00
 -1.73813462e-01
 -1.42677281e+00
  4.68130133e-01
 -7.85944740e-01
 -4.75601508e-01
 -1.99330477e-01
  1.28872243e+00
 -5.86298234e-01
 -1.47069363e-01
 -9.51875828e-01
  9.57917610e-02
 -5.80623368e-01
  1.32090269e+00
  7.24076868e-03
 -2.46813894e-01
 -1.54393640e+00
  7.28610096e-02
  1.30960628e+00
  1.27816215e+00
 -1.08912726e+00
 -1.05352638e+00
  3.25331298e-01
 -3.19505560e-01
 -2.13514613e+00
 -1.50153187e+00
  6.48686495e-01
 -1.90501787e+00
  1.43907554e+00
 -1.45461921e-02
  1.01026707e-01
 -4.63519418e-01
  5.78204181e-02
  8.53716852e-02
  4.33189662e-01
  2.29118219e-01
  3.12963789e-01
 -7.69678478e-01
  5.36453081e-01
 -5.12614989e-01
 -1.22217236e+00
  3.24298686e-01
 -1.88616627e-01
  2.01463653e+00
  1.63745861e+00
  1.59191288e+00
 -1.59308729e+00
 -4.63898203e-01
  3.41630805e-01
  1.05270211e-01
  7.25329158e-01
 -4.68209054e-02
  1.58724843e-01
 -3.67431654e-01
  3.22616013e-01
  5.67919624e-01
 -3.75726931e-01
  4.26987020e-01
  1.06773632e+00
  2.07837144e+00
 -7.55077368e-01
 -7.61953960e-01
 -1.77165236e+00
  1.28728879e+00
  5.98481659e-01
 -2.38594657e-01
  7.47117593e-01
  2.58664393e-01
  6.29394333e-01
 -3.40507212e-01
  4.56660465e-01
  8.30899318e-01
  9.82479146e-01
  2.20429915e-01
  3.74741029e-01
  1.66238080e+00
 -1.11282079e+00
  9.33210020e-01
 -1.89760199e-01
  7.54386224e-01
 -1.05893961e+00
  1.19201961e+00
  3.44119601e-01
 -1.32178234e-01
 -1.77326741e-03
  4.48399139e-01
 -1.03024805e+00
  4.98845261e-01
  1.51398908e+00
 -2.56237186e+00
 -8.45278025e-01
 -1.38051446e+00
  1.08529965e+00
 -8.53359420e-01
 -6.63887899e-01
  5.32601559e-01
  1.52029146e+00
 -8.17311592e-01
 -8.67188014e-01
 -1.09504627e+00
 -1.20508546e+00
 -7.68882317e-01
 -9.39515402e-01
 -8.61876870e-02
 -9.64366759e-01
  3.97281957e-01
  3.06174115e-01
  1.60672916e+00
  8.06244309e-01
  1.25944967e-01
  6.71363149e-01
 -5.23378339e-01
  9.36966335e-01
 -4.98248627e-01
 -7.37368826e-01
 -7.66271912e-01
  7.95717950e-01
 -1.68751288e-01
 -5.94582258e-01
  1.21597264e-01
  1.74298531e+00
 -1.24772926e+00
 -1.48302684e+00
 -7.07394390e-01
 -7.95486498e-01
  1.96773731e-01
  1.66644728e-01
  1.87791742e-02
 -2.82538470e-01
 -9.16077727e-01
 -6.57906643e-01
  4.51649835e-01
  1.57969628e+00
  6.14037150e-01
 -6.82907133e-01
  2.81768742e-01
 -6.44146853e-01
 -2.30023313e+00
  6.41944416e-01
 -6.02534954e-01
  1.67688977e+00
  3.13972990e+00
 -1.14675185e+00
 -1.82363012e+00
  2.37893038e-01
 -1.13702073e+00
  3.35536597e-01
 -1.28763166e+00
  8.77053942e-01
  1.66841825e+00
  9.21634117e-01
  1.12974439e-01
  3.66143311e-01
 -7.05433442e-01
  5.31011087e-01
  1.99797771e-01
  6.06175873e-02
  9.63644658e-01
 -8.36714249e-01
  1.53458426e+00
  1.56417480e-01
 -1.77356368e+00
 -6.97272718e-02
 -4.99338581e-01
  1.03627356e+00
  7.59943358e-01
  2.07660454e+00
  3.43543247e-01
 -9.79657112e-01
  6.58675823e-01
 -1.42520428e+00
 -1.23692157e+00
 -5.65834090e-01
 -1.42034443e+00
  1.56740381e+00
 -1.71908658e-01
 -1.09551766e+00
 -1.02995521e+00
  5.40994709e-01
 -3.49131451e-01
 -2.23191101e+00
  1.81672159e+00
 -6.72071993e-02
 -4.31282408e-01
 -8.52587108e-01
  1.06301380e+00
 -1.41173241e+00
 -2.29081796e-01
 -1.46876627e+00
  1.73720122e-01
 -8.19192221e-01
 -1.93362584e-01
 -2.19910193e+00
 -2.39056373e+00
 -9.41613125e-01
  2.01142367e+00
 -3.83394535e-01
 -1.25495462e+00
 -9.53029295e-01
  9.24549390e-01
 -5.33851461e-01
  7.97949384e-01
 -7.49905265e-01
 -1.23789475e+00
 -2.29526633e+00
  8.94614339e-01
  1.52317676e+00
 -6.28414380e-01
 -1.32517772e+00
 -4.56522862e-01
 -5.67439218e-01
 -6.47206556e-01
  2.57560191e-01
  3.36266784e-01
  1.15976562e+00
 -1.73922049e+00
  4.58573602e-01
 -7.50470794e-01
  5.05766220e-01
  3.21613626e-01
 -7.92974877e-01
  3.30962473e-01
  2.44094411e-01
 -8.52867364e-01
 -2.06985127e+00
 -1.22762782e+00
  1.35589245e+00
 -3.35297940e-01
 -1.48985768e-01
 -1.34643560e+00
 -1.45524847e+00
  1.45182952e+00
  2.21367721e+00
  8.86044402e-01
 -2.55531812e-01
 -3.23163314e-01
 -6.32915524e-01
 -1.06683150e+00
 -4.95247010e-01
 -1.34629318e-01
  2.21846469e-01
  1.23428076e+00
 -2.35469718e+00
  5.21218299e-01
 -8.12763155e-01
  4.82389492e-01
 -1.86770708e-01
 -7.21899271e-01
 -1.82523316e+00
  2.02079024e+00
 -5.84923623e-01
 -1.49555864e+00
  3.44320959e-01
 -2.01113228e+00
  1.52832244e+00
 -1.90646087e-01
  3.64362725e-01
 -5.48388871e-01
 -1.99884898e+00
  7.42048534e-02
 -6.61852383e-01
 -6.64995487e-01
 -1.37078188e+00
 -1.95697320e+00
 -5.49444451e-01
 -4.55591770e-01
  1.06942330e-01
  1.43334045e-02
  1.55767306e+00
 -1.87214468e+00
 -9.66034770e-01
  1.94897936e+00
  2.53162128e+00
  4.60449893e-01
 -2.29095151e-02
  4.82867887e-02
 -3.22724262e-01
  5.62701191e-01
 -3.32087377e-01
  2.32123539e-02
 -1.35962053e-01
 -7.64998411e-01
 -1.63234959e-01
 -1.14277651e+00
  8.84675984e-01
  6.92198381e-01
 -2.12545152e+00
 -8.53846419e-01
  6.92038386e-01
 -7.28998577e-01
  2.11440432e-01
 -1.25975604e+00
 -3.93815582e-01
 -1.33479476e+00
 -2.69975925e-01
  9.89678382e-01
 -4.58689891e-01
  1.11442270e+00
  4.15448160e-01
  2.18182502e-01
 -5.21228630e-01
 -4.87647104e-01
 -9.88602875e-01
 -1.87189350e+00
  6.25574748e-01
  6.75338264e-01
  2.28024531e-01
 -1.00363193e+00
  8.53045316e-01
  5.71216032e-01
  2.01380407e+00
 -2.35645326e-01
  3.97762545e-01
  2.11006490e-01
 -7.77192722e-01
  4.70748371e-01
 -6.73505615e-01
  1.63319539e+00
 -4.27320958e-01
  9.51435987e-01
  3.25990959e-01
  1.02225862e+00
  1.26593398e+00
  1.04329346e+00
  4.78664643e-01
  4.69704530e-01
 -1.97440277e-01
  1.55217927e+00
 -8.61018129e-02
  2.19619636e+00
  2.81638825e-01
  1.00410491e+00
  4.22264983e-02
  3.29873639e-01
  1.12892763e+00
 -1.42899469e+00
 -7.25899755e-01
  3.84743442e-01
 -9.38200808e-01
 -4.70610729e-01
  3.44293695e-01
  3.86532587e-01
 -8.81188788e-02
  3.89436090e-01
 -3.54902995e-01
 -1.31897703e+00
  1.56331113e+00
  6.00492707e-01
  1.02663332e+00
  5.12771959e-01
  7.70695700e-01
  1.18391308e+00
 -7.09681757e-01
  2.12994218e-01
 -7.81057223e-01
 -2.60061648e-01
  2.78633089e-01
  1.52392842e-01
  4.77964725e-01
 -2.35350163e+00
 -1.42024222e+00
 -1.27739680e-01
 -2.63063854e-01
 -1.55038896e-01
  3.26797610e-01
  1.88785443e+00
  1.66517659e-01
  5.76853309e-01
 -5.42803086e-01
 -5.19873632e-01
 -1.42553360e+00
  1.07032977e+00
  9.89523092e-01
 -7.28493905e-01
 -5.67483356e-01
  1.34692809e+00
  1.51513144e+00
  1.50189091e-01
 -1.64296625e+00
 -9.84891784e-01
 -3.36457880e-01
 -4.85257787e-01
  2.34036407e-01
 -2.12166341e+00
 -3.36826091e-01
  1.07175790e+00
 -2.18244828e+00
 -8.40406043e-01
 -9.78081618e-01
  9.35333166e-01
  1.63767407e-01
 -7.09755507e-01
  2.23545585e-02
  5.78137038e-01
  1.91079288e-01
  4.94013671e-02
 -3.04664138e-01
  5.99133327e-01
  1.47027195e+00
 -2.06808139e+00
 -4.75459173e-02
 -1.59731545e+00
  4.95313322e-02
  1.31765354e+00
  7.07987280e-01
 -5.18822164e-01
  2.14619446e-01
  2.50880818e-01
 -6.97974720e-01
  6.82420389e-01
  5.07282514e-03
 -1.92592052e+00
  4.43154404e-01
 -1.53814527e+00
  9.81568995e-01
  1.11280519e+00
 -2.31299210e+00
  9.11935032e-01
  7.16248193e-01
  1.41963075e+00
  1.34086390e+00
  8.61886706e-01
  4.82322195e-01
  1.41288587e+00
  1.63974647e+00
  8.55238147e-02
  1.17554123e+00
  1.26617464e-02
  5.93958128e-01
  3.67879091e-01
 -7.01917006e-01
 -1.18987458e+00
  1.04026617e+00
  3.78318581e-01
 -1.65628012e-01
  1.57731081e-01
  5.39254752e-01
  5.52852890e-01
 -1.25592891e+00
  8.48468688e-01
  9.64754859e-01
  8.28420940e-01
  6.09930529e-01
  1.24783782e+00
  7.76754248e-02
  3.07423647e-01
  1.66818205e+00
  1.43027397e+00
  3.18061752e-01
 -2.85859047e-01
 -2.24491805e-01
  1.51003040e+00
  2.04786755e+00
 -4.63927027e-01
 -6.04198955e-01
 -9.75367700e-01
 -1.09387890e-01
 -1.79028844e+00
  8.53087957e-01
 -7.18049899e-01
  1.58330624e+00
 -1.47921557e+00
  7.62277451e-01
 -1.95259179e-01
 -2.78079170e+00
  1.71069913e+00
 -3.45898310e-01
  1.39584154e-01
 -4.20925664e-02
  7.75679892e-01
  6.12551419e-01
  9.11533789e-01
  1.79617829e-01
  2.38858662e-01
 -1.29153524e+00
 -3.27783788e-01
  2.10276692e+00
 -2.29628063e-01
 -1.61214653e+00
 -1.09582316e+00
 -1.27501441e+00
  1.43756573e+00
  7.26982553e-01
  5.80642032e-01
 -7.31707375e-01
 -7.56943001e-01
 -3.75904225e-01
  4.22058653e-01
  1.81080841e+00
 -2.78811656e-01
  1.63094054e-01
 -1.56254162e-01
 -1.54311380e-02
  8.33315321e-01
  4.11920641e-01
 -4.48993802e-01
  9.12206423e-01
  1.82264710e-01
 -1.46320534e+00
  3.94688740e-01
 -2.34402497e+00
 -2.84848105e-01
 -2.92270132e+00
 -1.16202417e+00
 -1.35937680e+00
 -2.85567853e-02
 -4.28805248e-01
 -2.80714108e+00
 -2.11055863e+00
 -8.13984791e-01
  5.36186420e-01
  2.03848797e+00
  5.74701542e-01
 -1.07432964e-02
 -1.13696115e-01
 -6.44338101e-01
  7.34023713e-02
 -6.95646957e-01
  5.29710990e-02
 -1.16085406e-02
  1.13059405e-01
  8.98820842e-01
 -1.79487825e+00
  1.32830618e-01
 -1.81995693e+00
 -6.76371769e-01
 -1.76366320e+00
 -2.38359272e-03
  7.48431593e-02
  1.76203170e+00
  1.55903521e+00
 -1.98792184e+00
  1.15322344e-01
  1.02924868e+00
 -2.50696306e-01
 -9.41955036e-01
 -5.96530658e-02
 -4.46927042e-01
  1.29285347e+00
  1.77854951e+00
 -7.19105424e-01
  1.89494490e-01
 -1.13392133e+00
  2.76175312e-01
 -7.39697986e-01
  6.34413380e-01
 -1.62137753e+00
  1.93083066e+00
  1.24208084e+00
  8.35065085e-01
  1.24110321e-01
 -1.49268727e-02
  2.34907729e-01
 -9.74662809e-01
  6.94055740e-01
 -3.18522778e-01
  1.08876527e+00
 -6.38653127e-01
 -9.16890255e-01
  1.17525153e-01
 -7.60143910e-01
  6.15320818e-01
 -9.82039137e-01
 -1.08778444e+00
 -2.42736549e+00
 -3.86845397e-01
 -1.33961090e+00
  5.16980365e-01
  1.35043656e+00
 -7.56355098e-01
 -4.16393774e-01
  4.15929240e-01
  6.07480565e-01
  2.36389608e+00
  2.97846137e-02
 -4.76984694e-03
 -1.44586611e-01
  4.77927979e-01
  1.45586762e+00
  7.20622736e-01
  6.24412822e-01
  2.48078953e-01
 -1.26505766e+00
  1.43778032e+00
 -1.01845269e+00
 -9.05562889e-01
  1.87101250e-01
 -1.27661800e-01
  8.40294067e-01
 -1.77887015e+00
  4.09009828e-01
  8.02145240e-01
  6.49108670e-01
  1.93613835e+00
 -3.57880586e-01
 -6.79118806e-01
  8.07911043e-01
 -1.15817784e+00
 -2.48957218e-01
 -2.53871947e-01
  7.98424995e-01
 -1.76581342e+00
  7.06467342e-01
 -8.23705432e-01
 -5.03236882e-01
 -1.04593183e+00
 -9.37290224e-01
 -6.41415300e-01
 -3.93037771e-01
  2.27911303e-01
  3.83630802e-02
 -6.86136332e-01
  1.21047830e-01
 -6.60932617e-02
  8.60559334e-01
 -1.89862234e+00
  6.64873092e-01
  7.11951136e-01
 -8.90472306e-01
 -3.92029661e-01
  6.55304170e-01
 -9.34675757e-02
  4.17338204e-01
  1.66763643e-01
 -7.43915163e-01
  3.48763041e-01
 -3.14178202e-01
 -4.15590107e-01
 -4.41942021e-01
  6.07756979e-01
 -7.51554307e-01
  7.84034990e-01
 -3.71099494e-01
 -8.72630612e-01
 -7.04093355e-01
  5.02103591e-01
 -4.40841972e-01
  7.20251308e-01
 -5.67278647e-01
 -1.05535078e+00
  1.58544119e+00
 -9.28195858e-01
 -1.67427420e+00
  1.27458586e+00
  1.40153168e+00
  4.73724165e-01
 -1.60046251e+00
  7.36631446e-01
  4.48685678e-01
 -5.84526277e-01
 -7.88390785e-01
  3.08941718e-01
  1.48441937e+00
 -6.06541859e-01
  5.39751331e-01
 -9.41527918e-02
  1.01255051e+00
 -4.07596330e-01
 -8.12086866e-01
 -3.33736857e+00
  7.44982508e-01
  2.28312205e+00
 -6.31685435e-02
  8.13978543e-01
 -7.76796708e-01
 -1.14053958e+00
  4.55049412e-01
 -1.07643420e+00
 -1.30889883e+00
  1.78850152e+00
  1.24772571e+00
 -2.12434422e-01
 -6.05461846e-01
  1.52220006e+00
 -3.30826635e-01
 -1.21155059e+00
  2.27521481e-01
  2.99460096e-01
  1.74864902e-01
 -6.15341022e-01
 -9.28911100e-01
 -6.90165913e-01
 -1.29409416e+00
  2.00915048e+00
  1.42624135e+00
 -1.26370372e+00
 -1.30896454e+00
 -1.82445112e+00
 -5.31528802e-02
  1.30445153e+00
 -6.56936035e-01
  1.08005727e+00
 -9.77317081e-01
 -5.49370644e-01
 -8.19469000e-01
  4.84974129e-01
 -2.11804087e-01
  3.72643885e-01
  1.48385290e-01
 -1.47466828e+00
  9.14146432e-01
 -3.98020030e-01
  9.75641068e-01
  1.43340987e+00
 -2.56879354e+00
  1.73356661e+00
  2.66455193e-01
  5.51967182e-01
 -7.82018307e-01
 -1.09870467e+00
 -1.48035542e+00
