   1.43811280e+00
   2.71588212e+00
  -9.79382072e-02
   4.40883421e-01
   7.64762775e-01
   1.95211566e-01
   1.41861139e+00
   5.23258383e-01
   1.10683455e+00
  -4.56673326e-02
  -3.50521215e-01
   5.21419699e-02
  -6.33015523e-01
   1.26604849e+00
  -3.44436459e-01
   2.34133440e+00
   4.19507155e-01
  -4.75603394e-01
   5.60217665e-01
   1.38141256e-01
   1.55910432e-01
   1.63699128e+00
   4.52407815e-01
   4.47835538e-01
   5.45057169e-02
   2.29867408e-01
   1.60244040e+00
   3.68898855e-01
   6.63045480e-01
  -8.93191026e-02
   7.42353426e-01
   1.21764140e+00
  -3.91596831e-01
   1.40680664e+00
  -3.40006624e-01
   5.34543549e-01
   7.13932770e-02
  -1.31732387e+00
  -7.12809025e-01
  -4.73181146e-01
   1.24742115e+00
  -6.25206127e-01
   1.63203247e+00
  -6.27426631e-01
  -3.08310108e-02
   1.35326723e+00
  -1.61944317e-01
   1.25890738e-01
  -6.29395382e-01
   2.74338716e-01
  -2.25720509e-01
  -6.61283440e-01
  -1.67268274e+00
  -6.98518404e-01
  -1.64978703e+00
   6.74985554e-01
  -1.65246277e+00
   1.03455803e-01
  -5.91283874e-01
   3.73766986e-02
   7.60487862e-01
  -1.48297328e-01
   2.24259283e-01
   3.80947217e-02
   1.12707046e+00
   9.73635557e-01
   1.88533550e+00
   1.17588063e+00
   1.57407156e+00
   1.37233616e+00
  -5.21984465e-01
  -9.29049257e-01
  -4.27377274e-01
   4.50632775e-02
   1.46974094e+00
   1.60776805e+00
   3.68907599e-01
   1.93633369e-01
  -9.22272192e-01
   1.64013618e+00
   1.88386151e-02
   1.51115653e+00
  -1.37780572e+00
   2.75670753e-01
  -1.26519564e+00
   8.35738269e-01
   8.82222181e-01
  -5.33247411e-01
  -3.03537438e-01
  -2.48448024e+00
  -5.66186498e-01
  -8.25088368e-01
   1.78525002e+00
  -8.34529338e-01
  -3.31904781e-01
   1.15322698e+00
   1.87536909e+00
  -3.47307142e-01
  -2.29421432e+00
   1.65119600e+00
   5.12262319e-01
  -6.82710236e-03
  -2.09031825e-01
   1.85840293e+00
  -1.86312128e+00
   7.96343403e-01
   1.14554835e+00
   2.05392298e+00
  -1.09930443e+00
   5.43388225e-02
   5.18671183e-01
   1.70308043e-01
  -1.77091906e+00
  -9.65451611e-02
   6.86794410e-01
  -8.58299846e-01
  -1.18088120e+00
  -1.15227790e+00
  -1.29770137e+00
   1.50465471e+00
   2.97372116e-01
  -1.04307956e+00
  -1.16313895e+00
   1.15252108e+00
   1.17098201e+00
   4.10302414e-01
   9.22489821e-01
  -1.46094223e+00
  -1.29568163e-01
   1.13025561e-01
  -6.61615790e-01
  -1.10775695e-01
   9.63103403e-01
   7.13212316e-03
  -2.12288480e+00
   9.24045232e-03
   5.54007661e-01
  -8.09015051e-01
  -4.35218231e-01
  -1.02102495e-01
   1.45811287e+00
  -3.19277649e-01
   2.97600979e+00
  -7.34006550e-01
   1.32795395e+00
   1.50333584e+00
   1.34286149e-01
   9.91362250e-01
  -7.11857880e-01
  -1.66852954e+00
   4.39825405e-01
  -4.06626373e-01
   7.04584871e-01
   1.12773145e+00
   7.20192907e-01
   1.22038042e-01
   2.53004245e-02
  -6.97591514e-01
  -8.93908948e-01
   1.63685958e+00
  -2.36716744e+00
  -2.20485420e+00
  -1.75400099e+00
  -1.31573179e+00
   1.03836478e+00
  -1.16625366e+00
   3.82209366e-01
   6.63793397e-01
  -6.33450877e-02
  -1.82812335e-01
  -5.88283617e-01
  -1.23365307e-01
   3.00171996e-01
  -2.43004419e-01
   3.81647899e-01
   1.65794073e-01
  -3.99463663e-01
   6.09310322e-01
  -9.66531285e-01
   5.56688370e-01
   3.57876063e-01
  -2.96720498e-01
   1.43556962e+00
   2.09518021e+00
  -4.30487473e-01
  -2.96813555e-01
   2.08883421e-01
   9.25022960e-01
  -2.56870715e+00
   4.54213504e-01
  -4.73502593e-01
   3.62801683e-01
  -2.22226114e-01
  -8.02893840e-01
   1.88969106e+00
  -3.23436339e-01
  -1.75690473e+00
   2.00618208e-01
  -2.37598370e-02
  -1.65082451e+00
   1.05357557e+00
  -1.11487424e+00
  -3.59542962e-02
  -7.96471574e-01
   1.23104085e-01
  -1.09594695e+00
   2.65561856e+00
   3.49382870e-01
  -9.56587217e-02
  -2.76828023e-03
  -5.05249476e-01
  -5.43587995e-01
  -9.51441810e-01
   3.78523379e-01
   1.10876469e+00
   2.09189083e-02
  -2.29117113e-01
  -1.92562364e+00
  -3.53423729e-01
   1.96427589e+00
  -1.85802067e+00
   1.62967937e+00
  -2.10261046e-01
   9.64325027e-01
  -1.21090912e+00
  -1.25377308e+00
   4.63040350e-01
  -6.37253534e-01
  -2.72632671e-01
  -1.21433869e+00
   4.64183731e-01
  -8.90218040e-01
   1.73901077e+00
   2.92040107e-01
  -3.25106474e-01
   1.00823079e+00
  -5.76601286e-01
   1.00406929e+00
  -1.13481706e+00
   2.07754421e-01
  -4.39619866e-02
   8.13832722e-01
  -2.37747712e-01
   5.03118492e-01
  -8.57960568e-02
   3.23986504e-01
   1.71567965e+00
   7.53730099e-01
   2.28939028e+00
   1.56169248e+00
  -2.14538839e+00
  -2.68879444e-01
  -1.95860957e-01
  -1.11113405e+00
  -5.31957287e-01
   1.83659176e+00
  -4.92757266e-01
   2.39726609e+00
   1.61271807e+00
  -9.80297494e-01
   4.94202658e-01
   1.85351263e+00
   2.69763519e+00
   4.35777020e-01
  -1.43794715e-01
   7.76788802e-01
   1.52755188e+00
  -5.65802055e-01
  -9.95342483e-01
   1.47005692e+00
   7.03964414e-01
  -1.02218316e+00
   1.63387993e+00
  -1.49884843e-01
  -4.07273065e-01
   4.89880803e-02
  -1.74230418e-01
  -2.41212504e+00
  -1.38938565e-01
  -1.75249584e+00
   1.04322100e+00
   4.42201324e-01
   1.92283029e+00
   5.11285752e-02
   8.60540052e-01
   1.02689855e-01
   1.42532311e+00
   9.72147604e-01
  -7.72780599e-01
   4.35793849e-02
   5.26755756e-01
   5.93793882e-01
   2.12769835e+00
   6.42047442e-01
   5.93240248e-01
  -1.88033776e+00
   1.05451886e+00
   1.89616647e+00
   7.36122310e-01
   1.11793575e+00
  -1.82870839e-01
   7.08319165e-01
   1.43201465e+00
  -1.65451433e+00
   1.69411125e+00
   2.22959940e+00
   6.52427957e-01
  -1.57636975e-01
   5.00190106e-01
  -6.00457782e-01
  -2.37011013e+00
   3.08680592e-01
   1.24980941e-01
   9.97005590e-01
   1.26513003e+00
   4.86434488e-01
   3.09044542e-01
   2.91916791e-01
   5.36263585e-01
  -7.16678636e-01
   1.80237637e+00
  -1.44820167e+00
  -3.98116957e-01
   1.34333248e+00
   2.10060266e+00
  -1.50726247e-01
  -3.79878259e-01
  -4.64520461e-01
  -7.52437289e-02
  -1.65475721e+00
  -1.28082630e+00
   2.49689312e+00
  -9.85114274e-01
  -3.84575233e-01
   1.19865446e+00
  -4.44740351e-01
  -5.06783895e-01
   4.89583722e-03
   1.24765285e+00
  -3.49586614e-01
   3.12532900e-01
   2.40750690e-01
  -8.80372051e-01
   3.62764669e-01
   1.12147288e+00
  -8.10194794e-02
  -1.16295096e+00
   1.21036535e+00
  -1.77478876e+00
   5.67495448e-01
   2.78658020e+00
   1.91011396e-01
   3.97897184e-01
  -2.97349783e-01
   7.78674508e-01
  -4.13302491e-01
   2.18110352e+00
  -1.67900374e+00
   3.13257135e-01
  -1.98718379e+00
   2.74562074e-01
   4.87243471e-02
   6.09866746e-02
  -1.31966060e+00
   1.47500702e-01
  -4.15240298e-02
   4.01240984e-01
   1.31011772e-01
  -8.52380860e-01
   1.92215094e+00
   7.25411078e-01
   1.43914336e+00
   4.29588463e-01
   1.38457282e-02
   6.32788535e-01
   1.10358272e+00
  -1.71443152e+00
   8.65259015e-02
  -7.44000679e-01
  -2.07866066e-01
   6.53569485e-01
   1.95672666e-01
  -8.67385940e-03
   2.44806477e+00
   2.15558632e+00
   1.01125905e+00
   1.01630376e-01
  -1.05063796e+00
  -1.26662998e+00
  -4.57279693e-01
  -6.67433676e-01
   9.91209584e-01
  -8.75331297e-01
  -1.15642162e+00
  -1.24076475e+00
  -1.49407454e+00
   6.94353506e-01
   3.34793999e-01
  -6.76330429e-01
  -2.08041602e-01
   9.15693113e-01
   6.46170719e-01
   6.37202564e-01
  -2.44365878e-01
   7.08360206e-01
  -9.22185026e-01
   1.08336059e-01
   9.80707819e-02
  -1.39825809e+00
   6.20654254e-01
   6.29703996e-01
   3.72138431e-01
   9.68897916e-01
   3.20566154e-01
  -1.98324677e+00
  -3.38125996e-01
   1.05925214e+00
   4.35948425e-01
   6.09106243e-01
  -5.20557170e-02
  -6.55815027e-01
   1.78296450e+00
  -1.31177411e+00
  -6.12546064e-01
  -1.94645937e+00
   2.54575477e+00
  -5.50583006e-01
   1.20199888e+00
   1.96680781e+00
  -3.77923349e-01
   1.57579018e+00
  -1.72281321e+00
  -6.27690261e-01
   2.77195377e-01
   9.99181232e-01
  -2.88528389e-01
   2.67261002e+00
   3.22195995e-01
   1.27114605e+00
  -2.98094715e-01
   1.35158971e+00
   1.44517360e+00
  -1.48312625e-01
  -9.16385861e-01
   6.23781184e-01
  -7.53077355e-01
  -3.07631691e-01
   7.63249158e-01
   1.79461727e+00
   3.43532664e-01
   1.99276388e+00
   5.10445208e-01
   1.05193047e+00
   1.13872257e+00
  -1.64799364e+00
   1.53420518e-01
  -5.69380245e-01
   7.77125836e-01
  -8.27976249e-01
  -2.17437822e-01
   1.51873386e-01
   1.50643945e+00
  -5.80554122e-01
   1.19580761e+00
   1.09584920e+00
  -1.07236742e+00
   1.40836266e+00
   2.72016267e-01
   6.04445808e-01
  -8.95834555e-01
  -7.82098990e-01
   8.65751992e-01
  -1.90988344e-01
   1.92774404e-01
   4.66442863e-01
   3.15953737e-01
  -2.78462884e-01
  -1.73432511e+00
  -9.39097922e-01
   9.76697532e-01
  -3.25831223e-01
   1.58272979e-01
  -2.53005886e-01
  -1.07420370e+00
  -8.64677097e-01
   3.31508627e-01
  -6.50270890e-02
  -7.62497804e-01
  -6.55800880e-01
   1.92465930e+00
  -8.24735674e-01
  -9.37267010e-02
   1.61231844e+00
   1.64081715e-01
  -8.48849861e-01
   8.75308572e-01
   8.37427179e-01
   1.60635574e+00
   4.65635846e-01
  -8.71883741e-01
  -1.31213090e+00
  -1.70917679e+00
   6.86804713e-01
  -2.42606622e+00
  -1.28246743e-01
   7.14504168e-01
  -1.54328687e-01
  -1.49205299e+00
   4.42840934e-01
  -1.14590783e-01
   2.86514373e-01
   9.72315210e-01
   5.89213414e-02
  -8.48415802e-01
   2.70029450e+00
   7.82095897e-01
   2.67301235e-01
   4.93470753e-01
   1.49465102e+00
  -3.41821734e-01
  -3.86485555e-01
  -1.82023870e-02
  -4.90424032e-01
  -8.98484847e-01
   1.03310490e+00
   9.99027488e-01
  -4.83190528e-01
   7.09120056e-01
   1.01702555e+00
   4.28879283e-01
  -7.58721149e-01
   1.63258463e+00
   9.56176097e-02
  -1.64168609e+00
  -9.44977765e-03
  -9.79880297e-02
  -2.79005665e-01
  -5.85734283e-01
  -2.91482397e-02
  -4.34242948e-01
  -6.30290486e-01
   1.82769105e+00
  -4.80463867e-01
   1.07373507e+00
   2.37647204e-01
  -6.59709751e-01
  -1.16193725e+00
  -1.78867521e-01
   4.56843422e-01
   2.30192121e-02
  -1.18767959e+00
  -1.25042451e+00
   2.72332190e-01
   2.39448023e-01
  -2.24439236e+00
   1.35316969e-01
  -3.28033474e-01
   1.30284442e+00
   5.47876776e-01
   1.48813436e+00
   1.30540054e+00
   4.97481141e-01
   4.51108001e-01
  -1.09967079e+00
  -1.02605553e+00
   7.49267028e-01
   1.19546219e-01
  -2.16167516e+00
  -9.94791771e-02
  -3.86827414e-01
   4.14945448e-01
   1.51349327e+00
   6.12056263e-01
   1.76674941e+00
  -2.29337114e+00
   2.40843037e-01
   2.08332990e-01
  -1.24665684e-01
  -4.97777130e-01
   2.52607838e-01
  -2.58720105e+00
  -8.47061466e-01
   1.33790517e+00
   1.43719492e-01
  -5.98295556e-01
  -1.12781333e+00
  -1.91128935e-01
  -1.67244653e-01
  -1.34068072e+00
   1.59307550e+00
  -1.19557831e+00
   1.08123808e+00
  -8.87413821e-01
  -1.94322525e+00
  -9.62124441e-02
   8.74882799e-01
   8.65255392e-01
   3.40461375e-01
   2.69573836e+00
   9.30478482e-01
  -7.19437582e-01
  -5.50421516e-01
  -2.04342029e+00
   2.93372520e-01
   2.43472241e+00
  -5.55897947e-01
  -6.83869852e-02
  -8.65671168e-01
  -1.36213902e+00
   9.57801039e-01
  -2.04319359e-02
   2.87889321e+00
   1.52252441e+00
  -1.25313257e-01
   9.16652766e-04
  -1.90260963e+00
   9.19751971e-01
   9.68166286e-01
   1.57568400e+00
  -2.04570104e-01
   1.77598883e-01
  -1.08592873e+00
  -2.39613153e+00
  -1.07901226e+00
  -2.82659620e-01
  -6.57986357e-01
  -4.22119275e-02
  -2.79010975e+00
   6.48799129e-02
   7.22029121e-01
   2.17742499e-01
   1.78765849e+00
  -8.21406157e-01
  -1.58146002e+00
  -4.74421163e-01
   1.60259295e+00
  -1.75142760e+00
  -4.78730800e-01
  -1.21196782e+00
   4.45890197e-01
   6.98473676e-01
   4.35374504e-01
   3.36551049e-02
  -1.55439624e+00
   2.80464605e+00
  -1.71863987e+00
  -2.61818442e-02
  -2.69082328e-01
  -1.86980511e+00
   5.33238472e-01
   5.71836160e-01
   3.00705348e-01
  -6.60347357e-01
   2.09476346e-01
   1.40478965e+00
   1.76782713e+00
  -3.44485965e-01
   3.38903479e-01
   7.45599529e-01
   4.45184925e-01
   5.53945275e-01
   2.88400221e-01
  -1.19475876e+00
  -3.16464385e-01
  -3.18837433e-01
   4.96739664e-02
  -2.62045437e-02
   1.28230509e-01
  -1.74516031e+00
   1.10596096e+00
  -3.92905673e-01
   1.08608850e+00
  -1.35334727e+00
   2.35266839e-01
   1.57979093e+00
   4.60884731e-01
   9.47654910e-01
   1.09266748e+00
  -3.87279486e-01
  -7.86179179e-01
  -7.54040022e-01
  -9.57552109e-01
  -2.15049088e+00
  -5.72278995e-01
  -7.53962120e-01
   1.10437859e+00
   8.99143603e-01
  -1.82836320e-01
  -8.91794002e-01
  -4.47506657e-01
   7.49134567e-02
  -1.18596528e-01
   1.93421043e+00
   1.31168446e+00
   8.23127693e-01
   1.69247366e-01
  -5.46492339e-01
   3.19696008e-01
   2.58645543e-01
  -7.56211711e-01
   3.99588401e-01
  -2.02291842e+00
  -1.90007627e-01
   2.08172925e-01
  -1.86825066e-01
   7.10580892e-01
  -1.57629934e-01
  -8.73696801e-01
   7.59307739e-01
   8.44655027e-01
  -4.64044271e-01
   9.71084950e-01
   6.01890457e-01
   5.40134159e-01
  -1.08958821e+00
   1.58186146e-01
   2.33265498e-01
   9.10513209e-01
   6.80740707e-01
   9.12378970e-01
  -1.68924830e+00
   8.28778393e-02
   8.50639972e-01
   4.37829896e-01
  -1.49468751e+00
   7.56715633e-01
  -4.60640931e-01
  -3.44887011e-01
  -4.76802166e-01
  -3.61413193e-01
  -2.35001902e+00
   9.41400351e-01
  -4.42344065e-01
   1.07689149e+00
   6.50541146e-01
  -9.14592674e-01
  -1.82142874e+00
   1.61067135e+00
  -1.28093916e+00
   9.27558240e-01
   3.19406519e-01
   4.28726221e-01
   4.13761269e-02
  -1.02226388e+00
  -2.28530190e+00
   1.66221565e+00
  -5.01028680e-01
   5.89591663e-01
  -2.06549899e+00
   2.31189484e+00
   1.64747596e+00
   8.71712083e-01
  -6.03241336e-01
  -1.18763242e+00
   2.89035773e+00
  -6.30589142e-01
  -4.45276509e-01
   1.07196321e+00
  -3.93250858e-01
  -1.15562567e+00
   9.13273319e-02
   6.59039472e-01
  -1.71024986e+00
   1.34782862e-01
   1.97292329e-04
  -1.76581564e-01
   1.02035864e+00
   9.40690710e-01
  -2.83212975e-01
   7.48445090e-01
   9.05645696e-02
   2.41821599e-01
  -5.45462543e-01
   1.08362476e+00
   3.69027171e-01
   8.30363743e-01
   1.52185595e+00
   1.12199909e+00
  -1.55798608e+00
   1.45286366e+00
  -2.79968524e-01
  -3.79799558e-01
  -4.32012765e-01
  -1.07612723e+00
   9.41013005e-01
   9.89225161e-01
   9.08436669e-01
  -5.11612299e-01
  -1.60223456e+00
   3.64502149e-01
   6.89654746e-01
  -1.49895342e+00
   8.92130081e-01
   2.07017612e-01
  -1.07756147e+00
   1.44794163e-01
   2.51006807e+00
  -1.49025613e+00
   8.61041682e-01
  -2.24372412e+00
   1.29205603e+00
   4.77181658e-01
  -4.75466308e-01
  -1.67627174e+00
  -1.23119605e+00
   1.92125401e-01
  -7.55147277e-01
  -9.18001369e-02
  -4.94493274e-01
   1.41226500e+00
  -2.26340271e+00
  -2.54572808e-01
   1.13039493e+00
  -3.92069256e-01
   9.43992252e-01
   2.62516365e-01
   9.32919073e-01
   1.71163183e+00
  -8.45977515e-01
   1.51056313e-01
  -1.99586841e-01
  -7.05058928e-02
  -1.68157620e+00
  -2.11404245e+00
   2.39647252e-01
   8.45932046e-01
   5.43700367e-01
  -1.09300513e+00
   1.01128005e+00
   1.10083483e+00
   6.42053629e-01
  -5.76517082e-01
   1.66495134e+00
  -2.40353253e-01
   1.64314829e-01
   5.32931711e-01
   1.37580178e+00
  -5.82580918e-01
   1.01513230e+00
   6.68978307e-01
   8.85151496e-01
  -2.03434507e-01
   5.40538641e-01
  -8.09685140e-01
  -1.19586761e+00
  -8.07292379e-01
  -1.67683999e+00
  -8.49278009e-01
   5.65961922e-01
  -4.14804716e-01
   6.82616807e-01
   9.45303558e-01
   1.49341956e+00
   1.01169045e+00
  -1.20323870e+00
  -8.24365550e-01
  -1.20680362e+00
   2.08562010e-01
  -3.01064348e-01
  -6.91567530e-01
  -1.09737076e+00
   1.52456603e+00
  -3.64053165e-01
  -1.38144280e+00
  -1.13581487e-01
  -7.23317782e-01
  -6.04849057e-01
  -3.87041596e-01
  -1.09562776e+00
   1.15150557e+00
   6.63431238e-01
   2.06838950e-01
  -1.20911971e-01
  -1.75174445e+00
  -8.83204805e-01
   3.28424544e-02
   3.35170702e-01
  -6.59406641e-01
   3.02467309e-01
   5.64912652e-01
  -6.16543991e-01
  -8.35187785e-01
  -1.03065730e+00
   1.88954616e-01
   3.99768410e-01
   6.30585551e-01
  -3.10383431e-01
  -1.65081995e-01
  -1.19108431e+00
   1.80919064e+00
  -2.68528183e+00
   1.04758809e+00
  -1.06367690e+00
  -1.34602687e+00
   8.47616832e-01
  -8.08583192e-01
   1.06799651e+00
  -4.79115417e-01
  -7.24196804e-02
   1.85549187e-01
   8.83361600e-01
  -1.93677613e-02
   2.73179565e-01
   6.53737082e-01
  -4.14803439e-01
   4.02489615e-02
  -1.49964616e-01
  -7.68305704e-01
  -6.21682377e-01
   5.49606673e-01
  -1.00009167e+00
   2.13216863e-01
   3.85481003e-01
   5.77766413e-02
   2.15077702e-01
   8.16425115e-02
  -2.30009316e+00
  -1.67457435e+00
   1.14860552e+00
   6.18819505e-01
  -1.68144727e-01
  -3.74563740e-01
  -9.00266867e-01
   2.48909339e-01
   3.27644930e-01
  -6.30352184e-01
  -1.12131394e+00
   1.41823924e-01
   2.25092292e-01
  -9.10055181e-01
   1.37444787e-01
   4.41957974e-01
   7.83996748e-01
   6.43065633e-01
  -1.00380618e+00
  -5.29757297e-01
   1.04712914e+00
  -7.89342193e-01
  -7.40947665e-01
  -4.05602604e-01
   1.71231786e+00
   4.50889482e-01
   1.92735323e+00
   2.46296031e-01
  -3.52671477e-01
  -3.65389593e-01
  -1.64522194e+00
   2.56719374e-01
   3.72393473e-03
  -2.72385544e-01
  -5.93592194e-01
  -5.16185836e-01
   2.48463875e-01
  -6.79733217e-01
  -1.41229976e+00
   1.30797694e-01
   4.07883683e-01
  -2.22795304e-01
   1.58556146e+00
  -6.30146522e-01
   7.93404535e-01
  -6.89384283e-01
  -9.87276955e-01
   4.15345911e-01
  -1.59493909e+00
  -1.25514844e+00
  -1.50716781e+00
  -8.46088839e-01
  -1.35687878e+00
  -9.80903302e-01
   9.48127355e-01
  -1.39239236e+00
  -3.27069755e-01
  -1.18262473e+00
  -9.34864531e-01
  -4.80019959e-01
  -8.51679916e-01
  -1.06457090e-01
   1.86715656e+00
   2.72691459e-01
  -3.13524644e-01
   7.15050585e-01
   2.54371671e+00
  -1.81751831e+00
  -9.66098915e-01
  -2.80309299e-01
   8.38230855e-01
   3.31934698e-02
   2.90420863e-01
   7.87162396e-01
   1.13176052e-01
   1.60831840e-03
   8.28969963e-01
   2.37433941e-01
   2.06545174e-01
   1.57336396e-01
   7.30346718e-01
  -1.85451866e-02
   1.31882777e+00
  -4.08295077e-02
   4.55011707e-01
   1.34439068e+00
  -5.31311035e-01
   1.11768688e+00
   2.22682128e-01
  -1.08943749e+00
  -5.27610751e-01
  -1.49942508e-01
   2.07466718e-01
   1.15819007e+00
  -1.22184470e-01
  -2.04616468e-01
   2.51133538e-01
   6.15825927e-01
   1.57546017e-01
  -2.26889635e-01
  -6.81660445e-01
   5.08594741e-01
   3.53827107e-01
  -1.29214162e+00
  -1.26567007e+00
   1.22663048e-01
   9.75829262e-01
   1.17985135e+00
  -1.11286150e+00
  -1.97052711e-01
  -3.35357440e-01
  -1.40050347e-01
   4.72414697e-01
   1.09159951e+00
  -2.83219228e-01
  -4.75073171e-01
  -2.88129162e-01
  -6.01875545e-02
   1.92910970e+00
  -2.59118855e-01
  -1.09024639e+00
   3.22099371e-01
   1.20628571e+00
  -1.00297911e+00
   7.43938105e-01
  -8.83166599e-01
   1.05468560e+00
  -9.42129035e-01
   2.82722723e-02
   1.39811653e-01
  -9.81509957e-01
   1.54624429e+00
  -1.19559028e+00
  -2.68953020e-01
   1.91327238e-01
  -2.07269797e+00
   3.58638997e-01
   2.33228852e-01
   1.64088176e-02
   1.28250157e+00
   3.60379275e-01
   6.56651069e-02
   2.55749617e-01
   2.20053050e+00
  -7.69562967e-01
  -8.20585320e-02
  -1.12628722e+00
  -1.83314299e+00
   1.10957607e+00
   1.34360769e+00
   1.39434202e+00
  -2.11570299e+00
  -6.21871238e-01
   7.86380532e-01
   6.84550256e-01
   3.42411276e-02
  -3.67250410e-01
   1.94066038e+00
  -5.01478084e-01
  -2.94901862e-01
   1.32535116e-01
   7.14591893e-01
  -1.73701478e-01
   1.20438741e+00
  -1.73829820e-01
  -1.31140940e-01
   7.96486834e-01
  -3.04185972e-01
  -2.50337922e-01
  -2.36165352e-01
  -1.73643123e+00
  -1.22696489e+00
   2.61542682e-01
   5.55456645e-01
  -1.44196972e-01
  -1.34895933e-01
   1.01437612e+00
  -5.07927141e-01
  -1.72034781e-01
  -1.35288726e+00
  -1.77603645e+00
   1.00471672e+00
  -6.61438426e-01
  -2.41657895e-01
   4.89090631e-01
   7.84060195e-01
  -1.50546446e+00
   1.84030148e-02
  -4.63229218e-01
   1.22674980e+00
  -2.10251597e-01
  -8.72992135e-02
   1.09249257e+00
   5.70245771e-01
   7.28390071e-01
  -3.57685958e+00
   2.15131481e+00
  -6.28245795e-01
  -4.21329257e-01
  -6.18701794e-01
   2.17022391e-01
  -2.02877691e-02
   3.98995856e-01
  -4.68637386e-02
  -3.98033829e-01
  -2.35797808e-01
  -9.35463729e-02
  -5.29350291e-01
  -2.79337638e+00
   4.37296655e-01
   1.03984748e+00
  -6.50826396e-01
   3.19529090e-01
   5.95466573e-02
  -9.63721539e-01
  -1.30432174e+00
   9.17920324e-01
   1.37267167e+00
  -5.57837672e-01
   5.47402264e-01
   4.12039928e-01
   1.98002941e-01
  -1.78645714e+00
   7.29938222e-01
   1.81853958e-01
   1.07964755e+00
   2.83984734e-01
   3.47609348e-01
  -8.13830116e-01
   8.72634411e-01
   1.52102678e-01
  -6.23005975e-01
  -4.08114756e-01
  -2.94564289e-01
   2.25401893e-01
  -2.58054012e-01
   1.68949894e+00
   4.22661721e-01
  -1.34083544e+00
   7.76723454e-01
   1.72532484e+00
  -1.23052350e-01
  -8.22928843e-01
  -1.43091924e+00
   5.45774449e-01
   1.15101148e+00
  -5.95904615e-01
  -9.30403003e-02
  -2.61434595e-01
  -1.34673689e-02
   6.00006131e-01
  -1.45305272e+00
  -1.84950758e+00
  -1.21118426e-01
   1.79242217e+00
  -1.79019295e+00
  -4.81394733e-01
  -1.51943994e-01
  -3.07787417e-01
   6.25256466e-01
  -1.56687369e+00
   1.74879973e-01
   1.02870886e-01
   9.13287084e-01
   1.02097096e-01
  -8.64229149e-01
   5.59035531e-01
   1.11244055e+00
  -9.21982789e-01
   9.35713233e-01
  -3.05066439e-01
  -1.14449910e+00
  -4.33902612e-01
  -1.02063409e+00
  -7.79780829e-01
   1.64992750e-01
  -2.47414609e+00
  -1.78033908e-05
   1.04026419e+00
  -1.35541353e-01
  -8.59444520e-01
   6.32597813e-03
   1.32069940e+00
   5.51190571e-02
   6.39654873e-01
  -3.02851677e-01
  -6.01455918e-01
   2.06288639e+00
   8.82833374e-01
  -1.59524781e-03
   6.10657335e-01
   7.39156168e-01
   4.96482091e-02
   8.12744685e-01
  -1.47778489e+00
  -2.40865626e-01
  -3.18696319e-01
  -1.30542235e+00
  -1.33948768e-01
   7.58631527e-01
   1.33468098e+00
   8.37657013e-01
   9.44947935e-02
  -2.19971109e-01
   9.09834426e-01
  -1.01779913e+00
  -4.07801502e-01
   2.36858993e+00
  -2.09871376e-01
   1.91602231e-01
  -5.49967658e-02
  -7.51397549e-01
  -3.57655774e-01
  -5.32725792e-01
   9.60553147e-01
   4.17407440e-01
   2.06860320e-01
  -2.20545305e+00
   6.51757446e-01
   2.59637992e-01
  -1.91114247e+00
   4.73630618e-01
  -4.15691099e-01
   1.22877556e+00
   1.03830705e+00
  -2.75630579e+00
   1.24383777e+00
   2.23391622e+00
  -3.27758045e-01
   8.78508865e-01
   7.43841818e-01
   8.35302056e-02
  -2.33452373e+00
   1.05298448e+00
   1.91099944e-02
  -1.07487551e+00
  -2.05473762e-01
   8.31472916e-01
   6.86944811e-01
  -5.05358157e-01
  -7.30550538e-01
   1.85109583e+00
   8.27228575e-01
  -4.14333768e-01
  -5.22819275e-01
  -1.14714376e+00
  -8.63521176e-01
  -1.30969070e+00
   1.16154885e+00
  -5.25545835e-01
  -1.14378036e-01
   5.94705438e-01
   6.09292342e-01
   1.77695395e+00
  -1.01822705e+00
   1.59350676e-01
   3.73360385e-02
  -4.71066873e-01
   2.15656518e+00
  -2.47588063e+00
  -1.79535182e+00
  -2.18696834e+00
  -5.67905209e-02
   1.30899724e+00
   4.44105381e-01
   4.78261226e-01
   3.91150730e-01
   7.15739865e-01
   1.05838676e+00
   1.08174423e+00
   1.67109272e+00
  -2.44032113e-01
   5.39088276e-01
   3.86440826e-02
  -4.87991408e-01
   9.91543259e-01
   5.68779146e-01
  -9.30219324e-02
   8.15479971e-01
  -5.00315518e-01
  -9.43783234e-01
   3.89052067e-01
   3.30742129e-01
   8.44485044e-01
   1.32416041e+00
   1.48905084e+00
   1.44539701e-01
   6.41766499e-01
  -1.07722377e+00
   4.68278154e-01
  -1.24587237e+00
  -3.66250693e-04
   3.39775465e-01
   3.90686767e-01
  -3.69550333e-01
   2.88246668e-01
  -1.48363849e+00
   3.31615999e-02
   1.41649469e+00
   2.24628446e+00
  -6.73920569e-01
  -8.92951736e-01
  -1.47576015e+00
   2.40423658e+00
   2.18083714e+00
   4.80161404e-01
  -4.52373768e-01
  -2.32043943e+00
  -4.27773182e-01
   1.13392961e+00
  -6.13853900e-01
   1.11396632e+00
  -3.91316322e-01
  -5.66836454e-01
   8.87237597e-01
   4.71141120e-01
  -1.35481105e+00
   3.28634797e-01
  -2.34879416e-01
   8.13240275e-01
  -3.02417220e-02
  -2.00608622e+00
  -1.04732985e+00
   6.39490177e-01
   5.47358391e-02
   1.25867027e+00
   2.41433149e-01
  -3.13654868e-04
  -6.56105049e-01
  -8.81681165e-02
   6.35511415e-01
   1.67271822e-01
   3.72913885e-02
   2.79707191e-01
   7.23117455e-01
  -5.75430307e-01
   9.79790464e-01
  -1.17641184e+00
   2.26751334e-01
  -7.18261944e-01
   1.37023561e+00
  -5.18994764e-01
  -1.46542131e-01
  -3.09802368e-01
   1.02591054e+00
  -9.80887401e-01
  -1.37475636e+00
   6.25464056e-01
   6.89152288e-01
  -3.06531114e-01
  -7.37317967e-01
  -2.89669250e-01
   6.69039234e-01
  -6.38898632e-01
  -2.10061396e+00
  -9.45570634e-01
  -1.49586953e+00
  -3.55002736e-01
  -3.22524775e-01
  -2.47637641e+00
   6.08427217e-01
   5.91478885e-01
   1.31011911e+00
  -8.49433249e-01
   1.14059919e+00
   1.74373388e+00
   6.98793162e-01
   6.52358502e-01
   1.76627928e+00
   1.76201509e+00
   3.79144991e-01
  -8.10715958e-01
   1.32933004e+00
   2.59311514e-01
  -1.71024282e+00
  -3.60543308e-01
   1.86681464e-01
  -1.38131951e+00
  -1.43997654e+00
   8.39462153e-01
  -5.64243771e-02
  -1.24120376e+00
  -1.28524859e-01
  -1.25424304e+00
   7.02050160e-01
  -7.97647455e-01
   3.16138955e-01
  -1.37063495e+00
   1.06781461e+00
  -2.15114500e-01
  -8.31821967e-02
   3.29834625e-01
   6.99615401e-01
  -3.47787034e-01
  -1.85985386e+00
   8.85941521e-01
  -1.04323017e+00
   1.36746589e+00
   2.38451784e+00
  -2.52651293e-01
   1.25123394e-01
   7.80813365e-01
   2.84873399e-01
   2.13451693e-01
   4.22912291e-01
  -1.08010877e-01
  -1.06975625e+00
  -1.23623793e+00
   3.98803939e-01
  -1.84661546e+00
  -5.35309287e-01
   9.50932283e-01
  -1.10334633e+00
   1.31566617e+00
   1.56336417e+00
   6.94849927e-01
  -5.32704044e-01
  -3.77552403e-02
   6.28509556e-01
  -1.10668453e+00
  -1.06598732e+00
   3.30384454e-02
   7.85960487e-01
  -6.94094525e-01
  -5.44699051e-01
  -6.70054785e-01
  -3.03965359e-01
  -1.47237818e+00
   2.02033264e-01
   1.95132498e+00
   4.76274594e-01
  -1.13948532e+00
   4.04759140e-03
  -7.48411596e-01
   5.55597166e-01
  -2.55800270e-01
   1.96382650e+00
  -6.77943001e-02
   2.51644480e+00
  -3.36875869e-01
  -4.49348547e-01
   1.83703464e+00
  -6.74059998e-01
   2.72491227e-01
   1.57843164e+00
   1.41493744e+00
  -5.76397176e-01
  -1.31241507e-01
  -1.58034451e+00
  -1.07741379e+00
   8.58893472e-02
   6.14999901e-01
   7.79967084e-01
   4.77955977e-03
  -1.05800341e-01
   4.32777063e+00
   8.41080257e-01
   1.22398676e-01
  -9.02742616e-01
  -1.92299074e-01
  -3.43985908e-01
   1.12969168e+00
   1.09347159e+00
  -1.10127455e+00
   1.65130048e+00
  -4.25372382e-01
   6.14816009e-01
  -1.24918804e-01
   4.99338614e-01
  -5.15018497e-01
   1.77200053e+00
  -7.82007797e-01
   7.50582407e-01
   1.08459537e+00
  -8.59937842e-01
  -8.01069470e-01
  -1.21530242e-01
   7.22307518e-01
  -1.70498772e+00
  -1.32984938e+00
  -9.01734606e-01
  -7.10565714e-01
  -1.32059458e+00
  -1.11462394e+00
  -1.39807123e+00
   7.45570550e-01
   8.37662124e-02
  -2.66957042e-01
  -1.16475573e-01
  -5.63299282e-01
  -4.63286592e-01
  -9.03897895e-02
  -4.13650421e-01
  -1.74693836e+00
   3.19953916e-01
   3.41802099e-01
   1.28246867e+00
  -2.04639511e-01
   6.28256964e-01
   9.05764165e-01
   2.07008989e+00
   1.08004252e+00
  -1.69640428e+00
  -1.02606139e+00
  -2.28156208e-01
  -2.04989580e+00
  -4.57666922e-01
  -1.34843727e+00
   8.43384664e-01
   9.88914593e-02
  -6.73790105e-01
   1.04552511e+00
   1.49189358e+00
  -5.21877050e-01
  -3.16189125e-01
   2.03694000e-01
   6.00070174e-01
  -6.87976765e-01
  -6.85931611e-01
   3.33888200e-01
   4.97684191e-01
  -4.04122623e-01
  -1.22487817e-01
   1.45739774e-01
   3.12436027e-02
   6.59599053e-01
   6.19350155e-03
  -1.69019086e+00
   1.09890062e+00
  -1.81844597e+00
  -3.26042926e-01
   9.49968633e-01
   9.53569107e-02
  -1.15929538e+00
   8.77822946e-01
   2.10785872e+00
  -1.20776464e+00
   1.84523653e+00
   2.29733237e+00
  -4.60068567e-01
   4.78674482e-01
  -6.97103854e-02
   4.18354460e-01
  -1.06418248e+00
  -1.01821584e-01
  -1.42952557e+00
  -7.21260382e-02
  -4.58057526e-01
   9.83652309e-01
   4.41018042e-01
  -9.18073087e-01
   5.76876460e-01
   1.56841015e+00
   7.85549967e-01
  -4.09003288e-01
  -1.48138023e-01
  -2.21834798e+00
  -5.93670562e-02
  -2.63607251e-01
   2.17010776e+00
  -4.25536759e-01
  -1.56606258e+00
   1.61102313e+00
  -5.02941074e-01
  -2.56495615e+00
  -1.05866555e+00
  -6.75694905e-01
  -4.55228637e-01
  -1.35059525e+00
  -1.43839158e+00
  -1.57358943e+00
   5.42446010e-01
   1.41543266e-01
   4.70304338e-01
   1.60445906e+00
   7.86213648e-01
   1.64580114e+00
   8.61421055e-01
  -6.09838373e-02
  -3.21742416e-01
   1.30384563e+00
  -3.63701676e-01
  -1.22867696e-01
   2.25248418e-01
   9.31327232e-01
  -5.05565958e-02
   4.46177689e-01
  -2.85626565e-01
  -2.18265649e+00
  -1.57310828e+00
   4.55365981e-02
   2.42388730e+00
  -6.98989659e-01
   1.69280884e+00
  -5.77057450e-01
   3.68337390e-01
   1.09953658e+00
   1.06609640e-01
  -6.11675289e-01
   1.25264832e-01
   2.88462435e-01
  -8.86290775e-01
  -3.40174291e-01
  -7.83043055e-01
   7.52076915e-01
   6.68123145e-01
  -1.44429935e+00
  -2.10924838e+00
   6.42143352e-01
   6.95494674e-02
  -9.93736331e-01
   1.39395901e+00
   2.99671567e-01
  -1.25274864e+00
  -1.02445155e+00
  -7.09909923e-01
   1.06035118e-01
  -7.35313517e-01
   1.42446204e+00
  -5.65401566e-01
   4.55377503e-01
   2.20960121e-02
  -6.98153618e-01
   1.48243562e-01
  -1.10707574e+00
  -3.97916968e-01
  -2.62866615e+00
  -3.30643842e-01
   1.86089334e+00
  -6.67708500e-01
   3.76309861e-01
  -5.37710609e-01
   4.84703202e-01
   1.31796143e+00
  -2.08556431e-01
   6.54702229e-01
   4.54877511e-02
   1.16069070e+00
   3.40541100e-01
   5.08617528e-01
   1.37115044e+00
  -4.82470129e-01
  -1.29310107e+00
   1.89669794e+00
   2.88302405e-01
  -2.85977068e-01
   2.31680531e-01
  -7.04023629e-01
   1.70723253e+00
   1.56329808e+00
   1.61037191e-01
  -3.26443323e+00
   2.47235998e+00
   8.50783247e-02
   1.11769377e+00
  -8.78228793e-02
  -2.85690105e+00
  -6.81383767e-02
  -4.14606201e-01
  -6.11226224e-01
   1.28303514e+00
   2.29267752e+00
   7.59310314e-01
  -1.72869990e+00
  -5.84677087e-01
   4.20071643e-01
  -7.60926051e-01
  -9.19110907e-01
   1.68274307e+00
  -3.39720084e-01
  -1.82928744e+00
   3.02037052e-01
  -1.49658013e+00
   2.84931093e-01
  -7.18652699e-01
  -1.45348144e+00
   1.22689922e+00
  -5.58064187e-01
   5.10219407e-01
  -1.80537798e+00
   6.97139858e-01
  -2.45561491e-02
   3.20523253e-01
   1.19989793e+00
   2.96327393e-01
   1.43690980e-01
  -2.22699603e-01
  -1.50272953e+00
   5.47115657e-01
  -4.34115064e-02
   6.93061981e-01
  -1.07312319e-01
   1.20686507e+00
  -8.19209716e-01
  -2.07854736e+00
   1.68212640e+00
  -1.78806013e+00
   9.91210936e-01
  -3.18389670e-01
   7.13582987e-01
   1.07830686e+00
   1.00876797e+00
  -1.21012647e+00
  -1.27527730e+00
   4.76387969e-01
   1.76787314e+00
   2.40820627e+00
   3.78655222e-01
  -1.85831905e+00
  -8.36770073e-03
  -6.37525628e-01
  -7.44290630e-01
   4.00611079e-01
  -1.59576427e-01
  -5.27698539e-01
   7.75096146e-01
  -4.82365024e-01
  -1.71736502e-02
  -4.71067775e-01
  -1.82249493e-01
  -1.05428799e+00
  -1.61046358e+00
  -4.98360880e-01
   2.75859668e-02
  -1.53558372e+00
  -1.76834055e+00
  -1.12926638e+00
   1.26585482e-03
   1.85346319e+00
   6.75865267e-02
  -4.05332527e-01
   1.67275627e+00
  -4.80170960e-02
   1.15189908e+00
  -6.56885728e-01
   7.99470752e-01
  -3.12098117e-01
  -4.38600847e-01
  -8.12379828e-01
   1.17141469e+00
  -3.60080361e-01
  -1.64040578e+00
  -1.40813873e+00
  -1.41071673e+00
   1.06607883e+00
  -8.31361117e-01
  -8.17517401e-01
  -1.46332686e+00
   5.54039311e-01
   6.36140920e-01
   4.78944622e-01
  -6.58744274e-01
  -2.76901705e-01
   7.07421093e-01
   1.74848426e+00
  -6.87696637e-01
  -1.14074723e+00
  -1.28170236e+00
   1.78682074e+00
   1.14149006e-01
  -7.51807734e-03
  -1.94872013e+00
   5.56014182e-01
   3.34790759e-01
   5.38153304e-01
  -1.54206102e+00
  -8.66872683e-01
  -1.01453899e+00
  -1.14867628e+00
  -2.23454502e+00
   3.49513723e-01
  -1.02758175e+00
  -4.86978311e-01
   2.95823003e+00
  -1.28412801e+00
   1.02884118e-01
  -5.21353378e-01
  -1.55187475e-01
  -1.92804922e+00
   8.73484255e-01
   4.89501966e-01
   4.06596144e-02
   1.37115209e+00
   7.19734829e-01
  -8.55665110e-01
  -1.84081698e+00
  -1.44340836e+00
   2.39541389e+00
   5.17571495e-01
  -1.27678156e+00
  -5.18342855e-01
  -5.09660238e-02
   5.82144450e-01
   7.43963479e-01
  -5.66795090e-01
  -1.80236408e+00
  -3.52421944e-01
  -3.66032555e-01
  -5.93264130e-01
   1.70733539e-01
  -1.19472974e+00
  -3.48046023e-01
  -5.02836631e-01
  -1.47726491e-01
  -4.54399383e-02
  -3.22382008e-01
   1.35833928e+00
   3.80890874e-02
   6.97715093e-01
   2.89400322e-01
  -9.81941013e-01
  -9.85352945e-02
   1.28467430e+00
  -1.10750329e+00
  -6.96361544e-01
  -8.78401425e-01
  -2.11927254e+00
   2.35486278e-01
   2.57020071e+00
  -8.98241235e-01
   4.81225463e-01
   1.44034877e+00
  -9.87728651e-01
   1.13173681e+00
   1.56974596e+00
   1.07294232e+00
  -2.59178708e-01
  -1.59595838e+00
  -1.53469428e+00
   8.38476828e-01
  -5.00573545e-01
  -3.22954570e-01
  -3.81882279e-01
  -2.18245371e-01
   1.33913808e-02
  -8.39332558e-01
   2.22960369e-01
   2.29196770e-01
  -3.58174457e-01
   9.82868433e-01
  -1.08106868e+00
   2.77123909e+00
  -1.63846170e+00
   7.31599735e-01
   2.84197878e-01
  -5.36131926e-02
   2.21407038e-01
   7.26383450e-01
   1.26420961e-01
  -1.64722032e-01
   6.28992584e-01
  -7.58034847e-02
   8.43429144e-01
   2.86657464e-01
  -3.95921393e-01
  -2.32598515e-02
  -7.21195836e-01
   7.60521733e-01
   1.96522436e+00
  -1.62971452e-01
  -1.52595258e+00
   4.55599841e-01
   4.35799861e-01
  -1.01744706e+00
   2.34328208e-01
  -9.60310986e-02
  -1.23555870e+00
   7.50715899e-01
   1.39555437e-01
  -8.64602098e-01
  -1.01672847e-01
   8.14557162e-01
  -1.21558825e+00
   1.24534694e+00
   2.28474253e-01
   3.33021476e-02
   1.16473068e+00
   2.94404991e-01
  -8.43717093e-01
  -1.22130650e+00
  -5.51968852e-01
   3.56129430e-01
  -2.33463341e-01
  -3.41853073e-02
   2.21728910e-01
  -5.26615257e-01
  -2.35478729e+00
   3.82341932e-01
   3.84080077e-01
  -1.40411231e+00
  -1.37814789e+00
  -9.99137452e-01
  -1.99821453e-01
   5.59619546e-01
  -8.22553397e-01
   1.60369578e+00
  -9.62969174e-02
  -1.44903212e+00
  -6.73888263e-01
  -1.89806907e+00
   1.17814557e+00
   1.16337258e+00
  -2.10028806e+00
  -8.15973616e-01
   1.29170510e+00
   1.16511576e+00
  -1.00844658e+00
   6.52671267e-03
  -3.09347326e-01
   6.74641087e-01
  -1.17468134e+00
   4.18399620e-01
   7.10397435e-01
   1.32366086e-01
   2.73688079e-01
  -2.39871804e+00
  -2.20869375e+00
  -2.26299066e-01
   2.69564952e-01
  -8.77606142e-01
   4.04253172e-01
  -6.00126613e-01
   1.03724603e-01
  -1.30866856e-01
   3.73648764e-01
   6.74978666e-01
  -2.61590934e+00
  -1.25995897e+00
  -1.10574057e+00
  -3.84476172e-01
  -3.89932342e-01
  -9.94151317e-02
  -1.01255642e+00
  -1.19307159e+00
   5.28717278e-01
  -6.51588449e-02
   1.97744434e+00
   8.47203185e-01
   1.75902598e+00
   1.71592443e+00
   5.42898458e-02
  -8.14881555e-01
  -4.44800554e-01
   1.59145754e+00
  -2.96390050e-01
   6.05931348e-01
   2.69006203e+00
   1.54885836e+00
   1.58365597e-01
  -8.27038638e-01
  -1.13580227e+00
  -9.55627666e-01
  -5.85575655e-01
   2.28508194e-02
  -1.38990810e+00
  -2.21206437e-02
   8.18407541e-01
   4.30396137e-01
   8.45817538e-01
  -1.28248962e+00
   2.68221911e+00
  -1.96228755e+00
  -2.44187487e-01
  -1.87524953e+00
  -4.42641963e-01
   5.95181230e-01
  -3.52549355e-02
  -8.60017052e-01
  -5.48271482e-01
   7.01315674e-01
  -2.59295778e-01
  -2.05588175e-01
  -5.47497434e-01
   8.28738031e-01
  -8.55196311e-01
   2.73589581e-01
   8.92785582e-01
   1.97575089e+00
   1.33217490e+00
   2.48268065e-01
  -1.61626695e+00
   2.99723108e-01
  -5.00630379e-01
   8.76693757e-01
   5.34318000e-01
   1.66270554e+00
   1.24169776e+00
   3.21774379e-01
   8.20535770e-01
  -9.70892801e-02
   4.94611698e-01
   7.92602649e-01
   2.23134033e-02
  -2.86286384e-01
   1.02774785e+00
   3.31222895e-03
   2.92982635e-01
  -5.83594202e-01
   4.16248797e-01
   6.70231914e-01
   1.03394827e+00
  -1.13634686e+00
   5.93914131e-01
   2.45354305e-01
  -6.24631065e-01
  -4.69141384e-01
   1.11492011e+00
  -1.62750883e-01
   7.12614927e-01
  -6.92798432e-02
   3.41338704e-02
  -2.30588960e-01
   9.26519217e-01
  -8.72596511e-01
  -1.00305975e+00
   5.60549078e-01
  -6.19871834e-01
   6.10721012e-01
   9.39048530e-01
  -5.96842939e-01
  -1.02006982e+00
  -8.08647821e-01
   9.13509388e-01
   7.96642889e-01
  -8.37770641e-01
   2.66059984e-01
   1.42055503e+00
   6.85618738e-01
   1.11818528e+00
  -1.15105112e+00
   8.71657468e-01
   1.19092098e+00
   1.46643720e+00
  -1.28756658e+00
   8.62458357e-01
   1.15512076e+00
  -2.54332070e-02
  -1.02448943e+00
   9.50558875e-01
  -3.62871689e-01
  -1.39671801e-01
   8.31774696e-01
   1.41144268e+00
  -6.83407393e-03
   6.27963807e-02
  -3.11803971e-01
  -2.11279102e-01
   9.55440840e-02
  -1.15828932e+00
   9.49348510e-01
  -1.05768250e-01
  -4.93158013e-01
   7.07811095e-01
   1.65743431e+00
  -1.82645049e+00
   1.09917065e+00
   7.72653925e-01
   1.42649589e+00
   2.60872833e-01
  -7.40907915e-02
  -8.67387261e-01
   2.32814556e-01
   1.24040881e+00
  -1.09120110e+00
  -1.27587109e-01
  -3.72304387e-01
   2.36147126e-01
   1.67730177e+00
   8.92311227e-01
  -1.73316031e-01
   1.44113262e-01
   1.23519100e-01
  -2.60382503e+00
   3.08516342e+00
   1.58978182e+00
   1.17540753e+00
  -2.11443383e-01
  -2.35624920e-01
  -1.86650927e-01
   1.04631061e+00
  -7.73399278e-01
   6.51378454e-01
   6.90780831e-01
  -8.82948474e-01
  -7.83064042e-01
  -7.19351552e-01
   3.13558467e-01
  -2.38694740e+00
   1.26275832e+00
   4.89891567e-01
  -8.02803987e-01
  -3.81861570e-01
   1.24212087e+00
  -1.39467521e+00
   5.66160743e-01
   1.84656137e+00
  -3.47504788e-01
  -5.12069975e-01
  -7.56916049e-01
   1.95660478e-01
  -2.20858952e-01
  -1.99616940e+00
  -1.90112237e+00
   1.52330969e+00
   1.94363905e+00
  -1.47511236e-01
   6.25440055e-01
   1.21801303e+00
  -8.74118011e-01
   6.02493745e-01
  -1.43855732e+00
   4.99237514e-01
  -6.89738414e-02
  -1.39212453e+00
  -2.38668056e-02
  -5.59903119e-01
  -2.04978872e+00
  -3.78197077e-01
   1.10966260e+00
   5.73607089e-01
   1.49651649e+00
  -1.51542431e-02
   3.68251290e-01
   1.22881741e+00
  -2.37192760e-01
  -4.12567887e-01
  -6.77535344e-01
   4.47762345e-01
  -1.08738541e+00
   7.13700981e-01
   1.28193138e+00
  -4.36485683e-01
   9.10250546e-01
  -5.45413684e-02
  -4.70373665e-01
  -1.35041084e+00
  -3.23166756e-01
  -1.32358095e-01
   8.40794155e-01
   1.26536744e+00
  -9.63940796e-01
  -5.01336420e-01
  -1.81061247e+00
  -1.51151417e-02
  -8.18105693e-01
  -7.79602802e-01
  -8.44063850e-01
   5.94005717e-02
  -4.34953616e-01
  -3.65666099e-01
   4.84607588e-01
  -1.20435999e+00
   9.36236996e-01
  -1.41036625e+00
  -3.15830590e+00
  -9.72725477e-01
   1.80078538e+00
   4.73257723e-01
   2.57106484e-01
   1.79697083e+00
   4.11656563e-01
  -4.34394278e-01
  -4.58052085e-01
  -4.11675139e-01
  -2.86843460e-01
  -9.20874778e-01
   2.82272284e-01
   5.59044556e-01
  -6.50261776e-01
   1.04726993e+00
   1.26306209e+00
  -8.48887174e-02
  -5.08395534e-01
   8.51097526e-01
  -2.90077043e-01
   2.35849480e+00
   1.17437661e+00
  -6.84961219e-01
   4.32402192e-01
  -2.53026639e+00
  -1.00900439e+00
   2.46649360e+00
   4.16400778e-01
   1.03525832e+00
   1.15149808e+00
  -1.22755502e+00
   2.04267951e+00
   1.27737720e+00
   1.57731880e+00
   4.24699307e-01
   3.72172783e-01
   6.64634243e-01
  -1.33353312e+00
  -5.15850453e-01
   3.74164694e-02
  -4.74005802e-01
   1.21830619e+00
  -3.15548573e-01
  -1.11936620e+00
  -4.42996162e-02
   2.28039315e+00
  -1.33054103e+00
   2.35319024e-01
   7.83321815e-02
   4.02520119e-01
  -5.17583150e-01
   1.37546487e+00
   1.40277174e+00
   5.81467954e-01
  -4.72550056e-01
  -3.76156943e-01
   5.58329321e-01
  -2.34429526e-01
   1.75107240e+00
   1.82657621e-01
  -1.51059807e+00
  -3.23269343e-01
  -2.48437364e-01
  -1.59818205e+00
   1.39412834e+00
   1.22766494e+00
   5.57298230e-01
   1.20275236e-01
   8.93328024e-02
   6.83282403e-01
  -5.03272095e-01
   9.48109806e-02
  -8.59105107e-01
   4.42373832e-01
   1.02036174e+00
   2.61977271e-01
  -5.58111386e-01
  -1.89621073e-01
   1.81261879e+00
   5.20142240e-01
   7.09505497e-01
   1.08757410e+00
   9.97737628e-01
  -2.70184157e-01
  -1.08032290e-01
   1.39547930e-01
   1.30448888e+00
  -5.49614834e-01
  -6.12225899e-01
  -8.97993540e-01
   1.65595421e+00
   7.16885821e-02
   3.92766311e-01
  -1.16245397e+00
   7.43601605e-01
   1.13481620e+00
  -2.17840691e-01
  -9.55521790e-01
   5.16569584e-01
   3.30964367e-01
   4.79807011e-01
   1.46343891e+00
   8.61846509e-02
  -1.08759321e+00
   4.18452604e-01
  -1.54202169e+00
  -5.09482403e-01
   6.88139552e-01
  -8.39739282e-01
   1.15984971e-01
  -5.85708726e-01
   2.46291897e-01
   1.40575873e-01
  -3.56033996e-01
   1.26800337e+00
   1.74499723e+00
   2.15070880e+00
   4.64348668e-01
   2.40857008e-01
  -1.81179031e+00
  -8.16218458e-01
   5.21208670e-01
   5.83143882e-01
  -1.57717064e-01
   2.44286698e+00
  -3.55147401e-02
   1.86743892e+00
  -3.80805863e-01
  -3.70009562e-01
   6.11423019e-01
   2.46509807e+00
  -2.59736440e-01
  -4.29509676e-01
  -7.68058133e-01
  -1.00617094e+00
  -2.81003214e-01
  -7.80268463e-01
   1.59330570e+00
  -2.17850342e+00
   8.61758464e-02
  -4.97613487e-02
  -6.40510419e-01
  -8.29204202e-01
  -1.84901708e+00
   1.57013729e+00
   1.77330287e+00
   1.76001952e+00
   1.09192483e+00
   3.73922291e-01
   6.69886212e-01
  -3.76125165e-01
   4.97713656e-02
  -6.43429074e-01
  -1.64826813e+00
  -6.05533734e-01
   1.23651490e+00
   1.07706301e+00
   1.12942650e+00
   4.59216833e-01
   1.88406832e-02
   1.26511216e+00
  -3.28049378e-01
   6.08924236e-01
  -8.52219316e-04
   7.87746634e-01
   6.35712309e-01
   1.78612991e+00
   3.30252774e-02
   7.72985746e-03
   9.39411830e-01
  -1.85138305e+00
  -3.20168277e-01
   1.56572927e-01
  -1.35794506e+00
  -1.55629646e+00
  -1.61759238e+00
  -1.20872998e+00
   5.98393636e-02
   1.11729278e+00
   1.13739242e+00
   1.13643394e+00
  -3.91479764e-01
   1.21937375e+00
   9.01298158e-01
   7.98303725e-01
  -1.23304550e+00
  -6.82799253e-01
   2.93852905e-01
  -1.10106235e+00
   3.01023476e-01
   1.52969170e-01
   1.53545266e+00
  -7.82114360e-01
  -9.49528888e-01
   6.08198256e-01
  -1.13183412e+00
  -9.59253437e-01
   1.30472986e+00
   7.51182595e-01
   3.80736952e-01
   7.87263948e-01
  -8.26099586e-02
  -9.83240149e-01
   4.41650308e-01
  -1.82175137e+00
   1.69812642e+00
  -9.64416592e-01
  -1.87657292e+00
   8.54635639e-01
   3.17057513e-01
  -2.68118547e-01
  -3.69887530e-01
   8.28887900e-01
  -9.12650794e-02
   1.01020259e+00
  -1.07282834e+00
   7.90325139e-01
  -1.47378407e+00
  -6.62257089e-01
   5.50939915e-02
  -7.30735548e-01
   6.10176883e-01
   4.22814783e-01
  -9.21664490e-01
   8.92564429e-01
   1.67573847e+00
  -5.03177976e-01
  -2.49479642e-01
   1.22206197e+00
  -1.15488075e-01
   2.00717694e-02
   2.92547463e-01
  -1.09045427e+00
  -8.79545798e-01
  -1.10223344e+00
  -4.78267687e-02
  -1.36854902e+00
  -8.05253401e-01
  -2.70142684e-01
   5.69518544e-01
  -8.14180308e-01
   1.14127879e+00
   1.71395111e+00
  -4.38301540e-01
   3.82563670e-01
   1.31809964e+00
  -5.40498904e-01
  -1.32229800e+00
   1.36141152e+00
  -1.81822092e-01
   2.02636376e+00
  -6.78645697e-01
   1.30800057e-01
   7.49134731e-01
  -9.81480858e-01
  -3.62723016e-01
   6.00872846e-01
   1.90312554e-01
   5.06408131e-01
  -6.79086950e-01
  -4.95932108e-01
  -1.09938286e+00
  -1.83382638e+00
   5.77193570e-02
  -2.35319296e-02
   3.59236925e-01
   3.40479257e-01
  -9.52467546e-01
   1.80241778e+00
  -8.32048788e-01
   1.33653034e+00
  -1.15721045e+00
   1.32805340e-01
   4.33237681e-01
   9.57788476e-02
   8.06184804e-01
   7.00041406e-01
  -5.23228840e-01
  -1.15607404e+00
  -9.54667315e-01
  -1.70487254e-01
  -1.47174388e+00
   2.01942230e+00
   1.41747335e-01
   6.70665066e-03
  -5.93173282e-01
   2.18444647e+00
   1.26937655e+00
   4.66508611e-01
   3.44221192e-01
  -4.91366568e-01
   8.53039233e-01
   4.49412794e-01
   2.38605615e-01
   1.22890796e+00
  -5.30917586e-01
   5.85328275e-01
   1.34972965e+00
   1.51913547e+00
   1.14830606e+00
  -1.69504192e+00
   4.60944731e-01
  -1.55036857e+00
  -2.23415046e-01
   1.58064545e-02
  -1.97827654e-01
  -2.32949968e-01
  -1.17195902e+00
   1.68104897e+00
  -2.86922536e-01
   1.14967527e+00
  -2.17422741e+00
  -8.76512677e-01
   2.69123175e+00
   4.59951340e-01
  -1.01536285e+00
   1.60545107e+00
  -1.46028207e+00
   1.97488393e+00
   2.06654836e+00
   3.37829692e-01
   5.69717145e-01
   2.42346503e+00
   1.95914470e+00
  -2.48153291e-01
  -6.31584479e-01
  -2.24332390e+00
   1.85008628e+00
  -8.35152558e-01
