  1.56840052e+00
 -5.47709085e-01
 -2.58422091e+00
  8.01190337e-01
 -1.18453907e-01
  1.05385840e-01
  1.05354271e+00
  1.56824126e+00
  9.94492524e-01
  1.06537393e+00
 -4.35756518e-01
  4.16409292e-01
 -1.13655899e+00
 -2.78604188e-01
  1.97407256e-01
 -2.26332485e-01
 -2.83265656e-01
  1.34811744e+00
  8.30561867e-01
  1.12204338e+00
  1.27906224e+00
  1.24121956e+00
 -5.99384970e-02
  4.40330159e-01
  6.17544633e-01
 -1.26745590e-01
  6.60448900e-01
 -5.06504340e-02
 -1.58361971e+00
  6.49571473e-01
 -5.43810334e-02
  6.62013599e-01
 -5.26702087e-01
  5.89170014e-01
 -3.92601692e-02
  9.67416687e-01
 -4.12818263e-02
 -6.20331706e-01
 -3.06744175e-02
  2.12291970e+00
 -4.60816089e-01
  1.51542660e+00
 -1.95452764e+00
  8.12857844e-01
  2.72864115e+00
  1.46577270e+00
 -1.42564998e+00
  1.32575287e+00
  4.61654486e-01
 -4.45388081e-01
 -1.25791795e+00
  2.18001939e-01
  4.29319308e-01
 -1.40019628e+00
 -7.59708129e-01
  6.68991577e-01
  1.03944736e+00
  1.09855877e+00
 -1.50315714e+00
 -4.42722092e-01
  6.23992841e-02
 -6.85881355e-02
  1.65043376e-02
 -5.07079047e-01
  1.81928139e+00
 -1.58295788e+00
 -7.70365764e-01
 -3.83070524e-01
  1.30454908e-02
 -1.42074581e-01
  9.43018723e-01
  9.40914281e-01
 -1.84399424e+00
  4.09292216e-01
 -1.96389791e-01
 -1.38974969e+00
 -1.68661480e+00
 -1.84214601e+00
 -1.38983779e-01
  1.73648333e-01
  1.81359200e+00
 -3.34454001e-01
  6.13232225e-01
 -1.19074176e-03
  1.40825214e+00
 -3.66751287e-01
 -7.08488780e-01
  1.27250670e+00
  5.18125624e-01
  2.81429138e-01
 -9.36448491e-01
 -3.97998626e-01
 -2.42767075e+00
  5.69553021e-01
 -1.01118196e+00
 -1.23902058e+00
  2.85094983e-01
  1.45754159e+00
  1.48690205e-01
  2.20750356e-01
  1.47224635e-01
  2.59092150e-03
 -8.73498295e-02
  6.09520731e-01
 -6.82178418e-02
 -8.83733108e-01
 -1.81705761e-01
 -1.17855749e+00
  3.82023132e-01
 -1.42229201e+00
  9.93393619e-01
  5.23244406e-01
  8.51683593e-01
  4.64131925e-01
  6.02175401e-01
 -8.76929697e-02
  3.50837208e-01
 -5.09160894e-01
 -3.92105650e-02
  5.69078358e-01
 -2.57275892e+00
  1.77042998e-01
  8.98422777e-01
 -3.67077142e-01
  6.17472237e-01
  3.75258376e-01
 -3.82260894e-01
  1.53454488e+00
 -1.39818744e+00
 -3.20547116e-01
 -9.81509919e-01
 -5.67148306e-02
  4.72525257e-01
  1.45229268e+00
  5.42044519e-01
 -8.39768841e-01
 -4.71010382e-01
 -1.58013463e+00
  4.80781061e-01
  2.29519340e-01
  6.67313898e-01
  4.10811077e-01
  9.42229094e-01
  1.05362870e+00
  1.45112114e+00
 -1.99766010e+00
  7.82674723e-01
  1.06909399e+00
  1.41835721e+00
 -2.13672828e+00
 -2.59208994e+00
 -6.48939015e-01
 -1.81286273e+00
  1.26191595e+00
 -9.15018167e-01
  5.64749002e-01
 -8.13395328e-01
  7.59184057e-01
 -5.61455310e-01
  8.13092778e-01
 -6.04876105e-01
 -1.40589379e+00
 -1.51862102e+00
 -1.65703008e+00
 -5.14391130e-01
  3.36246789e+00
  2.90558449e-01
  7.88910934e-01
 -4.87994608e-01
 -2.27599344e+00
 -1.30883765e+00
  1.04885119e+00
  1.71561779e+00
  1.54564875e+00
  1.34428517e+00
  9.86279224e-01
 -1.64663840e+00
 -1.14388261e+00
  6.69400185e-01
 -6.59566570e-01
  1.30763922e+00
  1.37210127e+00
 -5.47489925e-01
 -1.22557051e+00
 -4.55129202e-01
 -1.29876738e+00
  2.30604276e+00
 -1.68809589e+00
 -3.22257501e-01
 -2.85409674e-01
 -3.24595510e-01
 -1.31096441e+00
 -4.51781294e-01
  1.66662106e-02
 -1.01908483e+00
  2.70065372e+00
 -4.51972336e-01
  3.40344404e-01
 -1.69263355e-01
  2.35008241e+00
  1.75239453e+00
  1.66900687e-01
 -4.56125365e-01
 -1.09727720e-01
 -7.22980468e-02
 -3.02825055e-01
 -1.16359060e+00
  5.75524037e-01
 -4.40032232e-01
 -1.50164942e-01
  1.85918765e+00
 -1.00409166e+00
  4.13278031e-01
  1.99125889e-01
 -1.14144991e+00
  5.35561931e-01
 -6.88928360e-01
  5.91889008e-01
 -4.36449918e-01
  3.92687487e-01
 -8.21823513e-01
  3.05450428e-01
 -1.37331123e+00
 -9.76118920e-01
 -3.52078402e-01
  7.86425711e-01
  1.43181016e+00
  2.43125143e-02
  7.51835023e-01
 -1.94884155e-01
  1.32252243e-01
  1.87435507e+00
 -1.83731584e-01
 -7.41062616e-01
 -9.87417587e-01
  7.63951303e-02
  7.77207195e-02
 -1.70665453e+00
  9.89360686e-01
 -9.60053348e-01
 -1.12266445e+00
 -9.00283389e-01
  6.02047711e-02
  5.66528379e-01
  1.02038429e+00
 -8.68692238e-01
  2.19091568e-01
  2.38002603e+00
  1.72000736e+00
  5.59105498e-01
  1.88370403e-01
  9.91928880e-01
 -5.93644723e-01
  1.30013854e+00
 -5.80020167e-01
 -1.57701426e+00
 -1.06174282e+00
 -4.65703395e-01
 -1.49676322e-01
 -1.14769543e+00
  1.19816799e-01
 -4.06565821e-01
 -5.26031677e-01
 -5.14463467e-01
  1.81487899e+00
 -6.85337347e-01
  8.78069217e-01
  6.85482554e-01
 -1.24699451e+00
  1.29440764e-01
 -1.43824411e-01
 -1.25280623e+00
 -6.24696484e-01
  1.36446484e+00
  1.24728219e+00
 -6.69489009e-01
  4.33678380e-01
 -1.09911041e+00
 -2.39647825e+00
 -1.55764725e+00
 -2.13354654e-02
 -1.50545245e+00
  1.62108037e+00
  2.12640676e-01
  5.29599125e-01
  5.56225957e-01
  2.30831430e-01
  2.23827963e-01
  1.25322652e+00
  5.41669179e-01
 -1.36232573e+00
 -2.79502868e-01
  1.87379885e-01
 -1.13110004e+00
 -1.50458187e+00
 -2.27786067e+00
  1.25540122e-01
 -3.40322775e-01
  1.13780700e+00
 -5.14761278e-01
 -1.37441253e+00
 -5.27210508e-01
  2.07820279e-01
  3.34210116e-01
 -7.99621956e-01
  7.11078485e-02
 -5.19297500e-01
  3.09547171e-01
  2.02119690e+00
 -5.14389554e-01
 -1.49735000e+00
  4.34390418e-01
 -8.55915215e-01
 -7.77676570e-01
  2.25587131e-01
  3.01549654e-01
 -6.12586779e-02
  2.95281083e-02
  1.87490187e+00
 -8.11207599e-01
  1.03467190e+00
  3.42012245e-01
  9.89755617e-01
 -1.20161947e-01
 -1.24173154e+00
  2.59434626e+00
 -1.11715033e+00
 -1.04131571e-01
 -4.68952575e-01
 -9.49464022e-01
  1.89041369e-01
 -8.79578644e-01
 -1.04647697e+00
 -7.01623285e-02
 -2.18259774e-01
 -1.80228626e-02
 -6.80020639e-01
 -3.21489279e-01
  1.40901879e-01
  1.30183169e+00
  3.32115073e-01
 -2.31921700e+00
 -3.09802744e-01
 -1.89525069e+00
 -7.80130238e-01
  4.12390320e-01
  1.02447331e+00
 -4.26406512e-01
 -9.68694467e-01
 -1.43981729e-01
  2.70090425e-01
 -1.26557716e+00
  2.13813401e+00
  1.06244732e+00
 -1.33222560e-01
 -2.16934578e-01
 -2.09800236e-01
 -1.94201643e-01
 -2.03217438e+00
 -1.23834296e+00
  8.31228375e-01
  1.73495546e-01
 -3.61458112e-02
  1.66888707e+00
  6.32479404e-01
  1.18677630e+00
  5.21160679e-01
  5.27171721e-01
 -4.49615252e-01
 -6.81776750e-01
  6.24899806e-02
 -3.76043769e-01
 -5.90579365e-02
  9.82212673e-01
 -9.45247318e-01
 -1.35721446e+00
  4.41513184e-02
 -3.38896390e-01
 -8.38579877e-01
  2.74254858e-01
 -6.16737281e-01
 -1.52262936e+00
 -2.52344842e+00
  8.40622841e-01
  1.88875353e+00
  2.44807394e+00
 -1.71338353e+00
 -1.66555864e-01
  1.52705503e+00
 -2.08010455e-01
  1.57745658e-01
  9.50029364e-01
  5.00750611e-01
 -1.16573243e+00
  2.24930224e-01
 -9.04489354e-01
 -4.01602407e-01
  2.57543502e-01
 -9.09040693e-01
 -9.67782562e-01
  2.02798530e+00
 -1.22170129e+00
  3.57766626e-01
 -1.00503052e+00
 -8.37681788e-01
 -3.85511396e-01
  2.70227787e+00
 -1.43207374e+00
  6.70423806e-01
  4.51346421e-01
 -1.72809770e+00
  3.03477992e-01
  8.24975637e-02
 -1.05707472e+00
 -1.73593971e+00
  3.10974711e-01
 -1.13247337e+00
 -2.13382449e+00
 -1.03011472e+00
  6.47315457e-01
  2.40651031e+00
  9.25054777e-01
 -9.48810380e-01
 -9.46808339e-01
  1.49851269e+00
 -3.43115740e-01
 -1.61851913e-01
  1.54969673e+00
  1.16738236e-01
  1.64492129e-01
  4.69713197e-01
 -1.46902313e+00
  5.37939593e-01
 -1.32030971e+00
 -5.79522867e-01
  1.01720130e+00
  5.84425187e-01
 -6.17066827e-01
 -7.65722810e-01
  1.79399731e-01
  7.21145113e-02
  9.02909926e-01
  1.10652988e+00
 -5.12460096e-01
  4.24169366e-01
  6.26059816e-01
  1.31281101e+00
  1.85588176e+00
 -4.81341019e-02
  2.29887433e-01
 -2.25120807e+00
  1.71670098e-01
 -8.79301316e-01
  2.31181404e+00
  1.03046770e+00
 -8.99094468e-01
 -5.66554175e-01
  3.50828343e-01
  6.92235527e-01
 -4.93217067e-01
  7.22563598e-01
 -2.39910728e-02
  1.53902202e+00
  1.65719010e+00
  1.11186737e+00
 -2.01638579e+00
  6.56507189e-01
  1.59053279e+00
  5.05189058e-01
 -2.66364184e-01
  9.86839301e-01
 -7.45538381e-01
 -2.75678915e-01
 -8.86185923e-01
 -1.90585090e-01
  7.26425813e-01
  4.47383212e-01
 -6.80773088e-02
 -7.30726850e-01
 -1.20647284e+00
 -3.43878593e-01
 -9.78469364e-01
  1.73578124e+00
  1.14040939e+00
 -3.58757102e-01
 -8.32134464e-01
  1.38821478e+00
 -1.33269466e+00
  1.48045909e+00
 -9.20931635e-01
 -3.39117488e-01
  1.64614939e+00
 -3.25982650e-02
  4.20209305e-01
  2.79096420e-01
  1.22440987e-02
  2.68192685e-01
  3.05984628e-01
  4.04084831e-01
 -5.52142228e-01
  1.18969698e+00
 -4.98118578e-01
 -8.96560864e-02
  4.54450627e-01
 -4.71424460e-01
 -6.29700723e-01
 -1.04972477e+00
  8.98115268e-01
 -5.19181746e-01
  8.26347622e-01
 -9.33759026e-02
 -2.98955342e+00
 -1.49520380e+00
 -7.31624328e-01
 -1.29803538e+00
 -2.82023588e-01
  3.08210028e-01
 -1.16277968e+00
 -7.28151830e-01
  6.62249828e-01
  5.95781869e-01
 -1.15303554e+00
  6.03890704e-01
  7.44490892e-01
  8.06391784e-01
 -3.87507179e-01
 -5.81528901e-01
 -4.09550720e-01
  2.00095494e-01
 -1.62316189e+00
  4.66511180e-01
 -7.93638159e-01
  1.17329910e+00
  1.34607361e+00
 -1.52749559e+00
 -1.68579169e+00
  5.61974874e-02
 -7.35876096e-01
 -2.55635727e-01
  1.57910482e-02
  7.85988292e-01
  5.96107410e-01
 -3.70985510e-01
 -3.34377647e-01
 -1.05822602e+00
 -6.99744359e-01
 -1.62055737e-01
 -7.21311571e-01
 -7.22123460e-01
  9.71883047e-01
  7.20794158e-01
  2.06220040e-01
  8.52656193e-01
 -1.36369672e-01
 -1.40759940e+00
 -1.54857282e+00
  4.54670653e-01
 -1.05637424e+00
  5.25420541e-01
  3.92809468e-01
 -4.41677185e-01
 -7.30631401e-01
  1.11259612e+00
  1.04829675e+00
  1.16285081e+00
 -2.51264125e-01
  1.59283619e-01
 -7.27507518e-01
  1.11420882e-01
  2.12941469e-01
  1.59345935e-01
 -4.01467368e-01
  1.45456414e+00
 -5.78687912e-01
  1.97318233e+00
  1.44178736e+00
 -1.74803917e+00
  3.53285008e-02
  3.66150461e-01
  9.05018229e-01
  2.95724553e-01
  1.25165837e+00
  3.19120918e-01
  1.25446556e+00
 -7.65005797e-01
 -2.74046737e+00
  5.93800960e-01
 -1.26884825e+00
  2.05695480e+00
  2.04952117e-01
  5.00761254e-01
 -9.58548242e-01
 -8.32775895e-01
  3.28620868e-01
  2.58344975e+00
 -8.18923051e-01
 -1.85746123e+00
  1.58789487e+00
  2.99738295e-01
 -1.14131693e+00
  6.15203677e-01
  5.42481895e-01
 -1.57878871e+00
  2.29654336e+00
  9.48996632e-01
 -4.60766072e-02
  1.29016041e+00
  3.17035622e-01
  5.33325627e-01
  5.54496164e-01
  6.93077253e-01
 -4.41274770e-01
 -1.09005313e+00
  9.84812462e-02
 -1.11702421e+00
  1.48387476e+00
  6.61766906e-01
 -3.60358249e-01
 -2.77760639e-01
 -1.22592778e-01
 -9.01137051e-01
 -6.24887839e-01
  3.25465688e-01
 -2.18777063e-01
 -2.95725334e-01
 -1.85327453e-01
 -1.58936876e+00
 -9.71170496e-02
 -1.88090339e-01
 -1.37917500e+00
  9.46894553e-01
 -1.57986236e+00
 -1.51819102e+00
  3.10964165e-01
  6.24351064e-01
  9.37909551e-01
 -1.17060065e-01
  4.76527742e-01
  7.01764972e-01
  3.35042403e+00
 -5.94301049e-01
 -1.57137282e+00
  3.12885137e-01
  4.16262102e-01
 -2.45008601e+00
 -7.64924694e-01
  8.50612328e-01
 -1.73359761e+00
 -4.36613464e-02
 -1.32082782e+00
  3.91773521e-01
  1.91464918e+00
 -3.84740830e-01
 -1.19974106e+00
 -1.22356247e+00
  1.45333394e+00
 -1.21025592e-01
 -1.85814741e-01
  3.20798491e+00
 -2.02788258e+00
 -1.67730673e-01
 -6.63412267e-01
  1.87066975e+00
  1.11176676e-01
 -7.41444491e-02
 -5.04932558e-01
 -5.36012404e-02
  1.16577760e-01
 -4.83021403e-01
 -7.15029228e-01
 -8.12189513e-02
  2.43861837e+00
  4.39711016e-01
  1.42543626e-01
  1.12258587e+00
 -5.90495039e-01
 -7.94545368e-01
  1.24333207e+00
 -2.63096882e-01
 -1.14005232e+00
 -6.17981974e-01
  5.84033239e-01
 -3.97324016e-01
  3.61014124e+00
 -1.72343407e+00
  1.30397106e-01
 -1.64560330e+00
  1.13884247e+00
  2.62469277e-01
  2.33611420e-01
  3.37983166e-01
  3.84483562e-01
  2.77177492e+00
 -5.69589032e-01
 -4.10103015e-01
  6.25289335e-01
  5.75340358e-01
 -9.61727371e-01
  1.55924019e+00
 -1.80672439e-01
 -2.16901465e+00
  9.79342042e-01
 -5.61932490e-01
  2.30287591e-01
  7.43196174e-01
 -8.65971035e-01
 -4.14062557e-02
 -7.88465986e-02
  1.40013585e+00
 -3.58076941e-01
 -1.46379875e-01
  1.65519776e+00
 -6.34456916e-01
 -1.42441390e+00
  7.00154809e-01
  3.38250109e-04
 -7.48098685e-01
 -1.18486053e+00
 -5.69893295e-01
 -2.60244170e-01
 -5.57672938e-01
 -1.67986532e+00
  5.52821457e-01
 -9.32471231e-01
  1.64039102e+00
  1.18120025e+00
 -1.10870255e+00
  3.16752057e-01
 -1.60849160e+00
 -5.76779979e-01
  5.81843014e-01
  1.15408641e+00
  1.05851538e-02
  8.03214878e-02
  8.27162720e-02
  3.56705509e-01
  6.24690017e-01
  4.11896645e-01
 -1.37472414e-01
 -6.76125310e-01
 -1.40120734e+00
  1.77403104e+00
  9.89905856e-01
 -2.53307228e+00
  1.02095091e+00
 -1.00713478e+00
 -1.00736428e+00
  7.83400571e-01
 -3.56093841e-01
  5.67103609e-01
  9.03640370e-01
 -1.85628803e-01
  1.06797848e+00
 -8.39108590e-01
 -3.97051573e-02
  1.98126834e+00
 -7.63365239e-01
 -9.42442391e-01
 -1.26399999e+00
 -8.77718911e-02
 -5.87626237e-01
 -1.83350306e+00
  2.82936928e-01
  2.34863355e-01
  6.03370165e-02
  1.20896969e+00
  1.02495092e-01
  1.25837031e+00
  7.65725715e-02
 -1.10445783e+00
  1.29400001e+00
 -3.03679575e-01
  1.72148378e-01
 -1.14601481e-01
  5.91553700e-01
 -4.31665987e-01
  2.35988593e-01
  1.04983123e+00
 -1.81512490e-01
  5.06624433e-01
  3.94420970e-01
 -1.16203628e+00
 -5.82535083e-01
  3.77945041e-01
  2.16135581e+00
 -2.41801654e+00
 -2.97393715e-01
  6.85712524e-01
  1.97729421e+00
 -1.45779569e+00
 -1.38026127e+00
 -8.62478880e-01
 -1.04888281e+00
 -3.85677866e-01
 -1.33261815e+00
 -9.75064755e-01
  8.49562849e-01
  7.78905964e-02
  1.45259298e+00
  2.58758460e+00
 -1.37282863e+00
  1.67957238e+00
  2.69164945e+00
  1.71471950e+00
 -5.66375436e-01
 -2.99095808e-01
  8.08372347e-01
  2.88510764e+00
 -1.06923272e+00
  2.18857089e+00
  7.90508199e-01
  2.00256412e-01
  2.48057891e-02
 -2.29732727e-01
 -2.28822148e-01
 -4.77360698e-01
  1.82112651e-02
 -4.32167638e-01
  8.45302758e-01
  5.24586329e-01
 -4.52297535e-01
 -6.62492841e-03
 -1.08351028e-01
  1.77916963e+00
 -2.09803331e+00
 -1.56540768e+00
  7.81088761e-02
 -4.67980406e-01
 -4.49356431e-01
 -1.18246215e+00
  1.34109849e+00
 -2.35659903e-01
 -1.05488327e+00
 -5.22575392e-01
 -6.83998683e-01
 -1.39473773e-01
  1.86802286e+00
 -8.50272699e-01
  6.44254698e-01
 -4.94134538e-02
 -1.77005398e+00
 -4.71690565e-01
  2.52904201e+00
  5.70916357e-02
 -2.84492279e-01
 -7.57671440e-01
  8.40901330e-01
 -5.06967313e-01
 -1.05856457e+00
  1.55630691e-01
  2.00844721e-01
  1.57750875e+00
  6.51397297e-01
  5.26351001e-01
  1.26955022e+00
  1.20081540e+00
 -7.91228761e-01
 -1.09062616e-01
  3.10765232e-01
  7.22665307e-01
 -3.93467212e-01
 -6.99292609e-01
 -9.60015516e-02
 -2.75095735e-01
 -6.41241228e-01
  9.61497791e-01
  1.03497856e+00
 -8.89880280e-01
  8.41405591e-01
 -1.22009696e-01
  1.36315571e+00
  1.84901364e+00
  2.71781800e-01
  1.21617387e+00
  1.29597637e+00
  1.11628748e+00
  6.37778776e-01
 -1.31620474e-01
 -7.44146998e-01
  2.12639495e-01
 -3.74987017e-01
 -3.06988196e-01
  5.73878207e-01
  3.44832364e-01
 -4.69576517e-01
  1.86111962e-01
 -1.36997649e-01
 -1.90555390e-02
  9.46313268e-01
  1.01509753e+00
  1.15516530e+00
  1.54183322e-01
 -2.41617631e-01
 -8.21350316e-01
 -1.75210144e+00
 -7.42391488e-01
 -3.91532793e-01
  1.83612987e-01
  6.73673509e-01
 -3.90418469e-01
 -1.17322441e+00
  2.98812903e-01
  3.42303707e-01
 -1.79436832e+00
  2.19975876e+00
  3.44588110e-01
 -4.27781781e-01
 -7.56329639e-01
 -1.16734649e-01
 -3.70478153e-01
  2.78263687e-01
 -3.78880857e-01
  2.95889862e-01
 -5.45169857e-01
 -7.41960100e-01
  4.55393585e-01
 -5.91314532e-01
 -1.76389744e+00
  2.71780100e-01
  2.33062105e+00
  8.79300366e-01
  5.65085275e-01
  5.97221400e-01
  7.73611392e-01
  2.05780022e+00
  1.10996132e+00
 -3.55954239e-01
  6.00424891e-01
 -2.26932198e+00
  1.08010116e+00
  1.58510606e+00
  1.18133618e+00
 -5.13669418e-01
 -4.33831591e-01
  1.63064175e+00
 -1.69918758e+00
  5.31745071e-01
 -3.17730766e-01
  2.59506314e+00
 -1.21252481e+00
 -4.63611218e-01
  2.18442698e-01
  3.73338063e-01
 -1.72043776e+00
 -1.40393138e-01
  1.56982095e+00
 -9.33067678e-03
  2.03929321e+00
  8.00651607e-01
 -1.49335879e-01
  8.39830982e-01
  7.03875758e-01
  2.33795735e-01
  1.41638599e-01
 -8.18924159e-01
  6.27645013e-04
  9.86330409e-01
 -8.23769200e-01
 -3.00571927e+00
  1.88280956e+00
  3.69658504e-01
 -1.37537321e+00
 -1.10205271e+00
 -1.10466711e+00
 -2.53526485e+00
 -5.91083630e-01
  2.33058555e-01
 -3.03880253e-01
  5.28868545e-01
 -5.12127314e-01
  1.26538252e-02
  1.35664420e-01
  5.07493698e-02
 -2.50877425e-02
  6.50029645e-01
 -2.81541449e-01
 -6.31682848e-01
  1.08965512e+00
 -1.47639452e+00
  3.12752622e-01
 -9.81727332e-01
  9.03389071e-02
  1.38347915e+00
 -9.95968111e-01
  1.22402456e+00
  2.94194502e+00
 -8.29207051e-01
 -1.33464995e+00
  1.68553610e+00
 -4.21594081e-01
 -1.52246774e+00
  2.74388407e+00
  2.03497804e-01
 -6.60885879e-01
  1.56158460e-01
 -2.47749258e-01
  1.86500210e-01
  2.08650114e+00
  1.75169052e+00
  1.50995572e+00
  6.04333358e-01
 -7.62861195e-01
  1.76751496e+00
  1.07490498e-01
  1.21138393e-01
 -1.73599481e-01
 -9.69605841e-01
 -8.00901349e-01
 -3.94067810e-01
  5.82540619e-01
 -1.66325398e+00
 -1.12994267e+00
 -4.86202967e-02
 -5.71954013e-01
  4.70831002e-01
 -1.01044364e+00
 -1.68811072e+00
  6.48770359e-02
 -8.23717209e-01
 -6.21156708e-02
 -6.39585823e-01
 -9.94151130e-01
  1.37806894e-01
  9.85973211e-01
  1.49240695e+00
  2.35542867e-01
  6.48130143e-01
 -4.16066169e-01
 -4.69077392e-01
  1.22187087e+00
  3.73432423e-01
 -5.99369838e-01
  1.49503743e+00
 -2.20111547e-01
 -3.03286089e-01
  2.92219799e-01
  5.74368756e-02
  1.07285461e-01
  2.17523281e-01
  4.86089501e-01
  3.47905114e-01
  1.87545741e-01
 -4.83688507e-01
 -1.25337436e+00
  2.19187289e+00
 -1.43795927e+00
  7.95205733e-01
  6.12981161e-01
 -2.02788733e-01
 -2.05250352e-03
  1.45827364e+00
 -5.14000308e-01
 -1.14710861e+00
 -7.02552358e-01
  1.27493215e+00
 -1.37282475e+00
  4.77823225e-01
 -4.18117023e-01
 -1.18999767e-01
  1.63847169e+00
 -1.26099840e+00
  2.18262511e-01
  3.71979668e-01
 -2.60630007e-01
 -1.39278962e+00
 -3.44488152e-01
 -1.01112349e+00
 -9.01362892e-01
  7.08341086e-01
  8.92345044e-01
  1.52400176e-02
  1.67494078e+00
 -9.22951739e-01
  5.13569959e-01
 -2.06775816e-01
  4.90098990e-01
  1.09635094e+00
 -1.17927704e-01
  1.68836710e+00
 -5.16246631e-02
 -3.80527124e-01
 -5.90864536e-01
  2.00064095e+00
 -1.97184605e-01
  7.82007906e-01
  1.16962356e+00
  8.90841412e-01
  6.15630484e-01
  9.73115293e-01
 -3.61736392e-02
  1.43637881e+00
 -2.11276277e-01
 -4.08220306e-01
  1.68821705e-01
 -1.29207127e+00
 -1.38788741e-02
 -1.02341593e+00
  5.77649242e-01
 -2.73417713e-01
 -1.19391555e+00
 -1.62089473e+00
 -1.21223148e+00
  3.70892138e-01
  1.80241731e-01
 -1.59653743e+00
 -1.47087660e+00
 -1.10375308e+00
  1.02403051e+00
 -1.35420995e+00
 -2.79253564e-01
  1.76018169e-01
  3.93871933e-01
 -8.95823091e-01
  4.81303044e-01
  5.71194772e-01
 -1.74498845e+00
 -2.11114221e-01
  1.66750928e+00
 -1.50403227e-03
  2.13741770e-01
 -5.34888676e-01
  1.39074560e+00
 -1.68043892e-01
  7.85021628e-01
  9.37264836e-01
  1.01523314e+00
  4.17580240e-01
 -7.55509117e-02
 -1.05292765e+00
 -6.31831638e-02
 -5.91949182e-01
  3.28662670e-01
 -2.67554425e-01
 -5.24266382e-01
  1.20447372e-01
 -1.79919044e+00
  4.78304909e-01
  1.50314779e-01
 -1.12738109e+00
 -2.64282606e+00
 -1.13996551e-01
  6.25028232e-01
 -1.56145772e-01
 -2.27289955e+00
  5.88269734e-01
  3.41561801e-01
  2.43053962e-01
 -1.40963978e-01
 -1.02659925e+00
  5.79578102e-02
  1.05705972e+00
 -1.30318593e-01
 -1.92139630e+00
 -1.11742994e+00
  8.14200500e-01
  1.07743091e+00
  2.00472689e-01
  3.20561130e-01
  5.33571562e-01
 -1.45527150e+00
  2.10247933e-01
  7.31799833e-01
 -1.11319143e+00
 -8.41083777e-01
 -6.95494193e-01
 -3.45849237e-01
  3.04534312e-01
 -8.47270238e-01
  3.38083534e-02
 -1.07906306e+00
 -1.73720233e-02
 -8.14664412e-02
 -7.01876749e-01
 -1.21264146e+00
 -2.49938517e-01
  2.99032421e-01
 -1.24135329e+00
  4.34335351e-01
  4.78388563e-01
  6.61426021e-01
  4.84838374e-02
 -3.75948874e-01
 -1.84577288e+00
  7.90069259e-01
 -1.21847452e-01
 -2.62764691e-01
  1.46064073e+00
  9.77698966e-01
 -4.51112715e-01
  1.53302494e+00
 -1.44410150e+00
  1.75241018e+00
  1.24081247e+00
 -2.03679304e+00
  3.13996905e-01
  3.16354511e-01
 -2.49960647e-01
  1.15787588e+00
  5.20301502e-01
  8.38550970e-01
 -1.16943118e+00
  9.14916931e-01
  3.21521961e-01
 -1.64936140e-01
 -2.57790798e+00
 -1.66458454e+00
  7.79212266e-02
  5.85233297e-01
  4.33584014e-01
 -1.14306479e+00
  1.05599436e+00
  3.83038422e-01
 -4.05346992e-01
  6.90324934e-02
  6.82416190e-01
  1.11925571e+00
 -7.04020964e-01
 -9.10626209e-01
 -9.93335377e-01
  1.81684552e-01
 -9.26521962e-01
  3.25273342e+00
  1.84648731e-01
 -2.02860111e+00
  8.03459093e-01
  3.09353081e-01
  1.83410952e+00
 -7.06077399e-02
 -2.85445463e-01
 -1.59719890e+00
 -3.48409069e-01
 -9.34050554e-01
  4.32265675e-02
  8.36525324e-01
  1.22894465e+00
 -8.78136480e-02
  2.70520969e+00
  2.04030894e-01
  1.04390545e+00
  7.78092211e-01
  3.45120705e-01
  6.67011474e-01
  7.57844169e-01
  7.94628713e-01
  9.17829497e-01
  6.76643676e-01
 -1.79655866e-02
 -1.34349114e+00
 -6.62019741e-01
  1.59199881e-01
 -1.02954149e-01
 -1.99179080e-01
 -1.24591352e-01
  1.51798531e-01
  5.29426370e-02
  7.50708388e-01
 -2.27773992e+00
  6.55954191e-01
 -7.50261902e-01
  3.32671180e-01
  8.08631386e-01
  1.48114660e+00
  1.30223286e-01
  1.82151130e-01
 -4.79719592e-01
 -1.34870837e+00
 -4.32390885e-01
 -1.41523610e+00
  1.00055616e+00
  7.52067196e-01
  1.43038657e+00
  9.22931484e-01
  9.57235055e-02
  9.86857147e-01
  5.85375369e-01
  4.55449990e-01
  6.18746852e-01
  8.04316623e-01
  5.08125005e-01
 -2.18465287e-01
 -5.06284503e-02
 -2.35641293e-01
  3.20376006e-01
  6.97869079e-01
  2.97921883e-01
  1.01342423e+00
  6.88194669e-01
 -6.54102009e-01
 -1.17306817e+00
 -1.43439097e-01
  2.70789662e-01
  4.64604203e-01
  1.05714528e+00
 -6.25396867e-01
  8.44230253e-01
  1.74880366e+00
 -1.40269426e+00
  1.36362833e+00
 -6.67119666e-01
 -1.08570062e+00
  2.62704350e-01
  9.04434512e-01
  9.00897017e-02
 -7.65636433e-01
 -7.07326244e-01
 -1.04407478e-02
 -1.55098538e+00
 -1.99204517e+00
 -8.80217012e-01
  5.58769706e-01
 -1.31651622e+00
  3.53231713e-01
 -1.20588183e+00
 -2.52473732e-01
  1.11047710e-01
  3.17422021e-01
  8.38688532e-02
 -4.33791485e-01
 -1.52965569e-01
 -1.82516950e+00
  1.84771162e+00
  5.89149789e-01
 -1.17293552e+00
  1.31661780e+00
  2.01919887e-01
  1.33194152e+00
 -4.67572075e-01
  1.98880812e+00
  6.55149050e-01
 -1.40270380e+00
 -1.14883850e+00
  9.83184290e-02
 -1.26342343e+00
  1.16737496e-01
 -2.85724557e-01
 -7.63475490e-01
  1.46194198e-01
 -8.11032485e-01
 -1.73455433e+00
 -1.45303262e+00
  1.34392859e+00
  6.84783960e-01
 -2.62396423e-01
  1.36837342e+00
 -1.29228239e+00
  5.93221334e-02
 -1.19549961e+00
 -6.61965678e-01
  1.20412667e+00
 -3.25509221e-01
  2.55604449e-01
  3.39403487e-01
  2.18140548e-01
 -4.38754828e-01
  1.07409955e+00
 -1.11025386e+00
 -1.36111205e+00
  6.34652725e-01
  6.10814238e-02
  2.21818968e+00
  3.73708365e-01
  7.43939194e-01
  1.80726873e-01
  8.59892746e-01
 -9.58243082e-01
  9.48566156e-02
 -1.44597352e+00
  1.41115538e+00
  1.68198448e-01
 -3.54441667e-01
  6.31889875e-01
  3.00924386e-01
  4.89655520e-01
  9.78864592e-01
  1.57400537e+00
 -6.50028248e-02
 -2.20816402e+00
  6.48658538e-02
  1.30102373e-01
  3.16421649e-01
  8.57046453e-01
 -9.22810125e-01
  1.57105571e+00
  1.04059761e+00
 -5.59926934e-01
 -5.37401615e-01
  8.55421769e-02
 -1.26747804e+00
 -6.77927372e-01
  1.29294214e+00
 -8.81946476e-01
  1.39907327e-01
 -4.51030199e-01
  1.01945668e+00
  1.32521638e+00
  6.53344305e-02
 -8.24259601e-01
  4.48717826e-01
 -2.82474283e+00
 -1.26721372e+00
 -1.07885090e+00
  3.10593238e-01
 -8.67647379e-01
 -1.20051152e+00
  9.20536282e-01
 -1.52736058e+00
 -3.23434079e-01
  1.02464792e-01
  4.01598794e-01
  2.89265981e-01
 -1.04757339e+00
  1.66707181e-01
  5.57677728e-02
 -6.77463892e-01
  1.23610136e+00
 -9.41700475e-01
  8.00938369e-02
  5.85851315e-01
 -1.00863450e-01
 -7.28045976e-01
 -4.14762833e-01
  1.36092526e+00
 -2.23832878e+00
 -9.25692973e-01
  2.95189452e-01
  3.53989453e-01
 -1.45185444e+00
  1.41743999e+00
 -4.12840062e-01
  1.29518196e+00
  1.02558029e+00
 -2.51907893e+00
 -1.29274018e+00
 -2.05705941e-01
 -6.62896402e-01
 -3.90180317e-01
 -3.41672936e-01
 -7.83355079e-03
 -4.88414412e-01
 -1.71746539e-01
 -5.68322992e-01
  1.03293590e+00
  1.43350070e+00
 -2.01574822e+00
  8.99060980e-02
 -2.89979262e+00
 -1.53998694e+00
  3.07831516e+00
  6.09552108e-01
 -1.10137071e+00
 -1.33837470e+00
  2.25824257e-01
  4.63981802e-02
 -6.58096897e-01
 -8.16266901e-01
  3.12383200e-01
 -6.73041073e-01
  2.02005274e+00
  7.93513553e-01
 -1.78552803e+00
 -1.96520304e-01
 -7.52696548e-02
 -6.39283266e-01
  1.38423797e+00
  1.68300713e+00
  7.11365634e-01
  1.36574151e+00
 -1.60078076e+00
 -3.60574421e-01
  1.41601965e+00
  5.60023547e-02
  8.71201740e-01
  1.23879366e+00
 -9.93030510e-01
 -7.98053129e-01
  3.79944312e-01
 -5.73272412e-01
  8.68282566e-01
  9.14005964e-01
 -7.97658277e-01
 -4.70542363e-01
 -1.36749792e+00
  9.79986099e-01
  1.59746118e+00
 -1.54504105e-01
 -7.36309348e-01
  2.80524694e+00
 -2.11854697e+00
  4.47286317e-01
 -1.13469919e+00
  5.92675983e-01
 -8.47684517e-01
 -1.25008561e-01
  1.84289240e-01
  1.87089190e-01
 -1.69208992e-02
  4.09693100e-01
  9.17353130e-01
  1.75678084e+00
  6.61925894e-01
  4.74386221e-01
 -2.91987815e+00
  3.96141956e-01
 -2.60929413e-01
  2.12066634e-01
  1.45736314e+00
 -5.30345851e-01
 -7.06670343e-01
 -5.24829725e-01
  1.93162699e-01
 -1.16818736e+00
  8.63068542e-01
 -5.03638800e-01
 -1.00725590e+00
  1.15646538e+00
 -8.33420889e-02
 -3.74459698e-02
 -9.18425106e-01
  1.02731279e+00
 -2.00661464e-01
 -5.31174046e-03
 -9.04061985e-01
  7.64456666e-01
  1.48624547e-01
 -6.56572776e-01
 -1.98784565e-01
  1.73946874e+00
 -4.95802915e-01
 -7.29977449e-01
 -9.37036952e-03
 -2.18096212e+00
 -1.43874517e+00
 -1.67005007e+00
 -1.01965070e-02
  5.05442705e-01
  7.11114022e-01
  6.75715912e-01
 -1.35495908e-02
  1.03548206e-01
 -8.72765833e-01
 -1.00357868e+00
  8.83877752e-01
 -6.36682276e-02
  5.27054693e-01
  9.27333735e-01
 -6.83833853e-01
 -5.00560718e-02
 -7.83331856e-01
  3.01678426e-01
 -1.90867984e+00
 -2.11344438e-01
  7.14195001e-01
 -6.33031910e-01
  4.69896260e-01
  4.79913393e-01
  7.65807376e-01
  7.55481900e-01
 -1.00505116e-02
 -8.39630304e-01
 -1.38652033e-01
  3.41544594e-02
 -4.95367884e-01
  8.17164820e-01
 -4.95204521e-01
  1.61820440e+00
  9.79516216e-01
 -1.60638521e-01
 -5.22246105e-01
 -1.24305652e-01
 -1.55268696e+00
 -4.52326080e-01
  3.51982155e-01
  5.21311056e-01
 -1.21129970e+00
  4.14009074e-01
 -2.74838890e-01
  2.20751261e-01
  9.29958674e-01
 -1.13925010e+00
  8.96972847e-01
 -2.66562790e-01
  6.70850318e-01
  7.08216461e-01
  5.02122582e-01
 -1.16125793e+00
  8.82073629e-01
  6.86029226e-02
  1.53911043e+00
 -3.42096952e-01
 -3.77276447e-01
  3.18173035e-01
 -5.14278771e-01
 -1.84073302e-01
  7.56292624e-01
  1.99054145e-01
  2.24031409e+00
  9.51993391e-01
 -7.19756598e-01
 -4.57340418e-01
  1.54193754e+00
  1.48915122e+00
  7.86179752e-01
  1.19654000e-02
 -1.80022193e+00
 -8.78426353e-01
 -7.90363549e-01
  5.32385843e-01
  6.49440941e-01
  1.20684586e+00
 -1.96474025e-01
 -1.25391883e+00
 -5.37777652e-01
  1.03815719e+00
  2.25594393e+00
 -5.82830566e-01
 -4.46886558e-01
  3.98865279e-01
  4.25149395e-01
 -1.98038752e+00
  9.03577920e-01
 -8.50675667e-01
 -1.15660214e+00
  1.36447272e+00
  1.49951929e-01
  8.16210157e-01
 -1.99884797e+00
  8.00721029e-01
  3.68490983e-01
 -8.29276948e-02
  1.41649250e+00
 -1.85493125e+00
  1.38623057e+00
  1.56415788e+00
  7.83189545e-01
  1.63716642e-01
  4.74947090e-01
  1.58601722e-01
  2.57101010e-01
  1.12566289e-01
  1.16984884e+00
  3.11815732e-01
  1.41069003e-01
 -1.18842882e+00
 -4.80705404e-01
 -1.64052258e-01
 -4.50868622e-01
 -1.58029126e+00
 -8.39385236e-01
  4.68908052e-01
 -2.97350829e-01
  5.58514667e-01
  7.80832855e-01
  2.57994826e-02
  1.38370919e+00
 -6.20620986e-01
 -4.01701110e-01
  1.16611450e+00
 -9.20093918e-01
  1.02375971e+00
  5.83649832e-01
  5.41793785e-01
  6.19458510e-01
 -1.22456286e+00
  1.18003069e+00
 -2.39392022e-01
  1.16922297e+00
 -1.19884433e+00
 -3.18377934e-01
  2.18366003e+00
 -7.93484495e-01
  2.53703037e-01
  5.96880047e-01
  6.66608130e-02
  8.06588426e-01
  1.62567769e+00
  3.95231790e-01
 -3.75964204e-01
 -2.25204913e-01
  2.04238101e-01
 -5.38004700e-01
  7.47558529e-01
 -4.28816248e-01
  4.66937360e-01
 -1.22382705e+00
  3.50833907e-01
  1.02549877e+00
  6.91162202e-01
  3.07679585e-02
  1.74535250e-01
  1.13857204e+00
 -7.25228214e-01
 -1.58857151e+00
  3.78725901e-01
 -3.51858149e-01
  2.28117075e+00
 -9.77489658e-02
 -6.84934715e-01
  9.30955154e-01
  1.14822373e+00
 -9.38867372e-01
 -3.29805896e-01
 -2.41545547e-01
  1.09448332e+00
 -2.12370099e+00
 -4.28748007e-01
  5.70713543e-01
 -2.51031483e-01
 -1.31861041e+00
  1.30075983e-01
 -6.48922969e-01
  1.30395282e-01
  8.30498774e-01
 -3.16100248e-01
 -1.41553904e-01
 -1.91732551e-01
 -2.38266492e+00
 -8.26680270e-01
 -1.68864048e+00
  1.27361113e+00
  7.28558052e-01
 -1.12249947e+00
  7.22911331e-01
  9.11906932e-01
 -1.45040270e-01
  5.47082007e-01
  1.73783911e+00
  8.90633983e-01
 -5.12437875e-01
 -8.92604786e-01
 -3.20346462e-01
  6.99651540e-01
 -6.18107333e-03
 -3.95033350e-01
 -1.06470199e+00
 -1.21664355e+00
 -4.80211197e-02
  3.37234278e-01
 -5.52067555e-01
 -6.63600452e-01
 -1.74966117e+00
  7.54097723e-01
 -7.22006712e-01
  2.96944863e-01
 -1.43151549e+00
  4.34027901e-02
 -2.06164499e+00
 -1.78864241e-01
 -9.28587728e-01
 -5.83186684e-01
 -5.58466981e-01
  6.92319820e-01
  1.11315335e+00
 -3.19796873e-01
 -7.12068331e-01
 -2.61348396e-01
  5.92753273e-01
  9.67026874e-01
  3.09956207e-01
  2.02154311e-01
 -6.27260686e-01
 -1.25352969e+00
 -1.06837895e+00
  2.81826031e-01
 -1.28954300e+00
 -1.19903784e+00
  1.62492826e-01
 -1.44033050e+00
 -2.39646085e+00
  9.16963949e-01
  1.25308085e+00
 -1.13489321e-01
 -3.97230805e-01
  9.82792953e-01
  5.87912180e-01
 -1.05993396e-01
  9.21001667e-01
 -4.66875485e-01
 -3.86001422e-01
 -1.44816495e-02
  1.98219132e+00
  4.29764802e-02
 -2.33095461e+00
  1.38482109e+00
 -5.32746876e-01
 -1.41864498e+00
 -1.18755177e+00
 -3.70145686e-01
 -2.14494333e+00
 -1.02121223e+00
  3.74843421e-01
 -1.10935390e+00
 -2.97820372e-01
 -2.46254483e-01
  1.11766285e+00
  2.67366094e-01
  1.34452477e+00
 -9.49094649e-01
 -2.00670730e-01
  1.22336092e+00
  1.75897615e-01
  1.84525530e-01
 -6.15550714e-01
 -1.10314608e-01
  4.40379021e-01
  1.55030725e+00
 -9.52485565e-01
  1.50325784e+00
 -2.56769725e-01
  1.15483924e+00
 -4.30356679e-01
 -2.29080705e-01
 -6.80542806e-01
  8.43939782e-01
  1.33002445e+00
  5.00573085e-01
 -3.38268735e-01
 -1.07450995e+00
 -9.50107480e-01
  1.86236299e+00
  8.61181872e-01
 -3.38357940e-01
  1.24856629e+00
  3.48386115e-01
 -2.21914718e+00
  1.02851423e+00
  1.81245361e+00
 -1.67957071e+00
  9.82295983e-02
 -2.20868230e-01
  3.08879501e-01
  1.01577204e+00
  2.44646411e+00
  1.20100705e+00
 -1.48392818e+00
  1.91956423e+00
 -1.03078895e+00
 -1.21956870e+00
  8.19733037e-01
  5.13958602e-01
 -7.47872609e-01
 -2.68847222e-01
 -7.12915961e-01
  4.91050735e-01
 -9.62402798e-01
  1.02284962e+00
 -2.02721035e-01
 -8.40307191e-01
 -1.79492409e+00
 -2.18878988e+00
 -1.23871864e+00
  5.82925757e-01
 -3.87305071e-01
 -4.91792434e-01
  1.73191239e+00
  1.26301507e+00
 -7.13374782e-01
  1.00480001e+00
  3.31023924e-01
  1.20341318e-01
 -8.37950743e-02
  5.66667496e-02
  2.21242707e-01
  3.37264659e-01
 -8.06963267e-01
 -8.86981135e-01
  9.79202823e-01
  9.03907788e-01
 -2.94063426e-01
  7.74225005e-01
  3.13944824e-01
 -1.84713444e+00
 -1.15906342e+00
 -1.02831548e+00
 -3.15692890e-01
  2.85566521e-02
 -1.07495133e+00
  5.71806093e-01
  1.53724537e+00
 -2.10638996e+00
  6.36879514e-01
 -3.82050845e-01
 -1.03289194e+00
  3.73720463e-01
 -3.87482210e-01
  1.08328268e+00
 -5.25107786e-01
 -3.80013490e-01
  4.65567836e-01
 -1.54171700e+00
 -2.87389859e-01
  1.80315580e+00
  2.67594596e-02
 -1.30600867e+00
 -1.15660052e+00
 -1.14068063e+00
  2.43573305e+00
 -3.36922015e-01
  3.23356735e-01
 -7.90533986e-01
 -1.44232034e+00
  1.38017826e+00
  1.14617644e+00
 -1.13276693e+00
  1.21197344e+00
 -4.84055976e-01
  1.05796892e+00
  1.00291023e+00
  8.55821823e-01
 -4.77523911e-01
  1.44387566e+00
  1.27899105e-01
 -1.70817799e+00
 -1.30882712e+00
  9.55756955e-01
 -7.16455801e-01
 -7.81117658e-01
 -1.29871709e+00
 -1.83183120e-02
 -4.14807154e-01
 -1.17687278e+00
  1.39377061e+00
  5.15329109e-01
  5.66327715e-01
  1.51661730e+00
  7.40508872e-01
 -9.84319106e-02
 -1.86345192e+00
 -2.04670971e+00
  8.54355420e-01
  1.72574811e-01
  3.60780796e-01
 -7.61743352e-01
  8.69328963e-01
 -2.50007198e-01
  1.00910763e+00
  1.72305582e-01
  1.50419881e-01
  4.89062613e-01
 -3.91031520e-01
  8.46840291e-02
 -2.68363173e-01
 -1.53844584e+00
  3.40193390e-01
 -4.88856094e-01
  9.78258548e-01
  1.16847809e+00
  8.33087081e-01
 -3.75310498e-01
 -1.67837338e+00
  1.24027537e+00
  9.00802580e-03
  7.22686233e-01
 -1.31794460e+00
 -5.68819948e-01
 -3.98608393e-01
  1.32887927e+00
 -8.06162138e-01
 -1.22874962e+00
 -1.18326574e+00
  1.36301020e+00
 -8.01270336e-01
 -2.55413170e-01
 -4.99950338e-01
 -6.64695006e-01
  6.90544353e-01
 -2.24292616e+00
  1.45341303e+00
 -8.03381080e-02
  5.24437948e-01
  1.45403075e+00
  3.13013287e+00
  1.33993013e+00
  3.99016800e-01
  2.05458647e-01
  1.82223396e+00
  7.38548606e-01
  9.50367144e-01
  9.28373779e-01
 -4.84486065e-02
  5.85935213e-01
 -1.37316907e+00
  1.74060508e-01
  1.22487584e+00
  1.37326460e-01
  2.48632943e+00
  1.78212247e+00
  8.84094134e-01
 -1.80065272e+00
  1.29855411e+00
  1.42159487e+00
 -8.96116526e-01
  1.90068039e+00
 -3.25209239e-01
  1.56073338e+00
  2.95421197e-01
  1.06225653e-03
 -2.27159589e-01
  1.70525268e+00
 -2.72228303e-01
  3.51939668e-03
 -5.39025437e-01
  7.43286169e-01
  1.99168004e+00
 -1.76419906e+00
  1.06620245e+00
 -1.33115950e+00
  5.73734754e-01
 -4.67056495e-01
 -2.23841640e-01
  2.07433722e+00
 -3.73183145e-01
  1.69895286e+00
  5.66625831e-01
 -6.06258041e-01
 -9.36816527e-02
  5.68325710e-01
  7.05298028e-01
 -1.36654235e+00
 -2.03056733e+00
 -1.18239468e+00
 -1.71995551e+00
 -5.94578952e-01
  2.27365435e-01
 -2.93766971e-01
 -4.88033366e-01
 -6.60682242e-01
 -2.09828571e+00
  2.22134662e-01
 -6.21671373e-01
 -2.33875860e-01
  1.36937534e-01
 -1.21090523e+00
 -1.14964333e+00
 -1.30122735e+00
 -1.46631311e+00
 -2.00645049e+00
 -2.24653699e+00
 -8.30373845e-01
 -2.94011551e+00
 -6.47340019e-02
  5.74940953e-01
  1.03455332e-01
  8.62670538e-02
  5.18484789e-01
 -4.89630581e-01
  1.01933948e-01
  2.11237324e-01
 -1.17363903e+00
  1.32436813e+00
  1.11639694e+00
 -1.14849422e+00
 -4.99400601e-01
 -9.79564175e-01
 -1.12058701e+00
 -1.27718242e+00
  1.61238089e+00
 -2.85776312e+00
  3.94404440e-01
  2.05602801e-01
  1.68510056e+00
  7.14963954e-01
  1.02977937e+00
  2.29465562e-01
 -1.11139708e+00
 -1.37040030e+00
  1.87088157e-01
 -6.43130709e-01
 -5.56202832e-01
  1.75380565e+00
 -1.20821657e+00
 -3.97987338e-01
  5.31029081e-01
  4.00011003e-01
 -5.15711002e-01
  1.89566910e-01
  4.51371944e-01
 -2.25401320e+00
 -3.43325931e-01
  8.53990027e-01
  2.94099929e-01
  8.88127504e-02
 -1.42014342e+00
  1.37454723e+00
 -7.05357223e-01
  8.99231754e-01
 -4.61735616e-01
 -2.87865122e-01
 -2.65130008e-01
  8.20451529e-01
 -1.05521676e+00
 -7.58282436e-01
  2.48186908e-01
 -2.76475848e-01
  1.24860777e+00
  8.70591137e-01
  9.20200226e-01
  9.78640191e-01
  1.13864356e+00
 -3.55958914e-01
  1.04988037e+00
  7.98896158e-01
 -9.23564244e-03
 -3.08204890e-01
 -9.79819005e-01
 -4.85308499e-01
  1.20060105e+00
  2.24462418e+00
  2.34692144e-01
  2.13560222e+00
  1.46978300e+00
 -6.65764899e-01
  1.06276832e+00
 -1.34975354e-01
  2.90640502e-01
 -4.01831025e-01
  1.19692630e+00
  4.31926741e-01
 -6.40856386e-01
  1.33429649e+00
 -4.76341135e-01
 -4.06110197e-01
  8.68990384e-01
  9.20443947e-01
 -2.46985426e+00
  5.94256174e-02
 -6.96990533e-01
 -4.75173840e-01
 -9.12505093e-01
  5.78668431e-02
 -7.20540469e-01
 -7.30678349e-01
 -1.46689950e-01
  5.74022294e-01
  3.90652353e-01
  1.29797901e+00
  8.64869219e-01
 -4.50497974e-01
  5.95837014e-01
 -1.64617051e-01
 -1.70727051e-01
 -9.30708505e-01
 -1.80250564e-01
  1.08922357e+00
  6.00460785e-01
 -1.29904550e-01
  1.59349242e-01
 -1.61260289e+00
 -3.64469728e-01
  2.20567829e+00
 -4.20889314e-01
 -8.02018146e-01
  1.73655303e-01
 -7.28699817e-01
 -1.06222072e+00
  1.86759200e+00
  1.55377310e-01
  8.38509123e-01
  3.15709308e-01
 -3.43632690e-01
  6.49897907e-02
 -5.25192048e-01
  1.05287140e+00
 -6.60575477e-01
  1.21808944e-01
 -1.23753609e+00
  2.20556065e-01
  1.92431528e+00
 -2.07731612e+00
 -1.11859209e-01
 -1.03212560e+00
 -5.57901141e-01
 -1.82440388e+00
 -6.07401195e-01
 -2.81879643e+00
 -7.82377251e-01
 -6.94499230e-01
 -4.24170479e-01
  4.77360440e-01
  1.14596891e+00
 -1.09164634e-01
 -7.27318648e-01
 -1.14514968e+00
  7.70847415e-01
  1.17487971e+00
 -7.57833453e-01
 -1.45433225e+00
  1.28537772e+00
  2.87492477e-01
  5.84367065e-02
 -1.06129239e+00
  2.54687528e+00
 -7.12920255e-01
 -9.70491405e-02
  6.44847228e-01
  1.16414562e+00
  1.14832800e+00
 -2.10070663e+00
  1.68175150e+00
 -6.86724729e-01
  1.16663038e+00
 -2.52693365e-01
 -1.21613490e+00
 -4.92470615e-01
  3.56119044e-01
  2.81570156e-01
 -1.61576591e+00
  2.12946713e+00
  5.07700331e-01
  1.63901030e+00
 -1.46506846e+00
 -4.32337884e-01
  9.70372309e-01
 -7.67433671e-01
  8.44183782e-02
  3.96954915e-01
  5.41799857e-01
 -1.19137570e+00
 -1.50513256e+00
  2.60829838e-01
  3.92229217e-01
  4.25425935e-02
 -1.15267738e+00
  3.21860619e-04
 -1.44560584e+00
 -1.97143631e+00
 -2.93986068e-01
 -3.22978820e-01
  7.21439347e-01
  3.76705032e-01
 -6.09296139e-01
 -5.27666001e-01
 -1.06331999e+00
  1.04068685e-01
  6.73368784e-01
 -8.54864389e-01
 -4.01206299e-01
 -3.37897681e-01
  6.42847455e-01
  2.44980169e-01
 -5.80783646e-01
 -4.08753939e-01
  3.21034466e-01
  9.88645488e-01
 -3.49786297e-01
 -4.21033644e-01
 -2.50505444e+00
 -3.99576437e-01
  9.03747399e-01
 -4.59658667e-02
 -4.73520644e-01
 -1.80793586e+00
 -4.92476944e-01
  2.86626538e-02
 -4.85399613e-01
 -6.25124442e-01
 -1.72022256e+00
 -9.12305552e-01
  5.72738100e-01
  1.46174711e+00
  1.37675361e+00
  3.19339626e-01
 -2.71737853e-01
  1.36110535e-01
 -3.96917880e-01
  2.60103168e-01
 -5.45659579e-01
 -1.68524658e+00
  3.92624831e-02
  9.98056106e-01
 -1.89544735e+00
  3.20551080e-01
 -8.20090084e-01
 -6.70676662e-01
 -1.40094293e-01
 -7.88326877e-01
  9.16563100e-01
 -2.72792867e-01
 -9.86218353e-01
 -3.84822182e-01
  1.17864233e+00
  1.42386705e-01
 -4.13038236e-01
  3.52427353e-01
 -4.60448815e-01
  5.62672688e-01
 -2.02087737e+00
  2.33246903e-01
  6.54843300e-01
  5.96951962e-03
 -6.90578972e-02
 -6.79718988e-01
 -1.67995341e-01
 -1.37111821e-01
  4.32454307e-01
  3.39840032e-02
 -1.99372631e+00
  1.86607792e+00
 -9.13915587e-01
  1.50504927e+00
 -7.41982751e-01
  4.30762974e-01
  1.14918315e-01
 -4.93641676e-01
  4.48142013e-02
  3.13842519e-01
 -2.16589209e+00
 -1.55491956e+00
 -8.07094063e-02
 -5.38048919e-01
  6.47499237e-01
  1.18087488e+00
 -1.83435946e+00
  2.53304473e-01
  2.16050377e-01
  1.14087456e-01
  1.29805562e+00
  1.34210370e+00
  3.31781826e-02
  1.66675182e+00
  7.34897311e-01
 -5.83983874e-01
 -2.56489191e-02
  4.74191920e-01
  2.77143325e-01
  8.30172818e-01
 -1.47384083e-01
  2.24770062e+00
  1.69540661e+00
 -1.15318895e+00
 -1.23637449e+00
 -9.63649130e-01
 -2.77642536e-01
  3.98630401e-01
  9.68148156e-01
 -7.54017838e-01
  1.27754397e+00
  1.31824963e+00
  1.68290726e-01
  2.32355104e-02
 -4.68008093e-01
  1.90299653e+00
  4.74317026e-01
  2.48163759e-01
 -8.08766267e-01
  7.46701488e-01
  1.23314354e+00
 -8.44914968e-02
  3.32262782e-01
  7.76205745e-01
 -1.87327749e-01
 -7.51995249e-02
  3.65287189e-01
 -1.00538885e-01
  1.02305412e-01
  4.42807298e-01
 -6.54822771e-01
 -4.25683633e-01
  2.27894722e-01
  8.14484510e-02
 -1.15035282e+00
 -1.61344320e+00
  1.56094815e+00
 -8.45538842e-03
 -1.21396608e-01
  5.29996152e-01
  4.67135410e-01
  2.36242751e-01
  6.73738263e-01
 -9.70872943e-01
 -9.52387591e-01
 -1.01043021e+00
 -3.83787551e-01
  5.36385191e-01
  3.74480175e-02
  4.15086791e-01
  3.73490003e-01
 -3.25190298e-01
  1.42044682e+00
  8.14234200e-01
 -3.03533719e-01
  5.51920316e-01
  2.35080198e+00
 -5.43482551e-01
  1.33746234e-01
 -1.46750913e+00
 -1.92189551e+00
 -1.09756945e+00
 -8.43232580e-02
  4.71615120e-01
  1.13212232e+00
 -3.39356982e-01
  1.10587078e+00
  3.53871695e-01
 -1.69196118e+00
  3.37427750e-01
  2.16169050e+00
  6.68791165e-01
  1.42236459e+00
 -1.47388906e+00
  8.08510629e-01
 -1.80453215e-01
 -1.01321808e+00
  9.30196897e-01
  1.58793089e+00
 -7.93773840e-01
  7.29517861e-01
 -3.00548025e-01
 -1.25356740e+00
  2.03811692e-02
 -1.82856276e+00
 -5.08439405e-01
 -1.17850826e+00
  5.35194195e-01
 -9.13882299e-01
 -3.56614021e-01
  1.59619043e+00
 -9.95799925e-01
  3.32579856e-01
  1.17682487e+00
  1.80564434e+00
 -2.49592721e-01
 -1.88624695e+00
 -1.09298636e+00
 -4.04561051e-01
  3.51682789e-01
  6.44043936e-01
  1.02092667e+00
 -1.42194991e+00
 -5.56425512e-01
 -1.40251059e+00
  1.20903096e-01
  3.22052745e-01
  1.20688122e+00
 -9.17430202e-01
  7.93619501e-01
  1.43049296e+00
  6.84797912e-01
 -1.19521383e+00
 -9.65751215e-01
 -4.00154420e-01
 -5.67919791e-01
  4.44127243e-01
  2.53661378e+00
  2.38280088e-01
 -7.27739972e-01
 -2.98150692e+00
  4.13476317e-01
 -1.10792493e+00
 -1.42983891e+00
 -1.10770969e+00
 -5.16180956e-01
 -2.69730423e+00
 -2.63864939e-01
 -7.85067244e-01
 -1.11023053e+00
  6.01320463e-01
  4.48150125e-02
 -9.23864714e-01
  7.40374701e-01
  1.78718539e-01
 -3.20545219e-01
  7.90439362e-01
  2.08087125e-01
  1.28631002e+00
 -1.02483937e+00
  1.52030854e+00
 -5.93440340e-01
 -9.26304913e-01
  4.98391904e-01
  3.43788877e-01
 -1.22302136e+00
 -3.86064605e-01
 -1.44816366e+00
  1.41491082e+00
 -1.45431704e+00
 -5.74636814e-01
 -4.63881624e-01
  6.68166969e-01
 -7.62404612e-01
 -3.20312288e-01
 -9.03694693e-01
  1.88965557e-01
  1.22191767e+00
 -2.19508489e-01
 -1.91432818e-01
 -6.55376169e-01
 -1.34521133e+00
  3.31731780e-01
 -6.67748520e-01
 -1.07745439e+00
  7.92054553e-01
 -6.20364686e-01
 -8.49313196e-01
  3.23194542e-01
 -6.07490860e-01
 -9.46452590e-01
 -1.49406974e+00
 -1.81317979e+00
  1.50072613e+00
  1.41099796e+00
