  4.27007841e-01
  3.65954221e-01
  2.78653008e-01
 -1.57094481e+00
 -1.04520263e+00
  1.41651412e+00
 -7.07595024e-01
  1.56290329e-01
 -7.90621784e-01
  2.16287866e-01
 -2.79994414e-01
  4.24784807e-01
  1.37671656e+00
  4.65962262e-01
 -8.00090525e-01
 -1.30452285e+00
  2.59904628e-01
 -3.03807940e-01
 -1.08463310e+00
  1.16200023e+00
 -2.76023865e-01
 -2.04125048e+00
 -1.65662588e+00
 -6.06502502e-01
 -1.50042788e+00
  1.32264849e+00
 -5.88472056e-01
 -1.70591481e-01
 -7.28175669e-01
 -1.74817797e+00
  1.73203160e-01
 -1.44396927e-01
 -6.95032729e-01
  1.00907704e+00
 -1.52228304e-01
 -6.58823347e-01
  4.29676302e-01
 -8.83519580e-01
 -4.50638102e-01
 -4.25643603e-01
 -2.97557169e-01
  1.22774145e+00
  8.92396167e-01
 -3.17114309e-01
  9.88988372e-01
  7.21319499e-01
 -7.73318292e-01
 -2.89765940e-01
 -1.03339561e+00
 -1.74071094e-01
  2.02091678e+00
 -4.15505779e-01
 -6.04811190e-02
  8.82817291e-01
  1.99968418e+00
 -5.37589996e-01
  8.95219188e-01
 -1.40023400e+00
 -7.73098416e-01
  3.26799153e-02
  2.72305464e-01
 -5.57632857e-01
 -7.40806466e-01
 -1.07775417e+00
  3.31448378e-01
  1.23533783e-01
 -4.74698697e-02
  1.08425277e+00
  3.73327211e-01
 -6.53978137e-01
  1.28331318e-01
 -1.09152424e+00
  9.33543843e-01
 -9.74812717e-01
  3.26029187e-02
  1.42579320e-01
 -4.64923580e-01
  1.01874923e+00
 -1.62212204e-01
  1.28223115e+00
  4.94905062e-01
 -4.44412276e-02
 -2.21793488e+00
 -1.35793397e+00
  5.80986052e-01
 -1.42864591e-01
 -2.70595982e+00
 -4.28734261e-01
 -1.23556974e+00
  2.94374917e+00
  9.69895333e-01
 -5.31029640e-01
 -1.58269822e+00
  1.74888149e-01
  9.02081112e-01
  3.09403714e-01
  1.49165730e+00
  1.95030560e+00
  1.10939063e-01
  1.83844638e+00
 -7.42645597e-01
  1.15144804e+00
 -1.43835794e+00
 -8.65480066e-01
 -8.77470305e-01
 -1.08266364e-01
  4.61261376e-01
  1.17572430e+00
 -7.26577226e-01
  1.55845875e+00
 -4.19828816e-01
 -8.08354910e-01
 -7.82830081e-01
 -3.74643095e-01
  5.55056884e-01
 -5.25529537e-02
  3.57989335e-01
  2.35332161e+00
 -1.03018736e-01
 -3.63803419e-01
 -7.54608184e-01
  8.02447410e-01
 -1.06987855e+00
 -1.09901046e+00
 -5.55693165e-01
  1.90508538e-01
 -5.33438740e-01
  8.27639736e-01
 -1.54702935e+00
 -1.82459517e+00
  5.79058756e-01
  1.47487383e+00
 -5.38479472e-01
 -1.28826132e+00
 -4.75980434e-01
 -8.42724826e-03
 -4.08404189e-01
  3.69257564e-01
  3.64213443e-01
 -1.61420423e+00
 -5.10693250e-01
  1.07231002e+00
 -1.42023504e-01
  1.26189727e+00
 -9.08057337e-01
  4.05533830e-01
  1.36045548e+00
 -1.57165724e+00
 -1.17601832e+00
 -5.32651147e-01
 -6.43477397e-01
 -7.40107801e-01
  5.70613557e-01
  1.12910258e+00
 -1.22022362e+00
 -1.19160499e+00
 -5.06785710e-01
  2.60804856e-01
  7.29807412e-01
 -6.81618417e-01
 -2.64930729e-01
  1.61438806e-01
  1.53393117e+00
  3.73957121e-01
  1.95943519e+00
  9.26989213e-01
 -1.20847294e+00
  1.51735452e+00
  1.89199911e+00
 -5.58621417e-01
  1.68432423e-01
  2.97553613e-01
  6.33973711e-01
  1.16270517e+00
  1.24822467e+00
  6.52455287e-01
 -1.47522826e-01
  5.27409350e-01
  1.06894013e+00
 -4.41392377e-01
 -7.55050950e-02
 -1.38175716e+00
  1.64716908e-01
 -6.34298480e-01
 -4.16772862e-01
 -9.63897738e-01
 -1.89060080e-01
 -1.94355637e+00
  7.19897333e-01
 -1.01722942e-01
  6.52635379e-02
  1.95315050e+00
  1.16708182e+00
  9.67794293e-01
 -3.28560453e+00
  6.52682015e-01
  1.58007455e-01
  1.24505517e-01
  7.18946982e-01
 -5.14959670e-01
  8.37012159e-01
 -1.94498624e-01
  1.18968157e+00
  1.76402716e-01
  9.26481107e-01
  1.82895531e-02
 -1.28879680e-01
  7.12641286e-01
  3.54960532e-01
 -5.32524051e-01
 -6.40040066e-02
  8.55296781e-02
  4.98134831e-01
  1.69316673e-01
 -2.14228492e+00
  3.10298289e-01
 -5.91229036e-01
  2.20884600e+00
 -1.18614502e+00
  9.24461931e-01
  8.20202033e-02
  2.17127354e+00
  5.04947874e-01
  1.52824987e+00
 -8.09959210e-01
 -1.03145085e-01
  1.06656182e-01
 -6.24961010e-01
  5.58087778e-01
 -7.73226049e-01
 -7.77404208e-01
  1.95057759e-01
  9.65719071e-01
 -9.70541006e-01
 -8.97052130e-01
  4.77917927e-01
  7.49931245e-01
  3.32759143e-01
  4.52869716e-02
 -8.75329786e-01
 -1.53878040e+00
  1.61697317e+00
 -3.95747643e-01
 -3.26023235e-01
  2.51748452e-01
 -2.10980310e+00
  6.90030979e-01
 -1.90327749e+00
 -1.31052679e+00
 -7.59765333e-01
 -1.37794511e+00
 -1.17581249e-01
  2.92902676e-01
  2.25819214e+00
 -2.37872113e-01
 -3.12549001e-01
 -1.71547231e+00
 -5.62274695e-01
  1.17966468e+00
 -1.61745932e+00
 -7.18446276e-01
  8.52226078e-02
  9.92501120e-01
  7.42520593e-01
 -8.97049419e-02
  1.16490668e+00
 -5.69581271e-01
  3.35423942e-01
  3.80077732e-01
 -4.65161269e-01
  6.89262050e-01
 -2.47586775e-01
 -1.73393239e+00
  7.39932443e-01
  7.30480972e-01
 -4.68404700e-01
  1.00252026e+00
 -2.21502124e+00
  2.57390581e-01
  1.09184953e+00
 -3.90850567e-01
 -2.36483033e-01
 -4.61529960e-01
  4.82883057e-01
  6.99876316e-01
 -2.04215702e-01
 -1.82150583e+00
 -1.61289367e+00
 -1.14542199e-01
 -8.35414474e-01
  1.59063954e+00
  5.89451460e-01
  1.01832486e-01
 -4.90183448e-01
  1.44222467e+00
  3.84334168e-01
  3.68548909e-01
 -8.37201153e-02
  2.65064442e-01
  8.67762778e-01
 -4.20223879e-01
  3.37999608e-01
  3.97607250e-01
  1.97225960e+00
 -5.25526225e-01
 -5.82272190e-01
 -9.57271879e-01
 -1.05128727e+00
 -4.66212519e-01
 -8.56555833e-01
 -1.68666362e+00
 -1.15488896e+00
  7.38726456e-01
 -2.73465802e-01
 -2.32272762e+00
 -1.54916350e+00
  9.63200309e-01
  2.42126945e+00
 -1.80402269e+00
 -9.14077358e-01
 -1.26609938e+00
 -2.14960984e+00
 -1.73213703e+00
 -1.90610060e+00
 -8.18361812e-02
 -6.09015625e-01
 -3.90906556e-02
 -5.76702786e-01
  9.17714872e-01
 -1.15123900e+00
  1.96239633e+00
  1.43705296e-01
 -5.62773413e-01
 -8.50219169e-01
  1.14040445e-01
  1.40792405e-01
 -9.16736228e-02
  1.78280078e+00
 -1.46540670e+00
 -6.82533134e-01
 -9.45106083e-01
 -8.84034875e-01
 -8.28666466e-01
 -4.95024521e-01
  8.12424404e-01
 -3.07965824e-01
 -7.75882952e-01
 -3.34186894e-01
 -1.03418084e+00
  1.14451457e+00
 -7.08854783e-01
  1.78401711e+00
 -8.91988595e-01
  2.82169101e-01
 -7.49656892e-01
 -3.35159340e-01
 -1.44532259e+00
  1.00579566e+00
 -9.35064635e-01
  6.53765968e-01
  1.31903428e+00
 -2.06657556e-01
 -1.77911777e+00
 -1.27277481e+00
 -7.12295641e-01
 -8.02524395e-01
 -2.10051913e+00
 -8.77974851e-01
  7.33351932e-01
  6.58520450e-01
  5.17866134e-01
 -2.07707596e+00
 -2.46703245e-01
  3.84295067e-01
  1.59450651e+00
  2.52126119e-02
 -4.90081154e-01
 -6.85287709e-01
  9.97091114e-01
 -1.17679925e+00
  1.72507446e-01
  1.07064917e+00
  1.58432842e-01
  7.77552889e-01
  1.99108073e+00
  1.12134073e+00
 -1.21111574e+00
  5.96041669e-01
  2.83618513e-01
  2.40248519e-01
 -2.16804147e-01
 -3.17186323e-01
 -2.67764621e-01
 -5.26461833e-01
  1.48732751e+00
 -1.66743636e+00
  3.74411937e-03
  9.71819032e-01
  3.68685644e-01
  7.37858366e-01
 -3.56159897e-01
  8.02650885e-03
 -1.10979544e+00
 -1.24633730e+00
 -1.90037147e-01
 -4.08413071e-01
  1.48672988e+00
  9.54092725e-01
  8.31640811e-02
 -7.21273738e-02
 -8.33245313e-01
 -4.68109085e-01
  1.39215417e-01
  2.31824231e+00
 -2.06515506e-01
 -1.23643667e+00
  2.87048740e-01
  7.74905223e-01
  6.17773727e-01
  1.62213803e-01
  1.87334678e+00
 -1.52420063e+00
 -5.48989760e-01
  2.20673187e-02
 -4.37676245e-01
  7.24311281e-01
 -1.39964126e+00
  6.15795150e-01
  1.79417370e+00
 -9.11734122e-01
 -1.06584153e+00
  8.89338253e-02
  6.19294781e-01
  8.47756995e-01
  1.39414396e-01
 -7.97820756e-01
 -4.51919544e-01
 -1.86854064e+00
 -9.95143306e-02
 -4.00910692e-01
 -3.77754297e-01
 -1.24696444e+00
  1.41712070e+00
  5.99213553e-01
 -2.45912724e+00
 -1.33170213e-01
 -4.18753599e-01
 -9.25659436e-01
  1.11832635e-01
 -9.69678944e-02
  2.14416669e+00
  7.30106046e-01
 -1.71880873e-01
  5.27406631e-01
  4.16908624e-01
  2.96430372e-01
 -1.94699813e-01
  4.43732434e-01
 -1.24349767e+00
  4.54069640e-01
 -1.96092421e+00
 -9.76318008e-01
  9.78862898e-01
  1.02046511e-01
  4.52168752e-01
  5.99755372e-01
  1.09436403e+00
  9.32800402e-02
  8.57724091e-01
 -1.87456553e+00
 -5.78608956e-01
 -1.08643336e+00
 -9.92201389e-02
 -1.17352602e+00
 -3.71272953e-01
  8.24114060e-01
 -1.92504667e+00
 -1.08411221e+00
  1.43731587e+00
  5.37621980e-01
 -2.19653812e-01
 -1.84149142e+00
  3.93028839e-01
 -6.05226881e-01
  3.21702867e+00
  6.34059618e-01
  1.03062397e+00
  8.75477673e-01
 -1.57641729e+00
 -1.98419878e+00
  5.46456735e-01
 -4.91767499e-01
 -3.01253356e-02
  2.26642182e+00
  3.72034074e-01
  1.26455818e+00
  4.92392939e-01
  1.12756453e+00
 -1.43249896e+00
 -7.97239565e-01
 -2.84023599e-01
  1.99521123e+00
 -5.19174822e-01
 -1.19316215e+00
 -2.10146141e-01
  3.87713044e-01
 -4.48813880e-01
 -2.16312345e+00
 -5.80116148e-02
  1.35390778e+00
 -5.09150649e-01
  4.17449986e-01
  1.86837520e-01
 -7.82027179e-01
 -8.09428031e-01
  5.12287861e-01
 -1.33651866e+00
  1.56116050e+00
 -1.01356646e+00
 -3.85797383e-01
 -9.59797905e-01
 -8.18703949e-02
  2.04090712e+00
 -3.30935138e-01
  7.46260752e-02
  3.93061431e-01
 -1.76706718e+00
 -1.37620263e-02
 -1.38538164e+00
  2.15757816e+00
 -1.30033174e+00
  1.36694812e+00
  8.26923593e-02
  1.77393566e-01
 -1.93572618e+00
 -7.92412233e-01
 -8.74994224e-01
  6.14293592e-01
  1.83043904e-02
  4.35551201e-01
 -1.48060300e+00
 -5.71375908e-01
 -4.93634728e-01
 -3.83501866e-01
  4.69413426e-01
  4.47560334e-01
 -8.30559353e-02
 -1.23104452e+00
  1.01691204e+00
 -1.57059974e+00
 -1.90687710e+00
 -5.15347431e-01
  6.28655932e-02
  1.46166527e-01
  9.09026201e-02
 -7.79041525e-01
  3.10146334e+00
  1.29110399e-01
  2.24096545e-01
  1.96022693e+00
 -1.38284208e+00
  1.91550594e-01
 -1.77519820e-01
 -9.22820502e-02
 -3.38978161e-01
 -6.88457778e-01
  9.24256430e-01
 -1.50160507e+00
 -7.84920981e-01
 -1.35137742e+00
  1.03847279e+00
 -3.26505371e-01
  1.08106707e-01
  1.61617392e-01
 -2.50552126e-01
  1.77745251e-01
 -1.36745151e+00
 -1.74722803e-01
  1.37747218e+00
  3.67992959e-01
 -8.69107764e-01
 -8.87276148e-01
 -2.18554720e-01
 -2.40620580e-01
 -4.65675571e-01
  1.58836799e+00
 -7.63290551e-01
  9.93043687e-01
 -1.12599183e-01
  2.63618868e+00
  8.60245948e-01
  2.71772933e-01
 -2.13626205e+00
  6.20680159e-02
  9.41916301e-01
 -4.78292826e-01
  9.88124394e-01
  1.05250001e+00
 -1.11767172e-01
  2.27783838e+00
  3.81604157e-01
  1.34932370e-01
  4.69857778e-01
 -1.03377499e+00
 -1.01293264e+00
 -2.75540897e-01
  1.08095794e+00
  7.70621088e-01
  7.47653940e-01
 -3.60632273e-01
  9.52292126e-01
  4.71325077e-01
  8.11134365e-01
  8.58464851e-01
 -2.33029767e-01
  1.22763615e+00
  1.84155875e+00
  1.29658261e+00
 -1.51497894e+00
 -1.70565628e+00
  1.29419890e+00
  3.40172770e-01
  1.58362444e+00
 -2.96208121e-01
  1.61106150e-02
 -3.43626436e-01
 -6.61525941e-01
 -1.56067351e+00
  5.61435790e-01
  4.31337331e-01
 -9.34643401e-01
 -1.03579936e+00
  1.40464051e+00
 -6.27664325e-02
  6.67808387e-02
 -7.89545117e-01
 -4.40386829e-01
 -6.64304144e-01
  7.98208512e-01
 -3.33389493e-01
 -1.93819272e+00
 -2.53715161e-01
 -3.70598986e-01
 -6.02843226e-01
  1.08516564e+00
 -5.72249325e-01
 -7.11347583e-01
  1.41269382e+00
  1.07391797e-02
 -2.18891857e-01
 -1.91464890e-01
  1.80500822e-01
  1.03387847e+00
  1.00592830e-01
 -7.87430120e-02
  1.05798755e+00
 -1.16447369e+00
  4.20668791e-01
  5.04177689e-01
 -1.51764871e-01
 -1.40150114e+00
  7.56114284e-01
 -1.49746344e+00
 -2.12388793e-01
  1.15820525e-01
  1.51582887e+00
  2.93269370e-01
 -9.76242013e-01
  9.07385507e-01
  1.40644881e+00
  9.43211509e-01
 -3.85888751e-01
 -1.24059003e+00
 -1.79746285e-01
 -1.03277850e-02
 -1.15898950e+00
  3.87726220e-01
 -8.11992571e-01
  1.26111315e+00
 -4.95622018e-01
 -1.67700625e+00
 -2.07731571e-01
  8.87465505e-01
 -2.16952142e-01
  7.23737038e-03
 -9.46536063e-01
 -5.29829192e-02
 -1.47141587e+00
 -1.93666694e+00
 -1.79076546e-01
  1.84426520e-02
  1.16696508e-01
 -1.39036421e+00
  1.84165885e-01
  5.93192702e-01
 -3.32584359e-01
 -3.83331376e-01
  7.57538449e-01
 -2.39851962e-01
  2.49048774e-01
 -6.45439766e-01
 -2.03043454e+00
 -7.92898541e-01
 -1.50270033e+00
 -2.60272203e-01
  5.20291664e-01
 -1.45042678e-01
  8.76409150e-01
 -9.66271260e-01
  1.86456078e-01
 -4.65711310e-01
  5.42377520e-01
 -7.64557205e-01
 -1.63242018e+00
  1.67153101e-01
  8.97790518e-02
  4.09035494e-01
 -2.18676452e+00
  5.57104446e-01
  1.28532589e-01
  7.52141656e-01
 -4.06834247e-01
 -9.09936267e-01
  4.78385507e-01
  1.77332831e+00
 -4.79919084e-01
 -4.92116507e-01
  3.81700794e-01
  2.90903769e-01
  4.98640892e-01
  7.29348188e-01
  7.44614374e-01
 -4.04248188e-01
 -3.04265010e-01
  6.71020189e-01
 -4.86623644e-02
  1.46297045e+00
 -6.30282196e-01
 -5.94620360e-01
  7.41932292e-01
 -1.37504818e-01
 -8.51966305e-01
 -1.61448661e+00
 -1.20916441e+00
  6.82237032e-01
  5.33671631e-01
 -2.65898371e+00
  8.93272020e-01
 -8.19276389e-01
 -1.28121443e+00
  2.14069963e+00
  1.88356577e+00
 -7.66165301e-01
  1.04906177e+00
  2.76843410e-01
 -4.69485451e-01
  1.61325167e-01
  6.50726565e-01
 -3.22642267e-01
  1.62675230e-01
  1.94877956e-01
 -1.80328536e+00
 -8.07243650e-01
  1.78097650e+00
 -2.42937743e-01
 -4.67246713e-01
 -1.43144761e+00
  7.12105390e-01
  6.87804931e-01
 -7.07883342e-01
  3.91672521e-01
 -5.75360426e-01
 -1.70409298e-01
  5.32642639e-01
  4.43950778e-01
 -4.13271431e-01
  1.56825245e-01
 -4.99047207e-01
  2.57147251e-01
 -6.05364220e-01
 -7.24888062e-01
  1.56502467e+00
  4.23770434e-02
 -1.98800911e-01
  1.13459582e+00
 -4.64283898e-01
  2.66092371e-01
 -5.61643108e-02
  2.48362676e+00
  6.98016176e-01
  1.44932082e+00
 -9.38976386e-01
 -6.97496714e-01
 -6.12964133e-01
  3.76235713e-02
 -9.65074792e-01
  4.03933588e-01
 -1.60974130e+00
 -4.47343005e-01
 -2.73863941e+00
  7.72722212e-02
 -1.31977915e-01
 -1.88433331e+00
  1.22103718e+00
  7.01227709e-01
 -3.07086969e-01
 -1.58397377e+00
  2.03016006e-01
  1.08525914e+00
 -3.56196761e-01
  7.38549619e-01
 -4.79061337e-01
 -5.04928438e-01
  2.23078514e-01
  4.99060729e-02
  6.10298055e-01
 -9.90081896e-02
 -1.49034907e-01
 -6.04393671e-02
 -1.28830678e+00
 -5.73164295e-01
 -8.97050963e-01
  5.35048976e-01
  1.48191162e+00
  1.83346456e+00
  1.07107708e+00
  5.42829646e-01
  1.24923054e+00
  1.62840838e-01
  3.76173462e-01
 -3.04560222e-01
 -4.94175825e-01
  1.65321147e-01
  1.68976140e+00
  1.85738437e-01
  9.48793912e-01
  4.65468360e-01
  1.03754755e+00
 -5.80863193e-01
 -8.28153422e-01
  1.59686683e+00
  1.04934110e+00
 -4.59727445e-01
  3.37257146e-01
 -5.89300451e-01
 -1.01321395e+00
 -4.53835640e-01
  1.41016101e+00
 -5.94443180e-01
 -7.43913606e-01
 -1.24999583e+00
 -9.55211975e-01
  7.05818392e-01
 -2.09600498e+00
  1.55641390e+00
 -9.55489766e-01
  1.15772448e+00
 -1.82425522e-01
  9.85600358e-01
  1.04912496e+00
 -1.78844738e+00
 -2.73310555e-01
 -4.61798234e-01
  3.05069390e-01
 -4.22661103e-01
 -1.61267711e+00
  1.79360381e+00
  8.82102276e-01
 -6.62479950e-01
  1.09185446e+00
 -1.24693813e+00
  1.46147581e-02
 -6.64791119e-01
  1.78047306e-01
  4.96505911e-01
 -9.60237338e-02
 -6.40017055e-01
  4.37215200e-01
  1.56400053e-01
  7.28976891e-01
 -2.94353424e-01
 -3.17316693e-02
  3.46129022e-01
 -1.17497558e+00
  4.60749779e-01
 -9.71271705e-01
  1.81398289e+00
  6.63002437e-01
  8.73314316e-01
 -7.82694456e-01
 -3.04789583e-01
 -1.61030676e+00
  5.57095462e-01
  5.21838575e-01
  6.21432518e-01
  1.34206761e+00
 -5.68328129e-01
  2.16145237e-01
  1.57444332e+00
 -1.19780915e+00
 -6.58826850e-01
  1.13813530e+00
  1.26271874e-01
 -3.75770974e-01
 -4.32635644e-02
 -5.76662599e-01
  1.56734480e+00
  1.30229011e-01
 -2.95492732e-02
 -4.69541640e-01
  7.42670350e-01
  1.21042887e+00
  1.10763735e+00
 -8.41313751e-01
  5.60397240e-01
 -7.17510124e-01
  3.10150011e-01
  7.06780652e-01
  7.29641171e-01
  2.89764639e-02
  2.90432887e-01
  9.19458809e-02
  1.12476344e+00
  1.31762377e+00
  5.16085211e-01
  1.36577591e-01
  1.21006100e-01
  1.01767365e+00
  5.86829241e-01
 -1.24194476e+00
  6.96192898e-01
  3.20902434e-01
  2.85221184e-01
 -1.13540941e+00
 -9.35079309e-02
 -5.78105554e-01
  1.09509144e-01
  1.52910292e+00
 -8.54372536e-01
 -3.42345209e-01
  7.09488192e-01
 -5.02110518e-01
 -1.70583149e+00
  2.78945084e-01
  8.01751460e-01
  1.01742507e+00
 -2.51757942e-02
  5.12245844e-01
  7.37754153e-01
  4.52272569e-01
 -3.63508411e-01
  3.08152246e-01
  1.09074924e+00
  4.02472548e-01
  8.27911412e-01
 -8.60323240e-01
 -8.47907078e-02
 -7.43880556e-01
  3.08227517e-01
 -3.81458197e-01
  4.51157298e-01
 -2.47226788e+00
 -4.91769711e-02
  9.80168438e-01
 -6.04281781e-01
  1.21261979e+00
 -3.27532722e-01
  8.21484072e-01
  5.73730361e-02
  1.61697568e+00
 -5.97591411e-01
  2.48563345e+00
 -2.96459765e-01
  8.98774179e-01
 -4.11800517e-01
  4.81979444e-01
 -1.39880969e+00
 -9.43474399e-01
  4.65643741e-01
  1.82341731e+00
 -4.52366330e-01
 -5.84833328e-01
 -7.66891521e-01
  1.67033229e+00
 -2.16012329e+00
  4.67510454e-01
 -4.92296352e-01
  4.88516182e-01
 -1.22469365e+00
  9.99088455e-01
 -4.80297833e-01
 -8.17763890e-01
 -4.92849860e-02
 -1.91196851e+00
 -2.72295415e-02
  2.21364072e-01
 -1.59657469e+00
  2.69696426e-01
  7.56402373e-01
  1.28840380e+00
  1.28224865e+00
 -5.90392376e-01
 -6.60029314e-02
  1.03075730e+00
 -6.80553165e-01
 -1.80849426e+00
 -1.49844293e-01
  1.31480420e+00
  3.19005462e-01
 -9.53009220e-01
  2.11879467e+00
 -6.88480730e-01
 -2.60385211e-01
  5.53509643e-01
  6.49919627e-01
  9.54981960e-01
 -1.13708110e+00
  2.99351796e-02
 -1.13091002e+00
 -1.43602228e+00
 -2.42255141e-01
 -8.81105895e-01
  2.70947523e-01
  1.08040175e+00
 -5.26056144e-01
  3.02938493e-01
 -1.03873256e+00
 -2.85039914e-01
 -4.60812780e-01
 -5.92669138e-01
  5.18462688e-01
  1.84619592e+00
  1.34204574e+00
 -6.19167278e-01
 -9.85226433e-01
 -2.39925445e-01
  4.63415627e-01
 -1.13223704e+00
 -6.65949010e-02
 -8.78582749e-01
 -3.84156179e-01
  1.95913923e-02
  7.13968557e-01
 -5.07888564e-01
  1.84276027e+00
 -7.30597094e-01
 -2.01505694e-01
 -2.27904195e-01
  2.61870093e-03
 -1.34960272e+00
  1.68546959e+00
 -1.77802846e+00
  2.81778459e-01
 -1.59533783e+00
  5.18382341e-01
 -4.75619257e-01
  1.61049043e+00
 -4.86239156e-01
  4.73797855e-03
  1.00179686e+00
  1.47549884e+00
 -5.90991326e-01
 -1.08614989e+00
 -3.26710023e-02
 -5.32776516e-02
  1.00396115e+00
  7.86210669e-01
 -9.63090325e-01
  1.17035525e+00
  5.69927729e-01
 -1.33341043e-01
  4.12318280e-01
 -3.59088448e-01
  1.42457609e+00
  1.17961194e+00
  3.17149415e-01
 -1.80972323e-02
  4.37593781e-01
 -3.21083682e-01
 -1.64966924e+00
 -2.19472351e+00
  3.04879484e+00
  5.91968873e-02
 -1.68257378e+00
  4.35496498e-01
 -2.91962412e-01
  1.48779714e+00
  9.23686585e-01
  1.14301063e+00
 -3.39770469e-01
 -7.91941297e-02
  6.89834859e-01
 -8.45868336e-01
 -3.99375893e-01
  1.03901652e+00
  4.82084677e-01
 -1.46684270e+00
 -4.33271157e-01
  9.21748694e-01
  4.35687565e-02
  5.61774538e-01
  3.48088737e-01
  4.02108418e-01
 -9.80376380e-01
 -8.31718738e-01
  1.06545107e+00
  3.94385287e-01
 -1.25476679e+00
 -6.42484260e-01
 -4.53052268e-01
  3.71141448e-01
  1.45282737e+00
 -1.64530544e-01
  3.78993363e-01
  7.07378741e-01
 -1.64508317e-01
 -1.28254109e+00
  2.36397976e-01
 -3.46628522e-01
  4.26957822e-01
 -2.23976771e-01
  1.08650418e-01
 -8.94022982e-01
 -2.55903912e+00
  1.40476397e-01
 -1.87983489e-02
 -1.37260675e-01
 -1.39172699e+00
 -1.69577748e+00
 -1.52749895e+00
 -3.07730690e+00
  1.66726531e-01
  2.47750586e-01
  1.27671503e-01
 -1.94507430e+00
  6.34602394e-01
 -1.51389259e+00
 -4.39516140e-02
  5.61010707e-01
 -9.52671443e-01
 -1.26182150e+00
 -1.17409214e+00
 -1.17434770e+00
  1.90636922e+00
  7.51355426e-01
 -1.21198048e+00
 -1.27434440e+00
  8.62871327e-01
 -1.31761830e+00
  4.32763188e-01
  1.36224823e+00
  5.16480337e-02
  1.85259592e+00
 -7.16228060e-01
  6.12272122e-01
 -9.64094986e-01
  3.14666365e-01
 -8.27812524e-01
  8.98176631e-01
  1.08031888e-01
  8.28887448e-01
 -7.51224688e-01
 -1.87170174e-01
 -6.06361558e-01
  4.74536465e-01
  1.54044836e+00
  3.38068448e-01
 -5.49808270e-02
  1.02476692e-02
 -5.48924036e-01
 -7.18321602e-01
  2.14860635e+00
 -8.74887689e-01
  1.33815691e+00
  1.96162925e-01
  1.01543661e+00
 -1.00861666e+00
  9.83642102e-01
 -2.27897545e+00
 -7.58186789e-02
 -1.81401566e+00
  1.15882685e-01
 -1.35131928e+00
  2.00234253e+00
  3.11172407e-01
 -2.14120470e-01
  2.09884542e+00
 -1.47899310e+00
  3.82017431e-01
 -7.33500130e-01
  6.16504813e-01
  3.36983425e-01
 -4.43145217e-01
 -2.29779014e+00
 -9.28631449e-01
 -2.20619543e-01
  1.33943433e+00
  8.79368071e-01
 -1.22375930e+00
  7.03214088e-01
  1.71559305e-01
  5.01732677e-01
  8.85819318e-01
 -1.26272144e-01
 -5.26918003e-01
 -6.14010439e-01
 -6.86932685e-01
 -5.14250265e-01
 -1.24524513e+00
 -7.41101184e-02
  9.83704923e-01
 -3.65442455e-01
 -6.84263010e-01
 -5.29777728e-01
 -8.27754314e-01
  6.46043473e-01
 -4.68602097e-01
 -6.65310140e-01
  1.04588200e+00
 -5.65833611e-02
  2.87964396e-01
  3.62361748e-01
  9.07388597e-01
 -2.14661411e+00
  1.04251827e+00
  9.26280896e-01
  3.03177712e-01
 -5.22193128e-02
  6.34812150e-01
  5.21968909e-01
 -3.89837024e-01
 -2.14730412e+00
 -7.43690287e-01
  4.53486605e-01
  2.62404339e-01
  5.15127241e-01
  1.64800759e+00
  1.17046171e+00
  7.26206082e-01
 -6.53872670e-01
  1.71582293e+00
  5.32943388e-01
 -3.94730616e-01
 -8.69109813e-01
  4.96320705e-01
  3.06277570e-01
 -6.95962081e-01
  1.22590310e+00
  6.53589185e-01
 -1.90749026e+00
 -2.36870790e-01
 -5.16204481e-01
  1.19446029e-01
 -4.33055158e-01
 -3.69678963e-01
  1.11289321e+00
  4.69507457e-01
 -4.36286970e-01
 -5.42703603e-02
  6.64964456e-02
  9.09740284e-02
  9.85787174e-01
  6.11652348e-01
  5.28393934e-02
 -1.38828136e+00
 -3.90229264e-01
  3.48159456e-04
 -1.76625341e+00
 -1.72337517e+00
 -1.17924751e+00
  7.34458603e-01
  5.41159461e-01
  5.92537406e-02
  1.27547710e+00
 -7.57723773e-01
 -3.70653186e-01
  1.86054449e+00
 -4.28193764e-01
 -1.10756553e+00
 -2.87827535e-01
 -4.71270033e-01
 -2.39335151e-01
  1.28971531e+00
  1.07066701e+00
 -5.32419204e-01
  4.55107114e-02
  3.75729333e-01
  6.74341823e-02
  1.53173678e+00
 -2.15655507e+00
  1.52503985e+00
  1.23455684e+00
 -1.91924690e+00
  1.94871887e-01
  1.94037791e-04
 -5.93233513e-01
 -1.17912022e+00
  1.05223974e+00
  9.28860601e-01
  7.80999258e-01
 -1.06492257e-01
  7.67279110e-01
  1.13511476e-01
  1.29157015e+00
 -4.45663665e-01
  1.39203162e+00
 -1.53331405e+00
  1.02552197e+00
  2.45826882e-01
 -1.00592506e+00
  1.77322192e-01
  1.24884595e+00
 -5.20262217e-01
  1.31601595e+00
 -3.80396371e-01
  1.47051782e+00
 -7.30744453e-01
  9.74959383e-01
  3.34730936e-01
 -4.98015628e-01
 -6.48917968e-01
 -1.47398211e+00
  2.55874725e-01
  4.70458080e-01
 -1.16271681e+00
  7.41627093e-01
  6.18528886e-01
  1.53518562e+00
  2.16689588e-01
 -1.64098453e+00
 -2.86417849e-01
  6.26988433e-01
  3.25913107e-01
  6.29740540e-01
  1.59613478e+00
  3.67175091e-01
 -1.07336978e+00
  6.24381191e-01
  6.04822374e-01
 -7.44118733e-01
  1.18814749e+00
  2.09860228e+00
  5.77406076e-01
 -6.51709545e-01
 -1.03503819e+00
  1.44023236e-01
 -6.42153477e-01
  6.29126360e-01
  1.26973640e+00
  1.33076012e+00
  3.44426860e-01
 -1.29032257e+00
  1.81754416e+00
 -1.09900105e+00
  7.13283436e-01
  3.43724034e-01
  8.16529706e-01
 -3.06520232e-01
  1.66042200e+00
 -2.05671773e+00
  1.08089127e-01
  1.17649142e+00
 -1.28265332e+00
  2.05263800e-01
 -8.45310728e-01
  1.12740163e-01
  5.13330889e-01
  1.29786989e+00
 -2.84569779e-01
  9.59605993e-01
  4.13353432e-01
 -6.47641928e-01
 -1.69977247e+00
  3.45575189e-01
  2.22548605e+00
 -5.88561619e-01
  3.31846838e-02
  1.76010692e+00
 -1.27627337e-01
 -1.44342950e+00
 -7.20980919e-01
 -1.08576166e-01
 -5.74128759e-01
 -5.44168569e-02
 -1.00806431e+00
  9.52085613e-01
  1.54351351e+00
 -3.44473475e-01
 -9.11839298e-01
  1.01506353e+00
  1.76381555e-01
  7.26190563e-01
  1.88790068e+00
  1.49591044e-01
  3.14989527e-01
  3.82183081e-01
 -2.96483451e-01
  1.39300228e+00
 -8.82864414e-01
 -9.18056334e-01
  5.06480121e-01
  1.58395690e-03
 -1.21863231e+00
  9.40400981e-01
  8.82051119e-01
  6.76287415e-01
 -1.47878471e-01
  2.11876536e+00
  4.89358349e-01
  1.52047629e-01
 -2.11638625e+00
  7.60758758e-01
 -7.54454434e-01
 -2.45735947e-01
 -4.83774477e-01
 -4.68116007e-02
 -1.01954412e+00
 -1.38283403e+00
  1.50140880e-01
 -1.21901150e+00
 -2.31221453e+00
 -4.53548503e-01
  1.69796741e+00
  8.44807408e-01
 -3.28417527e-01
  1.85680246e+00
 -3.88903307e-01
  1.59933330e-01
 -1.86975950e-01
 -1.86398197e+00
 -8.13595092e-02
 -6.22458341e-02
 -5.32365995e-01
 -1.57481219e+00
  1.79613477e+00
 -1.76882835e-02
  4.40180129e-01
  7.65281046e-01
 -2.08020294e-01
  1.33979754e+00
 -5.10165322e-01
  1.91595925e+00
  3.98419417e-01
  4.14374291e-01
  3.74572511e-01
 -6.64589083e-02
 -1.65653927e-01
  1.13912136e+00
  8.63356821e-01
  1.05666340e+00
 -1.40106719e+00
 -9.67130411e-01
  1.07844176e-01
 -2.95059816e-02
 -5.30792639e-01
  2.54749426e-01
  6.48273599e-01
 -5.16284130e-01
  2.90163871e-01
 -4.43323830e-01
  3.35803224e-01
 -4.01207103e-02
  2.62478984e-01
  5.85130923e-01
 -9.92384726e-03
  3.86744129e-01
 -7.17292772e-01
 -6.83216900e-01
 -1.47100367e+00
 -1.01039297e+00
  9.17248736e-01
  9.46854512e-01
  3.99962512e-01
 -1.21808971e+00
  7.71497673e-01
  3.18663469e+00
 -3.45656489e-01
  1.71770460e+00
 -6.24682149e-02
  7.22382161e-02
 -2.70872815e-01
 -1.60150178e+00
  7.33131045e-01
  4.84620569e-01
 -3.68760415e-01
  1.92650203e-01
 -1.04032594e+00
  2.94447779e-01
  5.08322050e-01
 -4.60743653e-01
  5.99712408e-01
  4.79987097e-01
  1.68329906e+00
 -1.82191474e+00
 -1.64722158e+00
 -9.05895536e-01
  1.18707593e-02
 -2.58622043e-02
  1.34927833e-01
 -7.40426050e-01
 -3.99707497e-01
  1.22947937e+00
 -7.93507041e-01
 -1.10024378e+00
  9.21925719e-01
 -9.91917481e-01
  9.15700312e-03
 -1.57588699e+00
  5.47168859e-01
 -1.28323523e-01
  9.37918180e-01
 -8.27211137e-01
 -6.45004798e-01
 -4.54685851e-01
 -5.23305190e-01
 -1.41419922e+00
  2.05973905e+00
 -2.23033125e+00
  3.15195910e-01
 -8.03699525e-01
 -6.10183284e-01
  1.38110250e+00
 -7.08268528e-01
  3.50071541e-01
 -5.76285874e-01
  8.74133948e-01
 -1.95675218e+00
 -1.04429959e+00
 -9.45201840e-01
 -1.07380892e-01
 -3.25379940e-01
 -4.07313573e-02
 -4.38157991e-01
  1.88699605e+00
 -2.31624715e+00
  8.07206882e-01
  7.13020534e-01
  7.05817215e-01
 -5.22089157e-01
  7.86577365e-02
 -2.27760507e-01
  1.81598924e-01
 -5.37800338e-01
 -4.87172149e-01
  1.10266879e+00
  1.04410266e+00
  1.10803035e-01
  1.54718865e-01
  5.52019864e-01
  1.26092782e+00
  8.71504233e-01
 -1.46898515e+00
  1.18146665e-01
 -2.91109886e-01
 -1.24488544e+00
 -5.73900494e-02
  1.58946200e-02
 -6.59235398e-02
  2.32102128e-01
 -4.22969206e-01
  1.40267300e+00
 -1.36756868e+00
 -5.64834864e-01
 -1.65764131e+00
 -4.87933988e-01
  4.41401605e-01
 -9.04696145e-02
  1.85670493e-01
 -5.64280609e-01
  1.61019161e-01
  1.00300629e-01
  1.05767867e+00
 -1.02317839e+00
  1.82651769e-02
 -1.19568946e+00
 -5.26709743e-02
 -2.80720331e-01
 -3.63775549e-01
  3.23958822e-01
 -5.68443613e-01
  8.57807343e-01
  1.92627140e+00
 -1.04744582e+00
  9.04334755e-01
  2.37341260e-01
  4.62554688e-01
 -1.64950778e+00
  1.51855745e+00
 -1.11485875e-01
 -7.69798933e-01
 -9.68327525e-01
  1.87614791e+00
  1.15859096e-01
 -9.78920493e-01
  8.78532561e-02
  1.34687806e+00
 -1.34784179e-01
 -2.82254379e-01
  4.35355569e-01
 -5.46767361e-01
 -6.73129203e-01
  1.08719832e+00
  2.71461902e-01
  5.77830233e-01
  7.80199839e-01
  1.18629309e-01
  3.29545535e-01
 -1.30537390e+00
  3.84058266e-01
  1.33853456e-02
 -7.00478368e-02
  2.96299609e-01
  1.29516362e+00
  3.27347549e-01
 -1.03021993e+00
 -3.62847198e+00
  9.95363821e-01
  1.39846902e-01
  1.66660096e+00
  2.81073763e-02
  1.00345904e+00
 -2.23458294e-01
 -5.24777235e-01
  1.28021529e-01
 -9.79564284e-01
  1.24134777e+00
  1.15443390e-01
  7.64155874e-04
  9.25248201e-01
 -1.51001176e+00
  8.94352820e-01
 -2.86792139e-01
  3.17001864e-01
  1.47850707e+00
  1.24536418e-01
 -1.77749169e-01
 -1.09020679e+00
 -2.39521975e+00
 -3.21072664e-01
 -2.22517755e-01
 -1.07087217e+00
  4.51434822e-01
  4.13284715e-01
  1.79375854e+00
  4.02493723e-01
  1.96409838e+00
 -5.10150564e-01
  5.61776993e-01
  1.06614444e+00
  6.29109914e-02
  6.50909853e-01
  1.34274661e-01
  1.62953498e+00
 -4.99154104e-01
  1.25669535e-01
 -3.79133200e-01
  3.73747153e-01
 -3.05653658e-01
 -1.14071979e+00
  1.25805708e+00
  1.01620803e+00
  1.37598109e+00
 -1.81152194e+00
 -8.29962969e-01
 -8.29854084e-01
  5.43643903e-01
  6.92433948e-01
  3.68467090e-01
 -1.57799177e-01
 -1.17468862e-01
 -3.83806006e-01
  8.84248103e-01
 -9.44804442e-01
 -7.94658167e-01
  5.95552095e-01
  1.14554051e+00
 -1.63525186e+00
  1.65159303e+00
 -9.67313200e-02
  1.50688711e-01
  2.44453033e+00
 -4.43516357e-01
 -5.38656387e-01
 -4.52851543e-01
  1.52262753e+00
  5.18726660e-01
  1.29785551e+00
  5.59095232e-01
  3.69533903e-01
  1.14526827e-01
 -1.60366334e+00
 -1.85147411e+00
 -4.13003170e-01
  1.89075554e+00
  5.99212589e-01
 -1.24463009e+00
  1.65967313e+00
 -9.60386757e-01
  3.28391409e-02
  1.36233123e+00
 -9.32423219e-01
  1.04025986e+00
  1.56888186e-01
 -1.84037755e+00
  2.53357115e-01
 -5.58239695e-01
 -1.40586248e+00
 -4.31540260e-01
 -1.11315141e+00
 -1.91274186e+00
  9.41586506e-01
  7.63649110e-01
 -3.35697266e-01
 -1.50868008e+00
 -1.71832847e+00
 -7.52744840e-01
  8.39277008e-01
 -1.10037946e+00
  2.57476668e-01
  8.78549664e-01
 -9.42333863e-01
  2.96347935e-01
 -1.06506796e-01
  1.11334876e-01
  6.76641332e-01
 -7.16098927e-01
  2.22510487e-01
  1.88996638e+00
 -1.43140490e+00
  3.00088412e-01
 -6.17827190e-01
 -2.36132628e+00
 -3.29020929e-01
 -4.78736903e-01
 -1.77425043e-01
 -5.72460657e-01
  1.53090494e+00
  2.24696227e-01
  4.91921226e-01
 -2.95458515e-01
 -1.73702984e+00
  1.28751571e-01
 -4.08467901e-01
 -1.25207435e+00
  7.57825969e-01
  8.55958032e-01
 -4.12051718e-01
 -7.76899529e-01
 -6.84785198e-02
 -1.50596246e+00
  1.04146405e+00
 -3.49776847e-01
 -2.28385786e-01
 -3.60623860e-01
  5.06255877e-01
  1.86921034e+00
  6.54980600e-01
 -9.31857330e-01
  7.36895244e-01
  5.56418282e-01
 -1.35993685e+00
  4.84585676e-01
 -3.87201340e-01
 -8.22226352e-01
 -1.00674905e+00
  1.44053664e+00
  6.82326240e-01
  4.32556927e-01
  8.22010504e-01
 -5.96429842e-01
  3.01846777e-01
 -5.41528722e-02
  1.72430193e+00
 -4.99965308e-01
  7.94746701e-01
  1.84449128e-01
  1.71969027e+00
  1.93306952e+00
 -1.23940400e+00
  8.59569099e-01
  1.30179889e+00
 -3.52952274e-01
 -9.24572356e-01
 -5.22981890e-01
  9.21038804e-01
 -3.83784854e-01
 -1.60142191e+00
 -1.72715113e+00
 -3.09631489e-01
 -5.35175148e-01
  8.00293512e-01
  1.66762028e+00
 -1.06911268e+00
 -6.84121605e-01
 -4.63888735e-01
 -1.90895773e-01
  1.02163620e+00
  4.28977593e-01
 -1.21651111e+00
 -7.30271725e-01
  1.43616493e+00
 -6.56233757e-01
  8.37758263e-01
 -6.67177755e-01
  8.10622152e-01
  2.98878353e-01
  1.73078773e-01
  1.53526936e+00
  1.08330560e-01
  1.78593239e-01
 -2.23486375e-01
  1.01542987e+00
 -1.24060191e+00
 -4.77692206e-01
  2.24073022e+00
  6.07109042e-02
  1.51700833e+00
 -6.34704345e-01
  8.73276432e-01
  7.55671495e-01
 -2.85051918e-01
  3.21550509e-01
  1.62661646e+00
  2.43363675e+00
 -5.35180962e-01
 -4.53738939e-01
  7.11818400e-01
  2.34731392e-01
 -2.49069064e+00
  1.78254054e+00
 -6.57938705e-02
 -8.63156166e-02
 -1.15580625e-02
 -1.26327654e+00
  8.46167630e-01
 -7.09944758e-01
 -7.08895882e-01
  3.05522287e-01
 -1.37073657e+00
  6.15397880e-01
 -3.09065052e-01
 -8.97819277e-01
  1.22440781e+00
 -1.56079769e+00
 -1.00502282e+00
 -9.86426489e-01
 -4.40138965e-01
  1.29267791e+00
 -1.56384736e+00
  2.65815725e-01
  1.37090783e+00
  5.25741676e-01
  3.85975696e-01
 -1.52374669e+00
 -1.14688851e+00
 -8.91467976e-01
 -7.65638186e-01
 -4.55939617e-01
  1.00789783e+00
 -5.74492206e-01
  8.66832821e-01
  1.96992008e+00
 -1.35787099e+00
 -3.95153509e-01
  7.09971485e-01
 -1.99115358e-01
  2.69331976e-01
  7.26915119e-02
 -1.52663121e+00
 -7.61512021e-01
 -8.94207593e-01
 -9.31540438e-01
  3.80482782e-01
  4.77006558e-01
  5.74859924e-01
  1.15931430e-01
  6.39880438e-01
  9.22587497e-01
  7.32237328e-01
 -4.38285689e-01
  6.04892144e-01
 -5.63670358e-01
 -1.09861934e+00
 -2.96039261e-01
 -1.23922909e+00
 -2.86457854e+00
 -4.39515294e-01
 -1.09348291e-01
 -1.22955671e+00
  8.52936073e-01
 -4.80871273e-01
 -5.67915204e-01
  1.64660250e+00
  1.66307173e+00
 -1.96397809e-01
 -7.17707034e-01
  2.44275867e+00
 -1.32540411e-01
 -1.95859941e+00
  5.46217120e-01
 -1.48425974e-01
 -1.39041912e-01
  1.77897917e+00
 -9.85538862e-01
  2.27362234e+00
  1.00510170e+00
  5.47979700e-01
 -9.54646219e-01
  1.58439864e+00
  3.61568008e-01
  1.17673784e+00
  7.81766890e-01
  1.69730468e+00
  9.89160208e-01
 -2.29200538e+00
  1.65193335e+00
 -7.77565028e-03
 -1.19912008e-01
 -1.86389957e+00
 -6.88277462e-01
 -3.05445478e-01
  1.57972563e+00
 -1.58377391e-01
 -6.61607158e-02
 -1.49192379e+00
 -2.16589208e-01
 -2.00371853e-01
  1.25522779e+00
  2.20535989e+00
 -8.91624901e-01
  1.52032147e+00
  1.98437014e+00
 -4.20160743e-01
 -6.55663951e-01
 -1.55579810e+00
 -3.38706117e-01
  6.97610405e-01
 -1.50987117e+00
 -5.26207041e-02
  1.31343294e+00
 -7.63007505e-01
  1.48488043e+00
 -2.07105623e+00
  1.77298936e+00
 -3.41866866e-01
 -1.23737479e-01
  4.66350311e-01
  5.36824511e-01
  1.11456231e+00
 -6.62391318e-01
 -1.49899572e+00
 -3.12836608e-01
 -9.14612470e-01
  4.67950736e-01
 -6.23074511e-01
  9.19865819e-01
 -1.24994847e+00
  2.22665513e+00
 -4.60133541e-01
 -1.43419128e-01
  1.47112833e+00
 -1.50869732e-01
 -1.97119097e+00
 -3.65815730e-01
 -1.38380110e-01
  1.00919388e+00
 -1.90021517e-02
  7.85293063e-01
 -1.51630089e+00
 -1.61014568e+00
  9.34201620e-01
  1.37941149e+00
 -1.05944202e+00
  1.02695624e+00
 -2.85024372e-01
 -5.47693005e-02
 -2.51191657e-01
 -3.72278618e-01
 -9.70871391e-01
  2.31846771e-01
  3.17851186e-01
  1.02348630e+00
 -2.56982065e-01
  3.89939781e-01
 -6.63167771e-01
 -1.71596713e-01
 -1.55415521e+00
 -3.95701519e-01
  2.03336367e-01
  8.72888669e-01
 -1.66379546e+00
  1.60080399e+00
 -9.65431797e-02
  7.53248227e-01
  1.08559455e+00
 -7.76314643e-02
 -4.05604761e-01
 -2.89938279e-01
  1.51344300e+00
  5.94214412e-01
  6.14346963e-01
  2.36617685e-01
  7.54314887e-01
 -5.59356159e-01
 -4.59759550e-01
  1.99844238e+00
 -8.83270317e-01
  1.75074761e+00
  1.31441728e+00
 -5.67917096e-01
  8.91972906e-01
  1.75976170e+00
 -4.30524373e-01
  1.27514105e+00
  8.51639457e-02
 -3.52769340e-01
  6.66839991e-01
 -3.47132630e-01
 -4.25829460e-02
 -7.49231197e-01
  1.39982829e+00
 -5.40355618e-01
  1.43739936e+00
 -1.55619706e+00
 -8.10015164e-01
 -4.08738107e-01
  6.36896663e-01
  1.21410885e+00
 -1.99823342e-01
 -1.91292370e+00
  1.07150711e-01
 -2.85156100e-01
  4.06732645e-01
  2.03015134e+00
 -1.07673940e+00
 -8.17706283e-01
  6.66558789e-01
 -2.55047370e+00
  8.23609652e-01
 -1.45086357e+00
  6.66226728e-01
 -5.98911908e-01
  1.61941794e+00
 -1.60879654e+00
  1.03353855e+00
 -1.91244341e+00
  5.08383990e-03
  1.76211260e+00
 -2.92038876e+00
 -3.24174589e-01
  1.86736204e+00
  9.64322144e-01
  8.98254928e-01
  1.67436821e+00
 -7.91152977e-01
  8.10218630e-01
  2.53036186e-01
  5.70678876e-01
  8.95092309e-02
 -5.57518487e-01
 -2.07044021e-01
 -9.54643469e-01
 -5.59553180e-01
 -2.22637635e+00
  1.03855781e+00
 -2.45855062e+00
  7.62981312e-01
  6.56323826e-01
 -1.76342602e-01
 -2.34936370e+00
 -4.92371683e-01
  2.92561726e-01
 -1.12945769e+00
 -1.91402518e+00
  2.41728354e+00
 -3.33029745e-01
 -1.54097668e+00
  6.98948353e-01
 -9.30592867e-02
  2.98879414e-02
  1.94647569e+00
  1.04290396e+00
 -3.60320046e+00
  9.79958917e-01
 -1.37578855e+00
 -1.84505241e+00
  7.44408758e-01
  2.32768653e+00
  6.49364714e-01
 -7.25966587e-01
  9.52360305e-01
 -4.89008367e-01
  6.37250119e-01
 -3.13334102e-01
 -4.60148739e-01
 -2.08508864e+00
 -4.40787368e-01
  1.67538991e+00
 -6.02930675e-01
 -1.40098318e+00
  2.43083952e+00
  9.03990829e-01
 -4.16211475e-01
  3.45080415e-01
 -6.09299773e-02
 -6.76162774e-01
  1.20739140e+00
  9.97269834e-01
  9.49446269e-01
 -1.53613733e-01
  8.45761257e-01
 -1.80106219e+00
 -2.67665715e-01
  1.28050906e+00
  6.40496867e-02
 -8.35175432e-01
 -2.74865430e-01
  4.92220561e-01
  1.99727612e+00
 -1.68478265e+00
 -4.92385525e-01
 -1.56292900e+00
  5.65341108e-01
  6.52378365e-01
  1.29910381e+00
 -6.04849283e-01
 -3.96171308e-01
  8.54818813e-01
 -1.30305647e+00
  4.23959422e-01
 -2.11216329e-01
  2.90595346e-01
  1.48034967e+00
  3.90495245e-01
  1.60409301e+00
  3.49159006e-01
 -6.16631729e-01
  2.36320373e-01
 -5.63411821e-02
  1.14117060e+00
 -1.49529318e+00
 -2.47216880e-01
  8.66197506e-01
 -4.10468323e-01
  1.57856252e+00
 -3.98426917e-01
  2.64800747e+00
 -4.13586291e-01
 -4.67638774e-01
 -7.86252928e-01
 -8.06690050e-01
 -2.35185739e-01
 -3.54351633e-01
 -2.33851888e-01
  8.97112487e-01
  1.03142505e+00
  6.27810089e-01
  9.34607926e-01
  4.36701861e-01
  1.45827627e+00
  2.71843527e-01
 -3.94417407e-01
  4.54295813e-01
  1.69703697e-01
  8.96311716e-02
  1.04486614e+00
 -7.62852612e-01
  8.76400782e-01
  8.26112958e-02
  2.55778483e-01
 -6.72020070e-01
  7.04626871e-01
  1.59903347e+00
  6.69001019e-01
  1.35723056e+00
 -3.35397716e-01
  1.98355254e-01
  4.02839075e-01
  9.29037844e-02
 -1.18548060e+00
 -7.23859967e-01
  1.01294643e+00
  1.27683376e+00
  4.51623346e-01
 -1.09467874e+00
 -8.93430244e-01
 -6.52536759e-01
  6.84796247e-01
  1.19551406e+00
 -1.08582482e+00
  8.41823152e-01
 -1.33954952e+00
  5.52202475e-03
  6.58045910e-01
 -4.65099331e-01
 -4.94715865e-01
  4.15870811e-01
 -1.60048868e+00
 -5.09362531e-01
  3.11615032e-01
  4.38153500e-01
  1.46450031e+00
  3.13246127e-01
  1.24615202e-01
 -1.64986109e+00
 -1.06117698e+00
 -9.28700286e-01
 -1.26792779e+00
  1.04829125e+00
  1.80184861e-01
  1.21716883e-01
  8.72481554e-01
  2.11735813e+00
 -7.62904798e-01
  2.81385350e-01
  1.41491543e+00
 -1.70498090e+00
  1.52958799e+00
 -8.08477193e-02
  1.59294555e+00
  9.55722028e-01
 -8.40842788e-02
 -3.12157396e-01
 -1.57422679e+00
 -1.08681141e+00
  1.43446113e+00
 -2.45071489e-01
  5.79899529e-01
  1.92094631e+00
  1.04087288e+00
 -6.82851157e-01
 -1.00366117e+00
 -1.07064260e+00
  1.72802074e-01
 -7.09270710e-01
  2.26076279e+00
  2.38624419e-02
  4.09897418e-01
  1.13319503e+00
  6.12167163e-01
  1.32989979e+00
 -2.70284319e-01
 -2.91872667e+00
 -7.75476773e-01
  1.83405454e+00
 -9.22303442e-01
 -7.12538306e-01
  1.49680928e+00
 -8.26154975e-01
 -4.68751373e-01
 -5.68039191e-01
  4.79110627e-01
 -1.32110577e+00
 -9.36793917e-01
 -2.13090020e+00
  2.02462027e-01
  8.62402975e-01
  1.87286661e-01
 -1.09646729e+00
  5.30358493e-01
  4.12952580e-01
  4.43394857e-01
  1.45454302e+00
 -3.14637569e-01
 -8.17486406e-02
  7.45519952e-01
 -1.18415471e+00
  5.80833157e-02
 -6.25207730e-01
  7.96042139e-02
 -9.84960770e-02
 -1.72230849e-01
  7.37132082e-01
  9.91167340e-01
  6.86051382e-01
  1.00076760e+00
  9.49023539e-02
 -8.66657028e-01
  2.03501424e-01
 -8.18005645e-01
  1.69893624e-01
  8.85041152e-01
 -3.53604362e-02
  9.80718565e-01
 -2.30757187e-01
 -8.12083868e-01
  1.46330175e-01
 -1.92319863e+00
 -2.74156495e-01
 -1.57899841e+00
  5.42244693e-01
  3.35684568e-01
  7.21600391e-01
 -7.83399414e-02
  1.96277219e+00
  3.61008266e-01
 -8.39918238e-02
  6.08739908e-01
  2.38545821e+00
  2.25679082e-01
  7.09068016e-02
  1.48728524e-01
  2.03883483e+00
 -8.44149640e-01
  4.80747806e-01
  5.79840920e-01
  7.38880639e-01
  7.38514885e-01
 -8.87429565e-01
  3.46395756e-01
 -1.47939554e-01
 -1.40415953e+00
  1.62511556e-01
 -1.13027103e+00
  6.04846255e-01
 -1.23376849e+00
 -2.61062927e-01
 -5.76897924e-01
  1.17031099e+00
  5.12692751e-01
  9.56330384e-01
 -1.04171999e+00
  8.88223029e-01
 -3.44289012e-01
 -1.55221130e+00
  6.90994591e-01
 -3.69184158e-01
 -4.23148934e-01
 -5.50800602e-01
  7.40337126e-01
  1.17269072e+00
  3.82530462e-01
 -5.06827561e-01
  2.02711641e-01
  4.25729626e-01
 -3.53640516e-01
 -7.78955280e-01
  6.50473088e-01
 -7.14700466e-01
 -6.38346477e-02
 -8.92306775e-01
 -2.84623254e-02
 -7.29592261e-01
 -4.19574617e-01
  1.87551691e-01
 -2.50153096e-02
  2.83298870e-01
 -4.67167381e-01
  1.97811186e-01
  7.69825259e-02
 -8.10638182e-01
 -7.45640938e-01
 -1.71452361e-01
  7.97734160e-01
  3.34218182e-01
  1.04384259e+00
  1.09716117e+00
 -2.73256676e-01
  4.06117659e-01
 -5.42568165e-01
  6.95624999e-01
  1.35912268e-01
 -7.18246942e-02
  3.07848355e-01
 -1.30998164e-01
  3.16263547e-01
 -2.84466727e-01
  1.50316722e+00
 -9.28217095e-01
  1.24322438e+00
  2.14584572e+00
 -8.54239299e-01
  2.59701163e-01
 -4.07813824e-01
 -3.67284494e-01
 -1.11854206e+00
 -1.89682170e+00
  3.29877792e-01
 -1.69618636e-01
 -3.09284909e-01
  1.22178096e+00
  4.42254903e-01
 -8.80746709e-01
  1.42011216e+00
  2.69527382e-01
 -7.10099756e-01
  2.10002986e+00
 -5.09957298e-01
  3.58769794e-01
 -4.39566052e-01
  7.02209382e-01
 -2.33554823e+00
  2.27670396e-01
 -6.19120313e-01
  9.99196273e-02
 -4.17855577e-01
  6.06910252e-01
  7.25652018e-01
  7.23809067e-01
 -1.49395176e-01
 -4.06859801e-01
 -1.42580803e+00
  1.31474854e+00
  2.83582012e+00
  1.19734834e+00
 -1.45720166e+00
  9.28167124e-01
  3.17540020e+00
  3.84403725e-02
  4.80350445e-01
 -1.67187181e-01
  4.78546207e-01
  2.63705751e-01
  1.78666730e+00
  3.32172050e-01
  2.82614922e-01
  1.04329261e+00
 -9.09014635e-01
 -3.70942355e-02
 -3.33041415e-01
  3.92121370e-01
  2.64315396e-01
 -7.94823046e-01
  5.41698844e-01
 -9.05571846e-01
 -1.60935341e-01
  9.34798595e-01
 -1.37941966e-02
  5.13995425e-02
 -9.46620860e-01
  3.33198109e-01
 -1.30221697e+00
  1.80855578e+00
  9.22026600e-02
  5.42717824e-01
  3.46928489e-01
  2.41561325e-01
 -4.32259846e-01
 -6.91364261e-01
 -1.13139757e+00
 -7.98564752e-01
 -5.25106465e-01
 -7.60219551e-01
 -4.56840103e-01
  7.76039032e-01
  3.21392635e-01
 -2.62987429e-01
  9.25743303e-01
  3.30934025e-01
 -6.42238483e-01
  2.82965615e+00
 -1.22028995e-01
 -5.72728946e-01
  1.67024727e+00
  1.29664597e+00
 -1.11683238e+00
  3.96717998e-01
  1.89535182e+00
 -5.46592547e-01
 -5.77265544e-01
  5.34120167e-01
  7.29863211e-01
 -1.21478257e+00
  7.70575373e-01
  2.51167867e-01
 -1.46727582e+00
 -1.28703669e+00
  3.07772814e-01
  1.80373443e+00
  7.61037127e-01
 -7.57596075e-02
 -3.89013677e-01
 -1.27916627e+00
 -2.32788826e-01
 -1.23950227e+00
  2.09491723e-01
 -3.93263909e-01
 -4.62263472e-01
 -8.70411830e-01
 -7.78323691e-01
  4.68054549e-01
 -1.09177862e-01
 -9.23317875e-01
  7.40280482e-01
  1.71729243e-01
  1.09378241e+00
  6.80373068e-01
  3.44956843e-01
 -1.76401099e+00
  5.10969959e-02
  6.53445887e-01
  2.75360110e-01
  6.29544655e-01
 -8.96330023e-01
  8.69103366e-02
  3.61484084e-01
  3.09563623e-01
  1.33639586e+00
  6.71420757e-01
  2.41982434e-01
