  -8.05952994e-02
   1.64832516e+00
   4.34215412e-01
   4.62917115e-01
  -2.61932414e+00
  -2.86918810e-01
   2.25541964e-01
  -1.33550003e-01
  -1.41030384e+00
  -5.21245500e-01
  -4.10489142e-02
   1.96582083e+00
  -5.19942204e-01
   6.20281288e-01
   4.08239581e-01
   5.23205662e-02
  -8.62476647e-01
   1.18092800e+00
  -3.17922972e-01
  -7.99116192e-02
   3.34036125e-01
   4.11450570e-01
  -1.51102565e+00
  -1.87184526e-01
   3.93033132e-01
   9.79437316e-01
  -8.31820669e-01
   1.44273569e+00
  -1.81202124e+00
  -6.89843951e-01
   2.12272742e-01
  -4.28711929e-01
  -2.50218024e-01
   1.48428944e+00
  -1.09155534e+00
  -4.75166135e-01
   1.24481648e+00
  -7.65669691e-01
   2.66890002e-01
  -1.59483334e+00
   1.35899436e+00
   4.92183647e-01
   4.01771687e-01
  -2.32333384e-01
   2.63553158e-01
   5.18157047e-01
   2.68145747e-01
   3.20671898e-01
   1.31657574e+00
   4.25711706e-01
   3.15119415e+00
  -1.15099651e+00
   4.84498511e-01
  -5.83499540e-01
   1.62420590e-01
  -1.19674642e-01
  -1.26878448e+00
   1.04055336e+00
   4.17198417e-02
  -2.49699779e-01
  -9.47665743e-02
  -7.18405699e-01
   2.79110367e-02
   1.33010433e+00
   5.54982316e-01
   1.18398205e+00
   5.20135338e-02
  -5.33647278e-02
  -8.44158131e-01
   3.38254421e-01
  -2.22308624e-01
   1.33478980e+00
  -1.85800834e+00
   1.18184737e+00
   2.16432748e-01
   1.03870777e+00
   8.10526133e-01
   3.19904407e-01
   4.58078440e-01
  -3.26185866e-01
  -1.45623979e+00
  -2.97719171e+00
  -3.60812830e-01
  -6.22855280e-01
  -7.06438164e-01
   1.07891543e-01
   3.46416045e-01
  -2.00020507e-01
   5.66432634e-01
  -4.95729290e-01
  -1.29165443e+00
   8.55594994e-01
   2.54184597e+00
   4.42672445e-01
   5.07380924e-01
   5.61360216e-01
   5.81285546e-01
   1.27287081e+00
  -1.00953720e+00
  -6.16765834e-01
  -4.62497056e-01
   5.37055737e-01
  -6.99023705e-02
  -9.69131829e-01
  -7.78731474e-01
   7.43934047e-02
   9.49819604e-01
  -7.94117907e-02
   2.31555230e-02
  -1.07507236e+00
   5.73431924e-01
   1.69038153e+00
   6.16109701e-01
  -3.02733359e-01
  -4.37832071e-02
   8.23551435e-01
  -7.03935780e-02
   2.32911278e-01
  -7.79660249e-01
   6.48514113e-01
   2.13855291e+00
   8.61011486e-01
   3.97158546e-01
   1.12869939e+00
  -7.84621494e-01
  -9.58223464e-01
   7.87973949e-01
  -1.56080265e+00
  -2.73630457e-01
  -9.48088796e-01
   3.42024777e-01
  -3.19065932e-01
  -4.59034135e-01
   1.35868446e-01
  -4.50997878e-01
   8.09409060e-01
  -1.61011069e+00
   1.25314286e+00
  -1.86462660e-01
   1.10449210e+00
  -1.30043634e+00
  -7.89512146e-01
  -1.00051818e+00
  -4.35610936e-01
  -8.86759742e-01
   2.54804095e-01
  -1.77654084e+00
  -4.88939031e-01
   2.91467861e-01
  -8.59007189e-01
   3.92263866e-02
  -3.30182645e-01
  -1.21806823e-01
   1.72732865e+00
   1.33717614e-01
   5.22578321e-01
   3.60581804e-01
   2.28910364e-01
  -1.34330942e+00
   5.30845181e-01
   6.38810878e-01
   1.81286939e+00
  -4.31899286e-01
   1.95380330e+00
   3.65868013e-03
  -4.61473707e-01
  -7.15282789e-01
   1.00165502e+00
   6.19099753e-01
  -1.08424397e+00
   1.13848184e+00
  -2.01681380e+00
  -1.25367713e+00
  -3.49400679e-01
  -7.97631691e-01
  -1.18897889e+00
  -1.94396343e-01
   2.22443036e-01
  -8.46727488e-01
   1.00109802e-01
  -6.37323952e-01
  -9.55471683e-01
   6.15972458e-02
  -1.70748902e+00
   1.02482092e+00
   7.13345726e-01
   7.12993224e-01
   5.82514796e-01
   1.43759764e-02
  -7.71072358e-01
   1.88188904e+00
  -3.33565149e+00
   7.91854109e-01
   1.62752997e+00
   6.16147175e-02
  -5.81993867e-01
   2.40142757e+00
  -8.29637429e-01
  -7.63690933e-01
   4.31761190e-01
  -2.63982694e-01
  -1.30086501e+00
  -2.28653532e+00
  -1.40953649e+00
  -8.53734363e-01
  -6.44727774e-01
  -9.39710496e-02
  -3.60916527e-01
   1.93395413e-01
  -1.22908432e+00
   2.57578292e-01
   6.86208204e-01
   1.35118169e+00
   7.52283187e-01
  -1.20442412e-01
  -1.93720019e+00
  -8.30328356e-01
   5.41988235e-01
  -3.52247944e-01
   7.74615026e-01
  -8.42263015e-02
  -1.01435416e+00
   1.00466259e+00
   2.22877480e-01
   1.58873349e+00
   3.84034255e-01
  -1.84209067e+00
  -2.17989487e+00
  -1.05305748e+00
   1.81517749e-01
  -1.15591616e-01
   8.93923853e-01
  -8.94749740e-01
   1.27242734e+00
   1.22854527e+00
   3.70776404e-02
   1.74988793e+00
   5.84510755e-01
   1.62719728e-01
   4.54319232e-01
  -4.97161094e-01
   5.49677633e-01
  -8.74688838e-02
  -2.06544499e-01
   7.06592594e-01
   1.97148958e-01
  -1.28172253e+00
  -1.45829873e+00
   7.36931928e-02
  -1.34999624e+00
  -6.22908105e-01
   1.33358470e+00
   1.31236274e+00
  -6.18091794e-01
  -5.36582637e-01
  -1.44114018e+00
  -2.96632395e-01
  -1.10149485e+00
   1.07517090e+00
  -5.61618967e-01
   1.97523758e+00
   9.94671298e-01
   2.90893023e-02
   2.66157410e-01
   8.23621673e-01
  -5.53297294e-01
  -2.06803595e+00
  -7.21507505e-01
   6.10696259e-01
   1.06576442e+00
   7.82041120e-01
  -2.52091412e+00
  -8.69985802e-01
  -2.77464492e-01
  -7.38228614e-01
   5.13651500e-01
   9.77426569e-01
   4.31243829e-01
  -2.79324882e-01
   8.38729125e-01
   4.14079672e-02
  -8.01025797e-02
  -5.64705649e-01
  -6.11786900e-03
   4.24551561e-01
   1.35436798e-01
  -1.05803563e+00
  -3.78128450e-01
  -1.12252909e+00
   2.25330277e+00
  -2.89019666e-01
   9.08451067e-03
  -1.51329719e+00
   2.47934271e-01
  -2.55491796e-01
   5.44320312e-03
  -8.43897421e-01
   1.02582555e+00
  -4.73515570e-01
   1.35426494e+00
   3.97665029e-01
  -4.94046896e-01
   1.19951153e+00
   3.24425849e-01
   2.02724629e-01
   1.20358650e+00
   1.26956921e+00
  -1.26285996e+00
  -1.44449759e+00
  -1.25616323e+00
  -3.58904137e-01
   1.81897457e-01
   1.77611589e+00
   8.65116361e-01
  -1.77147302e+00
   1.89036922e-01
   1.93342364e+00
  -4.43068944e-01
  -1.25882234e+00
   7.28669119e-01
   7.36029458e-01
   1.74534503e+00
  -8.42108123e-01
  -1.32456440e+00
   1.20579822e+00
  -1.24177507e-01
   8.09063052e-02
   8.89984387e-01
  -5.33385491e-01
   1.20708499e+00
   2.77136559e-01
  -2.05675159e+00
   2.43162123e-01
  -4.85128004e-01
   1.31748992e+00
   9.73194880e-01
  -4.46732372e-01
   1.77592315e-01
  -1.19607048e+00
  -2.21330708e-01
  -2.42195289e-01
  -4.53026593e-01
  -1.15587050e-01
   8.32176375e-02
   5.32140089e-01
   1.37089666e+00
   6.43367191e-01
   9.04696390e-02
   4.57131845e-01
  -1.28350601e+00
   9.39096306e-01
   1.58530586e-02
  -5.29599310e-01
   7.84558283e-01
  -2.32421032e+00
   5.01268403e-01
  -8.56663924e-01
   1.44496836e+00
   1.24535958e-01
  -4.67123923e-01
  -2.83485991e-01
  -1.24995786e+00
  -6.90157047e-02
   1.13933377e+00
  -1.26615433e+00
  -3.47042813e-01
  -2.23152622e+00
  -1.21893208e+00
  -9.71165421e-01
   2.48703175e-01
   4.77931270e-01
   1.18507657e+00
   9.88719252e-01
   3.91296951e-01
   8.80305413e-01
  -6.19732340e-01
  -7.26438126e-01
  -1.95625878e+00
   5.66747585e-01
  -1.76670359e+00
   7.21935687e-01
   9.66807511e-01
  -2.33967911e+00
  -9.68199637e-01
   1.58280524e+00
  -1.32565666e-01
  -3.12818472e-02
  -1.12366700e+00
   1.73608931e+00
  -8.69590719e-01
  -5.56972818e-01
  -9.19101418e-01
  -8.76129973e-01
   3.24611938e+00
  -1.16676601e+00
  -8.00030659e-01
  -1.36531965e+00
   1.68469620e+00
   2.31953301e+00
   1.15412307e+00
   1.03171942e+00
  -1.02979044e+00
  -8.34596971e-02
   5.71621168e-01
  -3.84522165e-01
  -1.22614211e+00
  -2.04896651e+00
   1.14575487e+00
  -1.46969005e+00
   3.80274568e-01
   1.81088447e+00
   9.94881669e-01
  -2.87776908e-01
   2.52888433e-01
   1.74343043e+00
  -1.12218120e+00
   1.42619106e+00
  -1.92920703e-01
   5.92156902e-01
  -1.19055860e-02
   8.84322901e-01
   1.25084208e+00
  -4.51757222e-01
  -1.46118569e+00
  -6.50051824e-02
  -1.72252071e-01
   5.85900664e-01
   8.02804201e-01
   2.39933906e-01
   5.68713272e-02
  -1.13728823e+00
   2.43769218e+00
  -1.59068797e-01
  -1.54283823e+00
   1.64304024e-01
  -1.32516360e+00
   1.67145352e-01
  -1.31596972e+00
   1.20171408e+00
   2.05071286e+00
   3.07887505e-01
   1.21959843e-01
  -6.69752188e-01
   1.12752416e+00
   8.33988208e-02
  -1.03716121e+00
  -9.85353627e-03
  -1.65962119e+00
  -6.58506222e-01
  -2.72772695e-01
  -1.17581804e-01
   6.58134643e-01
   3.92541519e-01
  -1.03248496e-01
  -1.99147148e-01
  -9.93824929e-02
  -2.91158390e-01
  -5.85071991e-02
   7.98186614e-01
   3.19617704e-01
   1.96802655e-01
   1.21335776e+00
   1.28746452e+00
   6.98061303e-01
   1.06032970e+00
  -2.57861325e-01
   8.92209232e-01
  -5.28637724e-01
  -1.69505419e+00
   2.47007371e+00
   9.86011676e-01
   1.95042080e-01
   1.07159599e+00
   6.11096441e-01
  -9.53947505e-01
   1.70761471e+00
   2.18652266e+00
  -8.53995948e-01
  -1.10578190e+00
  -1.59533847e+00
  -8.93402276e-02
   1.34106081e-01
   6.35995014e-01
  -5.25531007e-01
   2.25210516e+00
   6.78307773e-01
  -9.57265967e-01
   2.91842517e-01
  -2.12278631e+00
  -9.15352475e-01
   4.54476750e-01
  -1.02862136e+00
  -9.05210468e-01
  -1.75123313e+00
   5.44025762e-01
  -4.32313766e-01
   1.89619767e+00
  -2.62501946e-01
  -1.75289876e-01
   2.78444062e-01
  -6.61683213e-01
   1.22480146e+00
  -9.10130886e-01
   1.10223777e+00
   1.08155090e+00
   5.98536219e-01
   7.22678701e-01
  -7.44313191e-01
  -9.30101012e-02
   5.20896553e-01
   1.04864581e+00
  -3.64636684e-02
   1.02329012e+00
  -1.75500806e+00
  -1.57184682e+00
  -1.85004812e+00
   7.22435720e-01
   6.46296165e-01
   4.29123103e-01
  -1.97096564e+00
   2.30944185e-01
  -1.81425130e-01
  -8.83632763e-01
   1.94481098e+00
  -4.96922828e-01
  -3.97700888e-01
  -1.75466739e+00
  -1.57029837e+00
   1.53659062e-01
   4.61270323e-01
   5.04239496e-01
  -2.59961371e+00
   1.62997726e+00
  -5.82592692e-01
   6.11861134e-01
   3.99074650e-01
   5.75653381e-01
   3.44702404e-03
  -1.08961938e+00
  -8.34837620e-01
   1.41261636e+00
   3.43121792e-02
   1.91240357e-01
  -5.81733385e-01
   1.43511501e-01
  -4.37117327e-01
   7.25019295e-01
  -3.30285939e-01
  -9.90522880e-01
   1.09513811e+00
   1.33474821e+00
  -5.93871179e-01
  -5.54728498e-01
  -2.33064605e-01
  -3.09630021e-01
  -8.70108207e-01
   5.04449614e-01
   1.58274855e+00
   8.66193266e-01
   6.57094222e-02
   2.02806707e+00
   1.11317976e-01
   7.82432069e-01
   8.97124474e-01
  -2.25926792e-01
  -4.28322974e-01
  -2.20071934e-01
   1.73321071e+00
  -9.35106084e-03
  -1.11909810e+00
   1.53274614e+00
  -4.06521327e-02
  -2.82898711e-01
  -5.64886590e-01
  -1.15339971e-01
   2.62155071e+00
   5.77726618e-01
  -6.48151885e-02
  -2.80308879e+00
  -9.66610375e-01
  -9.59185256e-01
   4.69226637e-01
  -1.99711036e+00
  -1.18464294e+00
  -1.17704042e+00
  -1.62969347e+00
   3.70603074e-01
  -2.19320576e-01
   3.59610820e-01
  -1.42525174e+00
   4.28525489e-01
  -6.75829095e-01
  -1.56881234e+00
  -1.39503440e+00
  -4.71304605e-01
   1.42526671e+00
  -8.19821938e-01
  -5.27268103e-01
   1.11985459e+00
   4.62566980e-01
   1.15680326e+00
  -1.38458063e+00
  -4.46874688e-01
  -2.38902653e-01
   2.08134638e-01
  -1.95367813e-01
  -1.78773790e+00
   1.03071253e+00
   9.41249416e-01
   1.25442839e-01
   6.19730853e-01
  -8.02197121e-02
  -4.46883731e-01
   1.67904915e+00
  -4.19267883e-01
  -4.31044256e-01
   5.52818037e-01
   9.24297134e-01
   3.51073526e-01
   7.19149814e-01
   1.71925309e-01
   5.63523060e-02
   5.51383668e-02
  -1.18954320e+00
  -9.96825114e-02
   1.16319869e+00
   1.64754534e-01
  -1.30398800e-01
  -1.29233591e-01
  -4.73830414e-01
   6.58890539e-01
  -5.70896031e-03
  -1.62476172e+00
   5.11893686e-01
   1.47502260e+00
   3.09971640e-01
   1.44392509e-01
   4.08947535e-01
  -8.92509635e-01
  -1.06243197e+00
   1.44386573e+00
   5.28008870e-02
   8.35117520e-01
  -3.41480157e-01
   4.96828336e-01
  -7.68065781e-01
  -1.11039653e+00
   4.34249207e-01
   1.76800994e+00
   8.18188372e-01
   8.57749177e-01
   1.26103085e+00
   3.32865260e-01
  -7.00846316e-01
  -1.95238726e+00
  -1.40878228e+00
   5.64593287e-01
  -5.56777219e-01
   6.06232687e-02
  -1.23871979e+00
   5.64685251e-01
   1.72653108e+00
   5.43013076e-01
  -5.62524755e-01
   1.54787586e+00
  -1.54888587e+00
   9.18429651e-01
  -1.41161562e-02
  -1.81481604e+00
  -6.34739714e-01
  -5.06634459e-01
   3.66119555e-01
  -3.99629557e-01
  -4.06220193e-01
   8.28835920e-01
   2.44834035e+00
   7.90181168e-01
  -1.45297466e+00
   1.99461325e-01
  -6.70132074e-02
  -1.15426525e+00
  -1.21924092e+00
   3.34752920e-01
   2.05629694e-01
  -4.69980039e-02
  -1.86822917e-01
   2.33791885e-01
  -8.72209350e-01
   8.70875589e-01
  -1.84978402e+00
  -1.16581065e+00
   1.32254461e-01
  -1.06768280e+00
   2.74050124e+00
  -6.35304507e-01
  -8.21377070e-01
  -1.06112634e+00
   7.94149305e-01
  -7.16204091e-01
   6.07143551e-02
   5.64223095e-01
   1.79413800e+00
  -4.26507557e-01
  -4.07962497e-01
  -4.77251910e-01
   1.41791323e+00
  -1.01938531e+00
  -1.23136873e+00
   5.24699549e-01
   1.62026487e-01
  -5.57030449e-01
  -1.31309965e+00
  -9.10399089e-01
   7.42522679e-01
   1.04772423e+00
   2.78559592e-01
   9.71072914e-01
  -2.41821280e-01
  -2.17463906e-02
  -1.89239620e-01
   2.34404709e+00
  -2.02427706e+00
  -3.68039589e-01
   9.81684182e-01
  -8.49076613e-01
   5.06521742e-01
   3.79220593e-01
  -2.20610727e+00
   4.34876247e-01
   5.80180060e-01
  -7.29251741e-01
   4.65858924e-01
  -1.46001787e+00
   1.77394906e+00
   1.12719083e+00
   2.14573461e-01
  -8.81357893e-01
   4.54936379e-01
  -3.28666858e-01
  -4.48434608e-01
   7.61098798e-01
   7.93536813e-01
   7.66572786e-02
  -6.99433335e-01
  -2.42472914e-01
  -1.17721768e-01
   5.09417123e-01
  -1.04967422e+00
   9.90086168e-01
  -2.34321320e+00
  -4.92371508e-01
   2.10918280e+00
   9.69290366e-01
  -1.44231783e+00
   1.20442058e-01
  -1.44819320e-02
  -4.39475462e-01
  -5.16074803e-01
   4.24200139e-01
  -9.38092392e-01
  -4.01122834e-01
   1.09258015e+00
  -1.09981942e+00
  -6.71618863e-01
   3.94629331e-01
   2.06308721e-01
  -1.19564287e+00
  -1.30586927e+00
   3.17279033e-01
   6.58952531e-01
  -4.98661055e-01
   1.23510658e+00
   7.55507668e-01
   2.47010491e-01
   1.82094242e+00
  -4.39624611e-02
   7.09554279e-01
   1.56785591e+00
  -2.54911469e-01
   2.53059271e-02
  -1.73230271e+00
   1.02965573e+00
  -4.44146734e-01
   1.24980614e+00
  -1.08915745e+00
  -1.28901189e+00
  -2.86158021e+00
   1.06213957e+00
  -6.98401896e-01
  -4.78444104e-01
  -6.88459909e-01
  -2.00983459e-01
  -1.27183668e-01
  -3.12221807e-01
   9.15850100e-01
   8.69602600e-01
   2.07769092e-01
   1.08293379e+00
  -1.29469151e+00
  -1.42293327e+00
   1.25314219e+00
   7.27156587e-01
   1.76046918e+00
   9.62354600e-01
  -2.36061545e-01
   2.83731800e+00
  -1.59033084e+00
   7.98347635e-01
   5.37244532e-01
  -7.19368480e-01
  -1.32557389e+00
  -3.31506561e-01
   9.85529459e-01
  -1.14011083e+00
  -8.58916378e-01
  -4.04450980e-01
   2.02157886e-02
  -1.46042628e+00
  -1.51899348e+00
  -2.39364511e-01
  -1.07574137e+00
  -2.52302942e+00
   4.77280187e-01
   3.65249514e-01
  -7.61006902e-01
  -3.22589600e-01
  -2.21067307e-01
  -8.55235414e-01
  -1.20380348e-01
   6.26143374e-01
  -1.68668421e+00
   1.76660229e-01
  -8.31566332e-01
   1.59966579e+00
   8.85737141e-01
  -1.41948085e+00
   1.17037606e+00
  -6.28301608e-01
   1.57103831e+00
   8.14632935e-01
   3.90858384e-01
  -7.36457525e-01
   1.80358424e+00
   9.32424696e-01
   5.50622961e-01
   1.27306228e+00
  -2.48787785e-01
  -9.68644937e-01
   1.30134865e+00
   1.95490130e-01
  -1.28056103e+00
  -7.49335583e-02
  -1.00393305e+00
  -6.90206337e-01
   3.23331445e-01
   3.70844682e-01
   2.02792187e-01
   6.51027576e-01
   5.83492830e-01
  -6.86917986e-01
  -1.95643270e-01
   8.47478546e-01
   1.47532035e+00
   6.24274445e-02
  -6.40389421e-01
   1.46323316e+00
   5.91231624e-01
  -3.67382856e-01
  -1.84746938e+00
   1.29944472e+00
  -4.06636960e-01
   2.75584855e+00
   3.43587027e-01
   6.10234608e-03
  -1.09472213e+00
   8.17659174e-01
   7.36459239e-01
   7.96173726e-01
  -1.34636955e+00
  -2.23461317e+00
   1.05154539e+00
  -1.88340275e-01
   9.42592492e-02
   1.36006392e+00
   1.92777474e+00
   4.02974148e-01
   5.98858924e-01
   7.29831410e-01
  -1.06994039e+00
  -1.19189877e+00
  -6.94611191e-01
   1.93683469e-01
  -1.38002240e+00
  -1.83330134e-01
   1.82872265e-01
   7.79709543e-01
  -1.41441277e-01
   1.49412853e+00
   4.87542805e-01
   1.63620828e+00
  -2.94361953e-01
  -1.71471757e+00
  -2.35665663e+00
   9.09048603e-02
   1.60631751e-01
   7.79667660e-01
  -7.36954220e-01
  -4.36412125e-01
  -7.38482482e-01
  -2.27895907e-02
   1.33716391e+00
   6.73596549e-01
   4.03023475e-01
  -1.33337072e+00
   1.31380722e+00
   1.10860619e+00
  -5.50343044e-01
  -5.34691562e-01
   5.27760758e-01
   1.48122103e+00
  -2.22205624e-01
   5.05329813e-01
  -1.10830585e+00
  -1.10986404e+00
   7.36002842e-01
  -1.16131919e+00
  -4.09368987e-01
   8.61462266e-01
   9.51668182e-01
   1.33098784e+00
   1.79186228e+00
   4.82976827e-01
  -1.15567025e-01
  -3.07839629e-01
   9.34680515e-01
  -2.23814870e+00
   1.34141716e+00
   2.04293471e+00
  -2.12134278e-01
   5.34429318e-01
   5.48015806e-01
   2.14857388e-01
   4.94297216e-01
   5.02943429e-01
   1.46910497e+00
   1.09496911e+00
  -3.65038423e-01
   1.96408769e-02
   4.34973061e-01
   3.25786713e-01
   8.59636767e-01
   1.59827662e+00
   1.02860360e+00
   2.40978189e-01
   1.26475274e+00
  -4.10078855e-01
   1.07768286e-01
  -1.40154010e+00
   2.01643390e+00
  -1.58778258e+00
   4.79157004e-01
   9.13417576e-01
  -2.25716175e-01
  -1.29245785e+00
  -2.16336993e+00
   1.94678031e-01
  -5.61458543e-01
  -1.90018984e-01
   1.32756513e+00
  -7.36505228e-01
  -6.18536723e-01
   1.00529001e+00
  -1.72614341e-01
   5.64669755e-01
  -6.96567857e-01
  -2.93450248e-01
   1.69484006e-01
   1.51137695e+00
  -1.75865268e+00
   1.01392175e+00
  -1.09590967e-01
  -3.85543188e-01
   1.09283893e+00
   2.13055576e+00
  -9.48446368e-01
  -7.90871233e-01
  -4.56138492e-01
  -3.36279313e-01
   8.93809201e-01
   8.78167293e-01
   1.43301267e+00
   7.15932373e-01
   8.18669199e-01
  -2.23006879e-01
   2.27370749e+00
  -6.67550193e-01
  -5.65989098e-01
  -2.48776712e+00
   4.64399221e-01
   1.48482066e+00
   4.03043155e-01
  -1.89112193e-01
  -2.25773994e+00
  -2.51549704e-01
  -2.45131804e-01
   9.11941160e-01
   4.81522937e-01
  -9.88666321e-01
  -5.99404060e-02
  -4.33647140e-01
   1.02487651e+00
   1.35177592e-01
  -1.62737629e-01
  -1.66862510e+00
   3.44785477e-01
  -2.33893191e-01
   6.10878288e-01
  -1.00548154e+00
   4.28793539e-02
  -1.53978533e+00
   1.13111238e+00
  -9.24735031e-01
   4.99959414e-01
   2.25119235e-01
   1.40632763e+00
  -7.18606466e-01
   1.36428822e-01
  -1.52278862e+00
   8.96128543e-01
   9.66013996e-01
  -2.85245413e-01
   9.62310855e-01
  -4.21522182e-01
   7.67080484e-01
  -1.52264055e+00
   2.23716749e+00
   7.82238699e-01
   2.73034596e+00
  -5.93275304e-01
   3.35168044e-01
   1.55938208e+00
   8.74999488e-01
   2.22663123e+00
   9.10305222e-02
  -1.16772391e+00
   1.57746410e+00
   1.28354125e-01
  -7.87054758e-01
   2.14612820e+00
   9.25162838e-01
   1.69023619e+00
  -1.59308148e+00
   6.62716306e-01
  -1.92438047e+00
  -1.53006920e-01
   4.38841579e-02
   1.18881271e+00
  -7.34438295e-02
  -1.27491405e+00
  -1.01727957e+00
  -1.55319055e+00
   2.43698199e+00
   3.81728544e-01
   6.05765283e-01
  -1.98152682e-01
   1.23905316e+00
  -1.11190459e-01
   1.76064781e+00
   8.99796377e-01
   8.04898686e-01
   5.60314989e-02
  -7.09562749e-01
  -5.25903373e-01
  -9.01420543e-01
  -1.00482820e+00
   1.80696608e+00
  -1.42990298e-01
   1.05702296e+00
  -3.64430254e-01
   4.65323791e-01
   1.58701109e+00
  -1.03488339e+00
   8.53002719e-02
  -9.43229361e-03
  -3.50411176e-01
   2.23458762e+00
   2.30681939e+00
   9.08534712e-02
   1.66498356e+00
  -2.02878275e+00
   3.58369377e-02
   2.75651289e-02
  -6.82943593e-01
   1.21368693e+00
  -3.70144070e-01
  -2.80117633e-01
   2.50785939e-01
  -1.53875080e+00
  -7.60628575e-01
  -3.90616124e-01
   1.97153131e+00
  -6.41364973e-01
  -6.24613708e-01
   2.39634561e-01
   2.33977790e+00
  -6.51003708e-01
   1.80112212e+00
  -1.50444991e+00
   5.56920583e-01
  -9.46785153e-02
   9.24677995e-01
  -7.63168663e-01
   1.21629964e+00
   1.50073416e-01
  -5.12971583e-01
   1.63916324e-01
  -4.22780130e-01
  -1.34282385e-01
   1.24375040e+00
  -4.77123209e-01
   1.26739622e+00
   1.35271130e+00
   1.84835402e-01
  -7.87024196e-01
   5.18362805e-01
  -8.75266198e-01
   1.15576409e+00
   3.37859327e-02
  -1.52160645e-01
  -2.10894636e-01
   6.50569066e-01
   3.59117087e-01
  -7.24727398e-01
   1.23454470e+00
   1.76746583e+00
  -2.12868788e-01
   1.48428855e-01
  -1.32950520e+00
   3.20582814e-01
  -5.26986776e-01
  -9.66928765e-01
   4.57143422e-01
  -1.12324444e+00
   5.47222926e-01
  -2.92489893e-02
   7.83358427e-01
  -2.38635126e+00
  -5.68840735e-01
  -2.07563629e+00
   5.19804304e-01
   1.86499609e+00
  -1.91660972e+00
   1.99290979e+00
   1.40751509e-01
   4.82518909e-01
   6.67565980e-02
  -2.27326138e-01
  -4.19928762e-01
   9.10580945e-01
   1.21419514e-01
  -7.70440812e-01
   3.57122268e-01
   7.95330240e-01
   6.64743404e-01
   4.87276412e-01
   1.44954846e+00
  -9.20719000e-02
   2.42217981e-01
   2.49498103e-02
   6.09899787e-01
   3.09463678e-01
   1.54170393e-01
   1.23352279e+00
  -7.41194432e-01
  -5.37027254e-01
   1.35875696e+00
  -7.32939774e-01
   2.49190170e+00
  -2.39815512e-01
   9.08376996e-01
  -1.52977380e+00
   1.35319661e+00
   3.09913798e-01
   5.63723331e-01
   2.57416050e-01
  -1.11306389e+00
  -1.23814111e+00
   2.12101173e+00
   5.27642448e-01
   6.57196125e-01
   1.13862591e-01
   1.49825075e+00
   5.87731244e-01
   1.87450739e+00
  -7.38183654e-01
  -5.67852884e-01
   9.72644609e-02
   7.10096295e-01
  -2.92639019e-01
   1.04804773e+00
   1.16193604e+00
  -2.66815164e+00
   1.63619351e-01
   2.07676521e+00
   9.57447476e-01
   1.65170068e-02
   1.58423933e+00
   7.77050228e-02
  -7.93758603e-01
   1.83152424e-02
  -3.41250902e-01
  -5.80822544e-01
  -2.40426087e+00
   7.24899298e-01
   3.99720926e-01
  -1.75748471e-01
   3.78763519e-01
  -4.23459486e-01
  -2.33351632e-01
   2.45113981e-01
  -7.21455178e-01
   2.35782234e-01
  -1.82443632e-01
  -5.25323336e-01
   2.29110850e-01
  -1.99840596e-01
  -3.72605289e-01
   2.14536292e-01
  -6.21223856e-01
  -8.07666494e-01
  -5.19091806e-01
   1.12471614e+00
   1.35005058e+00
  -9.98943799e-01
  -1.39037045e+00
  -1.29115385e-01
  -9.81934157e-01
   1.07562204e+00
  -1.72897790e+00
  -4.62182865e-01
   1.90075531e-01
   1.53019897e+00
  -1.80870864e+00
   1.20838290e+00
   6.04705413e-01
   1.90703893e-02
   2.33083581e-01
   8.90171461e-02
   1.11323824e+00
  -6.25635696e-01
  -2.10902895e-01
   2.32135921e+00
   7.16003496e-01
  -2.88082015e-01
   6.79741451e-01
   1.71116638e+00
   1.21732195e+00
  -8.31168094e-01
  -1.30287249e+00
   1.66914867e+00
   4.66584436e-02
   1.70023091e+00
   1.42434529e+00
   7.25398793e-01
  -1.63151519e+00
   6.42648475e-01
  -1.18259740e+00
   1.59514465e+00
  -6.14148912e-01
   5.56817357e-01
  -7.98379091e-01
   6.52753404e-01
  -2.13058971e+00
   2.32515414e-01
  -4.75280681e-01
  -2.16879010e+00
   2.35106605e+00
   6.92726692e-01
  -1.04244162e-04
   1.71045454e+00
   1.42631878e+00
   7.79638136e-01
  -1.60219064e+00
  -8.91604768e-02
   1.25639155e+00
   3.99154855e-01
   1.74601167e+00
   2.42756980e+00
  -1.38902466e-01
   5.85392604e-01
   1.80985354e-01
  -4.99392381e-01
   1.36065813e+00
   1.19865950e+00
   2.72907318e-01
  -1.42973509e+00
   3.17243547e-01
  -3.33868954e-01
   1.33267292e-01
   2.41217646e-01
  -2.15188806e-01
   5.53880788e-02
   6.50930717e-01
   1.22700958e+00
  -5.57814600e-01
  -1.34067866e+00
   2.87472523e-01
   9.88299350e-01
   7.68749661e-01
   1.25868804e+00
  -4.99606868e-01
  -6.65074437e-01
  -1.39794996e-01
  -1.64356538e+00
  -1.03748760e+00
   2.17925382e-01
   1.30764977e+00
  -6.24713320e-01
   7.10801183e-01
   1.72835850e+00
   1.58094450e+00
   8.93114130e-01
  -1.34293268e+00
  -3.13110677e-01
   1.45808778e+00
   5.65140775e-01
   1.14795353e+00
  -3.72271478e-01
  -1.49863742e-01
   1.00639716e+00
  -6.64953842e-01
  -3.33368689e-02
   4.79857339e-01
  -1.27712945e-01
   1.24606091e-01
  -5.22642138e-01
  -2.95409962e-01
  -9.19440273e-01
   5.98001349e-01
   2.05618144e+00
  -1.75562762e-01
   7.24382355e-01
  -1.11290831e+00
  -2.78261318e-01
  -9.47745340e-01
  -4.63801746e-01
   1.12762394e+00
   8.97842112e-01
  -1.31976367e+00
  -1.61637864e-01
  -5.67018684e-01
  -7.60105456e-01
  -4.12372893e-02
   1.46010534e+00
  -4.04452738e-01
  -8.99624164e-02
   3.30267504e-02
   1.87616873e+00
   1.15182557e+00
   7.79000293e-01
   8.52602917e-02
   1.42786374e+00
   2.35273737e+00
  -4.90410674e-01
   1.99874112e+00
   2.66298567e+00
   1.21430141e+00
   2.79446641e-02
  -3.56971412e-01
  -5.91183514e-01
  -6.67617226e-01
  -2.16767107e-01
  -3.69143505e-01
   9.12040001e-01
  -6.72431172e-01
  -5.04216367e-01
   1.87192425e+00
   5.65447252e-01
  -6.10186167e-01
  -7.52179700e-01
   1.26908268e-01
   1.00716914e+00
  -1.71985446e-01
  -2.79183807e-01
  -2.48729905e-02
  -5.43205330e-01
  -1.09520573e+00
  -1.04513953e+00
  -7.85667658e-01
   1.01937841e+00
   6.97879360e-01
   3.34501630e-01
  -9.34072862e-01
   4.98378449e-01
  -2.20842698e+00
  -5.54670092e-01
   3.67708769e-01
   1.10454025e+00
   1.34872535e+00
   6.45891540e-01
  -1.43832854e+00
  -3.83222532e-01
  -1.17591660e+00
  -1.74176207e+00
   7.63417167e-01
  -1.48387679e-01
  -2.46955782e-02
  -8.47994748e-01
  -1.14322519e+00
   2.78340308e-02
  -1.34418708e+00
  -5.74662203e-02
   1.30572875e+00
  -1.63339230e+00
  -5.43141238e-01
  -4.76898924e-01
   9.10158233e-01
  -1.04801306e+00
   1.25700471e+00
  -2.24741652e+00
  -1.78925361e+00
  -1.46712689e+00
   5.76483123e-01
   1.45343399e-02
  -5.57499848e-01
   3.45842246e-01
  -8.26704251e-01
  -1.22512666e+00
  -2.88811563e-01
   7.28866463e-01
   1.30988543e+00
   7.28228671e-01
  -8.52578003e-01
   2.11252709e-01
   1.45554492e-02
   8.10473117e-01
  -2.87337787e-01
  -9.27434551e-01
   8.26069699e-01
   1.40531879e+00
  -1.79548344e-01
   1.36337066e-01
  -2.74269282e+00
   1.47091836e-01
   1.21355060e-01
   5.81730211e-01
  -1.47425992e+00
  -1.81738305e+00
   4.35922238e-01
   2.02343685e+00
   1.18483939e-01
   3.82103274e-01
   2.23153979e-01
   2.40501851e-01
   4.21373297e-01
  -6.16822496e-01
  -1.59134027e+00
  -5.70996269e-01
  -3.73346718e-01
   7.96325955e-01
   7.52134311e-01
  -1.87889213e+00
   2.29828975e-01
   4.54074486e-02
   1.04832045e+00
  -4.16154214e-01
  -4.36838128e-01
   4.85435597e-02
   2.04917607e+00
   1.26274705e+00
   1.49576335e-01
  -1.27533601e+00
  -2.27851493e-01
  -6.88875168e-01
  -7.40450837e-01
   8.37799355e-01
  -1.12419487e+00
  -7.27980166e-01
  -4.59519976e-01
  -6.60723306e-02
   1.41215554e+00
   6.71595985e-01
   5.87631519e-01
  -1.52657957e+00
   5.86520894e-01
  -1.11779296e+00
  -9.30271140e-01
  -9.76554589e-01
   3.06804688e-01
  -4.96477503e-01
   1.01814708e+00
   3.06358552e-01
   1.62278422e+00
   6.33647334e-01
  -1.68126206e-01
  -1.61765487e+00
  -5.34912858e-02
   8.56328779e-01
  -1.53259826e+00
   1.35804451e+00
  -1.66104168e+00
   1.89555852e+00
   3.16629314e-01
  -5.68596746e-01
   1.04220346e+00
  -1.55370811e-02
  -1.15032427e+00
   8.64995847e-01
  -6.92739784e-01
  -1.97352978e+00
  -1.89065674e+00
   1.64535377e-01
   5.68155738e-01
  -1.86084952e-01
   5.87157010e-02
  -2.33834494e-01
   1.53560551e-01
  -2.83581439e-02
  -1.93240919e-01
   1.10702820e+00
   2.35465789e-01
  -1.99995629e+00
   6.09021144e-01
   9.24546995e-02
   5.03602340e-01
   3.48843315e-01
  -1.22954612e+00
   4.42892709e-01
  -1.26997019e+00
  -3.71555734e-02
  -1.44259410e+00
   5.64394641e-01
   8.28010636e-01
  -2.60236128e-01
   7.48161134e-01
  -2.76295335e-01
   2.17826735e-01
   2.05327181e+00
  -9.99233574e-01
   6.44845743e-01
   4.17662031e-01
  -1.17460820e-01
  -1.03999665e+00
   6.68155361e-01
   8.17018738e-01
   4.84509648e-01
  -3.76398764e-01
   7.06246747e-01
  -6.93719738e-01
   2.96194017e-01
   1.05999336e+00
   7.98348950e-01
   1.60299897e+00
  -1.93878567e-01
   1.42264294e+00
  -3.51668924e-01
   4.89137565e-02
  -2.50921326e+00
  -6.46258094e-01
   5.19752662e-02
   9.12181132e-01
  -1.92319015e+00
   1.36919365e+00
   4.35791120e-01
   9.32216895e-02
  -7.87637764e-01
   5.42947773e-01
   1.06110248e+00
   9.90370758e-01
   2.27215674e-01
  -2.41240248e-01
  -1.00950004e+00
  -5.38025859e-01
  -7.31880583e-01
  -1.06628706e+00
   1.39466683e+00
  -1.40454422e-02
   1.09843985e+00
  -5.70207824e-01
  -4.81601484e-01
   2.04134062e-01
  -1.29943540e-01
  -1.00160832e-01
   1.46809215e+00
  -8.06468759e-01
   3.36048620e-01
  -2.76188028e+00
  -7.46672207e-01
  -4.83948767e-01
   1.10165719e+00
  -1.37924934e+00
  -1.11624540e-01
   5.20668512e-01
   2.21863830e+00
   1.91206972e+00
  -5.07024554e-01
   8.02750047e-01
   9.86347853e-01
   1.43468445e+00
  -1.11068361e+00
  -1.82373097e-02
   5.60446785e-01
  -7.12002228e-01
   1.04100724e+00
  -1.48965538e-01
   1.46523671e+00
  -7.17710719e-01
  -2.83124570e-01
  -2.97380869e-01
  -1.49746074e+00
  -6.17491223e-01
   9.88943097e-02
  -5.46582150e-01
   1.45895564e-01
  -1.57456883e-01
   7.05696940e-01
  -3.39299859e-01
   1.29683010e+00
   7.85277991e-01
   9.04739516e-01
  -9.08524849e-01
   1.83283945e+00
   8.02869650e-03
   1.09295496e+00
   5.88854621e-01
   1.38274163e+00
   1.47570722e-01
  -3.14723391e-01
  -1.22227593e+00
  -9.21358791e-01
   8.27985875e-01
  -4.67424380e-01
   1.40805740e+00
   2.61570560e+00
  -1.16757979e+00
  -9.57811236e-01
   6.67591761e-02
  -1.56388718e-01
   6.83870883e-01
   8.62343327e-01
   6.48969806e-01
  -1.17379946e+00
  -7.18128509e-01
   1.07476955e+00
  -6.44476089e-01
   1.18806611e+00
  -6.58451233e-02
  -8.85652433e-01
  -1.45962496e-01
  -1.80687078e+00
   3.57297167e-02
  -1.43051080e+00
  -2.07105101e-02
  -5.28711354e-01
  -2.63963738e-01
   1.65354354e+00
   6.24026480e-01
   1.38486675e-01
   1.97675819e+00
   1.97289899e+00
  -3.12641641e-01
  -1.79059957e-01
  -7.49807190e-01
  -3.09481154e-01
   8.83121078e-01
   2.08788921e+00
  -9.32016147e-02
  -1.63446482e-01
  -4.48872553e-01
  -7.09595265e-01
   7.65930203e-01
  -8.88786646e-01
   1.64526772e+00
   9.96492863e-01
   1.82399512e-01
   2.09494733e-01
  -6.42232681e-01
  -8.11589589e-01
  -2.35983614e+00
  -8.24682470e-01
   2.99806777e-01
  -2.48425064e-01
  -3.20318018e-01
   2.42200757e-01
  -1.41420567e+00
   1.38102359e+00
   1.51127742e+00
  -4.64974658e-01
   6.58635652e-01
   4.25061943e-01
   8.14858459e-01
   4.60795359e-01
   1.47371478e-01
   5.02235382e-01
   5.02421046e-01
   1.03495341e+00
  -8.12664330e-01
   1.05176271e+00
  -5.16103440e-01
   8.13127469e-01
   2.53555163e+00
  -1.19941268e-01
   1.47190151e+00
  -2.28914838e-01
  -4.94428102e-01
   9.20111131e-01
   3.52989558e-01
   1.51498079e-02
  -1.33275236e+00
   2.26280658e-01
   1.51185926e+00
   8.29021031e-01
  -1.42729220e+00
   1.34642027e+00
   1.07303261e+00
   4.10844473e-01
  -4.99111947e-01
   1.78158902e-01
  -4.98861673e-01
  -2.00243021e+00
   6.90270848e-02
   2.85583284e-01
  -1.35782439e+00
  -3.61739748e-02
  -3.98943712e-01
   7.88352725e-01
   8.86617692e-01
  -2.52210443e-01
  -1.20868612e+00
  -5.22767099e-01
  -1.73790544e+00
   6.28714547e-01
   9.02315898e-01
  -1.82549665e+00
   6.88983655e-01
   9.24682586e-01
   8.94758277e-01
   1.07113348e+00
  -2.12135647e-01
  -9.11038028e-01
   1.62817370e-01
   4.51763124e-01
   6.57413208e-02
   6.94048545e-01
  -3.58143123e-01
   9.85915682e-01
  -4.51199979e-01
   1.46682775e+00
   1.27704787e+00
   8.97092945e-01
  -6.20805448e-01
   1.97095992e+00
   3.37825367e-01
  -2.32682601e-01
  -8.22416904e-01
   1.17766586e-01
   3.36899384e-01
  -1.56894835e-01
   3.50967363e+00
   3.65745484e-01
  -1.90955404e+00
   1.35062601e+00
   4.89631251e-01
   1.51096441e-01
   1.58630795e+00
  -3.46567076e-01
   7.14695838e-01
   1.30306841e+00
   1.63394972e+00
  -4.86861996e-01
   3.76659994e-01
   2.20684001e-01
   6.49737219e-02
   2.65628722e-01
  -1.28724494e+00
   3.57870494e-01
  -1.87703004e+00
  -9.70526609e-01
  -4.27854126e-01
   1.11387142e+00
  -1.09208096e+00
   5.63247931e-01
   1.81520004e-01
   4.10518058e-01
   1.04131734e+00
  -9.14266146e-01
   1.51620033e+00
   6.41851992e-01
  -6.07797846e-01
  -1.29901771e-01
  -1.60844956e+00
   5.51694451e-01
   9.86824141e-01
   8.64857719e-01
   1.03127990e+00
  -9.60428730e-01
  -3.30769130e-01
  -2.36284960e-01
   1.62267791e+00
  -1.47120423e+00
  -7.55984943e-01
  -1.15987174e+00
  -5.78695375e-01
   7.27285077e-01
   1.78360999e+00
   4.34898594e-01
   1.01405834e+00
   1.16545752e+00
   7.63222650e-01
   2.16013597e-01
   1.08211716e+00
   3.80329032e-01
  -3.81768914e-01
  -8.92642252e-01
   6.91791888e-02
   1.07740273e+00
   2.09134024e-01
   1.44533181e+00
   1.28425332e+00
  -4.55492519e-01
  -1.31417283e+00
  -1.31624111e+00
  -1.21527562e+00
   1.00587753e+00
  -1.11714156e-01
  -1.41930253e+00
   1.23793273e+00
   7.71699313e-01
  -1.11469146e+00
   1.24076464e+00
   2.18328343e-01
   2.02747574e-01
  -2.52953404e-01
  -1.19674727e+00
  -1.73499685e+00
   8.10962132e-01
  -3.46907763e-01
   1.52450386e-01
  -1.25246250e-01
  -6.79930008e-01
   3.07056333e+00
   2.92044897e-01
   1.27709141e+00
   1.03862270e+00
  -4.69809437e-02
   6.87494975e-01
   1.10685472e+00
   1.06228815e-01
  -4.50393565e-01
   2.80386013e+00
   4.38293605e-01
   1.31488997e+00
  -4.71893514e-01
  -2.35036545e-01
  -9.78453782e-01
  -1.32669578e-01
   4.52931270e-01
   4.32539179e-02
  -7.16590137e-01
  -2.96328757e-01
   8.78417338e-01
  -9.86226521e-01
  -8.53228895e-01
   6.47464339e-01
  -2.35895756e-01
  -1.67960758e-01
  -1.65534434e+00
   4.39862015e-01
   1.60241675e-01
   1.39817035e-01
   9.26429927e-01
  -7.08225306e-01
   1.39563948e+00
   6.36885836e-01
  -3.64299806e-01
   8.85045413e-01
  -1.01574799e-01
   1.58639426e-01
  -1.27802135e+00
  -4.75452764e-01
   1.86017222e-01
   6.30814953e-01
   5.26051864e-01
   9.53613347e-02
   8.27111503e-01
  -3.04055088e-02
   6.20781217e-01
  -6.83954455e-01
   2.21921757e-02
  -1.85527239e-01
   4.52472952e-01
  -1.17630012e+00
   8.87969762e-01
   6.04468151e-01
  -1.59062893e-01
   1.79071954e-01
  -1.00476745e+00
   2.60312835e-02
   3.49385293e-01
   1.63152509e+00
  -1.43723943e-01
  -2.26614603e+00
   7.51762700e-01
  -3.99879209e-01
   1.16736779e+00
  -1.38853007e+00
   1.17504299e+00
  -7.61500646e-01
  -1.21556223e-02
   6.58817486e-01
   2.41512718e-02
  -5.27572858e-01
   4.76629039e-01
  -1.15576391e+00
   8.80019395e-01
  -8.59768836e-02
   2.65778923e-01
  -1.15330334e+00
   1.07642653e+00
  -4.17131554e-01
   1.38244821e+00
  -5.42033194e-01
   1.36863600e+00
  -1.00219257e+00
  -6.32432141e-01
  -2.05787677e+00
   1.74500858e+00
  -2.91379527e-01
  -5.53116141e-01
   3.57249700e-01
   2.66609866e-01
  -7.36164113e-02
  -8.28749718e-01
  -2.28883879e-01
  -1.47133245e-01
  -1.14872925e-01
  -1.24749569e+00
  -1.56703860e+00
  -1.99585493e+00
   9.70935278e-01
  -1.22151402e-01
   2.10863426e+00
   1.66252440e+00
   2.26898921e-01
  -1.84119313e+00
  -1.28906880e-02
   5.89326675e-01
  -4.44612853e-02
  -1.35081729e+00
  -2.24306190e+00
   4.01371449e-01
   7.85517629e-01
   1.34372600e+00
  -7.42129420e-01
  -5.18633083e-01
   7.42149081e-01
   2.31296734e-01
  -1.55571664e+00
   1.87277471e-01
  -2.55776044e-01
   5.46533602e-01
  -7.38113702e-01
  -1.13646867e-01
   5.89906773e-01
   5.84068352e-01
  -7.80616121e-01
  -1.36169560e+00
   1.77432139e-01
  -1.13950361e+00
  -2.16124243e-01
   6.95565778e-01
  -2.64209264e-01
   6.55096033e-01
  -5.58319825e-03
  -2.31635207e-01
   3.67106465e-01
  -5.59432146e-01
  -2.37761128e+00
   4.04314308e-01
  -1.59422648e+00
   9.50342627e-01
   7.05365173e-01
  -9.24986813e-01
  -5.33740953e-01
  -1.88582122e+00
   8.66952307e-01
   8.43295924e-01
  -7.37853675e-01
   5.75414843e-01
  -9.91334659e-01
   2.75359478e-01
  -8.38677721e-01
   1.08521262e+00
   1.17908305e+00
  -1.36792590e+00
  -4.64507350e-01
  -8.81520606e-01
  -7.85634557e-01
  -6.28491163e-01
  -1.24242281e+00
  -7.08875386e-01
   8.85557047e-01
  -3.01479476e-01
   8.41609308e-02
   7.99478778e-01
  -1.37853798e+00
  -8.26911385e-01
   1.72190338e+00
  -1.35118331e+00
  -1.73004518e+00
  -1.13130727e+00
  -1.87834631e+00
   1.88983382e+00
   9.32216171e-01
  -1.15946994e+00
  -1.20160389e+00
   7.90936774e-02
  -3.01695484e-01
   4.58202865e-02
  -4.53225044e-01
   5.98169847e-01
  -1.06572423e-01
  -3.16512785e-01
   1.23854699e+00
   9.77189666e-02
   1.27993522e+00
   1.35990671e-01
  -1.29404449e-01
   1.88883961e-01
  -9.00973508e-01
   5.45647450e-02
   7.11798757e-01
   3.69949649e-01
  -1.05285318e+00
   1.57000889e+00
   2.91104061e-01
  -2.04466308e-01
   4.17264250e-01
  -3.50971789e-01
  -1.01182872e+00
  -1.41272710e+00
   6.11663269e-01
  -4.32492899e-01
   4.40523434e-01
  -6.76941118e-01
  -1.17285764e+00
  -3.93768386e-01
   2.48565418e-01
  -2.06412172e-02
   7.70963076e-01
  -8.18986301e-01
  -3.74425839e-01
  -6.92656672e-01
   4.22148875e-01
  -3.61258700e-01
   2.15619099e+00
  -1.69741064e-01
   1.74829192e+00
  -1.52679739e-01
   9.90411178e-01
   5.56399032e-01
   7.48406831e-01
  -1.98835305e-01
  -9.87714518e-01
  -1.13534484e-01
  -1.31665640e+00
   6.48852366e-01
  -1.04839194e-01
  -4.86767948e-01
   7.01275389e-01
   2.66973171e-01
  -3.56215606e-01
  -4.60480693e-01
  -1.94002783e+00
   2.06540734e-01
   1.18997817e+00
  -2.10644778e-01
  -5.73676613e-01
  -1.01706617e+00
   1.64969152e+00
  -4.91190209e-01
  -4.22449560e-01
   2.63319346e+00
   2.10724781e-01
  -1.85105388e+00
  -6.94795624e-01
   1.19151793e-01
  -8.51862803e-01
   7.93299493e-01
  -1.65992586e-02
  -1.16872419e+00
  -1.58081375e+00
  -1.54235543e+00
   8.19178744e-01
   1.16125783e+00
  -5.76836169e-02
  -4.02057473e-01
  -5.25341765e-01
  -6.95824262e-01
   3.68075771e-01
   5.35955162e-01
   1.48374514e+00
   4.15153993e-02
  -1.40864453e+00
   7.39554049e-01
   7.25244572e-01
   2.34764357e-01
   1.73247493e+00
   5.85495627e-01
  -8.63768416e-01
  -3.73874056e-01
  -1.17661811e+00
   3.61051958e-01
   1.70616146e+00
   7.63508750e-01
  -2.06125911e-01
  -8.52165927e-01
  -5.65918985e-01
   9.24487569e-01
   1.41591112e-01
   7.62511163e-02
   9.77927651e-01
   5.69762176e-01
   1.18280535e+00
   1.64157058e+00
  -6.63644173e-01
  -7.17994935e-01
  -1.51817349e+00
  -3.59383223e+00
   1.96654431e-01
  -5.56020094e-01
   1.33316967e+00
  -9.71465661e-01
  -2.48211129e-01
   3.41155660e-03
   1.65888365e+00
   1.18240837e+00
  -2.86478026e+00
  -1.44843214e+00
   2.12483324e-01
  -3.91564302e-01
   4.64285101e-01
  -6.67645055e-01
  -5.20743832e-01
   3.46513018e-01
   3.87845293e-01
  -1.08034686e+00
   2.46058399e+00
  -2.50929194e+00
   3.70961625e-01
  -1.20380238e+00
   2.86899031e-01
   1.16055647e+00
  -2.00346968e+00
  -2.16713430e+00
  -3.36417588e-01
   3.95404320e-02
   1.95245435e-01
  -1.46544722e+00
  -1.98838512e+00
   1.20268755e+00
  -2.17137884e+00
   2.98868657e-01
   8.03910833e-01
  -6.18944891e-01
  -3.40189834e-01
  -9.76874974e-01
   2.14513819e+00
   1.18139381e+00
  -2.09459584e-01
  -1.18851669e+00
   8.65955506e-01
  -7.50309042e-01
   3.90969387e-01
  -2.26178218e-01
  -6.60766702e-01
  -1.26910844e-01
  -2.69584757e-01
   1.10572749e+00
  -1.76449870e+00
  -9.42417668e-01
  -1.25830074e+00
   3.75932359e-01
  -3.42464413e-01
  -1.65592198e-02
  -5.54886341e-01
  -1.36608219e+00
  -1.64815471e+00
   5.27251975e-01
   1.64743000e+00
   8.88244923e-01
   6.89380231e-01
   4.83108514e-01
  -9.81369001e-01
  -9.57401299e-02
  -1.48215997e+00
  -2.82264141e-01
   6.88588119e-02
  -1.78379050e+00
  -2.27127771e+00
  -4.00391373e-01
  -5.06247887e-01
   9.57350208e-02
   9.05263140e-01
   4.26153124e-01
   2.32754819e-01
  -3.60951511e-01
   1.32583590e+00
   9.94846861e-02
  -1.07323869e+00
  -4.11648204e-01
  -3.75368471e-01
  -1.13003929e+00
   8.16394172e-01
  -8.42043434e-01
   2.14323241e+00
  -7.83430434e-01
   1.24597807e+00
   2.53063657e-02
  -1.40297559e+00
   5.94050655e-01
   1.01370778e+00
  -1.30869366e+00
  -1.59216830e+00
  -8.19803468e-01
   7.90450943e-01
   4.48765860e-01
  -1.13200767e+00
  -7.24179909e-02
  -6.18112273e-01
  -7.55327855e-01
  -1.91343831e-01
   2.37736361e-01
   1.51419421e+00
   3.54819098e-01
   3.44169178e-01
  -3.23930064e-01
  -2.13617407e+00
   8.93305622e-01
  -1.24345256e+00
   6.51804793e-01
   3.04062359e-01
   5.06762914e-01
   3.06360444e-01
  -2.51156713e+00
   4.45537969e-01
   4.42662985e-01
   3.39294401e-01
  -1.76808739e+00
   6.85853764e-01
   1.22053529e+00
   5.60054270e-01
   1.15065658e+00
  -8.48403928e-02
   1.34618560e+00
   9.19663678e-01
   2.21626697e+00
   9.94499696e-01
  -4.19273384e-01
   5.49723393e-01
   1.86931950e+00
  -1.53035968e+00
  -7.79156931e-01
   1.27465786e+00
   9.74664647e-01
   9.25122964e-01
  -1.88442552e+00
   8.20233817e-01
  -2.69814052e-01
   1.33547258e+00
   9.34680854e-02
   3.37996121e-01
   2.39911574e-01
   1.16642349e+00
   2.43650575e+00
  -3.52865478e-01
   8.72889748e-01
  -7.19737382e-01
   2.43963427e+00
   5.47480237e-01
  -8.33631009e-01
  -7.17012594e-01
  -5.64113435e-01
   3.01816793e-01
  -1.72072815e+00
   6.56311131e-01
   1.29063543e-01
  -1.22416582e+00
   5.53637503e-01
   1.23981314e+00
   4.28763734e-01
   1.05482885e+00
   6.12017613e-01
   3.40733007e-01
   4.34982302e-01
   1.17305081e+00
  -1.12193382e-02
  -8.18273605e-01
   1.91740588e+00
   1.09436282e+00
   3.66669726e-01
   6.23559695e-01
   1.46422425e+00
  -1.25974829e-01
   1.31984225e+00
   7.49227151e-01
   7.84579158e-01
   3.33924521e-01
  -1.01543094e+00
   1.13105520e+00
  -2.03530224e-01
   1.71710105e+00
   1.01213784e+00
   2.56648836e-01
  -1.83204649e+00
  -1.49765952e+00
   8.10173477e-01
  -8.40522207e-01
  -1.63481728e+00
  -9.53422530e-01
   1.40265471e+00
  -8.57465316e-02
  -3.65228859e-02
  -5.65308164e-01
  -1.58795886e-01
   1.76326149e+00
   5.12419611e-01
   2.60401994e+00
   1.63839142e-01
  -2.42025446e-01
  -6.31952554e-01
   3.90781001e-01
   9.55044665e-01
  -1.18061957e+00
   4.48214958e-01
  -2.57972806e-01
  -1.05834372e+00
   4.41607626e-01
  -7.08968622e-02
   5.22215183e-01
  -2.31613148e-01
  -9.68404070e-01
   5.74240607e-01
  -1.04049393e+00
   5.64450745e-01
   1.06483623e+00
  -3.63546824e-01
   2.11559286e-01
  -9.95271622e-02
   4.56210068e-01
  -8.85053057e-01
   4.15854391e-01
  -5.93573991e-02
   8.75305874e-01
   1.65110123e+00
   8.93504762e-01
   2.27739961e-01
  -8.05409498e-01
  -2.03348777e-01
   1.16582814e+00
   3.32805454e-01
   7.19832975e-01
   1.54670970e+00
  -1.00602945e+00
   5.82720033e-01
   7.94927759e-01
   1.19139033e+00
   1.57050192e-01
   2.43777178e+00
   4.88387535e-01
  -1.40883095e+00
   3.23459673e-01
   2.80513636e+00
   2.89644383e-01
  -2.66365101e-01
   2.43683663e-01
   7.80020727e-01
  -1.16499256e+00
   2.59027760e+00
   8.61815512e-01
   5.30500487e-02
  -1.36409891e+00
  -1.94127204e-01
  -1.70089220e-01
   7.65301315e-01
  -6.66280178e-01
   8.22888107e-01
   2.14114627e+00
   4.89003273e-01
  -5.93091736e-02
   8.12568035e-01
  -1.15508112e+00
  -1.64218689e+00
  -2.23658200e-01
  -8.81247860e-01
   4.84504341e-02
   1.22273382e+00
   9.31069170e-01
  -6.82208103e-01
   4.52298572e-01
   9.21707519e-02
   1.17207654e-01
  -2.18573088e+00
   1.87413887e+00
   1.38143689e+00
   3.15250058e-01
   4.67059293e-01
  -2.35325644e-01
  -1.07703091e+00
  -7.97340137e-01
   1.55334497e-01
  -2.24693915e+00
  -8.18918786e-01
  -1.01136391e+00
   3.05891254e-01
  -8.93562050e-01
   1.09090361e+00
  -1.30866948e+00
   1.70466000e-01
   1.93899150e-01
   3.96049672e-02
   2.45622253e-01
   6.11290031e-02
  -8.48766823e-01
  -1.38244182e-01
   1.64128516e+00
   5.59555419e-01
  -1.94165032e+00
  -2.56466636e-01
  -7.33268044e-01
   1.46777659e+00
  -1.08929794e+00
  -2.11234581e+00
  -2.44164255e-02
   1.74725946e+00
  -1.83076855e+00
  -4.69817157e-01
   3.29858462e-01
   5.62484640e-01
  -7.29463818e-01
   2.36681537e+00
   3.63430669e-01
   1.17242953e+00
  -1.00916381e+00
  -3.44230235e-01
   3.81583254e-01
   8.96902073e-01
  -8.53418352e-02
   3.33909440e-01
  -4.54107717e-01
  -8.64068508e-01
   2.56145511e+00
  -5.33230384e-01
  -9.74587224e-02
  -3.74993499e-01
  -5.14603897e-01
  -4.47226561e-01
  -7.60220791e-03
   2.38157626e-02
  -8.84625938e-01
   7.92186303e-01
   8.38002712e-01
  -7.39180114e-01
  -7.48097168e-01
  -7.33193104e-01
   1.84171772e+00
   1.58523160e-01
  -2.20640319e+00
   1.25610363e+00
   2.47075671e-01
  -4.64790803e-02
  -3.27614743e-01
   6.54049119e-01
   6.22981488e-01
  -4.24125043e-01
   1.42328228e-01
  -6.62622220e-01
   2.17252824e+00
  -9.88887179e-01
  -1.73932213e+00
   1.62734239e+00
   1.22736191e+00
  -6.24673772e-01
  -2.90402169e-01
   1.07382586e+00
  -1.08240428e+00
   1.18573325e+00
   5.75544439e-01
   1.82337405e-01
  -2.65827960e-01
  -1.26706874e+00
   1.97017791e+00
  -1.18646489e-01
   4.62679977e-02
  -6.24487385e-01
   5.55926693e-01
  -3.69906216e-01
   4.87269159e-01
  -9.91536275e-02
  -1.22484320e+00
