 -3.32195180e-01
 -7.05517652e-01
  1.11259761e+00
 -3.75458339e-01
 -1.68354381e-01
 -3.34991965e-01
  4.94425894e-02
  6.36155918e-01
  4.27150021e-01
  5.74416964e-01
  1.52275029e+00
  4.60689364e-01
  8.71403200e-01
  4.84784866e-01
 -1.00724755e+00
  1.10579098e+00
 -2.82824950e-01
 -1.80342924e+00
  1.47548541e+00
 -8.38336953e-01
 -1.18751468e+00
 -1.69526367e-01
  6.37810469e-01
  9.32423385e-01
  1.12072020e+00
  2.90275186e-02
  2.43515732e-01
  8.66792829e-01
 -7.89031610e-02
  8.37689566e-01
  3.18137433e-01
 -5.65718202e-01
 -2.53480484e+00
  1.56353199e-01
 -8.12958989e-01
 -2.23506217e+00
  6.85134527e-02
 -9.89497865e-01
 -2.22956301e-01
 -1.00684837e+00
 -5.85735207e-01
  2.28504963e-01
  1.84132795e+00
 -9.76829829e-01
  4.42153445e-01
  6.63691310e-01
  8.00876520e-01
  9.22678907e-01
  1.13048603e+00
  2.31604914e+00
  1.04817587e+00
  1.17365259e-02
 -1.52358732e+00
 -1.51608677e+00
  1.27298728e+00
 -2.03530132e-01
 -3.93962938e-01
 -1.14469376e+00
 -6.82154563e-01
  1.19987522e-02
 -4.67568327e-01
 -1.07338290e-01
 -1.23471047e+00
 -2.57960158e-01
  2.79626785e+00
 -8.90073481e-01
  2.07702019e-01
  6.05284155e-01
 -4.60766743e-02
  3.47048141e-01
 -4.78715661e-02
  2.08189936e+00
  8.32727247e-01
 -1.99368480e+00
 -1.54678019e+00
  7.86453888e-01
 -9.46997145e-01
  3.24784764e-01
 -2.86484790e+00
 -6.08538858e-01
 -1.47648567e-01
  1.53250215e+00
 -1.80661980e-01
  2.05036271e-01
 -1.07965387e-01
  1.91210875e+00
 -5.68994011e-01
  1.23233052e+00
 -1.55766007e-02
 -2.12384671e+00
  1.35996603e+00
 -1.48682864e+00
  2.24887542e-02
 -1.16954941e+00
 -1.03126682e+00
  5.07365469e-01
  8.42781541e-02
 -5.18417334e-01
  6.84838509e-01
  1.62017506e+00
 -9.11134656e-01
 -9.70444932e-02
  1.17123197e+00
 -2.84034028e-01
  1.10093641e+00
  1.35103345e+00
 -1.03542324e-01
  1.66430699e-01
 -6.50236233e-01
  1.03403957e+00
  1.41353194e+00
  2.11422897e+00
  1.26839724e+00
  2.73668007e-01
 -1.12912460e+00
  3.81717319e-01
 -3.25763238e-01
 -1.41966494e-01
  3.23433511e-01
 -1.40246209e+00
 -4.30244959e-01
 -1.24870248e-03
 -1.84294009e-01
 -3.77797934e-01
 -3.26190382e-01
  2.46349367e-01
  2.34890919e-01
  1.56786850e+00
 -1.35163694e+00
 -1.65966389e+00
  4.31640435e-02
 -1.17768582e+00
  1.63185470e-01
 -2.64436821e+00
  8.14648835e-01
  9.80406724e-01
  1.67634069e+00
 -1.66543055e+00
  1.00302300e+00
 -1.25900643e+00
 -9.83789923e-01
  9.24870506e-01
 -1.06514212e-01
 -3.69112276e-01
 -3.26826110e-01
 -7.29966154e-01
  6.79578574e-01
 -4.00046314e-01
 -5.14750402e-02
 -4.71584012e-01
 -7.27255873e-01
 -6.53481667e-01
 -2.33645954e+00
  2.22738999e-01
 -5.18447171e-01
  1.42922745e-01
  2.02845363e+00
 -7.72785826e-01
  5.61540975e-01
 -6.76279517e-01
  4.95010680e-01
 -1.76001074e+00
 -2.46506414e+00
 -6.37620634e-01
  1.39076958e+00
 -3.39812300e-01
 -1.29371527e+00
  1.10453957e-02
  6.90164710e-02
  1.51526454e+00
  4.53048861e-01
 -8.01570022e-01
 -2.86577630e-01
  8.93501282e-02
  3.55977188e-01
  1.00236979e+00
  1.27007815e+00
 -3.21890733e-01
  1.07391960e+00
  4.41220063e-01
 -5.00707700e-01
  1.35187590e+00
  5.44956652e-01
  7.03423453e-01
  2.73992290e+00
 -2.22376423e-01
 -2.14371112e-01
  1.15231305e+00
 -1.88451188e+00
  6.22623223e-01
 -4.92611362e-01
  1.75272268e-01
 -1.11943237e+00
 -7.71531046e-01
 -2.77372584e-01
 -1.23523069e+00
 -6.05365143e-01
 -2.36763650e-01
 -1.83375924e+00
 -2.16936340e+00
  1.43402346e+00
 -2.92123259e-01
 -5.58467793e-01
 -1.81796386e-01
  1.01434043e+00
 -5.43374711e-01
  6.59434859e-01
  1.43992932e-01
  2.31207871e-01
 -3.63664239e-01
 -1.89121962e-01
  5.45550985e-01
  3.35521570e-01
  1.07926761e+00
 -4.33687472e-01
 -6.24842290e-01
 -1.44677650e-01
  1.66381222e+00
 -1.27586756e+00
 -8.07992962e-01
  4.85231530e-01
  8.21787146e-01
  5.14255311e-01
 -1.75316070e-01
 -1.91968136e+00
 -1.88567534e-01
 -1.04698431e+00
  2.19199495e-01
  2.46760475e-01
  1.14089027e+00
 -1.29913890e-01
  9.96307201e-01
  9.27050734e-01
 -4.18450467e-01
 -3.42540359e-01
  2.00688417e-01
  5.30851659e-01
  1.60205299e-01
 -1.55287944e-01
  1.03580669e-01
 -8.87409375e-01
 -5.93571272e-01
  1.72215540e+00
 -1.40203766e+00
  1.12082473e-02
 -3.17763860e-01
  7.96344309e-01
 -1.51090286e+00
 -2.24605395e+00
  1.44624725e+00
  1.95711719e-01
  1.21993425e+00
  6.10490664e-01
  4.75628055e-01
  3.37279650e-01
 -4.04665216e-01
 -1.62397888e-01
 -9.92112006e-01
  6.04849409e-01
  1.31929496e+00
  5.71788389e-02
 -7.69175355e-01
  1.06568088e+00
  1.64046767e-01
  6.00981972e-01
  2.56977835e-01
 -6.67319187e-02
  1.77386435e-01
 -8.37348357e-01
 -2.34022272e+00
 -2.80631138e-01
 -3.50366338e-01
 -6.02878145e-01
 -4.55669800e-02
 -7.89000946e-01
  1.93133890e-01
  8.47595673e-01
  3.06349568e-01
 -5.45883417e-01
 -5.38529401e-01
 -5.59588263e-01
 -7.02822056e-01
 -1.27096660e+00
 -2.41993252e-02
 -3.45475758e-01
 -2.33010003e-02
 -1.97200867e-01
 -4.74909407e-01
  3.06875899e-01
  2.06975709e-02
 -1.68068264e-01
 -1.85679879e+00
 -6.24061584e-01
  4.11489157e-01
  6.12505586e-01
 -3.10362568e-01
 -1.22786952e+00
 -9.44120497e-01
  7.60286090e-01
 -8.96460810e-01
  1.19519562e-01
  1.00352175e+00
 -1.87619311e-01
 -1.20223980e+00
  2.62360359e-01
 -8.84510117e-03
 -3.44877432e-01
 -8.25341246e-01
  1.31076918e+00
 -4.78843576e-01
 -5.22353468e-01
  6.11710378e-01
  1.89556730e+00
 -1.40507667e-01
 -5.86656054e-01
  8.50062812e-01
  1.71660926e-01
  5.77492721e-01
  3.08801902e-01
 -6.82542551e-01
 -3.30422827e-01
  1.39438359e+00
 -1.28604331e+00
  5.64590301e-01
 -3.14436399e-02
  7.98872569e-01
 -1.06993354e+00
 -3.68690903e-01
 -5.82091223e-01
 -1.39533808e+00
  7.05238931e-01
 -4.67663344e-01
  1.38586255e+00
 -5.74740716e-01
  6.35598975e-01
 -7.30242715e-01
  1.49149685e+00
 -5.79660210e-01
  6.54418272e-01
 -1.73388470e-01
 -7.62108219e-01
  3.10171690e-01
 -1.54773428e+00
 -1.11856213e+00
 -1.49789092e+00
  1.36264458e+00
 -4.37650709e-01
 -1.15378279e-03
 -4.33605068e-01
  1.72118231e+00
  1.12620176e-01
  1.07114825e+00
 -1.65711422e+00
 -7.74765175e-01
  2.24313275e+00
 -8.03281648e-03
 -6.04202987e-01
  7.34187217e-01
 -6.32929322e-01
  6.70838738e-02
  7.74670792e-02
  7.17520900e-02
 -7.65099430e-01
 -2.31426018e+00
  1.27180798e-01
  9.50316526e-01
  2.53245417e-01
  1.53083094e+00
 -1.39824057e+00
  7.04700812e-03
  5.61748818e-01
  1.85368405e-01
  1.79324277e+00
  9.57393410e-01
 -1.16107773e-01
  7.57187503e-01
 -6.04914365e-01
 -8.93279063e-01
  1.59342444e-01
 -5.79269166e-01
 -2.04925888e+00
 -4.58844466e-01
  1.09711026e+00
  3.40071102e-01
  1.82675584e+00
  5.66969349e-01
 -1.07967567e+00
  1.09491475e+00
 -1.26081544e+00
 -1.26098981e+00
  1.01079773e+00
 -3.16091236e-01
 -2.86361917e-01
 -5.67476541e-01
  5.81729538e-01
  7.65813427e-01
 -7.99332536e-01
  5.92100705e-01
 -1.11483724e-02
  4.29789760e-01
 -1.37182057e+00
  2.31308485e-01
  4.26440323e-01
  1.28052586e+00
  3.22219587e-01
  9.16563296e-01
  1.88287330e+00
  1.65494001e-01
  9.16311028e-01
 -2.03327441e+00
  1.21391830e+00
  4.27755532e-01
 -1.34095105e+00
  3.18258162e-01
  3.05169815e-01
 -4.07177495e-02
 -1.55760266e+00
 -7.40625364e-01
  2.50739413e-01
 -1.66242441e+00
  1.22472276e+00
  2.87928434e-01
  1.20712442e+00
 -3.23612918e-01
  3.28182720e-01
  1.05239919e-01
  3.85165193e+00
 -1.21891154e+00
 -3.00648812e-01
  4.93090022e-01
  1.88978652e+00
  1.38338821e+00
  6.94947323e-01
 -1.92840459e+00
  7.31993144e-01
 -3.93016204e-01
 -6.72860717e-01
 -4.13029277e-01
  6.18172263e-01
 -1.77601967e+00
 -2.71543256e-01
 -5.59716572e-01
 -8.93715391e-02
  5.80132328e-01
  1.40204297e+00
 -8.88687572e-01
  3.74403023e-01
 -2.31892593e+00
 -8.28969343e-01
  1.55680382e+00
  6.00885815e-01
 -6.72554860e-02
 -3.99980244e-02
  2.60094787e-01
  2.03975688e+00
 -5.94134822e-01
  1.00989448e+00
  1.30067606e-01
 -1.03730806e-01
 -4.36680328e-01
 -1.14587523e+00
 -3.31667245e-01
 -7.65353582e-01
  5.50126704e-01
  2.33485812e+00
  6.06727686e-01
 -5.98939358e-01
 -1.06946626e+00
  2.36092734e-01
  1.72524896e+00
 -3.58256414e-01
  1.81824346e+00
 -1.31245919e-01
  5.74650315e-01
  8.25129902e-01
 -1.12816516e+00
 -1.84532382e+00
 -1.06023885e+00
 -4.50013958e-01
 -1.06698243e+00
  1.19487071e+00
  1.87437063e-01
  1.11215698e+00
 -7.80449347e-01
  1.45176665e+00
  1.25791367e+00
  9.35033799e-01
  9.26661917e-01
  7.55688949e-01
 -1.79720072e+00
  5.23429984e-01
  8.23935473e-02
 -1.28122291e+00
  8.39545017e-01
  2.07828679e-01
  1.00121225e+00
  1.04976540e-01
 -2.08871068e-01
 -7.95279906e-01
  6.44575540e-01
 -8.55401281e-01
  8.64659178e-01
 -6.79025917e-01
 -1.08656767e+00
 -5.22064657e-01
  2.38655338e+00
 -4.30728727e-01
  4.97989133e-01
  4.56708671e-01
  1.25228080e-01
 -1.26031593e+00
 -2.39258087e-01
 -8.13512179e-01
 -1.89426388e+00
 -1.94850942e+00
 -1.84239082e+00
  4.78301860e-01
 -6.86262686e-02
  3.75525356e-01
 -1.34724006e+00
  1.45427716e+00
  1.52730010e-01
  1.06420477e+00
  1.04304584e+00
  4.56195728e-01
  1.15347231e+00
 -1.87865972e-01
  1.87065354e+00
 -1.14013065e-01
 -2.03147912e+00
  7.93613961e-01
  1.43652436e+00
 -2.00676348e-01
 -1.56062496e+00
 -5.84890149e-01
  3.02119273e-02
 -4.02259393e-02
  5.17974324e-01
 -1.60692376e+00
  4.15258769e-01
 -3.44304050e-01
 -5.16184180e-01
  4.00752533e-01
 -4.55988690e-02
  5.43186615e-01
 -1.30649116e-01
 -5.95731667e-01
 -7.85069309e-02
 -1.51179350e+00
 -6.21409260e-01
 -5.81402904e-01
 -1.45582495e+00
  2.60899998e+00
  2.22841264e-01
 -1.52442013e-01
  1.58652383e-01
  1.08363357e+00
  1.04668488e+00
  6.23769812e-01
 -1.03375004e+00
  5.33862954e-01
 -3.38774775e-01
 -1.21071532e-01
  2.09937536e+00
 -7.17160115e-01
  1.78664857e+00
  5.37389832e-01
  8.23592848e-01
 -2.85825029e+00
  4.13672545e-01
 -4.27840361e-01
  1.77826583e+00
  2.74731549e-01
 -1.03020284e+00
 -5.93635138e-01
 -5.60648891e-01
 -1.01948655e+00
  1.80438231e+00
 -1.86407247e+00
  1.68224482e-02
  8.89451034e-01
 -6.46533005e-01
  1.48823978e+00
  5.77547997e-01
  9.48703319e-01
  6.28674008e-01
  4.85487957e-01
 -4.56435004e-01
 -8.88779510e-01
 -8.81657438e-01
  5.27647306e-01
  1.23504824e+00
  1.84844217e+00
 -9.17433062e-01
  9.58069035e-01
 -3.40539568e-01
 -6.76732065e-01
  1.06531876e+00
 -1.30590425e-01
  1.20949372e+00
 -9.98694826e-02
  5.49104563e-01
 -8.61212484e-01
  5.58789297e-01
  4.37182946e-01
  1.62624929e+00
 -1.02078741e+00
 -5.76026625e-01
  2.13016141e+00
 -2.79359214e-01
  9.35329970e-01
 -4.19219918e-01
  1.75370173e+00
  4.43447956e-01
 -1.18233548e+00
  1.00973925e+00
 -2.19381091e+00
  1.70965359e+00
 -1.29666380e+00
  6.90125043e-02
  8.11882562e-01
 -7.00456842e-01
 -3.98605938e-01
  1.16481248e+00
  2.38198084e-01
  2.67000370e+00
 -4.33423827e-01
 -2.40303001e-01
  5.85335382e-02
  3.89792894e-01
  1.88424863e+00
  2.49107385e-01
  1.17233757e+00
  7.68447483e-01
  7.82694226e-02
  2.34082626e+00
  2.57367426e-01
  7.37941348e-01
 -5.47841123e-01
  7.04527213e-01
  9.63501592e-01
 -4.68667168e-01
 -1.16839510e+00
 -9.20967230e-01
  1.63517622e-01
  1.98226138e-01
 -3.66434226e-01
 -9.83491674e-01
  9.15419602e-01
 -8.00997780e-01
 -1.07596013e-01
  2.12054815e+00
  1.24921426e+00
  8.95655979e-01
  8.07892042e-01
 -1.45741108e-01
  4.83632702e-01
  1.72056373e+00
  1.55277211e+00
  1.62268946e+00
  1.08211313e+00
  6.25262621e-02
 -5.04743217e-01
  6.43563054e-01
 -6.84479993e-01
 -2.76088947e-01
  5.05761765e-01
  1.19476352e+00
  2.04022046e+00
 -1.33987606e+00
 -1.32756439e-01
 -8.63140458e-01
  5.93093940e-01
  2.20899203e-01
 -1.73535022e-01
 -1.45350634e-01
  1.84148111e-01
 -4.37579660e-01
  1.43741476e+00
 -1.77729925e+00
 -7.44895543e-02
  1.32729611e-01
 -9.73796874e-01
 -5.43556372e-01
 -2.33433316e-02
  4.71964442e-01
  1.21559030e+00
 -5.86281713e-01
  4.64770387e-01
 -1.69269910e-01
  1.13415660e-01
  2.87493549e-01
 -5.11073873e-01
  5.44877506e-01
 -1.38151004e-01
 -3.16191491e-01
  7.04917657e-01
  9.71667524e-01
  4.11324097e-01
 -8.35669238e-01
  3.62359432e-01
 -3.99805092e-01
  1.31066822e+00
  2.85747289e-01
  4.69761661e-01
 -5.67340453e-01
 -1.13551620e+00
 -3.38007634e-01
  5.21163327e-01
 -3.22508126e-01
 -1.31958402e+00
 -9.63185880e-01
  4.65159177e-01
 -3.43945358e-01
 -8.87772941e-01
 -5.40352893e-01
 -7.22139701e-01
  7.32887856e-01
 -1.16273494e-01
  7.25551412e-01
 -1.35181681e+00
 -6.87197501e-01
  6.86500259e-01
 -1.60758117e+00
 -9.72138803e-01
 -1.12318705e-01
 -5.63682317e-01
  4.32162605e-04
  2.16615706e-01
 -8.50203801e-01
 -7.98267944e-01
 -3.69332861e-01
  5.40674461e-02
 -2.37180992e-01
 -6.59264519e-01
 -1.46292007e-02
  1.06742078e+00
 -1.34977965e+00
  5.38687015e-01
  2.69385818e-01
  1.02415426e+00
  1.94158944e-01
  3.72815557e-02
  1.62901182e+00
 -1.27771352e+00
  1.85497756e+00
  6.65718640e-01
 -6.61319461e-01
 -2.09505314e-01
  6.11893542e-01
 -1.06638505e-01
 -2.37242019e-01
  1.42618094e+00
 -1.75215666e+00
  9.92413834e-01
 -8.69171546e-01
  1.46132563e+00
  1.20769726e+00
  5.03053077e-01
  1.96343125e-01
 -2.53704420e-01
 -1.11296252e+00
 -5.55992912e-02
  9.41683778e-02
  6.12047630e-01
 -7.11729496e-01
  4.68625406e-02
  1.08035367e+00
 -1.06513484e+00
 -1.13346863e+00
  1.47809695e-01
 -8.78012309e-01
 -1.92875787e-01
  3.51495994e-01
 -4.32411269e-01
 -2.39165789e+00
 -2.60620267e-02
  6.32140121e-01
  1.80739889e-01
  2.61486551e-02
  6.12991918e-02
 -2.90456824e-01
  6.13548889e-01
 -1.23888328e+00
 -5.25846585e-01
  3.99659917e-01
 -6.56036429e-01
  6.49804103e-01
  9.19343923e-01
  1.27051378e+00
 -3.55750256e-01
  1.92829610e+00
  8.52799382e-01
 -1.06462339e-01
 -3.39704315e-01
  1.09464530e+00
  5.39411047e-01
  8.57203907e-01
  5.29412315e-01
 -1.25585898e-01
  9.59373492e-01
 -1.29280459e+00
 -1.99538736e+00
 -6.45259326e-01
  8.53323561e-01
  1.08582209e+00
  8.43580412e-01
 -2.18206468e-01
 -2.76329729e-01
 -4.12694624e-01
 -7.26979806e-01
 -1.22164876e+00
  1.95617509e-01
  1.86086055e+00
  2.34766421e-03
  1.77610395e-01
  2.97267785e-01
  6.06624798e-01
 -1.48766383e+00
  1.73190113e+00
 -2.71192910e-01
  9.09570388e-01
  5.16840695e-01
 -1.38876048e+00
  1.40646670e-01
 -2.22959906e-02
 -1.55512433e+00
 -2.49063504e-01
  1.10963944e-01
 -1.51202872e+00
 -1.29360710e+00
 -5.18844704e-01
  1.20959552e-01
  8.40042414e-01
 -6.54105294e-01
  1.03656399e+00
 -1.21421496e-01
 -2.80531321e-01
 -1.41978158e+00
 -5.57429513e-01
  1.43291613e+00
  6.24506272e-01
 -3.47996149e-01
  5.87038459e-01
 -8.46185174e-01
  6.18817940e-01
  8.01217523e-01
 -4.80975090e-01
 -3.90543791e-01
  1.77524517e-03
  5.57770948e-01
  1.61262232e+00
  8.56570262e-01
  2.12249172e+00
  1.55636209e+00
 -8.46966208e-02
  7.14816103e-01
  1.03473175e+00
  2.83919050e-01
  8.82108310e-01
  5.41464886e-01
 -1.60311655e+00
  2.74506690e+00
  2.77625614e-01
  7.25730266e-01
 -1.18261641e+00
  1.78777114e-01
  9.90837320e-01
  3.57259367e-01
  3.42615388e-01
 -1.80929479e+00
 -1.21632326e-01
  1.75619652e+00
 -6.43148707e-02
 -6.03180927e-01
 -3.78308661e-03
  4.82271262e-01
  1.37618491e+00
  9.72325446e-01
 -7.30114304e-01
 -2.00329698e+00
 -5.64396196e-02
  7.43035049e-01
 -4.23080994e-01
  1.39737313e+00
  1.78265142e-01
 -2.38144471e+00
 -1.89145024e+00
 -2.68879498e-01
 -1.98436682e+00
  6.42112229e-01
  4.99549096e-01
  7.41134683e-01
  1.97935602e+00
  2.79338055e-01
  1.98940553e-01
  1.33472271e+00
  1.71410671e+00
 -1.85728607e+00
  1.17012982e+00
  7.18291948e-01
  2.85297525e-01
 -6.87285589e-01
  4.96020267e-01
 -8.48037412e-01
 -5.93134208e-02
  1.73524130e+00
  1.18805912e-01
 -6.31994347e-01
 -6.81538178e-01
 -1.25650661e+00
 -5.35917826e-01
  1.38763758e+00
  8.56485171e-01
 -6.21078834e-01
  1.09978865e+00
  1.67186589e+00
  7.65191298e-02
 -7.03623318e-01
 -1.35157793e+00
 -1.05772843e+00
 -2.56072320e-01
 -3.85258771e-01
  2.38697597e+00
  2.01757212e-01
 -2.58091001e+00
 -2.12728548e+00
  7.44409559e-01
  3.04663519e-01
 -1.10757640e-01
  1.22100726e+00
 -2.60036997e-01
  1.15158865e+00
  1.01936180e+00
 -3.95816726e-01
  8.45187818e-01
  4.12999533e-01
  4.50962109e-01
  4.35033631e-01
  5.06263868e-01
  6.39322440e-01
  9.69914094e-01
  2.61452089e-01
  1.40602571e+00
  1.57130946e+00
 -1.59711350e+00
  8.93666642e-01
  2.01295284e-01
  5.47779736e-01
  2.01850919e-01
 -2.96987060e-01
 -2.88410408e+00
 -1.46875381e+00
  1.69710747e-01
 -1.31434359e+00
  9.88547719e-02
  1.58048937e-01
 -1.95984213e+00
  7.78450256e-01
 -8.47904063e-01
  4.36906631e-01
  1.60134827e+00
 -1.70400350e+00
  2.14927992e-02
  6.72811193e-01
 -3.21148341e-02
 -9.80359850e-01
 -1.67371470e+00
 -1.19439137e+00
 -1.49765006e-01
 -3.43176927e-01
 -8.88569556e-01
 -2.15471019e-01
 -1.86316109e-01
 -1.44024471e+00
 -1.88327893e-01
 -7.35845261e-01
 -8.82137076e-01
 -6.37963278e-01
  9.35926560e-01
  1.44764495e+00
  3.52277343e-01
  3.11017354e-01
  7.68516344e-02
  2.25635462e+00
 -3.18120423e-01
  2.32958217e-01
  1.18920433e+00
 -1.09148125e+00
 -6.21348883e-01
 -1.32522837e+00
 -8.85486027e-01
 -2.20641031e+00
  1.10128166e+00
  2.05711661e+00
 -1.35402422e+00
  1.21452306e+00
  5.54935403e-01
  1.48960558e+00
 -5.69298470e-01
  2.99139811e+00
  2.62827616e-01
 -2.02745493e+00
 -1.18936150e+00
 -2.48170125e+00
  7.16391177e-01
  1.01592526e+00
 -8.52982214e-01
  6.21980021e-01
 -6.10406842e-01
 -2.14624514e-01
  1.11265339e-01
 -1.40492531e-02
 -1.29485225e+00
 -1.94151740e-01
 -3.65956066e-02
  3.29516412e-01
 -3.46396554e-01
  6.03020859e-01
 -6.57762683e-01
 -3.48851056e-01
 -4.19760232e-01
 -2.55933186e-01
 -7.38580564e-01
  6.63558276e-01
  2.12632397e-02
 -4.96365365e-02
 -3.49975986e-02
 -4.53731661e-01
  8.71602800e-01
  1.26298195e+00
 -1.19998030e+00
 -3.16534584e-01
  1.28359595e+00
 -9.87818796e-01
 -1.37084234e+00
  1.36831452e+00
 -8.92687032e-02
 -2.70496098e-01
 -7.37801635e-02
  1.05235833e-02
 -9.78650169e-02
  5.71150542e-01
 -1.82070571e-01
 -7.53917168e-01
  1.90616272e-01
  3.99763661e-01
 -4.16396040e-01
 -4.82399066e-01
  3.15110669e-01
  1.21087610e+00
  8.71949665e-01
  5.16938512e-01
 -6.74021116e-01
  1.76441739e-01
  3.30515781e-01
  8.75750768e-01
  4.28477629e+00
  1.03881026e+00
 -3.48221435e-01
 -1.04429873e+00
 -7.93708622e-01
  8.98224847e-01
 -1.68185535e-01
  8.49200435e-01
 -1.03911744e+00
  4.51907014e-01
  2.41020714e-01
 -3.94975639e-01
  1.44772050e+00
 -1.75414358e+00
  1.78068678e+00
  1.69145586e-01
  7.05599210e-01
 -1.89497304e+00
  1.72379014e+00
  1.03198781e+00
 -1.65390189e+00
  1.35745789e+00
  8.14003936e-01
 -1.87925877e-01
  1.40198569e+00
 -9.96654075e-01
 -7.26808620e-02
 -5.54642413e-01
  1.78346835e-01
  1.99607138e+00
  2.24081062e+00
  2.10288790e+00
 -1.13929937e-01
  1.17506441e-01
  2.28793562e+00
  7.76566482e-01
  4.29486040e-01
  2.48382815e-01
 -9.89121628e-01
 -4.61656420e-01
  2.92512194e-01
  7.07426451e-02
 -2.46182212e+00
  1.50174477e+00
 -1.44742065e+00
 -1.11415382e+00
 -4.77375309e-01
 -7.44206677e-01
  8.10480828e-01
 -2.52693303e+00
 -2.98947565e-01
 -3.21766661e-01
  1.45534649e-01
  3.64973893e-01
  9.12015364e-01
 -7.59705585e-01
 -5.75653552e-01
  8.08309467e-01
  3.32137464e-01
 -1.09804155e+00
  3.95868072e-01
  7.04810405e-02
  1.50344278e+00
  9.61323298e-01
  4.88716025e-01
  7.82848496e-01
  7.09305233e-01
  1.29490299e+00
 -4.53988717e-01
  1.57688565e+00
 -1.48375679e+00
  3.11072759e-01
 -1.31424742e+00
 -2.83390785e-01
  1.39814622e+00
  6.83338070e-01
 -3.56389805e-01
  9.04325208e-01
 -1.06579539e+00
 -1.12780782e-01
  1.60802875e+00
  1.63530892e+00
  8.10936619e-01
  1.13984851e+00
 -1.14251012e+00
 -6.86510427e-01
  1.21964005e+00
 -6.54180868e-02
  6.08503083e-01
 -2.96790412e-01
 -1.48386883e+00
  3.60486898e-01
 -1.90260124e-01
  5.85183755e-01
 -1.99861586e-02
 -6.09113855e-01
  9.91173861e-01
 -1.05190494e+00
 -6.86309967e-01
 -1.22054515e-01
 -2.97023183e-02
 -2.54824452e-01
  1.33217326e+00
  1.47410483e-01
  1.28599273e+00
 -1.00166502e+00
 -6.46164578e-01
  2.44394266e-01
 -1.43874829e+00
 -3.25123159e+00
  7.35555431e-01
  1.32995623e+00
  4.50984576e-01
 -1.00104789e+00
  1.25600512e+00
  3.45252167e-01
  1.67838540e-01
 -9.14711543e-01
 -9.23291728e-01
  1.18191328e+00
  8.46921078e-01
 -1.07036789e-01
 -5.53473347e-01
 -4.67221492e-01
 -1.14113970e+00
 -2.74980282e-01
  1.52661580e+00
 -1.12663934e-01
  3.38828471e-01
 -7.17664305e-01
  4.41538603e-01
  1.41640149e+00
  5.97022299e-01
  2.08938418e-01
  2.87780861e-01
  1.86857846e-01
 -1.44152321e+00
  2.60202647e-01
  1.26970939e+00
 -7.71805683e-01
  8.33575539e-02
 -2.70338668e+00
 -1.42704513e+00
 -6.40719150e-01
 -1.00195642e+00
 -1.87977696e+00
 -6.13088299e-01
 -1.87089585e-01
  1.60260678e+00
  9.31710829e-02
  7.53513069e-01
 -9.62527156e-01
  3.92935220e-01
  9.22470459e-01
  2.97022768e-01
  8.78512632e-01
  1.52211794e+00
 -2.02230207e+00
  1.21855415e+00
 -1.13119148e-01
  1.54875858e+00
 -3.51623163e-01
  1.13276953e+00
 -7.70262309e-01
  1.42828471e-01
 -4.85309315e-01
  9.41597618e-01
 -3.09536584e-02
 -1.19349496e+00
 -3.56209837e-01
  8.03470578e-01
  1.34760122e+00
 -9.13780195e-01
  3.86560580e-01
 -1.57678766e+00
  2.19465319e+00
 -8.29198487e-01
 -1.98418907e+00
  4.35208203e-01
  1.59913097e+00
  6.25426911e-01
 -5.39693050e-01
  7.19279012e-01
 -5.60947219e-01
 -5.76187912e-01
  9.05448168e-01
  3.74451812e-01
  8.41269351e-01
 -6.61741376e-01
  7.70713740e-01
 -1.19530379e-01
 -2.21856693e+00
  1.00080982e+00
  7.18825791e-01
  3.85430106e-01
 -1.07135649e+00
 -1.53119341e+00
 -6.86943208e-02
 -7.14429510e-01
 -3.09822415e-01
  7.83462856e-02
  9.47497424e-01
  1.72155312e+00
 -1.01322936e+00
  6.83849697e-01
 -1.61142555e-01
  1.40039615e+00
  4.97671350e-01
 -1.67048518e+00
 -1.65238865e+00
  1.22105279e+00
  1.72056278e+00
  2.45169260e+00
  6.76286328e-01
  1.81533472e+00
 -1.66503253e-01
  2.73014407e-01
  1.23259991e+00
  8.77758094e-03
 -4.93966726e-01
 -3.17410949e-01
  5.32105351e-01
  1.22063310e+00
 -8.45423330e-01
 -8.82388753e-01
 -5.10164035e-01
  1.90276119e-01
  3.09299356e+00
 -3.92990500e-01
 -9.91806410e-01
 -6.49735785e-01
  1.61552860e+00
  7.83676535e-02
  8.52246529e-01
  1.66231474e+00
  5.36101387e-02
  7.47049832e-01
 -3.52189653e-01
  1.04726067e+00
 -7.20365802e-01
 -8.69203669e-01
  2.62826132e-01
  9.11291921e-01
  6.34047253e-01
 -1.27711802e+00
  8.27416227e-01
 -1.06656513e+00
  1.48924487e+00
 -8.12913084e-01
  4.31649185e-01
 -4.54519365e-01
  1.44366939e-01
 -2.00079790e-01
 -5.68664349e-02
 -5.43472880e-01
 -1.10681655e+00
 -4.28567081e-01
 -1.06964419e+00
  1.36326665e+00
  5.41469000e-01
  3.37603948e-01
 -4.70371601e-01
  2.04250147e-01
  5.69859301e-01
  1.11297358e-01
 -7.12636021e-01
  3.90033887e-01
 -5.29333147e-01
 -8.55019375e-01
  1.49394718e+00
  1.40374826e+00
 -1.81305894e+00
 -2.14231785e+00
 -1.35480910e-01
 -4.23987753e-01
  6.23858150e-01
 -2.54876070e-01
 -2.05532819e-01
 -1.55159702e+00
 -1.95002874e-01
 -6.60850511e-01
  2.21263476e+00
 -8.44477876e-01
  5.25999871e-01
  6.59592083e-02
  8.53232759e-01
  1.73855051e+00
  7.16427012e-01
  4.86201417e-01
  5.61367859e-01
 -5.70248637e-01
  1.02420397e-01
  1.50263969e+00
  6.33714458e-01
 -5.91817183e-01
 -9.60022565e-01
  4.36460574e-01
 -6.41752153e-02
  1.73954625e+00
 -5.18718810e-01
  1.71991585e+00
 -2.08748117e-01
 -1.33160274e+00
 -9.22263207e-01
  2.55030538e+00
  2.38775988e+00
 -7.64846596e-01
  9.67624950e-02
 -1.20310419e+00
  1.34804518e-01
  1.53885223e+00
 -9.22630482e-02
  2.96044706e-01
 -3.77111556e-01
 -1.68078378e+00
  2.58491058e-01
  6.23550974e-01
  2.90779155e-01
  8.55313139e-01
  6.02919747e-01
  1.12395612e+00
  3.18999413e+00
 -1.35220492e+00
 -6.96575259e-02
 -9.17584418e-01
 -1.03073458e+00
  1.63159798e+00
 -3.21482529e+00
 -8.63048178e-01
  9.53932599e-01
  1.24698258e+00
  2.08115614e+00
 -1.54975729e+00
 -1.46212980e+00
  1.48788901e+00
 -5.32893477e-01
 -4.33432646e-02
 -2.06109023e-01
  5.06482398e-01
  2.18534415e-01
 -8.70568149e-01
 -2.12995626e+00
 -3.93539302e-01
  1.09275947e+00
  1.33365990e+00
 -2.91600022e-01
  1.31283360e+00
 -2.91918749e-01
  1.18633894e+00
  9.47398392e-01
 -2.95773362e-01
 -8.06848140e-01
 -9.29887937e-01
 -6.81583066e-02
  1.99781844e-01
  8.08490702e-01
  5.83351563e-02
  2.42702335e-01
  8.45228617e-01
 -1.49524526e+00
  4.21102503e-01
  7.08707970e-01
 -4.78904900e-01
  4.32590345e-01
  1.75829672e-01
  1.34346354e-01
 -9.84605652e-01
  4.30605668e-01
 -4.80815013e-01
 -2.86729029e-01
  7.17135598e-01
  5.80225663e-01
 -3.32515973e-01
  6.20301226e-01
 -9.24736061e-01
  1.05834345e+00
  2.40858387e-03
  1.39465632e+00
 -1.61615359e+00
 -1.53271857e+00
  1.20116448e+00
  1.21473216e+00
 -1.17244595e+00
  7.45972876e-01
 -7.50406530e-01
  1.99043426e-01
  4.70371283e-01
  1.16913871e-01
 -9.37821271e-02
  1.15311097e-01
  7.23360935e-01
 -7.33682865e-01
 -5.23770819e-01
 -1.14416611e+00
 -1.12178063e+00
  1.08744463e-01
 -2.59694425e+00
 -6.00327146e-01
  3.30632381e-01
  8.76334576e-01
 -5.85749614e-01
 -3.03230005e+00
  7.25699866e-02
  8.34452400e-01
 -1.28444463e+00
  4.07667303e-01
  1.27363253e+00
  2.73153009e+00
  2.26775712e-01
  9.53879598e-01
  1.01742761e+00
 -4.04010695e-01
  1.34040701e+00
 -6.74713999e-01
  1.23421860e+00
  1.14690837e+00
  6.45826921e-01
 -8.31124525e-01
  2.33669820e+00
  3.92863073e-01
  1.76843844e+00
  5.39305367e-01
 -6.03962474e-01
  9.37898655e-01
  1.25983966e+00
 -9.16569798e-01
 -9.03599931e-01
  1.41910104e+00
 -1.22228607e+00
 -7.34241281e-01
  9.17415954e-01
  1.10992135e+00
  3.30922957e-01
 -1.83580869e-01
 -1.21109053e+00
 -1.34083778e+00
 -4.84390964e-01
 -1.00031161e+00
 -1.47119106e-01
  4.11256522e-01
 -2.89583137e-01
  8.32109423e-01
 -1.88819083e+00
  1.35565071e+00
  1.66347859e-01
 -1.02875520e+00
  6.83339739e-02
  3.84149927e-01
  2.04930407e-01
 -3.63788416e-01
  1.83160513e+00
  5.02217564e-01
  1.55493889e-01
  1.68601179e+00
  1.19155133e-01
  7.29741156e-01
 -2.44191622e-01
  9.34422937e-01
 -7.07358101e-01
 -2.42449315e+00
  1.27451098e+00
 -9.78815455e-01
  1.15815330e+00
 -1.00417412e-01
  9.28831100e-01
  1.35564956e+00
 -2.29195872e+00
 -9.89332190e-01
 -2.05854759e+00
 -1.00009309e+00
 -2.21597285e+00
 -5.24907925e-02
  1.82811982e+00
 -9.47967173e-01
 -8.46294840e-01
  1.19588939e+00
  6.45779734e-01
 -8.96712335e-01
  1.16453791e+00
 -5.33310379e-01
 -1.12668925e+00
  1.24076187e+00
  2.62890694e-03
  2.21294341e-01
 -6.87454470e-01
 -6.20562078e-01
 -1.91549483e-01
 -2.73393458e+00
 -4.35808568e-01
 -2.51771957e-01
  1.26269003e+00
 -2.34382068e+00
 -2.98628455e-01
  1.57142398e+00
 -2.94333840e-01
  7.06463056e-01
  2.56545823e-01
  8.23425993e-01
  5.19083693e-01
  6.42923130e-01
  4.58688466e-01
 -2.78591734e+00
  3.95132471e-01
  1.65879206e+00
 -1.49611940e+00
  8.13255228e-02
  9.18613228e-01
 -6.65016001e-01
 -7.60955823e-01
  1.01233667e+00
 -1.34699774e+00
  2.16052996e-01
  8.51561739e-04
  9.74632111e-01
 -6.63996186e-02
  2.98923785e-01
  8.30961195e-01
 -2.76790257e+00
  7.42276280e-01
 -1.34322665e+00
  2.04696589e-01
  1.00237872e+00
  1.04587010e+00
 -6.28404637e-01
  8.53777045e-01
  2.17666276e+00
 -6.37421285e-01
 -9.61729932e-03
  7.39748333e-01
  5.10890089e-01
 -1.65393861e+00
 -3.57160082e-01
  8.42140197e-01
 -1.56321985e+00
  6.40129144e-01
  5.99569929e-01
 -4.00368644e-01
  3.81547135e-01
 -1.49429408e+00
 -6.29604777e-01
 -4.72239444e-01
  1.36690870e+00
  1.33548708e+00
 -7.27470846e-01
 -7.42656943e-01
  7.49151260e-01
 -9.73911423e-01
  4.74192330e-01
 -9.82759314e-02
 -7.49434317e-01
 -3.46891889e-02
  4.05224335e-01
  1.49937962e+00
 -7.17304572e-01
  3.96728420e-01
  1.18225643e+00
  5.58167055e-01
  9.40234232e-01
  6.73106939e-01
 -6.12335737e-02
 -5.00010300e-01
 -7.52830370e-01
 -1.81039688e+00
 -9.96477676e-01
  1.17270658e+00
 -4.02857798e-01
  1.41177697e+00
 -8.42151911e-02
 -1.74728665e+00
  2.30232476e-01
  7.54552619e-01
  2.64540782e-02
  3.74231967e-02
  4.35365298e-01
 -1.57095550e-01
  2.08672782e+00
  3.58755259e-01
 -6.18786517e-02
  4.55387242e-01
 -9.06244371e-02
  8.88590410e-02
  5.63769972e-01
 -3.03015768e-02
 -3.51190592e-01
  4.72943090e-01
  2.36898861e-01
  1.39062912e+00
  3.91052249e-01
 -2.11042034e-01
 -8.14637289e-02
  6.88263122e-01
 -2.67433871e-01
  7.33956624e-01
 -8.27444740e-02
 -2.02042765e+00
 -4.13474860e-01
  1.66027026e+00
  2.76539035e-01
 -7.87613752e-01
 -1.46043537e+00
 -9.48449927e-02
 -1.30916866e-01
 -1.52596937e+00
  2.25809050e-01
  2.05534135e+00
  2.36588231e-01
 -6.61988974e-01
  7.80991012e-01
  2.37520349e+00
 -1.62232933e+00
  1.12406548e+00
  5.76458759e-01
  2.49101743e-01
  1.78064457e-01
 -4.29348595e-01
  1.00673183e+00
  1.47579486e-01
  3.43717855e-01
 -1.69745271e+00
  1.13595188e+00
  4.49168139e-01
  5.70302936e-01
 -8.87728145e-01
  8.44646049e-01
  1.51845157e+00
 -2.91556026e-01
 -6.77008546e-01
  4.83086700e-01
  1.72966337e+00
 -7.87889920e-01
 -8.37701223e-01
  1.05977966e+00
 -3.71802591e-01
  8.69141958e-02
 -2.52185728e+00
  6.23114168e-01
  5.17958483e-01
 -4.05662753e-01
  9.06263427e-01
 -7.51179142e-01
  1.51650925e-02
  8.29395597e-01
  1.03878423e+00
  4.78367474e-01
  8.98109272e-01
 -8.54119280e-01
 -5.30930980e-01
  5.65009064e-01
  6.64400732e-01
 -2.67552288e-01
 -1.96078925e-01
 -1.57908694e+00
  2.70967910e-01
  1.30672343e+00
  4.68214200e-01
 -4.74927245e-01
  1.84542771e-01
  1.45390351e-01
  4.60307048e-03
  2.88000069e-01
  1.03880950e-01
  2.46663880e-01
  1.02553696e+00
 -2.18120098e-01
  1.28278079e+00
  9.20412457e-01
  1.01309070e+00
 -2.46269473e-02
  7.20969782e-01
  7.69832028e-01
 -4.52207336e+00
 -2.49320041e+00
  3.57416266e-02
  6.41403917e-02
 -2.36592930e-01
 -4.23946813e-01
  4.42529905e-02
 -8.80198498e-01
 -7.11687096e-01
 -7.39844182e-01
  1.07306679e-01
 -5.16524700e-01
 -1.51230455e+00
 -5.36707805e-01
  4.36061404e-01
  2.59976128e+00
 -1.54082173e+00
  1.34865570e-01
  5.83878731e-01
 -2.07410640e+00
  3.56296882e-01
  1.73019776e-01
  1.39678699e+00
 -8.41497008e-01
 -9.04560240e-01
 -1.86258675e+00
 -2.02529635e-01
 -5.25732342e-01
 -1.23583217e+00
  1.04070943e+00
 -1.49854335e+00
  9.49559271e-01
  1.03416970e+00
 -7.74707086e-02
  1.18148077e+00
  1.51095513e+00
  1.16175571e+00
  6.05639377e-01
 -1.36361002e-01
  3.91699088e-01
 -2.06166445e-01
 -1.00796052e+00
 -7.83070686e-01
  1.30730184e-01
 -1.78536025e+00
 -2.51611952e+00
 -9.14331357e-01
  4.09594945e-01
 -9.05363690e-01
  4.33606054e-01
 -2.34994210e-01
 -9.30478466e-01
 -2.90707100e-01
  6.20605333e-01
  5.46674343e-01
  2.00245305e-01
  5.69884323e-01
 -6.12816646e-01
  1.06016351e+00
 -1.38894479e+00
  7.61940012e-01
 -7.47660473e-01
  1.39532847e+00
  3.78297294e-01
 -1.17578651e-01
  6.32038719e-02
  2.39902530e+00
  3.21535042e-01
 -8.00218319e-01
 -1.57940589e+00
  1.90622813e+00
  1.08699932e+00
 -1.23339882e-01
 -1.64845828e-01
 -9.28924547e-01
  7.92650461e-01
  9.44233639e-01
  5.39530835e-01
 -1.46392528e+00
  2.02514714e+00
 -1.12780038e+00
 -2.73191851e-01
 -8.29919424e-01
  1.47188936e+00
 -1.11283622e-01
 -1.09469480e-01
 -1.14797488e+00
 -4.65414754e-01
  8.27873280e-01
  5.66063578e-01
  1.12814403e+00
 -1.99236204e-02
 -3.73424510e-02
 -1.20440191e+00
 -1.44118086e+00
 -8.02713348e-01
  3.36724215e-01
  3.70759330e-01
 -4.56999961e-01
  1.04891696e+00
  1.75185237e+00
 -2.84533656e-01
 -5.04305953e-01
  4.14331946e-01
 -1.03559241e-01
  5.32831386e-01
  1.02540633e+00
 -5.06938745e-01
  1.75218486e+00
 -2.34942555e-01
  5.74280474e-01
 -9.19259524e-01
 -1.28754543e+00
 -2.52155763e+00
  5.57971717e-01
 -4.76640093e-01
 -1.23722673e+00
 -7.87820869e-02
  1.68434326e+00
 -1.63513957e-01
  4.11592411e-01
 -3.41346752e-01
 -5.30480356e-02
  1.05232575e+00
 -1.01555837e-01
 -2.20088021e+00
  1.41466983e+00
 -8.64671755e-01
  5.90929373e-01
 -2.27258355e+00
 -2.75798942e-01
  2.30787452e-01
  1.61555578e+00
 -2.13114096e+00
 -2.84864356e+00
  7.03450789e-01
 -3.66461002e-01
 -1.01478995e+00
 -2.12304458e-01
  5.44923852e-01
  2.09926326e-01
  1.53863224e+00
  1.64192667e-02
  1.51941997e+00
  7.16005253e-02
 -1.46884569e+00
 -3.34192275e+00
 -1.61353916e+00
 -1.48732943e+00
  2.35801786e-02
 -1.02887406e+00
  8.52307975e-01
 -8.61333897e-01
 -6.52697394e-01
 -2.32912119e-01
 -8.58173268e-02
  2.56039158e+00
 -8.11076640e-01
 -8.55654003e-01
 -4.00430151e-01
  8.07441792e-01
 -2.34779788e-01
 -8.80651415e-01
 -1.46025695e+00
 -4.73249686e-01
  2.42362612e-01
  9.96219454e-01
  7.21522754e-01
 -1.03679557e+00
  3.99894295e-02
 -1.60971889e+00
 -7.10328478e-02
  1.56169511e+00
  1.34354355e+00
  3.32773467e-01
 -7.57070248e-02
  1.20658653e+00
  7.05513660e-01
  8.85217461e-01
 -3.35591957e-01
 -2.25682805e-01
  4.95719497e-01
 -1.66073297e+00
 -1.43141868e+00
  7.09236351e-01
 -7.10343938e-02
 -7.12705579e-01
 -1.94500412e+00
 -1.55878038e+00
  2.78099825e-01
  3.29518336e-02
 -9.18954486e-01
 -2.96249944e-01
 -1.03520376e+00
  4.04014566e-01
 -7.01205612e-01
  3.28862760e-01
 -1.22846520e+00
  2.46349198e-01
 -1.02262004e+00
  8.00713819e-02
 -3.58986200e-01
 -1.48797762e+00
  8.89486198e-01
 -3.32978830e-02
  1.80334488e+00
  1.22209613e+00
  5.06272496e-01
  9.56693163e-01
  9.93685240e-01
  3.13394998e-01
  5.42263380e-01
  4.52845999e-01
  7.34905779e-01
 -3.51013909e-01
 -6.38905579e-01
 -1.76671025e+00
  8.85866757e-02
  3.74737541e-01
 -6.20306748e-01
  1.35091917e+00
  6.69086783e-01
  6.44593715e-01
  4.52091486e-01
  2.89282194e-01
 -1.97748107e-01
 -1.71562565e-01
 -4.14019064e-02
  2.24386499e+00
  3.28295159e-01
 -1.07943174e-01
 -9.61757933e-01
 -7.66388490e-01
  2.01991374e+00
 -4.64552157e-02
  6.23183296e-02
  1.35112042e+00
 -1.06748791e+00
 -1.54888791e+00
 -6.27516517e-01
 -4.21935054e-02
 -1.97737263e-01
  9.78274312e-01
  1.99402063e+00
 -1.07693099e+00
 -6.22275023e-01
  1.83703600e+00
 -9.31239194e-02
  4.60976445e-01
  9.21360927e-01
  2.88061285e-01
  5.42545455e-01
  6.04802239e-01
 -9.56217815e-01
  1.18390285e+00
  2.54821542e-01
  1.82273072e-01
 -2.11472389e-01
  2.88906941e-01
 -1.23293035e+00
 -8.72025163e-01
 -3.56858224e-01
  3.06021384e-01
 -1.44698415e+00
 -7.95579343e-01
 -7.46267274e-01
 -7.35118609e-01
  1.47340732e+00
 -2.73847449e-01
  1.59476443e+00
 -1.50026745e+00
 -2.48567600e+00
 -1.77161726e-01
  8.25548775e-01
  1.59672131e-01
  2.62832911e-01
 -3.63601688e-01
  6.93096318e-01
  1.43560549e+00
  1.82458809e+00
 -4.05395903e-01
 -1.29273039e-01
  1.80365715e-01
 -1.11930744e-01
 -7.93032961e-01
 -6.47228319e-01
  9.95993164e-01
 -3.39818259e-01
  6.01022246e-01
 -2.31802404e-01
  1.26949401e+00
  2.75596414e-02
  1.08023950e+00
 -1.70804467e+00
  8.88912467e-01
  1.40448206e+00
  3.29702588e-01
 -1.80439988e+00
  1.21060210e+00
 -1.20290238e+00
 -5.81405973e-02
  2.74962648e-01
  2.30807502e+00
 -1.34108643e-01
 -2.23098187e-01
  1.68856481e+00
 -5.48441293e-01
  9.07767169e-02
 -1.63543199e+00
  1.94781893e+00
  4.39994570e-02
 -6.72503509e-01
  7.80249290e-01
  3.13412854e-01
 -1.37459317e+00
  9.58149317e-01
  8.58122355e-01
 -8.54185202e-01
 -4.81148992e-01
 -9.67866884e-02
  4.44858575e-01
  6.56577777e-01
 -5.51632964e-01
  1.06377891e+00
  1.04294257e+00
  2.72051495e-01
  5.30365149e-01
 -7.25836941e-01
  1.59886308e+00
 -4.03003944e-01
  2.36930622e-01
  1.32840794e+00
 -2.71001496e+00
  1.57946237e-01
 -1.11571872e+00
  6.25799393e-02
  1.05481717e+00
  3.43807540e-01
 -4.99309774e-01
  6.86968605e-01
  1.44565867e+00
  9.22092207e-01
  1.06076600e+00
 -2.33434140e-01
 -1.14126062e+00
 -2.14020586e+00
  1.37561462e+00
 -4.73677271e-01
 -1.16964974e+00
  3.16584828e+00
 -4.33464087e-01
  1.01602082e+00
  8.40744966e-01
 -3.01735625e-01
 -1.92192382e+00
 -1.77934152e+00
 -7.48668182e-01
  2.86947945e-01
  5.67958880e-01
 -6.30914050e-01
 -1.09649188e+00
 -8.13600033e-01
 -1.17705796e+00
 -8.14086850e-01
 -1.59620067e+00
  3.54426217e-01
 -8.58069044e-02
  1.01610361e+00
 -1.49118839e+00
 -1.14058527e+00
 -1.22877790e-01
  1.06786042e+00
 -2.12257422e-01
  2.10295387e+00
 -1.22531178e-01
  7.85310907e-01
 -5.60233454e-01
 -6.79050896e-01
  6.98931614e-01
 -1.73215790e+00
  2.12290606e-01
 -1.49324732e+00
 -1.53140407e+00
 -2.73380256e-01
 -1.38469202e+00
 -2.21454993e-01
  1.25338347e-01
  6.88076055e-01
 -8.83822080e-01
  2.05607893e+00
  5.70343866e-01
 -3.21693402e-01
  3.84441219e-01
 -1.13144509e+00
  3.27247162e-01
  2.88141041e-01
  1.95542327e+00
 -2.19555321e-01
  1.15216371e+00
 -1.87945964e+00
 -1.90428460e+00
 -9.03304575e-01
 -7.68016009e-01
  2.37794908e+00
  1.03726183e+00
  1.83050436e+00
  1.87269261e-02
  5.84241534e-01
  1.63069668e+00
  5.22616744e-01
 -4.78345955e-01
  1.84097000e-02
  2.80857552e-02
 -4.46354638e-01
 -1.06185075e+00
  7.06279129e-01
  1.01770121e-01
 -2.35672980e-01
  7.68185743e-01
 -2.37637440e-01
  2.31415973e+00
  8.96108938e-01
  3.30970493e-01
  1.25858050e+00
  6.91659209e-01
 -7.68982677e-01
  1.80914580e+00
 -1.30128725e+00
 -8.73663617e-02
 -1.24599094e+00
  9.45146397e-01
 -1.29562884e+00
  1.79846640e-01
 -1.73868035e+00
  2.19322440e-01
 -3.46932191e-01
 -1.45267606e+00
 -8.54368362e-02
  1.20815861e+00
  6.80720928e-01
  1.69100105e+00
  5.63893380e-03
  2.39303976e-01
  9.55551943e-01
  1.86388467e-01
 -7.75635454e-01
 -1.81789304e+00
  3.37372138e+00
 -1.78541768e+00
 -1.22923868e+00
  6.12168362e-03
  1.03162088e+00
 -1.57145158e+00
  4.30680232e-01
  1.24527385e+00
  1.70669858e+00
 -6.38653763e-01
  6.50924040e-02
 -3.51644459e+00
  1.13190074e+00
  1.27722702e+00
  2.05369394e+00
  8.28656850e-01
  8.20082864e-02
  2.21296763e-01
 -3.02519542e-02
 -7.69906265e-01
  9.67279774e-01
  3.69990599e-01
  8.13287949e-01
 -1.57252682e-02
  6.85181439e-02
 -1.99453782e-01
  1.67578188e+00
  1.36196636e+00
  2.60293698e-01
 -7.40358445e-01
  2.75239411e-01
 -1.79498202e+00
 -1.69363553e+00
  1.00011338e+00
 -4.69716601e-01
  1.63329168e+00
  1.23894020e+00
 -9.80043208e-01
  6.39404060e-01
 -1.64554869e+00
 -6.03234309e-01
 -3.34355156e-01
  4.48494448e-01
 -1.78415240e+00
  4.87445852e-01
  8.39964582e-01
  4.82297777e-01
  3.86476104e-01
  1.66104285e-01
 -4.18774778e-01
  4.74013200e-01
 -9.35701276e-01
 -1.64649082e-01
  1.49791485e-02
 -5.06746142e-01
  4.76824916e-01
  1.26889585e+00
  9.34961414e-01
 -1.44549324e-01
  1.14044710e+00
 -2.63341623e-01
  8.56529182e-02
  4.31814783e-01
  3.93254777e-01
  1.25442404e+00
 -6.68106136e-01
 -5.72324144e-01
  1.82732439e-01
 -2.55323065e+00
 -3.42554767e-01
  7.18545936e-01
 -5.04456387e-01
  1.13745107e+00
  1.08876395e+00
  4.43037762e-01
 -5.26791380e-01
  2.82321206e-01
  1.06872108e+00
 -1.45705765e+00
 -7.58607365e-01
  1.34527161e+00
 -1.16615329e+00
 -1.68236515e-01
 -6.77254403e-01
 -8.75113272e-01
 -4.69423683e-01
 -1.73140529e-01
  7.64180820e-02
  9.48944618e-01
 -6.72914356e-01
  2.36069043e-02
 -2.38517492e+00
  5.67394615e-01
 -1.28957861e+00
 -1.57699269e+00
 -6.47535689e-01
  2.18586968e-01
 -6.60526781e-01
  5.49285818e-01
 -4.95559440e-01
  7.04022851e-02
 -6.52296484e-01
 -1.03565569e+00
  1.69152556e+00
  1.18058822e-01
 -1.54237793e+00
 -7.49726952e-02
 -1.60090328e-01
  1.40046006e+00
 -1.12318911e+00
 -1.35635803e+00
 -6.09864923e-01
 -2.06675540e+00
 -1.17322941e+00
 -8.91313080e-01
 -8.97585024e-01
  7.54953641e-01
 -1.69752938e+00
  5.81557381e-01
 -1.09284824e-01
  2.85068391e-01
  1.18644980e+00
  1.18921870e-01
 -1.59466706e+00
  9.61619416e-01
 -2.05986431e-01
  2.28446082e+00
 -1.62472566e-01
 -7.54172628e-01
 -2.77068188e-01
  2.28500854e+00
  2.13860528e-01
 -6.31695376e-01
 -7.45587195e-02
 -9.07346589e-01
  1.00713039e+00
 -4.10842852e-01
  5.28241102e-01
 -1.08662832e+00
  5.84845284e-01
  1.02726280e+00
  6.20956022e-01
  1.05802034e+00
  2.76619324e-01
 -7.23485609e-01
  1.13538802e+00
 -5.46947041e-01
  3.54698662e-01
 -3.66654481e-01
  7.08511229e-01
  5.93292000e-01
  7.88167053e-02
  7.35008616e-01
 -9.85353812e-01
 -5.14910257e-01
 -9.93428349e-01
 -5.70407302e-01
  1.08442051e+00
  7.10237251e-01
 -7.11214630e-01
  2.02946655e-01
  3.38475119e+00
  1.40431399e+00
  2.52986081e-01
  8.49944598e-01
  1.50757950e+00
  1.26577038e+00
  3.16231824e-02
 -8.95137135e-01
  1.36514122e+00
  1.28830119e-01
  1.06246054e+00
 -2.89862024e-01
 -1.54304705e+00
  2.01819375e-01
 -1.34330604e-01
  1.03925028e+00
  5.08670714e-01
 -2.18884326e+00
  1.25065098e+00
  4.34275548e-02
 -9.76675566e-01
  7.85506942e-01
  1.79555577e+00
 -5.23132838e-01
  5.08541636e-01
  4.04182704e-01
  1.51814552e-01
 -3.22925253e-01
  8.95738958e-02
  2.85176850e-01
 -4.17054697e-01
 -2.74042541e-01
 -6.40070646e-01
 -6.82407263e-01
  6.14680966e-01
 -1.03017528e+00
  1.86414585e+00
 -1.20912027e+00
  4.24888717e-01
 -1.50503954e+00
 -1.36150993e+00
 -1.25726228e+00
  1.30381094e+00
 -9.73981628e-02
  2.73612492e-01
  9.38854442e-01
  8.69235846e-01
  6.56531376e-02
 -4.11081737e-01
  5.69459536e-01
 -1.85400453e-01
  1.33522165e+00
 -8.19527574e-01
  4.34637539e-01
  1.25704100e+00
 -1.08776411e+00
  1.00926617e-02
  6.04575588e-01
  7.18662015e-01
 -5.53773697e-01
 -1.06421874e-02
 -9.01715826e-01
  8.23092390e-01
  9.04439443e-01
 -3.90077956e-01
 -1.17053469e+00
 -1.25770263e+00
 -1.19648514e-01
  1.70602682e-01
  5.73405160e-02
  1.68786426e+00
  1.07783700e+00
  9.58962344e-01
 -2.12125628e-01
  6.48734770e-01
  2.85312398e-01
 -4.29533418e-01
 -2.23371181e-01
 -5.69483892e-01
  2.48970843e-01
  1.75609982e+00
 -9.25946004e-01
  7.49204160e-01
 -1.75921675e+00
  1.58492465e-01
  1.57233661e+00
  1.30369033e+00
  5.33802644e-01
 -2.39984539e-01
 -1.04186767e+00
 -1.02418777e+00
 -3.66644589e-01
 -9.81965290e-01
 -1.39758667e+00
  9.23796548e-02
 -5.04233003e-02
 -3.01925319e-02
  5.87400223e-01
  2.10278429e-01
 -3.08160160e-01
 -3.04753298e-01
  1.08965469e+00
  9.72141063e-01
  1.58410647e+00
 -1.10945330e-01
  6.78100874e-01
 -9.11235615e-01
  1.21938035e+00
 -2.37229317e-01
 -7.08905563e-01
  3.94339751e-01
  1.99043324e-01
  1.46345143e-02
  4.08199354e-01
  9.58262311e-01
  9.91322021e-01
  5.06317739e-01
 -1.30308911e+00
 -5.76926473e-02
  3.21459051e-01
  5.10409352e-01
 -6.80348880e-01
  1.54988784e+00
 -4.36517786e-02
 -3.03587903e-01
 -1.03608832e+00
 -4.29076094e-01
 -1.89776953e+00
  1.35002693e+00
  5.72286797e-01
  2.61626809e-01
 -3.14537609e-01
  3.03181849e+00
  4.58900322e-01
  2.88755231e+00
 -1.08886032e+00
  1.04030042e+00
 -1.18196944e+00
  1.31510711e+00
  4.61148433e-01
 -1.28717841e+00
 -4.48885323e-01
 -1.99740489e-01
 -1.71608118e-01
  6.87411842e-01
 -1.15410059e+00
 -2.21740845e+00
  1.63574478e+00
 -1.84243853e-01
 -1.64867664e+00
  3.64959646e-01
  2.07893647e-01
 -5.56452762e-02
  3.94178411e-01
 -2.14841386e-01
  2.13175011e-01
  2.05185572e-01
  1.80646789e-01
 -1.20875361e+00
  4.05580067e-01
  3.59055031e-01
  4.51687289e-01
 -4.54385881e-01
 -2.40919058e+00
 -9.98858550e-01
