 -2.17343934e+00
 -1.50497642e+00
 -5.51172932e-01
  1.00826843e+00
 -1.15226910e+00
  4.59788769e-01
  3.58163314e-01
 -5.40521082e-01
  1.46950104e+00
 -2.86436952e-02
 -1.30361907e+00
  9.36617398e-01
  1.01237004e+00
  9.84588994e-01
  6.09680330e-01
 -9.57379805e-01
 -2.32223355e-01
 -7.28439707e-01
 -4.07916338e-01
  1.52136801e+00
 -4.01595067e-01
  4.04362986e-01
  1.83361096e+00
 -8.85889625e-01
  5.86921824e-02
  3.16410788e-01
 -1.22415050e+00
  3.08147986e-01
  6.77059602e-01
 -1.28626630e+00
 -3.66583891e-01
  4.11128669e-01
 -1.39454535e+00
 -1.41914711e+00
 -3.56411457e-02
 -6.33052257e-01
  1.87609837e+00
  1.15833883e+00
  1.30716943e+00
 -8.88089630e-01
  3.97872575e-01
  2.93840534e-01
  8.78494189e-01
 -2.22824037e-02
  3.97437646e-01
 -4.19745916e-01
 -1.33645084e+00
 -5.57369314e-02
  1.00288208e+00
  7.32216970e-01
  8.45372430e-01
 -5.75006426e-01
  2.54360090e+00
 -1.36151706e+00
 -9.58931155e-01
  4.87665573e-01
 -6.97253718e-01
 -9.91203309e-01
  5.18147175e-01
  2.34553185e+00
 -1.15277272e+00
 -1.20886842e+00
  6.66572125e-01
 -1.48663726e+00
  3.69211059e-01
 -1.04994828e+00
 -1.77062161e-01
  6.33833151e-01
  9.06639663e-01
  8.18778945e-03
  2.63308598e+00
 -7.91302401e-01
  1.77376048e+00
 -1.10604972e+00
 -1.28678195e+00
 -3.72355886e-01
  1.18821189e+00
 -5.50153079e-01
 -1.09755447e+00
 -3.25767298e-01
 -1.93752790e+00
 -6.17168472e-02
 -1.08679315e+00
 -1.29501936e+00
  1.46854008e-01
 -3.54687322e-01
  6.51369143e-01
 -2.93658374e-01
 -9.37393454e-01
 -3.68564160e-01
  6.47753703e-01
 -1.29293717e-02
  1.93871753e+00
 -4.29194893e-01
  3.45032898e-01
  3.13365547e-01
  9.64488970e-01
 -2.49679783e-01
 -2.07620092e+00
 -1.37318593e+00
  1.23302539e+00
 -1.80948088e+00
 -2.40379902e+00
 -9.19777461e-01
  4.09494566e-01
  1.20292508e-01
  4.37526703e-01
  3.97060870e-01
 -9.28707042e-01
  1.08351989e+00
  1.52162440e+00
  5.48709174e-01
 -1.22907273e-02
  6.09775806e-01
 -4.53832697e-01
  1.81160706e-01
  1.31865614e+00
 -3.91758062e-01
  1.02671194e+00
  2.20517306e-01
 -1.88436999e+00
 -6.14705912e-01
  5.03699618e-01
  6.26594936e-02
  5.60182684e-01
  4.55864966e-01
 -1.32813847e+00
 -3.71877004e-01
  4.00782937e-01
  3.70651586e-01
  1.12500847e+00
 -7.90574699e-01
 -5.17760801e-01
 -4.35265918e-01
  1.65868985e+00
 -1.09806757e+00
  9.80868236e-01
  3.29983876e-02
 -1.29836478e+00
  3.88929193e-01
 -9.57419706e-01
  4.08199883e-01
  1.28184898e+00
  1.04573667e+00
 -1.24249368e+00
  1.87277887e+00
 -1.04274485e+00
 -1.88794050e+00
  2.72460377e-01
  4.06969716e-02
 -4.87482207e-01
  1.00217212e-01
  3.24753547e+00
  9.66093798e-01
 -5.09369875e-01
  4.06999452e-01
 -1.89251896e-01
  1.42065830e+00
 -1.45135576e-02
  1.04398363e-02
  2.50453699e-01
  1.81170397e-01
  1.98558176e-01
 -8.59134712e-01
 -8.34249757e-01
  1.35157873e+00
 -7.58017344e-01
  2.12527856e-01
  9.89700454e-01
  1.20270976e-01
 -2.19810423e-01
 -1.34269362e+00
 -1.02676184e+00
  5.07573369e-01
 -1.37016716e+00
 -8.10425850e-01
  2.50195145e-01
 -6.99955028e-01
  2.83879493e-01
 -3.82836719e-01
  3.96701421e-01
  1.21614945e+00
  1.93322392e+00
 -3.67152909e-02
 -1.34412238e+00
 -5.33998868e-01
  1.92398293e+00
 -1.32736725e-02
  4.00884562e-01
 -6.78981210e-01
 -6.21589527e-01
 -2.17450041e+00
  3.38897346e-01
 -5.21870165e-01
  1.79430006e+00
 -3.53514293e-01
 -7.71124396e-01
  2.52477024e-01
  1.27262812e+00
 -4.60743590e+00
  1.14273952e+00
 -2.16003150e+00
 -1.17595146e+00
 -2.82235414e+00
 -8.14746221e-01
 -5.90553694e-01
 -3.73947194e-01
 -3.86902872e-01
  6.88203577e-01
 -4.03918285e-01
  1.54320054e-02
 -3.77135938e-01
  5.98426767e-01
  5.20996067e-01
  1.05168726e+00
 -8.40600998e-01
 -1.46024363e-01
  4.67295925e-01
  7.09087060e-01
 -6.07367630e-01
 -5.81154198e-01
 -1.40750464e-01
  2.20571572e+00
 -2.75848415e-01
  5.03596669e-01
  9.93590905e-01
  9.47789334e-01
 -3.71511063e-01
 -4.62751445e-01
  1.20387580e-02
  1.37979909e-01
  7.82695037e-01
  5.94114476e-01
 -6.21912310e-01
  7.60598870e-01
  3.66540239e-01
 -9.84283088e-01
 -1.92007905e+00
  9.62916111e-01
 -2.22356834e-02
 -8.61527382e-02
  4.11243307e-01
 -5.17012233e-01
  2.53328783e+00
  7.21106943e-01
 -4.60526764e-01
  3.11135395e-01
  4.95051727e-01
  1.02515167e-01
  2.17998769e-01
 -7.07742162e-01
  2.88934556e-01
 -2.51079702e+00
  3.08410181e-01
  3.10837287e-02
 -2.72882653e-02
  8.26046020e-01
 -1.17511639e+00
 -7.33495847e-01
 -2.31624017e+00
  1.39584891e-01
  6.60652352e-01
 -4.55683549e-01
 -2.35201397e+00
  8.84859704e-01
 -2.03961699e+00
 -8.08501367e-02
  3.85746859e-01
 -9.87385122e-01
 -1.01940153e-01
  3.48082871e-02
  1.15797149e+00
  5.09155936e-01
 -5.28167522e-01
 -5.78829497e-01
 -5.58716926e-02
  9.36193127e-01
  6.40480107e-01
  1.28002913e+00
 -1.54150065e+00
  7.61686887e-01
 -3.08787012e-01
 -1.01505876e+00
  7.68876395e-01
  5.37372907e-01
  7.51150448e-01
  2.93983108e+00
  8.29812095e-01
  1.17812026e+00
 -1.00837308e-02
  1.09015437e+00
 -8.51418414e-01
 -2.84635682e-01
 -7.65168365e-01
  6.67729588e-01
 -1.17478451e+00
  1.39716801e+00
 -1.59748504e+00
 -2.87076415e-01
  1.35055942e-01
 -1.51791715e-01
  2.20412604e-01
  7.64442564e-01
  8.45326172e-01
  1.65794642e-01
 -5.61170746e-01
 -1.38595092e+00
 -1.70688740e+00
 -5.12049817e-01
  2.18699663e+00
  8.89353632e-02
 -1.88676160e+00
  1.35573369e+00
 -6.83675224e-01
 -7.50270244e-01
  1.26358335e+00
 -5.44651769e-01
  1.05237905e+00
 -6.90640800e-01
 -1.26981837e+00
 -1.41081598e+00
  6.94007277e-01
 -1.05979046e-01
  3.17017991e-01
  4.70668701e-01
 -3.58999580e-01
 -4.17009137e-01
  2.52692535e-01
 -1.75993894e+00
  8.82790461e-01
 -2.46108499e-01
  8.50981236e-01
  1.26661219e+00
 -4.79694761e-01
 -1.74024065e+00
 -2.77487919e+00
  5.07197995e-01
 -1.76386542e+00
  1.96069773e+00
  3.28078937e-01
 -5.14774182e-01
 -7.12631509e-01
 -1.53979646e-02
 -5.79020185e-01
 -1.02226456e+00
 -1.16333290e+00
 -2.00602789e+00
 -2.78252881e-01
  5.97466268e-02
  1.19960357e+00
  1.40185793e+00
 -6.80952322e-01
  5.42269951e-01
 -2.00048531e+00
 -1.62479770e-01
  1.72685976e+00
 -1.69337031e-01
  1.57203643e+00
  1.30530857e-01
  2.15559069e+00
  2.28191758e-01
 -1.51275923e-01
  1.70470693e-01
  7.56894605e-01
  1.74124177e+00
  5.51799559e-01
  2.74414559e-01
  6.68197576e-01
 -2.60891379e-01
  7.92271679e-01
 -5.93103748e-01
 -6.26883699e-01
  7.41641060e-01
  1.46994031e+00
 -1.19167776e+00
 -1.54627992e+00
  7.62838559e-01
  3.62078909e-02
  7.06307413e-01
  2.02501170e-01
 -3.35855076e-01
  3.08405386e-01
 -6.60026492e-01
  1.67726724e-01
 -1.21757439e+00
 -2.27403445e-02
  1.39588449e+00
  1.08762663e-01
 -1.65961833e-01
 -8.75342258e-02
  1.09276991e+00
 -6.36500224e-01
  1.18679529e+00
  2.03667402e+00
  2.74449162e-01
 -1.36582119e+00
  1.69923439e-01
 -3.32963033e-01
  7.31917952e-01
  4.12575524e-02
 -2.86071176e-01
 -6.31458070e-02
 -1.99903403e+00
 -3.13901132e-01
 -7.35429445e-01
 -6.27078510e-01
 -2.09093295e+00
  9.67346245e-01
  3.96997468e-01
 -2.46049639e-01
  4.24092704e-01
  2.30483018e-01
 -2.74641683e-01
  9.15723477e-01
  1.47760728e-01
 -4.78118437e-01
 -1.21994453e+00
 -1.57839288e-01
  8.10316145e-01
 -3.52683658e-01
  1.70814000e+00
 -1.27673984e-01
  1.99888225e+00
 -2.31772142e-01
  4.32759266e-01
 -7.32658516e-01
 -2.28276556e-01
  4.42286765e-01
 -1.91990141e+00
  5.84928871e-03
 -4.73656005e-01
 -1.94446186e+00
 -5.87915772e-01
  3.34780146e-02
  3.14443475e-01
 -1.90095495e-01
  3.58558798e-01
 -1.15485989e+00
  1.37975453e+00
 -6.29003009e-01
  5.82781613e-01
 -3.22435034e-01
 -2.44352396e+00
  1.32644841e+00
  9.60983005e-01
 -7.49060456e-01
 -7.63312442e-01
  7.39596693e-01
  1.12416307e+00
  3.99718825e-02
  2.15748193e-01
  1.28306478e-01
  5.87936158e-01
 -1.63456553e+00
  4.56556792e-01
 -2.56179762e-01
 -4.95462240e-01
  6.53758704e-01
  1.00393108e+00
  2.67443598e-02
 -4.18157075e-01
 -5.84681613e-01
 -1.00356253e+00
  7.89708979e-01
 -2.93263400e-01
 -8.10337007e-01
 -7.70305178e-01
  7.92928856e-01
  1.57774345e-02
  1.18944839e-01
 -4.76908699e-02
 -4.23627509e-01
  3.01732136e-01
  7.52724667e-01
  7.34087563e-01
 -2.09455494e+00
 -4.71692026e-01
  1.52699304e+00
  1.67244738e+00
  2.36883514e+00
 -1.60838281e+00
 -5.00724267e-01
 -2.40927618e-02
 -1.39604292e+00
 -2.11920246e-01
  1.37014287e+00
 -9.45777722e-01
  1.72359305e-02
 -5.70129945e-01
  1.57887077e+00
  2.52518340e+00
 -1.16550992e+00
 -1.36780544e+00
 -4.84358692e-01
  9.48731536e-01
 -6.66688234e-01
  3.66699791e-02
 -1.09337193e+00
 -3.55355252e-01
 -3.74685374e-01
  3.88008079e-01
 -1.64280417e+00
  5.50308199e-01
  2.37790730e-01
  2.33940870e-01
 -2.25211660e+00
 -1.54871718e-01
 -1.35473878e+00
 -5.76489592e-01
  4.28861067e-01
  2.15648432e+00
 -7.60826584e-01
  9.05512667e-01
 -1.23822272e+00
  6.61639040e-01
  6.35304227e-01
 -8.25177611e-01
 -8.29258461e-01
  2.74256701e-01
  2.83871801e-01
 -5.07096627e-02
  2.68843998e-01
 -1.82183175e-01
  3.64445739e-01
 -4.31297788e-01
 -2.58494285e-01
 -3.24137491e-01
  3.52104757e-01
 -8.70193766e-02
  9.47459123e-01
  7.40435520e-01
 -3.45201135e-02
 -1.14479249e+00
 -2.22267870e-01
 -9.77299460e-01
 -6.01785273e-01
  9.69317009e-01
  9.32126698e-03
 -2.13689992e+00
 -7.06056529e-01
 -7.16827143e-01
  4.64038545e-01
 -2.86484954e+00
  1.30692817e+00
  1.41522392e+00
  1.66063919e+00
 -7.84405922e-01
 -1.88641246e+00
 -1.42840922e-02
 -1.30697777e+00
 -4.86227711e-01
 -1.58234672e+00
  3.61500167e-01
 -1.30555025e+00
 -2.21818875e-01
 -2.26283852e-04
  9.87149914e-02
  3.21966036e-01
  1.84664223e-02
 -2.25453487e+00
  6.61199778e-02
  3.85096523e-01
  1.04075813e+00
 -1.14491660e+00
 -7.62540029e-01
 -6.03138395e-02
 -2.28191959e-01
  2.14913738e+00
 -1.60182529e-01
  1.87986294e+00
 -1.48086384e+00
 -1.05519347e+00
 -9.23176212e-01
  8.35344539e-01
 -3.19102025e-01
 -5.56780018e-01
  5.77948813e-01
 -6.60624110e-01
 -1.57341916e+00
  2.88359967e-01
  4.36262399e-01
 -4.04828401e-01
 -3.68602630e-01
 -1.09164535e+00
  6.79589787e-01
  6.15556526e-01
 -1.54275180e-01
  1.56082366e+00
 -5.17728642e-01
 -1.83609984e+00
 -4.79276036e-01
  1.29177208e+00
  2.12595204e+00
  1.12889537e+00
 -7.52983475e-01
 -9.69960181e-01
  1.25502077e-01
 -3.93772787e-01
 -6.99913181e-01
 -1.68465046e+00
  7.45049665e-01
 -6.66700371e-01
 -1.45601043e-02
  9.23502381e-01
  5.93082156e-02
  9.99932826e-01
 -1.80467933e+00
  4.86808937e-01
 -9.18752667e-02
 -7.52672132e-01
  3.78419188e-01
  5.66795211e-01
  8.48580408e-01
  1.91267012e+00
  1.08546813e+00
 -1.52615802e+00
 -1.73879948e+00
 -1.31331255e+00
 -3.29066742e-01
  1.18422054e+00
 -6.88759826e-01
 -7.43854358e-02
 -1.45751879e-01
  1.11185243e+00
 -1.25113236e+00
 -7.89171204e-01
 -6.27996594e-01
 -1.03663079e-01
  6.33433022e-01
 -2.85160199e-01
  1.95017408e+00
 -1.80579091e-01
  6.53264249e-01
 -7.56142033e-01
  6.10745631e-01
  1.40034367e+00
  1.42038775e+00
 -6.56357012e-01
 -6.97906805e-01
 -6.81202842e-01
 -1.19985592e+00
 -1.77864063e+00
 -9.79036220e-01
 -1.02739470e+00
 -7.12230116e-01
  1.37198620e+00
  3.21630915e-01
 -1.24962788e+00
  9.84091743e-02
 -1.19999393e+00
  2.20119782e+00
  5.07206357e-01
 -9.85613184e-02
 -1.66673223e-01
  8.23146163e-01
  9.56043316e-02
  1.59310713e+00
 -3.77661167e-01
  4.04522610e-01
  1.22527851e+00
 -1.36408386e+00
 -1.75685287e+00
 -4.51839466e-01
 -6.57625719e-01
 -1.82808728e+00
 -1.32559539e+00
  4.73200091e-01
 -4.98317095e-01
  4.20227439e-01
  2.13703263e-01
 -5.36402904e-01
 -1.88033692e+00
 -8.74594025e-01
  1.50198919e-01
 -8.65622168e-01
 -2.84419169e-01
 -1.48283596e-01
 -5.28121645e-01
  1.20897846e+00
  9.48995495e-01
 -4.66604878e-01
 -2.76055823e-01
 -5.57077634e-01
 -9.73503579e-02
  5.83691182e-01
  1.02424714e-01
 -1.58694557e+00
 -3.98716886e-01
  8.42759188e-01
 -4.22637759e-01
 -1.16367214e+00
  1.06745221e+00
  4.69187481e-01
 -2.41156587e-01
  7.25331971e-01
 -6.84407916e-01
  1.11286699e+00
 -2.76009782e+00
 -3.65660462e-01
 -1.00315139e+00
 -3.14546722e-01
 -1.11587983e+00
 -4.59604821e-01
 -5.46251613e-01
  4.55369199e-01
 -4.51017270e-01
 -5.28066029e-01
  1.70313396e-02
  1.29581663e-01
  3.16644530e-02
 -1.42761242e+00
 -1.03830789e+00
  6.31774029e-01
 -2.20762491e-01
  2.61395928e-02
 -1.95901453e+00
  4.61762354e-02
  7.85035851e-01
  7.13306829e-01
 -2.50531593e+00
 -2.16111491e-01
  8.97369629e-01
 -5.52117911e-01
 -3.30764612e-01
  1.36170784e+00
  3.30067117e-02
  2.32756379e-01
  1.48553044e+00
  2.21170690e-01
  3.39532871e-01
  2.16051260e-01
  9.85468879e-01
  8.77300879e-01
 -5.29119976e-01
  1.04781618e+00
 -9.94657220e-01
 -2.38285838e-01
  6.92201785e-01
 -8.61463748e-01
 -1.71556606e-01
  7.85134641e-01
  8.47406984e-02
 -8.33614008e-01
  1.65360607e+00
 -1.24804629e+00
 -1.21963975e-01
 -1.66659807e-01
 -7.43508446e-01
 -9.28600970e-01
  4.17861501e-01
  1.07383606e-01
 -1.46396549e+00
  5.01775000e-03
  5.86436809e-02
 -2.32608277e-01
 -6.89260626e-01
 -3.84200108e-01
 -1.92712558e+00
  1.90314223e+00
 -6.17777761e-01
 -9.23645527e-01
  1.01687687e+00
 -1.30719263e+00
 -9.11659347e-01
  9.95091031e-01
  3.14158579e-01
  1.50245887e+00
 -4.40360211e-01
 -9.36833099e-01
 -5.15863120e-01
 -2.15311136e+00
  4.54161706e-02
 -6.84127440e-01
 -8.83406247e-01
 -1.94821155e-01
  1.36299526e+00
 -2.11441542e-01
  8.86105669e-01
  2.12702887e+00
 -6.89967884e-01
 -1.39754805e+00
 -9.25312452e-01
 -1.32170464e+00
  2.58705971e+00
  1.22336373e-01
  6.53091810e-01
 -2.11130474e+00
 -1.39002593e+00
 -7.33797798e-01
 -2.84430147e+00
 -1.09189843e+00
  1.87063731e+00
 -7.71101400e-01
  5.66627841e-01
 -1.47472388e+00
  2.35729389e+00
 -5.98118741e-01
 -9.63071261e-02
  5.69881711e-01
 -1.69036538e+00
 -2.35513800e-02
  1.78419719e+00
  2.28108396e-01
 -5.26018984e-01
 -1.33191536e+00
  6.46540576e-01
 -9.99978011e-02
 -6.48868315e-01
  1.17743199e+00
  3.96838638e-01
  1.03021479e+00
  1.52198076e+00
 -3.87454009e+00
 -5.08618644e-02
  2.15894538e+00
 -2.67990643e-01
 -6.21447765e-01
  5.65152878e-01
 -3.12471809e-01
  1.48703986e+00
 -2.76894544e-01
 -1.87691771e+00
 -1.46866863e+00
  4.13626418e-01
 -1.15472335e-02
  1.67805334e+00
 -6.12251133e-01
  4.47665268e-01
  1.73421574e-03
  1.25704265e+00
 -2.11718930e+00
 -1.35096491e+00
  4.23610913e-01
  1.07241297e+00
 -4.76817665e-01
  3.55114031e-01
  1.53107177e+00
  1.35518262e+00
  9.40217091e-02
 -1.03725551e+00
  7.97811325e-01
 -4.58617859e-01
 -2.12384163e+00
 -1.42211211e+00
  3.90867510e-01
 -4.40792271e-02
 -2.21554495e-02
  1.20913507e+00
 -7.46488857e-01
  5.07315747e-01
  4.47704722e-01
  7.39363350e-01
  1.19775500e+00
 -5.19535093e-01
 -1.76198753e+00
 -3.21084898e-01
 -9.57223473e-01
 -1.43990825e+00
  6.65078231e-01
  7.33702675e-01
 -8.23774910e-01
  9.04293586e-01
 -5.72295572e-01
  1.25333472e+00
 -6.87186545e-01
 -2.88704429e-01
 -1.63389293e+00
 -3.11056885e-01
  3.41503364e-01
 -2.21739269e-01
 -1.32263026e-01
  2.23182463e-01
 -1.23857121e+00
  1.31701702e+00
 -3.27525955e-01
  6.22302023e-01
 -8.98116404e-02
 -1.19188042e+00
  2.64877043e+00
 -4.23211751e-01
  1.01749034e+00
  5.72147255e-01
 -3.07355710e-01
  2.30551865e-01
  2.21288974e-01
  1.52743561e+00
 -9.73684711e-02
 -9.01072447e-01
  1.24014350e+00
 -4.11590016e-01
  5.52316418e-01
  1.31045679e+00
  2.02545595e+00
  3.82701480e-01
  1.35410063e+00
 -6.58560200e-01
 -4.12402900e-01
  1.06263929e+00
  2.56465913e-01
  1.34047802e-01
 -1.06433920e+00
 -1.18850277e+00
  1.39920167e+00
 -2.11769386e-01
  1.19216088e+00
 -2.05611111e+00
 -2.99058235e-01
  6.50625581e-01
 -1.01796236e+00
 -7.30545080e-01
  1.89269486e+00
 -3.31796062e-01
  1.01995402e-01
 -2.01456485e+00
  1.48751199e+00
  2.93691920e-01
  2.53664342e-01
 -7.70163082e-01
  1.02319222e+00
 -1.18436161e+00
 -7.72750029e-01
  5.26815292e-01
 -1.58028074e+00
 -1.33678855e-01
 -9.41217697e-01
  1.00832339e+00
 -2.88231794e+00
  1.94530341e-01
 -9.20396512e-01
 -6.48965629e-01
  3.42312430e-01
 -8.22178639e-01
 -1.03845312e+00
 -9.10021228e-01
  6.38804120e-01
 -6.74528358e-01
  2.01113678e+00
 -1.35532940e+00
 -4.77318336e-01
  7.92772255e-02
 -1.29420991e+00
  7.91046948e-01
  4.75979879e-01
 -1.42803419e+00
 -3.26130309e-02
 -7.04512283e-01
 -5.74011950e-01
  6.73264538e-01
 -6.96984107e-01
 -5.08706781e-01
 -1.47429293e-01
  1.36889716e+00
 -2.68574881e+00
 -3.21654534e-03
 -1.95853060e+00
  1.24115859e+00
  1.59780052e+00
  5.27680118e-01
 -9.83714417e-01
  1.65548677e+00
 -1.36722901e+00
  1.18448056e+00
  1.08965924e+00
 -7.96398230e-01
 -8.53139789e-01
 -1.21890148e+00
 -1.96350837e+00
 -2.27357322e-01
  1.26153692e+00
  5.70477478e-01
 -2.46681515e+00
  3.72926490e-01
 -7.21068461e-01
  2.11253475e+00
  3.23549227e-01
  1.38276447e+00
 -2.62776086e-01
  1.92606120e-02
  2.13256789e+00
 -1.03819692e+00
 -2.18767310e-01
 -9.12143084e-01
  8.23206713e-01
 -7.41172406e-01
  2.08642764e+00
  4.63590833e-01
  2.49729579e-01
 -1.23854744e+00
  1.31690174e+00
  4.94571598e-01
  3.76227106e-01
  8.94687774e-02
 -3.54133097e-02
 -7.71219644e-02
 -8.90188084e-01
  9.84451198e-01
 -9.41477731e-01
 -1.08017730e+00
  1.16584797e-01
  1.05090292e-01
 -1.42853043e+00
  2.43048006e-01
 -7.38743713e-02
  6.69318943e-01
 -1.33208151e-02
 -5.70445248e-01
 -4.93371360e-01
 -6.68961029e-01
 -2.23573230e-01
  2.29309020e-01
 -4.52793861e-01
  1.24234100e+00
 -4.85637276e-01
  5.10249921e-01
 -1.67151818e+00
 -8.68558896e-01
  7.62890299e-01
  2.98174994e-01
 -1.05019726e-02
 -2.77526469e-01
 -6.68903922e-01
  4.99432849e-01
 -1.11112895e+00
  3.39221900e-01
 -4.09982823e-01
  1.55822957e+00
  4.15081307e-01
 -2.61783779e+00
  1.56689692e+00
  1.20010250e+00
 -4.31318771e-01
 -2.58798153e-01
 -9.08881965e-01
  9.79469773e-01
  3.43799985e-01
  6.42084664e-01
 -9.89153824e-01
  4.12221492e-02
  5.08940775e-01
  3.71293341e-01
 -1.38790458e+00
 -1.17696410e+00
  6.47086991e-01
 -6.80847781e-02
  1.66415615e-01
  2.43513112e+00
 -4.57693254e-01
  1.01359545e-01
 -3.13313681e-02
  9.31176772e-01
 -6.00410882e-01
  1.61468918e+00
  1.15536444e+00
 -1.92103981e-01
  5.20697916e-02
  8.46056135e-01
  9.43238418e-01
 -2.12323924e-01
 -1.21582101e+00
 -3.35020967e-01
  5.32117564e-01
  1.00293756e+00
  7.50594992e-01
 -1.11846611e+00
 -3.99246663e-01
 -2.14912151e+00
  4.58713706e-01
  1.21657858e-01
  1.18895461e+00
  1.13526719e-02
 -4.61162289e-01
 -5.93016863e-02
  7.54328222e-01
 -1.64878314e+00
 -2.39422662e-01
 -3.33215831e-01
  1.98817027e+00
  1.59479899e+00
  5.28412268e-01
 -3.32213473e-01
 -4.74780751e-01
 -2.78311015e-01
  3.56667594e-01
  6.67227548e-01
  1.11758816e+00
  5.44566482e-01
 -6.93918819e-01
  5.31046566e-01
  1.95997260e-01
  3.40499295e-01
  4.86490717e-01
 -2.33418245e-01
  4.80430696e-01
  2.18163421e+00
  2.51513393e-01
 -1.76785382e+00
 -2.64678938e-01
  1.04229219e+00
 -8.66441412e-01
 -1.20211501e+00
  7.60699003e-01
 -1.05533051e-02
  1.33119009e-01
 -5.72050423e-01
  8.10031543e-01
 -7.04776566e-01
  2.58342094e-01
 -2.00674118e-01
 -4.70057941e-01
  4.51858584e-01
 -6.20263211e-01
  1.85220627e+00
 -3.96699149e-03
 -3.94376353e-01
 -5.57818365e-01
 -6.32089001e-01
 -1.01247825e+00
 -6.67048793e-01
 -2.88157018e-01
 -8.36747313e-01
 -1.31613258e+00
  1.49183964e+00
 -1.84775388e+00
 -1.11901990e+00
  1.37142184e-01
  1.97481138e-01
  1.32011105e-01
 -1.37253169e+00
  5.26857309e-01
 -8.13432471e-01
  1.50097711e+00
  1.08770864e-01
  9.70074045e-01
 -1.50449141e-01
 -1.04642847e+00
 -1.61871078e-01
 -1.76429917e-01
  4.87364539e-01
 -7.66925944e-01
  5.29030415e-01
  1.53075721e+00
 -3.61045050e-01
  7.65690577e-01
  1.20664936e+00
  1.59780444e+00
 -3.70421577e-01
 -7.82401889e-01
 -7.36142443e-01
 -1.70036336e+00
 -1.08686125e+00
 -7.62780398e-01
  1.82680938e+00
  5.23620535e-01
 -2.03812837e+00
 -5.11779264e-02
  9.00416966e-01
 -1.15306111e+00
  2.11511321e-02
  5.50066173e-01
  1.25580843e+00
 -8.29522436e-02
  1.39334090e-01
  6.52102900e-02
 -9.02351133e-01
  6.72795922e-01
 -6.76620863e-01
 -1.82363655e+00
  5.05731344e-01
 -2.17265833e+00
 -3.96466015e-01
 -8.98494626e-02
  1.73284138e+00
  1.15574555e+00
 -6.03743408e-01
  5.27987734e-02
 -8.51980397e-01
 -2.53987983e-01
 -8.94418009e-02
  4.31441098e-01
  8.14560856e-01
 -6.04698616e-01
  9.67339294e-01
  1.95621625e+00
  5.86046147e-01
 -8.88484038e-01
  1.83187471e+00
  1.53822562e+00
 -2.02976829e-01
  4.63727869e-01
  1.18488818e+00
 -7.10939307e-01
 -5.40533772e-01
  9.83997900e-01
  5.14817088e-01
 -4.31035076e-01
 -7.21403442e-01
 -1.93057642e+00
  2.86677851e-01
 -1.10450477e+00
 -3.82109250e-01
 -1.12618754e+00
 -7.61559798e-01
 -5.84369127e-01
 -1.22676440e+00
 -1.45548488e+00
  1.92789421e+00
 -7.03270043e-01
  1.31585136e-01
  1.10143104e+00
  3.62840079e-01
 -1.79176279e+00
  5.00873408e-01
  1.93930439e+00
  3.44950498e-01
  8.31609168e-01
  5.39668769e-01
 -1.22407572e+00
  5.65966688e-01
 -8.50138072e-01
 -1.37026508e+00
  4.22621081e-01
  4.95220471e-01
 -2.94301144e+00
 -5.93770983e-02
  5.46833447e-04
  1.00689254e+00
 -4.95274385e-01
  4.91376279e-01
  1.36564834e+00
  3.86660409e-01
  3.43718831e-02
 -5.98735570e-01
 -1.21173390e+00
  1.27321203e+00
 -7.38587464e-01
 -4.06150866e-01
  1.58732035e+00
 -4.22555464e-01
  1.57733604e+00
  8.42752489e-01
 -2.71848080e+00
 -2.27602161e+00
 -4.23870378e-01
  3.87526470e-01
 -8.46322929e-01
  7.48610928e-01
 -8.05883366e-01
  4.91570798e-01
 -7.49583067e-01
  1.13774643e+00
  2.49511608e+00
 -9.13226213e-01
  6.13349938e-01
 -1.16847405e-01
 -1.01497266e+00
 -2.04033382e+00
  1.25123678e-01
  2.80014810e-01
  1.88774428e-01
  2.30477059e-01
  6.27809022e-02
  1.46789409e+00
 -5.60488552e-01
  5.36566118e-02
  9.96510760e-01
 -1.33582219e+00
 -1.27875298e+00
 -3.31348632e-01
  1.03740805e-01
  1.42169176e+00
  3.90611270e-01
 -1.32937601e+00
  1.69791614e+00
 -3.46530273e-01
  2.00364429e-02
 -4.85038166e-02
  3.04950384e-01
  1.95579549e+00
  2.05666216e-01
  1.60010890e+00
 -4.47597664e-01
  4.04721691e-01
 -1.67098066e-01
 -2.25952379e+00
 -1.91730529e-01
  5.10030526e-02
  9.32033917e-02
  2.74179828e-01
  1.29566546e+00
 -4.73978988e-01
  7.22874658e-01
  1.52822954e-01
 -2.51960211e-01
 -8.02905265e-01
 -1.17009730e-01
 -5.37769405e-01
  9.81885017e-01
  2.44285926e-01
 -4.74543633e-01
 -1.52670208e+00
  1.09154710e+00
  1.35264561e+00
 -2.36628376e+00
  1.90896840e-01
  4.24962149e-01
  8.43445113e-01
  6.69866863e-01
  2.70981258e-01
  3.12828267e-01
 -3.75664799e-01
  3.50642621e-01
 -1.40138701e-01
 -1.08748458e+00
 -3.54481165e-01
  4.89498838e-01
  2.78342232e+00
 -2.70357220e-01
 -7.71552004e-01
  9.13630522e-01
  2.58850246e-01
 -6.64141593e-01
 -2.01492966e-01
  8.12822410e-01
 -1.14077651e+00
  4.78222262e-01
  1.50665891e+00
  4.09977624e-01
  1.36303508e-01
  1.33866662e+00
 -1.27546120e+00
  7.97264372e-01
  3.64227653e-01
  1.07921782e+00
 -3.97322629e-01
  5.79970834e-02
  1.13684191e+00
 -2.16856300e+00
 -5.34346876e-01
 -5.81410950e-02
  1.98704011e+00
  1.45135281e-01
  4.07927441e-01
 -4.88693327e-01
 -1.18448612e+00
 -3.89224552e-01
 -9.67789389e-01
 -1.48605603e+00
 -2.62348922e-01
  9.23672345e-02
  1.20241070e+00
 -2.47227399e-01
  8.17982701e-01
  1.09815096e+00
  1.26067853e-01
 -8.42711669e-01
 -7.52797197e-02
  1.49042472e+00
 -1.56416844e+00
 -1.47506154e+00
  7.65014704e-01
  1.24099087e+00
 -5.58806821e-01
  4.09861228e-01
 -1.60230106e+00
  2.36249127e-01
  1.46516797e-01
 -5.23117952e-01
  9.93138400e-02
  3.37945669e-01
 -1.54336924e+00
  1.92496533e+00
 -2.41447924e-01
  7.61847338e-01
 -8.59112170e-01
 -6.33414520e-01
 -8.48944215e-01
  1.68741811e-01
 -8.32809234e-01
 -1.00734785e+00
  1.08831467e+00
  9.99373475e-01
 -2.08398872e-01
 -1.13173964e+00
 -1.38426739e+00
 -1.20289552e+00
 -1.52085743e-01
 -1.09743462e-01
  2.92411767e-01
 -8.85472808e-01
  1.58773188e+00
  7.78303192e-01
 -1.32274032e+00
  1.56083807e+00
  8.39771504e-01
  2.99807783e+00
 -1.07829451e+00
  3.16876485e-01
 -1.07903514e+00
  8.09684679e-01
 -5.74322398e-01
  1.81027314e+00
 -5.39432916e-01
 -5.59142263e-01
 -1.07380898e+00
  3.70913579e-01
  1.61141382e+00
  7.34188413e-01
 -1.39503025e+00
  1.34681342e+00
  8.41189874e-01
  3.60063359e-01
  6.28521525e-01
 -6.60190398e-01
 -7.57920392e-01
  5.27734040e-01
  5.08746593e-01
  1.06030998e+00
 -6.59846166e-01
 -8.82173635e-01
  1.29598303e+00
  6.44917031e-01
 -1.40374226e-02
 -1.47724460e+00
 -1.40426674e+00
 -1.07809477e+00
  5.02739688e-03
 -2.17634975e+00
 -6.49834051e-02
  1.52986829e+00
 -1.96668370e+00
  7.01354159e-01
 -1.40155931e+00
 -2.37616969e-01
 -1.14837057e+00
  1.84653870e+00
 -5.32352068e-01
 -3.33121135e-01
 -1.12843040e+00
 -1.77403970e+00
 -1.03386530e+00
 -7.22938420e-01
 -5.62083887e-01
 -2.69805258e-01
  7.75114889e-01
  5.10034593e-01
 -5.01829600e-01
 -2.43402698e-01
 -2.75065208e-02
  1.21646116e+00
 -1.09089590e+00
 -4.76118991e-01
 -8.84294664e-01
 -1.24638244e-01
 -8.51656943e-01
  1.43305157e-01
  8.09984669e-01
 -1.81047243e-01
  4.39879029e-01
  1.28671695e+00
 -2.21624049e-01
 -9.28106195e-01
 -1.01145106e+00
 -4.74934504e-01
  2.73566583e-01
  1.68745115e+00
 -2.39805341e-01
  2.24478355e-01
 -3.35022493e-01
  2.46956493e-01
  2.07994559e+00
  1.64248560e+00
  1.02792988e+00
 -5.54960470e-01
 -9.60252101e-01
 -1.34642030e+00
 -7.89566393e-01
 -6.52677157e-01
  6.35808667e-01
 -2.72144156e-01
  2.07433200e+00
  1.15178188e+00
 -1.00100535e+00
  4.29750900e-02
  2.89972620e+00
 -8.14117584e-01
 -8.15884301e-01
  9.65194417e-01
 -5.83657320e-01
  1.90422341e+00
  1.94455218e-01
 -3.65758927e-01
 -8.85381921e-01
  8.91790858e-01
 -5.73312273e-01
 -1.70689473e+00
  1.52515776e+00
 -7.08297495e-01
 -1.90169350e-01
  6.69852277e-01
 -1.32458704e-01
 -2.14265086e+00
  2.94708965e-01
 -2.58343772e-01
  5.11790464e-01
 -3.59146007e-01
 -1.92370734e-01
  1.54567270e+00
  1.36687887e+00
 -4.51667300e-01
 -5.04870927e-02
 -2.22205486e+00
  9.04729811e-01
  1.73111591e+00
  7.37112757e-02
 -3.62312150e-01
 -1.62260250e+00
 -6.55446080e-01
 -6.05056107e-01
  1.37479930e+00
  2.45575473e-01
 -8.54511307e-01
  1.64656542e+00
  5.88429070e-01
  2.35537429e-01
 -1.02147370e+00
  8.34688095e-01
  1.81727351e-01
  8.90473021e-01
 -9.37234599e-02
  2.86328508e-01
  8.61105655e-01
 -6.16881751e-01
  1.30483520e+00
 -9.36538188e-01
 -8.76170012e-01
  2.37141540e-01
 -2.38931257e-01
 -2.43710888e+00
  1.36865277e+00
 -2.64152811e-01
  1.93843145e+00
 -7.29754917e-01
  1.15187330e-01
 -1.04678118e+00
 -1.34393361e+00
 -6.66287715e-01
 -9.70742863e-01
 -2.89386843e-01
 -7.41693133e-01
  1.27639759e+00
  5.94234763e-01
 -4.52864681e-01
 -4.94781943e-01
 -1.79085146e+00
 -2.52263097e-01
 -6.39235844e-01
  4.01599194e-01
  6.86357194e-02
  1.01584095e+00
 -2.78815555e-01
 -8.06390264e-02
 -1.91018418e-01
 -1.06252780e+00
 -6.56101960e-01
  2.97207441e-01
 -7.64858960e-01
  4.42270745e-01
  9.27980964e-01
  1.25906994e+00
 -8.56980890e-01
 -9.40239185e-01
 -5.54146388e-01
  3.25235964e-01
 -4.82036750e-01
  6.11313639e-01
  3.72347551e-02
  1.55889600e+00
 -1.88419130e-03
  6.41858803e-01
 -1.61163344e-01
  9.32774828e-01
 -1.01700063e+00
  3.37365828e-01
 -5.17578895e-01
 -5.46405191e-01
  6.50740958e-01
  2.65179013e-03
 -9.65765086e-01
  5.15773084e-01
  1.21777546e+00
 -1.14839501e+00
  1.27483729e+00
  2.41077751e-01
 -1.11074756e+00
 -8.10444492e-02
  7.04962586e-01
 -4.81400147e-01
 -1.00410889e+00
  3.49018859e-01
  1.86791883e+00
  2.13121047e-01
 -9.06165423e-01
  1.07169562e+00
 -6.77924555e-01
  8.96735712e-01
 -9.27898173e-01
 -8.01056848e-02
 -1.39380211e+00
 -1.38827167e+00
 -3.03618342e-01
  7.67537051e-01
  9.81306990e-01
 -2.57943781e+00
  3.13492455e-01
  1.18598393e+00
  1.97505532e+00
 -6.15095714e-01
  6.90086560e-01
  3.30786104e-01
  1.04949634e-01
  1.20649874e-01
  1.24862812e-01
  1.66588210e+00
 -1.21334408e+00
 -3.59503636e-01
 -5.94242300e-01
  1.08692257e-01
  1.06040292e+00
 -1.53012476e+00
 -8.99769312e-01
 -3.21175258e-02
 -6.87346319e-02
  2.03534448e+00
  1.47858224e-01
  8.09961621e-01
  6.78398365e-01
 -5.43462809e-01
 -1.06790282e+00
 -1.31497234e-01
 -7.49649322e-01
 -2.81894290e-01
  3.91854012e-01
  1.62897069e+00
  3.95987768e-01
 -5.31437050e-01
 -3.12770625e-01
  1.02782168e+00
  2.51734327e-01
  2.58606732e-01
 -1.34257026e+00
 -3.89821424e-01
 -5.05477840e-01
  8.74965279e-03
  9.21552070e-01
  1.52758932e+00
  1.54052765e-01
  1.00560549e+00
 -2.50723316e-01
  1.35901601e+00
 -1.75563377e+00
 -1.77418164e-01
  1.58117634e+00
 -2.43625419e+00
  1.35850037e+00
 -6.89548659e-01
 -2.02656424e+00
 -1.32482582e-01
 -5.01858483e-02
 -1.70531755e+00
 -2.34405149e-01
 -1.23047913e-02
 -9.01176110e-01
 -1.01129300e+00
 -1.69415514e+00
 -6.36607397e-01
  1.62779277e-01
  1.98615288e+00
  1.46336841e+00
  3.77050531e-02
  2.20006628e+00
  1.17641692e+00
  1.75813068e+00
  1.61059828e+00
 -5.38463237e-01
 -3.33230716e-01
  1.89354559e+00
  7.86541516e-02
  3.95376178e-01
 -2.67409462e-01
 -1.26553252e+00
 -2.27890629e+00
  5.47956471e-01
 -6.70645702e-01
 -4.66103840e-02
  4.03455372e-02
  9.71341915e-01
  1.35064586e+00
 -3.72151831e-01
 -1.10729983e+00
 -8.89637902e-01
  6.37379254e-01
 -4.41136830e-01
 -5.50698263e-01
 -2.31755216e+00
 -1.32651240e+00
 -3.00466627e-01
 -1.00864911e+00
  6.53962347e-01
  1.51141265e-01
  5.19496137e-01
 -1.24880326e+00
 -7.13348186e-01
  1.68077428e+00
  1.30474799e+00
 -2.85853407e-01
  6.03028849e-01
 -6.97473254e-01
  1.44467471e+00
 -4.16545729e-01
  2.00098640e+00
 -3.12105935e-01
  1.45425211e+00
 -5.27467683e-01
  1.99375892e-01
 -2.14291107e+00
  9.29773036e-02
  1.76954413e-01
 -1.15113224e+00
 -2.04561457e+00
  6.76475893e-01
 -2.02822053e-01
 -1.98120762e+00
  2.43784279e-01
  1.72468670e+00
 -9.57009472e-01
 -1.73229423e-01
 -1.28681536e+00
  3.81127855e-01
 -2.00302317e-01
  2.02971142e-01
  5.63902038e-01
 -6.16675995e-01
 -6.29065527e-01
 -7.66454775e-01
  2.20524578e+00
 -4.23879484e-01
  1.08099999e+00
  1.56371704e+00
  1.22029697e+00
  9.68707062e-02
 -8.96348746e-02
 -1.27134747e-01
  1.54541959e+00
  1.85257845e+00
 -3.80085966e-01
 -1.21985345e-02
 -1.87971061e-01
 -4.26728356e-01
 -1.77228682e+00
  8.71357264e-01
 -9.62266823e-01
 -9.93369152e-01
  1.07508501e+00
  5.50062159e-02
 -3.11854643e-01
  1.65268734e+00
 -2.91370242e-01
 -1.49343412e-01
 -1.37876698e+00
 -1.08360918e+00
 -8.31311497e-01
  5.58457074e-01
 -6.57411683e-01
  6.30550547e-01
 -3.59084223e+00
  5.55556284e-01
  1.23145065e+00
  9.43392306e-01
  3.71210047e-01
 -1.23419129e+00
  2.35064772e+00
 -9.58618319e-01
 -4.56837364e-01
 -4.94105925e-01
  7.45349273e-02
 -1.60192409e-01
 -2.52751558e-01
  6.50293425e-01
  3.74551578e-01
 -1.03003596e+00
  1.03887924e+00
  3.88298259e-02
 -8.05028211e-01
 -1.11008450e+00
  1.15476041e+00
  2.73887814e+00
  6.40252582e-01
 -7.90626640e-01
 -2.32912685e-01
 -1.59510635e+00
  9.41211331e-01
 -1.09790732e+00
  6.13105333e-01
  1.03391609e+00
  2.10374987e-01
 -2.90612545e-01
 -1.46625830e+00
 -3.91480792e-02
 -7.88211111e-01
  2.14476298e-01
  2.83413925e+00
 -1.39812454e+00
  1.08610227e+00
  1.35976791e+00
  2.58543226e+00
 -1.07378929e+00
 -7.78227100e-01
  8.41270517e-01
 -1.27914949e+00
 -9.62495124e-01
 -1.98386458e+00
 -5.45793105e-03
  5.97074602e-02
  1.65549591e+00
 -1.68750209e-01
 -5.09213484e-01
 -9.25488460e-02
  6.29486915e-01
  1.05697608e+00
 -2.41043101e+00
 -3.70033730e-01
 -9.37304802e-01
 -5.06442866e-01
 -2.72164152e-02
 -2.97447898e-01
 -1.43038945e+00
  3.88426147e-01
  1.73894637e+00
  2.73339768e-01
 -9.87992427e-01
  1.90816273e+00
 -1.24329644e+00
 -1.99359526e+00
 -3.99035102e-01
  7.12264800e-01
 -4.24824704e-01
  1.41350729e+00
 -2.59102157e+00
 -4.78253685e-01
 -3.82667947e-01
  3.96369289e-01
 -1.68163638e-01
 -1.41909294e-01
  8.14760790e-01
 -3.17088246e-01
 -1.88714635e-01
  2.84592971e-02
  4.10519933e-01
 -3.05008246e-01
 -2.49623261e+00
  1.13615149e+00
  1.49412977e+00
  9.20376704e-01
  1.57331447e-02
  1.01532182e+00
  1.20890269e+00
  8.49766279e-01
  1.90147773e+00
  1.43883826e+00
  4.28764792e-01
  3.36609487e-01
  1.75899564e+00
  5.19039462e-01
  6.52034998e-01
 -4.72727110e-01
  7.22110051e-01
  8.93681600e-01
  1.57283286e-01
  1.65952181e+00
  4.01742052e-01
 -2.35863297e-02
  9.16774529e-01
  1.27597391e-01
  4.64044760e-01
  3.08426493e+00
 -3.59083415e-01
 -2.27074193e+00
  4.99572610e-01
  9.69998033e-01
  3.62003667e-01
  1.47717035e-01
 -9.77446043e-01
 -2.07552240e-01
  1.88698106e-01
 -4.36598551e-01
 -1.76116720e-01
  1.65251276e+00
  8.12965821e-01
  7.24928899e-01
  1.50461034e+00
  4.51189488e-01
 -9.51328330e-01
 -1.25251763e+00
  3.07214368e-01
  6.26519307e-01
  1.12227012e-01
 -1.35070118e+00
  3.00608720e-01
 -2.14244480e-01
  1.09249069e+00
  1.27423615e+00
 -1.30129664e+00
  5.30137833e-02
  2.65288968e-01
  2.72083876e-01
  8.04912061e-01
  9.31712508e-02
 -3.57802626e-01
 -7.01075740e-01
  1.36124194e+00
 -1.77107943e+00
 -1.29090579e+00
 -1.72977564e-01
 -4.48256614e-01
  1.80263306e+00
 -5.33329623e-01
  9.29739079e-01
  1.19607428e+00
  1.46570339e+00
 -1.84746475e+00
  7.43268416e-01
 -5.88559604e-01
  8.12729593e-01
  1.26735420e-01
  3.43528496e-01
 -4.68972168e-01
  3.98090197e-01
  1.11474780e+00
 -4.06927398e-01
  1.83713824e+00
  7.76728173e-01
  9.31565075e-01
 -2.55497708e-01
  2.66644092e-02
  6.74513522e-01
  3.39868348e-01
  2.45567119e-01
 -5.81941242e-02
  1.71413001e+00
 -9.69251257e-01
  1.57324391e+00
  1.79651723e+00
 -5.35846254e-01
 -1.37909832e+00
  1.97216386e+00
  1.16549483e+00
 -2.84338860e-01
 -2.94472969e-01
 -9.43385113e-01
  1.40979729e+00
 -1.42016107e+00
  1.00962428e+00
  2.82115558e-01
  2.58757838e-01
  3.07808022e-01
 -1.44145573e+00
 -1.57254446e+00
 -6.27679471e-01
  3.92554613e-01
  1.02981840e+00
 -1.40589884e+00
  4.88668773e-01
  7.39335199e-01
 -4.28934134e-01
 -2.21923734e-01
 -5.74203072e-01
  9.72023462e-01
 -1.15880444e-01
 -6.28070228e-01
  1.85102793e+00
 -6.56175022e-01
  4.25458330e-01
  8.66340632e-01
 -7.62906072e-01
 -1.21222627e-01
  1.41119663e+00
  2.05668821e+00
 -3.24460613e-01
 -4.69555327e-04
 -4.56931444e-01
 -7.16048618e-01
 -3.01286917e-01
 -5.10784484e-01
 -1.57495976e+00
 -6.90297646e-01
  9.92539250e-01
  1.56974038e+00
 -9.95063405e-01
  3.07242996e+00
 -1.97676969e-01
  6.69151317e-01
 -2.09577309e+00
  1.17682045e-01
  3.98312447e-01
  1.25962312e+00
 -1.51906525e-04
  4.77879424e-01
 -1.19318297e+00
 -1.84978415e+00
  2.00126635e+00
  7.56319743e-01
  7.48727510e-01
  1.28013905e+00
  5.49327843e-01
 -6.45833335e-01
 -1.02431010e+00
  9.70616670e-01
 -3.09900950e-01
 -1.74004242e+00
 -2.37527947e-01
  5.88345728e-01
  1.23947101e+00
  4.80824199e-02
  1.42926780e+00
 -2.83041268e-01
 -1.84886334e+00
 -1.04629260e+00
 -9.72782521e-01
  8.76354636e-01
 -7.04288624e-01
 -6.55508021e-01
 -9.50399566e-01
  5.83624348e-01
  1.01618660e+00
 -8.93921416e-01
  9.58673802e-01
 -8.26906080e-01
 -1.11333583e+00
  9.34603544e-01
 -1.33540110e+00
 -1.20367292e+00
  8.53417019e-01
  6.18712709e-01
 -6.34116953e-01
  2.01732847e+00
 -1.80281337e+00
 -1.15071791e+00
 -9.03189163e-01
  1.46861674e+00
  1.01579302e+00
  8.44612249e-01
  3.20208071e-01
  1.10604740e+00
  2.77624664e-02
  2.97943112e-02
  9.38424494e-01
  7.52174393e-01
 -2.28747417e+00
 -9.64835512e-01
 -1.12169136e+00
  1.04547126e+00
 -4.06230549e-02
 -2.79286744e-01
 -1.60883905e+00
  1.19931293e+00
  3.44237722e-01
  4.94678591e-01
 -7.21252889e-01
 -5.85947856e-01
 -4.31464580e-01
  3.15621928e-01
 -6.31170521e-01
 -5.72938299e-02
 -2.03290542e+00
 -1.07284514e-01
 -2.75965024e-01
 -5.74888073e-01
  6.97388345e-01
 -1.42553341e-01
  3.15699739e-01
 -1.67403913e+00
  1.21967209e+00
  7.52526006e-01
 -1.03481430e+00
 -2.13802849e+00
 -1.06838333e+00
  1.69258650e+00
 -2.04006961e+00
  1.84195335e-01
 -1.44102253e+00
  1.18480538e+00
  4.12977478e-01
 -1.32592313e+00
  5.51967667e-01
 -2.02861093e-02
  5.14542936e-01
 -1.03165538e+00
  2.28576867e+00
  3.88113716e-01
 -6.22434322e-01
  7.66688068e-01
 -6.93210827e-01
  5.85318135e-01
  3.08369206e-01
  1.27907347e+00
 -1.38557737e+00
  1.80782679e+00
 -1.06904988e+00
 -3.13372761e-01
 -1.33661578e-01
  4.52684457e-01
  1.00088869e+00
 -1.23305503e-03
  8.24103300e-01
 -1.25902317e-01
  7.46265905e-01
  1.73573695e+00
 -6.72867267e-02
 -6.33490182e-01
 -3.29228318e-01
 -1.05591191e+00
 -3.81004111e-01
  8.76675789e-01
  4.73976864e-01
  9.51662270e-01
 -3.30212247e+00
 -8.61130979e-02
  1.90031825e+00
 -8.33964989e-01
  5.91399272e-01
 -3.85486166e-01
  1.54040580e+00
 -4.70478270e-01
  6.61012097e-01
 -1.80087462e+00
 -8.11665752e-01
 -1.45769500e+00
 -7.03956299e-01
  1.12044257e+00
 -2.59928522e+00
 -1.44138150e+00
 -7.76139401e-01
 -9.61633628e-02
  1.93427792e-01
 -2.16741920e-01
  2.48658598e-01
 -2.92895454e-01
  3.66711809e-01
  5.00450480e-02
  6.18155294e-01
 -1.25014417e+00
  5.90003967e-01
 -3.76934011e-01
  3.23904812e-01
 -3.17742701e-01
 -1.70304856e+00
  2.10486164e+00
  2.19575178e+00
  6.62544715e-01
  2.49548113e-01
  5.96326226e-01
  8.99142584e-01
 -1.39965679e+00
 -8.53012499e-01
  2.36630010e-01
  9.41932739e-01
  3.54930495e-01
 -1.90552565e+00
 -6.37489229e-01
 -3.95521467e-01
  1.50463630e-01
 -1.65796980e+00
 -9.84634418e-02
 -6.02578836e-01
 -8.15578127e-02
 -1.51474791e+00
  7.94178102e-01
 -9.47746925e-01
  1.65928114e+00
  9.16418532e-01
 -8.93114806e-01
  1.25066430e+00
 -7.84585305e-01
  2.56652619e-01
 -5.84231948e-01
  5.23275104e-01
 -5.23599653e-01
 -8.60193251e-01
  2.01097761e+00
 -2.82443493e-01
  1.04905148e+00
  2.85887097e-01
 -2.65912661e-01
 -2.44339727e-01
 -5.36442115e-01
  5.97630594e-01
  2.46143940e-01
 -2.37335710e+00
  6.95771382e-01
  4.92564187e-01
 -4.49553507e-01
  1.97808505e-01
 -7.24430311e-01
 -6.17718894e-01
 -8.25205561e-01
 -2.64542475e-01
 -3.00924296e+00
  5.72221879e-01
 -1.72199298e-01
  1.46764068e+00
  5.39451894e-01
  1.12014562e+00
  9.17881268e-01
 -3.42882581e-01
 -1.19671208e-01
 -6.44694532e-01
 -1.65271829e+00
 -1.36159390e+00
 -5.99625561e-01
  6.19506514e-01
 -3.06600497e-01
  5.81988066e-01
  9.33849876e-01
  6.56354944e-01
  1.47739419e-01
 -1.08629468e+00
  8.31679766e-01
 -1.16323860e+00
  5.68400398e-02
 -1.45111139e+00
 -3.92836302e-01
 -2.87809573e-01
  1.39797742e+00
  9.00219295e-02
 -1.17732808e+00
  1.51939054e+00
 -4.66885697e-01
 -1.94919402e+00
  3.81745323e-01
 -1.89560604e+00
 -8.00860795e-01
  4.96802617e-01
 -7.31938151e-01
  8.58961563e-01
 -5.05400223e-02
  4.45385076e-01
  1.40053954e+00
 -6.52206745e-01
 -1.47874428e+00
 -1.26947164e+00
  2.05355889e-01
 -1.79822156e+00
  7.42718640e-01
  2.13205209e-01
 -1.37297770e+00
  1.30469415e-01
 -6.91985270e-01
 -1.01333578e+00
 -5.22274239e-01
 -4.89398578e-01
  2.56887000e-01
  9.46214813e-01
 -3.46473488e-01
 -8.45090932e-02
 -2.78966541e-01
 -6.91949337e-01
 -2.81307631e-01
 -9.81816100e-01
 -8.18078297e-01
 -2.29172214e-01
 -6.82779739e-01
  4.39850852e-01
  8.59264372e-01
 -2.17165188e+00
  1.86875176e+00
  8.66072895e-01
 -6.00363068e-01
 -1.41366430e-01
 -6.47408621e-01
  8.53675454e-01
  6.15422017e-01
  2.55243373e-01
  1.12684413e+00
  9.77193122e-01
  8.70055574e-02
 -2.91681649e-01
 -4.28105331e-01
 -2.86459178e-01
  1.64827789e+00
 -3.79482324e-01
  4.24400114e-01
 -2.02611428e-01
 -8.58494746e-02
 -1.47646085e+00
  2.04932925e-01
 -1.57546961e+00
 -5.48278915e-01
  1.45821561e-01
  7.75656708e-01
  6.96852843e-01
 -1.60725924e-01
  1.07162294e+00
  7.71438083e-01
  6.56230956e-01
  1.87904927e-01
  2.62055892e-01
 -2.25977081e-01
 -2.87258654e-01
 -1.61506540e+00
  2.39907294e-01
  3.26637368e-01
  1.22928674e+00
  1.28953369e+00
  8.14777057e-01
 -4.97037194e-01
 -1.15003311e+00
  1.32544339e+00
  8.81712455e-01
 -8.31412365e-01
  6.42797646e-01
 -3.08103697e+00
  1.14419137e-01
  4.48769497e-01
  1.44412582e+00
 -1.15539634e+00
 -1.56249068e-01
  3.29751023e+00
 -4.61710165e-03
  8.14418028e-01
 -1.31586948e+00
  2.00440445e-01
 -1.68400682e+00
 -1.22954098e+00
 -4.31388290e-01
 -2.32393730e+00
 -4.01853884e-01
 -9.13161926e-01
  4.76977765e-01
 -2.76291676e-01
  5.99701376e-01
 -7.06801472e-01
  5.91256292e-01
  8.71261634e-01
 -1.26564506e+00
  1.00100521e+00
  7.72150632e-01
  8.85107642e-01
 -2.05551655e-01
 -8.55824874e-01
 -1.11775445e+00
  2.19621802e-01
 -7.01604617e-01
  7.89248250e-01
  1.79341986e+00
 -1.94984863e-01
 -1.36091748e+00
 -5.98359757e-01
  5.40968702e-01
  1.45851221e+00
 -2.07764931e+00
 -9.81245987e-01
 -2.64366251e-01
 -5.49046297e-01
 -6.27850454e-01
  1.53850475e+00
 -7.69520528e-01
  2.45579911e+00
  5.53276516e-01
  9.72346610e-02
  9.35626842e-01
 -9.70938418e-01
 -3.65135280e-01
 -7.08975344e-01
 -6.45378016e-01
  6.81282755e-01
  7.37048215e-03
 -3.27068356e-01
 -2.93067451e-01
 -9.14829111e-01
 -2.20866097e+00
 -5.11153011e-02
 -1.82935582e+00
  1.74188054e+00
 -2.91016220e-01
  5.36686336e-01
  5.14781335e-01
 -4.23341831e-01
  1.23756766e+00
  9.48744639e-01
 -3.53874177e-01
 -7.07820854e-01
 -5.38044958e-01
 -7.54387918e-01
  4.99126827e-02
 -2.36857373e+00
 -4.47743554e-01
 -8.29581055e-01
  1.05880663e+00
  9.88739066e-02
  6.24594830e-01
 -9.77425556e-01
 -1.58216495e+00
  1.14461019e-01
  6.44510963e-01
  2.83968038e-01
 -6.07844080e-01
  1.13230804e+00
  1.25604517e+00
  1.35488050e+00
  9.64940676e-01
 -7.86142677e-01
  4.22553414e-01
  9.54409910e-01
 -1.70014677e+00
 -5.32992532e-01
  1.40673624e+00
  9.37083021e-02
 -7.35141938e-01
 -4.98197510e-01
  1.06990147e-01
  1.65357048e+00
  3.92522128e-01
  1.47122949e+00
 -5.95436731e-01
 -7.80277348e-01
 -7.00597328e-01
  7.19277379e-01
 -8.70589346e-01
  9.40104125e-01
 -1.07683531e+00
  5.00038749e-01
  2.19206079e+00
 -5.65989236e-01
  1.14690514e+00
 -7.04633556e-02
 -8.78585719e-01
  1.41991479e+00
 -1.67298502e+00
 -3.20774123e-01
  6.58329085e-01
 -3.92455757e-01
 -7.87074837e-01
  3.55874425e-01
  3.84667651e-02
  1.22991169e+00
 -3.07408385e-01
  4.10383360e-01
 -1.07804002e+00
 -6.43137101e-01
  1.00177845e+00
 -1.26979823e+00
 -8.59507104e-01
 -2.05048474e-01
  6.95283438e-01
  9.21032076e-01
 -2.70841794e-02
 -3.37898717e-01
  7.25903843e-01
  1.06744173e+00
  9.54249233e-01
 -5.43026572e-01
 -2.27466776e+00
  1.70009567e+00
  2.53144671e-01
 -6.61346612e-01
 -1.63690411e+00
 -2.47746448e-01
  9.29473726e-01
 -1.22099941e+00
 -2.35739103e-01
  7.30089374e-01
 -1.44152189e-01
 -2.23737711e-01
  2.37302866e+00
 -1.01939890e-01
 -1.79998972e-01
  1.80214392e-01
 -2.37655333e-01
  1.09835372e-01
 -3.31234682e-01
  3.06482523e-01
  2.22534134e+00
  4.18580404e-01
  3.63501421e-01
 -5.69767657e-01
 -8.32352468e-02
 -9.79041321e-02
  1.60349222e+00
 -1.15191402e+00
 -2.36926380e+00
 -3.95979433e-01
 -1.29819473e-01
  2.91023485e-01
  7.29762577e-01
  5.15453639e-01
  3.98894241e-01
 -5.89282120e-02
 -5.53274083e-01
  1.28898001e+00
  8.85292391e-01
