  -1.92123063e+00
  -4.64351132e-01
   2.67685019e-01
  -1.54447651e+00
  -2.84375542e-02
   1.99297660e+00
  -3.59223347e-01
  -1.96720312e+00
   2.90892234e-01
  -2.67646017e+00
   9.74085024e-01
  -1.73708099e+00
   2.80781702e-01
  -4.58502580e-01
  -5.13549023e-01
   5.55057345e-01
   8.38586616e-01
   6.16177296e-01
   2.53321852e+00
  -2.26635767e-01
   7.16544498e-01
   2.42723197e-01
  -1.74824466e+00
  -1.47443140e+00
  -7.16244672e-02
   1.11562605e+00
   7.04068829e-01
   4.11829254e-01
  -7.92218963e-01
   1.45296588e+00
   7.62001362e-01
  -5.47511567e-02
   5.62847493e-01
  -1.54322471e+00
   7.63991526e-02
  -7.92335909e-01
  -1.57371240e+00
  -6.62693640e-01
   1.17932615e+00
   1.30022607e+00
  -1.46247279e-01
  -1.08214862e+00
   6.74326101e-01
  -1.07018940e+00
   4.93811836e-01
  -7.65910874e-01
  -1.94311293e-01
  -1.16063236e+00
   9.22164875e-01
   1.82510866e+00
   6.75402430e-01
  -3.48569360e-01
   3.55438704e-01
  -2.49599092e+00
   3.27772474e-01
  -1.92666084e+00
   8.90801163e-01
   1.08065184e+00
  -6.20872497e-02
  -9.91144218e-01
  -2.61626484e-01
  -1.00037765e+00
   5.59518703e-01
  -7.76710661e-01
   1.79934614e-01
   1.06182859e-01
   4.50466233e-01
  -7.89235817e-01
   1.33046532e+00
  -4.51128373e-01
   3.86069641e-01
   8.88083250e-01
   1.99480981e-01
   2.95548522e-01
   1.31838281e+00
   5.49301330e-01
   4.97460591e-01
   3.88548790e-01
   8.66138742e-01
  -1.01723029e+00
  -8.73893317e-01
  -3.34727170e-01
  -2.31575779e-01
  -1.00919963e+00
  -2.46732397e-01
   1.70407525e-01
   1.05067107e-01
  -1.96797993e-01
  -3.82130664e-01
   1.07781141e+00
   1.72646388e+00
   1.24540964e+00
   9.89369766e-01
  -4.44802236e-01
   1.44183315e+00
   1.92595173e-01
  -1.53426487e-02
   1.64149717e+00
   8.90673811e-02
   1.12854547e+00
  -4.51917790e-01
  -3.90536968e-01
   1.65832250e-01
  -4.05545231e-02
   1.15593648e-01
  -1.04691780e+00
   1.75552571e+00
  -4.04122792e-01
   5.15800900e-01
   1.22308844e-01
   4.83010458e-01
  -1.07810477e-01
   2.07829267e+00
  -1.32916233e+00
   3.28743801e-01
  -5.57356222e-01
  -8.51253561e-01
   1.08842071e+00
   2.84013022e-01
  -7.13538451e-02
   7.87711114e-03
   1.19376260e+00
   1.18079925e+00
   5.27134069e-01
   4.37235515e-01
  -6.84515847e-01
   1.10604778e+00
  -4.80266031e-01
  -7.65817277e-01
  -1.18403955e+00
  -7.98736887e-01
   1.29677307e+00
  -1.42926138e+00
  -7.34693095e-01
  -7.00413818e-01
  -2.16037244e+00
   6.79036441e-01
   9.85523567e-01
  -6.55072590e-01
  -1.77600559e+00
  -1.26905971e+00
  -7.86858361e-01
  -9.89712679e-02
   1.31162283e+00
  -3.55572003e-01
   6.81474133e-01
  -1.39747650e+00
   1.32329235e+00
   4.56989507e-01
   2.93784975e-01
   5.11024607e-01
  -8.40884491e-01
  -8.30546235e-01
   1.68458690e+00
  -1.80421562e+00
  -2.15583630e-01
  -2.50058114e-01
   2.25921644e+00
   8.69791478e-01
   9.85933564e-01
   1.49101644e+00
   5.76904221e-01
  -4.49508332e-01
  -4.09037525e-02
   2.33030468e-01
  -1.19266406e+00
  -2.70507158e-01
  -8.67058505e-01
  -1.17854840e+00
  -2.57582309e-01
   2.07219586e+00
  -4.88872444e-01
  -8.55817215e-01
   1.12077840e+00
   1.17189597e-01
  -1.49898219e+00
   8.43010138e-01
   7.36480875e-01
  -7.57964631e-01
  -3.16801834e+00
   7.34864528e-01
   2.61741340e-01
  -1.03264649e+00
  -8.85214399e-01
  -1.81015911e+00
  -6.44424562e-01
  -2.91083570e-02
   9.43647515e-01
  -1.85354133e+00
   6.68924164e-01
   1.13726727e-01
   8.71169199e-01
   6.60896484e-01
  -6.96011298e-03
  -7.73995771e-01
  -5.89244451e-01
  -3.06836470e-01
  -8.92803965e-01
  -8.09991449e-01
   6.87538375e-01
   3.76542743e-01
   9.95207159e-01
  -1.35527885e+00
  -1.44910551e+00
   6.71834686e-01
  -1.56795220e+00
   1.54640344e+00
   3.97070755e-01
   6.20627904e-01
   2.56173690e+00
   6.74130742e-01
  -1.20163537e+00
   5.23841521e-02
  -2.64581007e-01
  -3.38992552e-01
  -1.44006155e+00
  -2.36015896e+00
   1.88505237e+00
  -1.51495218e+00
  -2.66018858e-01
  -6.38530719e-01
  -4.73221424e-01
   8.29286938e-01
  -6.11812435e-01
  -4.41321311e-01
  -7.69159829e-01
   1.94317539e+00
  -1.38145853e+00
   9.75013039e-01
   1.15624191e+00
   3.68979917e-01
   4.17424276e-01
  -1.70353223e-01
  -1.35537260e+00
  -1.11852316e+00
   6.44758705e-01
  -2.00704846e+00
  -7.20828741e-01
  -3.75220475e-02
  -7.15446116e-01
   6.91371017e-01
  -8.64093605e-01
  -9.38576765e-01
   2.09807745e+00
   1.63317065e+00
  -5.82268679e-01
   4.59175108e-01
   6.22196797e-01
  -2.40885104e+00
   1.79787042e+00
  -1.28220636e+00
  -4.83853080e-01
  -8.53153372e-01
   3.64773714e-01
   5.96748202e-01
  -6.88765534e-01
  -6.74837097e-01
  -1.19355999e-01
  -1.22661056e+00
   4.94869815e-01
   7.27080938e-01
  -3.24363903e-01
   3.12758512e-01
   4.31263158e-01
  -3.52734236e-01
   1.12508809e+00
  -9.99006133e-02
  -1.95914875e+00
  -1.17605212e+00
   2.72690634e+00
  -1.26954154e+00
   1.15178188e+00
  -7.58725382e-01
  -4.88420431e-01
   9.57841919e-01
  -2.51066806e-01
   1.63052195e-01
   7.71043858e-01
  -1.45061124e+00
   7.85460512e-01
   8.88585330e-01
   1.29638920e+00
  -4.35405986e-01
   3.94904687e-01
  -8.00212488e-01
  -1.17992141e+00
  -8.40526962e-01
  -2.14313269e-01
   1.14730421e+00
  -8.44144961e-02
  -8.40361137e-01
  -1.52807129e-01
   8.74033546e-01
  -6.34260941e-01
  -3.40951550e-01
   6.75214823e-01
   4.43209790e-01
   3.41458158e-01
  -9.23309939e-01
   8.75141355e-01
   3.75713503e-01
   1.24042595e+00
  -5.00561148e-01
  -6.25042526e-01
  -9.06092176e-01
   1.32756616e+00
  -9.41651619e-01
  -1.36714582e+00
   6.26667767e-01
  -1.20387134e+00
   7.32989748e-01
   1.85656499e+00
   1.22685656e-01
   4.45015991e-01
   6.48010088e-01
  -9.42882318e-01
   1.39515460e+00
   9.49773277e-01
   9.40846156e-02
   1.49566892e+00
   1.01717322e+00
  -3.24750774e-01
  -1.22653442e+00
   2.64097954e+00
   2.91507069e-01
  -2.38281934e+00
   2.66558607e-02
  -1.97266153e-01
   7.52888746e-02
   1.23916485e+00
  -1.53303147e+00
   4.80218538e-01
  -1.23805650e+00
   5.08023339e-01
   7.51928947e-01
   3.21100446e-01
  -8.99091078e-01
   5.54812708e-01
   8.33976086e-01
   1.11770462e+00
   1.75118732e+00
  -5.55775811e-01
  -7.19464542e-01
   7.43126728e-02
  -1.23857270e+00
  -6.62877743e-01
   1.21711829e+00
  -3.42444134e-01
   3.91711254e-01
   1.34534611e+00
  -1.45495832e-01
   8.49910272e-01
   2.45834269e-01
  -2.55854315e+00
   3.11501526e-01
   6.59427751e-01
  -1.30217016e+00
  -5.35029178e-01
   2.41556334e+00
  -1.18567758e+00
  -8.02781608e-01
   5.89235626e-01
  -1.60667718e+00
   7.97050507e-01
  -1.92980934e-01
   8.41607964e-02
   6.32012965e-01
  -5.03012444e-02
   1.29500130e+00
  -2.60909207e-01
   9.40582748e-01
  -2.17069941e-01
   9.23305085e-01
  -6.82907299e-02
  -8.28384014e-01
  -3.81459922e-01
  -5.64725977e-01
   9.40990664e-01
   1.80623350e+00
  -1.34957146e-01
  -1.48954470e+00
   4.67481779e-01
   7.75815252e-01
  -7.19950106e-01
  -1.63144368e+00
   5.08654650e-01
   1.30858097e+00
   5.74041176e-01
  -3.66488716e-01
  -1.08925193e+00
  -9.28808482e-01
   1.86254212e+00
  -4.61703199e-02
  -3.79628703e-01
   6.19401330e-01
   3.59858714e-02
  -7.34843982e-01
  -4.35252375e-01
   1.09662038e+00
   2.23677491e-01
  -1.58790995e-01
   8.97104171e-01
  -1.07609117e+00
  -5.69801158e-01
   3.37746955e-02
  -7.56796891e-01
  -1.01450749e+00
   1.75039209e+00
  -3.54464462e-01
   1.48013469e+00
  -3.29560220e+00
   1.75375868e-01
   2.68122931e-01
  -2.01578937e+00
   1.15918991e+00
  -3.67659450e+00
  -1.84844305e+00
   2.56612952e-01
   1.45611197e+00
  -2.63148223e-01
  -1.48029970e+00
   5.05542595e-01
  -5.18798906e-01
  -4.14924260e-01
  -1.76904083e+00
  -1.47122865e+00
   2.07829748e+00
  -2.23481618e-02
  -3.83323903e-01
  -3.20676894e-01
  -7.38826944e-01
   1.49756546e-01
   2.71464530e-01
   9.07111873e-02
  -1.38380123e+00
   1.55231506e-01
   7.98106704e-01
   6.57974104e-01
   9.35963425e-01
   9.69178130e-01
   6.04567121e-01
  -7.32541787e-01
  -4.93872848e-01
  -9.95364708e-01
   8.99896551e-01
  -2.05624176e+00
   1.17014723e+00
   5.87368282e-01
  -8.92606835e-01
  -1.05352848e+00
  -1.94306433e+00
   1.05045001e-02
  -1.08676553e+00
   7.53709350e-01
   9.52176310e-01
   4.94510455e-01
   8.13769604e-01
  -1.20420214e-01
   2.02705991e-01
   4.04307822e-01
   1.42951470e+00
   1.79717800e+00
   8.88799252e-01
  -5.81085103e-01
  -7.72114543e-01
  -1.28504705e+00
   3.66300794e-01
  -7.59038976e-01
  -8.36595596e-01
  -4.11567291e-01
  -7.04272878e-01
   9.04347515e-01
  -2.63031295e-01
   2.53218491e+00
  -1.17979326e-01
  -3.80985838e-01
   1.29586902e-02
   9.96762605e-02
  -2.73048074e+00
   1.52936508e+00
  -1.01253810e+00
  -9.96358321e-01
  -9.54914583e-01
   1.43034317e+00
  -6.50318724e-02
  -7.86783130e-01
  -9.53134478e-01
  -1.65811722e-01
   3.74463219e-01
   8.60577017e-01
  -1.65394965e-01
   6.92620600e-02
  -2.28753723e-01
  -3.14572073e-01
   8.08816755e-01
   5.80021668e-01
  -4.79079883e-01
  -4.86406747e-01
   1.56045236e-01
  -4.36048763e-01
  -4.69491205e-01
   2.42068236e-01
   6.01719447e-01
  -1.70963533e+00
   9.48334369e-01
  -4.15786493e-01
  -1.28263798e+00
  -1.41423762e+00
   8.03434254e-01
   4.81880892e-02
  -7.43159656e-02
  -8.10356295e-01
  -3.60300487e-01
  -3.49621884e-01
  -5.89087208e-01
  -5.81101926e-01
  -2.69227203e+00
  -9.03990831e-01
   3.25656779e-01
  -3.64907060e-01
   1.08207061e+00
   2.55165034e-01
  -1.72588551e+00
  -4.66112995e-01
  -2.95040686e-01
   8.88181608e-01
  -3.20155478e-02
   1.40108164e+00
   5.34800465e-02
  -1.81984343e+00
  -1.11202091e+00
  -1.30827515e+00
   3.53598215e-02
   1.43823306e-01
  -1.74614290e+00
  -7.08757773e-01
   8.76860730e-01
  -2.23097151e-01
  -3.11576139e+00
  -1.51665969e-01
   1.12606523e+00
   1.32984716e+00
  -1.48867515e+00
   8.38116950e-01
   8.43216477e-01
  -1.52562087e+00
  -2.33926333e+00
  -6.03500504e-01
   3.70648267e-01
   1.27099036e+00
   5.57737448e-02
   8.97718302e-01
  -4.98919963e-01
   1.21786017e-03
  -2.91856873e-01
  -1.61791904e-01
   2.05329463e-01
  -8.25466011e-01
   1.31436716e+00
  -2.17516728e-01
  -2.66689894e-01
  -2.60178970e+00
  -7.58027186e-01
  -5.17161464e-01
   1.16189991e+00
  -1.71771740e+00
   1.73036038e-01
  -7.69744813e-01
  -1.54646893e+00
   1.38508103e-01
   1.33089557e+00
  -1.22881972e+00
   7.19338549e-01
   2.81478490e-01
  -1.04234146e+00
   1.62663977e+00
   3.77541596e-01
  -2.42409773e-01
  -1.78559460e-01
  -6.45593407e-01
  -3.80929094e-01
  -5.70066509e-01
   1.17702304e-01
  -1.95815828e+00
  -6.09101419e-01
   3.90553566e-01
   3.01684676e-01
   9.81721773e-01
  -5.71105164e-02
   1.06014138e+00
  -7.16859151e-01
  -3.14714140e-01
  -1.85989970e+00
   1.92765776e-01
   1.97268816e+00
  -6.85146467e-01
   2.68230209e+00
  -1.11907081e+00
  -7.52477744e-04
   8.56632434e-01
  -1.19797423e+00
   1.62969828e+00
  -1.52712339e-01
   4.18609445e-01
  -8.24275067e-01
   1.84674752e+00
  -1.07838976e+00
  -5.87001345e-01
   2.13823585e+00
  -2.58073275e-01
  -3.62935204e-01
  -9.41317332e-01
  -1.11415168e+00
   5.26549191e-01
   5.96815229e-01
   5.80280436e-02
   6.67244767e-01
  -3.16870056e-01
  -9.17418792e-01
  -1.79893759e+00
  -7.58483920e-02
  -3.53510378e-01
  -1.32346147e+00
   2.54696651e-01
  -7.27257683e-01
   1.22440296e+00
   1.05298178e+00
  -3.46961640e-02
  -9.58474217e-01
   4.79195846e-01
   9.44576610e-01
  -7.26325763e-01
  -1.49115072e-01
  -1.47640375e+00
  -9.44610942e-01
   5.44802785e-01
   1.10473944e-01
  -9.77404781e-01
  -1.31308209e-01
  -1.19046912e-01
   6.27402459e-01
  -3.62834188e-01
   1.33229566e+00
   4.00518232e-01
   7.85634265e-01
   3.03673639e+00
  -9.53581688e-01
   1.19113315e-01
   1.40464176e+00
   8.12009630e-01
   9.47350490e-01
  -1.90681312e+00
  -2.74878555e-01
   1.49150566e-01
  -8.98823432e-02
  -1.12587442e+00
  -3.46555241e-01
   7.92447754e-01
  -4.25869169e-01
   6.76214988e-01
   9.92321080e-01
   1.58148914e+00
  -4.26603641e-01
  -1.15166403e-01
   3.63937046e-01
   6.01601157e-01
   2.54819254e-01
   8.29420859e-02
   6.06619069e-01
   2.36948304e-01
   2.53646607e-01
   1.43888545e+00
  -1.47382291e-01
   8.56733753e-01
   5.52631076e-01
  -1.66420385e+00
   1.37780894e+00
   5.03126940e-01
   2.61332753e+00
   1.53595328e+00
   7.79762315e-01
  -8.74551284e-01
  -1.20780099e-01
  -1.25194827e+00
   1.58591222e+00
  -1.52206826e+00
   3.05543951e-01
  -3.20103094e-01
  -7.29129790e-02
   1.25621937e+00
   6.00153216e-01
  -7.37438637e-01
   1.43800009e-01
  -2.29560143e-01
  -8.41238675e-01
   2.56622430e-01
  -1.10475435e-01
   1.41991668e+00
  -9.24953077e-01
   6.16700092e-01
  -4.80881862e-01
   6.74344773e-01
  -8.88780712e-01
   1.16909403e+00
   1.39460448e+00
  -5.98395734e-01
   1.76622269e+00
   9.50055301e-02
   5.64963078e-01
  -1.08601201e+00
   1.09741425e+00
   3.43665491e-01
   2.53476755e-01
   1.22018600e-01
  -1.01234049e+00
  -5.02320774e-01
  -1.08095609e+00
  -2.33722888e-01
  -5.84261083e-01
  -2.54584991e-01
   7.81352418e-03
  -2.81751136e-01
   2.25338084e-01
  -6.37010343e-01
  -2.34623304e-01
  -5.41439129e-01
   1.50761033e+00
   6.32424753e-01
   5.57316617e-01
   4.04483622e-01
   4.39764720e-01
   7.87410656e-01
   1.17130411e+00
   1.92085867e+00
   6.21150329e-01
  -6.84119965e-01
  -1.34186766e-01
   3.55342887e-03
  -2.26849747e+00
   2.22228352e-01
   4.07069615e-01
   8.84168767e-01
   6.91866754e-01
  -2.39161047e+00
   1.55663965e+00
   5.60279764e-01
   7.63093105e-02
  -1.34348254e+00
   1.25416069e+00
  -5.68957138e-01
   7.30051474e-01
  -9.68297049e-01
   1.87603580e+00
   6.39983520e-03
   3.74898963e-01
  -1.84963775e-01
   3.63305196e-01
   2.07082240e-01
   1.25012012e+00
  -2.84684628e-01
  -1.19965877e+00
  -1.20700819e+00
  -4.04197705e-01
   4.48169645e-01
  -1.74402267e+00
   7.52446009e-01
  -1.35598234e-02
  -1.05425300e+00
  -4.69280499e-01
  -5.74138800e-01
  -1.57617495e+00
  -5.39787957e-01
   1.82084126e+00
   6.70021323e-01
  -2.63913646e+00
  -1.47990293e+00
  -1.05714531e+00
  -4.39127798e-01
   5.58378447e-01
  -5.44950525e-01
  -5.88895982e-01
   2.86571710e-01
   1.17348920e+00
  -3.05023710e-01
   9.74441877e-01
  -3.79707725e-01
  -4.67401756e-01
  -2.20267853e-01
  -9.00722313e-01
  -8.43770636e-01
   2.58761451e-01
  -5.22480327e-01
  -3.52954579e-01
   6.69150530e-01
   1.08614741e+00
  -7.99203345e-01
   1.00133693e+00
  -1.10402515e-01
  -1.02168241e+00
  -7.59649522e-01
  -9.86554091e-01
   1.46281941e+00
   2.28557392e-02
   9.08114011e-01
   2.07542861e-01
  -2.19407023e-01
   2.43334254e+00
  -1.32897430e-01
  -1.40482553e+00
   2.51307026e-01
  -6.13584391e-01
  -2.14552869e+00
  -1.07514839e+00
   1.66690546e+00
   1.32637086e+00
   9.35192411e-01
  -6.29926253e-01
  -1.22321953e+00
  -7.07830727e-01
  -1.16018773e+00
  -2.26309994e-01
   4.50453532e-01
   3.73996039e-01
  -6.49369578e-01
  -6.31093568e-01
   1.45683105e+00
   1.02653630e+00
  -3.82839829e-01
  -9.07343206e-01
  -1.41758718e+00
  -3.10830856e-01
   6.21012619e-01
  -1.43139713e+00
   1.21185676e+00
   2.09863735e-01
  -1.17321681e+00
  -3.57696437e-01
  -1.24604440e-01
  -1.01771707e+00
  -4.71537752e-01
   5.08441489e-01
  -1.75271181e+00
   2.80745710e-01
   1.03897272e+00
   1.15710007e+00
  -8.44690245e-02
  -6.56969048e-01
  -2.07306258e+00
  -8.72023456e-02
  -1.41027670e-01
  -9.92445913e-01
   1.54356618e+00
  -1.85500604e+00
   1.88501032e+00
  -5.93921073e-01
   8.25034378e-01
   8.64082444e-01
  -6.77299735e-01
  -6.41504694e-01
  -4.41495890e-01
  -6.33870574e-01
   1.85893030e-01
  -5.42819355e-01
  -1.32401624e+00
  -2.64095598e-01
   3.23536558e-01
   1.56088316e-01
  -1.34303126e-01
   3.07835785e-01
   2.70225781e-01
  -9.56943695e-01
   8.31480313e-01
   1.64990644e+00
  -1.20535090e+00
  -2.40612559e+00
  -1.01976678e+00
   6.56506199e-01
  -1.75826278e-01
   4.31264836e-01
  -1.98849741e-01
  -1.43985069e+00
   3.47032645e-01
  -2.46071602e-01
  -1.48329959e+00
  -1.52786465e-01
  -3.41178113e-01
   1.31293648e+00
   1.62068625e+00
  -3.46911114e-01
  -6.10729814e-01
  -6.71726953e-01
  -2.24431012e-01
   8.12599649e-01
   3.22829376e-01
  -3.30998106e-01
   7.47260447e-01
  -2.89031884e-03
   5.89037821e-01
  -1.60617126e+00
   1.64764989e+00
  -4.17719487e-01
  -6.87445652e-01
   6.00580525e-01
  -2.16910531e-01
   6.67285415e-01
  -9.88685633e-01
  -1.38028955e+00
   2.70142909e+00
   8.22243487e-01
  -7.39441675e-01
   2.40002076e+00
  -3.83360431e-01
  -4.70511956e-01
  -1.21135975e+00
  -6.36636873e-01
  -7.10977645e-01
   1.39070404e-01
  -2.69894368e+00
   3.55298354e-02
   2.28731042e-01
  -5.82591928e-01
  -1.95332685e+00
   1.20884927e+00
   1.93377918e-01
  -7.51830897e-01
  -9.13224795e-01
  -2.03552916e-01
  -8.31257327e-01
   1.95065738e+00
  -1.72693486e+00
  -1.78650052e-01
  -5.85585793e-01
  -1.50063861e+00
  -1.29947308e-01
   5.33224810e-01
  -7.14412338e-01
   2.00510444e-01
   5.70780132e-01
  -1.02185961e+00
   6.02894206e-01
   2.06962024e-01
   7.71607672e-01
  -2.07960344e-01
  -1.43796132e-01
  -3.23150659e-01
   1.29674102e+00
  -2.35211467e-01
  -1.43446636e+00
  -9.70130733e-01
  -2.52518329e-01
   2.78173149e-01
  -9.72051356e-01
  -1.30258105e+00
   1.65118153e+00
  -2.37081922e+00
  -8.35874448e-01
   2.13553202e+00
  -3.58297829e-01
  -1.49194910e+00
  -6.48281753e-01
   2.80354159e-01
   7.55521407e-01
   5.65232514e-01
  -2.03571144e+00
  -6.28999331e-01
   2.41776890e-01
   6.52648702e-01
  -1.03129582e+00
   2.14312646e+00
  -5.05421481e-01
   5.54118169e-01
  -1.10694841e-01
   1.93150288e+00
   1.50374527e+00
  -7.27003990e-01
  -8.58326005e-01
  -2.55358631e+00
   1.27287821e+00
  -1.70678773e+00
  -2.53662317e-01
   1.06715119e-01
   1.30166063e+00
  -9.88615200e-01
  -2.89583128e-01
  -1.37508482e+00
  -1.13658939e-01
  -7.77142302e-01
  -3.74338221e-01
  -1.99907489e+00
   1.56599079e+00
   9.18722877e-01
  -1.29459055e+00
  -2.08979311e-01
   2.81965342e-01
   6.66805053e-01
   5.17333606e-01
   7.72585868e-01
  -2.81722640e-02
   1.17518002e+00
  -4.35675397e-01
  -2.04398915e-01
  -1.16776313e+00
  -2.72736792e-01
  -7.40307852e-01
  -2.06208391e-01
  -2.56301140e+00
  -2.17688981e+00
   5.66114855e-01
  -1.37954980e+00
   1.33228315e+00
   1.65124567e+00
   7.97045569e-01
   1.47624600e+00
   1.55797048e-01
   3.15408097e-01
  -6.45981744e-01
  -1.54975951e+00
  -1.38690740e+00
   5.46311467e-01
  -9.72555255e-01
  -4.75416287e-01
   2.23008665e+00
  -1.06831464e+00
  -4.84845192e-01
   7.71099889e-01
  -5.95012984e-01
  -3.86041208e-02
  -5.27624953e-01
  -8.04349160e-01
   1.31139340e+00
   1.01878908e+00
  -1.87623898e+00
  -7.32803753e-01
  -3.54726651e-02
   1.86528326e+00
  -1.24137116e+00
  -2.66757840e-02
   1.49832213e-01
   2.16655370e-01
   3.15606964e-01
   1.68363407e+00
   7.32714059e-01
  -7.03290032e-01
  -6.22694636e-02
   3.24854970e-01
  -1.15009541e+00
  -1.16698191e+00
  -9.52140198e-01
   1.01585166e+00
  -4.03181466e-01
   6.83305053e-01
  -1.46539326e+00
   7.25417193e-01
   5.09596785e-01
  -2.37588235e-01
   1.38352782e-01
  -5.59840981e-01
   3.92473165e-01
   4.09782635e-01
   5.99787211e-01
  -2.47571707e-01
   6.92427639e-01
   5.90531178e-01
   2.50622655e-01
   1.98170949e+00
   1.58367218e+00
  -1.75061835e-01
   7.94978063e-01
   1.23117680e+00
  -5.05239469e-01
   1.87648737e+00
   1.25569688e-01
  -7.15589843e-01
   2.85251833e-01
  -4.08802851e-01
   7.07936097e-01
   6.07911120e-01
  -1.24150577e+00
   1.19929178e-01
   1.03650671e-01
   1.21952968e+00
  -1.43884918e-01
  -1.22291163e+00
  -2.98633930e-01
  -6.58977847e-01
  -5.69586476e-01
   4.74847725e-03
   4.01245917e-01
   2.54210444e-01
   8.45195418e-01
   1.79527721e+00
  -6.10152754e-01
  -4.04337183e-01
   9.99014846e-01
   1.38739667e+00
   5.09903879e-01
   7.90482664e-01
  -7.07162780e-01
   4.55106585e-01
   3.12478912e+00
  -1.32193259e+00
  -8.17882570e-01
   5.61472952e-01
   1.73375727e+00
   2.00192092e-01
  -1.39158500e+00
   2.54683786e+00
   1.55582639e+00
   1.71205227e-01
   5.97793588e-01
  -1.10034288e+00
  -1.84514135e+00
   8.52625856e-02
  -1.15724507e+00
   1.02225085e+00
   1.37263875e+00
   4.15216503e-01
  -8.23588146e-02
   7.06067284e-01
  -5.74813432e-01
  -9.20958276e-02
  -6.50290718e-01
  -2.10683650e-01
   2.94468701e-01
  -4.96425414e-01
  -2.94990487e-01
  -6.97421548e-02
  -4.13861827e-01
  -8.62671046e-02
  -8.79535112e-01
  -1.08472659e+00
  -1.80721232e-01
  -1.99508546e+00
   1.53890690e-01
   1.14466255e+00
   1.25601367e+00
  -4.79192358e-01
  -7.53496689e-01
   3.84993033e-01
   5.28424987e-01
  -6.98733485e-01
   1.57627737e-01
   1.45161947e+00
   1.21231922e+00
   8.02164950e-01
   1.55517229e-01
  -6.54446893e-02
   9.08855490e-01
   7.67304753e-01
   1.46436005e-02
  -6.81863005e-01
  -8.90277734e-02
   5.15987472e-01
  -1.12805571e+00
  -8.67745874e-01
   4.34089621e-01
  -1.84043160e+00
   5.66039134e-01
  -6.33700342e-01
  -1.40658774e+00
  -2.46093590e+00
  -5.60348341e-02
   7.46792107e-02
  -1.90001927e+00
   4.56085803e-01
  -3.14663630e-01
   7.17984151e-02
  -1.00774189e-01
   1.42360724e+00
   1.08631498e+00
  -8.68398357e-01
  -7.51925832e-01
  -1.12458608e+00
  -8.58409156e-01
  -9.99486164e-01
   4.65574354e-01
  -6.88709023e-01
  -4.90990035e-01
   2.42433295e-01
  -1.54222243e+00
  -2.79557142e-01
   5.18407082e-01
  -5.58310351e-02
  -2.43520126e-01
  -4.89181935e-01
   9.13714773e-01
   6.67205371e-01
  -1.25349572e+00
   7.93880728e-02
  -1.22714012e+00
  -3.26710696e-01
  -4.30560382e-01
  -2.54732573e+00
  -1.22849133e+00
  -1.16791701e+00
   1.20191798e+00
   9.86633383e-01
   4.08518689e-01
   4.04008514e-01
  -2.67940301e-01
   1.26528246e-01
   3.40775107e-01
  -2.95655285e-01
   1.02624919e+00
  -1.82330248e+00
  -2.63616303e-01
  -7.34748775e-01
   1.10476045e+00
   4.84985910e-01
  -9.93869583e-01
  -3.21201993e-01
  -2.08146967e+00
   1.70138810e+00
  -2.17301871e+00
  -4.71462647e-01
   1.90106751e+00
  -4.04101479e-01
  -1.30735585e+00
   1.06098592e-02
   5.58083786e-01
  -8.75443587e-01
   1.66013281e+00
  -7.42029543e-01
   1.12738796e+00
   2.22350504e-01
  -1.04741407e+00
   2.41786683e-01
  -9.59160467e-01
  -4.16093549e-01
   1.11550369e-01
   1.03641988e+00
   7.35556967e-01
  -1.01737665e-01
  -3.01475963e-01
  -1.45383511e+00
   1.31490737e+00
   7.63057032e-01
   1.76930080e+00
  -6.58241683e-01
   1.15723126e+00
   2.34754071e-01
   6.89802063e-01
  -1.33655996e+00
   8.65514083e-01
   1.01595764e+00
  -1.60372436e+00
  -3.19237476e-01
   6.44778524e-01
  -5.83036820e-01
   3.08757192e-01
   1.32211200e+00
  -1.54312192e+00
   2.27456951e-01
   4.24137360e-01
  -7.49716604e-01
  -2.88733349e-01
  -2.51401082e-01
   6.25997028e-01
   1.90307448e-01
  -2.47342205e+00
  -1.62021270e+00
   2.30679145e+00
   1.86041214e+00
  -6.60702048e-01
  -1.01460204e+00
  -8.78339562e-01
   1.01436380e+00
   1.04331521e+00
  -1.73687760e+00
   5.24108659e-01
  -3.41529884e-01
  -4.23647322e-01
   1.54227599e-01
   9.73805823e-01
   4.45062024e-01
  -2.22329869e-01
  -5.55066910e-01
   5.58836646e-01
   1.80416189e-01
  -1.32318791e+00
   3.58185226e-02
   6.72048413e-01
  -3.24060959e-01
  -2.46537778e+00
   1.02867666e+00
   1.09847888e+00
   1.41804148e+00
  -5.65488039e-01
   5.17680754e-01
  -1.23583725e+00
   1.87295820e+00
   7.58695920e-01
   6.23492859e-01
  -1.31557774e+00
  -2.51277415e-01
  -2.90646433e-01
  -5.36161399e-01
  -3.01170291e-01
  -1.17719356e+00
   8.12509735e-01
   1.53703806e-01
  -8.35993961e-01
  -4.56445777e-01
  -1.40254148e+00
  -1.18517315e+00
  -1.28013317e+00
   1.43825346e+00
   9.43018782e-01
  -1.44048910e+00
  -4.13708226e-01
  -1.26242672e+00
  -6.61041866e-01
  -7.23334869e-03
   6.67905175e-01
  -1.69308697e+00
  -1.29941790e+00
   6.15319309e-01
   1.65089174e+00
  -9.61957126e-02
  -4.18313788e-01
   2.02302466e-01
  -7.73839214e-01
  -2.15422257e+00
   1.65082966e+00
  -7.29284616e-03
   2.67119061e-01
  -3.50085204e-01
   5.85956488e-02
  -1.24072132e+00
  -4.51953072e-01
   1.51368956e+00
   8.59802929e-01
  -4.46593352e-01
  -2.50531355e-01
   1.15708799e+00
   8.44094214e-01
   6.88371205e-02
  -9.32824695e-01
   3.95457926e-01
   1.33912678e-01
  -7.42886927e-01
   2.58499079e-01
  -3.75778659e-01
  -1.57536233e+00
  -1.33258921e-01
  -1.70513059e-01
  -7.76289237e-01
   4.81790120e-01
   2.36306369e+00
  -1.36995754e+00
   6.33992262e-01
   1.89088269e+00
   1.37124103e+00
   1.54249414e-01
   1.48058137e-01
  -1.29819168e+00
  -4.50712908e-01
  -1.41055866e+00
  -2.02843437e+00
   3.88824096e-01
   6.44033937e-01
   1.92012946e+00
   3.00477357e-01
   1.20172588e+00
   1.24741511e+00
   1.91332787e-01
   4.02825784e-01
   4.06935627e-01
  -5.03393161e-01
  -8.85044118e-02
  -4.79374630e-01
  -2.05164589e+00
   2.63592478e-01
   4.68980430e-01
   5.24875304e-02
  -1.14441193e+00
   9.22955005e-01
   1.11932655e+00
  -8.42750252e-01
  -1.25570161e+00
  -1.73932216e+00
   6.28989121e-01
   9.71567060e-01
  -2.11977333e+00
  -3.24743249e-01
   8.02037778e-01
  -4.10388538e-01
   2.17671930e+00
  -1.19768640e+00
  -3.26807609e-02
  -1.05907023e+00
   9.30463098e-01
   1.50708883e+00
   8.64511146e-02
   4.76913935e-01
   1.63879238e+00
  -1.38287893e+00
  -6.52807993e-01
  -2.41338099e-01
  -1.16567949e+00
   6.19389969e-01
  -2.12321218e-01
   1.51232755e+00
   8.70622684e-01
   1.69028199e-01
  -3.42190373e-01
  -2.36397611e-01
  -1.93279654e-01
  -1.20597354e+00
   4.88358803e-01
   4.17114390e-02
   1.58491952e+00
  -3.12179953e-01
  -6.29332504e-01
  -7.01509102e-01
   1.42960432e-01
   7.26849835e-01
   1.90383133e+00
   2.91668257e+00
  -8.66652190e-01
  -9.07585528e-01
  -3.06380443e-01
  -2.83764361e-01
   6.82802329e-01
  -6.32375945e-01
  -1.54439219e+00
  -2.90104760e-01
  -1.80378474e+00
   9.19061185e-02
  -4.41632206e-01
   3.32930067e-01
   7.21992937e-01
   4.30233804e-01
   2.70454767e-01
   6.03036993e-01
  -3.13529146e-01
  -2.56163192e-01
  -2.56813889e-01
  -7.45818601e-01
  -9.55654285e-01
   2.02854308e-01
   9.78125462e-01
  -2.58915923e-01
   1.06432168e-01
   1.20859733e+00
  -2.77173030e-01
  -2.70147948e-01
  -6.85701461e-01
  -2.47564436e-02
   1.74005214e+00
   5.03595072e-01
   5.61056080e-01
   9.79320025e-01
  -7.40756076e-02
  -2.27774379e-02
  -2.13420925e+00
   2.50738728e-01
  -1.20259978e+00
   7.40908499e-01
  -8.64797972e-01
  -7.95482954e-01
  -2.17273164e+00
  -1.84760075e+00
  -5.82983559e-01
  -4.23776948e-01
  -2.97687539e-02
  -5.34632531e-01
   7.50055604e-01
   1.78251667e+00
  -2.84245617e-01
  -4.46844856e-01
  -6.22133018e-02
  -8.60022856e-02
   1.62174921e+00
  -1.89991857e+00
  -1.62030907e+00
  -1.40179784e+00
  -5.80180884e-01
  -1.35969221e-01
   2.17570278e+00
  -2.02283852e-01
  -6.51187833e-01
   1.47749890e+00
   6.25551899e-01
  -8.81225891e-01
  -5.86968197e-01
   3.64820564e-01
  -1.74940547e-01
  -3.23670404e-01
  -1.64487920e+00
   4.21774475e-01
   9.37848888e-01
   9.28880225e-02
   4.13879480e-01
  -6.63310849e-01
  -1.88394861e+00
   1.63808953e+00
   4.85706765e-01
  -1.25822443e+00
   1.47310902e-02
  -5.46928579e-01
   6.08794273e-01
   1.51801137e+00
  -2.78726119e-01
  -1.90321002e-01
   1.74564874e+00
   1.43455534e-01
  -5.25931579e-01
   1.44531182e+00
  -2.00926003e+00
   6.23767847e-01
   2.25517658e-01
   9.97898374e-01
   8.75417020e-01
   1.86445465e+00
   7.05993533e-01
  -1.99024142e+00
  -1.38189784e-01
  -1.38729194e+00
   8.19031711e-01
  -2.51057897e-01
  -4.60315469e-01
   1.15547111e+00
   1.37469684e+00
   7.00729421e-01
  -5.57475446e-01
   9.51377910e-01
   2.29808835e+00
  -3.98518122e-01
  -1.90351676e+00
  -2.51959916e+00
  -1.42769778e+00
   2.51882450e-01
  -1.14578860e-01
  -2.82091215e-01
  -1.67457996e+00
   1.08278073e+00
  -5.23907454e-01
  -9.45416247e-01
   1.01738453e+00
   6.21909086e-02
   1.16685532e+00
   2.69577599e-01
   2.66594149e+00
   6.61767640e-01
  -8.80473400e-01
  -8.84618726e-01
  -4.88720256e-01
  -1.45819101e+00
  -1.17718750e+00
   3.41708149e-01
   4.97702533e-01
   2.58720840e-01
  -1.52903430e+00
   7.97276141e-01
   1.04861495e+00
  -1.59832539e-01
  -1.10831134e+00
   6.28773897e-01
  -1.09877409e+00
  -4.65795561e-01
  -5.28566310e-02
  -6.83741187e-01
  -1.31640105e+00
   1.49621708e-01
  -5.81084720e-01
   4.02048566e-01
  -1.47820120e-01
  -1.14726591e+00
  -1.35324573e-01
  -9.82541506e-01
  -1.08644440e-02
  -3.56243529e-01
   1.30732327e+00
  -9.14376476e-01
  -5.47081507e-01
   1.04111415e+00
  -3.52104010e-01
   4.18944152e-01
  -9.08581481e-01
  -5.73376964e-01
  -4.25471653e-02
  -2.58377428e+00
  -1.03956732e+00
   1.54291811e-01
  -1.38747771e+00
  -2.16387655e+00
   2.50606109e+00
  -7.81033722e-01
  -3.41401368e-01
  -9.49344383e-01
   1.22022425e+00
   2.21299810e+00
   2.06654185e+00
   1.73005288e-01
  -1.10318024e+00
   4.29810431e-02
  -2.15672979e-01
  -1.52064965e-01
  -6.23654646e-01
  -1.55204378e+00
   7.92293243e-01
   1.19757455e+00
  -8.70389538e-02
   2.64420312e+00
   8.61415869e-03
   3.50578148e-01
  -1.03219983e+00
   4.10923335e-01
  -5.96379839e-01
   5.76353351e-02
  -2.50441066e-01
   7.36884067e-01
   1.23950557e+00
  -1.35204342e+00
  -2.39403365e-03
  -4.77170152e-01
  -1.08660023e+00
   1.58251056e+00
   3.32865255e+00
   3.05652552e-02
   1.02474081e+00
  -9.41037439e-01
  -2.75522500e+00
  -1.58972381e-01
  -1.33537596e-02
   5.01802263e-01
  -6.39299372e-02
   4.79225067e-02
   1.70447584e+00
   2.59671572e-01
   6.45069619e-01
   1.96721854e+00
  -6.51540839e-01
   1.33416659e+00
  -1.25314034e+00
   1.24872827e+00
  -4.99073994e-01
   4.73112665e-01
   6.57607203e-01
   1.42786306e+00
  -6.56892178e-01
   1.77028357e+00
  -8.85688104e-02
   1.11524008e+00
  -8.47813230e-01
  -1.73745379e+00
   1.38773448e+00
   1.61456241e-01
  -1.03430187e+00
  -4.48874895e-01
   3.55940313e-01
   5.84105820e-01
  -2.49380390e-01
   9.41612391e-02
  -1.09353329e+00
   5.32076992e-01
  -6.46618826e-01
  -1.95751363e+00
  -1.29716974e+00
  -2.52427624e-01
  -1.44783831e+00
  -4.10637719e-01
  -1.50895247e-01
   1.72605020e+00
  -1.18731750e+00
   5.41602721e-01
  -5.45057260e-01
  -3.46208847e-01
   2.03754452e-01
  -2.59790506e-01
   2.20034388e+00
   3.72494477e-01
  -1.08287451e+00
  -1.17138280e+00
  -1.64594286e+00
   8.65286821e-01
   1.59709890e+00
  -1.69949966e+00
   5.49910076e-01
   1.03810412e+00
   3.84399102e-01
   7.14381675e-01
  -1.88754811e+00
  -6.09473494e-01
  -2.98634633e-01
   4.96648145e-01
  -1.47441552e+00
   3.59453577e-01
   4.20977873e-01
  -2.65000477e-01
  -9.24602198e-01
   2.47171722e-01
  -1.37302177e+00
   5.15972202e-01
  -3.77178084e-01
  -1.42338241e-01
   1.88949392e+00
   6.64922056e-01
   2.08801041e-02
   1.29363663e+00
   9.56708566e-01
   9.67801315e-01
  -4.60956531e-01
   8.83287783e-01
   4.09699348e-01
   2.96225022e-02
   5.67172043e-01
  -1.31307136e+00
  -7.35727945e-01
   1.55662555e+00
   3.45153550e-01
   1.01961494e-01
  -1.04207306e+00
   1.52714426e+00
  -1.48564871e+00
   6.60563311e-01
  -7.26826479e-01
  -1.14198146e-01
   1.95458370e-02
  -5.21361441e-01
   3.68225612e-01
  -9.74059985e-01
  -3.76981233e-01
   1.07387038e+00
   1.73266079e+00
  -7.74086950e-01
   1.50299368e+00
   4.42291738e-01
  -1.03626783e+00
   1.41002483e+00
  -6.00580716e-01
  -1.04799282e+00
  -7.55902150e-01
  -1.67134308e+00
   6.78759883e-01
  -5.69207038e-02
   2.33107946e+00
  -2.04270830e+00
  -2.52453085e+00
  -5.91371900e-01
   4.10389642e-01
  -2.44599321e+00
   6.44021376e-01
  -1.05317484e+00
   2.62654860e-01
   3.55848856e-03
  -7.98313007e-01
   2.87588929e+00
   1.18687340e+00
  -1.54712958e+00
  -7.70890152e-01
  -9.11390113e-01
   5.08586028e-01
   1.77892546e-01
  -2.81364070e+00
   1.25726972e+00
  -6.92111610e-01
   6.33648817e-01
   3.73014965e-01
   1.17109293e+00
  -1.22448518e+00
  -9.12024017e-01
  -2.71268776e-01
   8.23857197e-01
  -5.92316127e-01
   1.09875774e+00
   8.93533346e-02
  -8.80137448e-01
   2.25041376e-01
   8.24979770e-01
   7.17660321e-01
  -1.02951101e+00
  -3.63711157e-01
  -3.56363970e-01
  -7.67332180e-01
   5.05992184e-01
   5.51578067e-02
   1.99663618e+00
   1.09252036e-01
   1.52464363e+00
   5.36989777e-02
  -7.35317287e-02
   1.39127778e+00
  -1.01612837e+00
   8.37818647e-02
  -2.08586565e-01
   2.30355274e-01
  -1.22909506e+00
   6.14742154e-01
   1.18760692e+00
  -6.23613744e-02
  -1.30862148e+00
  -9.97412374e-01
  -9.73525315e-01
  -7.78204830e-01
  -3.78887851e-01
   2.00861563e+00
  -6.02346550e-01
   9.27143721e-01
   6.42175573e-01
   1.01025268e+00
  -1.78971275e+00
  -1.04496214e+00
  -1.92578167e-01
   4.69040834e-01
  -1.31674656e-01
   7.36442569e-01
   6.96779764e-01
  -7.60397661e-01
   6.98295090e-01
  -6.32502043e-02
  -2.85559549e-01
  -1.52915382e+00
   1.42281383e-02
   7.12147678e-01
  -3.96459561e-01
  -2.22268708e-01
   1.41252030e+00
  -2.33224043e-01
  -6.87500938e-01
   2.90048787e-01
  -1.51840112e-01
  -4.31312372e-02
  -1.48369042e+00
   2.93274963e+00
   5.98435641e-01
  -2.72140209e-01
  -1.50091541e-01
   8.01203390e-01
  -8.47453694e-01
  -6.98910685e-01
  -1.18763721e-01
  -1.67583287e-01
   2.31326738e+00
  -1.13580912e+00
   2.16293936e-01
  -1.11408686e+00
   1.64758295e-01
   2.02839817e+00
  -5.95251274e-01
   2.29563571e+00
  -8.17801494e-01
   3.50321434e-02
   1.52227976e-01
  -1.98435599e+00
  -2.34714270e-01
   2.54094877e+00
  -2.50598217e-01
   6.70368502e-01
   3.09192946e-01
   1.23651991e-01
   2.95167544e+00
   1.47582056e+00
   4.14356078e-01
  -1.73193073e+00
   2.18148820e+00
  -2.04281155e-02
  -1.77055593e+00
  -1.12223044e+00
   5.16804089e-01
   4.75928865e-02
   4.24589700e-01
   3.92640529e-01
  -8.35700813e-01
  -1.39566198e-01
  -1.54462676e+00
  -2.59432719e+00
  -7.62680473e-01
   3.08748619e+00
   7.42144507e-01
   6.97206083e-01
   5.42161362e-01
   1.57585077e+00
  -1.51322739e+00
   5.39271755e-01
  -1.27765073e-01
   6.85241691e-01
   2.46911307e-01
  -6.01856698e-01
   8.34622725e-01
   8.82989931e-01
   1.03070818e+00
  -2.59277378e-01
  -2.65829769e-01
  -8.28323987e-01
  -5.24562842e-01
   6.05789480e-01
  -3.23866645e-01
   7.28677696e-01
  -1.63766369e+00
   2.97968258e-01
   8.21398079e-01
   4.45320026e-01
   1.42480518e+00
  -2.41211059e+00
   9.75547929e-01
  -2.85678244e-01
   2.41642921e-01
  -1.28209633e+00
  -1.09964827e+00
   6.59587287e-01
  -3.34095894e+00
  -5.61672101e-01
  -1.88297674e+00
   1.13219041e+00
  -1.13966274e+00
   2.08203069e+00
   1.19396167e+00
  -6.18261971e-01
  -1.55204397e+00
   8.60456111e-01
   6.40122127e-01
  -1.65130563e-01
  -4.49373031e-01
  -1.52287214e-01
  -3.47648939e-01
   1.28415043e-01
  -1.47608933e-01
   1.18851027e-02
  -4.64483089e-02
   1.37275923e-03
   1.25338260e+00
  -1.68518612e+00
  -5.07505208e-01
   5.00229945e-01
  -2.01060466e+00
  -1.19174012e-01
   1.65630661e+00
  -1.24848228e+00
   9.14958738e-01
  -6.62659995e-01
  -2.14858416e+00
   1.43461629e+00
  -3.42642029e-01
   8.52041680e-01
  -3.65289347e-02
  -2.12614488e+00
   6.49946993e-01
   3.94832800e-01
  -2.24180705e-01
   9.86172151e-01
   6.13933688e-02
   2.29791717e+00
  -5.01396491e-01
  -1.90076845e+00
   1.26393951e-01
  -2.58439469e+00
   1.32629369e-02
  -1.79395983e+00
   7.86633648e-01
  -1.12907406e-01
  -6.85782187e-02
   6.68439900e-01
  -6.84946795e-01
   1.49658847e+00
  -3.88397710e-01
   1.39937761e+00
  -8.42899680e-01
   1.66904075e-01
   2.04806542e-01
   1.24820440e+00
   1.06570682e+00
  -1.13205871e+00
  -3.63162579e-01
   1.09633805e-01
  -1.10841818e+00
  -1.04015566e+00
   2.03773397e-01
  -9.31228984e-01
   6.79861793e-01
   4.79067567e-01
   2.31994646e-01
  -1.10017308e+00
   1.18043870e-01
   2.38710054e-01
   2.63628109e-01
   4.02851309e-01
   1.19427865e+00
  -1.70654565e+00
   8.20974540e-02
  -1.06865009e+00
  -5.55314963e-01
   4.92491674e-01
   1.38666464e+00
  -3.67038339e-01
   1.03575549e+00
  -5.07880441e-01
  -2.19239984e-01
   8.73582223e-01
   7.47552617e-01
  -2.08191130e-01
   1.69128462e+00
   5.22931184e-01
  -2.43284482e-01
  -1.01506882e+00
  -2.16764508e+00
   1.30563381e+00
   1.62749603e-02
   5.40229327e-01
   7.88888560e-01
   2.26003752e+00
   2.51656972e+00
   6.95544675e-01
   9.89612814e-01
   2.55651317e-02
   9.03271967e-01
   2.00307794e-02
  -5.94313737e-01
  -5.23244449e-03
  -6.29706870e-01
   2.96556072e-01
  -1.85865136e+00
   5.16179193e-01
  -1.11915308e+00
  -7.78747534e-01
   7.70612761e-01
   7.36852193e-01
   1.82901729e+00
   1.14058710e+00
  -1.37653998e+00
   7.93439538e-01
   5.07631133e-01
  -1.04175033e+00
   3.23250793e-01
   2.17211782e-01
   2.17035800e-01
   1.61995412e+00
  -8.39000235e-02
   8.71386762e-01
   1.17757087e+00
   1.09638480e+00
  -9.76189964e-01
   9.95899925e-01
  -1.30900459e-01
   2.22224990e-01
   1.57009137e+00
   1.33230480e+00
   1.04746377e+00
   5.89253007e-01
  -2.02495791e+00
   1.02283012e+00
  -9.67405199e-01
   5.50810831e-01
   4.23232615e-01
   9.66756600e-01
  -1.34139547e+00
   9.13279772e-01
   2.27301583e+00
   1.03955298e+00
   7.19369122e-01
  -6.66937755e-01
   2.17931367e-01
   4.16658527e-01
   1.17044909e+00
  -1.66567566e+00
   2.14490759e-01
   1.78417760e-01
   1.06677971e+00
  -5.83084562e-01
  -6.83293296e-01
   1.16175766e+00
  -6.08979201e-01
  -1.51635537e+00
  -7.09834272e-01
   6.58982183e-01
  -2.74918591e-01
  -3.93356979e-01
  -1.00965459e+00
   1.04116649e+00
  -3.05114270e-01
   1.17977327e+00
   1.38151319e+00
   1.58694988e+00
  -3.40233441e-01
   7.83105567e-01
  -1.78720259e-01
   3.06831293e-01
   1.27007856e+00
  -6.59661761e-01
   7.73492332e-01
  -8.37794676e-01
  -8.31773054e-01
  -1.09782016e+00
   9.75530581e-01
   7.39359447e-01
  -3.62140820e-01
  -6.47074404e-01
   2.14896886e-01
   8.25848078e-02
  -7.73550858e-01
   1.84358030e+00
   1.91519730e-01
  -9.76453034e-01
   7.06202975e-01
   5.44952086e-02
   1.32585756e+00
  -6.95784991e-01
   1.00711051e+00
   5.11668678e-02
  -4.57918375e-01
  -3.00313856e-01
   3.58352005e-01
   1.23709586e-01
   1.46738993e-02
  -8.28953402e-01
  -1.73612950e+00
   1.08744193e+00
   2.02956297e-01
  -7.25116021e-01
  -2.63108939e+00
   1.51414326e+00
  -5.38108030e-01
  -1.57416827e-01
  -3.45974959e-01
  -1.26186242e+00
   1.42278449e+00
   1.90003493e+00
   3.24989653e-01
  -4.06999370e-01
  -1.59415980e+00
  -3.51226901e-01
   1.56683272e-01
   1.43328150e-01
  -1.36285453e+00
  -7.48121055e-01
  -1.26709106e+00
  -3.86459130e-01
   4.99769036e-01
  -1.29384417e+00
   5.12331654e-01
  -1.55544175e+00
   5.15929346e-01
   6.32049360e-01
   2.09587076e-01
  -4.65862680e-01
   8.74180817e-01
  -1.39711608e+00
   5.07503601e-01
  -8.22934950e-01
  -1.88125287e+00
   1.23301677e+00
  -6.62100218e-01
   3.44648567e-01
   1.82340996e-01
   1.51788499e+00
   4.02504179e-01
  -3.89270935e-01
  -1.44344709e+00
   8.76386170e-02
   9.15245875e-01
  -4.43387837e-01
   9.79886099e-01
   1.17393562e+00
   8.75015413e-01
   2.39858137e-01
   4.04817638e-01
  -1.47422200e+00
  -5.24124723e-01
  -4.86245773e-01
  -1.01928123e-01
  -7.83463935e-02
  -1.45042945e+00
  -7.32977757e-01
  -3.09915784e-01
   1.10955300e+00
  -1.39273252e+00
   1.46255289e+00
   3.66863611e-01
   1.07099318e+00
  -1.10865770e+00
  -1.41840437e+00
   6.62861148e-01
   1.31004016e+00
  -2.99493438e-01
  -1.00597445e+00
   4.28448350e-02
  -8.40915335e-01
   4.00383899e-01
   4.26849351e-01
  -9.03774381e-01
  -1.18089266e+00
   4.09723214e-02
  -8.24081226e-01
  -9.78854562e-01
  -6.01534446e-01
   1.17542146e+00
  -1.32061599e+00
   6.81414737e-01
  -3.98271822e-01
  -5.53280904e-01
  -3.55757359e-01
   7.78185643e-01
   1.30467122e+00
   1.18340736e+00
  -2.01176487e+00
  -7.23195499e-01
   3.03283030e-01
  -1.67914567e+00
  -1.46808192e+00
   9.66324506e-01
  -4.06445766e-01
   3.81560496e-01
  -2.10467947e-01
  -1.50341956e+00
  -4.80992737e-01
  -6.20227440e-01
  -2.93023883e-01
   1.51710797e+00
   1.81842915e+00
   1.66848576e+00
  -8.67511738e-01
  -1.16384002e-01
  -6.60483806e-01
   5.27469806e-01
   3.78031005e-01
  -1.00914304e+00
   3.13449260e+00
  -2.96131199e+00
  -1.30470705e-01
  -7.45290112e-01
  -2.48388816e+00
  -1.62438515e+00
   9.20576413e-01
  -2.90030481e-01
  -2.76789334e-01
  -1.46653033e+00
  -2.39988470e+00
   6.57012675e-01
   4.78771778e-02
  -1.54235673e+00
   8.41644327e-01
  -1.57343426e-01
   4.67904535e-02
  -1.48535084e+00
  -7.43251401e-01
  -1.37989344e-01
   4.31865220e-01
  -6.39647546e-01
  -6.15645435e-01
  -1.41257685e+00
   2.39597827e-01
  -2.53983951e+00
  -6.66723778e-01
  -1.54276154e+00
  -1.04195617e+00
  -8.81519833e-01
   6.71793142e-01
  -2.18317914e+00
   5.93660014e-01
   2.70116245e-01
   3.12792923e-01
   1.19444163e+00
  -1.81645052e+00
   5.58629418e-01
  -6.49031680e-01
   2.30673643e-01
   1.33187098e+00
   1.51972522e+00
  -8.85908443e-01
  -1.11746713e+00
  -5.19466524e-01
  -2.26537800e-01
  -2.20770184e+00
   1.88081915e-01
  -4.08518018e-01
  -1.17522474e+00
  -1.95876480e-01
  -1.51088921e-01
  -3.33033223e-01
   8.66160427e-01
   2.64486736e-01
   1.45899056e-01
   8.26894238e-01
   1.25152532e+00
   1.68301151e+00
   1.54370680e+00
  -1.44001444e+00
   4.93563261e-01
  -9.57852195e-01
   2.16775162e+00
  -1.55423505e-02
  -6.32628265e-01
  -3.81200960e-02
  -8.12850704e-01
   1.22878033e+00
   8.36553451e-03
   2.40824784e+00
   7.99473065e-01
  -8.72867498e-01
  -7.57091722e-01
  -2.09108899e+00
  -5.94386973e-01
  -2.13288929e+00
  -6.87521089e-02
   5.36505878e-01
   6.69859551e-01
  -3.44020756e-01
   8.92232922e-01
  -1.95796886e-01
  -2.06261472e-01
  -7.95224689e-01
   5.30235913e-01
  -1.63519106e+00
   2.12421810e+00
   7.40338448e-01
  -1.36307328e+00
  -4.31436590e-01
   1.07075191e-01
   4.44708407e-01
  -8.47155207e-01
   7.01152986e-01
  -1.49320166e+00
  -1.06849575e+00
  -5.56787627e-01
   4.08446133e-02
   8.43001396e-01
  -6.20503088e-01
  -5.76977401e-01
  -1.11327097e+00
  -7.48960256e-01
  -1.65311963e+00
   1.02658793e+00
   2.19461436e+00
  -6.42796492e-01
   1.07096904e+00
  -9.41812237e-01
   3.29964263e-01
   5.98887535e-01
  -2.60161383e-01
   5.73413332e-01
  -2.93995002e-02
  -1.84491593e-01
  -7.43826469e-01
   1.61248049e-01
   1.26972222e-01
  -1.45454741e+00
  -3.08067579e-01
  -1.43031297e+00
   1.01585756e+00
  -4.74286935e-01
   6.90319232e-01
  -2.04642328e+00
   9.80776240e-01
   3.30445689e-01
   3.72915927e-01
  -6.67744508e-01
   3.08550131e-01
  -9.37460682e-01
  -1.78364945e-01
   6.61430701e-01
   5.74725188e-01
   5.00783595e-02
   6.65194705e-01
   8.52995369e-01
   4.31042143e-02
   1.13097675e+00
  -1.33840798e-01
   4.30247769e-01
   2.10420477e-01
   1.26613639e-01
  -1.45259910e-01
  -1.89236612e+00
   1.48265366e+00
  -1.42319887e+00
   1.53223412e+00
  -1.12133334e+00
  -1.14745229e+00
   9.12795591e-01
   6.88568459e-01
   2.19246354e+00
  -1.48662227e+00
   1.03218990e+00
  -5.11196320e-01
  -7.28542704e-01
  -5.88915737e-01
   1.35840226e+00
   1.16611057e-01
   7.30699701e-01
   6.18364595e-01
   1.34640687e-01
  -7.32604225e-01
   8.32173733e-01
   1.03521612e+00
   5.62865324e-01
   3.96760108e-01
   4.65363554e-01
  -8.75143833e-01
   1.65860854e-01
  -3.05601783e-01
   2.00664899e+00
   5.31712773e-01
  -2.28056010e-01
  -1.41939854e-01
  -3.21651934e-01
   9.54795749e-01
  -6.57449936e-01
  -1.16364479e+00
   6.06784302e-01
   4.79147853e-01
  -5.95252000e-01
  -1.68341775e+00
   2.40455216e-01
   8.24284557e-01
  -1.18233031e+00
   2.09670739e-01
   4.08826333e-01
  -1.42716711e+00
  -9.90178693e-01
  -1.94914018e-01
  -2.28018828e-01
   1.22780071e+00
  -1.75248834e+00
   7.22542158e-01
  -4.77508095e-01
  -1.53915831e+00
  -7.83333604e-01
  -1.58866188e+00
   8.27863390e-01
   2.36139620e-01
  -1.10829897e+00
  -3.42429927e-01
  -1.09091804e-01
   1.06311157e+00
   1.13231982e+00
   9.38041769e-02
  -3.28179332e-02
   3.18108774e-01
   1.24022349e+00
  -4.84781785e-01
   1.90901652e-01
   2.89408702e-01
  -1.53203256e+00
  -2.62614617e-01
  -1.41656555e-02
   1.44717496e+00
   5.55942077e-02
  -7.19476418e-01
  -3.43049678e-01
  -4.75444589e-02
  -3.75237110e-01
   3.38732920e+00
  -2.68458812e+00
   3.11726223e-01
   7.57090206e-01
  -4.38207300e-01
   1.00852355e+00
   2.45564182e-01
  -1.25594602e+00
  -2.96415295e-01
  -7.51679103e-01
   1.39293757e-01
   1.28049355e+00
   1.70158881e+00
  -9.18050868e-01
  -4.83482386e-01
   7.54419532e-01
  -8.38247689e-01
   5.58441477e-01
   3.60073771e-01
   3.89222047e-01
   7.40991359e-01
   7.02724976e-01
   7.85500969e-02
   1.11634596e-01
  -4.97158457e-01
  -1.10903741e+00
  -2.19856768e-02
  -6.27702605e-01
  -4.30925692e-01
   8.56007538e-01
  -1.63523520e-02
  -9.23736631e-01
   6.41045779e-01
  -3.68352185e-02
  -1.25524707e+00
  -2.84563338e-01
  -2.84312521e-01
   5.91342560e-01
  -4.38295741e-01
  -1.98059935e+00
  -4.29235018e-01
  -4.25438286e-01
  -6.44680358e-01
   7.99566166e-01
  -1.19455599e-01
   2.14389105e-01
   1.04694506e+00
   2.78983031e-01
   2.13551221e-01
   7.52853485e-01
  -2.34206240e-01
   1.08856797e+00
  -1.50027649e+00
   6.93571882e-01
  -1.56385423e-01
   1.47004531e-01
  -1.02444086e+00
   1.25407278e+00
  -9.26464428e-02
