  -4.03097327e-01
  -5.42047982e-01
   3.29648235e-01
  -1.21025490e+00
  -5.70402167e-01
   5.48837695e-01
  -5.48297573e-01
   1.54119618e+00
   2.79697506e-01
  -1.13072212e-01
   7.98169348e-01
  -2.95870148e-01
   7.47678571e-01
   2.47949814e+00
   5.20287984e-01
   2.20870712e+00
   1.39506869e+00
  -9.81328633e-01
  -8.33845000e-02
  -5.08981080e-01
  -3.06216371e-01
   7.77581437e-02
  -1.03294052e+00
   2.32696430e-01
  -7.68841047e-01
   9.97106070e-01
  -5.41812126e-01
  -1.91956641e-01
  -1.23168661e+00
  -1.84900897e-01
  -9.16029952e-01
   4.27635157e-02
  -1.75998798e-01
  -1.03808413e+00
  -3.09379254e-01
   1.71353916e+00
   8.31980093e-01
   6.16156069e-01
   1.06783460e+00
  -1.96224236e+00
   1.80188428e-01
   4.71015839e-01
   7.11736829e-01
  -4.67587719e-01
  -2.57670251e-01
   1.41166115e+00
  -6.31927860e-01
   1.39298262e+00
   2.46610153e-02
   2.28295279e+00
  -1.59035660e+00
   1.35136655e+00
  -3.94523861e-01
  -7.16486829e-01
  -2.81273323e-01
   2.30955758e+00
   2.11082999e+00
   2.01668520e+00
   1.93810388e+00
  -1.56551149e+00
  -9.98493203e-01
   1.18951765e+00
   1.14267073e+00
  -1.06215724e+00
   1.40770963e+00
  -4.07086027e-01
   1.99472195e+00
  -1.18857951e+00
  -3.89411797e-01
   7.83757608e-01
   6.93380998e-01
   3.65248021e-01
  -1.27003199e-01
  -1.05550462e+00
   1.89619667e-01
  -1.28859701e-01
   4.24268925e-01
   1.07322980e+00
   9.15075317e-01
  -1.44802914e-01
   1.51054448e+00
  -1.59451849e+00
   7.84280083e-01
   1.50231251e+00
   7.83214162e-01
   1.78530296e-01
   2.34148328e+00
   1.51451770e-02
  -1.71534195e+00
   3.98492653e-01
   6.05821616e-01
  -6.27966056e-02
  -1.04551267e+00
   4.72443485e-01
   2.72041103e+00
  -1.90635480e-02
  -8.98412219e-01
  -1.59587681e-01
   7.56126803e-01
   1.82903208e-01
  -4.86456139e-01
  -1.21994735e+00
  -6.79224949e-01
  -1.24315373e+00
   1.09477917e+00
   1.44883596e+00
  -1.05260196e-02
  -2.50572403e-01
   1.25140132e+00
   8.62753561e-01
   2.55821048e-01
  -1.08262538e+00
   1.19699543e+00
   1.27121727e+00
  -4.08926435e-01
   5.23463591e-01
  -1.96419913e-01
  -5.72286887e-01
   5.00081882e-01
   2.31908300e+00
   4.90542712e-01
   7.12905545e-01
  -1.94907941e+00
   5.87925229e-02
   1.88031029e+00
   2.62024801e-01
   1.09655570e-01
   1.46603260e+00
  -1.09683386e-01
   1.25306111e+00
  -5.37024908e-01
  -7.51926418e-02
  -1.11422059e+00
   4.26116054e-01
   1.39882804e+00
   1.11630495e+00
  -9.12898012e-01
  -1.33190197e-01
   1.31377941e+00
   1.28787357e+00
  -5.96444345e-01
   4.90317679e-01
   4.99281290e-01
   1.60974469e+00
   1.09759134e-01
   7.49890469e-01
  -3.02025710e-02
  -1.01601996e+00
   5.97639025e-01
   3.49410319e-01
   7.05347389e-01
   4.66614193e-01
  -2.26201196e-01
  -1.78012788e+00
   3.33383612e-01
   1.23802242e+00
  -2.41197542e-02
   4.14775399e-01
  -3.77061418e-01
   5.28842694e-01
  -4.79063309e-01
  -1.37300250e+00
  -1.06467707e-01
  -7.39725252e-02
   1.37670631e-01
  -1.90574733e+00
  -1.11814606e+00
  -1.85691893e+00
   6.67912418e-01
  -1.06055791e+00
   2.59242958e+00
  -2.22045509e-01
   1.13964171e+00
  -2.00372118e+00
  -9.80613537e-01
   3.60841308e-01
  -1.33307821e-01
   2.03742621e+00
  -1.54470207e+00
   9.51702689e-02
   9.49830643e-02
  -5.36623464e-01
  -6.24211785e-02
   2.53169334e-01
   8.73674512e-01
   4.51053100e-01
   1.17440997e+00
  -7.93710185e-01
  -1.87819794e+00
  -6.11969303e-01
  -8.13952734e-01
   2.49027534e-02
  -1.85601564e-01
  -8.02915196e-01
  -8.06644912e-01
  -1.30416865e+00
   1.85082402e+00
  -1.72349096e+00
  -1.91697623e+00
   7.69588993e-01
   7.50073340e-01
  -3.70140484e-01
   6.31158855e-01
   5.37047938e-01
   1.12935337e+00
   5.05309818e-01
   9.02895125e-01
  -5.14005629e-01
   1.79461331e+00
  -1.00817694e+00
   1.88184989e-02
  -7.51724249e-01
  -1.09274790e+00
  -3.11212620e-03
   3.03450136e-01
   3.30424669e-01
  -4.44854222e-01
  -1.89086925e+00
  -9.91585875e-01
   2.46233423e-01
  -8.27040506e-01
  -6.26965345e-01
   7.80674280e-01
  -1.22074369e+00
   5.14099793e-01
   7.39240473e-01
   2.37773724e+00
  -1.64173894e+00
   3.88028622e-01
   8.93616737e-01
   1.28132782e+00
  -5.87893339e-02
   4.09515887e-01
   2.58253213e-01
   9.90043533e-01
   2.88124487e-01
   9.12834125e-01
   6.00205667e-01
  -9.14815609e-01
   1.62676382e-01
   4.83565367e-01
  -6.77077767e-01
  -4.48613336e-01
  -9.25027927e-01
   7.48492633e-01
   4.56634636e-01
  -1.22497493e+00
  -1.11110335e+00
   7.14920922e-01
  -5.75073582e-01
   3.21070351e-01
   8.90873929e-01
   4.10615620e-01
  -1.70289700e+00
   1.99646943e-01
   8.70421482e-01
  -1.80077154e+00
   5.77499146e-01
   4.21431893e-01
   1.50956059e+00
   1.59611202e+00
   1.05326785e+00
   9.77557675e-01
  -5.97867037e-02
  -1.10050255e+00
   6.00286115e-01
   2.24427409e+00
  -3.63644660e-01
   1.12162986e+00
  -9.06326168e-01
   7.05884604e-01
   5.71296489e-01
  -4.72959522e-01
   1.23923411e+00
   1.56889723e-01
   4.74553831e-01
  -1.41647073e+00
  -4.52091706e-01
  -1.35253613e+00
   3.40385766e-01
  -1.24428169e+00
   2.06718372e-01
   1.04914908e-01
  -1.36303674e+00
   9.39232115e-01
   1.08413344e+00
  -3.61109113e-01
  -8.75670746e-01
   2.27170340e-01
  -2.42585265e-01
  -1.19148889e+00
   6.72372941e-02
   3.67219799e-01
  -3.02407048e-01
   4.40335032e-02
  -1.39437139e+00
   5.60321967e-01
   5.79202275e-01
   1.66034326e-01
   2.07795671e-01
  -1.31505556e+00
   8.72051075e-02
   4.79576839e-01
   1.27747292e+00
   1.10772441e+00
   1.23598429e-01
  -2.51034425e-01
   4.74960947e-01
  -6.27517355e-01
   6.80951801e-02
  -7.21690706e-01
   5.29899904e-01
   7.96556548e-01
   5.37666296e-01
   3.38518691e-02
   1.43303317e-01
   9.57133691e-02
   5.61169801e-01
   7.02503979e-02
   9.29217672e-01
  -4.91431704e-01
  -4.71979480e-02
   6.33531860e-01
  -4.60282470e-01
  -1.04064406e+00
  -1.33216065e+00
  -8.06258594e-01
   6.21872423e-01
   1.06073884e-01
   4.71296503e-01
   4.03960280e-01
   8.11462831e-01
  -2.27384002e+00
  -8.63720876e-01
  -1.32048454e-01
  -1.07550099e+00
   1.80680308e-01
  -1.55401226e+00
  -1.83109653e+00
   1.18397063e+00
  -2.87447618e-01
  -1.76485593e-01
  -3.09375302e-01
   2.88790191e-01
  -1.11726667e-01
  -2.52733489e-01
   2.79737712e+00
   2.08445340e-01
   5.36425820e-01
  -1.47181799e-01
  -1.74255214e+00
   3.18973145e-01
   5.18552392e-01
   6.23626159e-01
   7.69828562e-01
   1.07469216e+00
   1.03094708e+00
  -4.50428999e-01
  -1.30272002e+00
   3.91690945e-01
  -5.53481620e-01
  -1.51924917e+00
  -2.60506581e+00
   1.36920618e+00
   2.67133260e-01
   1.00123258e+00
   1.36165796e+00
  -1.83054163e-01
   2.64805739e-01
   1.25808019e+00
   8.86429323e-01
   1.64157771e+00
   9.09439704e-01
  -4.37534529e-01
   1.74608180e+00
   1.42431418e+00
   2.03076262e+00
  -6.12175446e-01
   9.02779810e-01
   1.45587033e-01
   9.12259910e-01
  -6.33945776e-02
   5.38201715e-01
   5.77603640e-01
  -1.63350284e+00
  -1.40547467e-01
  -1.89557822e-01
  -5.78160986e-01
   8.11307404e-01
   1.52496521e+00
  -8.94461318e-01
  -3.64344643e-01
  -7.07248710e-01
  -5.64425818e-01
  -1.73567791e+00
  -5.72017812e-01
  -3.25771394e-01
   6.19128804e-01
  -8.02750086e-01
  -3.63515346e-01
   2.32989986e+00
   6.83164642e-02
   3.08980615e-02
   7.48881365e-01
   1.34949778e+00
   1.80747274e-01
  -7.15745703e-01
   1.45655652e+00
  -1.12809873e-01
   1.73268264e+00
   1.07683719e-01
  -8.74856247e-01
   1.85670797e-01
  -2.53571195e-01
   7.17795770e-01
  -7.14470519e-01
   8.76176166e-02
   1.40540380e-01
   2.20439791e-01
   4.14903515e-01
   5.47620390e-01
   2.38444511e-01
  -3.94433664e-01
  -3.18850941e-01
   1.36262490e+00
   4.27027685e-01
   3.77020761e-01
  -2.13429062e-01
  -9.04805718e-01
  -2.99592848e-01
   4.22227644e-01
  -2.06744816e-01
   8.36382385e-01
   2.88043315e-01
   7.14900470e-01
   1.46026619e+00
   1.18534415e+00
  -9.03827937e-01
  -5.00659722e-01
   4.49009743e-01
   5.92691817e-02
  -1.93851529e-01
  -2.19205836e-01
  -4.86217950e-02
   1.47695480e+00
   2.65425959e+00
  -3.20450846e-01
   1.98790042e+00
   4.96431925e-01
  -1.48877240e+00
  -1.97471643e+00
   6.64258553e-03
  -1.54665423e-01
   3.68853185e-01
  -1.69540061e-01
  -3.37466828e-01
  -1.22988629e+00
   1.23730111e+00
  -1.02634399e+00
  -1.36872636e+00
   4.09768787e-01
   4.34779597e-01
   1.13331105e+00
  -3.01657651e-01
   4.94827853e-01
  -5.96867676e-01
   1.99873405e-01
  -1.01363153e+00
  -2.08905491e-01
  -4.49897481e-02
  -4.75804143e-01
  -1.35817732e+00
   8.46541933e-01
  -1.39361908e+00
  -4.76181898e-02
  -2.47092584e+00
   5.98895056e-02
  -1.03334516e+00
   8.21066507e-02
   1.02170617e+00
   1.87307373e+00
   8.93090204e-01
  -1.01473444e+00
   9.80280660e-01
   6.55099321e-02
  -2.09937375e+00
   4.95844514e-01
  -1.54355315e+00
   4.04759282e-01
  -1.22777380e-01
  -1.69436427e-01
   1.24690281e+00
   3.22022416e-01
  -1.73230311e-01
  -4.78289077e-01
  -2.79450437e-01
   3.87682655e-01
   1.13124204e+00
   8.03284341e-01
   2.63673563e+00
  -3.98057606e-01
   7.92315566e-01
   7.71019451e-01
  -3.91396629e-01
   2.71566962e-01
   1.64323239e-01
   1.03954703e+00
   2.71085633e+00
  -8.36206741e-01
   8.69709313e-01
  -3.39848733e-01
   1.75159837e+00
  -4.23131809e-01
  -2.42616428e+00
  -7.50614452e-01
   2.99707786e-01
   1.16215908e+00
   6.04973001e-02
   4.76959831e-01
  -2.71976327e-01
   1.31630910e+00
   9.38528423e-02
  -8.90414538e-01
   2.85047443e-01
  -4.12675052e-01
  -8.70007879e-01
  -3.93444978e-01
   5.70647181e-01
   1.00849957e+00
  -3.27426934e-01
   1.56205741e+00
   8.11614476e-01
  -1.22356200e-01
  -8.06140713e-01
   2.01727859e+00
   8.24647268e-01
  -1.43660558e+00
   1.78864778e-01
  -3.57236138e-01
   2.74048137e-01
  -1.81782522e+00
   7.47601516e-01
   6.31156925e-01
  -7.02137486e-01
   1.29335530e+00
   1.77109947e-01
  -1.35199488e+00
  -2.40952252e+00
   9.32399568e-02
  -8.20461996e-01
  -1.46662485e-01
   4.57233911e-01
  -1.63558383e+00
   1.27417993e+00
   1.79583209e-01
  -9.09545903e-01
   3.99372687e-01
   1.96448928e-03
  -8.79123614e-01
   9.55347421e-01
   1.94031368e-01
  -3.35369564e-01
   1.31464411e+00
  -9.82833533e-01
  -4.54069901e-01
  -1.65952499e+00
  -5.80008202e-01
  -2.00959211e-01
   1.31356032e+00
   4.47855557e-01
  -5.89627620e-01
  -1.64848756e+00
  -1.64130710e+00
  -6.93607835e-01
  -4.01927176e-01
   6.51933423e-01
   1.24969325e+00
   1.25981386e-01
  -4.31739585e-01
   2.12083452e-01
   2.52484225e+00
   9.17578613e-01
  -1.43454354e+00
  -9.38100200e-01
   6.24841572e-01
  -8.87835194e-01
  -1.12591786e-01
   3.97519827e-01
  -1.21760406e-01
  -1.60972725e+00
   4.78822952e-02
   1.12396291e+00
   8.74948675e-01
  -2.00545211e-01
  -1.63373298e-01
  -6.71668583e-01
   4.65355141e-01
   2.35336002e-02
   5.95256886e-01
  -3.82679337e-01
  -1.15655902e+00
  -1.32099786e+00
   2.30548562e-01
   8.14763604e-01
   9.90849314e-01
   3.07244354e-01
   8.46385029e-01
   1.75616201e-01
   5.19741109e-01
   2.77120283e-01
   3.62340484e-01
  -5.25191221e-01
  -2.00239355e+00
  -7.45918155e-02
   6.65819949e-01
  -3.72601554e-01
   1.03773955e+00
   1.14736448e-01
  -4.71457830e-01
   9.65032613e-01
  -4.42670103e-01
   2.16530443e+00
   2.69122579e-01
  -9.03325898e-01
   2.27087089e+00
  -5.58879362e-01
  -5.38827372e-01
   8.07189416e-01
   1.57327376e+00
  -1.35542713e+00
  -4.98806629e-01
   3.34455449e-02
  -6.81403963e-01
   1.94537609e-01
  -1.39566130e-01
   5.04667507e-01
   1.78437203e-01
  -1.28028362e+00
   2.34213907e+00
  -1.51716998e+00
  -8.21069406e-01
  -2.37418576e+00
   1.86010290e+00
   1.99566331e-01
  -2.73775718e-01
  -4.40242719e-01
  -1.42373034e-01
  -2.90026917e-01
   1.52454733e-01
  -1.37924337e+00
   1.16743472e+00
  -5.51547739e-01
   6.50370777e-01
  -9.56988697e-02
  -3.81329793e-01
  -1.38735820e-01
  -9.27522039e-01
   8.45643214e-01
   1.40235731e+00
   2.44039124e+00
  -3.77488384e-01
  -1.10767682e+00
  -1.72317617e+00
   1.32557053e-01
   1.65779631e+00
   9.68490360e-01
  -1.08574625e+00
   1.08268201e+00
  -1.33408578e+00
   1.74556757e+00
   2.28390367e+00
   1.25466873e+00
  -8.46337110e-02
  -1.17289885e+00
   6.66695974e-01
  -8.09427382e-01
   3.13970987e-01
  -1.65483564e-01
   2.72452448e+00
  -8.51998997e-01
  -4.81408276e-01
   1.71886849e+00
  -1.49796854e+00
   2.60035792e-01
   4.99438019e-01
   1.06135981e+00
  -1.90894767e-01
   1.45383568e+00
   1.16839479e+00
  -5.93404891e-01
  -4.45488509e-01
  -1.15752740e+00
   1.65035523e+00
  -3.72485236e-01
  -3.83662008e-01
   7.83542671e-01
  -1.11587933e+00
  -1.38441215e+00
   3.93614667e-01
   1.92044087e+00
  -2.00154093e+00
   6.57867367e-01
  -8.43452020e-01
   8.83543919e-01
  -7.12384322e-01
   1.03429726e+00
  -4.78079534e-01
   4.79169616e-01
  -3.80599134e-02
  -3.28703478e-01
   1.55850300e-01
   1.91291043e-01
   1.00451346e+00
   4.14539356e-01
   2.71118958e-01
   9.78908756e-01
  -3.52357537e-01
  -7.30086628e-01
   1.55866181e+00
  -1.98600531e-01
   1.27617159e+00
   8.03096863e-01
  -8.90568414e-01
   4.80483363e-03
   6.75684072e-01
   6.55617230e-01
  -9.39860714e-01
   1.89379515e-01
   6.32263503e-01
   1.21904183e-01
   2.98116256e+00
  -9.91577149e-01
  -4.39277661e-01
   9.49318522e-01
  -5.87095159e-01
  -4.88615224e-01
   6.73688180e-01
  -1.20790342e+00
   1.01324384e+00
   4.41374954e-01
  -2.81641657e-01
  -6.94817894e-01
   4.84453958e-01
  -6.24958740e-01
  -1.30921766e+00
   3.06079220e-01
  -2.07147814e-01
   1.40751729e+00
   9.90126775e-01
   2.67693222e+00
   6.41488471e-01
   8.78750369e-01
   1.18574415e-01
  -2.56276072e-01
  -4.79512653e-01
   8.46606236e-01
  -6.92705035e-01
   1.02087155e+00
  -9.91606474e-01
   1.88439559e-01
   9.96123953e-02
   8.06534173e-01
   7.04506283e-01
   4.53975213e-01
  -1.18585330e-01
  -1.09631732e+00
   1.16058693e+00
   1.46406474e+00
  -3.53378456e-01
  -2.21395544e+00
   8.24753907e-01
  -7.99212127e-01
   6.08147457e-01
   6.75297515e-01
  -1.20347333e+00
   1.54544352e-01
  -1.20719277e-02
  -1.25798117e+00
  -1.68165256e+00
   1.99047878e+00
   2.89359278e-01
  -2.65732596e-01
  -4.88187921e-01
  -9.26635637e-02
  -3.37265827e-01
   9.93069574e-01
   9.05918722e-01
   1.67107188e-01
   4.54677227e-01
   4.48752158e-01
   1.49870930e+00
  -1.76805858e+00
   4.06967392e-01
  -3.14055618e-01
  -1.08290854e+00
   1.13597268e+00
   1.51984476e+00
   1.48680827e+00
   1.05985845e+00
  -5.94347978e-01
   1.30059562e+00
   1.64826316e-01
  -7.46867100e-01
  -1.24449103e-01
  -1.66245797e+00
  -6.94610107e-01
   2.38600310e+00
  -2.63342314e-01
   1.03473164e+00
   2.81057819e-01
  -1.96629464e-01
  -3.94218898e-01
   9.17771208e-01
  -1.05528380e+00
   4.05345147e-01
   2.14844909e-01
   1.93292979e-01
  -1.62878027e+00
  -2.82785423e-01
   3.54664566e-01
  -6.88016065e-01
   3.99565596e-01
  -3.79554447e-01
   8.54960211e-03
   9.13157296e-01
  -1.00607245e+00
   3.52911090e-02
  -9.09576394e-01
   2.19101501e+00
  -3.26532781e-01
   1.79929699e+00
   9.32721986e-01
   4.61558560e-01
  -4.42304421e-01
  -1.67834972e+00
  -9.40134099e-02
  -7.26786016e-02
  -3.42990344e-01
  -1.42093287e+00
  -4.00430328e-01
   8.21020735e-01
   4.28171523e-01
   4.26178288e-01
   9.19130577e-03
   2.10155428e-01
   4.28043613e-01
   1.43886277e+00
  -8.47121695e-01
  -7.25547691e-01
   1.39276731e+00
  -2.36179737e-01
  -6.78772494e-01
   1.47879729e-01
   5.21561248e-01
  -1.43714052e+00
  -4.93612479e-01
  -2.85557040e-01
   1.76599582e-01
   9.73724616e-02
   1.75830455e-01
   4.06369632e-01
  -1.40462717e+00
   8.47868567e-01
   6.44538778e-01
   8.77238032e-01
   4.73039354e-01
   8.40052571e-01
   8.29442590e-01
   9.63839978e-01
  -3.51547131e-02
  -1.87780828e-01
   9.33678345e-01
   3.54227382e-01
  -6.62873534e-01
  -6.63708322e-01
  -1.65814417e+00
   1.05639041e+00
  -6.74952403e-01
  -1.29839083e+00
  -6.50463677e-02
   8.99267883e-01
   1.27580520e+00
  -8.03134823e-02
   5.00050310e-01
  -2.69870932e-01
  -4.61673539e-01
   5.52060866e-01
   7.58839773e-01
   6.28249776e-01
   1.38549682e+00
   1.05487503e-01
   5.12427485e-01
   6.73401097e-01
  -6.36925776e-01
   4.16610667e-01
  -4.92879090e-01
   1.19416999e+00
  -6.59908741e-01
   7.03587546e-02
  -9.20994548e-01
  -1.05944604e+00
   6.19663781e-01
  -3.23174575e-01
  -8.31778532e-01
   5.16769278e-01
   3.87542137e-01
   9.91493680e-01
  -1.84819498e+00
  -1.65465301e+00
  -2.19104809e+00
   8.82861211e-01
   1.22892489e+00
   5.83732456e-01
  -1.63807127e+00
  -5.44325641e-01
  -1.68119903e-02
   5.88369683e-01
  -2.95238672e-01
  -1.96296770e-01
  -4.96832447e-01
  -1.29029668e+00
   6.80625661e-02
   7.34555227e-01
   5.22624568e-01
  -5.47958556e-02
  -5.38981254e-01
   2.04672644e+00
   7.87390440e-02
  -1.42592930e-01
  -1.92419973e+00
  -1.66719109e-01
  -1.05724191e+00
   5.46309180e-01
  -2.75632068e-01
  -1.21000797e+00
   5.46784237e-01
  -5.19164023e-01
  -1.09312809e+00
  -1.26024583e+00
   1.39102900e+00
   7.72656486e-01
  -7.16268036e-01
   5.81839801e-01
   1.22939647e+00
  -1.20190430e-01
  -9.20287292e-01
  -8.50248202e-01
  -3.35129536e-01
   5.24807095e-01
   1.39595843e+00
  -1.89559313e-01
   1.86817319e-01
  -6.68255089e-01
   3.81167493e-01
   3.01003111e-01
   5.22562453e-02
   4.50953985e-01
   4.42297194e-01
   9.44552087e-02
  -8.02292085e-01
  -2.24098967e-02
  -3.07363887e-01
   2.00898217e+00
  -4.22403492e-01
   3.61614995e-01
  -6.09688320e-01
  -3.46294837e-01
  -1.12972677e+00
   1.85719810e+00
   8.57653774e-01
  -2.53373993e-01
  -4.85286880e-01
  -6.47727986e-01
  -1.38275510e+00
  -1.12797769e+00
  -6.02370700e-01
   3.37632963e-01
   2.21523084e-01
  -5.48091423e-02
   1.99760408e+00
   8.24956964e-01
   1.55984043e+00
   7.73857550e-01
  -5.23840496e-01
  -8.16412721e-01
   9.45021370e-01
  -9.14601937e-02
   1.40722785e+00
  -1.78461102e-01
   2.79981470e-01
  -1.11287222e-01
   5.12109308e-01
   7.19393404e-01
  -1.17686918e+00
   1.22883682e+00
  -7.37623368e-02
  -5.56113777e-01
   1.08741156e+00
   2.04290720e-01
  -1.63466542e-01
  -2.08441245e-01
   4.46562087e-01
   8.69386642e-01
   1.92281504e+00
   2.89710194e-01
   1.35458738e+00
  -1.06504702e+00
   5.81960167e-01
  -5.10918925e-01
   3.37084588e-01
  -3.18069549e-01
   7.41393175e-01
  -3.32885051e+00
   2.18930509e-01
  -4.00698357e-01
   2.13668808e+00
   4.56140221e-01
  -5.15315208e-01
  -8.63085722e-02
   6.24623024e-01
   1.38278101e+00
  -5.87117071e-01
  -4.36974077e-01
  -1.75474847e-01
   8.83945440e-01
  -2.67944107e-01
  -2.81453707e-02
   7.09346993e-01
   9.04310592e-01
   6.70935048e-01
  -4.93870788e-02
   2.73730808e-01
   8.25887448e-01
   7.69825018e-01
  -2.15366534e-01
   9.10781917e-01
   5.70055632e-01
   1.75861428e-01
  -4.09585890e-01
  -2.16073569e-01
  -9.89338358e-03
  -4.78821828e-01
  -8.49800355e-01
  -5.74393877e-01
   1.90558775e+00
  -2.94232079e-01
   5.95351224e-01
  -2.24737283e-01
   5.43558938e-01
   9.05761006e-01
  -7.36744059e-01
   3.95375032e-01
   1.44875010e+00
   1.39522577e+00
  -1.47279174e+00
   9.14953678e-01
   4.60258112e-01
  -5.10046006e-01
   1.38987381e-01
   4.96681171e-01
  -5.97247157e-01
   5.22176855e-01
   5.27036140e-01
  -1.32504010e+00
   1.28658070e-01
   2.92207131e-01
   5.05309617e-01
   2.63253453e+00
   8.17817540e-02
   3.39814326e-01
   8.00817103e-01
   2.99080904e-01
   1.28154568e+00
   1.43625627e+00
  -2.13048667e+00
   2.57129456e-01
  -3.03056866e-01
  -1.22924971e-01
   7.81261148e-02
  -1.17747442e+00
  -8.17316819e-01
   5.70289748e-01
  -1.04917273e+00
  -3.42069673e-01
   5.44079583e-01
   1.83504504e+00
   1.32039865e+00
  -7.58971201e-01
  -1.18590628e+00
   2.57735391e+00
  -3.41546222e-01
   7.69560216e-01
  -6.32382773e-01
   1.38684684e-01
  -1.62927997e+00
   1.66076707e+00
  -1.90348342e+00
   5.19166316e-01
  -4.85887008e-01
  -4.79730288e-01
   4.15947507e-01
  -1.20325364e-01
  -1.34966864e+00
  -1.48196679e+00
   3.49794611e-01
  -1.51042050e+00
  -3.38768399e-01
   1.44166313e+00
   1.56651896e-01
   2.35502640e-01
   3.21884756e-01
   1.19980185e+00
  -3.24846142e-01
   5.81671472e-01
  -8.83265143e-01
   7.55178737e-01
   3.33694205e-02
  -2.66690223e-01
  -5.66369005e-02
   3.59349076e-01
  -3.77899706e-01
   1.79480016e+00
  -2.44059158e-01
   1.21287188e+00
  -1.35798915e+00
  -2.69339477e-01
   7.96566749e-01
  -6.66002782e-01
  -1.85939018e+00
   1.00723793e+00
   1.05949008e-01
   5.56848114e-01
  -3.30927585e-01
   1.17578883e-01
  -3.42422619e-01
  -1.15844326e-01
  -7.89081812e-01
  -6.69628908e-01
  -6.19141000e-01
   1.78692233e-01
  -1.10234089e+00
  -1.46081325e+00
   6.73899617e-01
  -1.40694836e+00
   8.34617185e-02
  -2.11125825e+00
   9.99179046e-01
  -8.07341922e-02
   8.50536234e-01
  -1.06490277e+00
  -5.04982672e-01
  -3.72294408e-01
   7.07524007e-01
  -3.74404641e-02
  -7.09320141e-01
  -1.92759108e-01
   2.20831527e+00
   2.48022895e-01
  -1.04183288e+00
   1.48504940e+00
   6.04573326e-01
   8.35821555e-01
  -6.27672432e-03
   9.43653567e-01
   9.23241179e-01
   4.69166623e-01
  -1.59794675e+00
   7.72209849e-01
  -2.25319825e+00
  -2.62194229e+00
   4.36831097e-02
  -9.48219148e-01
   3.45456835e+00
  -4.96108221e-01
  -6.22501229e-01
  -1.72449228e+00
  -4.56140594e-01
  -7.78891125e-01
  -2.88978160e-01
   5.66054817e-01
  -1.67862905e+00
  -2.12929640e+00
   6.10967952e-01
   6.63238667e-02
  -1.33701127e+00
   1.37613012e+00
   1.16071183e+00
   9.83595255e-01
   1.18279782e+00
  -1.68658361e-02
   1.47398652e+00
   1.06916513e+00
  -1.09306121e+00
  -1.52476696e+00
  -1.40031420e+00
   6.17283260e-01
   4.16503820e-01
   2.63130634e+00
   5.16550390e-01
   4.82848404e-01
   2.00567152e-01
   7.15855657e-01
   2.46706693e-01
   4.01018747e-01
  -9.34907980e-01
   3.36164470e-01
  -6.31277951e-01
  -2.30212140e-01
   7.60826118e-01
   9.68849479e-01
   1.55698732e-01
   1.30043979e+00
   6.33216344e-01
   2.05381226e+00
   1.31625473e+00
  -2.19996510e+00
  -3.21459430e-01
   1.16285339e+00
   1.02580264e+00
  -5.78582425e-01
   1.30177134e+00
  -1.25049699e-01
   1.14945003e+00
   2.45599895e-01
   1.41938209e+00
   4.97656588e-01
   1.44524370e-01
  -1.91748055e+00
  -7.25470618e-01
  -1.19478865e+00
   4.66661025e-01
  -1.44805932e+00
  -9.21257483e-01
  -2.58028115e-01
  -5.16245477e-01
  -8.79740364e-01
   1.65345684e+00
   1.71745691e-01
  -1.23533027e+00
   4.42956870e-01
   1.67362610e+00
   1.23852911e+00
  -1.71305697e-01
  -1.95341026e-01
   7.30738595e-01
   1.53619425e+00
   1.12882950e+00
   1.55515127e+00
  -2.48323402e-01
  -9.67644321e-02
   7.29825231e-02
  -8.38262493e-01
   1.48626097e+00
   3.58382920e-01
   9.34551356e-01
  -2.34328493e-01
  -1.51982804e+00
  -2.68998525e-01
   1.72965715e-01
   2.47502599e-01
  -1.62716219e+00
  -9.82515015e-01
   1.31106482e+00
  -1.48144686e+00
  -1.21338660e+00
  -1.52482680e+00
  -1.64822063e+00
   2.02060764e-01
   1.68925143e+00
   8.90136972e-01
   1.51664609e-01
  -1.00498520e+00
  -6.61057680e-01
   2.08824637e-01
  -9.95811350e-01
   1.52193537e-01
  -2.92598390e-01
   1.18206396e+00
  -1.05642298e+00
  -2.05496722e+00
  -2.86648400e-01
  -1.31839929e-01
  -8.52176976e-01
   1.53073412e+00
  -1.54236303e+00
  -5.86331588e-01
   9.33399795e-01
  -6.18160133e-01
   1.16015578e+00
   4.97920984e-01
   7.80419308e-02
   8.44918885e-01
   2.39031731e-01
  -4.17624635e-01
   6.51964403e-01
  -1.42131106e-01
  -2.04235577e-01
  -2.64186221e-02
   1.21972235e+00
   1.17757512e+00
   1.18109578e+00
   1.15149056e-01
  -5.27387024e-01
  -1.91799698e-01
   5.30805998e-01
  -1.53168434e+00
  -1.05502759e+00
   7.40068392e-01
  -8.14834559e-01
   7.94098241e-02
  -2.76997373e-01
  -6.36528852e-01
  -3.31771081e-01
  -1.01974373e+00
   5.22612453e-02
  -1.22625319e-01
  -9.70745025e-01
   2.08404553e-01
   3.49260945e-01
   4.22980210e-01
  -1.74243106e+00
  -1.81344031e+00
   1.75746663e-01
   1.11432783e+00
  -1.95253666e+00
   9.73851550e-01
   1.19430857e+00
   6.89316950e-01
  -9.32612354e-01
   1.34875114e+00
  -6.33201781e-02
   5.28632596e-01
   2.68070974e-02
   3.18943080e-01
   7.15877782e-01
  -1.07211046e+00
   3.04260469e-01
  -3.03950293e-02
  -1.23744897e+00
   5.77939172e-01
  -2.13358113e+00
   1.33193193e+00
   8.78854621e-01
  -4.12640124e-01
   3.14427185e-01
   1.80102587e+00
  -1.12927671e+00
  -2.10290133e-01
   7.61226395e-01
   9.89945288e-01
   1.57595541e-01
   7.70444386e-01
  -1.57024497e+00
  -6.18451600e-01
  -3.84200732e-01
  -2.65292006e-01
   7.58011686e-01
  -4.77087272e-01
  -1.12555453e+00
   1.83244453e+00
  -1.35121141e+00
   1.21596197e+00
   8.03258758e-01
   5.52575900e-01
  -2.31203625e+00
   2.28149851e-01
  -3.08139144e-01
   3.45588483e-02
  -9.53183688e-01
  -2.89472533e-01
  -8.23145067e-01
   3.10333348e-02
  -1.79707207e-01
   7.73647899e-01
  -6.53545957e-01
  -8.08353806e-01
  -1.01179613e-01
   3.40191009e-01
   9.89782763e-01
   1.44493231e+00
  -6.64726200e-02
  -1.51940118e+00
   5.57580510e-01
   5.21905712e-01
  -1.02607980e+00
  -4.54523092e-01
   8.35946291e-01
   1.78778457e+00
   1.67592591e+00
   1.36126414e-02
   4.08865612e-01
   1.62139007e+00
  -5.97651555e-01
  -2.49440671e-01
   8.58594378e-01
   1.12276344e-01
  -2.51652942e-01
   2.04539143e-01
   4.83447561e-01
   5.65883763e-01
  -7.03293262e-01
   4.85362284e-01
  -8.59143949e-01
   8.96448808e-01
  -8.39979159e-01
   3.22955673e-01
   1.30360921e+00
  -3.85723692e-02
  -4.31243338e-01
  -1.46564410e+00
  -1.21572025e+00
  -1.01906277e+00
  -8.36019059e-01
  -6.65313480e-01
  -1.82517395e-01
  -3.59255519e-01
   8.07640971e-01
  -2.03423264e+00
   4.86738787e-01
  -8.14465273e-01
  -1.34113198e+00
  -2.99269306e-01
   7.36063812e-01
   1.67124613e+00
   1.23177898e+00
   4.28428910e-01
   4.71461492e-02
  -2.24727804e-01
  -1.25085269e+00
  -1.10954500e+00
   1.01553900e+00
  -1.36045907e+00
  -3.45716983e-01
   8.02178247e-01
   3.97211713e-01
   6.95739558e-01
   1.40078432e-01
  -1.80479998e-01
  -4.86354545e-01
  -1.71833273e-01
  -1.18721859e+00
   1.96238982e+00
   2.51744778e-01
  -7.30642929e-01
  -8.42925261e-01
   7.95189624e-01
  -1.05917711e+00
   1.22722699e+00
   1.51856372e+00
  -5.60311573e-01
  -1.14817336e+00
  -4.50978841e-01
   1.38825447e-01
   2.20782151e-01
  -1.61507919e-01
   1.17098901e+00
  -1.10817989e+00
  -7.32331827e-02
  -9.65931720e-01
  -2.92131307e-01
  -1.30044566e-01
   1.81223162e+00
  -9.94984539e-01
  -6.04957528e-02
   1.36326159e+00
  -1.33496907e+00
   5.88668612e-01
   1.29283310e+00
   2.09886288e-01
   1.06978571e-01
  -1.47522852e-01
   2.70452740e-01
  -1.74629208e+00
  -4.85505257e-01
  -1.34538565e+00
  -2.63923546e-01
   6.52187038e-02
  -1.54400279e+00
  -2.02295018e+00
  -6.12539942e-01
  -1.84843550e+00
   3.37813906e-01
  -2.44874186e-01
  -5.23093381e-02
   6.53135411e-01
   1.18021857e+00
   7.96369655e-01
   1.00221574e+00
   1.97357358e+00
   6.52133443e-02
  -2.84699341e-01
  -2.72110257e-01
   5.77668437e-01
   1.50673401e-01
   1.00121587e+00
   7.62500671e-01
   1.59811509e+00
   6.14240152e-01
   1.20777546e+00
   2.77134356e-01
   1.75187739e+00
  -8.79402813e-01
  -1.64814281e+00
  -1.54511691e+00
   8.25587128e-01
   8.44356126e-01
  -5.27167978e-01
   1.37386833e-01
   2.26640289e+00
   6.01832208e-01
  -7.65075310e-02
  -2.52953059e-01
   1.60634742e+00
   5.10943135e-01
  -5.71492898e-01
   7.59048521e-03
   1.68704883e+00
  -1.64275198e-01
   2.90812999e-01
   4.85909626e-01
   2.11930631e-01
  -4.15856451e-01
  -3.59507060e-01
  -9.44739437e-01
  -2.68154104e-01
  -2.02030893e-01
   6.06266907e-01
   2.21269114e+00
   1.40741607e+00
   2.18735853e-01
   5.29208956e-01
  -8.87308518e-01
   3.87978081e-01
  -1.24501734e+00
  -1.08872169e+00
   2.89180936e-01
   2.92408162e-01
   2.80045112e-02
  -2.09070481e+00
  -1.76192586e+00
  -2.55909305e-01
   1.55550330e-01
  -1.54470119e+00
   1.18794038e+00
   1.21809065e-03
   1.62804785e+00
  -8.74276877e-01
  -4.77697882e-01
   2.97067381e-01
   1.50078350e-01
  -2.49839864e+00
  -1.00424092e+00
  -3.96156632e-01
   1.24236483e+00
   2.57701984e-01
  -1.06674281e+00
   1.38390462e+00
   9.06775109e-01
   9.59894699e-01
  -9.51523433e-02
   4.16081257e-01
  -4.33350876e-02
   7.40416683e-01
   9.51707531e-02
  -2.38053824e-01
  -2.88129939e-01
   1.57072396e+00
   1.15878040e+00
  -6.77792294e-01
   1.16172145e+00
  -6.31807274e-01
   1.98017947e-02
   4.14154343e-01
   1.03245778e+00
   1.29368041e+00
   1.45819166e+00
  -2.36565338e-01
  -1.50655749e-01
   1.48353104e+00
   1.27560532e+00
  -5.81676113e-01
  -2.50977316e+00
  -4.42484088e-01
  -7.07460723e-01
  -2.55563404e-01
   9.93685820e-01
  -8.21245176e-02
   4.72528400e-01
  -1.35354229e-01
   9.14112526e-01
  -9.72042232e-01
   1.94343862e+00
  -4.35037284e-01
  -7.82992113e-01
  -1.80364956e+00
  -1.74367662e+00
   2.81517394e-01
  -6.89403793e-02
   1.58736634e+00
  -3.26619053e-01
  -1.19582324e-01
   3.95462163e-01
   1.01528548e+00
  -1.99540864e+00
  -7.71582586e-01
   1.15500746e+00
  -2.11298226e+00
  -2.01131921e+00
   1.75052800e-01
  -1.33691738e+00
   5.79869968e-01
   2.60010485e-01
   6.70112390e-01
   9.46069584e-01
  -2.22161162e+00
   1.72754824e+00
   2.43757939e+00
  -1.29575588e+00
   1.75492954e-02
   1.55931479e+00
   1.26413031e+00
   8.74838231e-01
   1.30942748e-02
  -1.35157084e+00
  -4.89851484e-01
  -8.59982481e-01
  -5.28206405e-01
  -1.18221764e+00
   5.29537736e-01
   2.21611399e-01
  -3.19490128e-01
  -5.88828551e-01
   9.68790061e-02
   6.75328573e-01
  -4.26033557e-01
  -1.08283510e-01
   1.33992434e+00
   2.19048298e-01
   8.32883468e-01
   7.29431730e-01
   1.22402100e+00
  -1.66224577e+00
  -3.87911098e-01
   3.27436146e-01
  -2.75589918e+00
   1.34363078e+00
   4.99768933e-01
  -7.88976156e-01
   5.02401529e-01
  -1.52399446e-02
  -9.62529740e-01
  -9.52731829e-01
  -1.21413415e-01
   1.31111294e+00
  -1.54683412e+00
  -1.51434549e-01
   6.48034805e-01
   1.01939799e+00
  -9.49264110e-01
   1.21174796e+00
   2.17789510e-01
   2.08869151e-02
  -4.40871127e-02
  -1.61744443e+00
   1.32551489e+00
  -7.71451796e-01
  -9.34348761e-01
   9.46536387e-01
   3.05824817e-01
   4.58229410e-02
  -8.29323174e-02
   1.54728813e+00
  -3.49825830e-01
  -3.34535826e-01
  -8.33124231e-01
   7.52126262e-01
  -1.34098145e-02
  -2.34368646e-01
   1.60121211e+00
   3.38606502e-02
  -9.09186115e-02
   1.18511612e+00
  -3.85083576e-01
  -6.57521456e-01
  -9.76988282e-01
   9.84553391e-01
  -1.14084423e+00
  -9.15919212e-01
  -1.85358406e+00
  -2.12821661e+00
  -4.33737071e-01
   3.67189432e-01
   1.04992605e+00
   2.11559444e+00
  -2.53964020e-02
  -1.71886823e+00
  -1.97658792e+00
  -1.52854985e+00
  -5.12024764e-01
   1.24881861e+00
  -9.23627550e-01
   7.14111217e-01
  -1.38548841e-01
   2.70373973e-01
  -2.28150186e-01
   8.21505224e-01
  -1.92366480e+00
  -1.82580331e-01
  -1.72351411e+00
   5.97565419e-01
  -2.93368089e-01
   1.71042365e-01
  -1.46295967e-01
   1.12891874e+00
   7.50718436e-01
  -1.34419023e+00
  -2.52512419e-01
   3.04316727e-01
  -8.41052756e-01
   5.76694624e-01
  -3.81168848e-02
  -1.62236504e+00
   2.80680621e-02
   1.48667966e-01
   2.00093879e-01
   6.62782875e-02
  -8.18732885e-01
   6.92741248e-01
   2.52276193e-01
   5.17231601e-01
  -5.04772089e-01
  -7.14530111e-01
   4.48195239e-01
   1.81168796e+00
  -7.20836671e-01
  -2.06435517e-01
  -1.08998354e+00
   2.07885161e+00
   1.24764721e+00
   6.13134764e-01
  -3.72148905e-01
   1.19658370e+00
   1.19940804e+00
  -2.07981905e+00
   5.14725491e-01
  -1.34926752e+00
   8.95975978e-02
   1.60395468e+00
   1.39921586e+00
   4.03189496e-02
   1.14064337e+00
  -3.15453168e-01
   7.02204363e-03
   1.03353575e+00
  -9.54757367e-01
   1.31852015e+00
   5.74911661e-01
  -5.00591779e-01
   1.50118758e+00
  -8.91936251e-02
   6.42648452e-01
   4.59928823e-01
   2.17910584e+00
   1.40749138e-02
   6.81932527e-01
  -2.73885981e-01
  -3.64386725e-01
  -1.09300377e+00
  -1.04510170e+00
   5.54521537e-01
   1.42338741e+00
  -8.19258478e-01
   1.05270978e+00
   6.28696753e-02
  -1.07904335e-01
  -2.91000629e-01
  -5.97736131e-01
  -2.18796891e-01
  -1.07590460e+00
   1.45266062e+00
  -1.10258143e+00
   6.50605004e-01
  -1.34709261e+00
  -9.88355213e-01
   1.50003661e-01
   5.53495830e-01
  -6.57586989e-01
   1.45010639e+00
  -1.74331257e+00
  -5.20783955e-01
   1.02740136e+00
   6.07181993e-01
  -4.50322613e-01
  -1.53617237e+00
   1.26811177e+00
   1.22474635e+00
  -1.55763908e-01
   1.75720894e+00
  -3.75349520e-01
   2.56430898e-01
   6.18941652e-01
   9.55925270e-01
  -1.22959110e+00
  -5.82912972e-02
  -1.54837395e-01
  -4.57430984e-01
  -1.10127214e-01
  -1.03629636e+00
  -1.16092777e+00
   9.56621453e-01
   4.57436087e-01
  -2.31229741e-01
  -4.85594165e-01
   1.31105747e-01
   1.07467616e+00
  -4.13894805e-01
   7.47372446e-01
  -8.00387797e-01
  -1.48869531e+00
   1.53851891e+00
  -2.86050833e-01
  -5.79417299e-01
  -1.18656885e-01
  -7.86432874e-01
   1.08551194e+00
  -9.98913565e-01
   1.62893089e+00
   1.31992895e+00
   2.09468103e+00
   1.32073149e-01
  -1.06427837e-01
   1.88915253e+00
  -1.45389381e+00
   3.78455649e-01
  -1.49597692e+00
   1.77175949e+00
   1.90599286e-02
   1.38023866e-01
   1.64834975e+00
  -3.04960407e-01
  -2.34631495e-01
   4.92931505e-01
   8.91335750e-01
  -8.63841997e-01
   1.16024621e+00
  -3.61143353e-01
  -1.41302009e+00
   1.33882101e+00
  -1.47572529e+00
   1.02370963e-01
  -5.49925335e-01
  -2.87224418e-01
   1.68916372e-02
  -2.44183125e+00
  -1.01954695e+00
  -4.04157685e-01
  -4.63596952e-01
   9.57985072e-01
  -4.54963114e-01
  -1.37389509e+00
  -1.13466344e+00
  -3.60767624e-01
   1.31208463e+00
   5.89560308e-01
  -1.58233518e+00
   8.42845887e-01
  -1.78546874e+00
  -3.96614121e-01
  -1.34302445e+00
   2.42115677e-01
   1.15125129e+00
   6.90993520e-03
   1.02509153e+00
   2.65907814e-01
   1.13233925e+00
  -1.46526451e+00
  -1.36827636e+00
  -9.56169397e-01
   3.27808287e-02
   1.98804014e-01
   1.23718060e-01
  -3.01443071e-01
  -3.03710279e-01
   6.16167921e-01
  -2.11300224e-01
  -9.13719066e-01
   7.75395697e-02
   2.16257207e-01
   6.60261788e-01
   1.14350929e-02
   7.67762595e-02
   1.75505710e+00
  -1.69084216e-01
  -1.63588846e+00
   2.81160326e-01
  -7.36604581e-01
  -8.90562181e-01
   2.90487803e-01
   1.54123378e+00
   1.36527995e+00
   1.60954819e-01
  -1.74099343e-01
   2.06057240e-01
   1.17836841e-01
  -1.31335891e+00
  -7.24269731e-01
  -1.83080232e+00
  -1.37893484e+00
   1.45975763e-01
   1.69481583e+00
  -8.41695506e-01
   9.04173088e-01
   1.49388821e+00
   1.42866813e-01
   4.30501713e-01
   4.68477313e-01
   1.61141788e+00
   5.66261463e-01
   7.55696291e-01
   2.17204830e+00
  -4.60347303e-01
   4.28159348e-01
  -1.14727341e+00
  -2.60090525e-01
   4.25765869e-01
  -1.09422941e+00
  -9.18956165e-01
   4.58943200e-01
  -6.81896481e-01
  -8.21311208e-01
  -9.25996073e-01
   2.20145861e-01
   5.69670522e-01
   5.21919916e-01
  -4.09008047e-01
  -8.17720706e-01
  -9.47584159e-01
   1.16202220e+00
   2.89106118e-01
   3.94321584e-01
  -2.43072922e+00
  -1.03876293e+00
   2.39979063e-01
   1.33877681e+00
   2.31280832e-01
   1.91734987e-01
   5.47928964e-01
   2.22915268e-01
   2.73677800e-02
   9.74386876e-01
   4.55617543e-01
  -5.51417093e-01
  -1.53322309e+00
  -1.21095802e+00
   5.76054684e-01
   6.90004286e-01
  -1.81550402e+00
  -1.50865742e+00
  -3.85537875e-01
  -4.66940628e-01
  -1.54002178e+00
  -6.78146726e-01
   5.69237892e-01
   4.05459813e-02
   5.95954087e-01
   2.18464858e+00
   4.21275247e-01
   8.59459947e-02
  -1.01246852e+00
   6.04256805e-01
   3.21229717e-01
   1.20442854e+00
   1.27568690e-01
  -1.20447150e+00
   1.67420606e-01
   5.36884986e-01
  -4.28717796e-01
   2.14468246e+00
   8.86707787e-01
  -1.12100918e+00
   7.28775583e-02
  -2.29825808e-01
   1.34181172e+00
  -7.73141701e-01
  -3.32086743e-01
   1.10688311e+00
   1.29357102e+00
   3.64988190e-01
  -2.35784814e+00
  -1.81985429e-01
   2.44911256e+00
   4.45982053e-01
  -5.19134470e-02
  -7.99236805e-01
   2.21092732e+00
   1.17402261e+00
   3.44306420e-01
  -7.05995501e-01
  -8.02591597e-01
   1.41628785e-01
   1.31291057e+00
  -1.12744276e-02
  -1.97129376e+00
   1.48633435e+00
  -1.54372197e+00
   7.73370248e-01
  -1.12478640e+00
   4.28864673e-01
  -1.83367356e-01
  -1.39680387e+00
  -4.14381457e-01
   1.75199812e-01
  -1.25038351e-01
   2.90447871e-01
  -7.21970341e-01
   1.60169218e+00
   1.75898118e-01
   1.06523824e+00
   2.88201302e-01
   1.94413462e+00
  -7.73900272e-01
   4.30775238e-01
  -5.78591886e-01
  -2.44979199e-02
  -1.69150908e+00
   6.55332938e-01
  -3.05625728e-01
   5.71626954e-01
  -2.16468592e-01
  -5.83704678e-01
   2.35168276e+00
   1.78523533e+00
  -2.27881170e-01
   1.16368535e+00
  -1.79011400e+00
  -5.50005952e-01
  -9.30464643e-01
  -4.43216417e-01
  -2.78769067e-01
  -8.67021624e-01
   4.56263223e-01
  -5.50909268e-01
  -2.64731842e-01
  -1.12074257e+00
  -1.23932657e+00
   3.15316091e-01
   3.27046309e-01
   8.31809453e-01
  -6.78006888e-01
  -1.17843703e+00
   9.68967070e-01
   8.04989375e-02
  -1.38168202e+00
   1.59207078e+00
  -1.01742759e+00
   6.04536190e-01
  -5.95936549e-01
   2.35435648e-01
   8.11894337e-01
   1.77920285e+00
  -1.26555869e+00
   9.97333270e-01
   2.17430981e-01
  -1.15638670e-01
  -6.05396676e-02
  -7.20922306e-02
   1.14813697e+00
   1.24555342e-01
   9.84868215e-01
   8.13939413e-01
  -4.73900278e-03
   1.11437641e+00
   4.30979173e-01
  -7.78050258e-01
  -6.03186689e-01
  -2.00251430e+00
  -7.23617036e-01
   6.43459567e-01
   7.27796273e-01
   8.67066678e-01
   1.70376655e+00
   9.83211372e-01
   4.85714094e-01
  -7.47491842e-01
  -1.12337775e+00
  -1.58716688e+00
  -6.51818563e-01
   5.79013730e-01
  -5.57305678e-01
  -3.71726291e-01
  -7.43452419e-01
   2.25046610e-01
  -6.11882163e-01
  -1.27151413e-01
   1.40838231e-01
   1.28034669e+00
  -5.61348213e-01
  -1.02049851e+00
  -2.02485228e-01
   6.54293694e-01
  -3.18333808e-01
   6.10803322e-01
  -3.84416621e-01
   5.66993787e-01
   3.15424909e-01
  -7.14055688e-01
  -1.20685788e+00
   1.54666105e+00
  -7.07229361e-01
  -9.81138941e-01
  -8.89944587e-04
  -1.62315854e+00
   1.55675849e-01
   5.04241757e-01
   2.24831200e+00
   8.84418930e-02
  -6.51317673e-01
  -2.17449812e-01
   1.12783759e+00
  -2.25556522e-01
   5.94136049e-01
   7.33121777e-02
  -1.17549348e-01
   9.85839317e-01
   1.43076424e+00
  -1.22545309e+00
   1.05097155e+00
   1.06797434e+00
   3.24244600e-01
  -7.09229810e-01
   1.97212602e+00
  -8.05470630e-01
  -6.56091217e-01
   4.33471336e-01
   4.14970951e-01
   8.23955189e-01
   1.65084284e+00
  -6.18509738e-01
   8.31459242e-01
  -1.70161214e+00
  -3.59824386e-01
   1.75916897e+00
   1.71524337e+00
   6.08240603e-01
   1.68657817e-01
  -1.38335633e+00
  -2.58113976e-01
  -1.93968722e+00
  -5.57163275e-01
  -3.23107985e-01
   1.77240881e+00
   1.62200620e+00
  -8.25448551e-01
   1.88814613e-01
   1.35272358e+00
   3.85420556e-01
  -9.92086208e-01
   1.89963716e-01
  -2.14912580e-01
   1.54667681e-01
  -1.66551535e+00
  -2.38625851e+00
   9.59796381e-01
  -1.26895103e+00
  -7.36843701e-01
  -6.04763212e-01
  -4.44856732e-01
  -1.77881150e+00
  -7.79198386e-02
   1.13077961e+00
   8.08793355e-01
   8.22950784e-01
  -8.19714421e-01
  -1.94827119e+00
   2.84202278e-01
  -9.80694089e-01
  -6.46329578e-01
   8.45475341e-01
  -6.70556185e-01
   3.25369952e-01
  -7.94640846e-01
  -8.59728648e-01
  -4.62518645e-01
   4.70438068e-01
  -3.66097775e-01
  -1.23551067e+00
   1.89363159e+00
  -3.29129369e-01
   8.16197599e-01
   5.23159914e-01
   7.97217047e-01
  -1.73394564e+00
  -4.70281277e-01
  -8.82628777e-01
   5.89859627e-01
   1.33286362e-01
  -1.32883603e+00
  -1.62222250e-01
  -1.08845693e+00
  -1.40483930e-01
   3.87807862e-01
   7.91040390e-01
  -6.15263350e-01
  -1.64675498e+00
   1.12335461e-01
   6.54972316e-01
  -8.60438238e-01
   1.04520020e+00
   4.70488117e-01
   4.92935525e-01
   3.31741919e-01
   1.38482736e+00
  -3.61040756e-01
  -6.55890837e-02
  -7.56094133e-01
   2.00100775e+00
   9.45899808e-02
   6.47033585e-01
   7.96582020e-01
  -1.87363347e-01
   7.75933360e-01
  -9.85823371e-01
  -2.03053078e+00
   1.57197335e-01
  -2.66571058e-01
  -7.11111980e-01
   9.95885438e-01
   2.05318012e+00
   6.15516602e-01
   5.02250676e-01
  -6.48858228e-01
  -2.05600083e+00
  -4.78764524e-01
  -6.94797794e-01
  -1.76288619e+00
   4.12404961e-01
   8.17813798e-01
  -1.50512213e+00
  -6.13102063e-01
   1.66200652e+00
  -1.16351409e-01
   9.39680339e-01
  -1.53995416e+00
   1.14484706e+00
   7.63985114e-01
   2.53629182e-02
  -1.69984301e+00
   1.04471981e+00
   7.14884277e-01
  -4.26501376e-01
   2.00727384e-01
   1.05648968e+00
  -1.86147018e+00
   2.81770147e-01
  -6.95584134e-01
   1.31123009e+00
   1.00046883e+00
   5.03036451e-01
  -1.79990322e+00
  -1.44525059e+00
  -8.01305504e-01
  -9.13772867e-01
  -7.37140314e-01
  -6.69170814e-01
  -3.82919235e-01
  -7.66305562e-01
   3.67069428e-01
   3.59126201e-01
  -6.98873376e-01
  -9.00349566e-01
   6.65502063e-01
  -4.34783372e-01
  -6.43445946e-01
  -2.24597070e-01
   1.85717371e+00
  -3.34134146e-01
   8.12999744e-01
  -4.63365370e-01
   5.59047448e-01
   6.13800408e-01
  -3.67760547e-01
  -5.43922683e-01
   2.28927460e-01
   2.08777371e+00
   7.84969320e-01
   2.26678522e-02
  -3.83536010e-01
   1.02582144e+00
  -3.39822416e-03
  -9.58664065e-01
   4.44397259e-02
  -3.15031986e-01
  -5.92738872e-01
  -1.45100422e+00
  -7.21850911e-01
  -7.37004147e-01
  -8.33406964e-01
  -2.62338207e-01
   1.08742919e+00
   2.08210913e-01
  -1.72479426e+00
  -1.41844965e+00
   2.38350814e-01
  -5.33523093e-01
  -3.44899053e-01
  -1.03805701e+00
  -1.54847347e+00
   6.71578739e-01
   4.96648736e-02
   5.92704525e-01
  -7.80080977e-02
  -5.22292427e-01
  -1.04461186e+00
   2.62758135e-01
  -4.64190479e-01
   4.87909508e-01
  -7.63637143e-01
  -3.55561605e-01
  -9.54896241e-01
  -1.54166220e-01
   8.63042702e-02
  -1.56614035e-01
   4.26249990e-01
  -9.91442586e-02
  -1.27323316e+00
   6.47968559e-01
   3.55148368e-01
  -1.38076050e+00
  -1.21747481e+00
   3.04605913e-02
  -1.28196864e-01
   4.05464453e-01
  -1.15717520e+00
   1.17731119e+00
   7.93042072e-01
  -1.68596867e+00
  -5.96634060e-01
  -9.43177157e-01
  -1.62859367e+00
  -1.11466462e+00
  -5.93229469e-01
  -7.01476933e-01
  -1.92893717e-01
  -4.63483366e-01
   1.10814648e+00
   8.14766704e-02
  -2.08808685e+00
  -2.58272865e+00
  -1.20882572e+00
  -4.29463971e-01
  -6.28546439e-01
   1.06452085e+00
  -1.51713647e+00
   1.25186644e+00
   1.14958908e-02
  -2.70430702e-01
   6.89395376e-01
  -1.52666504e+00
  -7.38787734e-01
  -6.35653878e-01
   1.10149528e+00
  -2.89205710e-01
  -5.89016515e-01
   5.34617965e-01
  -1.26544875e+00
  -2.05473915e-02
  -1.17451172e-01
  -4.06531802e-01
   5.61865910e-01
   4.22795397e-01
   3.06011841e-01
   8.09040958e-01
   3.87521882e-02
  -5.95968879e-01
  -1.54941605e+00
   1.33210292e+00
  -6.97200477e-01
  -6.56448770e-02
  -8.73182706e-01
  -6.48209695e-01
   3.78867474e-01
  -2.94958070e+00
  -1.52311772e+00
  -2.58226509e+00
  -7.17597373e-01
   5.74672350e-01
   3.39031235e-01
   1.23751330e+00
  -1.11211753e+00
   8.36160777e-01
  -1.10201712e+00
   7.60485302e-01
  -1.67437213e+00
  -6.82095964e-02
   1.55972133e-02
   1.33104933e-01
   8.96986612e-01
   8.72626060e-01
  -5.11173397e-01
   1.32238053e+00
  -7.21821090e-01
   4.83909495e-01
   1.85929540e+00
  -4.70212248e-01
   1.09020660e+00
  -3.97608393e-01
  -2.72471563e-01
   7.36463458e-01
   1.04182151e+00
  -7.64221438e-01
   1.50390789e+00
   1.31277170e+00
   7.06630676e-01
  -3.32406012e-01
   7.54568302e-01
   2.47812055e+00
  -1.40205844e+00
   1.53368610e+00
  -4.25988176e-01
   2.76173336e+00
   7.42058605e-01
  -9.02285896e-01
   8.91055202e-01
  -1.14218105e-01
  -5.14969915e-01
   2.82114743e-01
  -1.61333621e+00
   6.55987700e-02
   5.16174616e-01
  -1.71390977e-01
   6.71092038e-01
  -2.38026991e+00
   3.34623965e-01
  -8.48368791e-01
  -3.24663509e-01
   9.37446767e-01
   3.83761438e-01
  -2.66149773e+00
   1.57101047e+00
  -2.43166695e-01
  -8.16490403e-01
   6.64561213e-01
   6.03988920e-01
  -4.34840116e-01
  -1.39041535e-01
   8.28329838e-01
   1.39566475e+00
   1.47087349e+00
  -1.01730480e+00
   1.43873201e+00
  -6.79598627e-02
  -8.93351873e-01
   2.08137726e+00
   1.23669893e+00
   1.13209362e+00
   8.42730819e-01
   2.10500837e+00
  -9.43964352e-01
  -7.94896446e-01
   4.46857779e-01
  -1.19466163e-01
   1.15407754e-01
  -2.79695328e-01
  -1.06934417e+00
   3.49335139e-01
  -4.31443121e-01
  -3.86079637e-02
  -1.00938847e+00
   7.25284602e-01
   3.62031168e-01
   6.39308938e-01
   6.64861180e-01
  -1.89824640e+00
  -1.19363220e+00
  -6.98372829e-01
   9.20717160e-01
   9.26177120e-01
  -3.91417584e-01
   1.29075289e-01
  -7.45555483e-01
  -6.00859811e-01
  -8.72719790e-01
  -2.09335269e-01
   1.66001262e+00
   1.70294012e+00
   1.80151286e+00
   8.29168793e-01
   3.83165220e-01
   1.25566938e+00
  -1.98774363e-01
  -9.59472164e-01
   1.34700075e+00
   1.25195530e+00
  -2.23702958e-01
   1.67730023e+00
  -9.24930470e-01
  -1.35253111e+00
  -8.46759592e-02
   1.05226457e+00
   8.61101876e-02
