   2.21239220e+00
   4.55619971e-02
  -1.51972734e+00
   1.69385712e+00
  -2.90703653e-01
   6.72162661e-01
   1.26514520e+00
  -1.72526172e+00
  -2.43688367e+00
   1.71076279e+00
  -1.23140520e+00
  -3.84340364e-01
  -6.41395914e-03
  -5.15157526e-01
   1.23376519e+00
   1.62250795e+00
  -8.12317087e-01
   3.73450226e-01
  -5.71612614e-01
  -2.39635003e-01
  -4.19455839e-01
  -7.13629679e-01
   4.02881241e-01
  -1.72485612e-01
  -5.11561009e-01
  -7.16648963e-02
  -1.99141612e+00
  -1.46910916e-02
   3.56869520e-01
  -1.99183826e-01
  -1.28437262e+00
   6.10036142e-01
   1.05243018e-01
  -7.93878805e-01
   3.14407357e+00
  -1.78443328e+00
   5.16158200e-01
  -6.72883366e-01
  -1.71363096e+00
  -5.47313286e-01
   9.19842390e-01
   1.03525793e+00
  -4.71568284e-01
  -6.67135331e-01
   4.53091606e-01
   8.16836154e-01
   7.56029669e-01
  -3.11551378e-01
   1.95335741e+00
  -3.72741270e-01
  -1.18787325e+00
  -6.02620697e-01
   2.02703203e-01
  -8.69707933e-01
   2.02952011e+00
  -3.09682783e-01
  -1.37266736e+00
   8.20603406e-02
   1.62986283e+00
  -8.28091450e-01
   4.76152566e-01
   4.38454581e-02
  -6.63227804e-01
   8.04286319e-01
   2.34890029e+00
   1.08666433e+00
  -2.88437290e-01
   1.48201372e+00
  -4.07151090e-01
  -7.36711806e-02
  -1.33404128e+00
   2.02458705e+00
   1.52215610e-01
   1.08170438e+00
  -4.63358007e-01
   9.11899666e-01
   2.79443458e+00
   2.12501303e+00
  -1.85381738e-01
  -9.99969695e-01
   5.01107220e-01
   9.47422650e-01
  -6.59558338e-01
   4.80762264e-01
  -5.93398224e-01
   7.92906309e-01
  -1.43967512e-01
   1.01986056e+00
  -2.37875844e-01
   1.33516350e+00
   6.15963184e-01
  -6.73346370e-01
  -1.57416909e-01
   5.92429816e-01
  -3.84468339e+00
  -2.64244695e-01
   1.50383177e-01
   9.37319169e-02
  -6.64557869e-01
   8.54103158e-01
  -1.48541086e+00
   1.64073371e+00
   4.10080404e-01
  -2.83315618e-01
   8.71596524e-01
   1.58788154e+00
  -1.49390406e+00
   1.07824570e+00
  -9.21538248e-01
  -3.85633081e-01
   1.37877014e+00
  -1.26372991e+00
   2.95551141e-01
   5.95470408e-01
   8.33175146e-02
   4.83018953e-01
  -7.79434043e-01
  -1.39212230e+00
   4.24659068e-01
  -8.34500631e-01
  -8.98077477e-02
  -3.86991036e-02
   1.14411809e+00
  -2.78089013e-01
  -4.41610385e-01
   2.45788253e+00
  -1.49034130e-01
   5.93959428e-02
   8.97548332e-01
   5.24605190e-01
   1.28201217e+00
  -1.33638148e-01
   2.92344774e-01
   7.64793767e-01
   1.19375411e+00
   1.15304148e-01
  -8.37617795e-01
  -6.16869287e-01
  -3.68379419e-01
   1.23242541e+00
  -2.97244469e-01
  -4.56096260e-01
   2.64853718e+00
  -5.05103163e-01
   1.09000517e+00
   4.90375025e-01
   8.10464923e-01
  -1.01561608e+00
   1.94118355e-01
  -9.16218814e-01
   3.01674020e-01
   1.37619656e-01
   9.63615501e-01
   2.09710816e-01
   3.75118284e-01
   1.96801593e-01
  -2.58584937e-01
  -4.22344294e-01
  -1.20422901e+00
  -3.01012837e-01
  -7.77127630e-02
  -6.14696358e-01
  -7.18100439e-02
   7.78683938e-01
  -3.39804935e-01
  -1.59439110e+00
  -8.48762485e-01
   3.16248373e-02
  -1.44709772e+00
  -5.42745234e-01
  -5.30501256e-01
  -9.87270404e-01
   6.54226986e-01
   1.09290254e+00
   1.06157953e+00
  -8.00036589e-01
   6.68205881e-01
  -5.77522401e-01
  -6.10550462e-01
   5.86326893e-01
   4.59698223e-01
  -1.92401132e-01
  -2.83509046e-01
   7.41627349e-01
  -9.47909705e-02
   1.15399940e+00
  -1.53039619e+00
  -5.12947866e-01
  -2.88349643e-01
   1.59410346e+00
  -1.68821174e+00
   1.67924615e-01
   1.98515395e-01
  -8.15822411e-01
  -7.54842380e-01
   9.15620728e-01
  -1.18166927e-01
  -1.11249630e-01
  -1.74727214e-01
   5.35035963e-01
  -5.20423398e-01
  -1.65549249e-01
  -1.19097565e+00
   6.44559428e-01
  -6.12526320e-01
   1.20104692e+00
  -2.63266629e-01
   2.35987048e+00
   5.59039329e-01
   6.08109706e-01
  -9.66137875e-01
  -2.29782400e+00
   1.28331084e-01
   4.85954245e-01
  -4.34667666e-01
  -7.08130630e-01
  -9.44149321e-01
   2.10956467e+00
  -9.77040364e-02
   3.11971664e-01
   1.32568351e+00
   4.76927569e-01
  -5.95473236e-01
  -1.45524558e+00
  -4.45335888e-01
   7.16041204e-01
   2.08724916e-01
   3.42405907e-01
  -5.85938604e-01
  -2.17216689e+00
  -1.58918974e+00
   5.25702065e-01
   7.21349386e-01
  -1.67707811e+00
  -2.67025050e-01
  -8.19644667e-01
   9.39597311e-02
  -5.87089196e-01
  -1.45518845e+00
   9.31236102e-02
   5.67682732e-01
  -7.38652344e-01
   2.94581057e-01
   1.45156680e+00
   7.70984508e-01
  -1.00415499e+00
   1.88864879e+00
   2.47660753e+00
   1.41599102e+00
   5.84768234e-01
  -7.73967946e-01
  -1.05212470e+00
  -1.29063972e+00
  -9.32788911e-01
  -7.71273565e-01
   1.16784029e+00
   1.09906453e+00
   2.31751334e+00
  -1.41789110e-01
   1.15828771e+00
  -1.80121789e+00
   1.59510207e-01
   1.14628970e+00
   1.15382281e-01
   7.36909620e-01
   9.30056308e-01
  -1.21960442e+00
   2.36692171e+00
   1.70752247e+00
  -3.37451322e-01
   3.24414524e-02
   2.10394644e-01
   1.49645083e+00
   3.45089198e-01
  -1.74388724e-01
  -2.63821818e-01
  -6.27290459e-02
  -5.57704822e-01
   5.01908055e-01
   2.07166734e-01
  -3.10594535e-01
   1.21016845e+00
  -4.06690812e-01
  -6.07754069e-01
  -2.51587814e-01
   9.62626057e-01
  -1.22128875e+00
   4.70739822e-01
   1.82658879e+00
   2.51531516e-01
  -2.58292269e-01
   1.83800638e+00
   3.51022452e-01
   5.26618673e-01
   7.03658286e-01
  -3.26804993e-01
  -2.82217754e-01
  -1.06168475e+00
   9.62724672e-01
   2.54120523e+00
   5.85492141e-01
  -1.06485576e+00
   1.36194483e+00
   6.64319250e-01
  -1.05877301e+00
   8.85518549e-01
  -1.37755188e+00
   1.29919873e+00
  -2.95425365e-02
  -4.22214196e-01
   4.92396896e-01
  -7.48174494e-01
   1.01385902e+00
  -2.23421354e+00
  -1.15568553e+00
   1.71957368e-01
   2.19638847e+00
   1.78821207e+00
  -5.43331473e-01
   8.91326596e-02
   6.63458805e-01
   8.57030596e-01
   3.25664939e-01
   7.78342557e-01
   9.47160123e-01
   2.16886610e-01
  -7.30969813e-01
  -1.60396362e+00
   1.02793005e+00
  -2.93937661e-01
   1.30486405e+00
   2.11573181e-01
  -1.02106550e+00
  -1.19263945e-01
   1.00644498e-01
   1.12744897e+00
   8.17412715e-01
  -5.13067395e-02
   2.05696430e+00
  -6.16743206e-01
   9.86614102e-01
  -1.40544846e+00
   6.31063503e-01
   6.35239175e-02
   1.13877795e+00
  -8.31438482e-01
  -1.73212213e+00
   1.32901862e+00
   8.99537785e-01
  -7.64111756e-01
  -2.93574804e-01
   1.37445439e-01
  -6.56413489e-01
  -6.34140147e-01
   9.10609856e-01
   1.27103771e+00
   4.88993703e-01
  -3.52571111e-01
   8.12713682e-01
  -1.14224422e+00
  -2.18991600e-01
   7.62418535e-01
  -7.65688748e-01
  -1.80653365e-01
  -1.73123911e-01
   3.98762881e-01
   1.66188179e+00
  -1.10298352e-01
  -8.21140383e-02
   1.13278972e+00
   1.97975211e-01
   2.06977761e-01
   7.26260550e-01
   9.53202713e-01
   5.04646412e-01
  -2.88703069e-02
   7.18676070e-01
   1.10888098e+00
   8.79674410e-01
   7.50124442e-01
  -1.24721209e+00
  -4.35358354e-01
  -4.10621864e-01
  -1.59045548e+00
   1.39498395e+00
   1.60940521e-02
   1.34331164e+00
   1.31725899e+00
  -7.55122044e-02
   8.06176788e-02
   1.22709918e-01
  -2.04038490e-01
  -3.73251706e-01
  -7.53961681e-02
  -1.33555117e-01
  -8.07576304e-01
  -7.14790202e-01
  -1.28417295e+00
   8.49891917e-01
  -7.98126579e-01
  -7.25343806e-01
   1.45990479e-01
  -1.49222036e+00
  -3.13176018e-01
  -5.83131748e-01
   1.02255981e+00
  -2.71390826e-01
   1.31293945e-01
  -2.90454511e-01
   2.80916889e-02
   2.08029196e-01
   7.55657641e-01
   6.76374847e-01
   1.12675373e+00
   1.04457039e+00
  -7.04479356e-01
   1.86073349e-01
   1.90619831e+00
  -3.88408328e-01
   5.25229586e-01
  -5.59183273e-01
   8.29955148e-01
  -2.43625401e-01
   2.09505504e+00
  -3.44370643e-01
  -5.02831172e-01
  -2.04209215e+00
   5.48398857e-01
   4.48540645e-01
  -1.75118666e-01
  -1.35592124e-01
   5.58065413e-01
  -1.73444766e-01
   1.89565160e+00
  -4.21466260e-02
  -1.53947744e-02
  -5.45927600e-01
  -3.33877580e-01
  -1.85713792e-01
   2.67983897e-01
   1.13438949e+00
   2.92663690e+00
  -4.70859113e-01
  -7.88680391e-01
   5.48925477e-01
  -3.38738365e-01
   7.02942195e-01
  -1.89900373e+00
  -1.75242293e+00
   1.19081113e+00
   7.88745333e-01
   1.60200365e+00
   9.89262165e-02
  -1.13446004e-02
   8.56881064e-01
   1.58796227e+00
   8.71280691e-01
  -1.59011937e-01
   6.36178342e-02
  -1.89622876e+00
   1.70562670e+00
  -3.00112651e-01
   3.05087429e-01
   5.39301239e-01
  -1.77654213e-01
   6.96196224e-01
   4.52052739e-01
   8.94541348e-01
  -6.30340609e-01
   4.04008071e-01
  -4.71116799e-01
   7.77631999e-02
  -1.60181100e+00
  -1.61995641e+00
   4.88040864e-01
  -3.73882092e-01
   8.67850662e-02
  -1.09750989e+00
  -1.80501236e+00
  -1.13527291e+00
  -8.36150384e-01
   1.15719711e-01
  -1.10378348e-01
  -1.52005695e+00
   1.82549939e+00
  -1.10617829e+00
  -5.07534607e-01
   1.96975209e+00
  -4.74061591e-01
   5.59466557e-01
   7.98264473e-01
  -3.20394355e-02
   1.81447251e-01
  -4.79550778e-01
  -7.52041307e-01
   1.17683427e+00
  -2.75410531e-01
   7.48232669e-02
   4.29632873e-01
   1.34889746e+00
   4.76752931e-01
  -2.37162905e+00
  -1.46042003e+00
   2.33782463e-01
   3.61062603e-01
   2.57012100e-01
   8.09024319e-01
  -5.44162573e-01
   2.48702264e-02
   2.75313880e-01
  -4.26234134e-01
  -3.55118607e-01
   1.19117705e-01
   4.19045717e-01
  -1.16264041e+00
  -9.32429239e-01
   1.68071786e-01
   1.29394343e+00
  -8.36663579e-01
   3.65143837e-01
   8.66777456e-01
  -1.26239502e+00
   7.28739597e-01
  -1.31376685e+00
  -5.27898642e-01
  -1.79907069e+00
   1.15854668e+00
   5.38061904e-01
   2.89265688e-01
   8.31827671e-01
  -2.66084124e-01
  -2.12153593e-01
   5.67164376e-01
  -1.20513294e+00
   8.08009981e-01
   3.11113453e-02
   2.19434226e+00
   1.94699930e-01
   1.57657696e-01
   9.93640038e-01
  -7.73152146e-01
   1.00720376e+00
   1.73591114e+00
  -1.41910524e+00
   1.07593083e+00
   2.66754676e-01
   4.84138736e-01
  -1.29445683e+00
   5.54750538e-01
  -6.04910352e-01
   2.76819102e-01
  -2.81188719e-01
  -8.06201400e-01
   6.92315801e-01
   3.55679995e-01
   2.73707518e-01
   6.06950503e-01
  -6.55877148e-01
   1.98274327e+00
  -1.01701764e+00
  -1.89272395e+00
  -1.59676866e+00
  -1.20889214e+00
  -1.04024085e+00
  -1.98885658e+00
  -8.62955341e-01
  -1.21452221e+00
  -7.75153731e-01
   5.58753436e-01
   1.43578808e+00
   2.06175286e-01
   4.45271752e-01
   5.74949159e-01
  -1.00892516e-01
  -1.34353398e+00
   1.44100502e+00
  -4.70352379e-01
   5.42140620e-01
   1.08034172e+00
  -4.69364815e-01
   2.06642675e-01
  -3.09360915e-01
   1.22536684e+00
  -1.05136618e+00
   1.52365594e+00
   2.51360428e+00
   9.03242219e-01
  -3.99452224e-01
  -4.23321024e-01
   4.67961083e-01
  -2.74754788e+00
  -1.04884685e+00
   9.24885631e-01
  -1.42841240e+00
  -1.25942966e+00
  -1.74632009e+00
  -6.78873204e-01
  -5.76399015e-01
   1.84605287e+00
  -3.96728423e-02
  -1.61943108e-02
   1.42405430e+00
  -8.69855354e-01
  -4.23765240e-01
   1.41504562e-01
  -8.39461157e-01
  -2.40541406e+00
   1.38002425e+00
  -2.75566045e+00
   9.24527958e-01
  -1.68273864e+00
   1.60898635e-01
   9.79314823e-01
   8.34569040e-03
  -8.61473008e-02
  -3.24261667e-01
   8.54224699e-01
  -6.06857328e-02
   1.04608397e+00
   2.53987587e-01
   1.10336603e+00
   1.38181949e+00
   1.82609739e+00
  -2.19871930e-01
   2.74830449e-01
   9.26196464e-01
  -2.15929353e-02
  -7.32946175e-01
  -2.19932732e+00
  -1.15912414e+00
  -2.33373303e+00
  -7.78496774e-01
   7.18867541e-01
   1.07996878e+00
   1.36329938e-02
  -4.63072815e-01
  -3.80832102e-01
  -4.77142783e-01
   1.39535500e-01
   1.56599381e+00
   1.26301867e+00
  -1.18348037e+00
   1.37696092e+00
  -7.53587933e-01
   8.55838903e-03
  -2.19171585e+00
   5.01800358e-01
   3.62194384e-01
  -9.21329024e-01
   1.31749835e+00
   4.29492201e-01
  -4.55638617e-01
   4.67915692e-01
  -9.83763716e-01
   1.25074687e+00
   2.20511008e-01
  -9.82140783e-01
   1.52166925e+00
  -2.48021501e+00
   8.80943450e-01
   1.12450869e+00
   1.58623419e-01
   1.64502103e-01
   2.48884675e+00
   3.32828204e-01
   1.41289980e+00
   3.32124306e-01
   1.09427331e-01
  -4.31663185e-01
  -8.74057493e-02
   6.38934587e-01
  -7.81753068e-01
  -2.19284726e-01
  -2.07691943e-01
   1.79734162e-01
   1.37200067e+00
  -1.20268657e+00
  -1.44481696e+00
  -1.91254225e+00
   9.34031187e-01
   1.08678779e+00
   9.35174622e-01
   1.27264549e+00
  -7.33823693e-01
   4.84000110e-01
  -7.48616173e-01
  -9.76931143e-01
   8.97010857e-01
   3.20366658e-02
   1.46722886e-01
   4.67500881e-01
   9.82470783e-01
  -6.14908402e-01
  -2.91276443e+00
   1.76893776e-01
   8.35114125e-01
  -2.10097352e+00
   4.13143909e-01
  -2.66395913e-01
  -4.45673000e-01
  -6.42696281e-01
   2.52420899e-01
   2.63329694e-01
  -1.33367968e+00
   4.32904511e-01
  -3.73443560e-02
   4.17910512e-02
  -9.39534870e-01
   2.24141248e+00
  -4.49189163e-01
  -1.30255404e+00
  -6.46309696e-01
   2.10308481e-01
  -1.04291896e-01
  -1.92811596e-01
  -2.57893714e+00
  -2.03549105e+00
   2.68915739e-01
  -1.86239038e-01
  -3.62408424e-01
   8.73096306e-01
   5.08558215e-01
   1.44647761e+00
  -5.42152976e-01
  -6.54426672e-01
  -3.87838026e-01
   5.08745399e-01
   1.35712126e+00
  -3.47676237e-01
   8.31082706e-01
   6.70166512e-01
   4.50444750e-01
   9.12409633e-02
  -7.51630090e-01
   6.85928673e-01
   9.92866658e-01
  -7.91481168e-01
  -2.90399381e-01
  -1.05331515e-01
   1.17839687e+00
  -9.75653431e-01
   6.36725882e-01
  -1.14195694e-03
  -8.11003852e-01
  -4.33044052e-01
   2.27605304e+00
  -2.41341038e-01
   1.09635668e+00
  -1.52887665e+00
  -1.58399578e+00
   9.69364907e-01
  -1.44339058e-01
   5.77375322e-01
   1.32876799e+00
  -9.40014982e-01
  -1.06318898e+00
   3.90172247e-01
   2.74650538e-01
  -2.23690830e-02
   1.10925558e+00
  -2.12145478e-01
  -2.08969982e-01
   8.12578362e-01
  -1.45419853e+00
   1.63064174e+00
  -3.68568110e-02
  -3.21964908e-01
   1.78821403e+00
  -4.57928705e-01
  -6.48966511e-01
  -5.42678025e-01
   5.99996207e-01
  -5.51265451e-01
  -6.41255914e-01
  -1.38542019e+00
   7.34972368e-01
   1.73164588e+00
  -7.31105338e-01
   1.53549379e+00
  -4.17780995e-01
  -1.59550756e-01
  -8.27103143e-01
   2.04921518e-01
  -8.70404606e-01
   2.91108904e-01
   1.47947072e+00
  -3.12509935e-01
   1.40403224e-01
   1.03971168e+00
   1.63235387e+00
   1.22868222e+00
   4.59239409e-02
   7.85296157e-01
   3.84845208e-01
   1.16693441e-01
  -2.76376527e-01
   1.33915492e+00
   2.04387472e+00
   3.32874547e-01
   1.56004390e+00
  -5.87569050e-02
   1.06760096e-01
  -3.72374414e-01
  -8.57412121e-01
   2.08720415e+00
  -1.60280293e+00
  -6.98155455e-02
   2.07478094e+00
   4.27061432e-01
   3.32614867e-01
  -1.12045884e+00
   7.65429784e-02
   4.84109662e-01
  -3.39971216e-01
   1.65768318e+00
  -1.78373276e+00
   3.61480880e-01
   7.02897120e-01
   7.48510087e-01
  -4.57824735e-01
   3.97572684e-02
   1.46813013e-01
   1.74175012e+00
   4.16342541e-01
   5.01686190e-01
   5.18145257e-01
  -6.72494513e-01
   2.22912456e+00
  -2.12058211e-02
  -7.86173359e-01
   2.89926891e-01
  -1.58325595e+00
  -1.08940204e+00
  -1.30275293e+00
  -1.92600613e-01
  -9.72644436e-01
  -6.12072453e-01
   1.86700079e+00
  -9.86297549e-01
   1.35668243e+00
   1.37789093e+00
  -1.41427721e+00
  -3.58842704e-01
  -1.24006489e+00
   2.37527259e-02
   5.29914171e-01
   1.41467739e-01
  -4.93490579e-01
   9.40270183e-01
  -1.09007495e-01
  -6.70727938e-01
   3.11345606e-01
  -3.41156748e-01
   1.92422529e+00
   1.95208226e-01
  -8.78632421e-01
  -5.23043814e-01
   8.37396823e-01
  -9.82853296e-01
  -1.29300540e+00
   2.40104585e+00
   1.84930796e-01
  -3.20777880e-01
   5.70134715e-01
   7.19973847e-01
   8.00144608e-01
  -4.91590915e-01
  -1.36192595e-04
  -3.30829826e-01
   1.30185236e-01
  -1.37094827e+00
   2.40344208e-01
  -3.64372692e-02
   4.24104750e-01
   1.18082438e+00
   9.75029531e-01
   1.14313899e+00
   1.42032175e+00
   6.17199896e-01
  -2.67266344e+00
  -5.69180995e-02
  -8.49575656e-01
   4.09465272e-01
  -4.44739370e-01
   9.66258595e-01
  -3.26935176e-01
   1.70550617e-01
  -9.79820324e-02
  -1.13190855e+00
   8.65099757e-01
   4.97097858e-01
  -8.94967978e-02
  -3.24294067e-02
   9.58805936e-01
  -7.80705596e-01
  -4.89742727e-01
   7.22687813e-01
   2.88394972e-01
   6.86999388e-01
   1.14698123e+00
   3.21388561e-01
   4.87319213e-01
   1.21614014e+00
  -4.94209787e-02
  -1.81775291e-01
   1.14530808e+00
  -1.15686282e+00
   1.75847281e-01
  -1.71434147e-01
  -1.08283042e+00
   2.13392003e+00
   1.83974380e+00
   9.55674184e-01
   4.97903274e-01
   3.88331547e-01
   1.68392344e+00
  -1.14793055e+00
  -6.33510739e-01
   1.27827440e-02
   6.17692156e-01
   8.16698386e-02
  -6.12010492e-01
  -4.88661440e-02
  -1.49772512e+00
   4.76937844e-01
   1.87318490e+00
   1.47452563e+00
  -2.23190186e-01
  -1.34318974e+00
   3.62830713e-01
  -1.18110594e+00
  -7.27725806e-01
   1.27375884e+00
  -8.28502309e-01
   1.02023843e+00
  -2.30949306e-02
   5.64566141e-01
   6.58674603e-01
  -6.66493460e-01
   1.45641302e-01
  -8.71011184e-01
  -6.51064511e-01
   6.69428746e-02
  -5.29495865e-01
   1.42372014e+00
  -1.71329172e-01
  -2.48103479e-01
   5.03084519e-01
   2.31617668e-01
  -4.67778857e-01
   2.23600093e+00
   7.56910142e-02
   3.47583009e-03
  -1.68436843e-01
  -1.87293009e+00
  -3.95167642e-01
   3.06136271e-01
  -1.99633875e-01
  -2.77441135e-01
  -8.85900333e-01
   4.37029646e-01
  -6.00312924e-01
  -2.50198763e-01
   1.12980100e+00
   1.52536957e+00
   1.03836034e+00
  -7.90615943e-01
   1.12717012e+00
   2.52223846e-01
   8.70626803e-01
   5.64197957e-01
   1.25449800e+00
   2.41513538e-01
  -2.78359330e-01
   1.39776739e+00
   4.49422126e-01
  -1.03238192e+00
   9.20757185e-01
  -4.97328684e-01
  -2.43848415e-01
  -1.01027622e+00
   3.63488162e-01
   6.83682081e-01
  -1.82021166e+00
  -1.19221873e-01
   9.82829769e-01
   2.23662536e+00
   5.93399960e-01
   2.36913684e+00
   3.69218869e-01
   1.73542002e+00
   7.13940216e-01
   1.12219110e+00
  -4.70197960e-01
   1.69376250e+00
  -2.15246791e+00
   1.88058653e+00
   5.33745948e-01
   2.13799370e-01
   2.05538476e+00
  -5.80101955e-02
  -1.36139238e+00
  -1.55352795e+00
  -9.35949509e-01
   5.79795439e-01
  -8.29094703e-02
  -3.66087895e-01
  -4.23905629e-01
   2.13937164e-01
   1.64968817e-01
   8.66686834e-01
  -2.36136749e+00
  -1.56237607e+00
  -7.73412469e-01
   6.12886540e-01
   1.35032520e+00
   1.95626269e+00
  -6.06984484e-01
   8.56351554e-01
  -2.45854912e-01
   1.16927951e+00
  -2.06737146e-01
   8.69987465e-01
  -1.82017279e+00
   1.28285210e+00
  -3.57394824e-01
  -1.15541858e+00
   1.96650432e-02
   5.30114505e-01
   2.07790881e-01
  -1.44296668e+00
  -6.98428713e-01
  -3.89599336e-02
  -8.82507725e-01
  -7.62298281e-01
   5.83778494e-01
  -4.17616083e-01
   4.92814814e-01
   2.89504519e-01
  -6.39423379e-01
   6.31415687e-01
  -2.42848994e-01
  -1.11435124e+00
   1.39072473e-01
  -4.09879549e-01
  -8.99016605e-01
   3.78386499e-01
   6.21670845e-01
   2.35077876e-02
   1.91730783e+00
   1.72261679e+00
  -6.93743254e-01
   4.73650856e-01
   5.47232190e-01
  -1.27089172e+00
   1.49328359e+00
  -1.84491633e-01
  -1.67008740e+00
  -1.40607968e+00
  -3.96875297e-01
   1.65700924e-01
   9.19305997e-01
  -1.22209958e+00
   1.65641195e+00
   1.43226257e+00
   7.90132868e-01
  -2.04508886e+00
   8.12686292e-01
   7.90942403e-01
  -1.52685700e-01
   3.43867780e-01
   7.61320940e-01
  -2.11640850e+00
   1.52721774e+00
   5.56734935e-01
   6.51403979e-01
   7.55815424e-01
  -3.25922879e-01
  -3.22126229e-01
   6.19047486e-01
  -1.41901266e+00
   8.97635154e-02
  -1.50395834e+00
   7.59649965e-01
  -1.25466377e+00
  -1.82373945e-01
   9.57616497e-01
  -3.34629632e-02
  -4.74747330e-02
  -1.26382445e+00
  -1.54873420e+00
  -9.34425005e-01
   8.37772061e-01
  -8.95933464e-01
  -5.53816998e-01
   9.61805768e-01
  -6.15730418e-01
  -6.33330203e-01
  -1.50834382e-01
  -4.89903363e-01
   2.47579845e-01
   1.20288628e-01
  -1.20083403e+00
   1.15533396e+00
  -2.08221709e+00
  -3.29144614e-01
   3.56938314e-01
  -9.31284645e-01
  -2.74296353e-01
   7.78519927e-01
   3.73515332e-01
  -5.67594309e-01
   3.95733616e-01
  -1.43866721e+00
  -9.42572408e-01
  -7.08371546e-01
   1.59460220e-01
   2.22566895e-01
   2.27112468e-01
  -2.23490382e-01
   1.27229494e+00
   1.36268124e+00
   1.01932479e+00
  -1.12312506e+00
   7.71140763e-01
  -7.66314094e-01
  -2.76087342e+00
   1.54731670e-01
   4.10432579e-01
   1.16182153e+00
  -7.27659533e-02
   5.40093714e-01
   9.23924834e-01
   9.19449512e-02
   1.81336178e-02
   2.28720213e-01
  -1.22236334e-01
  -1.21272640e+00
   3.16610818e-01
   2.95419781e-01
  -4.05509801e-02
  -1.09667998e-01
  -2.09734061e+00
   1.05721605e+00
  -2.62334591e+00
   7.89492820e-01
  -1.00691264e+00
  -3.59058773e-01
   1.94473255e-02
  -9.86729225e-01
   2.69851962e-01
  -1.12362091e+00
  -6.56209559e-01
   8.05935361e-01
  -9.76853500e-02
  -9.19235432e-01
   5.15089484e-01
  -1.11161464e+00
  -3.44412703e-01
  -2.90519085e-01
  -9.76007538e-01
   2.71058353e+00
  -3.01218782e+00
   1.23277307e+00
  -1.47472779e+00
  -1.77034798e+00
   1.24129220e+00
  -5.52897320e-01
   2.10379145e+00
   7.24682218e-01
  -1.40344695e+00
   1.08533938e+00
   8.50141671e-01
   1.99650458e+00
   4.65266193e-01
   6.17723791e-01
  -1.74960468e-04
  -9.82790829e-01
   2.04421479e-01
   1.08175468e+00
  -1.19728031e+00
  -1.66050068e-01
   1.09315459e+00
  -4.21002807e-01
   9.53029928e-01
  -1.04928955e+00
  -5.47356113e-01
  -8.26879465e-01
  -7.79873966e-01
   3.32780680e-01
   4.59427219e-01
   2.79109996e-01
   1.10051630e+00
  -9.20417941e-01
  -6.73581778e-01
   4.10690230e-02
  -2.34878086e-01
  -8.47318590e-01
  -2.38829095e-03
   1.06332660e+00
  -2.11948648e+00
  -2.07099627e-01
  -1.65167531e+00
   1.33167246e-01
   3.50940171e-01
  -1.53016578e+00
  -1.94661385e+00
  -2.93548639e-01
  -3.75424175e-01
   9.01580163e-01
   1.55092230e+00
  -1.14580302e-01
   2.93224041e-01
   1.87875256e-01
  -4.68494802e-01
  -2.09298144e-01
  -6.05144258e-02
   3.71007076e-01
  -8.25633122e-01
  -6.68046937e-01
  -6.10765412e-01
   9.59730393e-01
  -8.91336744e-01
   1.94647445e+00
  -4.25309889e-01
  -1.08569086e+00
   3.00891360e-01
  -8.39014677e-01
   9.34513234e-03
  -1.87493973e+00
  -4.76095302e-02
  -1.23148123e+00
   9.31370353e-01
   9.63451852e-01
  -1.64180754e+00
   7.97909100e-01
   7.30178345e-01
   7.69461868e-01
   3.41931957e-01
  -8.50513368e-01
   2.43974263e+00
   6.06216968e-01
  -1.32610126e+00
   7.63241454e-01
   1.81836535e+00
  -1.04614693e-01
  -1.16480853e-01
   1.36071739e-01
  -1.42519548e+00
  -1.47288768e-01
  -1.55632671e-01
   4.91037236e-01
  -7.56168663e-01
   1.02958784e+00
   2.49082354e-01
  -7.52234090e-01
   1.89916794e-01
   5.15545285e-01
  -1.15645143e+00
   6.06707821e-01
  -1.48750882e+00
  -5.57856300e-02
   7.43028793e-01
   2.91775537e+00
   6.98290154e-01
  -1.58889996e-01
   1.49923028e-01
  -8.15011499e-01
  -1.32261033e+00
  -9.97647835e-01
  -2.30855950e+00
  -2.05225479e+00
  -2.69233027e-01
  -1.53103524e-01
   2.48759232e-01
   1.33034499e+00
  -1.59040857e+00
   5.68364734e-01
   2.78304928e-01
  -1.15781037e+00
  -4.49791012e-01
   1.19490910e+00
  -3.21255511e-01
  -1.01757778e+00
   3.42900634e-01
  -9.29310087e-01
   1.16453176e-01
  -9.84777017e-02
   2.01222393e-01
  -6.67028734e-01
   1.82368805e+00
   1.06561949e+00
   1.19510722e-02
  -4.53439484e-01
   1.85602959e+00
  -2.95917281e-01
   1.71269975e+00
   3.08637809e+00
  -1.94544382e+00
  -2.64782344e+00
  -2.07704716e-01
  -1.08895378e-01
   1.29832306e+00
  -1.76092406e+00
  -4.31817251e-01
   3.36729487e-01
   2.08676795e-02
   5.90530869e-01
   9.51052177e-02
  -2.16110295e-01
   5.54046403e-01
  -8.66591222e-01
   4.26017858e-01
   1.06398452e+00
  -1.56079041e-01
  -3.60155000e-01
   2.34516542e+00
   2.32471489e+00
  -1.41211079e+00
  -4.20453682e-01
   2.55287482e-01
   9.12688052e-02
  -1.39973452e+00
  -2.14799170e-01
  -1.56409341e+00
   1.50483255e-01
   6.36660107e-01
   7.45677307e-01
  -3.92502784e-01
   1.39242211e+00
   6.96715981e-01
  -1.08427427e+00
  -7.95944932e-01
  -6.48805834e-01
   2.70684439e+00
   1.28335394e+00
   9.81920358e-01
  -5.33487327e-01
   2.78356391e-01
  -1.33738800e+00
   2.77895764e-01
  -5.47114418e-01
   4.35241422e-01
   1.11246683e+00
  -2.89444870e-01
   4.54472371e-01
   4.30023479e-01
  -6.55323015e-01
  -1.40420092e+00
   8.71416720e-01
  -1.31054490e+00
   8.89264291e-01
   4.90639118e-01
  -1.53524754e+00
  -1.16513653e-01
  -7.03228641e-01
   8.41591113e-01
   9.84406733e-03
  -9.12988189e-01
   2.14288096e+00
   9.98325519e-01
   2.88140813e-01
  -1.65217942e-02
   7.11004476e-01
   9.65612694e-02
  -2.53233604e+00
  -8.26614781e-01
   5.36275284e-02
   5.06272190e-02
   1.25224134e+00
  -4.88761074e-01
   1.39376759e+00
  -1.22354530e+00
  -7.00725537e-02
  -1.36974283e-01
   2.69342592e+00
   2.66696740e+00
   2.62899727e-01
   6.90178982e-01
   1.80035687e-01
   6.17258098e-02
  -7.37500378e-01
   1.79293054e+00
   7.24991903e-01
   1.00829350e+00
   2.69506757e-01
  -3.72384378e-01
  -8.88190221e-01
  -6.66205733e-01
   4.42959683e-01
   1.80154102e+00
  -7.66348410e-01
   1.73916459e+00
  -9.05956042e-01
   8.79047411e-01
   4.46633387e-01
   1.04847731e+00
   3.64531251e-01
   7.46080455e-01
  -7.21605547e-01
   6.71092726e-01
  -6.44635982e-01
   9.46954648e-01
  -4.28819825e-01
   4.08715607e-01
   8.19155018e-01
  -2.24290007e+00
  -9.54392818e-01
   1.04581771e-01
   5.10505417e-01
   2.02766972e-01
   3.36338955e-01
  -6.40020732e-01
  -1.15354963e+00
   1.60952224e+00
   6.10012695e-01
  -1.19173405e+00
   3.46969867e-01
  -5.56137588e-03
  -1.48157559e+00
   1.58727353e+00
   1.50278624e+00
  -6.24202166e-01
   6.39533858e-01
  -1.33035934e-01
   1.52033257e+00
  -1.34029099e+00
  -1.27311354e+00
  -1.79806588e+00
   4.67973898e-01
  -1.36751261e+00
   4.00710886e-01
   5.52158102e-01
  -6.02415788e-01
  -6.49451967e-01
  -1.42459053e+00
   4.57939920e-01
  -7.52300093e-01
   3.38343375e-02
  -4.18072058e-01
   1.91063009e+00
  -1.45398334e+00
  -8.59467406e-01
   6.32572204e-02
   7.30059812e-01
   4.60537353e-01
  -5.00533837e-01
  -1.08661069e-01
   7.17646179e-01
   9.78175793e-01
   1.39119567e+00
   7.31722129e-01
  -6.97553129e-01
   2.67616319e-01
   1.25212445e+00
  -4.65555219e-01
   1.12203303e+00
   4.82716552e-01
   1.84453674e+00
   1.25038319e-02
   5.36067921e-01
  -1.68361663e+00
   1.98186056e+00
  -1.25078792e+00
   8.98052723e-01
  -1.93284548e+00
  -3.19508205e-01
   2.39109602e+00
  -8.50476387e-01
  -1.54976844e+00
  -1.53860334e+00
   5.39287229e-01
   1.73384621e+00
   8.29409375e-01
  -6.94341438e-01
  -1.03602501e+00
   5.05831967e-02
  -1.65312638e+00
  -2.11040210e-01
  -1.51489837e+00
   5.16980733e-01
  -1.64134321e+00
   8.70115572e-01
   5.30561671e-01
   7.37779545e-01
   1.91115270e+00
  -2.08623108e-01
  -7.26089973e-01
   1.18706509e+00
   4.87204651e-01
  -6.43177931e-01
   2.24182677e+00
   1.33307234e+00
   9.19841896e-02
  -6.43532288e-01
  -1.24853107e+00
  -5.76061482e-01
   1.48199888e+00
  -3.44960051e-01
  -1.79844987e+00
  -2.30177100e+00
   1.87970725e+00
  -6.28825758e-01
   6.09455328e-01
   4.07734607e-01
   5.02469745e-01
   7.48442160e-01
  -6.78346652e-01
   7.88240634e-01
  -2.72265906e-01
  -2.51978533e-01
   2.11858491e+00
  -1.07834032e+00
  -3.31590817e-01
  -3.92025989e-01
   6.04171447e-01
   7.43677228e-01
   7.40334784e-01
  -2.21186959e+00
   7.37672529e-01
  -1.57663999e+00
   9.94692275e-02
   2.00265227e+00
  -2.42088856e-01
  -1.11550618e+00
  -1.35246880e+00
   1.62071781e-03
   8.33352990e-01
  -9.37598705e-02
  -8.69060883e-01
  -1.10619579e+00
  -4.87392295e-02
   1.26748991e+00
   6.40762997e-01
   9.69367551e-01
   5.51050717e-03
  -1.71570595e+00
   4.27347672e-02
  -1.74264333e+00
  -5.93205480e-01
   1.25650349e+00
   8.44508455e-01
  -5.45139111e-01
  -5.99417909e-01
  -2.20838825e+00
   1.85903910e-02
  -3.51682303e-01
   5.70872162e-01
   1.15177074e+00
  -7.60596646e-01
  -3.62904698e-01
  -8.73071693e-03
  -2.40459155e+00
  -2.82878168e-01
   9.36623532e-01
   7.45061778e-01
  -3.27348274e-02
   9.50325169e-02
   1.34821911e+00
  -4.53637200e-01
  -3.80537997e-01
   2.36470211e-02
   1.46612157e+00
   6.50437727e-01
  -1.06244812e+00
  -4.11855651e-01
  -1.17095020e+00
   1.53610525e+00
   1.55743761e-01
   1.09315807e+00
   6.19056631e-02
  -5.41049191e-01
  -3.47972149e-01
  -1.37368117e+00
   1.69660258e+00
   2.68249331e+00
  -6.20494046e-01
  -6.04942768e-01
  -2.70041290e+00
   2.61065356e+00
   8.66163192e-01
   2.24529596e-01
  -5.13506566e-01
   1.72062718e+00
  -1.37516294e+00
   4.21510646e-01
  -6.12100658e-02
  -8.62176246e-01
   1.21798326e+00
   1.28642758e+00
   6.55631105e-01
  -7.27145839e-01
  -1.04564762e-02
   4.48867791e-01
  -1.85107208e-01
   6.64598172e-02
   8.66386838e-01
  -6.92640087e-01
   9.82676692e-01
  -1.15241016e+00
   3.89139548e-01
   2.65504677e+00
   1.81622224e-02
  -8.62963794e-01
  -4.52724134e-02
   1.70414228e+00
   2.64575255e+00
   2.82257678e-01
   6.78834882e-01
   8.77962537e-01
  -1.09826443e+00
  -1.70671583e+00
  -2.55169106e-01
   2.99626367e-01
  -1.12070668e+00
   9.53398252e-01
   1.88626424e+00
   7.25147559e-01
  -1.47432039e+00
  -1.99963498e-01
   1.17063974e+00
  -2.29692369e+00
  -7.58911540e-01
  -6.71691681e-01
  -1.06120832e+00
  -3.68932693e-01
  -8.37647224e-01
  -2.04596807e-01
  -1.76302629e+00
   2.84106851e-01
  -4.59699458e-01
   9.59945434e-01
   9.92025299e-01
  -7.95107783e-01
   1.42851858e+00
   1.19283202e+00
   6.96085023e-01
   2.51064410e-01
  -5.41575877e-01
  -9.80071080e-01
  -2.81884340e-01
   1.09589189e+00
   1.29860769e+00
  -3.53768146e-01
   6.68870329e-01
   2.44433606e-01
  -2.07778558e+00
  -4.08457147e-01
   4.03042492e-01
   1.51083671e+00
  -6.11722653e-01
   3.36225210e-01
  -5.49647728e-01
  -2.79870380e-01
  -6.63450591e-01
  -7.04564227e-01
   6.33624873e-01
  -5.05721337e-01
   1.27776445e+00
  -4.42819408e-01
   1.01013215e+00
  -8.78848085e-01
  -1.56813491e+00
   9.38360750e-01
  -6.11092215e-02
   2.02418622e+00
  -1.39575948e+00
  -2.17006311e+00
  -8.01671448e-01
   2.11350617e+00
   5.60554534e-01
   3.83626705e-01
   3.60143715e-01
  -1.49244508e+00
   7.25928552e-01
  -7.90762923e-01
   6.25994411e-01
   1.98084371e+00
  -1.32195506e-01
   1.00963595e-01
   2.55071628e-01
   3.89558250e-01
   2.61212054e-01
   4.98255389e-01
  -3.68476516e-01
  -3.72760087e-01
  -1.68096589e+00
  -1.71709311e+00
   2.18522682e-01
  -2.02616889e-01
   1.35520541e+00
  -5.39680213e-01
  -7.77492783e-01
  -1.17937467e+00
   7.91342559e-01
  -1.22125808e+00
  -2.22018406e+00
   1.28926915e+00
   5.12824246e-01
  -1.27864905e+00
  -7.34108230e-02
   9.46056778e-01
   8.08035437e-01
  -9.85500959e-01
  -6.09608871e-01
   4.77221811e-01
  -9.86716725e-01
  -9.63530966e-01
  -5.62017928e-01
  -1.31755775e+00
   1.59148758e+00
  -3.46923071e-01
  -7.52590214e-01
  -7.32073109e-01
  -4.22472344e-01
   1.04177473e+00
   4.72499839e-01
  -1.30878334e+00
   9.14031887e-01
  -1.20690577e+00
   1.26619259e+00
  -8.85669401e-01
  -4.59511974e-02
   2.04514928e-01
  -8.39547181e-01
   6.93332724e-01
  -1.18017349e+00
   3.26922391e-02
  -4.32771725e-01
  -4.64639598e-01
  -8.77617861e-01
  -5.03254759e-01
  -8.25794437e-03
  -8.87786262e-01
   7.93919514e-02
  -1.29739678e-01
  -8.03441461e-02
  -1.09192341e-01
  -7.53101066e-01
  -9.95986630e-01
  -2.42851166e+00
   1.86684901e+00
   5.21579132e-01
  -1.60899229e+00
  -1.45308770e-01
  -2.05405096e+00
  -2.33440948e-01
  -2.43524301e-01
  -5.41226899e-01
  -6.53807473e-01
  -4.03851124e-01
  -3.47810666e-01
   4.69843637e-01
  -4.03210454e-01
   8.98742653e-01
   3.49834037e-01
  -1.47261054e+00
   6.85169790e-01
  -1.05954542e+00
  -4.94653841e-01
  -2.84845739e-01
   2.07953615e+00
   7.04311399e-01
  -8.32727978e-01
   1.13346422e+00
  -2.56300049e-01
  -1.40562026e+00
  -3.19769470e-01
   2.42277422e-01
  -1.90219381e+00
   1.54621537e+00
   1.56029430e+00
  -4.20394028e-01
  -1.10179861e+00
  -5.67659542e-01
  -4.33577220e-02
   1.51840660e+00
   8.71624772e-01
  -1.79823466e+00
  -1.28475131e+00
  -7.53479686e-01
  -2.84779550e+00
   1.37084284e+00
   3.90378439e-01
   1.29543004e+00
  -4.15226005e-01
   1.45869267e-01
   2.59591865e+00
   8.05527436e-01
  -3.07017180e-01
   2.32989468e-01
  -1.59619022e+00
  -8.04069561e-01
  -1.05937302e+00
   8.93339173e-01
  -3.32273958e-01
   5.32592939e-01
   1.26387608e-01
   7.11948954e-01
  -1.32836250e+00
  -1.71477903e+00
   4.47158781e-01
  -3.20880898e-01
  -5.29980107e-01
  -1.35977034e-01
   6.08188627e-01
  -8.72162766e-01
   6.59289792e-01
   1.56869553e+00
  -1.17505097e+00
   3.00256184e-01
   2.04292549e-01
  -4.15269986e-02
  -1.87254269e+00
  -1.21049692e+00
  -5.70008842e-01
  -1.42104846e+00
  -4.34860400e-01
  -7.35521137e-03
   1.13494061e-01
  -1.50898611e+00
  -9.29146128e-02
  -9.28596089e-01
   9.34456676e-01
   8.19528136e-02
  -6.99393360e-01
   3.06327735e-01
  -2.40560358e-01
   3.63827031e-01
   1.10946605e-01
  -1.83602436e+00
   5.89860721e-01
  -1.12468916e+00
   3.42903775e-01
   6.41738519e-01
  -8.40124519e-01
   8.77748068e-01
  -8.00202642e-01
   5.69570754e-01
   1.75365706e-01
   7.09993885e-01
   2.35099399e-01
  -1.25203932e+00
  -3.13156540e-01
   6.77507191e-01
  -2.99868041e-01
   8.58484749e-01
  -6.27092708e-01
  -9.68787804e-02
   6.59782022e-01
   1.10246039e+00
   3.72332475e-01
   1.45598951e+00
  -7.09159652e-02
   2.98826772e-01
  -3.38706827e-01
  -3.03314277e+00
   7.13292173e-01
   1.91031087e+00
   1.07322028e-01
  -1.40545185e+00
  -3.82011233e-01
  -4.65199220e-01
   2.10860470e-01
   2.34591937e+00
   4.42392139e-01
  -7.42127037e-01
   1.48121676e-01
  -3.93697310e-01
   1.14016384e-01
  -1.19015925e+00
   9.07154283e-01
  -2.83196894e-01
  -7.87281886e-01
   9.32892769e-01
  -5.88744219e-01
  -3.21013078e-01
   2.36372957e+00
  -5.84260421e-01
  -9.07279947e-01
   3.23025718e-01
   1.35557993e+00
   2.63514640e-01
   4.43797405e-01
   8.74212852e-01
   6.17807095e-01
  -1.00467106e+00
  -2.64409725e-01
  -4.80423908e-01
   4.54708095e-01
  -7.60134200e-01
  -2.02921863e-01
  -7.43985219e-01
  -1.38556862e+00
   1.08981567e+00
   4.50172112e-01
  -1.42111651e+00
  -8.94693870e-01
   7.24456293e-01
  -5.42002503e-01
   8.44769343e-02
   4.22891100e-01
   3.05706614e-01
  -1.15245153e+00
   7.28055492e-01
  -3.63647121e-01
   1.76298397e+00
   4.42948634e-01
  -9.34911863e-01
  -1.44628808e+00
   1.05541397e+00
  -3.30759208e-01
  -9.65003199e-01
   1.69967714e-01
  -3.58616536e-01
   8.20913327e-01
   2.04167751e-01
   4.59339322e-01
   1.28224167e+00
  -1.21825740e+00
   3.60963322e-01
   1.56958806e+00
   2.03712795e+00
  -3.83242673e-01
  -1.45160212e+00
   4.19502861e-02
   1.81258520e+00
   1.18684917e+00
  -1.00818453e+00
   1.55194482e+00
  -2.90940480e-01
   4.49190463e-01
   6.14406838e-01
   1.08667750e-01
  -1.41195284e+00
  -4.33030416e-02
   9.73243137e-01
  -1.07071501e+00
  -8.26716980e-01
   9.39352445e-01
   1.17439061e+00
  -5.83317241e-01
   1.14795373e+00
   2.55655918e-01
   1.10729830e+00
   1.13791914e+00
  -2.77835614e-01
   8.22607098e-01
  -2.41949331e-01
  -1.40141683e+00
  -7.83100811e-01
   1.39530587e+00
  -5.19577663e-02
  -1.32146610e-01
  -2.93524665e-01
  -8.14041306e-01
   2.39418037e+00
   5.39477718e-01
   7.47155462e-01
  -6.83120682e-01
  -5.18380097e-01
   6.63901382e-01
   9.57795982e-02
   1.09869508e+00
  -6.40426801e-01
   8.10410155e-02
   7.42071302e-01
  -9.60465907e-01
  -1.07588794e-01
  -6.29032082e-01
  -1.23908003e+00
  -5.20707392e-01
   3.37856305e-01
   1.47632812e+00
  -2.90038564e-01
   6.47498335e-01
   6.46778337e-01
  -8.75419792e-01
  -3.52156644e-01
  -1.49869308e+00
  -1.56986119e+00
   4.95322409e-01
   7.65730228e-01
  -1.37518900e+00
  -3.72372516e-01
   6.19657943e-01
   1.59407030e-01
  -5.00089575e-01
   2.34333997e-01
  -1.32317382e+00
   8.60288167e-01
  -7.06361142e-01
  -8.19249709e-01
   2.97541134e-01
   2.23181343e-01
  -5.58562090e-01
  -8.94462338e-01
  -1.35358096e+00
  -1.29952163e-01
  -8.19671131e-01
  -4.12352030e-01
  -9.00644261e-01
   8.32922202e-01
  -1.34767981e+00
   5.04202102e-01
   5.46388158e-01
   1.90199205e+00
  -2.74313570e-01
  -8.12908894e-01
  -5.68507493e-01
  -6.24083740e-01
  -5.04497777e-01
  -1.16482311e+00
   8.54554173e-01
  -1.21293957e-01
  -3.01897776e-01
  -2.85313361e-01
   7.98968142e-01
   1.22992189e-01
  -2.22854779e+00
  -4.29337990e-01
  -7.67721933e-01
  -1.47947202e+00
  -6.71907613e-03
  -8.67752220e-01
   1.10466413e+00
   7.03647917e-01
  -8.60023512e-01
   2.54680444e-02
  -2.19668367e-01
   8.00087074e-01
   2.36768897e+00
   8.63028671e-01
   1.24161824e+00
   6.21027423e-01
  -1.09083747e-01
   1.87301484e-01
  -9.83859514e-01
   4.86994642e-01
  -1.91084127e+00
   2.05168321e+00
  -9.08036484e-01
  -1.65351174e+00
  -1.59598029e+00
  -1.99428113e+00
   6.59502328e-01
  -1.33316445e-01
  -5.33860225e-01
  -1.89480043e+00
   3.59730065e-01
  -2.53731238e+00
  -1.47207284e-01
  -2.36938033e+00
   6.49786936e-01
   3.06445950e-01
   1.06580053e-02
   6.97405171e-01
   5.55002269e-01
  -1.92019059e+00
  -1.39418740e+00
   1.56082557e-01
   1.18069806e+00
  -1.83066045e+00
   1.10767463e+00
  -3.92450321e-01
  -3.60912771e-01
  -8.71406639e-01
   6.62318831e-02
   2.98274435e-01
   2.51398366e+00
  -2.46162788e+00
  -7.08302412e-01
  -4.44007943e-01
  -3.22487942e-01
   9.45355867e-01
   8.07046308e-01
   1.23891328e+00
  -1.43584701e+00
  -1.10829691e-02
   7.45860709e-01
   1.49902821e-01
  -9.45986608e-01
   8.02040245e-01
  -1.73778102e-01
  -2.12884603e+00
  -4.70264418e-01
   2.85129262e-01
  -1.67719211e-01
   9.29021331e-01
  -5.22181771e-01
   1.06655121e+00
  -4.33117417e-01
  -1.22487103e+00
  -5.71990868e-01
  -1.73076002e-01
   6.20461315e-01
  -1.94829910e+00
  -2.17874261e+00
   1.10550261e+00
  -3.09762215e-01
   7.22275710e-01
  -8.05021080e-01
   8.63274222e-01
  -2.09087964e-01
  -1.43442861e+00
  -5.68384556e-01
   2.76205098e+00
   1.97342649e+00
  -9.04126844e-01
  -6.91512713e-01
   2.51354763e-01
   5.86451700e-01
  -5.07505933e-01
   8.09659769e-01
  -3.13943278e-02
  -4.74865660e-01
  -1.60475943e+00
  -9.23867987e-01
  -2.47596913e-02
   5.10897176e-01
   7.27001837e-01
  -9.14252037e-01
   1.38437526e+00
   3.48472797e-01
  -3.18442727e-01
  -2.66599045e+00
   1.53150210e-01
   1.00225121e+00
   5.90170047e-01
   7.12304527e-02
   8.28140047e-01
  -2.53377559e-01
   4.56308349e-01
   9.35257855e-01
   5.15043927e-01
   3.92415508e-01
  -6.92609049e-01
   1.41718253e+00
  -1.53581076e+00
   7.04601430e-01
   3.57340081e-01
   5.79744888e-02
  -2.66242407e-01
   1.36486679e-01
   1.64642290e+00
  -3.11941435e-01
  -1.70394189e-01
  -3.74510594e-01
   4.93426748e-01
   5.19913101e-01
  -1.65069040e-01
   4.73669013e-01
  -1.50353861e+00
  -2.33955362e-01
  -5.67688263e-01
   1.08213085e-01
   3.90583163e-01
  -7.03567703e-01
  -1.88291653e+00
   2.29023495e-02
   1.02500984e+00
  -1.34409870e+00
  -6.96844223e-01
  -1.08721190e+00
   2.63580019e-01
  -6.05083285e-02
   1.64375548e+00
   4.57362425e-01
   4.78462599e-01
   4.59278385e-02
   7.88281662e-01
  -1.17758264e+00
   4.96826331e-01
   4.61981027e-01
  -8.95935798e-01
  -2.12019222e+00
  -5.94883498e-01
   1.83492508e+00
   1.79661310e+00
   4.18738641e-01
  -7.83805346e-01
   1.39437622e+00
  -1.65535786e-01
  -6.66590173e-01
   1.19764456e+00
   5.49559210e-01
   5.53803952e-01
  -1.13392960e-01
   7.79680194e-01
   1.19864822e+00
   7.07573755e-01
  -4.27612233e-01
   4.64061877e-01
  -4.14714610e-01
  -9.08352691e-01
   4.94300871e-01
   1.38697313e+00
   6.87971842e-01
   1.02554778e+00
   1.13265363e+00
  -8.93705382e-01
   3.74142186e-01
   1.13513435e+00
   7.31655411e-02
   7.72147248e-02
   7.51399095e-01
  -2.67051863e+00
  -6.40498936e-01
  -7.76827854e-01
   1.06712509e+00
  -7.75412316e-01
   1.61107810e-01
   1.47016424e+00
   1.06621271e+00
   1.83115062e+00
   1.20323481e+00
  -1.19026006e+00
  -6.59664392e-01
   3.10859895e-01
  -6.68003796e-01
  -6.95052559e-02
   2.25965880e+00
   4.25422868e-01
   3.18718170e-01
   4.95459697e-01
   1.44480412e-01
   1.24790756e+00
  -2.18120381e+00
  -2.34625818e+00
   4.34337452e-02
   1.23443453e+00
   1.71687540e-01
   1.08154445e-01
   2.26455831e-01
  -8.38958273e-01
  -1.08332308e+00
  -2.32122729e-01
  -9.53711468e-02
  -5.88740249e-01
  -7.69536972e-01
   5.79154651e-01
  -6.22284370e-01
  -1.84400484e+00
  -2.25247503e+00
  -2.77224939e-01
   1.35314239e+00
  -4.08341480e-02
   1.86020392e-01
  -6.84660735e-01
  -6.32692021e-01
  -1.29615545e+00
  -2.24391382e-01
   2.71021637e-01
   5.88625460e-01
  -6.09537899e-02
  -1.51189900e-01
   7.44691668e-01
   4.32798920e-01
   5.66938305e-01
   5.83113498e-01
   5.91657798e-01
   1.04175692e+00
  -1.45530420e+00
   6.24602773e-01
  -1.26805952e+00
  -1.75144033e-01
   1.55853634e-01
   1.39211778e+00
  -8.95921498e-01
  -7.90834987e-01
  -4.46796690e-01
   1.06997610e-01
  -2.10708726e+00
  -5.37176346e-01
  -1.21009778e+00
  -1.67532137e-01
  -3.87008924e-01
  -6.45098800e-01
   4.69347606e-01
  -3.99595418e-01
   1.03746151e+00
   1.66376699e+00
  -4.27211109e-01
  -7.92978169e-01
   3.54969426e-01
   1.00081035e+00
   6.43260969e-01
   1.14213765e+00
   1.03770902e+00
   4.99259319e-01
  -6.72324308e-01
   1.30237865e-01
   1.08956120e-01
   8.84061569e-01
   2.51840409e+00
  -1.91652937e-01
  -1.41523608e+00
  -2.72319120e+00
   2.13151217e-01
   3.05286876e-01
  -4.84944958e-01
  -1.09115843e+00
  -1.03331510e-01
  -9.81906608e-01
   2.04419199e+00
   1.72644768e-01
  -4.52038094e-01
  -7.14176695e-02
   1.76120434e+00
   1.21469371e+00
   4.29589779e-01
  -1.26620342e+00
  -6.04143418e-01
  -1.04891133e-01
  -4.25565734e-01
  -1.28124616e+00
   1.02075249e+00
   9.95243149e-01
   6.05423415e-01
  -1.56955018e+00
  -5.87672312e-01
  -1.13117442e+00
   1.02956224e-01
  -2.02176326e+00
  -3.07717865e-02
   2.56272942e-02
   2.35177081e+00
   4.27710803e-01
  -7.32711271e-01
  -1.89061084e+00
  -8.27171295e-01
  -8.74928537e-01
   2.04863079e-01
  -2.01430102e+00
  -1.13804735e+00
  -2.80245674e-01
   9.76731274e-01
   2.75700292e-02
  -5.85820477e-01
   1.38129358e-01
   1.87905730e+00
  -1.44636774e+00
   6.83766406e-01
  -1.02849907e+00
   1.30908466e+00
   1.44378588e+00
  -5.78369446e-01
  -2.12802123e-01
  -5.02226028e-01
  -9.25069134e-01
   8.30333822e-01
  -1.58277225e-01
   7.51419928e-01
  -7.04479725e-01
   1.49523657e+00
   2.42861763e-01
  -9.21568688e-01
   7.10668869e-01
  -4.44806375e-01
  -2.16376091e-01
   4.21319750e-02
  -3.74823276e-01
   2.57765844e+00
  -9.38119249e-01
  -8.81608795e-01
  -4.85599565e-01
  -2.82336994e+00
  -5.59079998e-01
   5.03134129e-01
  -1.64142893e-01
  -3.16568182e-01
   1.04805437e+00
   3.66783228e-01
  -2.40065902e-02
   2.61699447e-01
   1.24148775e+00
   9.53052833e-01
  -1.18725371e+00
   5.39117432e-01
  -4.06734420e-01
  -4.99055412e-01
  -1.80009719e+00
   3.42861346e-01
  -9.21146799e-01
  -1.13181416e+00
   4.61767893e-01
   2.51284216e+00
  -9.31685554e-01
  -2.91250090e-02
  -9.07233911e-01
   6.85257998e-01
   7.66383048e-01
  -6.28848655e-01
  -2.44096867e-02
  -1.58453070e+00
  -8.78396974e-01
   8.34191223e-01
  -1.96862723e-01
  -1.39330967e+00
   5.75051364e-01
  -3.96649603e-01
   1.47355534e+00
  -5.63800677e-01
   2.36817257e-01
  -2.56252323e-01
   9.24727649e-01
  -1.82121428e+00
   1.08526940e+00
   2.80556791e-01
   8.90235963e-01
  -1.22426128e+00
   4.03708387e-01
   2.59045711e-01
  -1.17018983e+00
   7.64890246e-01
  -3.38041326e-01
  -3.09256082e-01
   4.21534540e-01
   1.19534821e+00
  -1.12741404e+00
   2.25787604e-01
  -4.76151516e-01
  -1.11889009e+00
  -1.43358606e-01
   5.83761160e-01
   1.26184159e+00
   1.09741261e-01
  -1.39497536e+00
   1.20374205e-01
   4.96556720e-01
  -4.26558050e-02
  -9.40717315e-01
  -2.13643102e+00
  -1.75526242e-01
   1.37245096e+00
  -6.50911514e-01
  -7.79439028e-01
  -5.49239118e-01
  -1.97195595e+00
   1.10064540e+00
   7.89863134e-01
  -5.02579002e-03
  -7.90726442e-02
  -7.24594532e-01
   5.11510154e-01
   9.65205785e-01
   1.11206956e+00
  -3.38860945e-01
   3.80079342e-02
   1.46398252e+00
  -1.60303148e+00
   4.60221920e-02
  -1.21776280e+00
   1.93474122e-01
   6.19868656e-02
  -4.22466053e-01
   9.01246977e-02
  -3.03915894e-01
   4.71817858e-01
  -6.10885900e-01
   8.08857205e-01
  -2.02953078e-01
   3.78874966e-01
  -9.16700240e-01
  -1.05792379e+00
  -2.97098956e-01
  -6.57597426e-01
  -8.11174818e-01
   5.50573699e-02
  -1.32746840e+00
  -8.16469049e-01
  -7.57733551e-01
  -1.12868187e+00
   1.07477292e+00
   1.46411685e+00
  -1.28294202e+00
  -9.49367655e-01
  -3.55627312e-02
   3.40816715e-01
   1.22634530e-01
   1.49726995e-01
  -6.01807229e-01
  -1.98180445e+00
  -9.98501978e-01
  -1.03203870e-01
   9.29003846e-01
  -2.65326794e-01
   7.71115295e-01
  -2.76859253e-01
  -1.66425175e+00
  -1.53499131e-01
  -1.24393520e+00
   1.03378285e+00
  -1.49450243e-01
   1.12072900e-01
   1.20812536e-02
  -1.31106881e+00
  -6.10295771e-01
   3.42316427e-01
   1.64694455e+00
