  9.61845801e-01
 -1.23458892e+00
  1.60592451e+00
  8.88279123e-01
  1.94154738e+00
 -1.89469436e-01
  3.77677798e-01
  1.18205481e+00
  3.81658128e-01
  5.62309249e-01
 -1.70934578e+00
 -1.01987601e+00
 -1.73283236e+00
  1.06269228e+00
 -3.90425252e-01
  5.20799971e-01
 -7.75019957e-01
 -1.11392309e+00
 -1.71366857e+00
 -2.72583974e-01
  1.77058856e+00
 -1.54178651e+00
 -5.79314538e-01
  1.24338294e+00
 -1.64904381e+00
 -1.64794559e+00
  3.03509017e-01
  4.49401981e-01
 -2.08699849e+00
  7.80713689e-01
  6.22652172e-01
 -1.45095269e+00
  5.06182099e-01
  2.69452648e-02
 -6.25921776e-02
  1.68928082e+00
  9.64431533e-01
 -4.00010749e-01
 -7.82285789e-01
  6.62728817e-01
  1.57906333e+00
 -6.08211970e-01
 -1.47658336e-01
 -3.58381004e-01
 -3.87046720e-01
  1.38163243e-01
  6.28966929e-01
 -6.85601775e-01
  6.02043601e-01
  1.70737705e-01
 -1.11163086e+00
 -1.56094351e+00
 -5.14628284e-01
 -2.54484955e+00
  8.12458734e-01
  1.31626248e+00
 -8.37851183e-01
  1.01590208e-01
  1.29957936e-01
 -8.29272043e-01
  9.88267827e-01
 -2.66578329e-01
 -1.52877282e-01
 -2.76056799e-02
  9.05126624e-01
 -6.61101585e-03
 -7.69732206e-01
  7.05923813e-01
 -2.59919015e-01
 -2.66546175e-01
  1.01871182e+00
 -6.74708364e-01
 -2.89534561e-01
  5.59872769e-01
  1.65378879e-01
  4.25555805e-01
 -1.51285419e-01
 -1.55346323e+00
  8.61266924e-01
 -8.64001857e-01
 -2.09126683e+00
 -1.99097162e-01
 -7.80397961e-01
  1.66011711e+00
 -5.66424121e-01
  9.83940777e-01
  3.50684418e-01
 -1.09480168e+00
 -1.46290594e+00
  1.23833411e+00
 -2.67500948e-01
 -2.63226469e+00
 -9.47417468e-01
  1.46360435e-01
  1.59290255e-01
  6.64238763e-01
  2.08151009e+00
 -8.88283660e-01
 -1.35809035e+00
  1.46843101e+00
 -7.50665719e-01
  4.70674224e-01
 -9.89500257e-01
 -6.62930727e-01
 -2.23947107e+00
  5.08584935e-01
 -7.79402966e-01
 -7.65957098e-01
 -8.86512235e-01
 -5.70576372e-01
 -2.32490846e+00
 -8.65220416e-01
  2.08331924e-01
  7.66596794e-01
 -5.22546627e-01
  4.57363706e-01
  2.84397189e+00
  2.87053250e-01
 -3.08850829e-01
 -2.94789911e+00
  1.33420688e+00
  2.77002988e-01
 -5.88948151e-01
 -9.06855950e-01
  1.51989539e+00
  3.00012951e-01
 -8.59770241e-02
 -7.51384227e-01
 -1.28222873e+00
  1.28300610e-01
  6.42199879e-01
  1.58163334e+00
  5.21203311e-01
 -1.44959447e-01
  9.87985331e-01
 -1.12132449e+00
  4.13160991e-01
  8.74097706e-01
 -2.18174499e+00
 -4.89848449e-01
 -8.34454759e-01
 -6.15477587e-01
 -7.84669234e-01
 -9.54207020e-01
 -1.80148139e+00
  5.28728974e-01
 -1.40345477e+00
  3.15415645e-01
 -4.56843662e-01
  3.18618404e-02
 -8.13631546e-01
 -5.00986784e-01
  1.25091780e-02
 -8.22284196e-01
 -1.96212085e+00
  2.69384153e+00
 -5.13312331e-01
 -1.18405081e+00
  6.99786476e-01
  2.12411847e+00
  6.22940117e-01
  1.27514556e+00
 -1.63822412e+00
  2.33339745e+00
  2.90397835e-01
  1.55029197e+00
  6.73729046e-02
 -1.86536377e+00
  1.28538140e+00
 -1.56928421e+00
  8.85249653e-01
 -6.59236470e-01
 -1.68412148e+00
 -6.91536200e-01
  8.99138016e-01
 -3.42576778e-01
  2.78468322e-01
  1.90696940e+00
 -1.17132047e+00
 -4.91992977e-01
 -4.23150166e-01
  1.11344369e-01
  9.28062688e-01
 -6.64476716e-01
 -1.57811342e-01
 -5.10640083e-01
 -4.13950911e-01
 -5.29389390e-01
  1.53100688e+00
 -1.18993040e+00
  1.38018554e+00
  7.31575284e-01
  6.79934406e-01
 -6.66300340e-01
 -1.25417457e+00
  8.20081907e-01
 -8.02660159e-01
 -7.94417873e-02
 -3.22753040e-01
 -2.25955217e+00
  7.32395815e-01
 -1.93882915e+00
  1.33332251e+00
  1.17431909e+00
  4.39272568e-01
 -1.87730379e+00
  7.57751987e-01
 -9.44350394e-01
  9.14869833e-01
 -1.97411368e+00
  4.54317601e-01
  2.73216424e-01
 -5.61089223e-02
 -5.38322031e-01
 -2.17022111e-01
  1.09716565e+00
  1.07885265e+00
  1.24443059e+00
  2.77575930e-01
 -6.33904021e-01
  1.15202674e+00
 -7.08007986e-01
 -9.02452771e-01
  8.06644241e-01
  5.25578735e-01
 -1.06101090e+00
 -7.96127268e-01
 -1.81451402e+00
 -2.07857003e-02
  1.90640739e-01
 -6.61045813e-01
  3.51196260e-01
 -8.19326892e-01
 -8.43613637e-01
  7.43298480e-01
  5.43579054e-03
  9.08118813e-01
  1.31141668e+00
 -6.40352808e-01
 -1.49098390e+00
  1.96949612e-01
  1.10375196e+00
  2.00306826e+00
 -3.96311648e-01
 -1.02327883e+00
 -2.22188319e-01
 -3.08331816e-01
 -1.59206951e+00
 -4.32986794e-01
  1.69134070e+00
 -6.51782840e-01
  1.16006476e+00
 -6.93627221e-01
 -1.52560511e+00
 -9.77307361e-02
  1.55535085e+00
 -3.40524645e-01
  1.44965658e+00
 -8.23353273e-01
  9.98995832e-01
  2.49679070e-01
  1.09732801e+00
 -4.65538256e-02
 -5.10690057e-01
  1.65928295e+00
 -4.43544981e-01
  7.29357602e-01
  1.49793013e+00
  2.34263402e+00
  1.26933699e-02
 -1.32351017e+00
  1.24977618e+00
 -9.96289355e-01
  1.12078827e+00
  1.58255603e-01
 -7.77947671e-01
  2.18665620e-02
 -1.84211250e-02
 -1.18500721e+00
  2.29252830e-01
 -2.07684466e+00
  1.30853024e-01
 -5.63462784e-01
 -8.95271817e-01
 -7.64566089e-02
 -1.98655784e+00
 -1.01067960e+00
 -1.89596959e+00
  9.12327959e-01
  7.31597617e-03
 -3.08418052e-01
  7.51656479e-01
 -1.34779326e+00
  4.39981801e-01
 -7.16313642e-02
  4.82941370e-01
 -4.98436821e-01
 -5.07155782e-01
 -7.90059972e-01
 -5.59783023e-01
  1.55469867e-01
 -5.64140573e-01
 -6.12472863e-01
 -1.09544145e+00
  7.16960271e-01
  2.13353894e+00
  5.19979265e-01
  1.83779912e+00
 -3.93099184e-01
 -6.75187615e-01
  1.01604368e+00
  1.03064259e+00
  1.36224550e+00
 -2.68258520e-01
 -1.40736535e-01
 -9.46131239e-01
 -1.26058316e-01
  7.87705904e-01
  5.38439511e-01
  3.64415167e-01
 -5.11332680e-01
 -1.85217640e-01
 -2.03285900e-01
  3.14420246e-01
 -3.22542152e-01
 -1.19213429e+00
 -1.60759662e+00
 -8.62118807e-01
 -1.32181796e-01
 -3.29747215e-01
  1.40430326e+00
 -9.44265031e-01
 -5.64332195e-01
 -7.59416556e-01
 -2.48501168e+00
  5.89937096e-01
  3.20789874e-01
 -1.11797724e+00
  2.12922134e+00
 -1.94057102e-01
 -1.48506540e+00
  1.84547045e+00
 -6.35933693e-01
 -6.78544084e-01
  6.74996840e-01
  6.40652991e-01
 -2.40505221e+00
  4.29603015e-01
 -6.21363422e-02
  9.49133441e-01
  2.85856302e-01
  4.76447380e-01
 -1.09613830e-01
 -8.05965581e-01
 -6.70279706e-01
  5.25062102e-02
 -6.12871650e-02
  1.27070967e+00
 -1.34720282e+00
 -1.28549330e+00
 -2.57116907e-02
 -6.48248952e-01
  5.04145317e-01
 -2.48885906e-01
 -4.67815031e-01
  2.34136783e-01
  1.78077870e+00
  3.10585879e-01
  1.06327316e-01
 -2.23397421e-01
  1.44277221e+00
  6.85629972e-01
  7.31262622e-01
 -1.65933712e+00
  6.59950563e-01
  1.73283623e+00
 -1.00186807e+00
  1.76840491e+00
  1.46400759e+00
 -9.60424995e-01
 -9.44712858e-01
 -2.15235798e+00
 -6.20558329e-02
  1.00513311e+00
  7.32341334e-01
 -2.31689255e+00
  2.98500056e-01
 -5.45089754e-02
 -4.30756910e-01
  3.90214045e-02
  4.18980947e-01
  2.91137193e-01
  1.70651854e+00
  3.93917662e-01
  1.53469716e+00
  9.44763479e-01
 -4.16223472e-01
 -4.63556302e-01
  9.50920159e-01
  1.09000560e+00
 -4.23236432e-01
 -5.43981174e-01
 -2.14469790e-01
  6.73222066e-01
  4.53595167e-01
  1.14179803e+00
 -1.39181431e-01
  1.02410617e+00
  1.14949434e+00
 -9.12705960e-01
 -2.39462658e+00
  1.51514823e+00
 -6.67556684e-01
  1.33577858e+00
  7.13214192e-01
 -1.72155357e-01
 -2.26714807e+00
  1.19007737e+00
 -3.26203115e-01
  3.58040749e-01
  2.28981894e+00
  2.82699079e-01
  1.32280109e-01
 -4.10621348e-01
  2.57445678e-01
  1.88871404e+00
  1.61368178e-01
  1.87909028e+00
  1.54433439e+00
  5.49996772e-01
 -3.82167243e-01
 -6.69425773e-01
 -1.44045702e+00
 -1.41105120e+00
  4.46868267e-01
  4.35251297e-01
  6.45099642e-01
  5.85808397e-01
  1.05907680e+00
  1.53193567e+00
 -1.24433186e+00
 -1.47660949e+00
 -1.19558576e+00
  3.32830611e-01
 -8.89020201e-02
 -9.61714016e-01
 -6.33132802e-02
 -5.35960904e-01
  2.76694027e-01
 -8.03543968e-01
  6.97907746e-01
  1.01223555e+00
  2.94391279e-01
 -2.01952292e+00
 -2.23799745e-01
 -4.39984478e-01
  1.67920644e+00
 -1.49158599e+00
  2.38000279e+00
  3.81977444e-02
  6.88741350e-01
 -2.53593848e-01
  5.76706312e-01
  9.79432943e-02
 -4.41694497e-01
  1.47185856e+00
  5.39614979e-01
  5.29566323e-01
 -8.11649744e-01
 -6.71125253e-01
 -6.72482802e-01
  1.86368808e-01
 -8.11783653e-01
  5.91738366e-01
 -2.63784206e-01
  9.24450255e-01
  5.84637135e-01
 -1.20544384e+00
  1.02299071e+00
 -7.67461722e-01
 -1.07816156e-01
 -1.62589489e-01
 -8.41469111e-01
  3.94599439e-01
  3.69003975e-01
  1.76193377e-02
 -1.40147687e+00
  6.22310662e-01
 -8.66680232e-01
  3.63801766e-02
  7.37900076e-01
  1.45153395e+00
 -1.54163980e+00
 -1.31426893e+00
 -4.79038278e-01
 -1.82642169e+00
  2.55315405e-01
 -7.05144085e-01
 -1.18281911e+00
 -1.60218405e+00
  3.64574933e-02
 -1.16380767e-01
 -8.10263413e-01
  6.55906844e-01
 -1.19361516e+00
 -1.41883950e+00
  1.12774191e+00
 -4.71144722e-01
 -7.36419381e-01
 -4.08395928e-01
  1.98385131e+00
 -8.62291577e-02
  2.18418028e-02
 -1.01131468e+00
  2.41918733e-01
  4.65334057e-01
  5.37915647e-02
 -1.55182688e+00
 -1.92207701e-02
 -1.88682350e-01
  1.15019092e+00
  1.37172249e+00
 -1.38032294e-01
 -3.73638568e-01
  2.30341550e-01
  2.00785685e+00
 -2.53761053e-01
  3.41390726e-01
  7.84329823e-01
  8.97047517e-01
 -5.95900311e-01
  2.43427822e-02
 -1.07077922e-01
  6.70273268e-01
  4.83543223e-01
  1.22063607e+00
  1.31408265e+00
 -1.05770302e+00
  3.08959414e-01
 -7.99437101e-01
  7.32355437e-01
 -7.35484647e-01
  1.51572370e+00
  1.35031898e+00
 -3.51592973e-01
  6.56691239e-01
  1.17596698e+00
  1.65470390e-01
 -6.90528127e-02
  5.76990913e-01
  8.84074118e-01
  7.16334417e-01
 -1.29987041e-01
  5.12841297e-01
  1.96567014e+00
  8.03527928e-02
 -8.23308771e-01
 -1.01566913e+00
  6.82293935e-01
  2.34856026e+00
  3.44627719e-01
  1.91360956e-01
  1.57798736e+00
 -5.64257177e-01
 -1.25610590e+00
 -1.64040358e+00
  1.21155619e-01
 -3.67429992e-02
 -4.25673760e-01
  1.17639490e+00
  1.58329416e+00
 -1.34796582e+00
 -4.62253487e-01
  7.45861746e-01
 -8.92011777e-01
  1.42834881e+00
  1.48018130e+00
 -3.25516135e-01
 -8.98116649e-01
  1.82474245e-02
  1.26632383e+00
  7.39235484e-01
 -2.16638847e-01
  5.06655187e-01
 -1.09714654e+00
 -1.10391377e+00
  3.93333773e-01
  8.12109238e-01
 -2.44317110e-01
 -1.37201812e+00
 -3.08389932e-01
 -4.66576274e-02
  1.50430845e+00
  3.78357277e-01
 -1.16206810e+00
 -1.91264704e-02
 -1.01325778e-01
 -1.86480697e+00
 -7.55385499e-01
 -1.67892534e+00
  1.43198966e-01
 -1.84715215e-01
  1.10244221e+00
  9.11573874e-01
  1.90025649e-01
  1.12562881e+00
 -9.36573726e-01
 -1.67976999e+00
 -4.31075116e-01
  3.61488404e-01
 -3.52831913e-01
  1.33977441e+00
 -4.95358600e-01
  1.47056697e+00
 -1.47756631e+00
 -4.99205654e-01
 -1.36402383e+00
  4.36966996e-01
  1.34301221e+00
  9.77375714e-01
  6.14949814e-01
 -1.95784919e-01
 -8.93945571e-01
  4.36665793e-01
 -8.32170182e-01
  1.12800919e+00
  7.20607477e-01
  5.98703716e-01
 -9.22557448e-01
 -4.06537276e-01
  8.96849867e-01
  7.71462152e-01
  7.49453462e-01
  5.09560666e-01
 -1.13245604e-01
 -1.16309293e+00
 -1.43335583e-04
 -1.94674043e+00
  1.40927685e+00
 -1.17319574e+00
 -7.79629882e-01
 -9.33075322e-01
 -4.49494473e-01
 -1.17338371e+00
 -5.53577176e-01
 -1.29971016e+00
  1.36908846e+00
 -7.43390534e-01
 -1.88857787e-01
  1.71382609e-01
 -3.92646532e-01
  7.91892466e-01
  1.27816239e-01
 -8.88619540e-01
 -2.92065887e-01
 -1.01084630e+00
 -9.12239223e-01
 -1.12323962e-02
 -6.02371847e-01
  5.43465984e-01
  4.63389295e-01
 -7.28706766e-01
  4.84358236e-01
  1.61834747e+00
 -4.82315897e-01
 -9.34845619e-01
 -2.21057601e-01
 -4.20232183e-01
 -5.64345849e-01
 -7.57426253e-01
  5.00077697e-01
 -2.58786257e+00
  8.95796139e-02
  1.43467563e+00
 -1.78589171e-01
 -1.47875932e+00
  7.91226258e-01
  1.65114948e-01
 -8.18048378e-01
 -2.89134659e-01
 -4.85039363e-01
 -2.82514575e-01
 -1.93169576e+00
  2.97052376e-01
  5.94153538e-01
  5.27431899e-01
  3.86501540e-01
 -1.89697934e+00
  7.17515283e-02
 -2.16170166e+00
  2.60710178e-01
 -1.89999275e-02
  1.73216735e+00
 -7.41747173e-01
  5.38738900e-01
  1.79630074e+00
 -6.29092941e-01
 -6.91797766e-01
  2.29816711e-01
 -1.18498373e+00
  5.05010648e-01
 -1.91786229e-01
  1.30600266e+00
 -2.20350942e+00
 -1.90543377e+00
  3.22862924e-01
 -2.26927876e+00
  5.82662641e-01
 -2.37797414e-02
 -5.33545673e-01
 -7.62725952e-02
 -1.35329048e+00
 -8.15306921e-01
  2.34062419e-02
  5.98685991e-01
 -7.90150904e-01
 -1.21701890e-01
  1.32618351e+00
  3.09406636e+00
  3.80357514e-01
  2.79839192e-01
  4.73901673e-02
 -2.61548846e-01
  6.63364386e-01
 -1.75818159e+00
  5.81964014e-01
  1.32477784e+00
 -3.65511927e-01
  6.61149142e-01
 -1.51382359e+00
  6.73798291e-01
  4.75896089e-01
 -1.19284587e+00
  1.82929327e-01
 -8.07697040e-01
 -4.13550467e-01
 -1.01156544e+00
  1.05656385e+00
  7.70967195e-01
 -7.96962971e-01
  6.71871673e-01
 -1.47039216e-01
 -6.10964027e-02
 -9.55089370e-01
  3.52597603e-01
  2.19158729e-01
  3.50775420e-01
 -1.00904226e+00
 -4.56697355e-01
  1.35974156e-01
  1.49435098e-01
  2.72037136e+00
  1.22283330e+00
 -5.56017429e-01
 -1.42998092e+00
  1.03513471e-01
 -1.92479477e-01
  2.96178011e-01
 -2.20907763e-01
  6.43510355e-02
 -4.17029334e-01
  5.38049490e-01
  1.42397337e+00
  1.27577732e+00
 -1.07102058e+00
  8.07054154e-01
 -1.70606703e+00
 -7.15882054e-01
  2.28274166e-02
  9.62832168e-01
  6.43268455e-01
  8.78189673e-01
  6.04274898e-01
 -1.82480646e+00
 -1.72050912e-01
 -2.17793375e-01
  1.69391908e+00
  5.30940711e-01
  6.13500811e-02
  2.60614003e-01
 -4.22822799e-01
  1.10392855e+00
  7.43907186e-01
  4.07439129e-01
 -8.16865404e-01
 -7.31526013e-01
 -3.54186608e-01
 -1.10601069e+00
 -1.20059695e+00
  1.85978628e+00
 -2.33545107e-01
  1.32499736e-01
  2.18017305e+00
 -8.00670261e-02
 -6.90560531e-01
  2.94321788e+00
  5.55869627e-01
  9.04624264e-01
  1.22532492e+00
 -1.48866286e-02
  8.50402794e-01
  7.40430219e-01
 -1.84772938e-01
 -5.52866541e-01
 -5.28411005e-01
 -2.70121345e-03
  1.65464109e+00
 -1.24087623e+00
  1.71875415e+00
 -8.70934915e-01
  7.22487772e-01
 -9.22383002e-01
 -4.78018320e-01
 -1.94064035e+00
 -3.64172522e-01
  7.15091585e-01
 -4.93326714e-01
  1.07993305e+00
 -2.13728707e-01
  9.63125972e-01
  5.23975408e-02
  2.52833781e-02
  1.40457279e+00
 -9.06955017e-01
  8.32143965e-01
  5.76771168e-01
 -9.72754986e-01
 -1.51535155e+00
  1.09953622e+00
 -6.47242384e-01
 -1.36563780e-01
  6.19983979e-01
 -2.05688706e-01
  5.59856126e-01
  5.12298380e-01
 -1.15733933e+00
 -1.49504146e-01
  3.31484826e-01
 -7.15503387e-01
  7.11444673e-01
 -1.31799848e+00
  3.95794214e-01
  9.87972737e-02
 -3.81817918e-01
 -1.39639176e+00
  7.09409106e-02
 -1.42245762e+00
 -3.74779157e-01
 -2.07621298e+00
  2.75003397e-01
  5.30177670e-01
 -1.13189964e+00
 -6.04875380e-01
  6.63035498e-01
 -1.78294492e-01
  9.46378887e-02
 -1.34114278e-01
  4.83734508e-02
  8.06815231e-01
  3.03780927e+00
 -9.02522575e-01
 -9.70582636e-01
  2.59226089e-01
  9.95773976e-01
  7.70541213e-01
  3.82824104e-02
 -1.62784726e+00
 -4.27553293e-01
  6.20373149e-02
  3.07599439e-02
 -2.92467953e-01
 -7.73996114e-01
  1.25711207e+00
 -1.33825464e+00
 -6.54113484e-01
  6.42683438e-01
 -1.21152287e+00
 -3.74545378e-01
  4.01795525e-01
  1.35630240e+00
  4.69964776e-01
 -8.40558192e-01
 -1.20027268e+00
  9.40976831e-01
 -8.73908463e-01
  1.95511579e+00
  1.43354651e+00
  1.28792300e+00
 -1.01401007e+00
  6.71249295e-02
  2.81237165e-01
 -5.91604368e-01
 -1.40783856e+00
 -2.10597690e-01
  2.08308953e-01
  1.36537997e+00
 -5.86347953e-01
 -1.99704357e+00
  1.08440073e+00
 -6.43838210e-01
 -3.96351278e-02
 -2.66336291e+00
 -5.16889642e-01
 -8.75122896e-01
  8.44067854e-01
  1.27564613e+00
  2.11027237e+00
 -2.33304497e+00
 -1.82732040e+00
  1.04831565e+00
 -9.77137900e-01
  2.51220925e-01
 -1.75090742e+00
  1.82319159e-01
 -7.52606172e-01
 -5.88220225e-01
 -6.35183072e-01
  5.04984816e-01
  1.17324008e+00
 -1.14154255e-01
 -1.70217481e+00
  2.68192924e-01
  1.76424103e+00
  7.66401448e-01
  1.68156486e+00
  2.45094187e+00
 -1.87056667e+00
 -1.65933172e-01
  1.54103206e+00
  2.51375129e-01
 -6.06333507e-01
  1.62158827e-01
  4.35145487e-01
  1.07932445e+00
  7.68496418e-01
  6.67840214e-01
  2.16118332e-01
 -7.62875545e-01
 -1.36155133e+00
  5.18447803e-01
 -1.53668238e+00
  4.85897306e-01
  3.72520897e-01
  6.35746917e-01
  7.01668763e-03
 -2.02596873e+00
 -1.53836488e+00
  1.50859363e+00
  1.34921100e+00
 -8.45227826e-01
 -1.19448843e-01
 -9.30944532e-01
 -2.04512876e-01
 -2.88301468e-01
 -3.55133204e-01
 -2.15794488e-01
  1.93307516e+00
 -9.84775697e-01
  1.49190528e+00
  1.69959819e-01
 -2.40618335e+00
 -6.78144916e-03
  2.96880671e-01
  7.20308556e-02
  2.51609711e-01
  1.07144649e-01
 -3.92314527e-01
  7.36922792e-02
  2.64891708e-01
  3.53119361e-01
 -1.29377988e+00
 -1.26292976e+00
 -1.54174974e+00
 -1.93561824e-01
  5.81275736e-01
  1.15321755e+00
  7.90803657e-01
 -2.50974799e-01
  6.79839114e-01
  9.85944556e-01
 -1.02701169e+00
  1.74116485e-01
  8.89368143e-01
 -1.99417234e+00
 -1.54591961e+00
  8.66353645e-01
  1.07099658e+00
  1.26042915e+00
 -3.46263859e-01
  3.24878471e-01
 -1.43497035e-01
  1.74241391e+00
 -1.00223872e-01
  4.84516363e-01
  6.06464629e-01
  1.67583715e+00
 -1.54386601e-02
 -4.47964658e-01
  6.19518739e-01
  2.01961028e+00
  2.47428652e-01
 -1.31377003e+00
  9.49629339e-01
  1.62849755e+00
 -2.91122837e-01
  2.03689616e-01
 -4.50416677e-01
  1.16080647e+00
 -1.06393187e+00
  1.59787635e-01
 -4.12776744e-01
  2.11245386e+00
 -3.20559144e-01
 -1.26977943e-02
 -1.80932140e+00
 -1.44521598e-01
 -3.35065322e-01
  2.91718824e-01
  1.49320954e+00
 -8.79635562e-01
  6.25099563e-01
  8.55071388e-01
 -8.54770852e-01
  8.53482516e-01
  1.07999505e+00
  1.72474179e+00
 -2.32394811e-01
  1.05831968e-01
 -6.82240768e-01
 -3.29742010e-01
 -1.81437773e-01
 -2.41818967e-01
 -5.47486366e-01
  1.73577030e-01
  4.12329249e-01
 -4.14907198e-01
 -3.20353848e-01
  1.03061499e+00
  9.80649004e-01
  9.20731067e-01
 -7.82712326e-01
  1.07153330e+00
 -9.89021011e-01
 -4.93205143e-01
  2.15327069e+00
  8.55997908e-01
  5.13832117e-01
  5.43799673e-01
 -1.33639710e+00
  1.84394248e+00
 -7.92483222e-01
 -1.74775370e+00
  6.54463350e-01
  9.02664072e-01
 -2.87542580e+00
 -1.59165871e-01
 -6.91836606e-01
  5.46926949e-01
  2.12222365e-01
 -1.86534831e-01
  9.55850322e-02
  4.60557172e-01
 -1.13929689e+00
  1.29689326e+00
  5.82912822e-01
  2.09832259e+00
 -1.25127190e+00
 -7.64543768e-01
 -7.62690428e-01
  5.06964383e-01
 -8.56832963e-01
 -6.23984447e-01
  2.39466310e+00
  8.21834744e-01
 -9.20921681e-01
  1.57670445e+00
 -9.13982564e-01
 -1.37840224e-01
 -3.02554617e-01
 -1.58731998e+00
  1.74281293e+00
  4.30601663e-01
  6.61908925e-01
 -1.46391455e+00
 -1.19882799e+00
 -6.85655555e-01
 -5.33232002e-01
 -6.51505972e-01
 -1.10676812e+00
  7.54665389e-02
 -2.38803836e+00
  8.60140079e-01
 -3.06513358e-01
 -5.54463880e-02
  7.01795521e-01
 -1.03930848e+00
 -6.72961119e-01
  5.70485202e-01
 -4.32734317e-01
 -4.17766209e-01
 -7.38070974e-01
 -1.37694138e+00
 -6.24996957e-01
  8.21422754e-01
  2.96432806e-01
  2.12440536e-01
 -4.90107559e-01
  8.06306214e-01
  6.93045387e-01
  1.74869892e+00
 -7.99045596e-01
 -5.64255300e-01
  2.93182485e-01
  1.09584216e+00
  2.00045681e-02
 -6.06677641e-01
  1.84013743e-01
  4.18881105e-01
 -5.20466621e-01
 -1.77382512e+00
 -3.69854832e-01
 -1.18712329e+00
 -6.68923207e-01
 -1.14282113e-01
 -8.50815315e-01
 -1.57341259e+00
  8.51619158e-02
 -1.94363727e-01
  1.77788057e+00
  2.30201806e-01
  6.25747579e-01
  1.74318401e-01
 -2.48188438e-01
 -1.71789895e-01
 -2.54383251e-01
 -6.65822539e-01
 -1.65424388e+00
  3.01707339e-01
 -2.42605709e-01
 -4.79037352e-01
  2.63777668e-01
 -1.84412147e-01
  3.42704527e-01
 -2.32310214e-01
  1.89596912e+00
  1.53262447e+00
 -1.52629408e+00
 -7.46405936e-01
 -2.45826319e-02
  8.57182170e-01
 -3.80329355e-01
 -1.45982830e+00
 -5.97378336e-01
 -9.70710002e-01
  7.14137472e-02
 -5.34103745e-01
 -8.28894201e-01
  1.83059072e+00
 -6.94630057e-01
  3.97465650e-01
 -6.82007660e-01
  1.17630308e+00
  2.22563765e-02
 -1.37273583e+00
  5.56918116e-01
 -4.42696127e-01
 -5.04263212e-01
  1.86160102e+00
  8.55902560e-01
  4.48450175e-01
 -5.15956128e-01
  7.89906950e-01
 -2.06433387e+00
 -3.60854633e-01
 -1.86814693e+00
 -5.64288553e-01
  6.91667362e-01
 -5.07102456e-01
  1.49010006e-01
 -3.28273800e-01
 -5.97928665e-01
  5.64937549e-01
  2.98980173e-01
 -1.00019436e+00
 -2.91275475e-01
  1.15036067e+00
  2.67976863e-01
 -1.26928450e+00
 -1.31930332e+00
 -5.33598169e-01
 -1.99039808e-01
  3.11911798e-01
  8.06830370e-02
 -5.44325042e-01
  4.18138437e-01
 -1.00709894e+00
  5.33230251e-02
 -2.78002988e-01
 -8.82412113e-01
  1.61130899e+00
  2.08913945e+00
  1.10937754e-01
  5.23768983e-01
 -5.65985016e-01
  5.30434521e-01
 -4.08207822e-01
 -2.75357522e-01
  1.07586817e-01
  5.95250972e-01
  9.60640188e-01
  2.50069246e+00
 -6.25084161e-01
  7.76075555e-02
 -1.67478333e-01
  7.88713324e-01
  1.38535324e+00
 -8.83198702e-01
  1.15688475e-01
  3.82489791e-03
  5.61865605e-01
 -1.09365195e+00
  2.33642325e-01
  1.03007669e+00
 -1.95763143e+00
  3.49540400e-01
  7.31551811e-01
 -6.08959648e-01
 -3.43077347e-01
 -1.80146007e+00
 -3.04715900e-01
 -4.83657463e-01
 -7.57318645e-01
 -8.00131975e-01
 -4.04292818e-02
  1.00126175e+00
 -1.06888259e+00
  9.79907811e-01
  1.01951061e+00
  1.26736487e-01
 -1.11361338e+00
  1.16087808e+00
  1.23926152e+00
 -7.07562813e-01
 -1.90631824e-01
 -5.96080976e-01
 -7.08758434e-01
  1.10170352e+00
 -1.71940127e+00
  7.09071398e-01
  1.75948815e+00
  2.84852681e-01
 -6.19153545e-01
 -1.72836779e-01
  1.08040842e-01
 -1.58523319e+00
 -1.17125067e+00
 -1.45329680e-02
  9.44558705e-01
  6.11433855e-01
  2.42408596e-01
  8.77351376e-01
  7.08891905e-01
 -8.22045160e-03
 -8.47229532e-01
  1.28749170e-01
  1.17293551e+00
 -5.80128735e-02
 -6.42485900e-01
 -1.86650145e-01
 -3.44505260e-01
 -8.06605541e-01
  1.37275640e+00
  3.85342666e-01
 -8.98318617e-01
 -1.24958082e+00
 -7.67490306e-02
 -4.75623664e-01
 -1.37276808e+00
  7.60617988e-01
 -8.16023708e-01
 -1.49551159e+00
  1.70188288e-01
 -1.01100114e+00
  8.71438037e-01
  1.54408197e+00
  3.47839786e-01
 -1.36999438e-01
  1.48754512e+00
 -8.40687729e-01
 -6.70556479e-01
  6.69376537e-01
 -1.29070584e+00
  6.42671149e-01
 -5.86504683e-01
  3.16139529e-02
  2.83647752e+00
  7.11514456e-01
 -7.72409985e-01
 -2.57267447e+00
  1.09734536e+00
  1.34561410e+00
  6.17254951e-01
 -1.67542997e+00
 -1.39504172e+00
  6.49050094e-01
  1.52254057e+00
 -2.23345637e-01
  5.80977021e-02
  2.98299120e-01
 -1.48311117e-01
  1.65477381e+00
  2.44775715e+00
 -1.96175523e-01
  2.18378797e+00
 -1.22358331e-01
  2.07594928e-01
 -1.75150743e+00
  8.47434686e-01
 -1.07886145e+00
 -1.55635201e-01
 -6.82003713e-01
  4.76838347e-01
 -1.45952276e-01
 -1.72232597e-01
  1.43676769e+00
 -1.27703944e+00
  7.88120137e-01
  8.49974929e-01
 -1.09023022e+00
 -6.95651586e-01
 -1.23812708e+00
  5.81760110e-01
 -2.39751062e-01
  2.96226027e-01
 -1.43146669e+00
 -1.09982977e+00
 -9.86143724e-01
 -1.78292312e+00
 -1.07905504e+00
  6.29941266e-01
 -6.39349958e-01
 -8.54026301e-01
  7.87000127e-01
 -3.90900949e-01
  9.99396156e-01
  1.98640109e+00
 -6.97738639e-01
  1.84986299e-01
  9.02396069e-01
 -4.12017311e-01
  4.65586004e-01
  5.99020055e-01
  1.41617920e+00
  1.82373421e+00
  1.52638291e+00
 -1.96114563e+00
 -1.20627339e+00
  8.60829179e-01
  1.14544435e+00
  5.67652809e-01
  3.01613229e-01
 -1.91237215e+00
 -1.68873855e-01
 -4.17169714e-01
 -5.63061869e-01
  3.61409049e-01
  7.23986831e-01
  2.82151310e-01
 -1.78841542e+00
 -4.65836573e-01
 -9.29631278e-01
 -1.05815027e-01
  9.45360102e-01
  3.38045124e-01
 -1.05478997e+00
 -9.18627805e-01
 -5.07920436e-01
  1.61208983e-01
 -2.50245474e-01
  9.48573988e-01
 -3.75331777e-02
  6.65693119e-01
  7.01291297e-01
  2.58530193e-01
  2.91988557e-01
 -5.47844053e-01
  2.05746214e+00
 -1.84410187e-02
 -2.04047824e+00
 -1.33070825e+00
 -1.98200486e+00
 -1.30040643e+00
 -9.38691830e-02
 -9.98290611e-01
 -7.65646398e-01
  7.12027647e-01
  5.76446184e-01
  5.76170371e-01
 -5.56556643e-02
 -8.23626331e-01
  2.55938802e+00
 -1.26021281e+00
 -8.00257472e-01
  2.20306526e+00
  8.32680029e-01
  4.06157270e-01
  1.05390963e+00
 -1.01146039e+00
 -1.04003120e+00
 -2.74035213e-01
 -9.54205848e-01
  5.70222370e-01
  9.28184851e-01
 -7.56498640e-01
  1.51896722e-01
 -6.42225377e-02
  1.40376128e+00
  1.40291596e+00
 -6.54170314e-01
  1.52093987e+00
  1.08937785e+00
 -6.31196124e-01
  6.28187620e-02
  5.18718611e-01
 -1.98715620e+00
  2.74661034e-01
 -2.04156012e+00
 -1.02776459e+00
  1.24558543e+00
  5.04787007e-01
 -2.40051158e-01
  2.18193154e+00
 -2.03117623e-02
 -5.83877935e-01
  1.88499598e+00
 -1.15253101e+00
 -5.08175250e-01
  8.89160284e-01
  2.56635991e-01
 -1.28573677e+00
  2.84590015e-01
  8.22444036e-01
  4.54060579e-01
 -4.65119897e-01
  2.20604780e-01
 -1.54946024e-01
 -2.66098065e-01
 -9.65778338e-01
 -1.33291921e+00
  2.27608769e-01
 -9.20433402e-01
  2.00540278e-01
  5.59452904e-01
  1.55001597e-01
  6.22744395e-01
  2.31423773e-01
  1.21941109e+00
  2.95394612e-01
 -1.16955166e-01
 -1.26491828e+00
 -2.14044994e+00
 -2.59513915e-01
  9.16479395e-02
  3.47543527e-01
  1.13383935e+00
  4.70206943e-01
 -7.07662877e-02
 -3.14623181e-01
 -1.58269848e+00
  6.35060780e-01
  3.24798789e-02
  5.99082573e-01
 -6.00288430e-01
  1.83965572e+00
 -5.63874142e-01
  7.27861815e-01
  4.83033743e-01
  7.37199545e-01
  1.25946361e+00
  4.41230734e-01
 -2.44723476e-01
  6.68677825e-01
  2.27173299e-01
  1.38574199e+00
  1.89407958e+00
  3.52511561e-01
  1.14209483e+00
 -1.44570484e+00
  1.34560206e-02
  4.89692131e-01
  7.12402880e-01
  1.09171874e+00
 -5.75321970e-01
 -1.20848920e+00
  1.04298533e+00
 -6.00887305e-01
 -6.98267842e-01
  9.77605775e-01
 -3.15138516e-01
  2.39630388e-01
  4.51808233e-01
  2.11634113e-01
  9.44360032e-01
 -6.81267794e-01
 -1.12387829e+00
  1.55138468e+00
 -3.31712928e-01
 -4.89108497e-01
 -4.27105025e-01
 -9.06419973e-01
  6.71765988e-01
 -9.00431794e-01
 -1.42247014e+00
  1.83794388e-01
  6.15006744e-01
  9.22862128e-01
 -5.95453204e-01
 -1.01398010e+00
 -2.19393119e-01
  2.16461745e+00
 -7.50301664e-01
  1.04235269e+00
  1.13877512e+00
 -7.89997295e-01
 -4.71891443e-01
  3.61304840e-02
  4.60397273e-01
 -5.50226442e-02
 -1.05800236e+00
  6.09881693e-02
  1.15754901e+00
  1.69808147e-01
 -1.17797918e-01
 -1.41503161e-01
  5.14962704e-01
 -6.14479305e-01
 -2.18584905e+00
  1.02584151e+00
  1.39208028e+00
  9.38599365e-01
 -2.17849472e+00
 -4.91973463e-01
 -1.37972287e+00
  1.04182251e+00
 -7.66419469e-01
  1.02391254e-01
  7.73406421e-01
  5.75261362e-01
 -5.51444142e-02
 -1.50183690e+00
  3.57388392e-01
 -5.98201339e-01
 -1.24998682e+00
  1.47664050e+00
  5.61039989e-01
  8.03117578e-01
  6.70257264e-01
  9.91744708e-01
  1.70511090e+00
  4.36809068e-01
 -9.26191376e-01
  3.25068365e-01
 -1.09326568e+00
 -1.06520340e+00
  9.56333535e-01
 -1.88242565e+00
 -3.95750533e-01
 -1.40806728e+00
 -5.26065313e-01
  1.16013463e+00
  8.24118541e-01
  6.95524876e-02
  8.59773465e-01
  7.02434476e-01
  1.55754018e+00
  2.35348374e+00
 -8.02660818e-01
 -5.83486617e-01
 -2.57995162e+00
 -9.14387342e-01
  6.48689234e-01
  3.77221049e-02
  7.60803869e-01
 -9.33050339e-01
 -2.41571061e-01
 -4.04817372e-01
  6.25877864e-01
  1.53638473e+00
 -1.95965348e-01
  1.88980069e+00
  7.99519531e-01
 -5.47945256e-01
 -3.29368977e-01
  4.72186019e-01
 -6.00381760e-02
 -2.96065540e-01
 -1.24372042e+00
  2.81550544e-03
  2.66817314e-01
 -6.17308564e-01
  4.89663862e-01
  3.10961290e-01
  1.73266176e+00
 -2.77162770e-01
 -1.70655951e+00
 -8.88320944e-02
  1.33994075e+00
 -1.28512309e+00
 -3.65672001e-01
 -1.06579480e+00
  8.23811721e-01
  2.00295262e+00
 -1.27138201e+00
 -2.55754361e-02
 -1.73511408e-01
 -8.83565156e-01
  3.13661168e-01
  6.05119604e-01
 -2.40411682e+00
 -6.37917488e-01
  6.89542732e-01
 -1.40714379e+00
  1.86486507e+00
 -1.33988459e+00
  7.06654323e-01
  1.81624717e+00
 -9.66500452e-01
  4.62417918e-02
  4.43846250e-01
 -5.78206605e-01
 -3.75154802e-01
  3.95796857e-01
 -1.14817434e+00
  7.64204924e-01
 -7.21368912e-01
 -6.17819614e-01
  1.29292485e-01
 -1.86368037e-01
  1.29657829e+00
 -1.11453746e+00
 -6.95110729e-01
  2.11633645e+00
 -9.71357883e-02
 -1.92530980e+00
  4.76016231e-01
 -8.15134477e-01
 -5.20136172e-01
 -6.10782824e-01
 -4.13691643e-01
  7.32706230e-01
  4.74986125e-01
 -5.05524663e-01
  2.51721477e+00
 -1.22822472e+00
 -5.92795344e-01
 -3.43401955e-01
  1.13558205e+00
 -3.58356920e-01
 -8.42943210e-01
  7.81518551e-01
  4.18897636e-01
  7.61241002e-03
  1.10188407e+00
  4.39604216e-01
  5.49489230e-01
  1.69804453e+00
 -1.01431083e-01
 -1.23422622e+00
 -8.07846451e-02
  7.17965321e-01
  1.22744288e+00
  5.63495987e-01
 -1.67862592e-01
  1.40021626e+00
  2.07980946e+00
  3.25909183e+00
  9.26284588e-01
  2.24890188e-01
 -9.07107855e-01
 -1.73725884e+00
  1.62029178e-01
 -1.42358439e+00
  4.80666730e-03
  4.54054654e-01
  1.05774192e+00
  1.32198752e+00
  4.65940821e-01
 -3.54987893e-01
 -1.64423115e-01
 -1.04802582e+00
 -4.46806399e-01
  1.26644061e+00
  2.45682593e-01
 -1.22601523e+00
  1.42699429e+00
  1.41436512e+00
  2.14798450e-01
  1.95836743e+00
  9.15357118e-01
  1.45095676e+00
 -9.51774759e-01
  4.45911345e-01
 -3.62755605e-01
 -6.65707901e-01
 -1.35189380e+00
 -1.60650877e+00
  4.83705404e-01
 -8.44449937e-01
  2.11384394e+00
  8.46659466e-01
  8.25115557e-01
  2.05732254e+00
  1.35783909e+00
 -5.12229219e-01
  8.70224374e-02
  1.86097574e+00
 -7.95680189e-01
 -7.43624722e-01
 -7.30386406e-01
 -1.31146780e+00
  2.81634815e+00
 -9.82593176e-01
  9.09222752e-01
  1.12537359e+00
  4.67310560e-01
 -1.07703509e+00
  1.22830227e+00
  2.75981580e-01
  6.38963851e-01
 -1.10045913e-02
  1.72526846e-01
 -8.08437815e-01
 -5.22408964e-01
  1.62315960e+00
 -1.37614887e+00
 -1.69536753e-01
 -1.21746682e+00
  1.24364149e+00
 -1.39544575e+00
 -1.14596343e+00
  1.39970559e+00
 -7.60268587e-01
 -5.45179888e-02
  2.02010835e+00
  4.78955919e-01
  1.58953212e-01
  8.15805129e-01
 -6.54079856e-01
  6.93230957e-01
 -1.21333422e+00
  5.58266422e-01
  1.48916763e+00
 -7.62778414e-01
  2.01766260e+00
  7.89092114e-01
  2.91174055e-01
  2.02126538e+00
 -5.63627202e-01
  1.35156354e+00
 -2.26298734e-01
  1.56555209e+00
 -1.54913434e+00
 -7.90948111e-01
  1.25932602e+00
  5.96959942e-01
 -4.77203195e-01
  2.85593164e-01
  2.82468717e-01
  1.53733383e-02
  9.49633097e-01
  5.00245582e-01
 -1.03462693e+00
 -6.16414498e-01
  2.94067280e-01
  4.81456343e-01
 -5.49921669e-01
  9.90357301e-01
 -5.01760382e-01
 -8.58840547e-01
 -6.97803701e-03
 -1.02645827e-01
 -3.36975385e-01
  5.76394470e-01
  9.50687941e-01
  9.33576603e-02
  1.50325949e+00
 -8.04044595e-01
  1.06518695e+00
 -3.48376639e-01
  4.77320405e-01
  7.06904592e-01
  5.24873312e-01
 -2.45226503e-01
  1.17015156e-01
  6.84656938e-01
  6.55554855e-01
 -1.31629851e+00
 -4.84886890e-01
  4.46914638e-01
 -6.81839800e-01
  9.61761432e-01
 -2.25430994e+00
  3.74348279e-01
 -2.35081107e-01
  1.31597188e+00
 -1.10416627e+00
 -5.20061418e-02
 -5.01042260e-01
 -6.87572775e-01
 -6.19548103e-01
  1.37816477e+00
  4.90723471e-01
  6.74084405e-01
 -2.09532934e+00
  9.26356427e-01
 -3.83328240e-01
  1.23556784e+00
 -1.78193507e+00
  6.00248199e-02
 -1.00579034e-01
 -1.31373494e+00
 -4.45695143e-01
 -1.95332731e+00
 -1.18143190e+00
 -9.21297537e-01
  1.26426637e+00
  1.75575203e+00
  1.55140267e+00
  8.17932975e-01
 -7.18493240e-01
 -3.68419677e-01
 -2.85178070e-01
  7.40907621e-01
  1.00474197e+00
  9.43460801e-01
 -1.34559191e+00
 -1.56021302e-01
 -1.37921171e+00
 -2.75033314e-01
 -9.19540603e-02
  1.52548037e+00
 -1.37612215e-01
 -2.25371546e+00
 -3.65272978e-01
 -3.71147433e-01
 -6.86018232e-01
 -3.39950059e-01
 -7.00778125e-01
  1.77836109e+00
 -3.10329454e-01
  1.53217545e-01
  6.64314969e-03
 -5.70608398e-01
 -1.96135044e+00
 -7.38746183e-01
 -1.57566462e+00
 -5.93756440e-01
  1.20354652e+00
  1.07708417e+00
 -8.23339356e-02
  2.90375836e-01
 -8.10997732e-02
  2.29207667e-01
 -4.34542576e-01
 -2.54165290e-01
  5.06530616e-01
 -1.74736224e+00
  1.53410725e+00
  9.08411008e-03
 -2.17315003e-01
  1.28421845e-01
  1.35095804e+00
  1.52019132e-01
  1.90191664e+00
  2.79590648e-01
  1.29947354e-01
  7.36228104e-01
 -8.41643315e-01
  1.11730535e+00
  1.26888131e-01
  1.41998436e+00
 -5.82120715e-01
 -7.88027539e-01
  9.63469901e-01
 -6.15338677e-01
  1.65455492e-01
 -6.34324790e-01
 -7.22435582e-01
 -3.19112947e-01
  5.09208710e-01
 -2.56694208e-01
  7.13434627e-01
 -1.14676541e+00
 -5.55409038e-01
  5.91776109e-01
 -1.37900412e+00
 -1.10007403e+00
  2.15182543e-01
  1.63202193e+00
 -5.03467659e-01
 -1.02733598e+00
 -4.37423888e-02
  1.48491305e-01
 -9.78475383e-01
 -2.20577588e+00
  1.49636887e+00
  1.59620601e-01
  4.19745567e-01
 -2.02981279e+00
  6.48315768e-01
  2.88332966e-01
  7.24809421e-01
 -1.54513103e+00
 -5.48773216e-01
 -8.05651550e-01
 -6.38719955e-01
 -1.87644631e+00
 -3.41670804e-01
  6.86155799e-01
  8.64066259e-01
 -8.72184018e-01
  6.15909839e-01
  8.65690994e-02
 -1.02559902e+00
 -1.79756704e-01
  5.08682560e-01
 -3.80762347e-01
  8.03795636e-01
 -6.87454279e-01
  2.53153056e-01
  1.57964740e-01
  3.69453892e-02
 -1.74573873e-01
  1.03293053e+00
 -2.72402466e+00
  5.50567658e-01
 -3.38223476e-01
 -1.47275131e+00
 -4.56816847e-01
  1.57261495e+00
  2.12239661e-01
 -1.02789314e+00
 -1.12303022e-01
 -3.51292975e-01
 -1.09771320e-01
 -1.22204277e+00
 -1.89505652e-01
  1.35796939e+00
 -1.57848571e+00
 -1.71701985e-01
 -4.69163727e-01
 -2.53983720e-01
 -2.74010037e+00
 -1.85559843e+00
 -8.03317012e-02
 -8.21961178e-01
 -6.82487846e-01
 -2.14135405e-02
 -1.61853437e-01
  4.07912638e-01
 -7.23669465e-01
  1.27317736e+00
  7.82359045e-01
  6.57905432e-01
  4.74544154e-01
  1.09114364e+00
  1.03362787e+00
 -1.12006010e+00
  1.97885500e+00
  8.18121155e-01
 -2.14730533e-01
  9.83151834e-02
  2.23954439e-01
 -1.21836654e-01
 -6.99202067e-01
 -1.23593209e+00
  2.53841514e-01
  1.11591407e+00
 -1.51404889e-01
 -1.65043393e+00
 -5.38566673e-01
 -4.89231319e-01
  2.36292963e-01
  3.65580521e-02
  6.17310730e-01
 -8.99292245e-01
  1.02566370e-01
  8.97612610e-01
 -1.11245899e+00
 -7.41378720e-01
  9.84254094e-01
  1.24366128e+00
 -1.16076356e+00
  2.76561346e-01
 -2.15142007e-01
  1.35754386e+00
  1.35022911e+00
  1.81929413e+00
  2.71763853e-01
  9.52762618e-02
 -4.38065593e-01
  8.87066564e-01
  2.01624755e+00
 -4.14700941e-01
  1.20242467e+00
 -9.86584124e-02
  1.06597072e+00
 -2.95852850e-01
 -4.10370582e-01
  1.94847089e+00
 -5.22201715e-01
 -3.78033301e-01
 -5.05520539e-01
 -6.47667338e-01
  1.04615612e+00
 -1.70395194e+00
 -5.36423470e-01
  6.73074792e-01
 -1.33511142e+00
  8.28493225e-01
 -7.09057910e-01
 -2.06683728e-02
 -4.01012855e-01
  1.06293628e+00
 -1.85022162e-01
  8.95979173e-01
  6.07182472e-01
 -6.15566318e-02
  1.13292671e+00
 -1.24234423e+00
  1.72098691e+00
  8.89555960e-01
 -8.03157544e-01
 -1.00513226e+00
  1.86191544e+00
  4.87153558e-01
  6.43036889e-01
 -1.50591870e+00
  8.56774026e-01
  5.78098506e-01
 -4.20166352e-01
  5.48408977e-01
  1.81579515e-01
  9.81427063e-01
 -7.39267621e-01
 -8.23511907e-01
 -3.43597280e-01
 -2.50286141e-01
  7.17054019e-01
  4.14109886e-01
 -8.54088421e-01
  1.67666235e+00
 -1.71109479e+00
  1.22807008e-01
 -4.01530054e-01
 -1.15573110e+00
  4.39184801e-01
 -9.08185286e-01
 -2.30769842e-02
 -1.54941799e+00
  1.14896483e+00
  3.38015215e-01
 -4.80743742e-01
 -5.67030429e-01
 -9.02861131e-01
 -2.09258683e-01
 -1.23094025e+00
 -5.41753701e-01
 -1.23206387e+00
  1.32544919e-01
 -9.54465079e-01
  2.28414746e+00
  3.36170393e-01
 -4.62689877e-01
  1.13101938e-01
  5.85927621e-01
 -1.98306717e+00
  7.84928096e-01
  3.06706073e+00
 -5.25038250e-01
 -5.19945641e-01
 -2.12688328e-01
  6.15546860e-01
  2.71734567e-01
  4.82848474e-01
 -6.08083627e-01
  1.98127788e-01
 -2.10872094e+00
 -1.30980707e+00
  3.81129046e-01
  1.33328928e+00
 -8.17699481e-01
 -5.82451077e-01
 -5.52328768e-01
 -5.71618010e-02
 -7.29261832e-01
  2.90602192e-02
  2.80980890e-01
  1.36827693e+00
  1.85536372e-01
  6.64514487e-01
  9.74574170e-02
 -2.60165652e-02
 -7.35528239e-01
  1.90896137e-01
  1.07574439e+00
  3.54304769e-01
  8.22104153e-01
 -6.57348850e-01
  6.62458031e-02
  6.96151964e-01
 -1.33329892e+00
  3.39235669e-01
  1.81851367e+00
  2.27135511e-02
  1.58010888e-01
 -1.92544204e-02
 -4.68594115e-01
  1.29079948e+00
 -9.39734483e-02
 -8.29329611e-02
  1.02689414e-02
  1.17202978e-01
  2.64369237e-01
  6.04534510e-01
  9.85224027e-01
 -8.81095974e-02
 -1.22059168e+00
  6.30924412e-02
  8.23728095e-01
  1.62834178e-01
  1.01919523e+00
  9.26669155e-01
 -1.27446682e+00
  1.77514870e+00
 -4.54433128e-01
 -3.32226638e-01
 -1.50994696e+00
  3.40825944e-01
  5.57505100e-01
 -4.80725181e-01
  9.71882002e-01
  5.09820563e-01
  1.99633305e-01
 -1.92998098e+00
  1.46398552e+00
 -8.64234223e-01
  2.99769665e-01
 -1.13770037e-02
  1.65214218e+00
  1.99728897e-01
  1.62824376e+00
 -1.87497187e-01
 -1.25523385e+00
  8.30889658e-01
 -1.57916350e+00
 -4.27175723e-01
  2.95612266e-01
  4.42270138e-01
 -2.74324470e-01
 -3.54516888e-03
 -7.73568975e-02
  5.77267280e-01
 -6.71892097e-01
 -8.12344857e-01
 -3.52263901e-01
  6.38591592e-01
 -2.18497953e-01
  4.72407435e-01
 -1.71776659e+00
  2.41807219e+00
 -2.06585388e+00
 -1.52132758e+00
  7.34325484e-01
 -1.11875904e+00
 -1.46784093e+00
  2.24551995e-03
  1.32936138e+00
 -8.12789085e-01
  1.15638929e+00
 -3.71403735e-01
 -1.01567905e-01
 -3.39679440e-02
  8.28752889e-01
  1.69701527e+00
 -3.05229342e-01
  4.28817397e-02
  1.42126723e+00
 -7.73734154e-01
  2.73432637e-01
  7.75106324e-01
  3.62738989e-01
  4.59129274e-01
 -7.84224519e-01
  3.36899482e-01
 -3.28377949e-01
  7.07552171e-01
 -4.37823408e-01
  3.37837416e-01
 -1.25142580e+00
 -6.72638485e-01
  1.45722402e-01
 -1.63951700e+00
  1.10756845e+00
  6.16491414e-01
 -7.94610616e-01
 -5.59563419e-01
 -1.01799674e+00
 -4.63370662e-01
  7.21699572e-01
 -9.95024903e-01
 -3.50627522e-01
  1.78426600e-01
 -9.52610777e-01
 -5.33254262e-01
  5.21097578e-01
  5.58338365e-01
  8.74844185e-01
  1.08127013e-01
 -1.13400957e+00
 -4.90785142e-01
 -3.92918795e-01
 -1.89189527e-01
 -6.53663534e-01
  1.09728146e+00
 -1.07102806e+00
  9.25042049e-01
 -6.59279480e-01
  1.08097840e+00
 -1.42632486e+00
 -5.54819799e-01
  2.67988156e-01
 -2.26800113e+00
  1.55419360e+00
 -3.23197033e-01
  7.12990643e-01
  2.53220053e-01
 -8.68393755e-01
 -7.97497476e-01
  9.23574325e-01
 -9.42950213e-01
 -8.11596196e-01
  8.78663691e-01
  1.80028482e-01
  1.22414092e+00
  1.52395620e+00
 -1.34852939e+00
  2.19304513e+00
  3.72971225e-01
  1.15566193e+00
 -3.62185460e-01
 -8.67166717e-01
  5.23659384e-01
 -2.00474713e+00
  3.74019835e-01
 -9.61439214e-02
  1.01769682e+00
  4.57007031e-01
  2.23655013e+00
  1.06525238e+00
 -8.82286118e-01
 -8.95878646e-01
 -8.27025184e-02
 -6.62025990e-01
 -1.49404776e-01
 -2.34741622e-01
  4.39463119e-01
  1.54776438e+00
  3.12408378e-01
  1.30617564e+00
 -5.20822236e-01
  2.21781024e+00
  1.42621306e-01
 -2.20148363e+00
  9.97072490e-01
 -2.65185360e+00
  7.30146455e-01
 -8.28580886e-01
  2.18431128e+00
 -4.43333020e-01
 -9.41744956e-01
  5.28012926e-01
 -1.16747064e+00
  1.10807317e+00
 -1.50998743e+00
 -7.67924896e-01
  1.26238634e+00
  1.49936155e+00
  1.01068523e+00
 -2.51309903e-01
 -2.00040905e+00
 -1.51984045e+00
  6.23824781e-01
  4.83278206e-01
  1.62747089e+00
  3.60746479e-01
  1.54846462e+00
  3.12474828e-02
  3.12948220e-01
  4.89931653e-02
  7.15501258e-01
  2.03656786e+00
 -7.20741935e-01
 -1.21676787e+00
 -1.71921405e+00
 -4.87733137e-01
 -4.59605131e-01
  4.80402674e-01
 -2.78051133e-01
  7.59577259e-01
 -3.41079777e-01
 -4.16159033e-01
  5.20783388e-01
 -1.20250357e+00
  3.18268689e-01
 -1.28617315e+00
  5.70808137e-01
  5.51076647e-01
  1.67442897e+00
  2.12177973e-01
 -2.62302314e-01
  1.61632171e-01
  4.44437471e-01
 -4.80877538e-01
  6.25735546e-01
  1.46963431e+00
  1.30621351e+00
 -1.96950824e-01
  1.97817772e-01
  2.87588375e+00
 -9.52309444e-01
 -6.35945059e-01
  2.92616132e-01
  1.25995858e-01
 -1.93515037e-01
 -4.25511688e-01
  1.86734941e-01
  7.42430452e-01
  1.14611186e+00
 -2.40423183e-01
  8.38300652e-01
  7.91580331e-01
 -9.05061322e-01
 -1.08505998e+00
 -1.99009026e+00
 -7.54748718e-01
 -2.13405359e+00
 -2.31803192e-02
 -9.83824909e-01
 -1.58407685e-02
 -2.64267441e-01
 -8.19281145e-01
 -9.18818400e-01
  1.71872399e+00
  5.60251952e-01
 -9.48287536e-01
  3.23579092e-01
 -7.38844119e-02
 -2.73212457e-02
 -5.62581017e-02
 -1.53871010e-01
 -1.70399330e+00
  6.06197552e-01
 -1.22700431e+00
  5.37751988e-01
  7.61091824e-02
 -1.40482016e+00
 -2.94518814e-01
  8.79400899e-01
 -6.52761737e-02
  1.81594586e+00
 -8.67925838e-01
  3.89926158e-01
 -5.99946408e-02
 -7.28170025e-01
 -1.74267411e+00
  1.39643865e-01
  1.98040496e-01
 -1.11667223e+00
 -8.32155148e-01
  1.67531427e+00
 -4.45975684e-01
  4.10512817e-01
 -1.23659507e-01
 -3.48191594e-01
  1.37862911e+00
 -5.89727963e-02
  2.57560310e+00
  1.03528405e+00
 -4.65618737e-01
  4.89996377e-01
 -6.72236367e-01
  5.51068743e-02
  1.53905879e-01
  6.01564653e-01
 -2.78367365e-01
 -1.12020997e+00
  1.08081780e+00
 -3.40772571e-02
  8.83988683e-01
  5.70234855e-01
  2.26996514e+00
 -9.20191825e-01
  1.58080516e+00
 -1.29404505e+00
  2.51834222e+00
 -3.89218427e-01
 -1.06653188e+00
  4.69228635e-01
  1.33545717e+00
 -1.33875366e+00
 -1.51258950e+00
  9.16108661e-01
  9.17480008e-01
 -4.86997906e-01
  6.03472778e-01
 -1.40877790e-01
  7.69432023e-01
  1.20551103e+00
 -4.79045574e-02
  1.02255358e+00
 -2.31554264e-01
  1.17985159e-01
 -1.46222007e+00
  4.33746843e-01
  6.61406042e-01
 -4.28051195e-01
 -5.76530738e-01
  1.74638493e+00
 -1.47268686e+00
 -1.22382511e+00
  2.80690150e-01
  2.54851535e-01
  5.93676048e-01
 -1.47712292e+00
 -8.49748129e-01
 -1.21537061e+00
 -1.28901993e+00
  4.03589284e-01
  7.73551741e-01
 -1.08507240e+00
  3.07437880e-01
 -1.08240090e+00
 -6.81316956e-02
 -5.82919235e-01
  1.82695160e+00
  1.25493949e+00
 -1.84094047e+00
 -1.36657961e+00
 -5.73976609e-01
  6.34215263e-01
 -3.46131586e-01
 -1.72070664e+00
 -1.72059479e+00
  1.55886783e+00
  6.14618941e-01
  9.40973864e-01
  7.72400095e-01
  3.17961621e-01
 -6.89502028e-01
  1.05244528e+00
 -6.01571517e-01
 -8.98428393e-01
 -2.33041382e+00
  1.14008439e+00
 -9.13298748e-01
  6.04330460e-01
 -3.72302975e-01
 -8.76084213e-01
 -1.95189006e-01
 -9.80827864e-01
 -4.05937103e-01
  2.20729965e-01
 -5.04219112e-01
  5.01980459e-01
 -1.64940642e-01
 -2.12663433e+00
  7.31492197e-01
 -1.27340864e+00
 -5.67101373e-01
 -9.41284948e-01
  1.12325383e+00
  2.10770111e-01
  4.08230085e-01
  1.96209073e+00
 -1.26348895e-01
  9.86675510e-01
  8.79335530e-01
  9.68612310e-01
 -1.91441617e-01
 -1.35405300e-01
 -6.81597938e-01
 -4.28433440e-01
 -4.80389285e-01
 -2.37686967e-02
  1.52627539e+00
  3.19553782e+00
  7.62674553e-01
  8.14538751e-01
  2.51114501e+00
