  -2.01102436e+00
  -1.53847276e+00
  -1.47906457e-01
   1.29519473e+00
  -1.16779152e-01
   3.54870810e-01
   2.84582071e-01
  -1.94900020e-02
  -1.31234258e+00
   2.02116294e+00
   3.25074037e-01
   8.28967613e-01
  -4.42935021e-01
   7.11028465e-01
  -1.00073278e-01
  -9.86744552e-01
   1.26171466e+00
  -1.17606431e+00
  -8.28419683e-01
  -7.80435961e-01
  -7.07776689e-01
  -2.50125985e-01
  -1.40946816e+00
  -3.59118570e-01
  -2.94078925e-01
  -2.67699478e-01
   1.48268163e+00
   1.84068462e+00
   1.52384351e-01
   1.75149024e-01
  -5.48651228e-01
  -5.41192832e-01
   7.44269798e-01
  -7.20573859e-01
   2.77968379e+00
  -1.95091280e+00
  -8.03804510e-01
  -2.13105462e+00
  -5.71931947e-01
  -3.95438459e-01
  -9.39784353e-01
  -4.35599265e-01
   2.31471403e+00
  -7.01386261e-01
  -1.31491020e-02
  -1.92840488e+00
   9.01963817e-01
  -1.43528012e-01
  -1.49224256e-01
   3.17885903e-01
   1.42396307e+00
  -3.30953083e-01
  -1.40667290e+00
   1.38481180e-01
  -4.09538280e-01
   6.27084256e-01
   7.43680136e-01
  -3.11585936e-01
   1.02865539e+00
   7.19563620e-02
   2.94608640e-01
   2.40568243e-01
   1.14970774e-01
  -1.05936414e+00
  -8.94760271e-01
  -1.36951507e+00
   1.58493770e+00
  -4.26179636e-02
  -1.43194358e+00
  -2.17166929e-01
  -4.42686016e-01
   1.16940067e+00
  -9.08286043e-02
   8.59455728e-01
   1.76471573e+00
   9.20442888e-01
  -1.28291972e+00
  -1.96696976e+00
  -3.97905641e-01
   1.34464771e+00
  -9.24491672e-01
  -2.92467271e-01
   3.99671364e-01
  -9.99621091e-01
  -1.27421294e+00
  -3.66591242e-01
  -1.08844334e+00
  -5.79255785e-03
   9.29460696e-02
   8.22384379e-01
   6.57737975e-01
   1.49350452e+00
   1.53053030e+00
  -2.45678783e+00
   8.59835420e-01
   3.61945486e-02
   4.14311176e-01
   9.57117925e-01
  -1.13885296e-01
   5.66041371e-02
   6.29881686e-01
   1.30955016e-01
   8.87768014e-01
   1.02460743e+00
   2.62282835e-01
  -1.60989853e+00
   1.74786777e-01
   2.55923453e-01
  -2.55046394e-01
   2.19052239e+00
  -2.30385950e+00
  -3.23224019e-01
  -1.17193140e+00
   1.06726092e+00
  -1.20293475e+00
  -1.43006473e-01
  -8.84208445e-01
   1.23184126e+00
   3.03060150e-03
  -2.97323077e-01
  -4.75294105e-01
  -1.50164402e+00
  -1.14463048e+00
   1.15682063e+00
   2.00100849e-01
   1.22687607e-01
  -9.13211622e-01
  -1.41366495e+00
  -4.29507617e-01
   6.59373084e-01
  -5.27517034e-01
   1.36870630e+00
  -2.33248851e-01
   5.78627713e-01
   9.15904488e-01
  -1.45119004e+00
   6.63355916e-01
  -2.43973152e+00
  -7.93221088e-01
   5.90909650e-01
   1.78245364e-01
  -4.15828859e-01
   1.20505069e+00
   1.11461992e+00
   2.27179462e-01
  -6.54329780e-01
  -2.75223891e-01
  -1.59310301e+00
  -6.51661970e-01
  -1.19544140e+00
   8.56996771e-01
  -1.26152417e+00
  -6.77944473e-01
  -2.81108059e-01
   1.08791479e+00
  -6.55933621e-01
  -6.79397766e-01
   2.40889778e-01
  -7.83493700e-01
  -1.12326492e+00
  -1.74330102e+00
   1.70022959e+00
  -1.03122045e+00
  -2.69365455e-01
  -7.10859049e-01
  -1.62456057e+00
  -1.16337129e+00
  -9.55692077e-01
   6.79883698e-01
  -8.55534232e-01
   3.92806001e-02
   1.25444272e+00
   1.46053558e+00
  -3.10433317e+00
  -5.56778217e-01
  -2.84127196e-01
   1.68171347e-02
   2.91918867e-01
   7.19240588e-02
   1.63914540e+00
   1.10153525e+00
   3.43757589e-02
   7.80675887e-01
  -1.04950903e+00
   1.60184491e+00
  -2.03006361e-01
  -4.43334300e-01
   2.12262519e-01
   1.63008440e+00
   7.90263455e-01
  -1.65807572e+00
   2.51189781e-01
   2.96214189e-01
   7.25550886e-01
   9.32714949e-01
  -1.06933616e+00
   1.54664667e+00
   9.26416602e-01
   7.99389393e-01
  -9.26869215e-01
  -2.38024336e+00
   1.50746987e+00
  -1.15588033e+00
   2.10581625e+00
   5.59777069e-01
   1.99180465e+00
  -7.85286222e-01
   1.85671548e-01
   1.29341616e+00
  -1.55485323e-01
  -1.39707401e+00
   1.11027291e+00
   1.02914340e+00
   1.15826240e+00
  -2.10379713e-01
  -9.45177603e-01
   9.48491378e-01
  -8.02778192e-01
  -9.95117590e-01
  -5.42040969e-02
   3.26747054e-01
   1.32196256e-01
  -1.30840778e+00
   2.27151624e+00
   1.05367348e+00
  -8.73122329e-01
  -1.55187486e+00
  -8.28350147e-01
  -1.07961943e+00
   2.38220166e-01
   3.83064725e-01
   1.05320158e+00
   1.07870652e+00
  -1.17885097e+00
  -3.35359526e-01
   2.20590627e-01
   7.86410006e-01
   1.11832887e+00
   1.27150402e-01
   7.05146885e-01
   1.15570967e+00
   8.54621646e-01
   5.09842584e-01
  -1.83582687e+00
   1.35038688e+00
  -7.45979753e-01
   1.21816372e+00
   9.30040142e-01
   3.65381172e-01
  -1.59795719e+00
   3.58785911e-01
  -1.94941055e+00
  -8.19217423e-01
  -5.39447946e-01
   4.68146245e-01
   8.21251853e-01
  -1.11606261e-01
  -1.79416835e+00
  -4.51204407e-02
  -6.89684822e-01
   2.17443275e-01
  -1.37990596e+00
  -1.22720653e+00
   9.95251232e-01
   2.04978888e+00
  -4.99737447e-01
   9.81105102e-01
   8.61896884e-01
   1.07847439e+00
  -2.67605422e-01
  -1.24503596e+00
  -1.47536587e+00
  -3.77357895e-01
  -1.48605707e+00
  -1.32137787e+00
   1.93110030e-01
  -1.08462891e+00
   1.35037696e+00
   3.77148451e-01
  -7.94765969e-01
   2.18190560e+00
   6.50448588e-01
  -1.71170088e+00
  -9.51338642e-01
   1.01396719e+00
   2.54135014e-01
  -2.53823192e-01
  -4.93951282e-01
  -1.75791783e+00
   6.46357985e-01
  -3.27584468e-01
   8.79807836e-01
   1.17581482e+00
   6.85569652e-01
  -6.60470108e-01
  -2.35625655e+00
  -3.62111654e-01
   6.54198401e-01
   1.94722422e+00
   5.85537887e-01
  -5.36046195e-01
   4.49154496e-01
   1.00014928e+00
  -9.25024863e-01
  -2.72169555e-01
  -3.36655952e-02
   1.16341368e+00
  -8.79167571e-01
   2.50724704e-01
   1.00453217e+00
   3.10620259e-01
  -2.45338688e-01
   7.44545904e-01
  -2.70395706e+00
  -1.05149824e+00
  -2.32126911e-01
   2.45411387e-01
  -1.29259896e+00
   9.44718392e-01
  -5.15114670e-03
  -9.25822204e-01
   1.29011418e-01
   1.94187048e+00
  -1.58972550e+00
   1.51358955e+00
  -8.35112006e-01
  -7.40582831e-01
  -2.24997941e+00
  -1.64081684e+00
  -2.31089946e-01
  -8.55687078e-02
   1.07690851e+00
   3.38239725e-01
  -5.23631275e-02
   4.24759189e-01
   2.15758133e-01
   4.24900733e-01
  -2.49943431e-01
   9.97163224e-01
   6.92999031e-01
  -1.05811771e+00
   7.10759744e-01
  -3.96811187e-01
   3.12822155e-01
  -7.10201262e-01
  -2.86219096e-01
  -7.65513869e-01
   2.04543847e+00
   2.11411595e-01
  -7.24794864e-01
  -8.11830073e-03
  -1.30815946e+00
  -5.46293325e-01
  -1.40570129e+00
  -5.87138639e-01
  -1.76101266e-01
   9.63323910e-01
   7.35175775e-01
  -1.65828452e-01
  -6.25783949e-01
   5.09271225e-01
   3.17606664e-01
   1.98106022e+00
   1.24299681e+00
  -1.04703871e+00
  -5.59649376e-01
  -3.03121052e-01
  -5.62940894e-01
   1.03334265e+00
   8.21143133e-01
   7.26879795e-01
  -3.34245517e-01
  -3.50882116e-01
  -2.45132791e+00
  -3.37519411e-01
   1.13336301e+00
  -4.20590980e-01
   1.59556722e+00
   5.30432621e-01
  -5.71942942e-01
   8.11081869e-01
   4.87894885e-01
   2.27237554e-01
  -9.93493381e-01
  -1.81455163e-01
  -6.16690290e-01
   9.06190049e-02
  -1.12200183e-01
  -1.97880372e+00
   4.73690939e-01
   1.65715917e-01
  -2.79631038e-01
  -2.24943393e-01
   8.00566927e-01
   1.39380459e+00
   1.19574864e+00
  -6.10679516e-01
  -1.03472583e+00
  -9.49014275e-02
  -4.71031679e-01
  -1.26779641e-01
   2.91729820e-01
  -1.06018978e+00
  -1.26122196e+00
   1.58032481e+00
  -1.28976901e+00
   4.20934292e-01
   9.11713975e-01
  -1.89593470e-01
  -9.90116920e-01
  -2.61162415e-01
  -1.76452392e-02
   1.52519225e+00
  -3.17821976e-01
   9.96024083e-01
   1.35337336e+00
  -7.52379845e-01
  -5.37160567e-02
  -2.40944830e+00
  -2.10540410e+00
   1.14798573e+00
   6.43910461e-01
  -1.51349459e+00
   1.03548462e+00
  -8.42358201e-01
  -1.13638274e+00
   2.69175711e-01
  -1.58415046e+00
   2.79556856e-01
   1.00903312e+00
  -9.62760902e-01
   6.10227197e-01
   6.29230896e-01
  -1.46721653e+00
  -1.15912721e+00
  -1.04086076e+00
   5.04767666e-01
  -1.27936350e+00
  -3.55601297e-01
   7.67224591e-01
   5.63948085e-01
   1.28056003e+00
   8.60208299e-01
  -9.18823783e-01
  -1.13712020e+00
   2.17888951e+00
  -1.41240902e-01
   1.02361309e+00
   3.10384528e-01
   1.83588384e-01
   3.32971825e-01
  -2.89970734e-01
   4.26045377e-01
   8.16941221e-01
   1.17659767e+00
   8.36124253e-02
  -3.55219211e-01
   4.22148306e-01
  -1.42447159e+00
   1.41804686e+00
   1.20445006e+00
   2.62982173e-01
  -1.24913453e+00
   3.10516559e-02
  -1.21448756e+00
  -4.97327064e-01
  -4.42426938e-01
  -8.47976929e-01
  -4.47476696e-01
  -8.67229088e-01
   8.61003467e-02
  -1.74245492e+00
   7.82851787e-01
   1.27050798e+00
  -2.25249599e+00
   8.52827656e-02
  -7.40250843e-02
  -1.91585828e+00
  -1.20988443e+00
  -5.69496056e-01
  -5.36549561e-01
   1.43788928e+00
   1.93644983e+00
  -8.74257925e-01
  -6.14119505e-02
  -1.81225201e-01
   5.22782201e-02
  -1.89216329e-01
   8.89682437e-01
  -5.00285384e-01
   4.03501118e-02
   8.62122404e-01
   1.40155689e+00
   1.04402751e+00
   5.95013465e-01
   6.48903877e-01
   1.03108131e+00
   1.39153665e+00
  -8.28449524e-01
   1.22369069e+00
   9.77401393e-01
   5.22053320e-01
  -1.74656635e+00
   3.71157153e-01
  -6.34733486e-01
   7.78482376e-01
   2.34262315e-01
   1.91178495e+00
  -2.00251086e-01
   5.58813750e-01
  -1.33192592e+00
  -6.87520960e-01
  -1.42413861e+00
  -3.78965358e-01
   1.54418069e+00
  -8.34418209e-01
   9.47357820e-01
  -6.89745042e-01
  -6.12041624e-01
   1.78623654e-01
   6.06550235e-01
  -4.33043454e-02
   4.03855015e-02
   1.03140145e+00
  -7.57250215e-03
  -1.62712548e+00
  -6.71245783e-01
   3.76817657e-01
   1.13871121e+00
  -8.68028413e-01
   4.91058704e-02
   9.67882478e-01
  -5.50739602e-01
   7.57546623e-02
  -6.46931628e-01
   3.56460273e-01
  -1.39453367e-03
   1.64846089e+00
   1.51920914e+00
  -4.48204288e-01
   5.59004948e-01
   5.59552078e-01
   2.34267424e-01
   1.85179333e+00
   1.23225980e+00
   4.59449835e-01
   7.77878792e-02
  -1.37508929e+00
  -8.36860992e-02
  -6.89469664e-01
   2.48993519e-01
   9.86596410e-02
  -3.09418360e-01
  -1.01988655e+00
  -1.94623543e-02
  -3.38203529e-01
   1.50204061e+00
   2.07538680e-01
  -6.56808260e-01
  -7.34221386e-02
  -2.85980884e-01
   1.32086248e+00
   8.93037449e-01
   8.48031959e-01
  -2.07144126e-02
   5.76716001e-02
   1.03397003e+00
   1.51544202e+00
  -8.54530877e-01
  -3.25510194e-01
   9.59508839e-01
   1.85441421e-01
  -6.03766138e-01
  -1.54493873e-01
   1.00858314e+00
  -1.27019255e+00
  -1.17691476e+00
   2.24432462e-01
  -5.82110465e-01
  -1.55470748e-01
   1.13913129e+00
  -1.01698363e+00
  -1.41090673e+00
  -6.26333245e-01
   7.27435231e-01
   9.84773245e-01
  -9.58514006e-01
   9.41539179e-01
   6.87498931e-01
  -9.17973166e-01
   1.17948309e+00
  -1.87532900e+00
  -3.62604527e-01
  -8.69804042e-01
   2.26943777e-01
   9.44509819e-01
   1.71356298e+00
  -1.25088335e+00
   8.04147501e-01
   9.21319724e-01
   4.67813156e-01
  -7.53006869e-02
  -3.22793674e-01
   1.88860188e+00
  -1.70300148e-01
   2.22431241e+00
   1.29581410e+00
  -5.04909354e-01
   3.98410178e-01
   1.16308713e+00
   5.76173577e-01
  -3.05416153e-01
  -8.28901059e-01
  -6.76444291e-01
   1.59938930e+00
   1.82761144e-01
   3.04919822e-01
   5.61051027e-01
  -9.81740935e-01
   1.51204093e+00
  -4.03568871e-01
   1.47111018e+00
  -4.05126213e-01
   6.11751735e-01
   2.41759132e+00
   3.32887435e-01
   1.41283081e+00
  -8.08369658e-01
   1.83026108e-01
   1.40516611e+00
   1.26429298e+00
  -3.99875212e-01
  -1.18806051e+00
   4.73928011e-01
  -1.89223849e-01
   4.81871610e-01
  -1.89136665e+00
   7.93149855e-01
   2.65882786e-01
  -1.25052301e+00
   3.69911060e-01
   5.64816622e-01
   7.97606472e-01
   7.66410168e-01
   1.42619937e-01
  -1.77793384e-01
   1.84131612e+00
  -8.66328376e-01
   1.67827890e+00
   7.06659573e-01
  -2.16266058e-01
   6.89164921e-01
  -7.57376318e-02
   1.88578224e+00
   1.74121102e+00
  -1.57269093e+00
   1.78000766e+00
   2.49050672e-01
   7.52819196e-01
   8.19977359e-01
  -2.02373164e-01
   2.30688543e-01
  -9.48679249e-01
   9.23679510e-01
   8.24350738e-01
  -4.12840027e-01
  -1.47841009e-01
   1.20381385e+00
   1.11219688e+00
  -1.15655280e-01
   2.12264686e+00
   1.13678276e-01
   5.82630107e-01
  -1.56886389e+00
   2.24582991e+00
  -3.65012392e-01
  -4.85358868e-01
   1.57572240e+00
   1.28546822e+00
  -1.60855848e+00
  -4.37948037e-01
  -1.44309340e+00
  -4.53190950e-01
   5.64311826e-01
  -6.01126404e-01
  -1.56825630e-02
   6.40222014e-01
   4.40020446e-01
   1.39654499e+00
   9.14209977e-01
   5.18393852e-01
  -2.82557682e-01
   7.72218999e-01
   3.27787909e-02
   3.80746319e-01
  -2.12596497e-01
   2.11604608e-01
  -4.43350177e-01
  -7.10140914e-01
   2.78124960e-01
   7.76920631e-01
  -2.42590518e+00
  -5.69014233e-02
   6.03101685e-01
   1.17182117e+00
  -1.18813458e+00
  -2.71367338e-01
  -1.24288155e+00
  -1.16956429e+00
   3.66164968e-01
   9.26465549e-01
   3.00222084e-01
   2.52640141e+00
   4.49098223e-01
  -1.94666262e-01
   1.85584033e+00
   6.50972702e-01
   1.75077006e+00
   1.61243680e+00
   4.05190413e-01
  -7.61028079e-01
  -1.57584023e-01
  -1.78425039e-02
  -1.16741158e+00
  -4.42115975e-01
   1.21032274e+00
   9.64168172e-01
  -1.48148864e+00
   8.34894232e-01
   5.68362658e-01
  -6.75763886e-01
  -3.95270879e-01
   9.27921325e-01
   7.52312201e-01
  -1.22423435e+00
   1.45205632e-01
  -1.70935109e-01
  -5.46832023e-01
   4.85293274e-01
  -3.18443453e-01
  -1.07154556e+00
  -3.30417516e-01
  -1.02336071e+00
  -4.91545970e-01
  -2.12042994e-01
  -3.17707878e-01
  -3.86910235e-01
  -1.24666602e+00
  -4.86886990e-01
   4.16901206e-01
   5.92596280e-01
  -3.50383946e-01
   9.35383298e-01
  -4.95970570e-01
   3.22042687e-01
  -8.23726490e-01
   7.63082475e-01
  -1.51892373e+00
   1.82927116e-01
   2.29743458e+00
   1.27012215e-01
  -1.55303125e+00
  -4.17558652e-01
   6.52937979e-01
   2.02276547e-01
  -6.03761685e-01
   7.22344024e-01
  -1.36047528e+00
  -4.77919144e-01
  -2.13064038e+00
   6.98467702e-01
  -1.47471828e+00
   7.51438861e-01
   2.16280944e-01
   1.69459378e+00
  -1.67655216e+00
  -1.29993640e+00
  -3.42342035e-01
  -1.78208423e+00
   1.42091902e+00
  -5.71022967e-01
   1.82249186e+00
   1.03158883e+00
  -8.68715159e-01
   2.02037195e-01
   8.61028609e-02
   7.81267238e-01
   3.56029749e-01
  -3.32600136e-01
   2.98538213e-01
   1.76054596e-01
   5.20677523e-02
   6.45592642e-01
  -3.20939551e-01
   1.33993496e+00
  -9.86858745e-01
   1.25505398e+00
  -5.83869070e-01
   5.78839772e-02
  -5.16840570e-02
   8.25803278e-01
   1.36735918e+00
  -6.44836696e-01
   9.81648198e-01
  -5.40754817e-02
   1.06600735e+00
  -1.55124444e-01
  -6.24410467e-01
  -3.29474292e-01
   2.36827633e+00
   7.01897417e-01
   5.50230967e-01
  -9.93767379e-01
   4.11942115e-01
   1.73665234e+00
   1.02354042e-02
   8.19937095e-01
   2.40147717e-01
   2.25684718e-01
   1.85706094e+00
  -1.07528652e+00
   1.21522138e+00
  -1.85828354e-01
  -7.58748711e-02
   2.21487800e-01
   8.16097142e-01
  -1.32371607e+00
  -2.48202141e-01
  -1.27813961e-01
   8.64908392e-01
   5.72983992e-01
  -6.09990125e-01
  -8.97636675e-02
  -7.63536922e-01
  -1.37427008e+00
  -1.01401900e-01
  -8.90650530e-01
  -1.18755233e+00
  -2.07134887e+00
   6.06281864e-01
   7.88424894e-01
  -9.38328874e-01
   1.36655479e+00
  -1.25195713e+00
   4.52104629e-01
  -7.14576478e-01
  -9.47105219e-01
   1.29747095e-01
  -3.25384069e-01
  -1.22231265e+00
   1.45080262e+00
   6.28531813e-01
  -9.29433454e-01
  -1.08093089e+00
  -4.15115122e-01
   8.92476958e-01
   5.15096537e-01
   5.27526615e-01
   1.12500415e+00
   8.29247467e-01
  -2.81281101e+00
  -3.94279423e-01
  -4.62722933e-01
  -1.42682267e+00
  -2.49786030e-01
   5.16377926e-01
  -6.14963677e-01
  -1.86416107e+00
   3.93999527e-01
   6.38522098e-02
  -8.90156224e-01
  -5.78653943e-01
   7.58133381e-01
  -8.43774756e-01
  -1.31425602e+00
  -3.44588597e-01
   1.87153576e+00
  -2.74530622e-01
  -8.10043014e-01
  -3.50950618e-01
   5.21505544e-01
   8.76920113e-01
  -5.78104269e-01
  -2.03873826e+00
  -2.77427863e-01
  -5.01274080e-01
   4.79512498e-01
  -7.67861505e-01
  -7.02592301e-01
  -9.47596670e-01
  -5.96024320e-02
  -3.19477181e-01
   8.11237208e-01
  -1.85365382e+00
  -1.02324751e+00
  -1.52341052e+00
   9.61926865e-01
  -9.54722004e-02
  -7.40428695e-02
  -6.32977190e-01
   1.10230099e+00
  -3.93028798e-01
  -4.72744921e-01
  -4.74422145e-01
  -1.04343872e+00
  -3.73670991e-01
   4.94674791e-01
  -7.99520055e-01
   2.97459099e-01
   2.89802687e+00
  -5.98672112e-02
   8.49787882e-01
  -2.10261111e+00
   1.40391387e+00
  -1.28669128e+00
  -1.00134310e+00
   3.49308986e-01
  -8.48596447e-01
  -8.39976026e-01
   8.68595049e-01
   1.00830824e+00
  -1.29250501e+00
  -2.05196891e-01
   1.59176661e+00
  -6.89635444e-02
  -1.06065683e+00
   2.71409565e+00
   6.23697370e-01
  -1.23587712e+00
  -8.70420037e-01
  -2.33904147e-01
  -8.07910688e-01
  -1.36125846e+00
  -7.75889426e-01
   3.90391442e-03
   2.78277022e-01
  -1.57066354e+00
  -6.54082387e-01
  -4.45510334e-01
   1.60921881e+00
  -5.05144260e-01
   1.91817551e+00
  -3.51289058e-01
  -9.42064365e-02
  -1.44060087e-02
  -3.88347351e-01
  -1.91699633e-01
   1.38378500e+00
   2.15210773e+00
   2.85753336e-01
  -3.21108800e-01
   2.27326716e-01
  -9.41244923e-01
  -1.13932482e-01
  -9.10041140e-01
  -1.31209591e+00
  -2.65474437e-01
  -1.94405593e-02
   1.20139986e+00
  -7.13803460e-02
  -1.90631129e+00
  -3.51980573e-01
   1.72944954e+00
   1.20068476e+00
   1.16478088e+00
  -8.14689610e-01
  -1.63047932e+00
  -2.15353134e+00
   9.55299420e-01
  -2.44576448e-01
  -9.15709785e-01
  -1.53509534e+00
  -1.81699906e+00
  -2.96290487e-01
  -1.82067162e+00
  -9.54851496e-01
   4.79613926e-01
  -1.82767180e+00
   1.33428306e+00
  -3.30527265e-01
  -1.70602687e-01
   8.26827216e-02
   1.07707285e+00
   4.03945478e-01
  -4.44478724e-01
  -6.28277557e-01
  -3.29303813e-02
  -6.37161314e-01
   9.20986185e-02
   6.18452633e-01
  -5.97670448e-01
  -1.55041079e+00
  -5.05043794e-01
   1.20004068e+00
   3.87624536e-01
   1.04925886e-01
  -5.63810510e-01
  -9.20265584e-01
   4.45203645e-01
  -4.78152580e-01
   3.52262643e-01
  -1.60007693e+00
  -9.41120645e-01
  -1.30606563e-01
  -1.06727621e+00
  -9.47530264e-01
   4.42817181e-01
  -2.67097925e-01
  -6.10783840e-01
  -1.88235209e-01
  -1.47551072e+00
   5.46930202e-01
   1.28081976e+00
  -1.01504285e+00
   1.76103432e-01
   1.97315335e-02
   6.16828328e-01
  -1.35362798e+00
   1.13825311e+00
  -1.13883660e+00
   1.88984783e-01
  -2.25893446e-01
  -9.98593639e-01
   7.40599900e-02
   4.69618898e-01
   8.62148225e-01
  -1.31417728e+00
  -2.71823297e-01
  -1.22133754e+00
   6.96330507e-01
  -4.50075788e-01
   1.23879305e+00
  -3.16458101e+00
   2.59694155e+00
   1.27629615e+00
  -9.32287015e-01
   7.26894452e-01
  -9.59051390e-01
   2.47585509e-01
  -6.88512945e-01
  -1.43532989e+00
   3.09192976e-01
  -3.58971995e-01
   1.98181802e-01
   4.27617491e-01
   1.14398775e+00
  -1.32648862e+00
   1.90004130e+00
   7.77540352e-01
  -4.42081628e-01
   1.37314353e+00
  -2.67172208e-01
   3.17822312e-01
  -2.25104915e-01
   1.02411119e+00
   5.86503624e-01
  -4.15601254e-01
   4.58167685e-01
   2.11304958e-01
   2.55106573e-01
  -2.20518299e+00
   1.28497515e+00
   8.01706713e-01
   5.79375303e-01
   4.21304015e-01
   1.74928785e+00
   1.49993851e+00
  -2.79056309e-02
  -8.41740467e-01
  -6.75678678e-01
  -6.41603625e-02
   2.97559141e-01
   3.07637479e-01
  -2.37021382e+00
  -9.95020214e-04
  -7.46153539e-01
   6.73155591e-02
  -9.91963985e-01
   2.25987736e+00
  -1.04976685e+00
   1.19584309e+00
   4.80727807e-01
   1.59407452e+00
   1.08282585e+00
   3.78970623e-01
  -2.06267387e-01
  -8.10654240e-01
   7.81970316e-01
   1.53699182e-01
   3.11887933e-01
  -1.54442887e+00
   1.18499310e-03
  -4.07089444e-01
   4.54145294e-01
   1.95204400e-01
  -1.38732943e-01
   2.24336982e-01
   1.00854350e+00
   1.32406022e+00
   7.81431518e-01
  -9.44311969e-02
   1.72256552e-02
  -7.56261377e-01
  -4.95793159e-01
   2.07311249e+00
  -1.38748454e+00
   2.20910673e-01
   2.04247956e+00
  -1.29653857e+00
  -7.25631738e-01
  -1.64434403e+00
  -1.54857355e+00
   1.97010019e-01
  -2.20039848e+00
  -1.68762245e+00
   1.23277791e+00
  -2.20758848e-01
  -5.95692177e-01
   1.24672624e+00
   1.34626120e+00
   1.41014237e+00
  -2.37286175e-02
   3.47876046e-01
   2.52504371e+00
  -1.96002465e+00
   4.27039636e-01
  -2.44701616e-01
  -8.08758307e-01
  -1.05204072e+00
   4.66151589e-02
  -4.41486844e-01
  -1.31984375e-01
   2.43882090e+00
  -4.83515431e-01
   3.11041468e-01
   4.76239472e-02
   5.13454640e-01
   7.34522504e-01
   2.18542086e-01
  -3.86709752e-01
   1.44273646e-01
   1.01541249e-01
   2.57929534e-01
  -2.60135074e-01
  -9.30537750e-01
   1.29695261e-01
  -1.08776331e+00
   3.21970134e-01
  -9.38258841e-01
   1.35337226e-01
  -8.37161646e-01
   2.31430689e-02
  -1.02735173e+00
  -1.42376360e+00
   7.55338490e-02
   1.07632574e-01
   1.62766865e-01
  -9.69950120e-01
   1.96931772e+00
   4.25838767e-01
  -8.74664034e-02
  -1.44448289e+00
  -1.61961394e+00
   1.40481534e-01
   1.54309702e+00
   9.39746975e-02
   3.22339795e-01
   4.55662062e-01
   6.44335729e-02
   8.52126772e-01
   7.60879460e-01
  -1.90818472e+00
  -8.80463379e-01
  -7.79415654e-01
   9.07275212e-01
  -4.37358362e-01
   8.74539596e-01
   1.80221921e+00
  -1.38219470e+00
  -8.74499056e-01
  -6.11139156e-02
  -4.67428349e-01
   6.39918248e-01
   8.81262692e-01
  -5.69348602e-02
  -7.97495947e-01
  -1.48202437e-01
   4.90979860e-01
  -8.37841914e-02
  -1.83781671e-01
   1.84814381e+00
  -5.72526743e-01
  -7.01048271e-01
   5.35500874e-01
   1.85903113e+00
   3.37695629e-01
   4.88696682e-01
  -1.12928672e+00
   3.25168591e-01
  -1.89717744e+00
   6.12583072e-01
   7.21933362e-01
   1.18721198e+00
   1.96270849e+00
   4.44132659e-01
   7.34082006e-02
  -2.42428589e-01
  -8.95232287e-01
   8.59953411e-02
  -1.75716654e-01
   4.17213573e-01
   8.14980147e-01
   3.49077384e-01
   2.27389938e+00
   2.35636442e+00
  -8.44174644e-01
   1.67170971e+00
  -5.71966783e-01
   7.45408476e-01
   7.32608403e-01
  -3.40476175e-01
   6.95710428e-01
  -3.13552004e-01
   1.26143518e+00
   1.40521951e-01
   3.10644906e-01
   3.95175360e-01
   1.39313080e+00
   8.03716917e-01
  -5.46148010e-01
   1.38080231e+00
  -2.16036380e-01
   4.59161571e-01
  -1.48955953e+00
   4.74001346e-01
   5.68797832e-02
  -3.38003460e-01
  -2.26925438e-01
   6.85914662e-01
   2.78306287e-01
  -1.00539857e-01
   5.82464634e-01
   4.73171687e-01
   2.16045789e+00
  -8.44956266e-01
   5.98922657e-01
  -4.14542043e-01
  -7.10058332e-01
   3.07382127e-01
  -4.22406279e-01
  -1.17334389e-01
   1.48765879e-02
   8.39057781e-01
  -4.33529176e-01
   4.33781673e-01
   4.91111444e-01
   1.47421966e+00
  -4.54755498e-01
  -1.79590377e-01
   9.73791451e-01
  -1.67123240e+00
  -9.17787868e-02
   5.80064641e-01
  -4.29860009e-01
   8.55678052e-01
   1.27381310e+00
   2.27895074e-01
   5.70869913e-01
   5.89089094e-02
  -1.86744651e-01
  -1.01554669e-01
   4.55308249e-01
  -6.93412127e-01
  -5.98837498e-01
  -8.10375571e-01
   4.73369330e-01
   2.39310193e-01
  -2.00387337e+00
  -5.12843160e-01
   9.10381441e-01
   4.22322170e-01
   1.52494351e+00
   1.42705821e+00
  -9.53758070e-01
  -1.23527253e-01
  -2.44586585e+00
  -4.72842448e-01
   1.91445871e+00
   3.37242098e-01
  -4.17079605e-01
   9.94723034e-01
   1.35031498e+00
  -1.45240542e+00
  -1.50948586e+00
   8.29772689e-01
   8.76895924e-01
  -1.71400462e-01
   3.95333930e-01
  -2.03074250e+00
   1.65370230e+00
   6.76213694e-01
   1.20055515e+00
   6.85812939e-01
  -1.39058752e+00
   1.03199300e-01
  -1.07302952e+00
  -4.00039882e-01
  -5.03885903e-01
  -6.84113047e-01
   3.48705383e-01
  -1.66430899e+00
  -1.56057729e+00
  -4.26477225e-01
  -1.16881529e+00
   3.23012759e-01
  -2.40758061e+00
   9.78868207e-01
   4.41113076e-01
  -5.10312099e-01
  -4.98529111e-02
   2.26010204e-01
  -1.44187381e-01
   9.62308327e-01
   1.11100677e+00
  -5.62750520e-01
   2.67871540e-01
   7.22964762e-01
  -1.14758812e+00
   1.12612430e+00
  -7.38947078e-01
   1.95723672e+00
   8.89685960e-01
   1.82596181e+00
  -4.73800838e-01
   4.65280184e-01
  -9.13887644e-01
  -1.51229921e+00
  -7.92269587e-01
  -7.54894383e-01
  -1.51835445e+00
  -2.25087234e-01
   2.17166954e-01
   1.11936450e+00
  -6.38769143e-01
   2.74012644e-01
  -8.01772443e-01
   7.70276560e-03
   3.91705410e-02
  -6.32146176e-02
  -1.23421451e+00
  -2.36671577e-01
   1.56717087e+00
  -7.72123112e-01
   2.33892642e+00
  -4.68877134e-01
   5.51597675e-01
   1.89050728e-01
   7.18705137e-01
  -7.25064907e-01
   2.06017935e-01
  -5.95806930e-01
   7.82219884e-01
  -7.91386742e-01
  -8.15096274e-01
  -1.60366214e-01
  -5.35671758e-01
  -2.33879452e-01
   4.77503198e-01
  -2.00907129e-01
   6.17177381e-01
   7.57682269e-01
   2.87072417e-01
   1.21214252e+00
   8.92114598e-01
  -1.52626339e-01
   1.08031146e+00
  -4.71436504e-03
   8.21610169e-01
   6.37561217e-01
  -2.41156256e-01
   1.50243959e-01
   1.37487078e-01
   1.24971600e+00
  -7.98109138e-01
  -9.33676449e-02
  -2.90462320e-02
   5.26260491e-01
   4.58113133e-01
  -4.24798541e-01
   1.68016241e+00
  -5.25022672e-01
   2.78610720e-01
   2.58988838e-01
  -1.75883900e+00
  -6.77952814e-01
   2.55028334e-01
  -1.94202436e+00
  -1.22090094e+00
   3.94659664e-01
  -5.23803811e-02
   1.08646941e+00
   1.01167920e+00
   6.65886127e-01
  -4.85788328e-01
  -1.86898689e+00
  -5.11645869e-01
  -3.57695641e-01
  -2.89522350e-01
   1.76065887e+00
  -1.99426614e-01
  -1.91819379e+00
  -5.70930373e-01
   1.36311225e-01
   1.22389639e+00
  -4.91847289e-01
   7.42088950e-02
   1.70177246e-01
   9.03687721e-01
   1.54517427e-01
  -9.66292287e-01
   1.32071335e+00
  -1.06396209e+00
  -6.60614276e-01
  -1.06284177e-01
   2.38578480e-01
   1.17467431e-01
   5.50892427e-01
  -2.33547328e-01
   1.76151816e+00
  -1.69693326e+00
  -1.76661713e+00
   8.64965804e-02
   6.56739927e-01
  -8.43339249e-01
  -1.82655580e+00
   1.24750133e+00
   1.56825695e+00
   1.37571545e+00
  -1.11184941e-01
   4.36571306e-01
  -4.62787369e-01
   1.77555781e+00
  -1.24905523e+00
  -1.06453809e+00
   8.63161992e-01
   3.58180165e-01
   5.62064326e-01
  -9.41650338e-01
  -2.64582667e-01
   2.04472871e+00
  -1.79080430e+00
  -1.44224377e-01
  -4.11371519e-01
   9.76240158e-02
   1.06633421e+00
   8.25252133e-02
   7.12368214e-01
   5.52375300e-01
   1.17399497e+00
  -2.74857619e-02
   1.09349111e+00
   7.08633978e-01
   7.14319145e-03
   1.68979146e+00
   1.83739213e-01
   1.50896376e+00
  -1.12587278e+00
  -2.25472608e+00
   2.86768159e-02
   1.53578091e+00
   1.04312928e+00
  -1.25615608e+00
  -1.62674550e+00
  -6.57774597e-01
  -5.70356996e-02
   1.19189317e-01
   1.73474644e+00
  -5.93804685e-01
   5.15361401e-01
  -3.83863138e-01
   4.93580056e-01
   8.03450711e-01
   4.48118480e-02
  -8.35247227e-01
  -8.31286693e-01
   3.78623229e-01
  -7.23552599e-01
   2.09055236e-01
  -4.48644268e-01
   7.72167448e-01
   1.14862245e+00
  -6.53978032e-01
   6.26716302e-01
   1.49604870e-01
  -1.67668305e+00
   2.12867833e-01
  -8.44136251e-01
   1.29376699e+00
  -1.08366856e+00
   7.05768471e-01
   6.02543918e-02
  -1.08186873e+00
   2.22333329e-01
   8.05794444e-01
  -3.92355201e-01
  -7.87579974e-01
  -6.43106038e-01
   2.11289673e+00
  -1.10349268e+00
   1.05548610e+00
   9.91796852e-01
  -8.20679083e-01
   4.14650923e-01
  -1.16988589e+00
  -1.13864660e+00
  -2.83836175e-01
  -1.60538984e+00
   1.44721628e+00
  -1.58075056e+00
   8.18405795e-01
  -3.37488917e-01
  -2.57291252e+00
  -5.44385555e-01
  -1.87901774e+00
   6.57075555e-01
  -1.32046809e+00
  -4.05148117e-01
  -4.04482624e-01
   2.55771753e+00
  -1.16009876e+00
  -9.09004544e-01
  -6.88924386e-01
  -6.96430255e-01
  -1.05812216e+00
   1.42642513e+00
  -8.40288368e-01
  -4.81547919e-01
   3.46098097e-01
   1.97640679e+00
  -1.48530317e-01
  -3.88730400e-01
   4.82537981e-01
   2.83455485e-01
  -1.72950749e+00
   2.49563252e-01
  -5.45959893e-01
   1.50990304e-01
  -1.20229538e+00
  -1.50379383e-01
  -4.60435809e-02
   9.74500078e-01
   1.16241825e+00
   3.31703180e+00
   1.01218884e+00
  -5.03240437e-01
   6.47786358e-01
   5.96988075e-01
   3.34584312e-01
  -5.50046782e-01
   4.20888309e-01
  -1.40366787e+00
   3.89242908e-01
   2.76697183e-01
  -1.51933880e+00
   2.06479815e+00
  -1.37725491e+00
   9.96920238e-01
   1.28920453e+00
   2.12130455e-01
   1.77560321e+00
  -4.72439625e-01
  -7.08149279e-01
   7.83547950e-01
  -1.61957084e+00
   1.77489200e-01
  -2.11466282e-01
   2.13908930e-01
  -7.57997885e-01
  -5.83293375e-02
   5.80206100e-01
   2.18365229e+00
   3.63320785e-01
   3.38671063e-01
  -3.88032704e-01
  -1.62499179e+00
  -4.99233425e-01
   1.67607043e+00
   5.39012141e-01
   2.07666116e+00
   1.02566811e-01
   7.85264735e-01
   1.31007629e+00
  -1.96616003e+00
   1.14723169e-01
  -1.44795559e+00
   5.89691649e-01
   6.89746543e-01
   5.66428591e-01
   9.03619999e-02
   1.74484397e-01
  -3.07592313e+00
  -5.22854534e-01
   1.23711558e+00
   3.80152533e-01
   1.35203086e-02
  -2.67654832e+00
  -1.37795744e-01
  -1.65226187e+00
  -1.39724587e+00
  -3.23169505e-01
  -8.04350534e-01
   4.82262758e-02
  -6.83921912e-01
   4.06494309e-01
   2.04702052e-01
   6.60380438e-01
   1.11146989e+00
   1.30550413e+00
  -7.46578029e-01
  -4.92931292e-01
  -1.54827212e+00
  -1.26653136e-01
   1.31256301e+00
  -4.04689863e-01
  -1.71261203e+00
   6.37393031e-01
  -9.81956849e-01
  -3.22122259e-01
  -6.96007008e-01
  -1.63768494e+00
  -5.84171414e-01
   8.41677531e-01
   9.01993440e-01
   2.12621707e+00
   7.80048122e-02
   3.05411071e-01
  -6.35656904e-01
   3.64832062e-01
   7.04537197e-01
  -1.32024663e+00
  -1.42404579e+00
   1.00765181e+00
  -1.03582211e-01
   1.17666339e+00
   3.13479225e-01
  -1.64399430e-01
   6.36330373e-01
   2.13483872e+00
  -1.27683898e+00
   5.82655144e-01
  -1.31217541e+00
   4.32376723e-01
   1.15209852e-01
   1.86264379e-01
  -9.50744998e-01
   2.82726496e+00
  -2.29801335e-01
  -6.58243664e-01
   1.29524617e+00
  -7.94570677e-01
   1.62616137e-01
  -1.18705799e+00
  -3.83572334e-01
   1.37069622e+00
   1.02675466e+00
  -6.44517794e-01
   1.52583951e+00
  -4.00973810e-01
  -1.20937810e+00
  -7.95068334e-01
   1.31266867e+00
  -5.48787883e-01
  -1.56519002e-01
   1.80866300e+00
   3.76522316e-01
  -2.00366961e+00
   1.02976417e-01
   7.79183344e-02
   8.90815867e-02
   9.64567369e-03
   1.02095751e+00
  -5.81813579e-01
  -1.05219548e+00
   4.59012392e-01
   5.14565182e-01
   3.65494633e-01
  -4.09741944e-01
   3.52837867e-02
  -1.03645794e+00
  -8.99690870e-01
  -1.14621755e-01
  -2.75728838e-01
   1.58002777e-01
   9.76145053e-01
  -2.71893458e-01
  -4.81703304e-01
  -5.51902701e-01
  -8.71810816e-01
   1.40713697e+00
   9.35235403e-02
   3.65127697e-01
   4.99231479e-01
   3.23314561e-02
  -4.95584142e-01
   2.20864357e+00
  -2.09566055e+00
  -1.00404621e-01
  -1.08715333e+00
   1.22507657e+00
   4.93837439e-01
   1.56791301e+00
  -4.13079276e-01
  -3.97986800e-01
   2.09949864e-01
  -1.21038378e+00
   5.03947744e-01
  -1.57819387e+00
   3.19966969e-01
   6.65278341e-01
   8.36033335e-02
   5.35497718e-01
   2.20396107e-01
  -7.95864122e-01
   5.11319439e-01
   1.48024690e-01
   6.51206288e-02
  -6.82364501e-01
  -1.51016264e+00
   5.01579850e-01
  -1.17686668e+00
   4.89377215e-01
  -5.52170328e-01
  -6.95052209e-01
   1.43818203e+00
  -1.93573322e+00
  -1.08319700e-01
   7.18989980e-01
  -2.02148093e+00
   1.67569147e+00
   2.49148645e-02
   6.44387739e-01
   1.10613790e+00
  -1.14592230e-01
  -2.70848967e-01
  -1.00192606e+00
  -1.20243900e+00
  -4.81578583e-01
  -1.30894364e-01
  -1.02087730e+00
   1.29239143e+00
   8.47073704e-01
  -1.09071972e+00
  -6.50070252e-02
  -1.45534011e+00
  -3.50133063e-01
  -3.15773635e-01
   5.03031589e-01
   1.09661732e+00
  -9.62086620e-02
   1.07819565e+00
  -2.23136190e-01
  -1.21102353e-01
  -9.29619869e-01
  -4.42166196e-01
   3.36381693e-02
  -1.14012754e-01
   2.59469885e+00
   7.89623747e-01
  -5.79591228e-01
   5.46053398e-01
  -2.84571802e-02
  -3.22006077e-01
   1.83211131e+00
   7.50054415e-02
   1.92735554e+00
  -1.63002895e+00
  -1.85772012e+00
   6.89026583e-01
   1.59178009e+00
  -9.68115632e-01
  -5.91193197e-01
  -1.70362834e+00
   5.15156966e-01
  -2.37713819e+00
   3.48882096e-01
  -6.60803894e-02
   3.99246949e-01
   6.75245963e-01
   1.82961261e+00
  -1.72026431e-01
   1.25525418e+00
   6.59650384e-02
   5.12635251e-02
   5.56201817e-01
  -5.57694057e-01
   1.16250840e+00
   1.26506680e-01
   2.85194916e-01
   7.40811026e-01
  -6.59861665e-01
   3.32590284e-01
   1.25883530e+00
  -1.28370972e-01
  -8.64597678e-01
   2.06381997e+00
  -9.46991242e-01
   1.79457174e+00
   4.89101156e-01
   7.32732146e-01
   2.61940628e+00
   2.38852777e+00
  -3.60926485e-01
   7.61453394e-01
  -1.35177352e+00
   7.07803501e-01
   9.01164724e-01
   2.98787995e-01
  -1.98102206e+00
  -6.10157300e-01
   1.77790260e-02
  -1.60514827e+00
  -2.10730928e+00
   9.62123018e-01
   1.48360321e+00
  -5.98831493e-01
  -5.56917597e-01
   7.88800966e-01
   7.52063153e-01
  -8.58591108e-01
  -2.53743540e-01
   1.29939774e-01
   8.21251715e-02
  -2.17501790e-01
  -5.31798103e-01
  -6.83245722e-01
  -1.42588440e+00
   8.14781392e-01
   8.45773802e-01
   1.16266850e+00
   9.97183242e-01
   6.60717452e-01
  -1.22274950e+00
  -2.96033188e+00
   4.87921733e-01
   7.06927998e-01
   1.01311779e+00
  -3.58645637e-01
  -4.02191070e-01
  -1.02803534e+00
  -1.32366246e-01
  -7.25897442e-01
   6.51446118e-01
  -2.15083793e-01
   2.04155427e-01
   5.86396899e-01
  -9.65569818e-01
  -1.87434353e+00
  -3.82791507e-02
   1.14383586e-01
  -1.99305580e+00
  -2.82372899e+00
  -1.12114351e+00
   1.79425832e+00
  -1.11661022e+00
  -4.39350412e-01
  -1.73731765e-03
  -1.01457841e+00
   1.29773802e-02
  -7.95141840e-01
   5.96283194e-01
  -1.28188052e+00
  -8.83311728e-01
  -3.59751081e-01
   1.15468366e+00
  -1.27255744e+00
   2.76452110e-01
   1.02882237e+00
  -1.51982018e+00
  -1.02397431e-01
  -6.25835489e-01
   1.06659026e+00
  -7.11574237e-01
   1.05759832e+00
  -1.14566453e-01
  -1.01272621e+00
   8.61350955e-01
   9.81694825e-01
   8.01746171e-01
  -2.13851923e-01
   1.52491539e+00
  -2.82524234e-01
   6.20208252e-01
   1.21598360e+00
   5.70585642e-01
  -3.18101939e-01
   1.78163411e-01
   3.72714163e-01
  -9.96268160e-01
  -1.39255585e+00
  -7.23236329e-01
   6.38117140e-01
  -9.96435530e-02
  -6.35412997e-01
   6.90659244e-01
  -2.15651798e-01
  -1.15999070e+00
   6.76840238e-01
   1.03043060e-01
  -9.37619071e-01
  -9.75975678e-02
   7.51755583e-01
   1.96852821e-01
   2.67043511e-01
  -1.25040276e+00
  -1.96884624e+00
  -7.75808820e-01
   1.00464814e-01
   6.89463550e-01
  -1.44661266e-01
  -1.25910080e+00
  -8.43191995e-01
  -7.36165342e-01
  -8.33084516e-01
   1.37538565e+00
  -2.48911230e-01
  -1.20820220e-02
  -9.56298344e-01
   9.17250689e-01
   6.87863575e-01
   3.24992848e-01
   1.01768157e-02
   9.96724656e-01
  -2.24452406e+00
  -1.02156795e+00
  -1.31180758e+00
  -4.43085691e-01
   1.43540841e+00
   2.20330963e-01
   1.63966532e+00
   1.41012135e+00
  -2.03713335e-01
   3.68514466e-01
   1.77495817e+00
  -3.52636275e-01
   4.21325597e-01
  -1.84915721e+00
  -8.16948604e-01
  -2.78259711e-02
  -4.97412599e-01
   1.23565937e+00
   9.65109786e-01
  -1.02985886e+00
  -1.29739431e+00
  -1.85674632e-01
   1.03082906e+00
  -6.81120824e-01
   1.09044111e+00
  -1.31091218e+00
  -3.23653255e-01
   6.80797070e-01
   7.95712676e-01
  -2.11002473e+00
   3.53808265e-01
   2.46926357e-01
  -5.69435353e-01
   5.86912239e-01
  -1.75969941e+00
   1.47188003e+00
  -1.15522711e+00
   4.21976601e-01
   2.39855108e+00
   2.49110622e-01
   9.03081861e-02
  -1.42216767e+00
  -9.19186194e-01
   4.98899507e-01
  -4.78615967e-01
  -8.69610325e-01
  -3.53296336e-01
   1.58271610e+00
   5.13348176e-01
   1.55950583e+00
   1.12023489e+00
   8.76394170e-01
   1.03195280e+00
  -3.37426782e-01
  -1.54343761e+00
   6.63242905e-01
   1.25039960e-01
   1.96351019e+00
  -2.87355619e+00
  -9.32968285e-01
   7.44513906e-01
  -3.14355283e-01
   1.25358712e+00
   9.12171579e-01
   2.07061775e-01
   1.28236928e-01
  -6.56445583e-01
   1.81704733e-01
  -6.43068435e-01
   1.52934632e+00
  -2.62302225e-01
   7.86842185e-01
  -3.29244792e-01
  -5.57115469e-01
   3.67026287e-01
  -1.71436444e+00
  -8.70753512e-01
  -1.14859220e+00
   8.62122384e-01
   1.26326308e+00
  -1.75384785e+00
   8.25191911e-01
  -1.26403601e-01
  -7.15540611e-02
  -5.68192567e-01
  -2.85324451e-01
  -9.25134350e-01
   1.06738681e+00
   2.95746747e-01
   1.52993954e+00
  -6.25826867e-01
   1.89566588e+00
  -7.06691937e-02
  -1.76532547e+00
   2.01811917e+00
  -1.19832669e+00
  -3.05627003e-01
  -8.90126964e-01
   6.93910165e-01
  -8.80400991e-02
  -6.52528597e-02
  -1.02666516e+00
   1.08041822e+00
  -4.43592876e-02
   1.46685163e+00
   1.51447370e+00
   1.48566523e+00
   4.73273359e-01
  -1.71712476e+00
   1.15835619e+00
  -1.02180872e+00
  -1.41992695e+00
   1.43580939e+00
  -4.21767398e-01
  -2.10555298e-01
  -9.45341322e-01
  -1.23374321e+00
   8.80345326e-01
   6.25862171e-01
   2.64147230e-01
   7.08812703e-01
  -2.25622769e-01
  -1.67808834e+00
  -1.27252479e-01
  -1.68259338e+00
  -4.58797356e-02
   1.85589371e+00
  -9.21611867e-01
   6.54365618e-01
  -1.28243393e+00
  -4.10650732e-01
   3.81669794e-02
   8.32797203e-01
  -7.44097753e-01
   6.90456542e-01
  -5.73992212e-01
  -3.42314833e-01
  -3.56617904e-01
   4.66000492e-01
   7.52639858e-01
  -5.80833268e-01
   3.05318859e-01
   6.97070497e-01
  -1.64489693e+00
   1.05516952e+00
  -2.35688958e-01
   8.84434007e-01
  -6.67398775e-01
   7.98264488e-01
   8.82952449e-01
   8.73248802e-02
   6.27781711e-01
  -3.90023814e-01
   5.89067223e-01
   4.48742094e-01
  -9.46687144e-02
  -1.62504183e+00
  -8.72077670e-01
  -3.54997527e-01
  -1.10121933e+00
   1.55518811e+00
  -1.78592612e-01
   9.99780769e-01
  -3.31734105e-01
   7.09353792e-01
   2.42723261e-01
  -1.35336261e+00
   1.11334874e+00
  -7.58423353e-01
  -1.11128565e+00
  -1.46252761e+00
   8.98623206e-01
   1.49068054e+00
   6.61655390e-01
  -2.31610303e+00
  -3.45986318e-01
   7.44031849e-02
   1.70811899e+00
  -5.48472670e-01
   1.18422012e-01
   7.54749439e-01
   5.66996777e-01
   1.77747949e+00
   6.30086213e-01
   2.35772585e-01
   2.56316579e-01
   1.25359131e-02
   5.78378064e-01
   9.29291553e-01
  -1.06477858e+00
  -1.37824281e+00
  -1.19436037e-01
   1.70571147e+00
   9.38179981e-01
  -1.29637306e+00
   1.05779448e-01
  -3.10021920e-01
   2.23559616e+00
  -3.88454195e-01
  -1.14120982e+00
  -1.06346095e-01
  -1.12896813e+00
   3.65021383e-01
  -4.96515132e-01
   4.01631544e-01
   1.75941677e+00
  -9.11301986e-01
  -4.83958569e-01
  -4.64123050e-01
  -1.60130554e+00
  -1.25015712e+00
  -9.62784590e-01
  -1.67473773e+00
  -4.83579418e-01
  -9.28635662e-01
   9.51984694e-01
  -2.42625519e-01
   1.76775223e-01
   9.91057990e-01
   1.45606013e+00
   4.44768288e-01
   2.04022699e+00
  -1.79381716e+00
   3.18864420e-01
   1.59293508e-01
   1.48730061e+00
  -1.55635606e-01
  -3.11272626e-01
  -9.17502963e-03
   2.10865109e-01
  -1.67288716e-01
  -1.08686324e-01
  -1.63848041e+00
   1.17977531e+00
   4.73505564e-01
   9.17165766e-01
  -8.31423816e-01
   6.09415171e-01
  -6.84001909e-01
   1.79525772e+00
   1.35082910e+00
  -5.96009204e-01
  -7.79117850e-01
   8.14821532e-01
  -9.00258398e-01
   3.05247953e-01
  -2.62645245e+00
  -1.02600513e+00
  -1.23823811e+00
  -1.95314709e+00
   4.82640238e-01
  -8.28552632e-01
  -9.04986771e-02
  -5.11210075e-02
  -2.72878873e-01
   1.00455267e-01
  -6.98981513e-01
  -9.24201629e-01
   8.96604285e-01
   6.62524189e-01
   1.18194650e-01
  -4.93428278e-01
   1.36582464e+00
   9.19315999e-01
   1.58111619e-01
  -9.17877403e-01
  -9.58025431e-02
   2.55259812e-01
  -3.41882045e-01
   3.30329385e-02
   7.13571488e-01
  -1.22216389e-01
   5.63643371e-01
   2.18351653e+00
  -3.58986682e-01
   5.48775942e-01
   2.37019228e-01
   1.26304625e-01
  -8.46568599e-01
  -1.70637281e-01
   2.15834928e+00
  -7.16792983e-01
   2.43936892e-01
   1.41640732e+00
  -1.22754306e+00
  -2.95021012e-01
  -8.83555747e-01
  -7.06096463e-01
  -3.25194667e-01
  -3.34405779e-01
  -7.79189218e-01
   1.53549514e+00
  -7.04666936e-02
  -7.99007645e-01
   2.71263472e-01
  -6.59262248e-01
  -7.41716712e-01
   2.07854685e+00
  -2.68740198e-02
  -5.28494353e-01
   3.33350157e-02
  -1.72109766e+00
  -1.56335098e+00
   4.97182992e-02
   1.73575016e+00
  -5.48493467e-01
  -1.06583686e+00
  -7.10389831e-01
   2.21586645e-01
  -1.30817596e+00
   7.23017939e-01
  -1.85392816e+00
  -1.83346486e+00
  -4.37197895e-01
  -6.50499619e-01
  -2.15171953e+00
   1.02839675e+00
  -6.01286243e-01
  -2.44165644e-01
  -6.44478311e-01
   2.83933877e-01
  -1.34354414e+00
   2.39227868e-01
  -1.34975574e+00
  -1.43256419e-03
   1.14099516e+00
   7.58743209e-02
   7.07917375e-01
   1.10815316e+00
  -5.25765967e-02
  -1.55549118e+00
  -3.33257318e-01
   7.60914999e-01
   1.72915410e+00
  -5.39520383e-01
   1.91475269e+00
  -1.97592045e+00
  -8.79645430e-01
  -2.02711650e+00
  -1.59881572e-01
  -1.32092637e-01
  -1.41766911e-01
   5.32196216e-01
   8.82414358e-02
   6.22472836e-01
  -7.47436303e-02
   1.10874823e+00
   4.66031514e-01
   6.80117938e-01
   2.57953825e+00
  -7.79518415e-01
  -9.30190007e-01
   3.93455523e-01
   3.94285414e-01
   2.56315600e-01
   1.03690919e+00
  -9.48183571e-03
   2.23756627e+00
   2.19701537e-01
   9.21599426e-01
   1.32585160e-01
   8.38966289e-02
  -9.02409184e-01
   9.58250690e-01
  -1.45821982e-01
   6.23164364e-01
   6.16574535e-01
   3.68971775e-01
  -6.51531232e-01
   8.64335108e-01
  -3.07420117e-01
   2.53859796e-01
   2.35584847e+00
  -8.93394067e-01
  -1.58514332e+00
  -3.40852137e-01
   3.79303704e-01
   1.08807129e+00
   1.11211439e+00
  -4.43577354e-01
  -9.35720598e-01
   9.43473095e-01
  -9.46004651e-01
  -3.55436073e-01
  -1.28303093e-01
   1.29071078e+00
   1.77796548e+00
   1.93945672e-01
   1.53003329e-01
   2.94380218e-01
   9.02850733e-01
   3.40166604e-01
   6.39541478e-01
   1.17577435e+00
  -1.81606298e-01
  -8.93360568e-01
  -2.20159001e-01
  -7.85344829e-03
   5.47772113e-01
   5.82370881e-01
  -5.19929661e-03
   4.11766437e-01
  -3.35688012e-02
  -2.73633388e+00
  -3.84912166e-03
   9.77967702e-01
   2.76676104e-01
   2.17335523e+00
   6.37947957e-01
  -3.62474777e-01
   8.31439292e-01
   5.88066370e-01
   1.14610853e+00
   5.95261127e-01
  -1.39271064e-01
  -6.71708234e-01
   8.34854952e-01
  -9.56159638e-02
  -3.28729557e-01
  -2.06246853e+00
   7.18550124e-01
   1.36912691e+00
   7.15166731e-01
   6.35256012e-01
   1.89131404e-01
  -1.75030475e+00
   7.68832113e-01
  -9.90224029e-01
  -1.24410498e+00
   1.86932334e-01
   2.65198458e+00
   6.91192582e-02
  -3.67308000e-01
   3.13358316e-01
  -4.17217831e-01
   4.62298374e-01
  -3.53931862e-01
  -1.69594556e+00
   2.09985536e+00
  -5.94136650e-01
   5.43954940e-01
  -3.74032869e-01
   1.79978941e+00
  -1.04453231e+00
   8.88676759e-01
  -4.77647569e-01
  -6.51485338e-01
   2.42851313e-01
   2.04715870e-01
  -9.98523242e-01
   2.32730716e-01
  -3.08828548e-01
   1.41547809e-01
  -7.41782184e-01
  -1.52714328e+00
  -2.15412919e+00
   7.29457377e-01
  -9.81416871e-01
  -8.87147588e-04
  -2.34793210e-01
  -1.64513102e-01
  -7.17713097e-01
  -1.08644685e+00
  -5.93440772e-01
   1.32320423e+00
   6.87147780e-02
  -7.65617420e-01
   4.88670963e-01
   1.23461898e+00
   5.39859929e-01
  -1.34792001e+00
   3.86029955e-01
  -1.29732788e+00
   1.65725765e-01
   3.37351976e-01
  -3.28063014e+00
  -2.67144318e-01
  -1.21249623e+00
  -9.41029373e-01
   1.35258308e-01
  -8.49326792e-01
  -2.28046237e-01
   1.01831142e-01
  -9.03875523e-02
  -3.96664102e-01
   1.01280945e+00
   8.24424367e-01
  -4.50534365e-01
   8.48668784e-01
  -7.09700750e-01
  -1.18427257e-01
  -6.03920400e-02
  -3.06250240e+00
   3.96318418e-01
  -8.47865469e-01
   7.76989952e-01
   9.69222772e-01
   1.47298317e-01
   1.91596329e-02
   1.25887511e+00
  -9.30268643e-01
   1.51767336e+00
  -1.28205643e+00
  -3.69984550e-01
  -1.66178634e-01
  -1.02516095e-01
   5.17880161e-01
  -1.81236667e-01
  -1.88400195e-01
  -9.62238257e-03
  -2.35771115e+00
   3.82341879e-01
  -1.86414640e-01
  -4.77158282e-01
  -6.58054764e-01
  -2.85169744e-01
  -5.88343357e-01
   5.39417541e-01
   8.76536388e-01
   2.75025588e-01
   3.61687638e-01
   2.14073495e-01
   2.24677982e+00
  -1.66413034e+00
  -1.10729026e+00
   3.43305017e-01
  -1.46778321e+00
  -5.37007518e-02
  -3.81152102e-01
   1.27144033e+00
  -1.32437088e+00
  -1.88504737e+00
   7.78694139e-01
  -2.11400664e-01
   1.56584097e+00
   1.64857145e+00
   8.94877798e-01
   3.91028089e-01
  -7.32878215e-02
  -1.09741774e+00
  -1.70035747e+00
  -3.79085140e-01
  -9.13137091e-01
  -3.05931522e-01
   1.09144388e+00
   5.48585401e-01
   1.18112472e+00
   6.29913559e-01
   1.98469337e-01
  -1.88924344e-01
   2.02079405e-01
   4.64101324e-01
  -4.80810637e-01
   4.68009735e-01
   2.04313941e+00
   4.92544759e-01
  -3.26802677e-01
  -3.74869846e-01
  -3.50158595e-01
   1.51973715e+00
  -2.14280429e-02
   1.56858060e+00
  -2.01974065e-01
   1.16431171e-01
  -5.04438689e-01
  -4.34389832e-01
   5.43954132e-01
  -7.71811340e-01
