  -4.47614849e-01
  -3.46383931e-02
  -3.92360195e-01
  -1.14693759e+00
  -6.35269599e-01
  -1.54169740e+00
   2.61866181e+00
   4.13475568e-01
  -8.29780962e-01
   1.51688223e+00
   1.11675746e+00
  -5.75714658e-01
  -1.35777482e-01
  -5.22438307e-01
   5.75393648e-01
  -3.68019933e-01
  -6.06250829e-01
  -1.93827911e-01
  -3.67907170e-01
  -1.37992878e+00
  -8.28064216e-01
  -1.17748242e+00
  -4.13079718e-02
   1.13206102e-01
   1.15307640e+00
   7.98253630e-01
  -6.32439740e-02
  -1.01898358e+00
  -7.17696741e-01
   9.09966004e-01
  -1.62363866e-01
  -4.07253446e-01
   1.15031986e+00
   3.67659148e-01
   1.35261073e+00
   1.23173944e+00
  -1.81688392e+00
   7.27060516e-01
   8.66511872e-01
  -7.44148650e-02
   5.72951944e-01
  -1.31886504e+00
  -4.54291862e-01
  -1.73826961e+00
   1.10574901e+00
  -1.34344303e+00
  -3.74779326e-01
  -2.60730616e+00
  -1.66822932e+00
  -2.02326105e+00
  -3.09847190e-01
   3.69366231e-01
   4.45934273e-01
  -4.60510767e-01
  -1.43697961e-01
  -9.11556613e-01
  -9.91299068e-01
  -1.18621334e+00
  -1.67011115e-01
   1.63573588e+00
   7.22107908e-01
   7.75821650e-01
  -1.83734438e+00
  -1.66768716e+00
   3.35156285e-02
   1.49982885e+00
   5.31321137e-01
   3.87715512e-01
   1.79804482e-01
   2.81059950e-01
  -1.02598732e+00
   3.77306495e-01
   4.49710941e-02
   1.30433051e+00
   1.89008037e+00
   8.19626961e-01
  -9.04059206e-01
   1.35145673e-01
  -2.96022233e-01
  -3.16093407e-01
  -8.64868631e-01
   1.13905245e+00
   7.88629097e-02
   1.08003895e+00
   1.10174726e+00
   1.33141767e-01
  -1.02735767e+00
   2.33013152e-01
   7.84838754e-01
  -1.36339596e+00
   1.49878506e+00
   6.76844331e-01
  -5.86536851e-01
   1.43410610e+00
   4.79035217e-01
  -1.32896353e+00
   1.16523911e-03
  -4.48643878e-01
  -1.59880810e+00
  -2.22344122e-01
   6.20011858e-01
  -1.00362659e+00
   4.66056393e-01
   4.52410646e-01
  -1.70055358e+00
  -1.96263572e+00
   3.33553461e-01
   8.13223685e-01
  -9.01944117e-01
  -4.52839700e-01
  -4.69908943e-01
  -9.74946197e-01
  -2.66214863e-01
  -2.91707795e-01
   1.09652685e+00
  -9.10736536e-01
   1.05554980e+00
  -7.39060430e-01
  -1.07842355e-01
  -1.16481148e+00
   3.70524334e-01
   4.45002415e-01
   1.56827652e+00
   6.98576015e-01
  -6.09555197e-01
  -2.90309539e+00
   9.06619907e-01
   8.63576140e-01
   4.04313481e-02
   1.26596100e+00
  -1.27994325e-01
   1.18131953e+00
   7.58631388e-01
   5.70501192e-01
   1.19424734e+00
  -1.14394383e+00
   7.46606246e-01
  -1.40325979e+00
   4.01316691e-02
  -2.73187066e+00
   2.94931880e-01
   4.24664343e-01
  -4.59210272e-01
   7.46532091e-01
  -1.08002393e+00
   2.01738939e-01
  -2.94648903e-01
   2.76973722e-02
  -2.06112470e+00
   3.80324614e-01
   3.99761071e-01
   4.79778117e-01
   4.14401340e-01
  -1.41443378e+00
   9.60536676e-01
   5.90019570e-01
   2.59938475e+00
  -1.42392756e+00
   7.77028416e-01
  -7.55333403e-01
  -1.04622777e+00
   1.57152465e+00
   2.18846966e+00
  -5.74572882e-02
  -2.10642096e+00
  -2.58880880e+00
   4.07054619e-01
  -4.90009800e-02
  -5.97860119e-01
   1.58510229e+00
   1.32703056e-01
   2.99839542e-01
  -1.11195568e+00
   1.63703152e+00
  -2.81259652e+00
  -1.25128025e-01
  -3.65030860e-01
   1.11767702e+00
   2.71413837e-01
  -6.52968045e-01
   5.22831137e-01
  -2.39015548e+00
   1.49411067e+00
   4.79777815e-01
  -1.27856257e-01
  -3.35152173e-02
  -4.66602553e-01
   4.97299255e-02
  -1.06431445e+00
  -8.44534638e-01
   3.69962892e-01
   1.25455662e+00
  -5.89064066e-01
  -1.44619530e+00
   1.73625625e-01
  -9.44152281e-01
  -8.83042637e-02
  -7.38418398e-01
  -1.18658872e+00
   5.41727311e-01
  -4.71342261e-01
  -2.71577414e-01
  -7.58305984e-01
   9.34265485e-01
  -8.22988153e-01
   1.27160547e+00
   1.42375558e+00
  -1.05027725e+00
  -5.19682035e-01
   6.61217068e-01
   2.20790149e+00
   6.97863153e-01
   9.73820900e-02
  -3.36795851e-01
  -1.06600835e-01
  -2.71874911e-01
   7.34903082e-01
   2.02382953e-01
   8.92936293e-01
   1.17235595e+00
  -9.26791017e-01
   1.02035593e+00
  -5.59151671e-01
   5.58836963e-01
   1.04343855e+00
   5.99445217e-01
  -1.24638457e+00
  -7.01496153e-02
   8.29951420e-02
   1.35989626e-01
  -1.36716909e+00
  -1.00500642e+00
  -7.93260366e-01
  -2.54790689e+00
  -2.53355166e+00
   3.26077975e-01
   2.22575895e-01
   5.43195291e-01
  -9.14713791e-01
   1.07120760e-01
  -2.32657450e-01
  -7.99573217e-01
  -1.73711053e-01
  -8.08347731e-01
   8.43171661e-01
  -1.75731516e+00
   1.03292348e+00
  -6.91916954e-01
   1.22979312e+00
   5.69814879e-02
  -1.41475913e-01
  -3.34818537e-01
   8.81898160e-02
   1.29182975e+00
   4.06499175e-01
  -3.93912669e-01
   2.88789976e-01
   7.38719752e-01
   6.91107426e-02
  -6.19915190e-01
   8.29045333e-01
  -6.73367034e-01
  -2.25662254e-01
   5.04629932e-03
  -1.05985090e+00
  -7.00599502e-01
   2.20576637e+00
  -3.18229178e-01
  -2.33092615e+00
  -6.12142387e-01
   4.55418654e-01
   1.17584889e+00
   1.27137058e+00
  -1.46735878e+00
  -5.64708067e-01
  -4.40685002e-01
   7.12824329e-01
  -7.24362634e-01
  -6.46653110e-01
  -8.62108687e-01
  -2.56247550e-01
  -1.71134648e+00
  -1.08747058e+00
  -3.49461627e-02
  -1.83158574e+00
  -6.28513579e-01
   9.45764994e-01
   7.83414472e-01
  -6.68833747e-01
  -1.17332581e+00
   3.52272140e-01
  -4.14621101e-01
  -4.32084518e-01
   4.26860589e-02
   3.36607942e-01
   1.49840363e+00
  -5.45537785e-01
  -4.96182424e-02
  -8.84508532e-01
  -6.65579805e-01
  -1.08863417e+00
  -9.50322343e-01
   8.84036245e-01
   1.28193651e+00
   5.91594616e-01
   6.00084182e-01
   2.00025799e+00
  -3.49728841e-01
   2.03655645e+00
  -1.59658152e+00
   4.95005525e-01
   1.46530042e+00
  -6.08404247e-01
   4.54230906e-01
   1.38366194e+00
   4.10216841e-01
   1.18136507e+00
   1.22468142e+00
  -4.50533680e-01
  -9.69868319e-01
   9.43858215e-02
  -1.12680637e-01
  -1.01485178e-01
   1.22243891e-01
   1.45367253e+00
   8.33121799e-01
  -1.01292247e-02
   3.57992431e-01
   1.20754440e+00
  -3.46558555e+00
   2.47473577e-01
  -8.38458554e-01
  -8.08852731e-01
   1.37907629e+00
   5.18939318e-01
  -9.43037096e-03
   9.82462465e-01
  -3.33199334e-01
   1.64453366e+00
   2.24606081e+00
  -5.66933935e-01
   8.40617955e-01
   1.27671664e+00
  -5.98231274e-01
   1.44431673e+00
  -7.78276962e-01
  -1.69262781e-01
   1.38078729e+00
  -1.26505202e+00
  -1.56679253e+00
  -4.26067214e-01
   1.02476592e+00
  -1.37212595e+00
  -1.43771992e+00
  -1.13621080e+00
   7.24314733e-01
   9.66943461e-01
  -7.58959485e-02
   6.33961908e-01
   1.75425473e+00
  -1.60827198e+00
   1.02963018e+00
   7.65856126e-01
   9.01807770e-01
   1.74155748e+00
   1.20890825e+00
  -4.35487320e-01
  -3.84294235e-01
  -4.20084319e-01
   1.26318769e-01
   5.54387600e-01
  -4.96405171e-01
  -3.14499024e-01
   1.31588316e+00
   3.05080120e-02
  -7.73498957e-01
   1.02337355e+00
   9.88787597e-01
  -4.12663493e-01
   3.17855724e-01
  -7.23185318e-01
   3.14114772e-01
   8.72450710e-01
  -1.08120876e+00
   1.05834203e+00
  -7.50766998e-01
  -8.98970625e-01
   1.54397192e-01
  -8.07669167e-01
  -7.15363405e-01
   6.09773339e-01
   1.02248089e+00
   6.39591707e-01
   6.49513804e-01
   5.89956977e-01
  -1.23097936e-01
   1.01203609e+00
  -4.88808262e-01
   2.43156047e-01
  -5.29999933e-01
   1.04113152e+00
  -6.34699510e-01
   1.12794304e+00
   1.95148269e+00
   1.61918904e+00
   1.07307303e+00
   4.33680999e-01
   5.78112782e-01
  -4.53350608e-01
  -6.50483475e-01
  -1.60341628e-01
  -5.30722523e-01
   8.01570416e-01
   5.16305483e-01
  -1.70721804e+00
   1.68664664e+00
  -1.28817979e+00
   1.06906735e+00
   6.79636449e-01
   9.74529596e-01
   5.78778278e-01
   1.36325198e+00
  -2.00343916e+00
  -1.71950223e+00
  -9.07115125e-02
   9.46372085e-01
  -1.50893536e-01
   7.26180602e-01
   1.44315064e-01
   2.81790787e-01
   2.72861195e-01
   1.95681992e+00
   2.36110904e+00
   7.70895231e-01
   4.96219230e-01
   1.67981434e+00
   1.03257477e+00
   1.15140361e+00
  -4.60505020e-01
  -3.36703039e-01
  -2.80726406e-01
   1.13083457e-01
  -3.88489405e-01
  -6.89422183e-01
  -4.57895307e-01
  -1.06958151e+00
   4.95519458e-01
  -1.48091002e+00
   3.72710490e-02
   7.61701313e-01
   9.54051557e-01
   2.10072135e+00
  -1.66199809e-01
   6.48664133e-02
  -6.52705022e-01
  -5.80047729e-01
   8.04700825e-01
  -3.74043375e-01
  -1.48438489e+00
   2.25668082e+00
   7.28683205e-02
  -1.04494942e+00
  -1.57307880e+00
  -9.02578258e-01
   3.97737391e-01
  -1.27721994e-01
  -2.48649799e-01
  -5.33917602e-01
  -9.92605284e-01
  -1.05525954e+00
  -3.33753550e-01
  -4.13496515e-01
   1.01211147e+00
  -3.92310182e-01
   2.89011143e-01
   6.15097242e-01
  -1.40225651e+00
   1.66722440e-01
   1.71016722e+00
   3.03172632e-01
   6.23289760e-01
   6.43156589e-01
   1.20183800e+00
   1.15201856e+00
   8.40186034e-01
   8.91754534e-01
   1.06043500e+00
   7.92979678e-01
  -1.12306621e-01
  -8.03036236e-01
  -6.31825888e-01
   6.32075420e-01
  -6.50308367e-02
   6.35373769e-01
   1.89708314e+00
   1.26148203e+00
   3.05147681e-02
  -2.74539294e-01
  -1.98396692e-01
  -1.42888271e+00
  -3.41128126e-01
   4.58055849e-01
   1.63251014e+00
   3.19052409e-01
  -5.09997834e-01
   3.57539626e-01
   1.25749021e+00
   1.53405300e-01
   1.09576097e+00
  -2.39531979e-01
   6.59796025e-01
   9.01766230e-01
   4.42401116e-01
  -1.08294101e-01
   7.56265385e-01
  -1.66041442e-01
   9.04171435e-01
  -1.13294451e-01
  -4.95103683e-02
   6.68814910e-01
   8.93374941e-01
   1.53758588e+00
  -3.98913804e-01
   5.24849711e-01
  -4.11772364e-01
   1.22498747e+00
   1.43097068e+00
  -2.45731052e-01
   1.42284482e-01
  -1.61787232e+00
   2.03264057e+00
   1.46952324e+00
   1.54167664e+00
   1.02634179e+00
   4.15516732e-01
  -2.99149286e+00
  -9.66097295e-01
   1.14314331e+00
   1.29797259e+00
  -1.23848288e+00
  -2.78628399e-01
  -1.39591443e+00
  -1.75024806e+00
   2.15312083e-01
   1.24861734e+00
  -2.84948759e-01
   2.21222028e+00
   1.92097500e+00
   1.54291465e+00
  -1.40733116e+00
  -2.28084498e+00
   1.60258164e+00
  -3.12042143e-01
  -1.72513829e+00
   2.26064829e-01
  -1.07490786e+00
  -1.35598057e-01
   9.12525616e-01
  -3.34578889e-01
  -5.02747289e-01
  -1.95233399e-01
  -1.50668136e-01
  -3.75207314e-01
   7.65062935e-01
  -1.04857008e+00
  -8.52516163e-01
   5.90640328e-01
  -1.73382515e+00
   1.20278175e+00
  -1.07285485e-01
  -7.07243123e-01
   4.02337624e-02
   4.21390679e-01
   1.42627970e+00
   4.28913113e-01
   1.31082696e+00
   5.95043004e-01
   1.22360033e+00
   4.35550592e-01
  -4.24091446e-01
   5.61414225e-01
  -1.16438286e+00
   5.13284225e-01
  -5.35864832e-01
   2.16203697e-01
  -2.24217112e+00
  -1.19201243e+00
   4.90093127e-01
  -3.17127376e+00
  -1.23635270e+00
   5.81885746e-01
  -9.68076616e-01
   1.07533236e-01
  -1.31049363e+00
   4.31368738e-01
  -7.87027210e-01
  -1.12659773e-01
   1.26371528e+00
   1.13611761e+00
  -4.21948642e-01
  -1.40416320e+00
   9.03825212e-02
  -8.37897033e-01
   6.08766562e-01
   3.50481869e-01
  -2.05668038e+00
  -4.45080580e-01
   9.99715494e-01
   1.47516553e-01
  -1.19595875e+00
   2.02862279e-01
   4.96202511e-01
   9.59956078e-01
  -2.31243857e+00
  -2.00227378e+00
   7.53141243e-01
  -5.23380385e-01
   1.90245213e+00
   1.43260634e+00
   1.65138838e-01
   7.25959448e-01
   1.08897974e+00
   1.56396137e+00
  -1.96113642e-01
  -1.03877214e+00
  -2.52890001e-01
  -4.71552902e-01
  -5.32437682e-01
  -1.28710998e+00
   9.64148109e-01
   1.56524394e+00
  -1.26172004e-01
   1.29518068e-01
  -8.05216842e-01
   8.94432850e-01
   5.71292844e-01
   1.80943526e-01
  -1.43546471e+00
   3.77147128e-01
   1.78819189e+00
  -3.39965430e-01
  -5.91376122e-01
  -1.40730519e-02
  -6.80096787e-01
  -1.65500313e+00
   1.08055454e+00
   1.13632743e+00
  -2.64964578e+00
  -5.55485372e-01
   7.26328811e-01
   7.05588991e-01
  -1.18791189e+00
   5.43364317e-01
  -4.15912065e-03
  -7.07138229e-02
   1.18628506e+00
  -1.08715339e+00
   3.15411312e-01
  -3.29975723e-01
  -3.87734743e-02
   2.00957193e+00
  -2.01939700e-01
   1.32439090e+00
   2.40741673e-01
  -1.56823773e-01
  -3.61908181e-01
  -6.49030576e-01
  -1.97421273e-01
  -5.43064147e-01
  -9.40228405e-02
  -7.11030119e-01
   2.19353676e+00
  -5.03117751e-01
  -9.37367303e-01
   8.89888850e-01
  -9.40076104e-01
   1.09778748e+00
  -1.41995670e+00
  -7.48366650e-01
   1.54327042e+00
   2.56822133e-01
  -5.15797315e-01
   1.17601798e+00
  -1.06028145e+00
  -2.00938992e-01
   2.13707181e+00
  -9.75184506e-01
   6.21516542e-01
  -1.71165565e-01
   2.21659626e-01
   1.70545152e+00
   1.14872316e-01
   6.93690626e-01
   1.02718010e-01
  -9.29446158e-01
   1.84517075e+00
  -1.36546789e+00
  -1.12265012e+00
   5.28069425e-01
   6.90816558e-01
  -1.67944560e+00
  -5.89665084e-01
   1.54737153e+00
   2.43429996e+00
  -1.94360882e-01
  -2.10193551e-01
  -1.29398538e+00
  -1.46149026e+00
   1.14088966e+00
  -1.63288223e+00
   1.22759118e+00
   2.50436484e-01
   7.92024509e-01
   6.09984344e-01
   1.34690163e+00
   1.33425630e+00
  -1.50429242e-01
   1.14574241e+00
   1.47425590e+00
  -4.59374375e-01
   3.09630106e-02
   6.67323929e-01
   1.10472521e+00
  -4.93802052e-01
   5.55072233e-01
  -1.11583683e-01
   1.39397662e-01
   1.66230143e-01
   3.68354172e-01
   9.40452990e-01
  -9.32415526e-01
   3.43808574e-01
   8.40831868e-01
  -3.95166761e-01
   7.88122658e-01
  -1.87356385e-02
  -4.58051615e-01
   1.15775332e+00
   6.94581643e-01
   2.35095377e+00
   4.30917550e-02
   1.90088203e+00
  -1.92007976e-01
  -1.28995054e+00
   6.55101646e-01
   8.39788440e-01
   1.54949714e-01
  -8.76241094e-01
  -1.06866294e+00
   1.56155635e+00
   7.44149367e-01
   9.51435434e-03
  -2.43474909e-01
   1.35267600e+00
  -9.53747273e-01
  -4.79297100e-01
   1.45393729e-01
   3.08064708e-01
   5.01223832e-01
   4.61797837e-02
  -1.34857803e-01
  -9.03688312e-01
   1.84546035e-01
  -3.69997339e-01
   1.15340773e-02
   6.58182634e-01
   2.04867102e+00
   1.16387445e-01
  -1.01349656e+00
  -1.12640895e-01
   1.84481961e+00
  -6.74379073e-01
   1.32562420e+00
  -3.20638803e-01
  -1.24556688e+00
  -6.32803691e-01
   9.50306960e-01
   2.84871721e+00
  -1.38936745e+00
  -8.18768665e-01
   6.24032396e-01
   1.42464811e+00
   1.27877203e+00
   1.49689934e+00
  -1.20788067e+00
  -7.21505457e-01
   1.26960908e+00
   3.09084944e-01
  -6.04290806e-01
  -3.31401306e-01
  -5.34826081e-01
   8.26798106e-01
  -4.87122095e-01
  -1.18036162e+00
   1.83524361e+00
  -2.02454305e+00
   1.91997070e+00
  -5.98421462e-01
  -6.96398554e-01
  -1.91218151e+00
  -1.91395281e-02
   1.20660215e+00
   1.79643085e-01
  -7.19661848e-01
  -1.31537617e+00
  -2.04913626e+00
   1.05612174e+00
  -7.58225322e-01
  -2.90120623e-02
  -4.71133606e-01
  -1.32107882e+00
   1.39092927e+00
  -1.33657366e+00
  -2.44874791e-01
   2.11916324e-01
  -1.66124480e-01
  -1.96173232e-01
   3.57389599e-01
   2.76522173e-01
   6.32756152e-01
   1.61075651e+00
  -7.26053252e-01
   2.27207594e+00
   5.62009182e-01
  -9.64740771e-01
  -7.33874044e-01
  -7.38535908e-01
   2.66854351e+00
  -1.08531732e+00
  -1.84535567e-01
  -1.88444238e-02
  -1.78519449e+00
  -4.25804824e-01
  -4.48814603e-01
  -5.40050900e-01
   1.07138400e+00
   1.03621232e+00
  -1.12311792e-01
  -3.22067368e-01
   8.86272674e-01
   1.22294525e-01
  -4.16004731e-02
  -1.54958315e+00
   1.63003149e-03
  -1.08097659e+00
   9.49662549e-01
   2.52723516e-01
  -6.58556227e-01
   5.34441385e-01
  -1.42612097e+00
  -5.99178432e-01
   1.73922419e+00
   3.27584263e-01
  -3.22928041e-01
  -5.56414265e-01
  -3.63575677e-01
  -1.96106498e+00
  -1.66066020e+00
  -1.89438128e+00
   1.04103361e+00
   7.42941541e-01
   4.17572058e-01
  -1.21172852e+00
   2.28440467e-01
  -2.97646814e-01
   2.17433654e-02
  -1.62615443e-01
   1.42707279e+00
  -1.79803861e+00
   2.29244838e-01
   7.86989045e-01
   1.00782293e-01
   6.13555704e-01
   2.22715169e-01
   7.80983696e-03
  -1.75748010e-01
   5.86157960e-01
   1.01166476e+00
   1.01749445e+00
   1.90661441e-01
  -6.10353936e-01
  -7.76157796e-01
  -8.22983673e-01
  -1.47662868e-01
   1.16048982e+00
   6.64002913e-02
   1.20066530e+00
  -2.94954840e-01
   6.07496111e-01
  -1.67071881e-01
   5.22690066e-01
   9.74721931e-02
  -3.28351752e-01
   1.11907804e+00
   7.52850480e-01
   2.69978618e+00
   3.01982113e-01
  -9.32005612e-01
  -2.88555668e-01
  -4.06298180e-01
   9.33076941e-01
  -2.68845281e-01
   2.33806833e-01
  -6.10898016e-01
  -5.24693033e-02
   3.91534813e-01
  -1.40576276e+00
   1.03328175e+00
  -8.72991648e-01
   7.01241211e-01
   1.42739634e+00
   2.82309911e-01
   6.75864376e-01
   1.49416358e+00
   5.80461938e-01
   1.00185162e+00
   2.58454384e-01
   1.11809818e+00
   1.01115599e+00
  -5.81507491e-01
  -5.30750733e-01
  -7.81850910e-01
  -3.71164160e-01
  -1.30548426e+00
   2.23095809e+00
  -3.56155257e-01
  -2.48559900e-01
  -1.18611310e+00
   2.64267042e-01
   8.55621344e-01
  -7.97900241e-01
  -4.83355123e-01
  -9.66677413e-01
   3.40258446e-01
   2.36078276e-01
  -2.65176270e+00
  -9.21066233e-01
   9.16455725e-01
  -8.67018436e-01
  -1.19095291e+00
   5.24286880e-01
   1.53770026e-01
   1.03707905e+00
  -1.31907464e+00
  -2.83054261e+00
   1.15339586e-01
  -1.78836291e+00
   3.58262243e-01
  -6.28260443e-01
   9.21924849e-02
  -1.38531940e-01
  -1.30521937e-01
   4.03902893e-02
   4.58000557e-01
  -1.16174729e+00
  -9.57144327e-01
  -6.08932769e-01
   1.52834444e+00
  -7.29715712e-01
  -7.11373490e-01
   1.95758221e+00
  -1.79652175e-01
   7.86749118e-01
   1.65204558e-01
  -1.40794751e+00
   8.08315854e-01
   9.70427448e-01
  -6.87196582e-01
   7.80767956e-01
   4.35989839e-01
   8.95724809e-02
  -1.66727346e-01
   1.03201925e+00
  -6.02687193e-03
  -4.44450978e-01
   1.38784454e+00
   6.56942450e-01
  -5.17249916e-03
   2.37066604e-01
  -2.16725308e-01
  -9.19323914e-01
  -9.77635370e-01
  -1.44512277e+00
   1.30681830e+00
   4.36049357e-01
  -2.03464945e+00
   1.25381663e+00
   4.21315980e-01
   5.60458495e-01
   1.26623411e+00
  -7.11526233e-01
  -1.26379136e+00
   4.50079658e-01
  -4.63430518e-01
  -1.97525684e-01
  -9.69911639e-01
  -1.03608818e-01
  -5.70821636e-01
   8.40723636e-01
   1.37494078e+00
   2.61235594e-01
   1.21439414e+00
   1.64809651e+00
   4.64141262e-01
   6.61371915e-02
   3.14110218e-01
   1.77004114e+00
  -1.60887082e+00
  -2.50846971e-01
   1.23903806e-01
  -8.68692916e-01
  -6.85811238e-01
  -9.45559982e-01
  -1.46569470e+00
  -3.94138727e-01
  -5.98627858e-04
   2.59071216e-01
   1.82771962e-01
   7.05373914e-01
  -1.97232383e+00
  -1.14342173e+00
   1.47023039e+00
  -5.24172369e-01
  -1.99463220e-01
  -5.89299296e-02
  -1.36545232e+00
  -1.68804782e+00
   3.47745592e-01
   2.98857433e-02
  -3.27243250e-02
  -1.60912149e-01
   1.56375629e-01
  -2.22662820e+00
   6.05359980e-01
   6.56183238e-01
   5.89431967e-01
   1.27052731e+00
   6.96210450e-01
  -1.88579506e+00
   3.77022675e-01
  -9.95910482e-02
   2.09164774e+00
   1.32686106e-01
  -1.35437303e+00
   2.10287283e-01
   3.90480264e-01
  -4.50661427e-01
   1.50680797e+00
   7.49705483e-01
   1.72690120e+00
  -2.32651620e-01
   1.27378502e+00
  -2.12794365e-01
  -9.89722341e-01
  -5.81766166e-01
   7.56990204e-01
   1.47685597e+00
   1.12737534e+00
   3.80773240e-01
  -6.50384920e-01
  -8.25163345e-01
   1.84642793e-01
   7.71662698e-01
  -7.64928797e-02
   2.47237568e-01
  -1.65858796e+00
   1.49375857e+00
  -1.20731121e-01
  -2.83726049e-01
  -1.39112513e+00
  -9.03854225e-01
   5.15061321e-01
   4.82772544e-01
  -6.99247561e-01
  -1.24651493e-01
  -6.87165391e-01
  -3.85315123e-01
  -3.03977919e-01
   7.89962445e-01
   4.94835336e-01
   2.74717023e+00
  -3.55864849e-01
   1.53165248e+00
   2.72538726e-01
   3.82097630e-01
  -1.14457184e+00
  -6.06184098e-02
  -1.07641393e+00
  -2.85551675e+00
   1.49418024e-01
  -1.09625641e+00
  -1.57700296e+00
   8.52616463e-01
   6.28480085e-01
  -4.01119202e-01
  -8.25804189e-01
  -5.49154671e-01
  -6.88043263e-01
  -1.71693970e+00
  -3.13354570e-01
   1.14292159e+00
   1.95352261e-01
   8.83764260e-01
   5.98311235e-02
   3.49637581e-01
   8.38471077e-01
  -1.98732030e+00
   1.75593732e+00
   3.60373975e-01
   1.41612905e+00
  -1.12352911e+00
   8.06918913e-01
   2.68236611e+00
   1.22497068e+00
   1.56495933e+00
  -2.35933130e-01
  -1.95508899e+00
  -6.13411457e-01
  -7.06347209e-01
   1.52808868e+00
   2.27709568e+00
  -5.27516475e-02
  -4.07238644e-01
  -1.48705645e+00
   3.93434329e-01
   1.28914601e+00
  -1.13739346e+00
  -1.91668248e-01
  -2.05552372e-01
   2.44191898e+00
  -2.47610776e-01
  -5.76437343e-01
   1.47525316e+00
  -2.39875129e+00
  -2.22479490e-02
  -3.80122077e-01
  -1.48609136e+00
  -6.09699328e-01
   3.03167521e-01
  -3.06413371e-01
  -8.72465244e-01
   1.82538191e-01
  -3.65796020e-01
  -1.38676561e+00
   1.61088578e-01
  -9.93291015e-01
   7.32326374e-01
   1.48696575e+00
   6.57714176e-01
  -1.40020612e+00
  -2.75768142e-01
  -1.99054012e-01
   1.70982443e-01
   1.85033028e-02
  -1.49391086e+00
   5.46164670e-02
   2.59914128e-02
   1.17248264e-01
   4.45178841e-01
   8.16260893e-01
   6.31246666e-01
   5.50421090e-01
  -4.19920584e-01
  -1.52659777e+00
  -6.81396785e-01
   2.82542631e-01
  -1.04648201e+00
  -7.25359862e-01
   1.08814169e+00
   5.16931783e-01
   1.02748476e+00
  -1.30891027e+00
  -5.86309906e-01
   2.11331622e-01
   9.78634721e-01
   6.00884203e-01
  -3.59005241e-01
   1.81088637e+00
  -9.98723504e-01
   1.41520791e-01
   1.10513884e-01
   2.82594845e-01
   6.52545766e-01
  -1.35752326e+00
   1.18214119e+00
   5.55471479e-01
   2.69561337e-01
  -3.85018031e-01
   1.89563044e-01
  -1.06115337e+00
  -4.92990030e-01
   1.65458510e+00
  -1.38264665e+00
  -2.96433407e-02
   3.30319766e-01
  -2.55632850e-01
   9.42541241e-02
  -1.09253328e-01
   1.21977068e+00
   5.01873236e-01
  -4.26919344e-01
  -1.85048596e+00
   1.29086637e+00
   1.05792325e+00
   1.10030367e+00
  -9.52932835e-01
  -9.83949435e-01
  -1.53089620e+00
   7.26037802e-01
   8.82570667e-01
  -7.37708500e-01
   4.27820410e-01
  -8.30641636e-01
   4.85989777e-01
  -1.36055492e+00
  -1.26976262e+00
   6.22442740e-01
   3.04292617e-01
  -6.69568793e-01
   1.91610364e-01
  -1.48241842e+00
  -4.17044362e-01
  -1.36939855e-01
  -6.09050139e-01
   7.00700481e-01
  -7.94508876e-01
   1.31317411e+00
  -1.39843206e+00
  -4.51508195e-01
  -1.09406489e+00
  -5.58717484e-01
   1.08009766e+00
   9.78658130e-02
   2.90249772e+00
   3.54728657e-01
   1.79748599e+00
  -7.38905924e-02
   1.41010349e-01
   3.33834007e-01
   1.09365998e+00
   4.08163817e-01
   6.20468242e-01
   6.20427249e-01
  -6.36865298e-01
   1.57091067e+00
  -8.52335619e-01
  -3.31278528e-01
   2.70645585e-01
  -7.12723423e-01
  -1.56817031e-01
  -9.92204444e-01
  -6.72332429e-01
   1.06198932e+00
  -4.04510721e-01
   1.31914153e+00
  -9.24119776e-01
  -1.40433806e+00
   9.03997631e-02
  -6.26069535e-01
   1.59864711e+00
  -8.67048714e-01
  -2.58547338e+00
   1.23506462e+00
   6.77373862e-01
   5.77598799e-01
   1.30413158e-02
   6.51012566e-01
  -5.06007917e-01
   5.10201898e-01
  -2.25422648e+00
   6.45914670e-01
  -4.28949170e-01
  -6.20689669e-01
  -3.59114162e-01
  -1.79291093e-01
  -1.28944371e+00
   1.23836345e-01
   8.46163361e-01
  -1.99960045e+00
  -3.97080604e-02
  -8.00487329e-01
  -2.40112148e-02
   2.03673498e+00
   5.32085512e-01
  -1.15868962e-01
   8.49236853e-01
   3.97445673e-01
  -1.80195894e-01
  -7.12587349e-01
   3.90266982e-01
   7.83806252e-01
  -5.25004916e-01
   5.42298150e-01
  -7.34962910e-01
  -6.95350405e-01
   1.04970310e+00
  -8.18563350e-01
   5.54886335e-01
  -1.67654797e-01
  -2.17022418e+00
   1.69089971e+00
   1.46813935e+00
   9.97450025e-01
   1.46386638e+00
   5.52114586e-01
  -7.42119254e-02
  -8.96288821e-01
   1.36010719e+00
   2.42124329e-01
   1.25125303e+00
   1.41277344e+00
   4.55622380e-01
   2.30553711e-01
  -6.18333113e-01
  -9.25494784e-01
  -1.85888030e-02
  -6.51160128e-01
   1.08968076e-01
  -7.77722133e-01
   3.37510833e-01
  -1.38245068e+00
  -7.83059789e-01
  -1.51651312e-01
   6.66036148e-01
  -1.46161019e+00
   1.32961529e+00
   1.05271799e+00
   7.09462155e-01
   3.13404070e-02
  -5.90889213e-01
  -1.33900821e+00
   2.25974382e-02
  -2.08877842e-01
   8.50981752e-01
  -1.00944133e+00
  -9.97056343e-01
  -1.83922271e+00
   2.42080166e-01
   1.16310285e+00
  -7.56860478e-01
  -8.01731017e-01
   6.29747927e-01
   1.11433970e-01
   4.34900400e-01
   2.39707128e-01
   6.39343961e-01
   1.45026838e+00
   6.74540614e-02
  -2.86492132e+00
  -1.04844856e+00
   3.06606549e-01
  -6.98355016e-02
  -1.30255878e+00
  -6.17476876e-01
  -6.23368262e-01
   8.80259434e-01
  -1.16955429e+00
   3.19881754e-01
   1.36754697e-01
   1.26007359e+00
  -1.12072070e+00
  -1.04504993e+00
  -1.09468667e+00
  -5.82764716e-01
   8.31828176e-01
   1.54316277e+00
   1.23743807e+00
  -2.03387328e+00
   1.37490662e+00
  -7.62125825e-01
   1.21536095e+00
   2.63268332e-01
  -8.71015753e-01
  -1.40365721e-01
   5.90690434e-02
   7.78295931e-01
  -6.16656972e-01
   1.24657395e+00
  -1.37728542e-01
   1.96248778e+00
   3.00257438e+00
  -1.19055829e+00
   2.12438367e-01
   2.73871772e-01
  -2.52647060e-01
  -7.94204935e-01
   9.57334566e-01
  -5.30180436e-02
  -1.17947358e+00
   8.07744062e-01
  -1.56005854e+00
  -3.02442654e-02
   5.14060057e-01
   5.13237723e-01
   1.04419226e+00
  -3.01015784e-01
   3.10792854e-01
  -3.63336900e-01
  -4.71598598e-01
   8.66007792e-02
  -1.67443449e+00
   9.75065906e-01
   1.10791033e+00
   3.57379081e-01
  -4.54531099e-01
   1.00334278e+00
  -3.08925368e-01
   1.05797569e+00
   4.31597396e-01
   1.91369453e-02
  -5.33417727e-01
  -1.90828540e-01
   1.40352101e+00
   6.03125030e-01
  -1.02436041e+00
  -8.73585446e-01
  -1.16224894e+00
  -1.80343167e-01
  -2.14258268e+00
  -1.34264541e+00
   1.44337952e+00
   5.02741011e-01
  -2.45686057e-01
  -5.57350671e-01
   9.08406362e-01
  -1.55780604e+00
  -2.46305661e+00
  -1.19264240e+00
   1.57763797e+00
  -1.21869715e+00
  -1.05639996e+00
   7.23913855e-01
  -1.30706347e+00
  -1.36238714e+00
   4.67672519e-01
  -1.62646407e+00
   2.20171062e+00
  -2.31363094e-01
  -2.01082304e+00
   1.02353608e+00
   3.77153198e-01
  -1.44912687e-01
   1.56000653e+00
  -3.70247307e-01
   1.96862281e-01
   6.60347336e-02
  -9.14292301e-01
  -1.04359411e+00
  -6.48555941e-01
  -6.75103124e-01
  -1.46458399e+00
   1.13694737e+00
  -6.45286942e-01
  -1.38985866e+00
   2.06996570e+00
  -5.04479107e-01
   1.55121930e-01
   1.72317708e-01
   1.59481699e+00
   4.01001881e-01
  -2.82041484e-01
   1.06466074e-01
  -1.84124601e+00
   4.98680676e-01
   1.72323681e-01
   9.66757349e-01
   6.55072651e-01
   7.01053824e-01
   1.15845951e+00
   1.05112108e+00
   5.14294261e-02
  -5.45963882e-01
   1.72640432e-01
  -5.41918038e-01
   7.67632012e-02
   1.97718148e+00
  -4.46450349e-01
   1.62570851e+00
  -7.23951408e-01
  -9.28197241e-02
   2.10486205e+00
   1.30216975e+00
   1.36461463e+00
  -1.84079775e-01
  -9.90114657e-01
   6.98560571e-01
  -1.67557893e-02
  -9.25171344e-01
  -9.83827962e-01
   8.52388689e-01
   1.74847248e-01
  -4.38040360e-01
  -1.56882722e+00
  -1.78702977e-01
   1.14035307e+00
  -8.03402347e-01
  -1.45162233e+00
  -7.56329804e-01
   5.41730350e-01
  -1.76255000e+00
  -1.38635901e-01
   1.24208893e+00
   4.34921981e-01
   1.01765524e+00
  -6.38032607e-01
  -7.72378845e-01
  -1.03268385e+00
  -5.20632849e-02
  -1.81205709e-01
  -1.42166436e+00
   3.98130872e-01
  -1.90058661e+00
  -1.12559561e+00
   8.00195337e-01
   9.13652027e-01
   2.02845166e-01
   3.03805764e-01
   1.63078447e+00
   1.97354188e-01
  -6.19540969e-02
  -8.75584279e-01
   5.81956879e-01
   7.12508171e-01
  -4.16266966e-02
  -3.06939585e-01
  -5.31113685e-01
   4.72204195e-01
  -1.64609591e-01
  -2.13431315e+00
   1.12390132e+00
   3.42378139e-01
  -5.86834208e-01
   2.46925872e+00
  -1.02065263e+00
  -2.84353855e+00
   1.56329989e+00
  -9.73717179e-01
   1.12367722e+00
   9.38306211e-01
   1.46599667e+00
   1.89273040e-01
   2.63242171e-01
   2.90819117e-01
  -6.29313746e-01
   7.85833345e-03
   7.04537981e-01
  -3.32807547e-01
  -1.64184315e+00
   7.30402154e-01
  -1.14620594e-01
   4.15329675e-01
   6.04001999e-02
   1.26417962e+00
   4.18463075e-01
  -6.79789157e-01
  -1.44179710e+00
   3.57254834e-01
  -1.03741795e+00
   1.22924745e-02
  -4.61441902e-01
   7.86595988e-01
   1.06572295e+00
   3.38729730e-01
  -4.15871539e-01
  -5.75733619e-01
   1.05096410e-01
   6.03695897e-01
  -1.95291460e-02
  -4.35489171e-02
   1.57282519e+00
  -1.00787854e-01
   2.98157488e+00
   1.08918047e+00
   1.23106955e+00
  -1.61959023e+00
  -9.40386413e-01
  -1.40051872e-01
   8.42894504e-01
   1.67266013e+00
  -3.17867015e-01
   4.96114916e-01
   9.89509433e-01
   1.98150991e+00
  -1.28632871e+00
  -5.70235765e-01
  -1.32250591e+00
   4.27068867e-01
  -3.39023915e-01
  -1.03517493e+00
  -1.25759664e+00
   9.48995192e-01
   1.42521890e+00
   7.12303974e-01
   3.09733577e-01
  -1.51636567e-01
  -1.25902100e-01
   8.17516513e-01
   5.49553010e-01
  -4.22104110e-01
  -5.51750116e-02
   1.18560062e+00
   3.12739681e-01
  -7.19323691e-01
  -1.99255886e+00
  -9.37143677e-01
   1.04177702e-01
   1.31453074e+00
   4.79653751e-01
   5.66710254e-01
  -9.03379252e-01
   3.51402204e-01
   5.39261166e-01
   8.16453602e-01
   4.65352816e-01
  -5.38049529e-01
   3.97835405e-01
   6.38227412e-01
  -1.57095479e+00
   1.30671554e+00
  -1.83642522e-03
   8.37345515e-01
  -5.25798620e-01
   2.87195295e-01
   2.53044229e+00
  -9.06641664e-01
  -1.30172923e+00
   1.53545965e+00
  -1.26186628e+00
   3.41733814e-01
  -4.50394983e-01
  -5.39140209e-01
  -2.28255244e+00
  -1.41028157e-01
   2.01259591e+00
  -1.51972711e-01
   2.56501464e-02
   2.31507874e+00
  -1.10059534e+00
   4.71828305e-01
  -1.85529783e+00
   1.59607178e+00
  -1.31992902e-01
   7.05192751e-01
  -9.48839043e-01
  -7.12072042e-01
  -3.84263058e-01
   8.18569875e-01
  -2.37255276e+00
   2.97960147e-01
   1.39455208e+00
  -1.03371982e+00
  -6.12950600e-02
   2.59757738e+00
   9.40636937e-01
  -1.08841208e+00
  -4.42081593e-01
   5.60680698e-02
   8.95121055e-01
   1.23048243e+00
  -1.15352229e+00
  -1.05625195e+00
  -4.69528351e-01
   7.93578441e-01
   4.62996820e-01
   1.26297361e+00
  -1.37068533e+00
   8.97086794e-02
  -1.26053167e+00
   1.41381672e+00
   3.99983529e-01
  -4.98921033e-01
  -4.84572039e-01
   7.10309687e-01
   8.78192954e-01
   7.94812295e-01
  -7.11038765e-01
   3.46653051e-01
  -2.64405744e+00
   7.43711829e-01
   8.29642297e-01
   4.23836131e-01
  -1.75280140e+00
   9.07452173e-01
  -7.06812027e-01
   5.34041006e-01
   2.11883920e-01
   8.06591690e-01
   5.77551464e-01
   1.02874353e+00
  -7.22800884e-02
   1.48367679e+00
  -6.39767795e-01
   8.43829200e-01
  -4.66802399e-01
  -6.22558134e-01
  -2.83280821e-04
   6.42261827e-01
   1.46093018e+00
   2.42496596e-01
   4.46111902e-01
   7.86122571e-01
  -8.56206243e-02
   1.24606426e+00
  -3.58472693e-01
   2.73347023e-01
  -2.98433513e-01
   6.44547898e-01
  -1.34410342e+00
  -2.39757703e-01
   1.80412309e+00
   1.61338817e-02
   2.72879667e-01
   3.26253055e-02
   8.55099097e-01
  -1.45367290e+00
   1.40480379e-01
  -1.78290106e-02
  -1.05626246e-01
   7.98008941e-01
  -1.30884194e+00
  -2.00792237e+00
   3.35203220e-01
  -8.32688788e-01
   3.10787014e-01
  -9.35884595e-02
  -1.43950962e+00
   5.58835826e-01
  -6.28968083e-02
  -9.81100894e-01
   7.54305499e-01
  -2.33473070e+00
  -8.45283720e-01
  -2.05867250e+00
  -8.39904054e-01
  -1.44051410e+00
   9.58282628e-02
   1.21999959e+00
   3.64003003e-01
  -5.16078595e-01
  -1.21201547e+00
   1.26832049e+00
  -1.17676420e+00
  -4.01026506e-01
   6.89134751e-01
   4.30806009e-01
   9.27269190e-01
   2.36245661e+00
   5.38123789e-01
  -7.44162313e-01
   4.75540358e-01
   2.25263517e-01
  -7.58576059e-01
   2.53511937e-01
  -6.23431369e-01
   1.95980977e+00
   1.75221386e+00
  -9.75174000e-01
  -2.47040852e-01
  -3.02917265e-01
  -3.41077273e-02
   1.00658847e+00
   1.24358148e+00
  -6.36662103e-01
  -2.87638085e-01
  -3.02540297e-01
   2.25106048e+00
  -2.98527901e-01
   1.30830994e+00
   5.67132166e-01
  -6.53815241e-01
  -3.08116825e-01
  -5.74807417e-01
  -1.19193659e+00
   1.31702431e+00
  -1.84893350e+00
  -7.01000855e-01
  -5.83909736e-01
  -1.05814316e+00
   5.81956821e-01
  -1.19234678e+00
   9.90998963e-01
   1.01943006e+00
  -3.86493644e-01
  -8.08877227e-01
  -1.28281101e+00
  -1.36371436e-01
   3.84438541e-01
  -1.10178604e+00
  -5.46200493e-01
  -1.51517612e+00
   1.26363466e+00
  -1.23519034e+00
  -1.71863419e-01
  -1.36185815e+00
   1.85327294e+00
   3.84151636e-01
  -1.78484974e+00
  -2.36223567e+00
   1.86906736e-01
  -1.08262064e+00
   7.22013519e-01
  -8.78319928e-01
   1.37034781e+00
  -2.88477845e-01
  -9.94612778e-01
   9.44502087e-01
  -9.26720857e-01
   2.26676705e+00
  -8.88281195e-01
   5.39190139e-01
  -1.45068717e+00
   2.40621807e-01
  -2.28672983e-01
   1.23658718e+00
   2.70460371e-02
  -1.93196823e-01
  -3.56172497e-01
   1.54141874e-01
  -3.32294869e-01
  -1.21383983e+00
   1.19724109e+00
  -1.16501252e+00
  -6.38477628e-01
   9.55036248e-01
  -1.53371183e+00
  -1.20161625e-02
   5.70179450e-01
   2.83955088e-02
  -1.14655972e+00
  -2.23604746e-01
   5.50260444e-01
   4.60341225e-01
   1.46674986e-01
  -3.64222465e-01
   2.42131640e-02
  -8.83118902e-01
   1.47065521e+00
   1.73341300e-01
  -1.35586914e+00
   1.62546276e+00
   1.50547981e+00
  -7.92362173e-01
   9.15492556e-01
   7.14456540e-01
  -2.24708259e-01
  -9.97591426e-01
   1.39503527e+00
  -3.88151441e-01
   1.59606341e+00
   4.68700964e-01
  -3.99352869e-02
  -1.09732194e-01
   1.70587699e-01
   1.81577270e-01
  -7.76115666e-01
  -2.26282332e-01
  -2.42689756e+00
  -3.37145484e-02
   6.26116077e-01
   3.72235816e-01
   2.35053300e-02
   1.20014166e+00
   7.55846937e-01
  -1.17930345e+00
  -9.20346474e-01
  -6.16814077e-01
   8.46742060e-01
  -4.93316661e-01
  -7.80327157e-01
  -8.01661680e-01
  -3.86350361e-01
   6.96581157e-01
   1.42906889e+00
  -1.01831959e+00
   5.94632247e-01
   1.03691638e+00
  -2.97350518e+00
   5.75819243e-01
   2.83458117e-01
   1.05519350e+00
  -1.00163200e+00
  -4.77879686e-01
   2.57074211e-01
   3.23244793e-01
   1.51356363e+00
   1.03889168e+00
   2.10133118e+00
  -1.68792873e-01
   5.15663316e-01
   6.19588299e-02
   8.15912766e-01
   6.39708745e-01
   9.93248824e-01
   9.10541981e-01
   1.74529152e-01
  -6.59995393e-01
   6.35674921e-01
   1.81849498e+00
  -4.72934091e-02
   1.18193255e+00
   1.82039271e+00
   4.01806570e-01
  -5.91495305e-01
   3.26474802e-01
   5.29265395e-01
   6.97443969e-01
   4.47256317e-01
   3.25665949e-01
  -7.17016239e-01
  -1.12147783e+00
  -7.17853844e-01
  -1.59623009e+00
  -6.67080123e-01
   5.98088408e-02
   3.44429674e-01
  -5.88511626e-01
   7.09988081e-01
  -4.75719525e-01
   1.78364076e-01
  -1.25937938e+00
   2.26556179e+00
   3.79662524e-01
  -1.31181355e+00
  -3.44553195e-02
  -1.38792155e+00
  -4.91117790e-03
  -3.17147274e-01
   4.45600926e-01
  -1.06651378e+00
  -9.52757213e-02
   4.71377124e-01
  -9.20982630e-02
   3.04382039e-01
  -4.41602829e-01
  -2.19781624e-01
   2.10055101e-01
   5.00490535e-01
  -4.74748600e-01
  -1.03796588e+00
  -1.43305358e+00
  -4.71608385e-01
   1.88342204e-01
   1.85827874e+00
  -6.79229792e-03
  -2.93196447e-01
   3.01015021e+00
   1.74427050e+00
   1.22854060e+00
   1.16213587e+00
   2.36003976e+00
  -4.44733328e-01
  -7.36360937e-01
   3.90713353e-01
  -1.67648671e+00
   1.57499079e+00
   5.09713289e-01
   1.11730850e+00
   1.13653673e+00
   3.64661293e-01
  -2.57158873e-01
   1.21585731e+00
  -2.26272109e+00
  -1.28173270e+00
   1.57370148e+00
  -4.89712743e-01
   4.48407293e-01
  -9.94120004e-01
  -2.39192363e-02
   4.43128148e-01
  -5.82804526e-01
   2.18657968e-01
   5.31863332e-01
   6.13891512e-01
   8.03986860e-01
   3.06657237e-01
   5.60297909e-02
  -1.07324833e-02
  -6.35547693e-01
   1.26099108e+00
   4.74109305e-01
   1.11568033e+00
  -1.69604999e+00
   7.45246882e-01
  -5.18912124e-01
  -1.19932259e+00
  -4.30193269e-01
  -1.37814265e+00
   9.44857073e-01
  -1.36111791e-01
   1.82386115e-01
  -1.03672610e+00
  -1.41600470e+00
   8.97954330e-01
   8.97619397e-01
  -7.45187956e-01
   7.26129234e-01
   4.99419337e-01
  -3.25612789e-01
   1.44289824e+00
   1.38553328e-01
  -1.94540871e+00
  -1.34455242e+00
  -9.45917539e-01
   1.11363763e+00
   2.53690129e-01
  -1.26155922e+00
  -1.70949767e+00
   4.82059400e-02
   6.18314034e-01
   1.13276517e+00
   2.36260701e-02
   8.13883630e-01
  -1.05010187e-01
  -7.61431675e-01
  -2.87516573e-01
   2.18183491e-01
  -1.15698925e+00
   1.65449229e-01
   5.80013276e-01
  -1.53512743e+00
  -1.38549627e+00
   6.23985263e-01
   1.00282995e+00
   1.45191245e+00
  -7.85998502e-01
  -3.33706634e-01
  -7.70790712e-01
   1.46621041e+00
   5.38073979e-01
   9.42123806e-01
  -6.29450642e-02
   1.11933735e+00
  -3.84287617e-01
  -3.42289326e-01
  -1.79599025e-02
  -1.22104608e-01
  -1.67959491e-01
   1.99354971e+00
  -5.18538217e-02
   2.96315396e-01
  -6.47822092e-01
  -5.41828257e-01
  -2.38268433e+00
  -6.38172276e-01
   2.17053110e-01
   9.81550663e-01
   2.08935872e+00
   1.34788288e+00
  -5.22926904e-01
  -7.18018779e-01
  -4.34778190e-01
   2.29629818e+00
   6.85090704e-01
   1.38241727e+00
   6.95310132e-01
   1.72970990e-01
  -1.00042981e+00
   1.31889669e+00
   2.12731085e-01
   1.48585669e+00
   1.31899434e+00
   1.27284021e+00
  -1.12751350e+00
   9.82003503e-01
  -1.11901039e+00
  -3.26895923e-01
  -6.92281189e-02
   1.08158101e-01
   1.39264122e+00
   1.34995852e+00
   6.17870971e-01
  -8.78729447e-01
   4.93194046e-01
  -1.08988295e+00
  -8.20077805e-01
  -6.00711247e-01
  -5.64737841e-01
   9.52522743e-01
  -1.27472757e+00
   8.27606415e-03
  -5.00899723e-02
  -1.26864504e+00
  -5.17466588e-02
  -1.44726834e+00
  -2.35205589e-02
  -1.22715901e+00
  -1.48204809e-01
   1.48994013e+00
  -9.23297725e-01
  -7.75491212e-02
   2.56321432e-01
  -9.55562182e-01
  -6.12556336e-01
   8.68754908e-01
   5.99411613e-01
  -1.91825682e+00
  -1.61354402e+00
   1.29668232e+00
   1.57005900e+00
   1.63697085e+00
   4.08338239e-01
  -2.67562471e+00
  -8.56482756e-01
   5.97421797e-01
  -1.32167435e+00
  -1.55238285e+00
   2.95192959e-01
  -6.91292629e-02
   5.54230514e-01
   2.09286705e+00
  -5.69583556e-01
  -9.44424420e-02
   6.43230112e-01
  -8.51180079e-01
   2.09001582e-01
  -2.66193226e-01
   4.44029496e-02
  -6.81946728e-01
   3.26583428e-01
  -1.64569189e-01
   7.95408133e-01
  -8.94661785e-01
   1.53086054e+00
   9.34916013e-01
  -6.93654237e-01
  -5.44308683e-01
   9.21126451e-01
   1.30205079e+00
  -6.73741019e-01
  -2.54620812e+00
   1.97542560e+00
   1.00177239e+00
  -3.57662867e-01
   1.66504472e+00
   1.65652228e+00
  -6.94863776e-02
  -1.65118502e+00
  -4.98636174e-01
  -1.91980732e+00
   9.72210084e-01
   3.41624236e-01
  -9.23735347e-01
  -1.35035392e+00
   2.35727290e-01
  -3.34069127e-01
   3.19421831e-01
  -5.44913864e-01
  -5.72064293e-01
   1.20733925e+00
   1.26832356e+00
   3.53293405e-01
  -5.23398640e-01
   4.51849097e-01
  -2.68847977e-01
   2.58854403e-01
  -8.07085046e-01
  -2.31688958e-01
   4.55258379e-01
  -2.75286106e-01
  -7.30112594e-02
  -1.45335194e+00
  -8.30568706e-01
   3.75873003e-01
   5.05724536e-01
  -8.08153159e-01
  -1.08023781e+00
   1.03870529e+00
   7.74086146e-01
   5.41922773e-01
  -3.67709632e-02
  -1.44585021e+00
   1.46035747e+00
  -5.09448629e-01
  -1.26385119e-01
   5.54955712e-01
  -5.61936506e-02
   1.50631768e+00
  -2.89096998e-01
  -2.46668027e-01
   7.06221651e-01
  -1.89012706e-01
   7.75778316e-01
  -5.44271490e-01
   9.75324138e-01
  -5.25651616e-01
  -5.46707717e-02
  -2.66113079e-01
  -2.84960963e-01
  -1.20806315e+00
  -2.54124698e-01
  -1.49678117e-01
  -4.03473735e-01
  -2.44407759e-01
   7.41489552e-01
   2.27333639e+00
  -8.93475788e-01
   3.98543266e-01
  -4.90707359e-01
  -3.31811848e-01
   1.00743322e+00
   1.19709865e+00
   1.79879916e-01
  -1.33603702e-01
   1.90089078e+00
   6.69899812e-01
  -1.63635246e+00
   1.85341961e-02
   1.26270611e+00
  -3.84646288e-01
  -6.11480778e-01
  -1.15800619e-01
  -2.78970223e-02
  -1.44607547e+00
  -8.41181578e-01
  -9.74242201e-01
   2.51742743e-01
   6.71819011e-02
   4.10118624e-01
   1.13035439e+00
   1.84668604e-01
   3.38371638e-01
  -1.39117953e-01
   2.37151464e+00
   7.24547465e-01
   6.49353600e-01
  -5.98972275e-02
   1.66973718e-01
   2.72681296e-02
  -1.65085380e-01
  -1.89974770e-01
  -1.97158885e-01
   1.00491603e+00
  -1.31757846e+00
   2.26173413e-01
  -6.56952006e-01
  -5.23571724e-01
  -2.24015907e+00
   1.45962347e+00
   5.51685799e-01
  -6.47330355e-01
   1.66302583e+00
   1.75326807e-03
   4.07586288e-01
   5.45514562e-01
   1.08872209e+00
   8.30274276e-01
   7.30235318e-01
   9.60947572e-03
  -6.48642451e-01
   7.88841112e-01
   1.95815188e-01
  -1.04773108e+00
   1.81522138e+00
  -6.27882146e-01
   2.08409447e-01
  -3.88458616e-01
   6.73209564e-01
  -4.79414140e-01
  -2.10055779e+00
  -4.56372837e-01
  -8.62467643e-01
  -7.31123077e-01
   1.45743173e+00
  -1.89281901e+00
  -5.49072337e-01
   1.67378678e+00
   9.53346280e-01
   3.58877673e-02
  -6.57247107e-01
  -2.05787068e-01
  -1.22842704e+00
  -1.51111874e+00
  -1.17890309e+00
  -6.51193708e-01
  -1.82934020e+00
  -2.42368121e-01
   1.71583743e+00
   1.34232178e+00
   2.04894938e-01
  -1.19074940e+00
  -2.96434519e-01
  -1.97208242e+00
  -5.62977060e-02
  -2.80716600e-01
   6.08256373e-01
   1.85014303e+00
  -9.73989114e-01
   2.60259665e-01
   9.80679939e-01
  -7.77142923e-01
   1.00379953e+00
   3.49795523e-01
  -1.04546568e+00
   7.52740851e-01
   5.14155584e-01
  -3.67455344e-01
   8.11913386e-01
   9.43598591e-01
  -6.73363549e-01
   1.60551777e+00
  -1.45533936e-01
   7.31373120e-01
   1.12499501e+00
  -1.19419095e+00
  -7.49931732e-01
   5.53085396e-01
  -2.28377311e+00
   2.79868002e-01
   3.36756287e-01
  -1.32282436e+00
  -7.88889421e-01
   6.50328065e-02
  -9.45261268e-01
   3.58925792e-01
  -8.72564945e-01
  -1.01564815e+00
  -1.14127468e-01
   8.68381797e-01
   1.58810832e+00
   4.44149901e-01
   9.01431600e-01
   5.37991401e-01
  -6.49703419e-01
   2.85351241e-01
  -2.20826662e-01
   1.59742524e+00
  -1.47846780e+00
  -1.40125026e+00
   1.67396123e-01
  -9.62903551e-01
  -6.96607689e-02
  -1.27764497e+00
   1.08048030e+00
   4.04412327e-01
   1.23568431e+00
  -1.28170242e+00
  -6.85477330e-03
   4.96332939e-01
   1.11424256e+00
   1.03505276e+00
   1.40943891e+00
   1.84873112e+00
   1.66499186e+00
  -1.95257059e-01
  -2.52724730e-01
   2.56391013e-01
  -5.01659492e-01
  -1.29630650e+00
   7.64685016e-01
   4.22379080e-01
  -2.23789716e-01
  -2.40770942e+00
   4.38050729e-01
  -1.05360821e+00
   6.82252379e-01
   1.39475605e-01
   6.74181937e-02
   6.80145910e-01
   1.25941451e+00
  -1.49660303e+00
   5.76555554e-01
  -1.13921049e+00
  -4.27778660e-01
  -6.18760202e-01
   1.35547749e+00
  -4.98439604e-01
   9.23812342e-01
   1.34030525e+00
  -8.92066840e-01
  -1.29981545e+00
  -6.15591195e-01
  -2.44219367e-01
   1.61914987e+00
   3.22548825e-01
  -3.19588498e-01
  -8.92621209e-01
   9.21147591e-01
  -1.53902091e-01
  -6.26853663e-01
  -5.42507302e-01
   1.68331526e+00
   5.05874635e-01
  -1.26238310e+00
   1.29589248e+00
  -1.73523213e-01
   9.27076135e-02
   1.62038070e+00
   9.45313470e-01
   7.47423122e-01
   5.56365958e-01
  -1.15613052e+00
  -7.20212827e-01
   3.61321297e-01
   1.03204329e+00
   1.62648013e-01
   7.31780081e-01
   3.89456109e-01
  -4.55204370e-01
  -8.39323486e-01
   2.09868572e+00
   7.29417643e-01
   1.22291621e-01
   1.76936721e+00
  -3.49695062e-02
   6.88089510e-01
  -9.77860470e-02
  -5.85794372e-01
   2.00640149e-01
   2.20594941e-01
  -9.06416522e-01
   1.97158457e-01
  -9.56255271e-01
  -5.26039525e-01
   2.96852834e-01
  -1.12878692e+00
  -8.09592096e-01
  -2.99392233e-01
  -1.88412028e+00
  -1.05774577e+00
  -1.35133415e+00
   7.12919047e-01
   6.78027377e-01
   7.68543926e-01
   5.43004017e-01
  -2.29122033e-01
  -1.76748942e-01
   1.27506840e+00
  -6.18057664e-01
  -3.04759710e-02
   8.96298848e-01
   2.05521589e-01
   9.66163402e-01
   3.00357198e-01
  -1.14195752e-01
   1.08840500e-01
  -1.38968365e+00
   1.42209358e-01
   6.42525831e-01
  -4.09507174e-01
  -1.50153811e+00
   6.51826338e-01
  -1.70183029e+00
  -4.07847817e-01
  -3.60094160e-01
   3.54969827e-03
   3.97566810e-01
   1.17083126e+00
  -8.17051787e-01
   7.89124602e-01
   9.22121060e-01
  -1.04346347e+00
   4.30958413e-01
   6.69559758e-01
  -1.69657962e+00
   1.78942862e+00
   1.44921566e+00
  -5.66832120e-01
   1.15850291e+00
  -3.36154125e-01
  -1.09509016e+00
   7.52794982e-01
   1.31171106e-01
  -5.32652952e-01
  -2.11762444e-01
   2.35306184e-01
   1.35512732e+00
   2.60963999e-01
   1.50369350e+00
  -2.65214675e+00
   7.31902977e-01
  -1.49417047e+00
  -1.01239924e+00
  -6.97876707e-01
  -2.38674587e-01
   3.51068093e-01
  -1.52166129e+00
  -2.86827404e-01
   9.59274976e-01
  -8.48573708e-02
   4.49225679e-01
  -1.05374626e+00
   3.95638086e-01
  -1.56012798e-02
  -5.18078318e-01
   1.21404356e+00
   3.70220371e-01
  -4.60096437e-01
   4.67702435e-01
  -6.89130928e-01
  -9.63742747e-01
  -1.94223709e-01
   1.80975110e-01
   3.23221951e-01
  -1.35371423e+00
  -6.32833682e-01
   5.24422042e-01
   5.92682422e-01
  -2.86975981e-01
   1.27128657e+00
   1.48538581e+00
