 -1.54849332e+00
  2.96944120e+00
 -3.53823546e-02
 -1.66050975e+00
  1.22708103e-01
 -6.81960692e-01
  8.78402272e-01
 -9.49959798e-01
 -1.47758010e+00
  6.47143769e-01
 -1.31698598e+00
  7.43075852e-01
 -7.89234984e-01
  1.53023878e-01
  1.01787716e+00
  7.10961401e-01
  9.58588275e-01
 -1.59025206e-02
 -5.98319227e-01
  2.00625556e+00
 -2.05237696e-01
  4.76867504e-01
 -1.00761934e+00
  8.34444108e-01
 -1.71478790e-01
  1.24815187e-01
  5.86466224e-01
 -3.04519791e-01
  2.11306769e+00
  4.38294640e-01
  1.35390760e+00
  9.84857960e-01
 -2.82142634e-01
 -2.17078854e+00
 -4.63533606e-01
 -3.50988754e-01
  1.26414375e+00
 -5.10488294e-01
 -7.87822893e-01
  1.23657547e+00
  7.71988279e-01
 -2.36138453e-01
  1.31238719e+00
  1.33948640e+00
 -1.91445910e+00
 -8.36918823e-01
  1.13587787e+00
  3.39954327e-01
  2.61439511e-01
  9.55111831e-01
  3.39945740e-01
 -3.83529983e-01
 -4.61543130e-01
 -6.00488356e-01
 -1.01183254e+00
 -1.04429637e+00
  3.35198386e-01
  7.42680092e-01
 -2.60082756e-01
  1.56938672e+00
  1.58645765e+00
  5.29577751e-02
 -7.38214036e-01
 -8.67467952e-01
 -1.49529993e+00
 -5.77754637e-01
 -6.20504011e-01
 -6.00523889e-01
  7.07275539e-01
  4.39970916e-01
 -2.75658426e+00
 -6.11716709e-01
  6.52608164e-01
  3.39503050e+00
 -3.01543444e-01
  5.90767523e-01
  1.10195006e+00
 -1.15048511e+00
  1.42282179e+00
 -7.57877023e-02
 -8.30846015e-01
  4.32634947e-01
 -4.45055522e-01
 -1.36126981e+00
  1.75498954e-01
  2.23003553e-01
 -2.06096873e-01
  3.38576942e-01
  4.15482768e-01
 -4.59048872e-01
  8.79601489e-02
  2.70510032e+00
 -6.07917025e-01
  5.59453092e-01
 -3.99715412e-01
  1.27762895e+00
 -8.70910925e-02
  1.51612614e+00
 -9.24717741e-01
 -1.02261692e+00
 -1.11194846e+00
  1.78734629e-01
 -3.98158298e-02
  1.69343003e+00
 -1.03390542e+00
  1.09420960e+00
 -9.13890483e-01
  1.97596828e-01
  2.55378060e-02
 -2.99251330e-02
  1.56569288e+00
  4.72827283e-01
 -1.94814861e-01
 -1.57946820e-01
 -8.95581863e-01
  1.69303121e+00
  8.09428743e-01
 -2.63802113e-01
 -1.52280366e+00
  8.80831620e-01
  1.21014201e-02
 -6.99277966e-01
  3.44616370e-02
 -1.60492673e-01
  8.45240117e-01
  8.87953166e-01
 -8.22035786e-01
  1.67520804e+00
 -2.35756439e+00
  9.20892681e-01
 -1.53475666e+00
  4.00334220e-01
 -5.46324533e-01
 -1.26785613e+00
  1.04604347e+00
  1.95137505e+00
  7.09697076e-01
 -8.96576135e-02
  8.13360539e-03
 -1.57663647e+00
 -2.07782829e+00
 -8.61784107e-01
 -1.33279411e+00
 -2.18047555e-01
 -1.09054967e+00
  2.36456060e-01
  1.68126009e-01
 -1.23882461e+00
  6.80129341e-01
  2.35288853e-01
  2.94530775e+00
 -7.09468473e-01
 -1.40138939e+00
 -7.83050979e-01
 -2.84419877e-01
  1.67512279e-01
 -1.75183707e+00
 -8.40255963e-01
 -1.67054509e-01
  3.64202169e-01
  7.21224185e-04
  1.18815290e-03
 -9.51396004e-02
 -8.70017648e-01
  1.89096730e-01
  1.33194487e-01
 -1.00347858e+00
  5.50352626e-01
 -7.18313522e-01
  1.30011924e+00
  2.29390655e+00
 -2.56399807e-02
  4.57822311e-01
  7.67511374e-01
 -1.01982017e+00
 -3.85469365e-01
 -1.73089390e+00
 -3.81820694e-01
  1.59255172e-01
  1.87244286e+00
  8.06706682e-01
 -2.25643393e+00
  8.88063021e-01
 -7.81996751e-01
 -1.12880052e+00
 -1.05066041e+00
  2.85402913e-01
 -9.05885223e-01
 -1.23109716e+00
 -6.17632131e-01
  9.09528681e-01
 -9.07867407e-01
  7.32922794e-01
  3.60849581e-01
 -1.39464342e+00
 -4.76779498e-01
  4.88817870e-01
 -7.67272869e-01
  3.89627178e-01
  4.15066633e-01
  2.04849371e+00
  4.34659685e-01
 -6.03373143e-01
 -8.86925362e-04
  6.02898313e-01
 -4.60514014e-01
  1.94925114e+00
 -9.37319382e-01
 -5.61241248e-01
  1.38556372e-01
  4.69776090e-01
  5.11974154e-02
  2.32759340e-01
 -7.40205073e-01
 -2.06646637e+00
 -8.12996260e-01
 -7.50225124e-02
 -9.43548466e-03
 -5.45670047e-02
 -6.36596216e-01
  1.85046990e+00
 -1.06142939e+00
 -3.50483544e-01
 -2.54888181e-01
 -8.53797383e-02
  1.15038293e-01
 -3.08701891e-01
  5.11689017e-01
  7.87847652e-01
 -9.44179410e-01
 -4.03878317e-02
 -1.76597487e+00
  5.66952940e-01
  3.54804963e-01
  6.93802349e-01
 -3.72373706e-01
  6.45226708e-02
  4.44333668e-01
 -1.10054827e+00
  2.09463101e-01
  4.09661417e-01
 -8.17778868e-01
 -4.18767354e-01
  2.90449682e-01
  4.84362970e-01
  3.68953264e-01
 -8.90162626e-01
  1.83698850e-01
  3.55321295e-01
 -9.55371124e-01
 -3.34255289e-02
 -7.27486816e-01
  2.30548981e+00
 -6.97832891e-02
  1.71137632e+00
 -1.22043711e+00
  8.30173667e-01
  2.32386820e+00
  3.35773110e-01
  5.50962920e-02
 -2.55406062e+00
  2.69833474e-02
  4.08501658e-01
  1.81573109e+00
  1.16445089e+00
 -7.86909629e-02
 -7.31836301e-01
  1.66670399e-01
 -3.85919848e-01
 -1.16727470e-01
 -7.32764911e-01
 -1.92884378e+00
 -5.73170175e-01
  1.06476600e+00
 -7.27044896e-01
 -4.55485840e-01
  1.06481032e+00
  1.22523316e+00
  2.65563380e-01
 -6.37421024e-01
 -1.61356133e+00
 -8.04484227e-01
  4.77621255e-01
  7.12536534e-01
 -1.18226676e+00
  1.66110049e+00
  1.18121782e+00
  1.33732248e+00
 -4.05943858e-01
 -7.89915120e-01
 -1.30253745e-01
 -1.09251959e+00
  5.75822886e-01
  6.61485076e-01
  1.05797355e+00
  6.44681689e-01
  8.15329477e-01
 -5.75709813e-01
  1.35351195e+00
  1.27861196e-01
 -3.14733989e-02
  1.79072326e+00
  3.59705074e-01
 -1.11884037e+00
 -4.44678181e-01
 -9.69798301e-01
 -1.21650618e+00
  7.12896694e-01
 -8.10499211e-03
 -4.74336091e-01
  8.14090836e-02
 -1.92603075e+00
  1.12647645e+00
 -3.72743310e-01
 -9.82990730e-01
 -4.30233830e-01
 -8.26061781e-01
  1.85765008e+00
 -3.28761799e-01
  2.57070012e-01
  5.77421788e-01
  7.43408819e-01
 -9.11178326e-01
 -1.39130442e+00
 -1.45972121e-02
  6.48773424e-02
 -1.20482968e+00
  2.99379306e-01
 -1.50535229e+00
  1.94439935e-01
  6.17250247e-01
 -2.04197945e+00
  1.27615276e+00
 -1.04592514e+00
  7.67532578e-01
  3.82266361e-01
 -1.64296440e-01
  7.45174410e-01
  2.59536128e-01
  2.54537388e+00
 -6.41597396e-01
  3.51892986e-02
 -8.39278756e-01
  4.96541048e-01
 -2.00398441e+00
  2.25047145e-01
  2.30301087e+00
 -6.24421895e-02
  5.79469694e-01
  2.06347382e+00
 -1.55544174e+00
 -2.02624233e-01
 -2.68404527e-01
 -2.04147674e+00
  4.28320603e-01
 -2.28249726e+00
  7.08089631e-01
 -5.50126102e-01
  1.27480266e-01
  1.00924683e+00
 -1.95045625e+00
 -6.20032096e-01
 -1.91368619e-02
 -1.65275916e+00
 -7.20131189e-01
 -3.14956325e-01
 -1.30255772e-01
 -5.68749192e-01
 -7.18561217e-01
  1.18275510e-01
  1.22953399e-01
 -8.75003476e-01
  4.59372307e-01
  4.95123257e-01
  1.77123681e+00
  2.81765923e+00
 -2.17797668e+00
 -1.46093376e-01
  9.63090645e-01
  2.47354057e-02
  1.21903469e+00
 -1.53099537e+00
  1.38761520e+00
 -2.34802297e-01
 -7.17768017e-01
 -6.66491270e-01
  9.23772338e-01
  7.86234187e-01
  4.02648148e-01
  7.60991901e-01
  2.11848235e+00
 -1.03662096e+00
  6.96037192e-02
 -3.96354681e-01
 -1.04777579e+00
 -2.00554599e+00
  9.63723800e-01
 -1.96912330e+00
  4.22770812e-02
  3.45452523e-01
  3.26033488e-01
  1.68446906e+00
  9.94389414e-01
 -2.69264904e-01
 -2.80962119e-01
 -1.85010784e+00
 -1.46351838e-01
  6.43706844e-01
  1.58032277e+00
 -5.54602746e-01
  1.57565814e-01
  1.68228014e+00
  7.32855956e-01
 -5.19192207e-01
 -1.30282809e+00
  2.46239886e-01
 -2.34795920e-01
  1.63330828e-01
 -1.59447663e+00
  7.58224463e-01
 -4.54140183e-02
 -6.20929527e-01
 -4.12518621e-01
  5.66370830e-01
  1.38500053e-01
 -7.54225512e-01
  1.22983778e+00
 -5.39611896e-01
  4.48702872e-01
  3.31751472e-01
  6.14394435e-01
 -4.12163266e-04
 -1.92654499e-01
 -1.04122920e+00
 -8.52800512e-01
 -5.98062855e-01
  7.34896111e-01
 -1.61766369e+00
 -1.11919497e+00
 -5.41641727e-02
 -4.16780993e-01
 -1.11934391e+00
  1.44034711e+00
 -1.78142433e-01
 -9.54395230e-01
 -1.94812645e+00
 -6.71837224e-01
  9.68165542e-02
  5.51224528e-01
 -1.69591540e-01
  1.92034070e+00
 -8.34757930e-01
 -9.66535108e-01
 -1.57090519e+00
 -8.21450323e-01
 -1.52215750e+00
 -2.34291119e-01
 -7.91576079e-01
 -2.37639725e+00
 -2.34759819e-01
 -1.08467501e+00
  1.11817923e+00
 -2.85458356e-01
 -1.44176436e-01
  4.97725977e-01
 -5.20901005e-01
 -9.77504478e-02
  7.11913078e-01
  5.48500035e-01
 -6.72545759e-01
 -5.05608136e-01
  4.67500929e-01
 -1.83129220e+00
  6.74283790e-02
 -9.58324091e-01
  7.53734116e-01
  9.00830461e-02
  8.58610266e-01
  8.33409080e-03
 -6.12618739e-02
  1.13530445e+00
  1.75138978e+00
  1.96766709e-01
  4.16500255e-01
  5.30219236e-01
  1.70730538e-01
  3.36899400e-03
  6.11009826e-01
  1.20996866e+00
  2.66418702e-01
  1.99560990e-01
  7.43996695e-01
 -4.49412563e-01
 -7.26609304e-01
  2.31047546e-01
 -1.69840628e+00
  7.26414332e-01
  3.13421966e-01
  2.66904647e+00
 -8.50277714e-01
  1.65856917e+00
  2.45358688e-01
 -1.16683452e+00
  1.50949349e-01
 -1.20440358e-01
  1.16768118e-01
 -8.30775996e-01
  6.28472826e-01
 -4.68543246e-01
 -7.83671891e-01
 -1.05069264e+00
 -7.08411447e-01
  8.71605870e-01
 -1.24587064e+00
 -2.29391161e+00
  1.38115711e+00
 -5.81916076e-02
 -4.81177563e-01
 -1.15526734e+00
  8.97165923e-01
  8.08337571e-01
 -2.33741464e+00
 -9.33356830e-01
 -1.46163537e+00
 -4.20337243e-01
 -6.32197364e-01
  6.85201042e-01
  1.64743269e+00
  2.32821425e-01
 -3.92284848e-01
  7.17793279e-02
  1.58311727e+00
  6.62960236e-01
  7.97507288e-01
 -1.03749999e-01
  1.32440521e+00
 -2.00229316e-01
  3.11328611e-01
  1.56037641e-01
  9.32559337e-01
 -8.80283195e-01
 -1.31021395e-01
 -5.61643101e-01
  6.72582007e-01
  6.19437282e-01
 -5.33273627e-02
  8.73674642e-01
  1.49922726e+00
  8.78543599e-01
  1.67765305e+00
  2.05646662e-01
  1.14165485e+00
 -7.55923653e-01
 -2.54231718e-01
 -1.24737721e+00
 -3.93435903e-01
  4.37304865e-01
  1.02988534e+00
  1.10963655e+00
 -9.48532487e-01
  1.11509423e+00
 -1.12289646e-01
 -1.08634762e-01
 -9.93204912e-01
  2.30918247e-01
  3.51389651e-01
  5.68067835e-01
  1.40250670e+00
 -9.36173559e-01
  5.00462067e-01
  5.46979958e-01
  5.90551503e-01
  3.18658051e-01
 -8.00539286e-01
  1.42140906e+00
  3.02006904e+00
 -3.01192975e-01
 -9.46206374e-01
  1.60248946e+00
 -3.50657267e-01
 -2.48214593e-01
 -3.98539863e-01
  7.96076812e-01
 -6.47841369e-02
  1.60104893e+00
 -4.05811922e-01
 -1.86104761e+00
 -9.47205746e-01
 -1.88729406e-01
 -3.88746022e-01
  5.47536995e-02
  1.54832856e-01
 -9.53995863e-01
 -1.31509003e+00
  5.08169446e-01
  1.54178617e+00
 -3.83861465e-01
 -1.68346814e+00
 -1.30941255e+00
  6.62742554e-01
  1.56787872e+00
  1.47124817e+00
 -1.27193565e-01
 -1.09652787e+00
 -2.23333948e+00
  7.79830067e-01
  4.56701896e-01
 -3.96062352e-01
 -3.27560077e-01
 -1.48067720e+00
 -8.31037571e-01
 -5.08969575e-01
 -9.29165229e-01
 -1.60583661e+00
  7.58386993e-01
 -3.79108703e-01
 -1.39537746e+00
 -7.44943995e-01
 -2.02439046e-01
  1.73045508e+00
  3.93096987e-01
 -2.42371368e+00
  1.60691140e+00
 -1.12323500e+00
  1.53299658e+00
  2.06405488e+00
  4.00052221e-01
 -1.12659319e+00
  6.41869241e-02
  1.49141373e+00
 -1.42183179e-01
 -1.21171732e+00
 -1.70186247e+00
 -2.79386299e-01
 -4.97294204e-01
  6.74870877e-01
 -1.09702837e+00
  2.71464547e+00
  1.76849961e+00
  9.37672084e-01
  1.74293591e-01
 -1.13379927e+00
  2.16037291e+00
  1.25829604e+00
  2.01592190e-02
 -1.33992457e+00
  2.21697014e-01
  1.48919249e+00
  1.78509213e+00
 -4.80740094e-01
 -3.36957236e-02
 -2.54913632e+00
 -2.61019128e-01
  1.88861410e+00
 -5.19703070e-01
 -1.32548801e+00
  4.12537853e-01
 -1.32736397e+00
 -1.38727851e-01
 -8.68773209e-01
  2.74447376e-01
 -1.14197462e+00
 -1.81697975e-01
 -1.09849239e+00
 -1.46653155e-01
 -1.30507151e+00
  5.25634265e-01
 -8.39569070e-01
 -1.13724276e+00
  2.46431380e+00
 -5.29284035e-01
 -2.53123817e+00
  2.81510901e-01
 -6.13626260e-01
  7.84114443e-01
 -1.25752079e+00
 -3.49211713e-01
 -1.20134159e+00
 -5.41130468e-01
  5.67062860e-02
 -3.24803793e-01
  1.82574996e-01
  1.36898972e+00
  6.12707011e-01
  9.41859154e-01
 -1.10415853e+00
  3.69365641e-01
 -3.56852710e-01
 -1.61879793e+00
  3.88010939e-01
 -7.16533673e-01
 -9.60856991e-01
 -2.43807485e-01
 -1.43984495e+00
  3.55738003e-01
  4.70334378e-01
 -1.64538639e+00
 -1.28147570e+00
 -5.71750462e-01
  1.39134750e-01
  1.32698588e+00
  6.43334990e-01
 -3.70884363e-01
 -4.16953790e-01
  2.90761307e-01
 -2.64051006e+00
  9.83379814e-01
 -1.41140094e+00
  3.70630318e-01
  1.29783714e+00
 -1.90315616e-01
 -7.50689440e-01
 -3.32388469e-01
  6.20341475e-01
 -4.53120483e-01
  6.60828410e-01
 -1.02552690e+00
  1.55659660e+00
  4.64498694e-01
  1.68481074e+00
 -8.91136327e-01
  2.90519066e-02
 -7.52827638e-01
 -1.83323786e-02
 -5.18972727e-01
  6.99543474e-01
 -1.61148660e+00
 -2.15525808e+00
 -4.53768420e-01
  7.60291298e-01
 -3.99908975e-01
 -5.23304248e-01
  1.50323008e+00
  3.69203413e-01
  1.05447369e+00
  1.75610029e-01
  2.12955875e+00
 -9.31267297e-01
  3.74765092e-01
  1.46916596e-01
 -5.01987517e-02
 -1.62237772e+00
 -2.97380689e-01
 -2.16636347e-01
 -1.63573889e+00
 -2.52023193e+00
  1.96826010e-01
 -1.34772407e+00
 -2.05650520e+00
 -7.21491822e-01
 -1.01899491e+00
  1.43500679e+00
 -1.09201841e-01
 -6.60967106e-01
 -5.37541805e-01
 -2.28064888e-01
  5.87208019e-01
 -1.78366015e-01
  4.45954098e-01
 -5.38216300e-01
  1.66345964e-01
  2.95092985e-02
 -8.66071191e-01
 -2.14635128e+00
  3.82162952e-01
  8.42011506e-01
  8.98375381e-01
  7.88775311e-01
  5.68534532e-01
  1.83180398e+00
  1.67077966e+00
 -8.87436962e-02
  2.51098625e-01
  7.90459102e-02
 -6.72761137e-01
 -1.93181600e-01
  6.86406611e-02
 -4.77808841e-01
 -1.59329252e+00
  7.17357667e-01
  3.81480956e-01
 -1.35572966e+00
 -1.19482694e+00
  7.92995396e-02
 -1.06475017e+00
 -1.51347163e-01
  2.41139361e-02
 -1.01004523e+00
 -5.34487981e-02
  7.15487391e-01
 -2.99590290e-01
  9.35449530e-01
 -3.50706829e-01
 -2.27995922e-01
  7.10043378e-01
  5.18826958e-01
  8.19786986e-02
  4.54561055e-01
  7.94335615e-01
 -1.12953338e+00
 -6.03110143e-01
  2.31460453e+00
  5.01632727e-01
 -1.37984710e+00
  6.59111955e-02
  5.33997621e-01
  1.39492166e+00
 -1.11932361e+00
 -3.82643650e-01
 -3.13301029e-01
 -1.65810522e-01
 -7.37430052e-01
 -4.34071950e-01
 -6.91852087e-01
 -2.23045172e+00
  2.90134375e-01
  7.08668257e-01
  1.93008989e-01
  3.44257526e-01
 -2.75373877e-01
 -8.86746503e-01
  4.03475773e-01
 -1.06332226e+00
  6.52138074e-01
  6.94500176e-01
 -1.72137118e-01
 -1.70058961e+00
 -1.05648903e+00
 -1.56977205e+00
 -1.14570138e+00
 -1.33772858e+00
  1.35970936e+00
 -4.02920128e-02
 -1.47789680e-01
  6.40774526e-01
  4.65548491e-01
  1.09542476e-01
 -1.65717538e-01
 -7.19591004e-01
  3.77864847e-01
  3.58059159e-01
  4.43239507e-01
  1.25252589e+00
  6.44055608e-01
  3.03987866e-01
  2.39348873e+00
  5.21102862e-01
 -7.09607682e-01
 -2.20045274e-02
 -1.13798410e+00
 -2.07817689e+00
  1.02810170e+00
 -1.45498773e+00
  4.79151962e-01
 -1.21034067e+00
  5.70495978e-01
 -4.18841923e-01
  4.26802721e-02
 -5.58565948e-01
 -5.62050390e-01
 -7.73265118e-01
 -4.34800543e-02
 -1.32340951e+00
 -9.45294327e-01
  6.71700451e-01
  1.55089344e-01
 -3.78902670e-01
 -1.11375589e-01
 -2.35800345e-01
  1.36587165e+00
 -5.56080401e-01
 -6.64816075e-01
 -4.74980345e-01
 -4.46923671e-01
  2.28611442e+00
  3.74144709e-01
  1.57279975e-01
  4.52030843e-01
 -1.81152550e+00
  2.70917750e-01
 -3.40088196e-01
 -1.37122469e+00
 -1.88833752e+00
 -6.91524695e-01
  6.60164553e-02
 -1.31344430e+00
  4.06312904e-01
  2.98780007e-01
 -3.38821329e-01
  6.62595366e-01
 -9.78188162e-01
  1.49881478e-01
  1.15156005e+00
  7.93005161e-01
 -1.02841657e-01
  1.10514262e+00
  9.09428752e-01
 -2.05405034e+00
  8.35774165e-01
  9.70858587e-01
  3.91616118e-01
  1.86489866e+00
  7.02626178e-01
  1.34461489e-01
 -8.74224496e-02
  1.91306427e+00
  1.29698376e+00
  3.50861467e-01
  5.93146525e-01
  2.13385111e+00
 -3.16624906e-01
 -3.57345403e-01
  1.04143319e+00
  8.06209085e-01
  3.63953941e-01
 -5.85182283e-02
  5.41348898e-01
 -7.73730592e-02
  9.68109047e-02
  5.66303728e-01
 -7.45481121e-01
  6.52920457e-01
 -4.95314827e-01
 -1.89889840e+00
  3.25512560e-01
  1.51981451e-01
 -1.59731303e+00
 -4.35441713e-02
  2.11780820e-01
  1.18369578e-01
  3.52083450e-01
  8.41497361e-01
  1.23873200e-01
 -5.65107442e-01
  2.25375268e+00
 -7.91205758e-01
  7.58270580e-01
 -9.28010345e-01
 -1.98354164e-01
  3.35479994e-01
  9.89933522e-01
 -3.88925182e-01
  6.37097633e-01
  5.26859406e-01
  1.08904371e-01
 -1.54359561e+00
 -1.17631654e-02
  7.19211849e-01
  2.07510008e+00
  1.41198577e+00
  2.33175318e-01
 -7.61278038e-01
  3.69378681e-01
  1.83725588e+00
  6.76450401e-01
 -9.68733481e-01
 -7.75765032e-02
  1.83679005e+00
 -8.55676165e-01
  1.68104667e+00
  1.51821167e-01
 -4.35045210e-01
 -2.17603898e-01
 -4.08842398e-01
 -3.02380504e-01
 -2.98340491e-01
  1.06073318e+00
  4.64785020e-01
 -1.14578969e+00
 -8.52015814e-01
 -8.00607661e-01
  7.38796144e-01
  1.00612123e+00
 -2.03574544e+00
 -7.74956831e-01
 -3.43459963e-01
  6.00569445e-01
 -7.14189254e-01
 -2.36408537e+00
  2.86424604e+00
  1.14626667e+00
  4.39811696e-01
 -1.02680268e+00
  5.13105881e-01
  8.49119217e-01
  1.70048169e-01
  1.51600910e+00
 -5.46630679e-01
  1.05869797e+00
 -7.53659165e-02
 -1.53908717e+00
  3.00866464e-01
  1.71240082e+00
 -1.46344948e+00
  6.45656352e-01
  1.61397406e-01
 -4.34053727e-01
 -5.77639635e-01
 -2.15378498e-01
  1.54241957e+00
 -1.31135690e-01
  1.60896838e-01
 -4.47563001e-01
  9.65729520e-01
  1.22692820e+00
  2.50496639e-01
 -4.44191123e-01
 -1.86919398e-01
 -5.69315343e-01
 -5.35503942e-01
  1.26475240e-01
  3.98997752e-01
 -6.33492328e-01
 -1.69965208e-01
  7.20036076e-01
  2.20889070e-01
  2.78515470e-01
  5.57479364e-01
 -1.42050513e-01
 -2.43400734e-01
 -8.73278367e-01
  1.42998937e+00
  2.79502230e-02
  7.09076156e-01
 -3.86936332e-01
 -1.64818675e+00
  4.87180819e-01
  9.09351350e-01
  5.53752899e-01
  3.01579528e-01
  4.03393911e-01
  4.08780596e-01
  4.78669778e-01
  4.77935745e-01
  6.77062522e-01
  4.01845573e-01
  1.34574585e+00
  1.49942521e+00
  1.28988216e+00
 -1.29193946e-03
 -9.18075918e-01
  1.42666009e+00
 -3.98446897e-03
  1.44705531e+00
  8.80947019e-04
 -8.56875931e-01
  4.57471136e-01
  9.08905682e-01
  1.11315222e+00
  2.24744092e-01
  9.22547054e-01
  1.13083401e+00
  1.23036401e-01
  1.66761674e-01
  1.97944672e+00
  1.20629629e+00
  8.66495076e-01
 -1.53255104e+00
 -1.69929280e-02
 -5.06439084e-01
 -6.87319190e-01
  1.27561556e-01
  4.13328101e-01
 -4.36349489e-01
 -1.37199198e+00
  5.50617867e-01
  9.11140135e-01
  7.59538838e-02
 -1.59400247e-01
  9.77010505e-01
  1.07464654e+00
  7.72508714e-01
 -8.56682394e-02
 -6.69225624e-01
 -1.19941690e+00
 -2.69174955e-01
  7.65762746e-01
 -1.07319512e+00
  2.47294728e-01
  6.08580056e-01
  9.77761307e-01
  6.74971751e-01
  3.15531123e-01
 -6.06158321e-01
  6.81591058e-01
  7.69189231e-01
  3.93820947e-01
 -5.08375002e-02
 -1.63137209e+00
  7.43701616e-01
 -8.97017325e-01
 -3.37187243e-01
  5.01003215e-01
 -2.14920435e+00
  7.78406506e-01
 -6.16526609e-01
  6.17735031e-01
 -1.16063062e+00
 -2.24552289e+00
 -7.70866671e-01
  7.05095154e-01
 -2.67585036e+00
  2.87627051e-01
  5.72533343e-01
 -4.85405130e-01
  1.27898230e+00
 -2.45121107e+00
 -9.69921949e-01
  5.29999437e-01
  7.48976812e-01
 -5.57416404e-01
 -6.21832467e-01
  3.44697137e-02
 -3.21447338e-01
  2.49897591e+00
 -3.78396358e-01
  5.53437736e-01
  5.53401889e-01
 -8.68246490e-01
  2.45514578e-01
  3.47575855e-01
  2.41101152e-01
 -6.70520985e-01
  9.66316146e-01
  1.21064049e-02
 -1.66416518e+00
 -4.74386309e-01
 -7.79174592e-01
 -7.30816054e-02
 -1.05618454e+00
 -1.49249423e+00
 -1.67674409e-01
 -9.86604933e-01
 -7.93562270e-01
  1.05203185e+00
  9.15783540e-02
  6.42782909e-01
  1.30364254e+00
  4.80347389e-01
 -3.62941567e-01
 -4.58626401e-01
  1.46559405e+00
  2.87724705e-01
  1.54940770e-02
 -1.03730530e-01
 -7.23060040e-01
 -8.18590671e-01
 -3.17138710e-01
  1.30472264e+00
  1.89980682e-01
  1.16841771e+00
 -1.08826928e+00
 -1.66792302e-01
  1.61054938e+00
  2.37370603e-01
 -3.19783430e-01
 -1.53159606e+00
 -5.83147653e-01
  1.73700063e+00
  1.50601407e+00
  1.04311775e+00
  1.97736849e-01
 -3.65272261e-01
 -1.68173561e+00
 -1.31291949e+00
 -3.62470217e-02
  4.49086399e-01
  5.92464297e-01
 -4.09204292e-01
  3.18387859e-01
 -7.54987957e-01
  7.56148631e-01
 -8.12119375e-01
 -3.80414405e-01
  7.63413271e-01
 -2.61453844e-01
 -4.01639796e-01
  5.23476829e-01
  2.10103278e+00
  5.15680126e-01
  2.06499148e+00
  1.77692310e+00
  5.34903224e-01
  8.30688286e-04
 -1.25386096e+00
  4.64767606e-01
 -4.57612172e-01
  1.41351660e+00
  9.40536983e-01
 -3.13071987e-01
 -1.13058091e+00
  1.58788648e+00
  8.93860968e-01
 -5.10494958e-01
 -2.59901505e-01
  2.73827233e-01
 -3.12980792e-01
  8.29359387e-01
  1.81654211e+00
 -1.47379247e+00
 -1.86550253e-02
 -3.43560782e-01
  9.58714087e-01
 -3.01398605e-01
  8.71622408e-01
 -7.56490912e-01
 -1.03039162e+00
 -1.22278980e+00
 -9.22198099e-01
  3.54591413e-01
  1.30613617e+00
 -1.32656329e+00
 -1.07991029e+00
  1.20456091e-01
  1.08380521e+00
  1.10816587e+00
  3.51848221e-01
  1.47511933e+00
  8.13654588e-01
 -3.33017897e-01
  1.76093257e+00
 -1.77257406e-01
  5.29048235e-01
  1.16357480e-01
  1.86243732e+00
  4.53977879e-01
  1.19376647e-01
 -2.37758943e+00
  8.14124032e-01
  8.07007946e-02
  8.88597065e-01
 -4.57419769e-01
  5.34971090e-01
 -7.50545462e-01
 -1.70095993e+00
 -1.43403662e+00
 -2.57171146e+00
  4.16942154e-01
 -9.93123124e-02
 -1.51577118e-01
  1.19298079e+00
 -5.08101797e-02
  1.26928991e+00
 -1.30036802e+00
 -2.69436357e-01
 -1.43773110e+00
  1.47105304e-01
 -2.58214735e-01
 -4.95982680e-01
  7.52293772e-02
 -8.41530406e-01
 -1.56484914e-01
  8.36750842e-01
 -2.44105997e-01
 -9.08745655e-01
  3.17361060e+00
 -1.12837073e+00
 -5.71428876e-02
 -1.06291558e+00
  9.43785618e-01
  2.18439052e-02
 -1.52724552e+00
 -7.96861328e-01
 -6.47935961e-01
  9.24077290e-02
  1.26874264e+00
  1.48437146e+00
 -1.11111389e-02
 -8.79925279e-01
 -8.02907325e-01
  1.79380298e+00
  2.76836538e+00
 -9.93079958e-01
 -1.29527770e-01
  9.58243809e-01
 -3.50296657e-01
 -1.76669434e+00
  1.19136769e-01
 -6.97020559e-01
  1.36883290e+00
  7.74261834e-01
 -2.66447687e+00
  2.70016051e-01
  4.11445863e-01
 -3.96331424e-01
 -9.68024675e-01
  2.27481582e-01
 -2.97846733e-01
 -1.03672545e-02
  3.26674277e-01
  1.27226223e+00
  9.38811886e-02
 -1.03531142e+00
  1.24758141e-01
 -6.26983097e-01
  3.30725865e-01
 -1.48772682e-01
 -1.55432866e+00
 -7.63330219e-01
  4.82227993e-02
 -6.17759844e-01
  9.87582152e-01
  1.46187664e+00
 -3.94331723e-01
  2.94866112e-01
  1.25131277e+00
  1.46508911e+00
  1.17811959e+00
 -2.32325990e-01
  2.24591194e-01
  6.72059699e-01
  2.59659967e-01
 -5.02236952e-01
 -2.38458014e-01
  1.18917722e+00
  8.06929523e-01
  4.40831020e-01
 -6.73686217e-02
 -6.12433899e-02
  7.79195658e-01
 -5.23646262e-01
  6.01109403e-01
 -1.31869486e+00
  1.19611672e+00
 -3.28662607e-01
 -3.23567277e-01
 -2.13437780e+00
 -2.09262541e+00
 -6.80228699e-01
  1.01006967e-01
  1.34606547e+00
 -1.35076872e-01
 -7.50527405e-01
  2.08128332e-01
  7.76700112e-02
  9.53431751e-01
 -6.55288742e-01
 -4.96887211e-01
  4.93684624e-01
  2.02633771e+00
 -7.21420315e-01
  5.24503639e-01
 -1.44312334e+00
 -1.67005454e-01
 -2.04118594e-02
  1.41733791e+00
  1.69506038e+00
 -1.50897231e+00
  3.28033279e-01
  1.44667187e+00
  3.33316081e-01
 -2.73033317e-01
  1.01944151e+00
  9.23080852e-01
 -2.83969521e-01
  1.40604566e+00
 -7.56411750e-01
  1.66192384e+00
  8.64279817e-01
  1.10606031e+00
 -3.77510137e-01
 -1.08493867e+00
  1.13144763e+00
 -2.81951105e-01
  1.95746049e+00
 -1.80903244e+00
 -1.29936128e+00
  1.59536591e+00
 -2.17356524e+00
  1.27045546e+00
  4.22591371e-01
 -1.10391100e+00
  2.18431958e+00
 -1.47403725e+00
  7.56268638e-01
  3.81553409e-01
 -3.77324521e-01
 -2.66291437e-01
 -6.40552154e-01
  1.57280481e+00
  1.33221227e+00
  7.00941617e-01
 -1.20235859e+00
  9.17365936e-01
  7.13805476e-01
  1.28636365e-01
 -6.04398559e-01
  6.80217289e-01
  6.66111454e-01
  1.03117139e+00
 -1.19159776e+00
 -1.65560215e+00
  1.09127770e+00
 -4.65960202e-01
 -2.52847351e-01
  4.69129113e-01
 -1.37254999e+00
 -1.18214811e+00
  8.86903556e-01
  1.21254485e+00
 -3.04947106e-01
  1.50071857e-01
 -2.00852213e+00
 -1.16919189e+00
 -8.60700164e-01
  1.77973803e+00
 -1.21728252e+00
 -1.05434415e+00
  1.09432454e-01
 -3.55740986e-01
 -1.02063666e+00
  1.35156543e+00
  1.25814707e+00
 -8.70952803e-01
  1.15266317e+00
  1.20361776e-01
  1.85973073e+00
  6.25132896e-01
 -8.78246003e-01
  1.57590617e-01
  3.67895807e-01
 -7.71585967e-01
 -1.23886018e+00
 -1.28109652e-02
  6.23692205e-01
 -1.38784368e+00
 -2.19851282e+00
 -7.34244498e-01
 -6.96047873e-01
 -1.04469582e+00
  1.72197690e+00
  1.05566538e+00
  3.31186793e-01
  1.39039367e-01
 -4.76777011e-01
 -1.09950833e-01
  7.59642801e-01
 -8.85754946e-01
 -5.56091805e-01
 -3.22816473e-01
 -3.98120456e-01
 -4.84305251e-01
  1.41621526e+00
  5.12287081e-01
 -1.19370594e+00
  1.31221204e+00
 -1.81721462e+00
  9.01059283e-01
 -8.50891165e-02
 -6.78014193e-01
 -1.07033781e+00
 -1.72709988e+00
 -4.63769572e-02
  3.76224206e-01
 -5.76938913e-01
  3.00957192e-01
 -7.95291222e-01
 -4.54303508e-01
  1.44425718e+00
 -1.12060247e+00
 -5.74390346e-01
 -4.52470639e-02
  2.67091769e-02
 -1.72288885e+00
 -1.40770621e+00
  4.03691896e-01
 -7.92419928e-01
  4.65399755e-01
 -6.56522757e-01
 -1.77141883e-01
  3.71234623e-01
 -1.11974640e+00
  5.13670072e-01
  1.01653374e+00
 -3.07912359e-01
 -1.92982100e-01
  1.13890304e+00
  1.83837373e-01
  1.90869636e+00
  8.22275076e-01
 -1.08907967e+00
  1.11581504e+00
 -1.17050439e+00
 -2.35121371e-01
  2.36436057e-01
  1.36256806e+00
 -1.22114188e+00
 -1.16562783e+00
  1.23578256e+00
  6.18840889e-01
  1.03698871e+00
 -1.26047150e-01
  2.12835608e-01
 -8.58468804e-01
 -8.77352028e-01
  7.16657410e-01
 -1.84552720e+00
  1.40065354e+00
  6.61060292e-01
  1.00011210e+00
  1.37885526e+00
  1.55393375e-01
  3.44924842e-01
 -1.66604945e+00
 -8.01232734e-01
 -3.96099384e-01
 -6.76137552e-01
  1.12381896e+00
 -1.49228178e+00
 -2.51492365e-01
  9.30113387e-01
 -1.38011337e+00
 -2.35679057e-01
 -3.80219347e-01
  5.77960215e-02
  1.09791989e+00
  4.90018969e-02
 -1.14091145e+00
 -1.63104283e+00
 -2.20358964e+00
  9.67709809e-02
 -7.23578702e-01
  3.23706133e-01
 -4.02505147e-01
 -5.46233379e-03
  2.56059997e-01
 -3.38842783e-01
  5.65691220e-01
 -6.70960658e-01
  1.62310046e+00
 -5.88629550e-01
  1.03399828e+00
 -6.40682122e-01
 -6.13198590e-01
  1.53453818e+00
 -6.03830607e-01
  6.71506573e-01
  5.78209658e-01
  2.00499565e+00
 -3.26781670e-01
  2.52968389e-01
  2.80823004e+00
 -9.35788975e-01
 -2.47299137e-01
  1.34381314e+00
 -2.39853866e-01
 -3.02879698e-01
 -4.81196372e-01
 -2.12452461e+00
  7.84451108e-01
 -7.87993853e-01
 -2.12904209e+00
 -5.40330994e-01
  4.64509219e-01
 -7.29776079e-01
  1.32088168e-01
 -3.94758369e-01
  5.57651685e-02
 -5.24756783e-01
 -9.28697056e-01
 -1.18467677e-01
 -1.96790217e+00
  5.33134907e-01
 -7.93736623e-01
 -5.06771945e-01
  1.84965906e-01
  1.35082470e+00
 -7.96783889e-02
  2.75705271e-01
  1.52884684e+00
  4.18533927e-01
 -3.58930376e-02
  1.33686389e+00
 -1.54417759e+00
 -1.52713118e+00
 -2.85451490e+00
 -1.21055631e+00
  1.52300650e-01
  1.69057856e+00
 -9.55216284e-01
 -3.49280819e-01
 -1.28693253e+00
 -1.86455576e-01
  2.10710046e+00
 -5.96443125e-01
  1.36201590e+00
  1.71749129e-01
  1.10701928e+00
 -1.36260003e+00
 -3.95076958e-01
 -9.32912116e-01
  3.31749268e-01
 -9.82425370e-01
  2.46329628e-01
  5.31611251e-03
 -8.28263041e-01
 -2.47671569e+00
  1.57455631e+00
  7.82280085e-02
 -1.12839659e+00
  6.39004519e-01
  3.38138610e-01
  2.95082172e-01
  2.76189332e-02
  4.51877603e-02
 -8.93546390e-01
  6.02111439e-01
  8.14399931e-01
  3.50389644e-01
  9.89836601e-01
 -1.55783055e+00
 -1.43127390e-01
 -1.03959100e+00
 -2.59150187e-01
  3.68235386e-01
 -9.97757787e-01
  3.21657155e-01
  7.08014558e-01
  1.62869453e-02
  3.53311084e-01
  1.08010468e+00
  1.62440648e+00
  6.10816530e-01
 -2.44194324e+00
  5.86105558e-01
  5.37005427e-01
  3.25422668e-01
 -9.57924628e-02
 -5.57999342e-01
 -6.09046524e-01
  8.17387523e-01
  5.45927679e-01
  1.99498894e+00
  3.95523115e-01
 -4.36796097e-01
  5.00467149e-01
 -1.94644986e+00
 -2.68777435e-01
 -1.29469456e+00
 -1.02450356e+00
  1.70973574e+00
 -7.96939247e-01
  1.62044113e+00
 -3.04279834e-02
  1.15067528e+00
  1.49961552e-01
 -3.21210749e+00
 -2.62516032e-02
  6.89622338e-01
  9.55840826e-01
 -9.75603115e-01
  8.47831273e-01
  5.80583997e-01
  3.59643696e-01
  6.32317345e-01
  1.24301004e+00
  1.71414897e-02
  1.83514561e+00
 -7.86336438e-01
  1.00333409e+00
 -5.64432432e-01
 -4.87043309e-01
  4.19707025e-01
 -5.71654778e-01
 -2.68000509e+00
 -1.36732367e+00
  9.23492912e-01
  1.02610727e+00
  1.20708908e+00
 -3.17457725e-01
 -6.36889001e-01
  2.47861236e-01
 -1.00372236e-01
  8.28645884e-01
  1.02467449e+00
 -1.30381271e+00
  1.59521008e-01
  7.21481525e-01
  9.15271683e-01
  3.32887623e-01
  6.85960572e-01
 -5.61531151e-01
 -6.66064898e-02
 -6.08158308e-01
  5.80607168e-01
 -6.21624121e-01
 -1.02012612e+00
  7.81590403e-03
 -7.97454051e-01
 -3.71059766e-01
 -4.57614343e-01
  1.07512681e+00
 -1.51723054e-01
  1.32613484e+00
 -7.55946937e-01
  1.86734592e-01
 -2.06703357e-01
  3.18974920e-01
 -2.72339025e-02
  6.04438504e-01
  1.07705298e+00
  1.63122969e+00
  1.23209760e+00
 -1.84555055e+00
  6.77830017e-01
 -5.31370094e-01
  1.26455482e+00
  9.65456431e-01
  4.17158690e-01
 -1.28579918e+00
 -4.18794822e-01
 -1.05535441e+00
  2.90936822e-01
 -9.34172879e-01
  1.39534076e-01
  1.44718710e-01
  1.53827109e+00
  8.00741225e-01
 -1.42403801e+00
 -9.31096026e-01
  6.08192395e-01
  5.42478798e-01
  1.94471779e-01
 -2.47998007e-02
 -1.78913155e-01
 -8.28272036e-01
 -3.23742440e-01
 -9.81044593e-01
  6.32936793e-01
  8.13433874e-01
  3.96591475e-01
  3.11950656e-01
  1.57333897e-01
  1.52564118e+00
  3.90417241e-01
  7.18378875e-01
 -1.79007764e+00
  3.62274930e-01
 -2.50640959e-01
  5.73986111e-01
  1.36146812e+00
  1.53164066e+00
  8.71821983e-01
  8.08226522e-01
  1.33658940e-01
  2.58792640e-01
  7.90458963e-01
  1.94702705e+00
 -9.48093803e-01
  1.89239735e+00
  5.47106581e-01
 -2.46862197e-01
  6.86516502e-01
  4.62903850e-01
 -8.36928983e-02
  3.83009606e-01
 -1.11426734e+00
 -1.55635899e-01
 -1.35971972e-01
  2.58416381e-01
 -6.11925389e-01
  6.42365519e-02
  5.04308001e-01
  2.12366410e+00
 -6.18812014e-02
 -5.78656002e-01
  9.15702242e-01
  6.15691163e-01
  1.09881971e+00
 -4.85410323e-01
 -1.36493519e+00
  1.27133921e-01
  1.95667185e-01
  2.21528727e+00
 -1.41688159e+00
  1.26820598e+00
 -3.39902911e-02
 -4.65753930e-02
 -1.39868015e-01
  4.77935004e-01
 -1.52047040e+00
  4.40943028e-01
 -8.23105380e-01
  6.81013606e-01
  8.74356713e-01
  1.89141059e-01
  1.06641933e+00
  7.80655691e-01
 -5.83700014e-01
  1.40473647e+00
  1.10316194e-01
  6.34401591e-01
  2.00570763e-02
 -8.95558836e-01
  1.17971871e-01
  7.10651238e-01
 -7.52913515e-01
 -4.11191947e-01
 -6.83774098e-01
  2.21906801e-01
  8.40848095e-01
 -8.18947790e-01
 -3.22759645e-01
 -8.23040016e-02
  5.46987840e-01
 -6.94156534e-01
  8.68134220e-01
  5.38120457e-01
  1.01394415e+00
 -5.87175906e-01
  2.96629847e-01
 -2.85708884e-01
 -1.14375677e+00
 -4.60678933e-01
  1.46882098e+00
  2.79057524e+00
 -7.75835985e-02
 -9.98788483e-01
 -3.04142637e-01
 -1.30044651e-01
  8.86708052e-01
 -6.79390590e-02
  7.96224272e-01
  7.81064967e-01
  1.63300825e-01
 -1.08918241e+00
 -2.34389065e-01
  1.12863022e-01
  8.33801570e-01
  4.56887705e-01
 -1.06027981e-01
  1.54002084e+00
 -4.04536625e-01
  7.31677956e-01
  3.50492630e-01
  1.49582095e+00
 -3.21484507e+00
  6.64778938e-01
 -4.35045870e-01
  1.65930829e+00
 -3.80235282e-01
  1.92858194e-01
 -1.50579498e-01
 -2.78060237e+00
  1.05273019e+00
  6.92396645e-01
 -1.45842528e+00
 -1.90818675e-01
 -1.34948894e-01
 -7.07470310e-01
  4.44866637e-01
 -1.25690343e+00
  3.49177219e-01
  1.81163896e+00
  2.28644886e-01
 -3.83695599e-01
 -9.76199525e-01
  3.60724726e-01
  1.99788965e-01
 -3.73742300e-01
 -7.94931597e-01
 -8.62428139e-01
  5.64879979e-01
  1.92074653e-01
  3.47898743e-01
 -2.78346410e-01
 -1.77736931e+00
  1.23112993e+00
 -6.73788875e-02
  1.64172640e+00
 -1.54870545e+00
  1.25266023e+00
 -8.19793678e-01
 -2.75194754e-01
 -5.24806374e-01
  3.48111846e-01
  1.71943500e+00
 -1.93290572e-01
  9.52114279e-01
  8.05826568e-01
  6.57221850e-01
  5.91433433e-02
  1.98826721e-01
 -4.17236269e-01
 -4.44982593e-01
 -2.47664689e-01
 -9.48081837e-01
 -1.17798399e+00
  1.16850516e-01
 -2.71993343e-02
 -5.30311498e-01
  1.11822674e+00
  4.62034778e-01
 -4.51003528e-02
  5.22888201e-01
  1.42862577e+00
 -1.79772409e-01
 -2.93110294e-01
 -1.09042472e+00
  1.96594240e+00
  1.25421201e+00
 -7.42852180e-01
  1.25250189e+00
 -7.26432049e-01
 -1.69866841e+00
  8.02773525e-01
 -2.37890302e-01
 -7.92702772e-01
 -5.59643870e-01
 -1.67377062e-01
  1.87000475e+00
  8.09881548e-01
 -1.08768568e-01
 -8.76083530e-02
 -6.85987875e-01
 -4.89493727e-01
  7.92688465e-01
  1.14238161e+00
  3.19127145e-02
 -1.41841553e+00
 -1.80422120e+00
 -7.13694413e-01
 -1.31026398e+00
  3.08395604e-01
 -9.69172638e-01
 -1.90668956e-01
  3.60332121e-01
 -1.14117900e-01
 -3.35476717e-03
 -7.40581824e-01
 -2.39693970e+00
  4.38088352e-01
  1.28540145e+00
  5.16343984e-01
  2.51703807e-01
 -1.88730597e-01
  5.20562380e-01
  7.79092846e-01
 -7.30971041e-01
 -1.42855607e+00
 -1.93117727e-01
 -2.19986814e+00
 -7.26249785e-01
 -2.31956504e-01
 -6.84519743e-03
  9.92891447e-01
 -1.09920235e+00
 -6.15004389e-01
  5.67502805e-01
  8.06762286e-01
 -1.43442911e+00
  1.08612839e+00
 -6.80513759e-01
  1.89661979e+00
  5.50062028e-02
  8.80764106e-01
 -6.12838397e-01
  2.12030236e-02
 -9.93225472e-02
  5.22585402e-01
  1.15030282e+00
 -1.20277677e-01
 -4.91499719e-02
  1.65391106e-01
 -1.99718403e+00
  2.16476434e+00
  1.32261540e+00
 -1.85219512e-01
 -6.62410008e-01
 -5.97491986e-01
 -8.50444128e-01
 -1.04648248e+00
 -7.59989851e-01
 -2.51249546e-01
 -6.01352455e-01
  9.66967151e-02
 -4.01507305e-01
  1.26780278e+00
 -2.87414219e-01
  4.20374256e-02
 -7.35505202e-01
  2.26123635e-01
 -6.67306514e-01
 -1.98188576e+00
  6.53119235e-01
 -9.17996348e-01
  3.99937514e-01
 -2.28245051e-01
  9.20182697e-01
 -1.57344907e+00
  9.94405444e-01
 -1.69054593e+00
 -4.01798066e-01
  4.06261411e-01
  9.67295443e-02
  1.31814646e+00
  5.62636753e-02
 -5.59445428e-01
  4.91416772e-01
 -3.70137936e-01
  5.29805759e-01
 -5.03235644e-01
  7.65571238e-01
 -1.61163712e+00
 -1.83525434e+00
 -1.35728846e+00
  1.02499638e+00
  7.51237236e-01
 -8.92694885e-01
  5.13837430e-01
  1.29067534e-02
  1.78110940e-02
  1.49241401e+00
  1.70954822e+00
  1.16545794e+00
 -1.12149372e-01
  4.35115864e-01
  9.23970256e-01
  1.24273173e+00
 -5.40353559e-01
  1.60638098e-01
  4.07384074e-01
  9.50245207e-01
 -1.95655144e+00
  1.72460731e+00
 -2.37582902e+00
  2.01168643e-01
  4.83303181e-02
 -7.89240013e-01
 -1.22150213e+00
 -9.40551792e-01
 -4.74901353e-01
 -1.01784392e+00
  7.48037233e-01
  7.88154047e-02
  7.42428756e-01
  4.41722297e-01
  9.30129706e-01
 -9.27599314e-01
 -8.03419246e-01
  1.85029901e-01
 -1.24727914e+00
 -1.57930371e+00
 -1.22574828e+00
 -2.36884220e-01
  1.88612890e-01
 -7.99863801e-01
  2.67284450e-01
 -1.80540151e+00
 -8.02569775e-01
  4.71977661e-01
 -4.89387225e-01
  4.17366637e-01
 -9.43199327e-01
 -8.83920608e-01
  1.06342171e+00
  1.33040209e+00
 -2.93653527e-01
  1.47130007e+00
  1.42386919e-01
  1.29593097e+00
  3.89138233e-01
 -1.24598777e-01
 -1.29736903e+00
 -1.71615821e-01
 -1.22230974e+00
  4.65291487e-01
 -4.16762690e-01
 -9.01203478e-01
 -9.08918894e-01
  1.72301672e-01
  5.66075369e-01
  1.05473839e+00
  5.36064649e-01
 -1.11032351e+00
 -4.30208016e-01
 -7.64415098e-01
  6.22622881e-01
  3.34689526e-02
  7.12991941e-01
  1.01745145e+00
 -1.48097089e-01
  1.30973718e+00
 -3.36402032e-01
  2.23207339e-01
 -9.46098972e-01
  2.86051759e-01
 -1.44322897e-01
 -3.76647885e-01
 -1.24043833e+00
 -1.36665351e+00
  8.12922999e-01
 -1.44604887e-01
 -1.71967934e-01
 -3.52140150e-01
  1.41816547e-01
  2.52182566e-01
  8.13846641e-01
 -4.18271258e-01
 -2.15440624e-01
 -1.05921976e+00
  2.23979112e+00
 -1.27752829e+00
 -8.45416708e-02
 -1.57408339e+00
 -1.21019849e+00
  1.21250913e+00
 -7.44233654e-02
  7.63980719e-01
  1.41785575e+00
  6.34725755e-01
  1.13110090e+00
 -1.73248505e+00
 -9.24338032e-01
  1.29507130e-01
  6.20101813e-01
 -1.12556669e+00
 -9.14652457e-01
 -3.84507571e-01
  3.72665828e-01
 -2.19265639e+00
  7.33639022e-01
  1.27783780e-01
  1.08074877e+00
  4.45992443e-01
  1.13217624e+00
 -9.36531449e-01
 -7.46999188e-01
 -9.24620348e-01
  1.59570725e+00
  1.68503436e+00
  3.17445969e-01
 -1.18693928e+00
  2.64976395e-01
  5.24381352e-01
 -4.16681838e-01
 -4.91739327e-01
  4.06357701e-02
  2.10378021e-01
 -1.03945398e+00
 -2.31443867e-01
  9.07259959e-02
 -1.24349092e+00
 -1.91493156e+00
  7.86124298e-01
  6.33281914e-01
  1.99357885e+00
  6.66215816e-02
 -1.33071173e+00
 -5.08677835e-01
  6.47351325e-01
  3.75926437e-01
 -4.16719462e-01
  1.05730255e+00
  1.19661657e+00
  6.11710383e-01
 -1.53109786e-01
 -9.92443890e-02
  1.66935717e-01
 -9.85009402e-01
  5.82477114e-01
 -3.28759831e-01
  2.31534954e+00
  6.28016741e-01
 -1.23289585e+00
  1.20136866e-01
  1.68222358e-01
  2.20500209e-01
  6.27252809e-01
 -1.34479710e-01
 -1.88209266e-01
  1.53374529e-01
 -5.16670899e-03
  1.30421722e+00
  9.19155466e-01
 -4.78571879e-01
  1.15735215e+00
  4.07362716e-02
 -6.88046430e-02
  2.43185269e+00
 -3.91522090e-01
  6.04320190e-01
  3.19488350e-02
  1.50487375e-01
  1.57500860e-01
 -1.55226905e+00
  6.12331253e-01
 -1.81727870e-01
  1.24113146e+00
 -9.27067914e-01
  3.54156119e-01
 -1.51745156e+00
 -1.93648376e+00
 -3.20739243e-01
  1.50895527e+00
 -9.31924495e-02
  7.54642702e-02
 -4.74178619e-01
 -1.67364741e-01
 -9.01220212e-02
 -4.16929983e-01
  1.17493448e-01
 -6.12947624e-01
 -1.83571862e-01
 -5.32065622e-01
  4.69124730e-01
  1.09850774e+00
 -9.54615193e-01
  4.77617156e-01
  2.63473754e-01
 -7.50904745e-01
 -6.60580822e-01
 -3.05150568e-01
  2.41442066e-01
 -1.11070079e-01
  6.36658680e-01
  1.06431982e+00
 -6.31554377e-01
 -4.08683708e-01
  9.35087208e-01
  3.97401556e-01
 -1.48248612e+00
 -4.34105328e-01
 -4.23060581e-01
  8.48362866e-01
  1.57271133e+00
  1.10152659e+00
 -2.39928273e+00
  2.76317061e-01
 -1.20622635e+00
 -1.46536901e+00
  5.06921452e-01
 -1.20626411e+00
  7.16323408e-01
  2.14728330e+00
  7.21077003e-02
  9.76667230e-01
  1.42660792e+00
  5.92356985e-01
  1.60156596e+00
 -2.53408018e-01
  4.61082318e-01
 -5.29731983e-01
  1.34953526e+00
  8.85336128e-01
  1.06066860e+00
  1.08843980e+00
  3.65868907e-01
 -6.94463065e-01
  3.99726402e-01
 -5.86195352e-01
 -4.31439220e-02
 -7.79551450e-01
  1.10156330e+00
  1.83064066e+00
  1.00858968e+00
  1.24441522e+00
  6.57825502e-01
 -2.45090196e-01
  5.21311280e-01
 -1.74765401e-01
 -9.38986589e-02
 -1.97655281e-01
 -6.71943746e-01
 -2.85080095e-01
  8.05938588e-01
  4.38786993e-01
 -1.00702178e+00
  1.26744910e+00
  1.57719608e+00
 -1.98531487e+00
  1.19799651e+00
  1.08208621e+00
  1.14749149e-01
  3.13375053e-01
 -4.58112578e-01
  3.62554578e-01
  5.02859362e-01
  1.24065468e-01
  9.48591791e-01
 -1.13415896e+00
  3.42575504e-01
 -3.32213690e-01
 -1.26868770e+00
 -6.36689565e-01
 -1.12397248e+00
  1.76703029e-01
  7.59063931e-03
 -1.55681519e-01
 -9.58065774e-01
  3.86983762e-01
  1.07907675e-01
 -8.33987572e-01
 -1.03184494e-01
  4.09638220e-01
 -5.77667373e-01
 -5.48443470e-01
  5.71799704e-01
  2.40137095e-01
  9.49639368e-01
 -1.04985672e+00
  1.00541087e+00
 -6.27679984e-01
  1.32049588e+00
  5.75586673e-01
 -1.62469131e+00
  2.33343729e-01
 -9.65229167e-01
  8.35760680e-01
 -3.07224515e-01
  1.50989983e+00
  7.67136852e-02
  8.50648165e-01
  7.80019078e-01
  8.38614681e-01
 -9.25056845e-01
  1.21474869e+00
  2.99042513e+00
  1.39565181e+00
 -8.72124017e-01
 -5.94452269e-02
 -1.17471726e+00
 -2.78043834e-01
 -5.95398229e-01
  3.90675469e-01
 -2.58911861e-01
 -2.51045713e-01
 -1.50618758e-01
  1.08413772e+00
  1.07368380e+00
  2.48448124e-02
 -1.33412337e+00
 -1.05478718e-01
  1.41581835e-01
 -6.20111573e-01
 -6.10458686e-02
 -6.37280268e-01
  7.74796120e-01
  3.05374048e-02
  1.01838974e+00
  1.76057581e-02
 -5.39543894e-02
 -9.25325892e-01
 -1.93542032e+00
  2.90772991e-01
 -3.73578660e-01
 -8.50500792e-01
  6.43246476e-01
 -1.50445979e+00
 -3.08401886e-01
 -3.55933905e-01
 -3.81947356e-01
  4.44566635e-02
  7.75692315e-01
 -7.08458389e-01
 -2.04116271e+00
  1.80893431e+00
  4.03484251e-01
 -1.82359901e+00
  6.63577761e-01
 -1.91583262e+00
  4.34624000e-01
  3.23910572e+00
 -2.09841618e-01
  1.15868048e+00
 -1.50638649e+00
  1.08332183e+00
  1.06028180e-01
  1.68732374e+00
 -5.13841961e-01
  2.13298063e+00
  1.20141536e+00
 -4.29777979e-02
 -1.55460881e+00
  1.29086385e+00
 -2.25487246e-01
 -6.50844858e-01
 -6.80470635e-01
  4.63447243e-01
 -1.90209538e+00
 -4.03901906e-01
  1.37581231e-01
  5.60950043e-01
 -4.15079281e-01
  1.01333509e+00
  3.13092425e-01
 -1.92421282e+00
 -3.98866529e-01
 -6.35157068e-01
 -6.67366375e-02
  1.67332776e+00
  8.84230051e-01
 -4.82042167e-02
 -1.54685127e+00
 -1.16614264e+00
 -1.09407016e+00
 -5.33688323e-01
 -3.21158349e-01
  2.10792385e+00
  2.17851427e+00
 -9.37247425e-01
  1.66608259e+00
 -8.24550668e-01
 -2.77793320e-01
 -1.13677583e+00
  6.81614396e-01
 -1.48266770e+00
  6.41198914e-01
 -1.44553583e+00
 -1.19369411e+00
  2.05483228e+00
 -1.32822993e+00
 -3.73397643e-01
  7.27484580e-01
 -7.64179070e-02
  5.58611402e-01
 -4.01027504e-01
  4.03797010e-01
 -5.48326382e-02
  8.68903624e-01
 -9.80368883e-01
  2.39747312e-01
 -6.65813971e-01
  1.24094412e+00
 -4.20556631e-01
 -1.32368060e+00
  1.08042447e+00
 -6.98508959e-01
  4.29753791e-01
 -1.01070706e+00
 -9.35733576e-01
 -2.32985707e+00
  1.47985592e-01
 -5.06857221e-01
  1.69662095e-01
 -6.88085162e-01
 -9.37794091e-01
  1.20018816e+00
  1.71095680e-01
  6.73736135e-01
  1.07325342e+00
 -6.42992255e-01
 -7.70205409e-01
 -1.55075899e+00
  1.14247836e+00
  4.03717986e-01
  3.12402413e-01
  8.55955927e-01
 -5.19767741e-01
  4.46378303e-01
  7.20314727e-01
  1.04475617e+00
  8.94153011e-01
  9.20581923e-01
  1.85655643e+00
 -6.30981933e-01
 -2.28125284e+00
 -2.51674101e-01
 -2.80271695e-01
 -1.18422493e+00
 -4.74400902e-01
 -2.81916392e-01
  2.27999969e+00
 -1.03148261e+00
  4.64917089e-01
 -1.22774937e+00
  3.92690715e-01
 -8.24637949e-01
 -4.93763802e-01
 -1.28676153e+00
 -7.94239160e-01
  1.04254860e+00
  5.32479846e-01
  1.82254406e-01
  7.42836371e-01
  2.10499670e+00
  4.44725918e-01
 -1.70905804e+00
 -4.63959258e-01
 -4.54395802e-01
  2.19269798e+00
 -9.61785738e-02
 -8.55766207e-02
  7.29275170e-01
 -1.05769273e+00
  1.10659047e+00
 -1.55260898e+00
  2.33190893e-01
  1.24183604e+00
  6.13416802e-01
 -1.68934249e+00
  1.51020388e-02
 -1.60266869e+00
 -5.09850701e-01
  7.21351983e-01
  1.81686126e+00
 -7.45588823e-01
 -1.62711075e+00
  9.12335537e-01
  7.06876901e-01
