 -6.61412582e-01
 -1.90272291e+00
  1.44803611e-01
 -1.24289369e+00
  1.40037866e-01
 -5.35045477e-01
  7.57063619e-01
 -9.81427575e-01
  6.44607994e-01
  1.61909426e+00
  1.87029847e+00
  8.00349459e-01
  1.08502403e+00
  1.48947975e-01
  2.65899751e-02
  1.06975091e+00
  1.35599161e+00
  3.30071529e-01
 -6.59036664e-01
 -8.06205209e-01
 -1.56097591e+00
 -7.57646612e-01
  2.18601467e-01
  8.67319040e-01
 -1.15977782e+00
 -2.44186045e+00
  8.92497420e-01
  5.78191486e-01
  1.51130127e-01
 -1.01249329e+00
  7.82662246e-01
  5.84307654e-02
  9.93626770e-01
  1.04428696e+00
 -9.86865445e-01
  3.97738401e-02
  4.61782872e-01
  6.64085879e-01
 -5.70432641e-02
  1.18517320e+00
 -4.13834362e-01
 -1.45495235e+00
 -6.00791400e-01
 -1.26569741e+00
  8.00663846e-01
  1.47873068e-01
 -1.34661782e-01
  4.67366334e-01
  1.68157616e+00
  4.92000269e-01
 -5.29028524e-01
 -9.07957946e-01
  2.42582004e-01
  1.74826204e-01
  8.01620036e-01
  1.19323642e+00
 -2.00142536e-01
  6.08376336e-01
  1.42646833e+00
 -8.48452137e-01
  2.16849947e+00
 -2.74216278e+00
 -9.37823559e-02
  2.15542671e+00
  5.60390568e-01
  1.09746911e+00
 -8.69989530e-01
  9.02945646e-01
 -1.71130953e+00
 -4.22615265e-01
  1.18940366e+00
 -8.90937485e-01
  6.24642700e-02
  9.10508998e-01
  7.81462916e-01
 -1.36434316e-01
 -1.25980352e+00
 -4.38690514e-01
  4.58827111e-01
 -1.04282920e+00
  1.26590251e+00
 -4.65082656e-01
  2.12824247e-01
 -1.27965416e+00
  1.53499830e-01
 -6.84426263e-01
  3.04813051e-02
  1.22428435e-01
  4.42826839e-02
  2.00725800e-02
 -1.24096406e-01
  7.80466560e-02
  2.86293232e-01
 -2.08862404e+00
 -1.30696027e+00
 -5.37241763e-01
  3.92869118e-01
  1.33881555e+00
  3.93980044e-01
  5.99886174e-01
 -6.54373959e-02
  5.66146510e-01
 -1.29609763e+00
  1.10618984e+00
  1.22285682e+00
 -1.08711566e+00
  9.07391725e-01
 -6.31333145e-01
 -1.86553401e+00
 -1.99660257e+00
 -5.02694453e-01
  1.91893502e+00
 -1.40411605e+00
 -3.97848529e-01
 -6.42182342e-01
  1.83099975e-01
 -8.57258519e-01
  1.01930106e+00
 -1.14931598e+00
 -1.26687774e-01
  1.19702354e+00
 -2.32106923e-01
  3.93873812e-01
 -7.59646145e-01
  2.45609039e-01
  2.15793751e-01
  4.80285653e-02
 -6.35014741e-01
  7.02940656e-02
 -1.27275937e-01
  1.61646515e-01
 -1.11447060e-01
  1.62947497e+00
  9.41729728e-02
  7.95242853e-01
 -5.15013860e-02
 -9.78482276e-01
 -1.44118437e+00
 -5.41629896e-01
 -5.73352922e-01
 -3.67732315e-01
  2.84208310e-01
 -1.53378069e+00
  1.71448320e-01
  3.16193959e-01
  5.81363747e-01
 -1.01042010e-01
  4.31177132e-01
  1.31721350e+00
  8.45965490e-01
 -1.31936432e-01
 -1.40701138e+00
 -1.02862108e+00
 -1.97422519e+00
  1.29272803e+00
 -5.15375589e-01
 -7.21079094e-01
 -1.93088356e-01
 -1.66126887e-01
 -7.82375080e-01
 -6.79776517e-01
  6.47046883e-01
  1.67804883e+00
 -9.49282014e-01
  1.59302625e+00
 -1.06383672e-02
 -5.97483458e-01
 -1.08835915e+00
 -1.53135511e+00
 -2.73412087e-01
 -1.33569299e+00
  1.58876409e+00
  9.70537752e-02
  4.50085420e-02
  1.19060969e+00
  1.68185257e+00
 -2.53503806e-01
 -2.54033326e+00
 -8.36854396e-01
 -6.32208190e-01
 -7.35567509e-01
  1.59858049e-01
 -5.71096983e-02
 -1.12900316e+00
 -1.74181014e+00
  3.08009854e-01
 -3.36102174e-01
 -1.67211804e-01
  6.74570704e-01
 -9.57829241e-01
 -2.91940256e-01
  9.21060046e-01
 -2.68862950e-01
 -2.48303302e-01
  1.12682126e+00
 -3.94593749e-01
  1.56187729e+00
  5.34529453e-02
  1.79069461e+00
 -1.69445362e-01
  3.12314813e-02
  1.98207081e+00
  4.52557668e-01
  9.92018012e-01
 -1.82502701e+00
 -1.32532328e+00
 -3.82656991e-01
  4.26515051e-01
  1.01081275e+00
 -6.74380258e-01
  6.60268090e-01
 -1.68889905e-01
  1.98050360e-01
  1.83647457e+00
  1.30605013e+00
  7.23565389e-02
  1.54561078e-01
 -1.20286334e+00
  2.71531120e-01
 -3.10202922e-01
  2.53126361e-01
 -8.40375546e-01
 -9.34430596e-01
 -7.75274980e-01
  8.52459535e-01
 -2.81025120e-01
 -1.54556180e+00
  3.71427371e-01
  2.14262938e+00
  1.49689157e+00
 -3.04441274e-01
 -1.06573791e+00
 -1.20345962e+00
  8.26076373e-01
  9.34315401e-01
  5.24138595e-01
 -1.65999155e-02
  1.71584879e-02
 -2.48137380e-01
  1.49002065e+00
  1.53281351e+00
  6.17149288e-01
 -1.62018552e+00
 -8.13597738e-01
 -9.05827882e-01
 -7.29114073e-01
 -6.62193594e-01
  2.08638767e+00
  1.22448639e+00
  6.86028197e-01
  9.27751747e-01
 -5.84423854e-01
 -3.21708711e-01
  6.29915253e-02
  1.83804431e+00
 -1.71919684e+00
  1.48838084e-01
  1.87504505e+00
  3.36549454e-01
  3.75153657e-01
  1.11440995e+00
 -1.02751688e+00
  1.94213663e+00
 -1.93095497e+00
 -3.78730855e-01
 -2.49038883e-02
 -1.24109158e+00
 -2.22639276e+00
 -1.63813564e-01
  3.43798620e-01
  4.79535789e-02
 -1.28759238e+00
  7.53717813e-01
  1.15126941e+00
  4.83507170e-01
 -9.16216633e-01
 -4.24264837e-01
 -8.66983743e-01
  8.72142557e-01
  3.50341058e-01
  1.43075550e+00
 -8.30191619e-01
 -7.98661552e-01
  6.12726501e-01
 -1.67397940e+00
  2.21691972e+00
  1.57593756e+00
 -3.64003859e-01
 -1.91695982e+00
  9.32483080e-01
 -9.94842366e-01
  3.75260497e-01
  1.78239915e+00
  7.48195097e-01
  7.25862640e-02
 -8.13959010e-01
 -1.40801880e+00
 -1.01539856e+00
  1.41007014e+00
  6.25557185e-01
 -4.02956981e-03
 -8.17369452e-01
 -7.70099730e-01
  8.23238573e-01
 -3.07860937e-01
 -6.05838048e-01
 -1.00872358e+00
 -1.83021932e+00
  3.26996229e-01
  1.19362113e+00
  2.07760995e+00
  1.57742764e+00
 -4.03043813e-01
  1.40257959e+00
 -5.17471747e-01
  3.89932946e-01
 -5.64959864e-01
 -1.16032241e+00
 -2.33040981e+00
  2.15721257e-01
 -7.58836701e-01
 -1.01730515e+00
 -2.05294152e+00
  1.33811361e+00
  1.05243474e+00
  2.85031886e-01
  1.48363259e-01
  6.42633789e-01
  5.10573774e-01
 -2.25632548e-01
  3.28174736e-02
  1.07577658e+00
  2.89342923e+00
 -5.94625728e-01
 -3.68418360e-01
  6.96550954e-02
  6.16171165e-01
  1.33000429e+00
  5.34658746e-01
 -8.85956118e-01
  5.28142968e-01
  5.36130657e-01
  1.20238248e+00
 -6.48206018e-01
  7.83440781e-01
 -1.51134378e-01
  8.39105583e-01
  1.53692289e+00
 -9.96735098e-01
 -1.24261537e+00
  4.66835454e-01
  1.25652772e-01
 -3.48203092e-01
 -1.54936657e+00
  6.49322149e-01
  1.73219025e-01
  1.77887999e+00
 -1.88482133e+00
  2.69884959e-01
  5.18607357e-01
  6.60473732e-01
  2.01064468e+00
  6.58017935e-01
 -6.91473975e-01
 -3.68359815e-01
  1.35254506e+00
  7.40414233e-02
  1.02499655e-01
 -1.14069299e+00
 -1.33999107e+00
  1.36830049e+00
  7.88020178e-02
  4.50477379e-01
  1.20581196e-01
 -1.68087549e+00
  5.39772309e-01
  2.83976742e-01
  5.60086731e-01
 -2.94223633e+00
 -2.45060852e-02
 -2.29885172e-01
 -4.52069702e-01
  3.19805308e-01
 -4.86558156e-01
 -2.73728576e-01
  1.26732960e-01
  3.23986943e-01
 -1.23341909e+00
 -8.81831950e-01
  3.10220678e-01
  6.08632192e-01
 -2.69630506e-01
  2.64362031e-01
 -9.92368091e-01
 -1.27311359e+00
  1.39306326e-01
  1.08706718e+00
 -1.60974265e+00
  2.85482415e-01
  4.42993226e-01
  5.73092335e-01
 -1.25595649e+00
  4.70110447e-02
 -7.87297979e-01
 -1.97145697e-01
  4.83526549e-01
 -2.94784618e-01
 -8.39672444e-02
  5.96310901e-01
 -8.87223467e-01
  1.74430218e+00
 -4.96628475e-02
  1.67754883e-01
  4.80587446e-01
 -2.19308154e+00
  8.01229976e-01
 -2.69534668e-01
  5.07339163e-01
 -2.61770184e-01
 -5.24098454e-01
  2.33588904e-01
 -5.05333069e-02
  2.41537780e+00
  1.34050589e+00
  6.95310105e-01
  5.30306903e-01
  7.21638061e-01
  1.43703755e+00
 -5.96051721e-01
  8.22477180e-01
 -5.81976144e-01
  1.44128034e+00
 -1.04475103e+00
 -6.97541440e-01
 -8.98561519e-01
 -4.86177881e-01
 -1.26489491e+00
 -2.36853236e-01
  1.23715914e+00
  1.35309577e+00
 -7.11988076e-01
 -4.66753932e-01
  7.68133268e-01
 -3.92502365e-01
  2.66786400e-01
  4.12989398e-01
  1.22093728e-01
 -5.80999835e-01
 -1.29153748e+00
 -6.27670131e-01
 -1.97116554e+00
  1.71414585e-01
 -1.63317536e+00
 -3.15625844e-01
  1.57731783e-01
 -1.05225101e-01
 -6.03040570e-01
 -3.90050994e-02
  7.44635257e-01
 -4.14827734e-02
 -1.76726029e+00
 -1.92519248e+00
  1.98130792e-01
  2.63724984e-02
 -1.21160586e+00
  7.46114664e-01
  8.53461778e-01
 -4.33405857e-01
  3.42716948e-02
  4.92767185e-01
 -1.60291737e+00
 -4.25213529e-01
  1.56766706e-01
  3.71401706e-01
 -7.11820524e-01
 -1.24447646e+00
 -1.83785238e+00
  1.78649038e-01
  3.49160964e-01
  3.76668167e-01
 -3.48715617e-02
  2.80729270e-01
  1.31016950e+00
 -1.39291756e-01
 -2.00814153e+00
 -1.20720940e-02
  1.37700303e+00
  2.06184904e+00
  1.42723019e+00
  5.52859522e-01
  1.86524553e+00
 -1.61118957e+00
  3.48910562e-01
  8.10059818e-01
 -8.13089207e-01
  8.96205129e-02
 -1.51791869e+00
 -2.80408263e-01
  1.57098056e-01
  1.20435322e+00
 -6.44856990e-01
  4.56327891e-01
 -3.35638969e-01
  1.54675305e+00
  1.63649745e+00
  8.35167626e-01
 -1.59558197e+00
 -2.08855559e+00
 -4.25494928e-01
  7.38649141e-01
  1.52031261e-01
 -5.35832812e-01
 -5.12514145e-02
 -1.25949380e+00
 -1.11923675e+00
  5.13991558e-01
  3.57361970e-01
  1.78351220e+00
 -9.93908649e-01
 -1.36169498e+00
 -6.60054375e-01
 -7.20422207e-01
 -1.84729070e+00
 -4.61945855e-02
  1.02323687e-01
 -1.09065347e-01
 -3.42239710e-01
 -1.13635926e+00
  8.23508411e-01
  1.76507469e+00
  8.16209275e-01
 -1.39080783e+00
  8.49955029e-01
  7.32982307e-02
 -4.70535390e-01
 -4.19031226e-01
 -8.21463647e-01
  7.45103925e-01
  1.10027041e+00
 -1.54686238e+00
  4.96455512e-02
 -5.68312918e-01
  1.23913566e+00
  2.06421144e-01
  2.71760524e-01
  7.85334974e-01
  2.97233093e-01
 -3.53749582e-01
 -1.88371526e-01
  3.05917273e-01
 -9.64784524e-01
 -1.45982887e+00
  8.26775553e-01
  1.27601925e+00
  2.85973334e-01
 -2.00458587e-01
  9.58829238e-01
  5.12579241e-01
  4.84871422e-02
 -1.85690819e-01
 -1.07774553e-01
  1.68610569e+00
  9.52224591e-01
 -9.21086115e-01
  6.48025734e-01
  7.50309535e-01
 -2.88834613e-01
 -1.25311430e+00
 -1.87288819e-01
 -6.91541833e-01
  9.53843692e-01
  1.03867435e+00
 -3.18859289e+00
 -1.05659870e+00
 -8.09186765e-01
 -1.31429966e+00
 -4.69802647e-01
 -2.60090037e-01
 -1.74568012e+00
 -4.99103501e-01
 -1.59466759e+00
  5.40425913e-02
  6.17328305e-01
 -3.15234013e-01
  7.45884730e-01
  8.55451817e-01
 -1.15693264e+00
 -1.56182324e+00
 -1.64670985e+00
  1.71837056e+00
  1.05662244e+00
  8.56306106e-01
 -8.68587429e-01
 -1.31989075e+00
  1.16661613e+00
  4.67330741e-02
 -2.84876005e-01
 -8.33216958e-01
 -4.55544000e-01
 -3.31287295e-01
  7.73029539e-01
  2.09057372e-01
 -2.41807722e+00
  5.56545272e-01
 -5.41668861e-01
 -1.61533000e+00
 -1.05785044e-01
 -9.19822734e-01
  1.31207608e+00
  7.82536575e-01
 -1.13600405e+00
  1.19053638e+00
 -1.12230473e+00
  9.90642835e-01
  4.98528670e-01
  1.67554663e+00
  8.27129219e-01
  3.02587301e-02
  5.02474799e-01
  9.85861297e-01
 -1.04981036e-01
 -5.39266274e-01
 -1.05388063e+00
 -3.77255210e-01
 -1.29079549e+00
 -3.67905043e-01
 -2.26477997e-01
  4.59709456e-01
  1.03398189e+00
  2.64653051e-01
  1.18159054e+00
  1.63320495e+00
 -1.06911236e+00
 -9.66228944e-01
  5.37925419e-01
  1.86073957e+00
  2.13348733e-01
 -1.37607680e+00
 -8.32847848e-01
 -1.04934822e+00
 -1.40405557e+00
 -1.62864629e-01
 -2.37084441e-02
  1.89241697e-01
  5.98648825e-01
 -1.15464266e+00
  1.21384988e+00
  5.63953391e-01
 -3.36752163e-01
 -3.27051149e-01
 -1.34328596e+00
  5.77168149e-01
  6.18032805e-01
  1.02421085e+00
 -4.21436888e-02
  9.86691801e-01
 -5.05343419e-01
  2.07767341e-01
 -7.78450400e-01
  1.33242564e+00
  1.04491700e+00
 -1.45724516e-01
 -2.21361493e-01
  1.11300763e+00
 -6.44761199e-01
 -1.87264096e+00
 -7.47318117e-01
  1.47649573e-01
  2.68970113e-01
  3.19445287e+00
  1.01526888e-01
  8.11117110e-01
 -1.02823054e+00
  2.45201237e-01
  5.71190929e-01
  2.31505348e-01
 -8.46958292e-01
  6.01417586e-01
  6.25858088e-01
 -1.74535549e+00
  9.04588942e-02
 -1.44863194e+00
 -9.92349738e-01
  6.80215543e-02
  1.36979986e+00
 -2.08130896e+00
 -1.02724560e+00
 -1.37894139e+00
 -1.44604051e+00
  3.20087344e-01
  5.53144981e-01
  1.48846184e+00
  1.21192811e+00
  1.17622806e+00
 -1.18304014e+00
 -6.90149904e-03
 -3.58764088e-01
  6.17829889e-01
 -1.15083969e+00
 -5.61618270e-02
  4.96961120e-02
 -1.36951739e+00
 -6.28957566e-01
 -4.56252223e-02
 -2.64576607e-01
  1.48949731e-01
  4.44848290e-01
  7.62700587e-01
  2.61983317e-01
  3.80928310e-01
  6.92012488e-01
  1.90913028e+00
 -7.89406026e-02
 -1.04497141e-01
  2.06361845e+00
  4.17973066e-01
 -5.93274359e-02
 -4.84880024e-01
  2.23605836e+00
  8.88638638e-01
 -7.36825348e-01
  1.57193071e+00
  3.52445748e-01
 -1.86015703e+00
  9.80006553e-01
  1.72473464e-01
  1.58989625e+00
  1.00751813e-01
  7.59104874e-01
  1.23384230e+00
  6.39465137e-01
 -8.68288897e-02
  2.70380380e+00
 -1.28340880e-01
 -1.95816416e-01
  2.56832211e-01
  5.32228870e-01
 -1.30779157e+00
  1.34237815e+00
  8.33068379e-01
 -9.37780900e-01
 -1.60079068e+00
  4.65133047e-02
 -6.29407139e-01
  8.07618092e-01
 -2.08687007e+00
 -6.14182345e-01
 -4.33522999e-01
 -3.60201069e-01
 -6.69002589e-02
  6.28067614e-01
 -1.29794167e+00
  6.11542039e-01
 -1.88799032e+00
  2.57354791e-02
 -2.70048053e-01
 -9.96989895e-01
 -5.94230795e-01
 -1.19557403e+00
 -2.27010239e+00
  1.53898904e-01
 -6.28012701e-01
  6.25558441e-01
 -1.07033975e-01
 -1.42208263e+00
  5.06052526e-01
  6.69036996e-01
  2.56682296e+00
 -1.87017187e+00
 -2.47936527e+00
  1.87042384e+00
 -1.02534490e-01
 -8.29999424e-01
  8.05249999e-01
  1.30410164e+00
  1.56879936e+00
  6.36494887e-01
 -8.88287825e-01
 -9.11571740e-01
 -5.40796012e-01
 -6.35893416e-01
 -1.13593902e-01
  1.51250193e+00
 -6.69793469e-01
 -1.52643760e-01
  1.06000145e+00
  1.13184723e+00
 -9.87044845e-01
 -2.36603892e+00
  1.54433866e-01
 -3.33083005e-01
 -1.47569048e-01
 -7.67251285e-02
 -7.06788473e-01
 -4.17665200e-01
  4.40788850e-02
 -8.09234640e-01
  1.61715484e+00
 -1.45895705e+00
 -6.66470474e-01
  2.80066270e-01
  1.24071300e+00
 -4.66387349e-01
  6.68774680e-01
  7.55367749e-01
 -2.65441937e-01
 -1.70658172e+00
  8.23222663e-01
 -6.33966089e-01
 -1.36795886e-01
 -2.22130095e-03
  9.54334181e-01
  1.29780224e+00
 -4.30679707e-01
  5.49977305e-01
  2.89412678e-01
  1.49188544e+00
  8.14155662e-01
  1.12051703e+00
  8.61614023e-01
  1.66762182e+00
 -1.08610413e+00
  5.54894342e-01
 -4.05621827e-01
 -5.25751350e-02
 -8.27722820e-01
 -1.94876843e+00
 -5.04882956e-01
  8.56123141e-01
 -2.18537962e-01
 -8.11047828e-01
  3.33810890e-01
 -1.26528442e-01
 -1.25370698e-01
 -5.10912990e-01
 -1.02636032e+00
 -2.50677019e-01
  1.14994388e+00
 -2.11991860e+00
  5.54466982e-03
 -1.18452388e+00
  9.96420318e-01
  4.43452494e-01
  1.31260938e-01
  7.41635406e-01
  8.67193620e-01
 -7.57399161e-01
  5.23799312e-02
  1.55130578e+00
 -4.26132757e-01
 -3.26442972e-02
  6.21424277e-01
  4.40538702e-01
 -9.56497877e-01
 -6.74579986e-02
  4.80948132e-02
  1.39513262e-02
  1.28572843e-02
  6.74254264e-01
  1.48318097e+00
 -3.97082468e-01
  4.20027773e-01
 -4.76095783e-01
 -4.98312399e-01
 -9.63667139e-01
 -3.85199347e-01
 -1.57736547e+00
  2.09266305e+00
  4.25486860e-02
 -1.72719559e+00
  6.35430757e-01
 -1.08263124e+00
  1.74148937e+00
 -5.00606160e-01
  2.97367332e-01
 -1.72481076e-01
 -5.81132379e-01
  5.19473284e-01
 -5.04917593e-01
  1.31426987e+00
 -6.61701011e-01
  1.21890218e+00
 -7.14890115e-02
  4.76585298e-01
  1.30904166e+00
 -1.57472154e+00
 -1.52973891e+00
  5.44256287e-01
  4.08685387e-01
 -2.38791020e-01
  1.62029086e+00
  8.85402551e-01
  1.36131811e+00
  1.09260029e+00
 -3.24484540e+00
 -7.22658573e-01
  6.39851128e-01
 -1.36582732e+00
 -1.53847506e+00
  1.31925748e-01
 -1.88423691e+00
  2.09184011e+00
  1.05262754e-01
  8.52351591e-01
  5.27021011e-02
 -7.95250594e-01
 -4.09280232e-01
  4.34101056e-01
  1.58233457e+00
  1.29270194e+00
  5.46457664e-01
  1.28447842e+00
 -2.50296350e-01
  3.35576641e-01
 -9.66175716e-01
  4.22798999e-01
  4.58976717e-01
 -1.77423840e+00
 -1.10930221e-01
  1.60092139e+00
 -2.77844695e-01
 -1.00386650e+00
 -2.85743978e-01
  2.80015955e-01
  1.78992857e+00
  4.55581354e-03
 -4.35954000e-02
 -1.42467267e-01
 -5.16955827e-01
  1.29959593e+00
  9.75791255e-02
 -7.00927965e-01
 -9.82513917e-02
 -1.01344296e+00
  6.09823040e-01
  5.26823370e-01
  4.37664522e-01
  9.19387266e-02
 -1.03290002e-01
  1.83525626e+00
  7.05281734e-01
  6.64439998e-01
 -1.90293804e+00
  1.04572762e+00
 -1.59202186e-01
  2.35210589e-01
 -5.28140774e-01
 -1.51937060e+00
  1.02146152e+00
 -7.24923389e-01
 -8.61943928e-01
 -2.64354163e-01
 -8.75287036e-01
 -1.55271521e+00
 -7.46272679e-01
  1.94093933e+00
  5.43084583e-01
 -8.13477679e-01
 -1.59060024e-01
 -5.73472297e-01
 -6.76893603e-01
  1.33498375e+00
 -6.80707214e-01
  6.56475378e-01
  2.08732189e-01
 -1.40708199e+00
  8.19092634e-01
  5.57956888e-01
 -5.06736397e-01
  1.89987338e-01
  4.97497708e-02
 -5.86663563e-02
  1.53675081e+00
  1.35133941e+00
  6.06493283e-01
  1.91173802e-01
 -1.48707491e+00
  1.13069644e+00
  1.74612516e+00
 -6.16443858e-01
 -9.79047240e-01
  4.19187413e-01
  1.57013965e+00
 -1.33443091e+00
 -1.40469007e+00
  8.79889561e-01
  2.30968888e-01
 -5.22254053e-01
 -1.18468409e+00
  1.98861098e-01
  3.64473424e-01
  3.86176589e-02
 -4.89532747e-01
  1.08055183e+00
 -2.32204233e+00
  2.28514676e-01
  1.41187058e+00
 -1.49123316e-01
  8.77199355e-01
  5.65833420e-01
 -1.22281406e+00
 -8.59973437e-01
  7.07974613e-01
 -2.85406998e+00
 -1.62677737e+00
 -5.58157574e-01
 -1.42236204e+00
 -2.55257906e-01
  6.36205929e-01
 -3.30067152e-01
  5.09846354e-01
 -1.29164162e-01
  1.18402095e+00
  9.78934111e-02
 -9.60146966e-02
  2.62414545e-01
 -6.07831501e-01
 -5.50023803e-01
 -3.06448671e-01
  5.15756039e-01
 -3.16118863e-01
  1.17094882e+00
  4.06251035e-02
  1.06968801e+00
 -4.59588005e-01
  7.45575397e-02
 -8.87708950e-02
 -3.70896146e-01
  5.42931558e-01
 -1.01170639e-01
  1.13690361e+00
 -6.20460382e-01
 -4.72804057e-01
 -5.40923893e-01
  1.35673542e+00
  5.44506133e-01
 -6.45975897e-01
 -9.89374439e-01
  2.72774264e+00
  2.35123634e-01
  4.79941902e-01
  1.07303797e+00
 -5.82863658e-01
 -2.41574305e-01
 -8.65024620e-01
  4.39165674e-01
  7.74967764e-01
  2.48175231e+00
 -1.28426073e+00
  6.65337828e-02
 -1.34685565e+00
  1.80254190e-01
  1.30883929e+00
 -1.07612383e+00
  6.11092476e-01
 -1.17559287e+00
  4.21482927e-01
 -3.44335193e-01
  1.55352414e+00
  6.75247776e-01
  1.22942835e+00
  1.32490627e+00
 -6.13965757e-01
 -1.46186406e+00
  4.17410440e-01
  8.79701137e-02
  5.54213513e-01
  1.17433543e+00
  1.81931507e+00
  1.66788344e+00
 -9.32845888e-01
  9.89625446e-01
  1.39971755e+00
 -1.97787055e+00
  7.06665432e-01
  3.47238592e-01
  7.30670827e-01
 -6.69976431e-01
  6.31955467e-01
 -7.62055381e-02
  3.59389330e-02
  2.78413308e-01
 -1.69660760e-01
 -9.95307614e-01
 -8.64898417e-01
  1.33536003e+00
  8.56971335e-01
 -6.00371187e-02
  5.50869246e-01
 -1.88168785e-01
 -1.10342357e+00
  3.95773300e-02
  4.23214885e-01
  1.41788032e+00
  7.08653937e-01
  6.79271874e-01
 -8.42725748e-01
 -7.35508928e-01
  1.34469100e+00
  3.54207652e-01
 -1.48210615e+00
 -2.91072728e-01
  5.77962454e-01
 -1.16784912e+00
 -1.48020013e+00
  1.73213549e-01
 -5.31963604e-02
 -3.16705970e-01
  4.68118713e-01
  3.04218833e-01
  1.86766912e+00
  7.62987965e-01
 -3.04365332e-01
  4.88339188e-01
  4.66933046e-02
  8.66958421e-01
 -1.12934466e-01
 -1.17130646e+00
  1.13640862e-01
 -9.01161582e-01
 -1.11002672e+00
  7.68942241e-01
 -4.53876159e-01
 -7.24949289e-01
  1.85504098e+00
  1.69731493e+00
  1.30399797e+00
 -6.33207203e-01
 -1.03551062e+00
 -9.74971137e-01
  1.17093673e+00
 -3.15322808e-01
  8.50448165e-03
 -3.31851959e-01
  5.63044491e-01
 -4.45526937e-02
 -6.21846634e-01
 -6.97971143e-01
  8.39125817e-01
  1.53336854e+00
 -1.76692542e+00
  9.31822854e-01
  2.90183370e-01
 -1.29161762e+00
  6.15310145e-01
  2.10715126e-01
  9.35220920e-02
  7.00437137e-01
  8.74285308e-01
 -2.26286326e+00
 -5.12241869e-02
  1.86299027e+00
 -6.60883208e-01
 -6.42868562e-01
  1.45795367e+00
 -1.75425626e+00
 -1.43626956e+00
 -3.32937407e-01
  9.24525395e-02
 -4.66599808e-02
  2.04077978e+00
  1.20698193e-01
  1.32301565e+00
  8.72777792e-01
 -1.46108741e+00
 -1.16638186e-01
  2.77019011e+00
 -2.08697828e-02
  1.13937770e+00
  1.04427107e+00
 -7.45511438e-01
  2.31693723e-01
 -2.19290810e-01
  8.78114228e-01
  8.82658216e-01
  4.23796901e-01
 -6.26746630e-01
  1.13473769e-01
  9.43967917e-01
 -8.50064233e-01
  9.56208242e-01
 -1.09609697e+00
  6.80319077e-01
 -1.31283595e+00
  1.26715261e+00
  1.97725959e-02
 -7.90567736e-01
  1.07770320e+00
  2.39947406e+00
 -1.25110232e+00
 -4.49060010e-01
 -1.09223836e+00
  4.29968921e-01
  2.99436243e-01
 -1.21274328e+00
  2.01065083e-01
  1.60377168e+00
  8.11925442e-01
  1.21139953e+00
  1.25659637e+00
  6.57177214e-01
  5.10132265e-01
 -1.45569995e+00
 -1.19967730e+00
 -8.67793105e-01
  1.12658693e+00
  1.15393166e+00
 -2.83857836e-01
 -8.26581458e-01
 -6.22877971e-01
  9.17216153e-01
 -4.88345867e-01
  9.49766017e-02
  1.51358304e-01
 -2.94890782e-01
 -1.61480060e+00
 -8.42272307e-01
  1.05271906e-02
  2.23412883e-01
 -3.02721783e-01
 -2.88976253e-01
 -9.97115128e-01
 -1.23074567e-01
  1.86253518e+00
  3.07067715e-01
  3.84382017e-01
  9.64834655e-04
  6.94266487e-01
 -9.87598020e-01
 -9.22541218e-01
 -1.71941245e+00
  1.07847154e-01
 -6.37809231e-01
 -1.34744144e+00
 -2.91084188e-01
  9.74897311e-01
 -9.39280691e-01
 -4.04279672e-01
 -5.81784206e-01
  8.34184459e-01
  1.64766931e+00
  1.28191276e+00
 -7.45669777e-01
 -1.02602233e+00
 -3.11493032e-01
 -6.49136222e-01
  6.42231024e-01
  1.54202248e+00
 -1.91088943e+00
 -2.75740334e-01
  3.51164492e-01
  1.00305769e+00
  1.55851371e-01
  1.53463323e+00
 -1.19322369e+00
  4.33764199e-01
 -8.37668668e-01
 -1.35274283e+00
 -1.23368724e+00
  2.48442256e-01
  1.33834073e+00
 -1.03058373e+00
  5.43271571e-01
 -2.13205413e+00
  1.07828153e+00
 -1.52597606e+00
  8.04607103e-01
  3.18410771e-01
 -1.10070505e+00
 -1.50261328e-01
  4.91202517e-01
 -5.82089247e-01
  6.74376477e-01
  3.36743209e-02
 -6.80017171e-01
  1.94832720e-01
 -3.04507320e-01
 -2.49071399e+00
 -4.53560189e-01
  7.25784659e-01
 -3.78759334e-02
 -8.34226098e-01
 -7.88700209e-01
 -1.95754728e+00
  1.06792745e+00
  6.22060011e-01
 -1.92269374e+00
 -2.52727746e+00
 -2.65187700e-01
 -1.75050967e-01
  1.64058690e-01
 -7.95529764e-01
 -3.70205820e-01
 -5.13878613e-01
 -1.17754940e+00
  1.49644197e+00
 -1.99910636e+00
 -7.17311039e-01
  1.64513946e+00
 -7.44731590e-01
  3.30433000e-02
 -2.75426589e-01
  1.59032385e+00
 -5.76225857e-01
 -1.19526542e+00
  1.88097552e-01
  6.57695546e-01
  1.15562314e+00
  1.00217069e+00
  2.35042223e+00
  2.25697716e-01
  9.37503331e-01
  5.02837166e-04
 -4.12668127e-01
  9.84871929e-01
 -2.04251202e-01
 -7.24512231e-01
 -9.53050872e-01
  1.04629448e+00
 -4.61256689e-01
  8.47307347e-01
  7.04769103e-01
  8.50265122e-01
 -2.48458724e+00
  1.11157349e+00
 -1.61790882e-01
  1.45396881e+00
 -2.77121661e-02
 -7.53214003e-01
  9.42339220e-01
 -1.70710760e-01
  1.53156783e-01
  1.02639526e+00
  4.73091582e-01
  9.13243998e-02
 -4.29668938e-01
 -3.57700722e-01
  1.34162583e-01
  1.38608037e+00
 -1.21943243e+00
 -9.26913777e-01
  2.19994621e-01
 -2.25460829e-01
  2.34747633e-01
  1.21723548e+00
 -6.82895900e-01
  6.03701600e-01
  1.04979056e+00
  9.31120258e-01
 -2.63497303e-01
 -1.07452240e-01
  5.65217213e-01
  1.09618926e+00
 -3.80350573e-01
 -1.62140573e+00
  6.66623124e-02
  8.36770638e-01
  2.32134529e+00
 -1.66674603e+00
 -2.84402383e-01
 -1.08621511e+00
  1.28636045e+00
 -2.14108100e-01
  2.47337855e+00
 -1.08618692e+00
  5.27751041e-01
 -2.16458651e-01
  1.41366612e-01
 -2.04227749e+00
 -1.08042370e+00
  2.86098573e-01
  7.84927505e-01
 -6.84769760e-02
 -1.39932719e+00
  1.52242684e+00
  4.24602148e-01
 -1.71454360e+00
 -3.46961217e-01
 -1.99335033e+00
 -1.08407488e+00
  1.55636201e-01
  7.45329020e-01
 -4.65220674e-01
 -2.88455364e-01
 -1.66081525e+00
 -9.80433868e-01
 -2.27478686e+00
  4.19224653e-01
 -9.45045477e-01
 -1.21170545e+00
 -5.57386430e-02
 -1.23602285e+00
  1.59945216e+00
  2.87310588e-01
 -1.16522848e-01
 -9.87887035e-01
  1.62052763e-01
 -6.73141984e-02
 -9.19835027e-01
  5.75366773e-02
 -2.29866133e+00
  9.14973311e-01
  2.86169778e-01
  1.44870985e+00
 -4.02000734e-01
 -1.12729069e-01
  4.56609859e-01
 -1.88892843e+00
  5.43099765e-01
 -1.30542640e-01
  6.26981303e-01
  1.34540041e+00
  6.62672957e-02
 -1.85829957e-01
 -9.38047995e-01
 -2.71604783e-01
  3.58230368e-01
 -9.80698052e-01
  4.86420391e-01
 -1.22984718e+00
  3.68688566e-01
  5.43438959e-02
 -1.97680813e+00
 -6.46089758e-02
 -7.85924458e-01
 -2.17250249e+00
  2.37024552e-02
  9.67908184e-01
 -4.91248777e-01
  8.55736902e-02
 -1.34074436e-01
 -2.03707084e-01
 -1.69754946e+00
  1.40442953e+00
 -6.07260598e-01
  4.21333759e-01
  1.24078675e+00
  1.13411990e+00
  1.51536561e-01
 -2.56264838e-01
  5.31540527e-02
  5.93124550e-02
  3.54210243e-01
  1.27635018e-01
 -3.04996837e+00
  1.56881139e+00
 -1.76980743e+00
  1.34154968e+00
  6.84620148e-01
  1.42891955e+00
  2.49277484e-01
  4.62019099e-01
  3.90801926e-01
  7.73317924e-01
  1.55432446e+00
 -1.76079970e+00
 -2.58831821e-01
  3.93398993e-01
 -5.40356368e-01
  7.38011113e-01
 -3.28592009e-01
 -1.19321997e+00
  6.18290870e-01
  3.15056636e-01
  3.02887852e+00
  6.04437243e-01
 -6.74874211e-01
  4.83167527e-01
 -4.64925186e-01
  1.15730179e+00
  1.58194883e-01
 -7.76009824e-01
  1.65431477e+00
 -9.70217633e-01
  3.79883573e-01
  1.00295326e+00
  8.75725964e-01
  4.11024794e-02
 -6.97821859e-01
 -5.45684319e-01
  1.15630618e-02
  2.60846240e-01
  2.59124681e-01
  1.78807021e+00
 -4.43321217e-02
  1.62303370e+00
 -3.37856312e+00
  1.40372900e+00
 -1.81892158e+00
 -1.95358441e-01
  7.42151153e-01
  1.32766392e+00
  5.97654152e-01
  3.03447046e-01
  9.26160931e-01
 -5.97738530e-02
 -9.04576474e-01
  8.10207294e-01
 -2.55108278e+00
 -3.94560166e-01
  3.14469751e-01
  4.40305845e-01
 -3.27546826e-01
  1.98183368e-01
 -7.04767366e-01
 -5.00212751e-02
 -1.26978793e+00
  1.01215824e+00
 -2.64295198e-01
 -8.20166839e-01
 -1.09645215e+00
  1.79449148e+00
  1.66618726e+00
  2.95107976e-01
  7.38668810e-01
 -1.54107781e+00
 -9.96107296e-01
  9.49700865e-01
  5.16945054e-01
  8.28762365e-01
 -1.73759051e+00
  2.45803014e-01
 -8.17761400e-01
 -4.03285288e-01
  5.75546321e-01
 -3.36936949e-01
  4.01250042e-01
  7.80576952e-01
 -2.05085369e+00
  1.91241720e-01
  1.36720621e+00
 -6.68468761e-01
 -1.59881041e-01
  9.41671940e-01
  1.48559211e+00
  3.82176259e-02
  8.36274889e-01
  1.10452818e+00
 -9.63988162e-01
 -4.93183446e-01
  1.56943117e+00
 -1.13354310e+00
 -4.39272239e-01
 -2.48729912e-01
 -1.68084447e+00
  5.00377221e-01
  1.60731413e+00
  6.08981996e-01
  6.66020150e-01
 -3.39333078e-01
  9.72641444e-01
 -7.34327584e-01
 -6.31756194e-01
  1.18406973e+00
 -9.48806795e-03
 -9.34398141e-01
  1.92689052e-01
  4.36310175e-01
 -6.04282316e-01
 -4.15565951e-01
 -1.05262714e+00
 -9.66432734e-01
 -6.36667576e-01
 -4.71365177e-02
 -8.43677076e-01
 -4.22444658e-01
  6.59074794e-01
  3.44912713e-01
  1.28623728e-01
 -7.09229418e-01
  1.67726578e-01
 -1.42256617e+00
  1.01632894e+00
  1.33709182e+00
 -3.97209584e-01
 -6.41847698e-01
  3.55408041e-01
 -4.37301707e-01
 -8.61155954e-01
  1.40652793e+00
 -2.99063704e-01
 -1.68040753e+00
  9.68836118e-01
 -5.85377116e-01
 -1.16663151e+00
  8.91134170e-01
 -2.23656938e-01
 -9.56197758e-01
  7.61963239e-01
  1.48840366e+00
  2.92079201e-01
  4.78231214e-01
 -1.70329329e+00
  1.74384032e+00
  9.44962972e-01
  3.44528077e-01
 -8.10726102e-02
  3.12265865e-02
 -8.83915160e-01
 -3.36128444e-01
 -4.71626132e-01
  3.11551322e-01
 -4.17271724e-01
 -2.75814919e-01
  1.34973990e-01
  1.28594006e+00
  7.04606004e-01
 -2.11463575e+00
 -1.31239032e-01
 -1.22169549e+00
 -3.28325905e-01
 -2.00877989e-01
  1.13257096e+00
 -1.12778136e+00
 -1.70023359e+00
  6.88696977e-01
  5.02476503e-01
 -2.41574814e+00
 -9.01427062e-01
 -1.77808718e+00
  7.32962171e-01
  7.72119770e-01
  1.03028937e+00
  1.89405455e+00
  4.01610609e-01
 -9.10577826e-01
  1.28295214e+00
 -1.54328592e+00
 -2.48222716e-01
  1.67802424e+00
 -3.59230212e-02
  1.75455740e-01
  4.79665637e-01
 -6.94181081e-01
 -9.89948563e-01
 -4.60183591e-01
 -4.82545971e-01
  4.88719148e-01
  2.09651631e-02
  2.37117207e-01
 -1.12282002e-01
 -1.37926462e+00
 -3.72739608e-01
 -1.61812044e-01
 -4.07591265e-01
  1.38261603e+00
  4.55870431e-01
 -3.36300533e-01
  2.92513694e-01
  8.65671284e-01
 -1.56561802e-01
  9.67573141e-02
 -1.37014070e-01
  4.14159689e-01
 -1.71155853e+00
  5.59248255e-01
  9.00434029e-01
 -1.55476345e-01
  6.58125015e-01
  1.39728278e+00
  6.87388274e-01
  1.57509997e-02
 -3.17467206e-01
 -8.57465818e-01
  9.65770278e-01
  1.65660327e+00
  5.43205694e-02
  8.05407412e-01
  3.93974671e-01
  9.40014085e-01
 -9.07944514e-03
 -1.88789545e-01
 -3.31818078e-01
  9.78525372e-01
  2.07538020e-01
 -5.69495039e-01
 -1.07140405e+00
 -8.28824322e-01
  1.61730574e+00
 -3.34599757e-01
  1.39387656e+00
  1.05530273e+00
  2.10160898e-01
  3.71754868e-01
  3.74864228e-01
  5.75479321e-02
 -1.22651148e+00
  1.95815726e+00
 -8.82298742e-01
  1.88084743e+00
 -5.30838737e-01
 -7.11186000e-01
 -1.78019102e-01
  3.92787661e-01
 -2.67285348e-01
 -4.71930135e-01
 -5.01390722e-01
  5.19497623e-02
 -8.48568738e-01
 -1.51020686e-01
 -8.83514405e-01
  2.28352467e-01
  1.45352833e+00
 -1.66266710e-01
  8.03589681e-01
  2.97832385e-01
  4.43307561e-01
 -7.99995302e-01
 -9.81993637e-01
 -6.55507037e-01
  1.15854163e+00
 -2.13378224e+00
  1.39432489e+00
 -8.93792740e-01
  1.33175393e+00
 -3.41552804e-01
  1.17084516e+00
  1.36870572e+00
 -8.54423208e-02
  1.18006691e+00
  1.52541820e-01
 -1.73341176e+00
  1.37812851e+00
 -3.99832773e-01
 -4.09033275e-01
  4.54640709e-01
 -1.71939440e-01
 -3.52066297e-01
 -5.17612750e-01
 -2.62501694e-01
  1.00841780e-01
  7.99926213e-01
  4.25912238e-02
  1.74672563e+00
  1.39950148e-01
  1.06435570e+00
 -1.81151424e-01
  7.42640399e-01
  1.68952170e+00
  5.93214891e-01
 -1.69595723e+00
 -9.25889176e-02
 -1.83155626e+00
 -5.70251576e-01
 -2.17481485e+00
 -1.28466692e+00
  1.20644385e+00
  1.43387979e-02
  1.12135069e+00
  1.99446997e-01
 -7.41857653e-01
  1.71727524e+00
 -1.72605042e+00
  2.16488313e+00
  8.07351201e-01
 -1.98894254e+00
  5.95940684e-01
 -1.84183968e+00
  8.78112362e-01
  7.64979925e-01
 -1.31871994e+00
  9.01279264e-02
  4.38297003e-01
 -4.35588259e-01
 -1.40433335e-01
 -1.09699524e+00
  1.54791542e+00
  4.84976468e-01
  8.82059228e-03
  4.69344553e-01
 -4.66684204e-01
  3.23808259e-01
 -3.64335311e-01
 -1.26855463e-01
  5.40955003e-01
  5.07041325e-01
  1.86344983e+00
  2.33298061e+00
 -1.04782342e+00
 -8.88476426e-01
 -9.88875854e-01
  8.72870414e-01
  1.17803666e+00
  1.47587757e+00
 -9.32685799e-02
  1.97988110e-01
 -9.23166983e-01
  1.05326710e+00
 -1.37422101e+00
  2.24919859e+00
  1.24380461e+00
  3.51435463e-01
 -1.49746741e+00
 -2.04838918e+00
 -7.29043972e-01
 -7.83924993e-01
  2.51571472e-01
  1.31368211e+00
  2.64585682e-01
 -4.04293606e-01
 -9.33793153e-02
 -1.22529258e+00
 -4.09189578e-01
 -1.53685902e+00
 -6.80662423e-02
 -4.25395067e-01
  1.88530345e+00
 -3.29773693e-01
  1.89981771e-01
 -9.65751116e-02
  6.21361329e-01
  4.25827192e-01
  8.72027416e-01
  7.48132387e-01
 -2.43832238e-03
 -2.20201146e-01
 -1.40216531e-01
 -9.62778395e-02
 -2.99497764e-01
  1.94986540e-01
  8.28591193e-01
 -9.37629988e-01
  2.04397449e+00
 -3.01246123e-01
  1.28768031e-01
  1.51600904e+00
  8.17372104e-01
  2.65790556e-01
  1.87324446e-01
 -2.47370315e-01
 -1.54939293e+00
 -2.14817148e+00
  9.74780949e-01
 -3.93864413e-01
 -1.01675737e+00
 -1.58282130e-01
  1.96020469e-01
 -7.18189588e-01
 -3.35128892e-01
  8.90750947e-02
 -8.02681900e-01
 -1.57930782e+00
 -1.07028751e+00
 -3.07929186e-01
 -5.77999927e-01
  5.79079028e-01
  4.69748904e-01
 -1.20961596e+00
  2.07203805e+00
 -1.55009041e+00
 -1.72648679e+00
  9.62480670e-01
 -8.39879383e-01
  2.06406694e+00
 -1.14413292e-01
  9.83289691e-01
  6.24213664e-01
 -4.89271670e-02
 -8.36258661e-01
  2.02074391e-01
  2.12796275e-01
  3.52487819e-01
 -8.49722679e-01
 -5.92450054e-01
 -1.72761881e+00
  1.01020135e+00
 -1.28603902e+00
  1.33994650e+00
 -2.09023764e+00
 -5.57375885e-01
  1.43470807e+00
  2.71563224e-01
  2.02986408e+00
 -5.40967031e-01
 -3.10699310e-01
 -1.74756089e+00
  6.33586200e-01
 -1.55060685e+00
  1.90195806e+00
 -8.71072415e-01
  8.88751715e-01
 -2.12287065e+00
  7.02434850e-01
  1.24441730e-01
  1.38107155e-01
 -1.01482036e+00
 -8.08521405e-01
  2.21685316e-01
  1.47566898e-01
 -1.46359451e+00
 -2.12194537e-01
 -6.70989667e-01
 -9.15835453e-01
  1.29589090e+00
  1.94357495e+00
 -9.32023812e-01
 -3.17634062e+00
 -3.36788476e-01
  4.90075127e-01
 -8.71459536e-01
 -6.38581067e-01
  1.30102321e+00
 -1.45270466e+00
 -1.24134693e-01
  7.40850885e-02
  2.21163174e-01
  7.42297997e-02
  4.49891254e-02
  1.14828054e+00
  4.87411865e-01
 -7.08213169e-01
 -4.47523197e-01
  1.47644498e+00
 -5.49723794e-01
 -5.67254898e-01
 -1.06202013e+00
 -7.30125975e-01
 -2.15190303e-01
 -1.09607288e+00
 -7.90001039e-01
 -9.53373375e-01
 -1.95139046e+00
 -2.04344229e-01
  5.96575814e-01
 -4.20010284e-01
  1.87528717e-01
 -3.37765141e-02
  2.44280713e-01
 -8.60428761e-02
 -4.00226653e-02
  8.28487729e-01
 -9.35473113e-01
 -1.03842323e+00
 -1.36733644e+00
  3.24683083e-01
 -4.43714218e-01
 -8.31183385e-02
 -2.37060862e-01
 -7.59983909e-01
 -4.84615582e-01
 -9.82464258e-02
 -1.22427627e+00
  4.50741251e-01
 -2.54099169e-02
 -1.64100158e-01
 -1.00456909e+00
  5.43964605e-01
 -9.56101176e-01
  2.32255064e-01
 -6.16167261e-01
  5.17972567e-02
  5.11238424e-02
 -8.57395219e-02
 -3.42731454e-01
 -1.99140925e-02
 -1.08698532e+00
 -3.77512768e-01
  8.84426727e-02
 -1.03510306e-01
  1.09664094e+00
 -9.83572139e-01
 -1.03805172e+00
  1.39835051e+00
  1.92418593e+00
 -5.40713120e-01
  7.36943341e-01
 -2.86727435e+00
  1.33347550e+00
  2.51209068e-01
  1.33750972e+00
  1.60940279e-01
  5.41786363e-01
 -4.16174544e-01
 -4.82285898e-02
  1.91094785e-01
 -7.84694174e-01
  8.31606865e-01
  2.68345266e-01
  5.03651572e-01
  1.55499715e+00
 -6.00648011e-01
  1.42301755e+00
  1.55252974e+00
 -8.84402223e-01
  6.37667847e-02
 -2.70128495e-02
  1.35498076e-02
 -1.37830146e+00
  7.41169822e-01
 -5.33247146e-01
  1.13837245e+00
 -3.43790883e-01
 -3.20387201e-01
  3.12270828e-01
  1.10247176e+00
 -7.09972436e-01
 -5.13502742e-01
  4.43306775e-02
  5.46662957e-02
  5.16314390e-01
 -9.34355702e-01
  7.41049690e-01
  6.82040384e-01
  2.99330450e-02
  7.72122602e-01
 -1.98561327e-01
  9.81356835e-01
 -2.89497303e-01
  2.09482497e+00
  7.02958346e-01
  9.92080937e-01
  6.34435438e-01
 -4.87208732e-01
 -6.95771635e-02
  8.38503665e-02
 -1.73979576e+00
 -2.85022859e-02
 -1.29656522e+00
  1.18224757e+00
  5.63545282e-01
 -5.15297105e-01
 -8.39139309e-01
  8.94690550e-01
  4.31190696e-01
  1.51093843e+00
 -2.02665522e-01
 -8.81265005e-03
 -4.36995837e-01
 -7.54534358e-01
  8.74799087e-01
 -2.39362746e+00
  1.34885266e+00
 -3.85596385e-01
 -7.95147680e-01
 -1.52059732e+00
 -2.10499616e-01
 -2.57134685e+00
  7.36545048e-01
 -1.99603925e-01
  9.61697886e-01
 -1.99850484e+00
 -1.42301470e+00
  1.41630469e+00
 -1.40825750e+00
  1.17086321e+00
  8.14784758e-03
  1.61070791e+00
 -2.46957484e-01
 -1.36944214e+00
 -5.02175123e-01
 -3.16036233e-01
 -1.17765858e+00
  1.13242152e+00
  3.51331183e-01
  5.04065051e-01
 -9.01811229e-01
 -1.05956371e+00
  6.16065303e-01
 -8.36248112e-01
 -7.12591861e-01
 -1.14625653e+00
 -5.62552988e-01
 -6.05339027e-01
 -9.38815941e-01
  4.76557758e-01
 -1.22449745e+00
 -1.09895037e+00
 -3.31260401e-01
 -8.79546186e-01
 -7.40382386e-01
 -8.91288741e-01
 -5.99380807e-01
  5.52395514e-01
  6.55785677e-01
 -4.58593924e-01
 -1.56779695e+00
 -2.05612510e-01
  1.18690835e-01
 -1.24799687e-01
 -4.97809325e-01
  6.20327101e-01
  3.15461064e-01
  2.94350652e-01
 -3.49419057e-01
  1.10338684e+00
  1.10869422e-02
 -6.22157442e-02
 -3.69757202e-01
  5.15137451e-01
  1.18229768e+00
  5.66153151e-01
  2.79315275e-01
  4.61556219e-01
 -6.45509130e-01
 -1.78303587e+00
 -1.93972581e-01
 -1.70366162e+00
 -5.40661033e-01
  1.24600418e+00
 -1.98788997e-01
 -2.25066333e-01
  6.82077044e-02
  2.44524604e-01
 -6.48156985e-01
  9.27530804e-01
 -5.44695586e-01
  9.55901464e-01
 -1.92163419e-01
  5.12257497e-01
  4.73283364e-01
 -1.05398655e-02
  3.18880915e-01
  2.06554891e+00
 -4.82237397e-01
  2.09659265e-01
 -1.99444945e+00
  5.43489495e-01
 -5.01127151e-01
  5.62160924e-01
 -6.55945620e-01
 -1.60955130e+00
  2.20123180e-01
 -1.67103629e+00
  2.69618034e-01
 -9.08654996e-01
 -5.82109368e-01
  1.76900009e-01
 -6.56052951e-01
 -1.43232571e+00
 -1.01713403e+00
  1.11489439e+00
  1.89086953e+00
  1.77972222e+00
 -1.05392198e+00
 -1.05475478e+00
  2.79486549e+00
  6.34920576e-01
  6.39863527e-01
  7.56405696e-01
 -1.33490056e+00
 -1.10081798e+00
  1.92015956e+00
 -5.89604796e-01
  5.03562456e-02
  2.18076316e-01
 -1.71673244e+00
 -9.40188450e-01
 -6.34676094e-01
  1.05719702e-01
 -4.15425902e-01
  8.61776312e-01
  1.99866718e+00
 -8.42993322e-01
  1.80049864e-02
 -2.92882430e-01
  3.64197941e-02
  8.58972873e-01
  3.83974784e-01
 -1.86699099e-01
 -3.00149604e-02
  9.07535309e-01
  5.04485500e-01
  1.46700798e-02
 -2.31360270e+00
 -4.49086776e-02
  4.52488971e-01
  1.21973881e-01
  4.39184105e-01
  7.66336735e-01
  1.59143020e+00
 -1.50571689e+00
  1.14646039e-01
  1.34127903e+00
  2.16366179e-01
  6.19405288e-02
 -3.46709098e-01
  1.65324305e+00
 -3.21282014e-01
 -1.07061234e+00
  2.48528051e-02
 -1.06695913e+00
  3.50452745e-01
  2.93371513e-01
  1.61857505e-01
 -6.84186597e-01
  1.34429772e+00
 -6.19016776e-01
  1.52392011e+00
 -5.90052814e-01
  9.26655259e-01
 -1.56930807e-01
  7.51669185e-03
 -1.18432706e+00
  8.85271756e-01
 -9.86945969e-01
 -1.40414206e+00
 -1.47787035e+00
 -2.54203899e-01
  1.15438146e+00
  4.27154261e-01
  9.15276771e-01
  5.63649333e-01
  2.79902929e-01
 -1.61644313e+00
 -2.15059179e+00
 -2.08075372e-01
 -5.87365907e-01
 -1.58541616e+00
  5.49603437e-01
  3.48713339e-01
  2.49664914e+00
  6.18644311e-01
  9.05095983e-01
  3.96969124e-01
  2.53908658e-01
  1.61567487e+00
  5.45691566e-01
 -1.94215519e-01
 -2.07790335e-01
 -1.04779726e+00
 -1.21148381e+00
  8.98995251e-01
 -3.40768254e-01
 -3.46547449e-01
  4.14729743e-01
  1.49613938e+00
 -4.92678735e-01
  4.58194413e-01
 -1.12144381e+00
  1.25912479e+00
 -5.12944459e-01
  1.30527452e-01
  4.77338716e-01
 -2.26900305e+00
  6.11570222e-02
 -5.12309388e-01
 -1.00719104e+00
 -2.08417729e-01
  1.37064488e+00
 -1.25526777e+00
 -4.01215898e-01
  1.92146911e+00
  1.16466267e+00
  5.45955179e-01
 -1.21005345e-01
 -8.34494094e-02
 -3.57269675e-01
  6.35005186e-02
  1.37358622e-01
  3.78682036e-01
 -1.55193209e+00
  2.55232002e-01
  1.41868975e+00
 -7.89961058e-01
  1.04617186e+00
  4.66254962e-01
  2.48142959e+00
  1.60497046e+00
 -2.23185507e-01
  1.38613390e+00
 -3.72173673e-01
  2.78037827e-01
  1.03129966e+00
 -1.44755866e+00
  1.65682207e+00
  2.11099090e+00
  5.03495667e-01
  2.35416854e-01
  1.42771384e+00
 -8.32597783e-01
  6.57338454e-01
  1.34534700e-01
 -9.39072160e-01
 -8.83642722e-01
 -3.28611337e-02
  1.79964040e+00
  6.41327412e-01
  3.67926219e-01
 -9.39591293e-02
  7.27464859e-01
 -9.38982191e-01
 -9.62934188e-02
 -5.28503989e-01
 -1.23927866e+00
 -3.52833083e-01
 -1.35970365e+00
  7.61512355e-01
 -1.55400507e+00
  9.10659897e-01
  2.55617670e-01
  7.82719369e-01
  8.50367179e-01
  5.58350570e-01
  2.27767456e-01
  4.05173810e-02
  7.16190217e-01
  4.27983908e-01
  1.51510253e-01
 -6.43132032e-01
  8.26302259e-01
 -2.88690501e-01
 -8.02966979e-02
  2.20976697e-01
 -1.54366346e+00
  5.52108817e-01
  6.89496999e-01
  1.11789337e-01
  3.06226340e+00
  9.94248041e-01
 -8.34891202e-01
 -7.49230652e-02
 -2.58511001e+00
 -1.40926501e-01
 -4.95209180e-01
  1.20005526e+00
 -1.56650175e+00
  3.89232560e-02
 -4.20115663e-01
  8.91885173e-01
 -1.27682689e+00
  6.39815344e-02
  5.82522103e-01
 -3.59962088e-01
  4.68866664e-01
 -1.06494608e+00
 -1.35306504e+00
 -1.85895655e+00
  2.67616026e-01
  1.14813435e-01
 -1.45133284e+00
 -1.45108614e+00
  1.95935392e+00
 -1.86584580e-01
 -5.80449289e-01
  1.13565295e+00
  4.73206601e-01
  1.03618520e+00
 -1.90241897e-01
 -1.70992390e-01
 -1.61028319e+00
 -7.18067033e-01
 -1.67706863e+00
 -1.63012637e-01
  1.22446203e-01
 -9.28575141e-01
 -8.34469271e-01
 -2.61980546e+00
 -7.52979576e-01
 -6.37625361e-01
 -4.61716861e-01
  1.47128998e+00
 -1.01219521e+00
  1.32174538e+00
  1.22440568e+00
 -1.38639648e+00
 -2.62037990e-01
 -9.22849411e-02
 -8.89592373e-01
 -1.87140887e+00
  1.42136780e+00
  8.43144604e-01
  1.19639014e+00
 -1.00602510e+00
  1.89838416e-01
  1.64905140e+00
  5.91026808e-01
  1.28169694e+00
  3.19750200e-01
  5.27866847e-01
  4.95292228e-01
 -1.10686996e+00
  2.01725196e-01
  1.15999463e+00
 -8.80110793e-01
  1.30434862e+00
 -4.82013663e-01
  1.20486521e-01
 -1.07867495e+00
 -1.50449680e+00
 -1.43763172e+00
  6.55648783e-01
 -1.47309795e+00
  7.67835522e-01
  1.58893383e+00
 -6.37711017e-01
 -5.45855373e-01
  6.50723006e-02
 -2.02478655e+00
 -1.57634368e-01
 -4.76774558e-01
  1.31230718e+00
 -1.27106721e-01
 -2.09731260e+00
 -1.55038841e-01
 -1.13774805e+00
 -1.31333622e-01
  2.43099343e-01
  1.20715238e+00
  6.00864025e-01
  1.88644380e+00
  7.18871862e-02
 -1.32153842e+00
  9.51271398e-01
  1.81233776e-01
  8.26280389e-01
 -8.20834957e-01
 -1.42712240e+00
  1.62707456e-01
  4.64230118e-01
  1.74548469e+00
  3.56135080e-01
  4.38361627e-01
  6.54072198e-01
 -7.09106831e-01
 -7.84707480e-02
  6.61164449e-01
 -6.80794876e-01
  1.40956528e+00
 -4.20017175e-02
  9.89111015e-01
 -5.30590722e-01
 -2.94945769e-01
 -1.43353160e-01
  1.72669325e+00
 -6.66836988e-01
  1.43776415e+00
 -1.87887797e+00
  2.53015822e+00
  1.37983087e+00
  1.16704846e+00
 -1.88701129e+00
  8.75078141e-01
  1.21269149e+00
  3.70114624e-01
  1.60278660e+00
 -4.11086723e-01
  1.40649943e+00
  3.40702625e-01
 -1.08146654e+00
  1.92893221e-01
 -8.98277777e-01
  1.21759686e+00
 -9.95295552e-01
 -1.18461628e+00
 -4.49128194e-01
  3.48630798e-01
 -1.05975917e+00
  1.11950090e-01
  2.70656197e-01
 -5.65876898e-01
  1.11892372e+00
 -1.37947063e-01
 -9.37466338e-01
  7.50697106e-01
 -1.01874461e+00
 -7.41419359e-01
  8.27779521e-01
  4.71324411e-01
 -1.08411147e+00
  1.15682481e+00
  2.72997801e-01
  1.44512782e+00
  4.11693672e-01
  6.23754785e-01
 -9.48919834e-01
 -6.89957829e-01
  1.75590852e+00
  1.49043095e-01
 -5.04429871e-01
 -1.39301099e-01
 -3.60670510e-01
 -2.14931768e+00
  2.73480269e-02
 -5.72510006e-01
 -1.62695294e-01
 -5.59515753e-01
 -1.20112777e+00
  9.71400059e-01
 -1.15866460e+00
 -8.42748990e-01
 -8.97355220e-01
 -2.13747551e+00
  8.12481508e-01
 -2.78247550e-03
 -3.92552004e-01
  9.40243103e-01
 -9.74931431e-02
  1.55200460e+00
  3.12637045e-01
 -1.42903993e-01
  1.48562998e+00
 -5.19158540e-01
 -1.24690307e+00
 -1.70385238e+00
 -2.46401601e+00
  3.92928009e-02
  6.76895344e-01
  5.43485354e-01
 -4.17352430e-02
  4.32361563e-01
