   6.39736378e-01
  -1.84019911e-01
   4.99171195e-01
   7.53861186e-01
   5.06892575e-01
   1.54606664e+00
   1.01421424e+00
   5.60413564e-01
  -4.63505505e-01
  -9.03266975e-01
  -6.26328066e-01
  -7.73904975e-01
  -1.59629412e+00
   1.03998139e+00
  -2.90547725e-01
   6.57564941e-01
  -2.03697373e-01
  -2.37465299e-01
  -8.51356476e-01
   2.09433666e+00
   6.53974699e-01
   1.08057854e+00
   3.88403292e-01
  -4.05781248e-01
  -6.49329347e-01
  -3.92402397e-01
   1.50026225e+00
   2.81339786e-02
  -2.88325020e+00
  -2.26948105e+00
   1.59020998e+00
   1.20344074e+00
  -1.00865235e+00
  -1.14312655e+00
   8.01569941e-01
   7.46573460e-01
  -1.16820811e-01
   1.69158847e+00
  -1.56233338e+00
   1.80614887e+00
  -1.36086111e+00
   4.23994222e-01
   6.10149079e-01
  -1.76283952e+00
   1.58774535e+00
   5.18109052e-01
  -1.24528471e+00
  -5.25893893e-01
  -1.37770987e+00
   2.35704297e+00
   4.63081749e-01
   7.41138764e-01
   3.55041146e-01
  -3.06234960e-01
   9.08392326e-01
   1.91063282e+00
  -3.89969741e-01
  -2.48868993e-01
  -6.22651696e-01
  -8.01219410e-02
  -1.34175037e-01
  -5.71997958e-01
  -1.26622012e+00
  -1.03004664e+00
  -9.66098251e-01
   7.87686076e-01
   7.79703203e-01
   1.47875680e+00
  -1.76006398e-01
  -6.92922570e-01
  -5.16828315e-01
  -2.16318288e+00
   1.92170884e-01
  -5.63062214e-01
   1.03506635e+00
   9.51116748e-02
  -1.19521578e+00
  -1.27764743e+00
   1.05790942e+00
  -3.56474508e-02
   2.07124817e-01
   1.83940570e-01
  -8.74393833e-02
   5.73338562e-01
  -9.58406806e-01
   5.21972970e-01
   6.27252522e-01
   1.14975830e+00
   4.42650867e-01
   6.83567880e-01
   1.20447517e+00
  -1.02926363e+00
  -9.69086538e-02
   5.87277042e-01
  -1.46912277e+00
   4.64363595e-01
  -3.69306215e-01
  -2.33012370e-01
  -4.48913017e-01
  -1.05809408e+00
  -8.19374549e-02
  -2.45891011e-01
   6.04363598e-01
  -1.50068435e+00
  -6.39336394e-04
  -1.73641527e-01
   1.44412124e+00
  -4.21800469e-01
   2.55809311e-01
  -1.20977715e-02
  -5.89356346e-01
   1.13646416e-01
   1.19235582e+00
  -4.60564756e-01
  -2.02254744e+00
   4.66197991e-01
  -1.25155237e+00
   6.24677452e-01
   5.59192868e-02
  -1.25268122e+00
  -4.50041287e-01
   2.70377990e+00
   1.85053042e+00
  -1.09187015e+00
   3.69868148e-01
   6.27804741e-01
  -4.47610451e-01
  -4.94543404e-01
  -9.44946719e-01
  -6.69616368e-01
  -2.02501821e-01
  -2.41536637e-01
   9.18791306e-02
   3.87497888e-01
  -4.72468498e-01
   2.76076712e-01
  -1.52248017e-01
   6.52681373e-01
  -1.05771226e-01
   1.27684448e+00
   3.89021454e-01
  -3.99104796e-01
   1.08666085e-01
   1.40439775e-01
  -4.19090226e-01
  -1.41050181e+00
  -5.69311299e-01
   1.93360824e-01
   5.51048100e-01
   1.96016830e-01
   2.31613254e+00
   9.72827869e-01
   4.54111020e-01
   6.00939815e-01
   9.15396485e-01
   1.27239155e+00
  -1.73622036e+00
  -2.00795272e-01
   1.26207717e+00
   7.48040743e-01
  -1.25093589e-02
   1.96486518e-01
   2.27330311e+00
  -1.40138115e-01
  -8.55558956e-03
  -3.84601516e-01
  -1.09316261e+00
  -1.21331975e+00
   3.74958005e-01
   8.98645346e-01
  -1.20964483e-01
  -1.10871695e+00
   1.60397459e+00
  -1.23434860e-01
  -4.93400213e-03
  -1.58286926e+00
   7.81302612e-01
   5.23523738e-01
  -5.89400514e-01
   6.74902318e-01
   1.30510964e-01
   1.59384061e+00
   2.65325154e+00
  -2.00370088e+00
  -1.77011249e+00
   5.81606615e-01
   1.54139739e+00
   7.51720427e-01
   4.79063666e-01
  -1.45457203e+00
  -1.15578313e+00
   1.66208549e+00
   1.82460186e-01
  -9.04235870e-02
  -3.60391696e-01
  -1.14851797e+00
  -1.24993121e-01
   9.54434826e-01
   3.65402849e-01
   8.70250092e-01
  -3.25358288e-01
  -1.31114259e+00
   6.10254752e-01
   5.47272339e-01
   1.15229010e-01
   1.61187275e-01
   9.66031443e-01
   1.68701794e+00
   1.79595577e-01
   2.37237131e-01
  -1.97912698e-01
   9.53177200e-01
   3.71064661e-01
   1.72671603e+00
   3.07056513e-01
  -4.07368819e-01
  -1.82138692e-01
   9.29320342e-01
   9.45676285e-01
   7.24612723e-01
  -7.78971233e-01
   4.55764525e-01
   6.27037794e-01
  -5.04370336e-01
   1.06962122e+00
   2.53277496e-01
  -1.81439864e+00
  -2.62190302e-02
   1.79634655e-01
   9.99922538e-01
   5.09740996e-01
  -1.49715246e-01
  -1.02591494e+00
  -3.20992745e-01
   1.03255423e+00
  -2.58466682e+00
   4.54618468e-01
  -8.58404872e-01
  -7.60522711e-01
   5.66318098e-01
   1.01102056e-01
  -9.04722444e-01
  -1.62911582e+00
  -1.96024434e-01
   1.13971175e+00
  -9.93691346e-01
  -7.90594924e-01
   4.17692161e-01
   2.20969257e-01
  -1.11454513e+00
   8.36520968e-01
  -6.35392891e-01
  -9.87242519e-01
  -1.57195727e+00
  -3.77456254e-01
   1.31575268e+00
  -7.58394010e-01
   5.54829493e-01
  -8.72290285e-01
   4.71871412e-01
   4.46279251e-01
   1.78473876e-01
   1.18367711e+00
  -1.07662132e+00
   4.95096049e-01
  -5.09801992e-01
  -1.25928854e+00
   2.16338247e+00
  -2.01373565e+00
  -1.10280391e+00
  -5.55920555e-01
   2.00563384e+00
  -1.30696428e+00
  -1.73671539e-01
   1.68396565e+00
  -7.92542417e-01
  -3.44572213e-01
  -1.82650815e+00
  -1.71957239e+00
   2.32563906e-01
  -6.02103458e-01
  -1.12712767e+00
   1.77358819e+00
   1.26208675e+00
   7.82386539e-01
   4.07307990e-01
   3.28909688e-01
  -2.83067607e-01
  -7.21921538e-01
   3.13100210e-01
  -1.32277239e+00
  -2.98828387e-01
   4.73080029e-01
   1.28841623e+00
   6.75566905e-01
  -6.39388123e-01
  -7.06626584e-01
  -7.25889584e-01
  -8.95907658e-01
  -3.97723734e-01
   1.16957848e+00
  -4.17943981e-01
  -6.85557736e-01
  -1.18621544e+00
  -1.84799039e-02
   2.13196219e+00
   1.13057518e+00
  -1.61906570e+00
  -8.89451271e-01
  -1.80304980e+00
  -6.03574558e-01
   2.62613599e-01
  -1.06468935e+00
   1.13203256e+00
  -4.37456019e-01
  -1.73888610e+00
  -1.34191339e+00
  -6.07350239e-01
   3.02162269e+00
  -8.09703783e-01
  -6.40997392e-01
   2.54357089e-01
  -6.94028994e-01
  -1.78164218e+00
  -1.07935274e+00
   1.10785178e-01
   1.67970238e+00
   2.06617669e+00
   7.71920727e-01
  -1.56734094e+00
   7.28906207e-01
   9.70527748e-01
  -1.21922065e+00
   1.46295448e+00
  -1.35775833e+00
  -9.42067775e-02
  -1.27375953e+00
   1.78858744e+00
  -6.85636987e-01
   8.56829986e-01
   1.36418912e+00
   5.91002450e-01
   3.90802591e-01
  -1.17674326e+00
   4.39127717e-01
  -3.31586820e-01
   2.71516957e-01
   1.98351331e+00
   7.60809867e-01
   7.12604176e-02
  -1.46134177e+00
   7.52469045e-01
   1.60064358e+00
   1.29535774e+00
   1.43019817e+00
  -1.80417819e+00
   6.97137434e-01
   2.98765886e-01
  -1.96641443e-02
   1.10568761e+00
  -7.88261295e-01
  -1.05345751e+00
   3.64063923e-01
  -6.84960794e-01
   9.41375566e-01
   1.25950411e-02
  -9.70565354e-01
  -1.13274114e+00
   1.47683822e+00
  -8.11202100e-03
   1.17396083e+00
   1.85491587e-01
   1.83112607e+00
   1.65421050e+00
  -1.15450507e-01
  -8.91783048e-01
  -9.38566554e-01
   1.45974921e+00
   3.35506758e-01
  -4.02247726e-01
   6.47559978e-01
  -9.20491253e-01
  -1.08563470e+00
  -4.60758650e-01
  -3.91065588e-01
   2.21043701e-01
  -5.73958094e-01
   4.86255052e-01
  -9.21317677e-01
  -1.51134743e-01
  -6.80487978e-01
  -1.30853848e+00
  -2.13616127e-01
   5.06480586e-01
  -1.72364871e+00
  -1.45037671e+00
   3.52976435e+00
   7.85134230e-01
   1.22678538e-01
   1.14540622e+00
  -1.72963869e+00
   1.37419381e+00
  -1.45060299e-01
  -3.76579354e-01
  -1.46674940e+00
   4.87351565e-01
  -1.74974978e-01
  -1.16124179e+00
   1.70731358e+00
   9.70883383e-02
   1.91654078e-01
   1.03384058e+00
   1.20071294e+00
  -1.82429812e+00
   1.20939009e+00
  -5.39333364e-01
   1.85359126e+00
  -4.58853705e-01
   1.26695967e+00
  -7.65696653e-02
   9.11337311e-01
   9.85597029e-02
   7.96055259e-02
  -1.14308000e+00
  -3.64214410e-01
   1.91833745e+00
  -6.06984794e-01
  -8.07608927e-01
  -3.27019588e-01
   1.03203253e+00
  -3.53980867e-01
  -1.00312825e-01
   9.00718296e-01
   6.40984379e-02
  -1.91161282e-02
   3.20524569e-01
  -7.90570254e-01
   1.76575212e+00
  -6.85116871e-01
  -1.14446310e+00
  -4.78193152e-01
   2.82307220e-01
  -2.52506986e-01
   1.49387299e-02
  -1.03910105e+00
   1.84380798e-01
  -1.62690489e+00
  -7.42190055e-01
  -2.12367650e+00
  -2.69347673e-01
  -1.96396730e-01
  -1.46046192e+00
  -4.60153081e-01
  -1.36576294e+00
   1.00698924e+00
   1.14968064e+00
  -5.77741201e-01
  -1.12161703e+00
   2.01090844e+00
  -1.59796033e+00
  -1.04739777e+00
   1.34714226e-02
   1.32604596e+00
   1.14401726e+00
   8.93045240e-01
   1.99174221e+00
   6.09876708e-01
  -5.14915816e-01
   3.83790278e-01
  -1.62543926e-02
  -8.31929534e-01
   3.28476020e-01
  -2.45703178e-01
   1.12465077e+00
   1.30587905e+00
  -6.21691082e-02
   1.58971443e-02
   4.89079640e-01
   1.08698326e+00
   4.94859478e-01
  -3.92796676e-01
  -4.69180796e-01
   2.09067713e-01
   1.37294508e-01
  -1.52892201e+00
   7.84017034e-01
   2.26591135e-01
  -1.28686355e+00
  -7.57588780e-01
   3.94105310e-01
   4.66696444e-01
  -3.94270313e-01
  -1.06527264e+00
   1.02192083e+00
  -4.41026254e-01
  -4.99131040e-01
   8.99247170e-01
   1.64551346e+00
   2.23533440e-01
   4.83017047e-02
  -4.58826770e-01
   4.93458532e-01
  -1.97575432e+00
  -1.98587018e-01
  -1.25012339e+00
   2.26470905e+00
   8.88709524e-01
   3.40080690e-01
   4.32164719e-01
   4.07415687e-01
   5.88790786e-02
  -6.07576243e-01
  -1.06583795e+00
  -5.23734366e-01
   2.47922174e+00
  -1.20394604e+00
  -1.27684706e+00
  -3.98171734e-01
   2.17165258e+00
  -9.38751026e-02
   9.69798803e-01
  -6.44810654e-01
  -1.03187044e+00
  -4.81701065e-01
  -1.10563331e+00
  -1.71370276e-01
   4.94931810e-01
  -3.78104544e-01
   8.60670075e-01
  -3.87399996e-01
   2.30496386e-01
   2.00934980e+00
   3.44911363e-01
   3.15126289e-01
   2.05501570e+00
  -2.19226131e-01
  -2.20602471e+00
   4.41829225e-01
  -1.50734206e-01
   1.43879297e+00
  -4.51515223e-02
  -1.92416451e+00
  -1.34299066e+00
   7.57340393e-01
  -1.25887282e+00
   1.21393154e+00
  -6.04494313e-01
  -6.42185604e-01
   1.96855137e+00
  -1.92494083e-01
  -1.70056973e+00
   2.34784217e-01
  -1.18655627e+00
  -1.87116028e-01
  -7.85647614e-01
  -1.14465354e+00
   8.78393460e-01
  -1.22512347e+00
  -9.27754043e-01
   4.14057306e-02
   4.41631687e-01
   7.27284236e-02
  -3.64056712e-01
  -7.23293891e-01
   1.37266035e-01
  -2.01685863e-01
   9.94349333e-01
  -5.34071727e-01
   1.92244199e+00
  -3.08099670e-02
   6.53536894e-01
  -1.62197687e+00
  -5.70918103e-01
   6.76862586e-02
   5.39754148e-01
   1.06158931e+00
   1.02741815e+00
  -7.19146989e-01
   1.10362753e-01
  -1.64756990e+00
  -1.53056385e+00
  -1.78605051e-01
   6.15177102e-01
  -1.48040131e+00
   2.12164486e+00
   4.17856014e-01
   3.93338649e-01
  -5.47547553e-01
   7.24430742e-01
  -1.72266943e+00
   3.18645122e-01
   2.32740269e-01
  -6.66878471e-01
  -4.85776691e-01
   9.97142762e-01
  -1.37049599e+00
  -9.56580899e-01
   1.00515613e-01
   1.21629449e+00
   2.84034122e+00
  -5.05350743e-01
  -2.35008072e-01
   7.42160153e-01
  -1.12468782e+00
  -1.83039526e-01
  -7.89006724e-01
   1.76881269e+00
  -9.34848459e-01
  -7.30182480e-01
  -1.99881466e-02
   1.18829958e+00
  -1.55811041e-01
   1.33344966e-01
  -1.88477041e+00
   1.30692882e+00
  -7.43059945e-01
  -1.07138987e+00
   1.98396587e-01
   1.91582843e+00
  -2.96682550e-01
  -2.77327145e-01
  -4.74523335e-01
  -1.52711115e+00
  -3.56653576e-01
  -4.56191495e-01
  -1.38669145e+00
   9.35031817e-01
  -1.81071259e+00
  -1.06363426e+00
   1.33029274e-02
  -2.52166735e-01
   2.86082834e+00
   1.24505399e+00
  -6.59534401e-01
  -4.44450323e-01
  -1.78940592e-01
  -6.08752295e-01
   1.85437206e+00
  -1.90421480e+00
   1.03651287e+00
   1.31735401e-01
   8.01289283e-01
  -4.89819121e-01
   9.65589559e-01
   6.98289467e-01
   1.41711325e+00
  -1.80070548e-01
   6.81064981e-01
   3.39984053e-01
   1.04974044e+00
  -8.53317584e-01
   4.95200956e-01
   2.18501568e-01
  -9.78029767e-01
  -4.16523035e-01
  -7.24221905e-01
   7.76698052e-01
  -4.05141650e-01
   4.19394461e-01
   8.35913500e-01
   1.79366485e+00
   2.53261570e-01
   4.18139380e-01
  -2.13602877e+00
  -5.12936140e-01
  -1.08202031e+00
  -1.38357354e-01
   1.06629511e-02
  -4.25454858e-01
   9.74741577e-01
  -1.90187050e-01
  -2.30837536e+00
   1.18371149e+00
  -1.10773807e+00
   4.55784188e-01
  -6.49351054e-01
  -1.48196077e+00
  -7.87070673e-01
  -9.76509363e-01
  -1.41152388e+00
   6.66243586e-01
   2.59978084e-01
   7.66660569e-01
   3.08131114e-02
  -3.92423124e-01
   1.50823564e-01
  -1.21484428e+00
   2.30230411e-01
  -1.31930540e+00
  -1.35935529e+00
  -4.22453906e-01
  -6.70535714e-01
  -1.06065990e+00
   1.58912099e-02
  -5.81774287e-01
  -9.65964287e-01
  -7.59510203e-01
  -8.04939855e-01
  -2.16340025e+00
  -9.99292720e-01
   6.16553220e-01
  -1.09543965e+00
   1.28376680e+00
   2.72528929e-02
   2.01444147e-01
  -7.80120690e-01
   1.12496805e+00
   3.22736601e-01
   1.52774335e+00
  -3.82409730e-01
   1.30311822e+00
  -5.35668354e-01
   3.83434088e-01
   1.02558533e+00
   1.38931452e+00
   5.11035401e-01
   1.47383572e-01
  -5.09452168e-01
  -2.31222365e+00
  -1.68235597e-01
  -2.84099706e+00
  -1.29411567e+00
  -6.16658087e-01
  -2.53600416e-01
   4.80691727e-02
   5.14391845e-01
  -1.30815711e-01
   1.45007117e+00
  -3.95489497e-01
  -5.86279292e-02
   1.11380815e+00
  -7.17171609e-01
   1.03760009e+00
  -2.70945849e-01
   3.96404459e-02
   8.12709569e-01
   5.70405350e-01
   7.94128362e-01
   2.14852790e+00
   1.76874212e+00
  -1.48296182e+00
   6.65177316e-01
  -7.15060221e-01
  -1.12052284e+00
  -1.23217154e+00
   1.52823752e+00
   2.75912620e+00
   7.60678890e-01
  -8.55701964e-01
   8.72359410e-02
   1.02857398e+00
  -3.74718121e-01
   1.28088144e+00
   1.22950705e+00
  -1.70266364e+00
  -1.08516921e+00
  -1.06879123e+00
  -2.14844524e+00
  -1.04302499e+00
  -1.32140116e+00
   7.68347752e-01
  -3.51560555e-02
  -1.50415613e+00
   1.58945277e-01
   2.39758621e-01
   2.23991014e+00
  -2.58364537e-01
   4.67358293e-01
  -9.20341316e-02
   8.36835454e-01
   1.09552596e+00
  -1.39372955e-01
  -1.79698149e+00
   1.02355781e+00
   1.12016639e+00
  -4.13442819e-01
  -1.08678849e+00
   3.69399923e-01
  -1.74619928e+00
  -1.02932877e+00
  -1.98984919e+00
   2.94293005e-01
   1.51425800e+00
   4.89788263e-01
   1.43467550e+00
   8.59075377e-01
   7.34120144e-01
  -1.89053321e+00
  -7.79098125e-01
   1.86050490e+00
   9.48806783e-01
  -1.37144253e-01
  -2.68031129e-02
   9.25811077e-02
  -1.63010522e+00
   9.35660426e-01
   1.01741127e+00
   1.98224139e-02
  -2.13845338e+00
   1.10071207e+00
   1.39043684e-01
  -1.29812329e+00
  -6.38623247e-01
   5.93103932e-01
   6.86723336e-02
  -1.77808418e-01
  -4.85233330e-01
  -1.92108792e+00
   4.90219552e-01
   3.53646985e+00
   1.46313533e+00
   1.28570238e+00
   9.39512621e-01
  -2.56729032e-02
  -6.19190620e-01
  -4.66585977e-01
  -2.87008517e-01
  -1.57726040e+00
  -2.38093373e-01
   1.32761568e+00
   5.34896716e-01
   1.30487219e+00
  -2.52173515e+00
  -5.55945316e-01
   1.13724908e+00
   2.79906956e-01
  -1.96331721e+00
  -6.45644878e-01
  -2.09213563e+00
  -1.71301411e+00
  -6.54779045e-01
   2.84137647e-01
   2.77960571e-01
  -1.79157358e+00
  -8.46276373e-01
   1.68150808e+00
  -7.59769684e-01
   6.83008692e-01
  -1.16506623e+00
   1.19172332e+00
  -1.48919458e+00
  -8.42085868e-01
   1.08109242e+00
  -1.87136997e-01
  -1.91051933e+00
   6.23769552e-01
  -1.37114027e+00
   2.19593848e+00
  -1.56300287e+00
   8.30630573e-01
   6.14695790e-01
   1.58418247e+00
   1.40825751e+00
   2.40901845e-01
   2.25753629e-01
  -3.55964528e-01
   2.91845714e-01
  -1.47098749e-01
  -2.42340978e-01
   8.84561506e-01
   9.25501239e-01
  -8.06091313e-01
   4.92185999e-01
   2.56975491e+00
   1.07264442e+00
   7.12172384e-01
   2.27402634e-01
   3.30326462e-01
  -6.98770905e-01
  -6.96869699e-01
   7.71560478e-01
  -6.63817071e-01
  -5.44917351e-01
   1.60084706e+00
   2.61422434e-01
  -6.51975488e-01
  -4.88922930e-01
  -2.09178938e-01
  -1.17341389e+00
  -4.33843817e-01
   6.72660911e-01
   5.70467325e-01
  -1.12738562e+00
   2.69268181e+00
  -1.46116673e+00
   3.76586093e-01
  -8.53964148e-01
  -6.18657216e-01
  -1.15404081e+00
  -1.72210850e-01
  -4.93641175e-02
   1.50088410e+00
   1.76813057e+00
   1.10259093e+00
  -3.39410757e-01
   6.10776659e-02
  -1.12758186e-01
   2.45031713e+00
   1.28323464e+00
   5.92725752e-01
  -8.74833268e-01
   5.25371982e-01
  -1.78822794e-02
   7.37084871e-01
  -2.64988768e-01
  -6.28489349e-01
   3.45617275e-01
  -2.21575158e+00
   1.73440842e+00
  -5.68625527e-01
   4.72928960e-01
  -4.22638782e-01
  -2.02973792e+00
  -2.32180288e-01
   2.17128209e+00
  -1.22497461e-01
  -4.18116614e-01
   1.45197635e-01
  -5.67563511e-01
   6.21983091e-01
   3.44768882e-01
  -3.56895750e-01
  -8.02491231e-01
  -1.51352839e-01
  -9.97114709e-02
   3.47287635e-01
   7.60536435e-01
  -4.97996623e-01
  -1.48175550e+00
  -2.26091246e-01
   5.69788817e-01
   2.20279368e-01
   2.23816040e+00
   1.56346586e+00
  -2.08333471e-01
  -9.42366747e-02
   8.57826346e-01
  -1.44869013e+00
   5.18422287e-01
  -1.96657462e+00
   4.68364076e-01
   3.38972856e-01
   6.93956956e-02
  -1.66155984e-01
   6.61651585e-01
   3.83662438e-01
   6.29702788e-01
  -1.74044228e-01
  -4.23457599e-01
   9.17249687e-01
   2.20896969e+00
   1.77336555e-01
   3.98066671e-01
   2.27168412e+00
   1.19214634e+00
   4.61003403e-02
   1.08579355e-01
   7.56057244e-01
  -5.76994405e-02
  -1.62137422e+00
   2.93041909e-01
  -5.15189399e-01
   2.46151885e-01
   3.42395047e-02
   2.11677094e-01
   5.97666277e-02
   5.70808668e-01
  -1.40310005e+00
   1.31709837e-01
   7.49035649e-01
  -5.40537668e-01
  -1.75371186e+00
  -3.59356741e-01
   1.35066927e+00
   4.38326607e-01
   8.16830618e-01
  -2.08454996e-01
   3.50133863e-01
   1.01924764e-01
   8.92040166e-01
  -5.72553165e-01
  -1.42043112e-01
  -1.84600850e-01
   7.76011530e-01
  -4.00765283e-01
  -2.61884782e-01
  -9.81990423e-01
  -2.94291149e-01
   5.10460045e-01
   5.65260427e-01
  -1.29079913e+00
  -6.70137673e-02
   9.00339312e-01
  -1.24872092e+00
  -5.05408723e-02
  -1.72130968e+00
   8.66645995e-01
   1.32324305e+00
   6.55238984e-01
  -3.42903389e-02
   4.85048986e-01
   1.29748662e+00
   1.27455366e+00
  -8.16696102e-01
  -4.33361869e-01
  -5.71664819e-02
  -1.60260665e+00
  -1.17291412e+00
  -3.93312583e-01
   1.89810458e+00
  -3.48688176e-01
   4.81289637e-02
  -5.21047482e-02
   9.92133886e-01
  -1.12705778e+00
  -2.09947973e-01
   1.03183476e+00
   7.58084032e-02
  -8.64781455e-01
  -1.54599459e+00
   3.98630653e-01
  -9.73940051e-03
   4.77936186e-01
   2.63648902e-01
   3.17685238e-01
   4.67867129e-01
   8.93189725e-01
   1.67894899e+00
  -1.78370922e-01
   1.61068866e+00
  -1.12840876e-01
   1.68034269e+00
  -1.98689239e-01
  -7.49054191e-01
  -1.89927833e+00
   1.52708213e+00
  -8.38776470e-02
   5.10605473e-01
   3.49732991e-01
  -9.51145318e-01
  -8.92882292e-01
  -1.64397061e+00
   5.17371743e-01
   3.01909413e-01
  -1.79140082e+00
  -1.44170822e+00
   4.47823017e-01
   6.89637322e-01
   1.54849557e-01
   3.64406711e-01
   3.42902824e-01
  -9.32872595e-01
   1.83894439e+00
   7.16754852e-01
  -1.05402624e+00
  -3.88716018e-01
   9.12892760e-01
  -1.40219459e-01
  -8.10080634e-01
   2.51216632e-01
   7.60425263e-01
   3.81484714e-01
   9.91159093e-01
   1.58396253e+00
   4.59189715e-01
  -3.15646482e-01
   1.90288534e+00
  -5.91090815e-01
  -6.51911548e-01
   1.42103458e+00
  -8.27857198e-01
   3.65030438e-01
  -1.33503055e-01
   2.17670275e-01
  -1.08488121e+00
   8.02086756e-01
  -1.06936492e+00
   1.27023051e+00
  -2.51429084e-01
   8.43407124e-01
   1.06726211e-01
   6.81291123e-01
   2.86459349e-03
   4.17820838e-01
  -8.33635257e-01
  -8.43161744e-01
   6.97227629e-01
   1.36986169e+00
   8.56315328e-01
   8.91576449e-01
  -1.03074205e+00
   7.28472170e-01
  -1.25765539e-01
  -1.84824531e-01
   1.03760737e+00
  -4.99624272e-02
  -8.19464027e-01
   7.19444540e-01
   6.44132004e-01
   1.00499533e+00
   6.41599985e-02
  -2.14304031e+00
  -1.83270136e+00
   1.06249803e+00
  -4.75487115e-01
   1.88143947e-01
  -2.72768875e-01
  -2.16007144e+00
  -1.08595803e+00
  -2.74670063e-01
  -4.06880569e+00
  -1.45661725e+00
   1.12938897e+00
  -6.74352741e-01
  -6.04386706e-01
  -2.80878337e-01
   1.46243567e+00
  -5.88036398e-01
   6.03153874e-01
  -3.97490980e-02
  -7.09134889e-01
   1.48293579e+00
  -2.52349811e+00
  -1.11234443e+00
   1.60773729e-01
  -1.22148216e+00
  -2.70377997e-01
  -1.14335984e+00
   1.10806412e+00
  -6.37284574e-01
   5.37236256e-01
   1.48091648e+00
  -5.30090466e-01
   5.02721376e-01
  -1.18971104e+00
  -3.80765376e-01
  -3.34164742e-01
   9.95262592e-01
   1.06918551e+00
   8.30667219e-01
  -5.22137750e-01
  -1.58539501e-01
   1.04230925e+00
  -4.95677457e-01
   3.56705867e-01
  -9.08357944e-01
  -5.36077859e-01
  -1.11537308e+00
   4.63539191e-01
  -1.84881089e-02
  -3.99967383e-01
  -9.05500225e-01
  -2.52514358e+00
  -2.77791838e-01
   1.07344782e+00
  -2.39642822e+00
  -1.22712492e+00
   2.28218989e-01
   6.09755215e-01
  -3.57999368e-02
  -6.93436682e-01
  -2.18988967e-01
   8.80261269e-01
   2.72147688e-01
  -8.74611901e-02
  -5.74975456e-01
  -5.89674569e-01
  -1.32448371e-01
  -1.41282874e+00
  -1.01846791e+00
  -1.44323887e+00
  -1.50477810e-01
  -3.54780882e-02
   1.27896264e-01
   1.10611175e+00
   1.03667578e+00
   1.56749840e-01
   9.40412216e-01
  -8.76283552e-01
  -9.28464979e-01
   9.72074327e-01
  -7.56014587e-01
  -7.74653379e-01
  -5.27820147e-01
  -9.25041782e-01
  -5.34545645e-01
   8.20367153e-01
  -2.31645842e-01
  -1.60103826e+00
   1.18060587e+00
  -4.89708594e-01
   5.80123468e-01
  -1.52821524e+00
  -1.08653996e+00
   3.02429636e-01
   4.58130246e-01
   1.02791433e+00
  -1.54351594e+00
   9.65186334e-01
  -4.65763211e-01
   1.12097851e+00
  -4.71047394e-01
  -9.99665567e-01
   6.66619060e-01
   5.68281056e-01
  -7.72309282e-01
  -1.07994756e+00
   4.22422093e-01
   1.74671079e+00
  -1.27238907e+00
   1.22097648e-01
  -1.39204490e+00
   1.32033538e+00
  -9.46662652e-01
   1.41817096e+00
   5.57787539e-01
  -1.26270904e+00
   7.32938523e-01
   2.30760366e-01
   4.91834851e-01
  -1.72588789e+00
   4.24723436e-01
  -4.35746189e-01
   4.64357960e-01
  -1.02351073e+00
  -1.02880358e+00
   6.55425401e-01
   1.18118477e-01
   9.85510545e-01
   4.90500487e-01
   4.12627730e-01
   1.80331030e+00
   1.18771522e+00
  -1.07095909e+00
   8.05020954e-01
   2.09747071e-01
   5.91683553e-02
   6.70592534e-01
   2.92264963e-01
  -5.76254692e-01
   1.38514742e-01
   5.45976500e-01
  -4.29312934e-01
   6.17622928e-01
   2.42033298e-01
  -1.27726031e-01
   2.64011517e-01
   4.25156715e-01
  -5.26731519e-01
   8.32850765e-01
   2.29822149e-01
   2.42187739e-02
  -7.33055901e-01
   1.42253418e-01
   3.43217939e-01
   6.07803067e-01
  -2.30728616e+00
   1.46192090e+00
   1.46331863e+00
   8.27220197e-01
   5.01277451e-02
   3.99765697e-01
  -7.15969696e-01
  -7.67673523e-01
   5.27762393e-01
  -9.37629261e-01
   5.30332828e-01
   1.20101817e+00
  -1.28473810e+00
  -9.27187927e-01
  -6.56747895e-01
   1.18970575e+00
   1.25022238e+00
  -6.61046822e-01
  -2.26379235e+00
   5.81360291e-01
   4.18877179e-01
   5.51278727e-01
   8.34160392e-01
   1.89437794e-02
  -1.33340513e-01
  -4.67107386e-01
   8.89848524e-01
  -9.28138187e-01
  -1.22859398e-01
  -3.10094069e-01
   3.29023775e-01
   6.26168597e-01
  -9.54881807e-02
   9.14816090e-01
  -6.94145397e-01
  -1.24076295e+00
   1.69788953e+00
  -1.58754257e-01
   3.88248344e-01
  -1.09773786e+00
  -1.17420149e+00
  -8.18878717e-02
   1.77860236e+00
   2.43744901e-01
  -5.01069983e-01
  -6.72515495e-01
   7.66179210e-01
   2.25336229e-01
   1.06015467e+00
  -1.96614442e-01
   7.83223868e-01
   1.75053200e-01
   5.72825337e-01
  -3.47435879e-01
  -3.07777700e-01
  -8.08089377e-01
  -4.90521064e-01
  -5.42054161e-02
   8.03347429e-02
   2.06753567e-01
   1.89757662e+00
   1.84798058e+00
  -1.31076437e+00
   1.90221994e-01
  -4.19934603e-01
   1.81422832e+00
  -2.87872168e-01
   5.30801121e-02
   1.43052808e+00
   3.68381203e-01
  -9.93270114e-01
  -7.96174187e-02
  -3.84656246e-01
  -6.13898163e-01
  -1.22297337e+00
   1.47765365e+00
   1.31171483e+00
   4.56999891e-01
   3.87846416e-01
  -5.92014565e-04
  -1.63445218e-01
   2.30814830e+00
   5.74776531e-01
   8.47485080e-01
  -9.75349631e-01
   4.77345476e-02
   1.12506440e+00
   2.12005149e+00
   5.80145096e-01
   3.70933271e-01
  -1.25775000e+00
   9.44586891e-01
  -2.65048501e-01
  -5.55438968e-01
  -6.16020835e-01
   6.14142998e-01
  -8.60742007e-01
  -8.85406872e-01
   1.84748942e-01
   4.26104490e-01
   4.28427911e-01
   5.02764954e-01
   2.34558926e-01
  -1.46567898e-01
  -2.30312497e-01
  -2.31996647e-01
  -2.29881365e+00
   5.64678778e-01
  -1.81853085e-01
   1.89024941e-02
  -1.48083741e+00
   2.21780941e-01
  -5.79512920e-01
   4.47751306e-01
  -5.11940041e-01
  -1.02071749e+00
   2.01599495e-01
  -5.52955640e-01
  -1.06607097e+00
   2.47555021e-01
  -5.73221292e-01
  -5.05681318e-01
   1.02414305e+00
   3.04325817e-01
   4.82647697e-01
  -8.11833731e-01
   4.61318158e-01
   1.81033214e-01
  -6.36603503e-01
   9.00359985e-01
   2.36291128e-01
  -1.03666921e+00
   8.30385814e-01
   7.13556548e-02
   2.21307019e-01
  -6.81773302e-01
   3.68295874e-01
  -1.00953798e+00
  -1.70151442e+00
   5.50140878e-01
  -5.63457765e-02
   5.96279610e-01
  -2.82270077e-01
   6.19018296e-01
   3.31803405e-01
  -3.31433227e-01
   1.11155390e+00
  -6.21749692e-02
  -6.40130893e-01
   1.55529381e+00
  -3.26484960e-01
   5.07063395e-01
   1.62106633e-01
   4.04357537e-01
   4.80450750e-01
   2.05288311e+00
   4.67137496e-01
  -6.00095461e-01
  -6.87274246e-01
   1.90038492e-01
   9.03802202e-01
  -1.30057609e+00
   1.08200429e+00
  -1.79686923e+00
  -9.40725774e-01
  -7.47069633e-02
  -1.77708328e+00
   2.07357085e+00
  -4.65882688e-01
   2.55904037e+00
  -2.92446526e-01
   1.33792226e+00
   1.36028955e+00
  -9.23027677e-01
   2.88472747e-01
   4.31870617e-01
   8.06258956e-01
   3.56235317e-01
  -2.19642446e-01
   8.25955843e-01
  -1.45287172e+00
   6.14873664e-01
  -1.52572289e+00
  -9.27501457e-01
  -7.93546097e-01
   5.05741183e-01
   9.08383558e-01
  -2.17102350e-01
  -4.47006047e-01
  -9.74091776e-01
  -6.68302395e-01
   1.67353032e-01
  -8.73450699e-01
   4.17135493e-01
   8.20087086e-01
  -3.20934232e-01
   8.88405674e-01
   1.19605265e+00
  -1.38423458e-01
   5.25612992e-01
  -9.95029352e-02
  -3.15557602e-01
   2.25997685e+00
   1.23121185e-01
   2.09709203e+00
  -6.73978040e-01
   9.71720072e-01
  -1.66454416e-01
   1.52099440e+00
   1.90598615e+00
  -7.18388310e-01
   3.27565209e-01
  -2.02708378e-01
   1.42721195e+00
   4.21669381e-01
  -5.90883674e-01
  -6.38982034e-01
   1.00880441e+00
   2.12107415e-01
   5.38912404e-01
   3.07714699e-01
  -4.91588034e-01
  -8.49027125e-01
   5.10008488e-01
   2.92696265e+00
  -4.02101119e-02
   1.13888410e+00
  -2.39254681e-01
   2.91986638e-01
  -1.50207441e+00
   6.88302106e-01
  -1.45069732e+00
  -1.77691794e-01
   4.38021176e-02
  -8.22503851e-01
  -7.46741396e-01
   1.22530008e+00
   2.33297105e-01
  -6.81352756e-01
  -2.10918113e+00
  -1.03088373e+00
   1.58804120e+00
  -7.46419876e-01
   8.44033449e-02
   1.32869830e-01
  -1.35969699e+00
  -1.49281803e+00
   8.76303900e-01
   4.89417815e-01
   2.44112386e-01
  -2.69801528e-02
   1.14806200e+00
  -3.57233091e-01
   5.50546424e-01
   1.80302921e+00
  -5.83592731e-01
  -7.27800635e-01
   7.08487062e-01
   1.06007095e+00
   2.94095893e-01
  -1.57964032e+00
   1.12551387e+00
  -1.70527196e+00
   8.72956737e-02
  -2.26075091e+00
  -1.26747130e-01
   5.50986671e-02
   2.39130446e-01
   1.23390328e+00
   1.75598814e-01
   4.56511578e-01
   1.95893700e-01
   8.65362684e-02
  -7.85848995e-01
   3.85788502e-01
  -3.50826477e-01
  -1.80764025e+00
  -8.92637140e-02
  -1.02285418e+00
   3.46457817e-01
  -4.47457833e-01
  -1.64728862e+00
  -1.07471481e+00
  -5.70848064e-01
   3.95869623e-01
   1.15710636e+00
  -3.18382830e-01
   1.47952416e+00
  -5.17930705e-01
   4.60154396e-02
   6.20512840e-01
  -4.61943926e-02
  -1.27890711e-01
  -2.67630772e-01
   9.10075488e-01
   6.45899134e-01
   7.54745099e-01
   5.38803610e-01
  -2.46080221e+00
  -1.35966725e-01
   1.55137439e+00
   2.35637707e-01
   1.44949221e+00
  -3.31241629e-01
  -1.21873279e-01
  -1.93409185e+00
  -9.25267811e-01
  -4.05228834e-01
  -9.47034004e-01
  -2.05179780e-01
  -1.33561906e-01
   1.78704440e+00
  -2.43258128e-01
  -1.60249175e+00
   8.55287480e-01
   1.71531084e+00
   4.42204984e-01
   1.50872152e+00
   1.16862490e+00
   1.69468307e+00
   8.34266096e-01
   9.03358204e-01
   1.16669321e+00
   4.64061824e-01
   1.46126601e-03
  -2.92810145e-01
  -1.28874202e+00
  -1.05363334e+00
   7.03979772e-01
   8.36078484e-01
   7.19861909e-01
  -3.22656869e-01
  -1.08659962e+00
  -6.87370861e-01
  -3.77276102e-01
  -3.59845391e-01
   9.98304506e-01
   8.49725824e-01
  -8.96283197e-01
  -8.51392236e-01
  -7.86710669e-01
   6.48070055e-01
  -1.11998146e+00
   1.89136224e-01
  -1.41180176e+00
   7.19982151e-01
   6.54262277e-01
  -4.21738187e-01
  -1.02132257e+00
  -3.21451622e-01
   1.07442088e+00
  -3.90458742e-01
  -1.84556686e+00
  -8.98420756e-01
   5.66458234e-01
   5.36658349e-02
   1.45734502e+00
   6.61692216e-01
  -1.92856650e-01
  -1.20731233e+00
   1.16363793e+00
  -1.00657069e+00
   7.28832221e-02
  -7.50877064e-02
   1.05829879e-01
  -1.37177151e-01
  -1.39787339e+00
  -1.51209693e+00
   1.24291478e+00
   9.36156603e-01
  -3.22328083e-01
  -3.77397380e-01
   1.04434049e+00
  -5.70647927e-02
   1.70707278e+00
   1.16424106e-02
   7.58977536e-01
  -1.76646253e-01
   5.53115586e-02
   4.37140725e-01
   1.87848104e+00
   1.23152745e-02
   5.20707982e-01
  -1.39923417e+00
   3.60794211e-01
   1.09537455e+00
  -7.23899791e-01
   1.29187669e+00
   1.15697898e-01
   8.58500182e-01
  -9.47575095e-01
  -1.27806217e-01
  -8.42686421e-01
   9.21068222e-01
  -1.38183469e+00
   1.11822266e+00
   3.22191912e-01
   8.66055368e-01
  -2.98906783e-01
   9.50503126e-01
   3.40217178e-01
   7.70538241e-01
   3.56828212e-01
  -1.78696827e+00
   5.54598675e-01
   1.59133612e+00
   1.58510907e+00
   2.45304186e+00
   9.90452032e-01
  -4.24917643e-01
   5.25893589e-02
  -3.09464796e-01
   1.55964845e+00
   1.74903032e-01
   1.44918876e+00
  -8.24094954e-01
  -3.94005219e-01
   2.71796242e-01
   1.85995992e-01
   6.74162938e-01
  -4.34226766e-01
   8.22709852e-01
   1.72282066e+00
   9.04722420e-01
  -1.45821639e+00
  -9.36374174e-01
   3.26254458e-02
  -1.59890790e-01
   4.34918047e-01
  -2.06815175e-02
   1.39028211e-01
  -1.17703741e+00
  -1.31132160e+00
  -4.14695791e-02
  -3.20252280e+00
   1.02257016e+00
   1.07043318e+00
   3.56040971e-01
  -3.15694650e-01
  -1.61151643e+00
  -8.65825088e-01
   1.00415777e+00
   1.06508167e+00
  -3.41930976e-01
  -1.07527218e+00
  -9.15305285e-01
   2.05270557e+00
  -1.06767082e+00
  -3.05035623e-01
  -1.39022062e+00
   2.66904763e-01
  -2.94519780e-02
   5.60840845e-01
  -1.21097879e+00
   1.29973943e+00
   1.30659018e+00
  -8.15080792e-01
   1.12278166e+00
   2.84127810e-01
   1.17660361e+00
  -6.97849964e-01
  -6.13948944e-01
   1.69133090e+00
  -7.73652101e-01
  -1.84457307e-01
  -8.80970305e-01
  -1.04396393e+00
  -9.91763533e-03
   6.30762668e-01
  -2.50713927e+00
  -1.70198720e+00
   1.11871209e+00
   1.64551800e-01
  -1.59387117e+00
   1.25327191e-01
  -1.36050612e+00
   1.62187639e+00
  -4.29301346e-01
  -4.68227977e-01
   1.09229304e+00
   2.06223498e+00
  -1.32846450e+00
  -3.58577821e-01
   2.87684375e-01
  -5.68019873e-01
  -4.22344654e-01
  -2.74112808e-01
   3.62870502e-01
  -2.41566213e+00
   3.98656453e-02
   5.22904090e-02
   2.49222867e+00
   1.04262305e+00
  -7.98950391e-02
  -7.00579556e-01
  -8.57523040e-02
  -8.09706960e-01
  -8.80511888e-01
   7.58567329e-01
   1.91809410e+00
  -7.56597736e-01
  -5.05647642e-03
   8.85062868e-01
  -3.16825693e-01
   9.34335835e-01
  -8.92614904e-01
  -7.58682455e-02
   6.30785919e-01
  -5.33206234e-01
   8.12752185e-01
   3.22812432e-01
   8.05344550e-01
  -4.65109133e-01
  -1.79249975e+00
   1.14991398e-01
  -2.95703084e+00
   1.19035448e+00
   1.05101677e-01
  -3.95466809e-01
   2.16948847e+00
   1.10432481e+00
  -2.16659263e-01
  -6.02941566e-01
   6.95729692e-01
   5.98465356e-02
   4.94192119e-04
  -3.89877568e-02
   3.40425134e-01
   2.39283279e+00
  -6.47450428e-02
   2.44000125e-01
   9.45716406e-01
  -1.22819078e-01
   1.01650756e+00
   3.44763428e-01
  -1.82683401e+00
   1.69427505e+00
  -2.75721845e-01
   1.98292880e+00
  -4.42955516e-01
  -1.16013464e+00
  -6.23197223e-01
   5.13460288e-01
   1.13204856e+00
   1.97531609e+00
   1.45265093e-01
   1.18973472e+00
  -5.43917412e-01
  -5.87634033e-01
   2.28095658e-01
  -3.06077329e-01
   1.15801588e+00
   3.30958191e-01
  -1.61992531e+00
  -8.74710703e-01
  -6.37820436e-01
   3.71386763e-01
   3.23486944e-01
  -1.68304368e+00
  -3.14364324e-01
  -8.22494193e-01
  -1.45049779e+00
   9.67280422e-01
  -9.26897289e-01
  -4.26667214e-02
   2.39379627e-01
  -1.85352434e+00
   1.68249955e+00
   9.94881491e-01
   2.51551622e-01
  -2.00198182e+00
   1.85573759e+00
  -1.62461537e-01
  -1.01448595e+00
  -1.62829672e+00
  -3.80995752e-02
   6.23239918e-01
  -2.13758328e-01
   4.15565045e-01
  -2.03823258e+00
  -1.63355360e+00
  -4.15130538e-01
   1.33602751e-01
  -5.28392766e-02
   5.11603172e-01
   1.59537994e+00
  -5.74575651e-01
   5.71729651e-01
   1.70844754e+00
  -9.93894878e-01
   1.82040828e+00
   5.38113325e-01
   4.14027155e-01
  -6.18139363e-01
   3.88405056e-01
   1.62941995e+00
   5.42821060e-02
  -6.05460273e-01
  -4.61390327e-01
  -8.26436805e-01
  -2.58620197e+00
  -1.85265569e-01
   8.81571811e-01
  -1.82829233e-01
  -3.42610843e-01
   1.26835175e-02
  -1.55736196e+00
   2.09113686e+00
  -1.45191924e+00
  -9.77425110e-01
   1.25689815e+00
   2.24596097e-01
   1.45310842e+00
   1.30062130e-01
   5.92387298e-01
  -7.84705031e-02
  -1.44342410e+00
   7.02771366e-01
   8.27359198e-01
   1.69916378e+00
   3.66118579e-01
   3.24077265e-01
   7.30982972e-01
   3.13593790e-01
  -1.11343077e-01
  -4.62877509e-01
   5.86734202e-01
   6.08118132e-01
  -3.16793799e-01
   1.67976966e-01
  -7.72437538e-01
  -5.58684168e-01
  -4.21984088e-01
  -4.69803073e-01
   4.87752187e-01
  -1.31751055e+00
   7.14016856e-01
   1.03984930e+00
   4.25287320e-02
   1.89004749e-01
   3.83124953e-01
   1.55310120e+00
  -1.07178112e+00
  -3.68481525e-01
  -8.05512228e-01
  -1.90095143e-01
  -2.20071991e+00
   1.06505413e-02
   1.34330914e+00
   3.66286989e-01
  -2.94301650e-01
  -6.14325072e-02
   3.42520434e-01
   7.93465322e-01
   6.26364905e-01
  -1.19193916e+00
   2.55521701e-03
  -1.54401864e+00
   1.51061601e+00
   1.02413307e+00
   1.03180745e-01
  -9.83922701e-01
   9.03916800e-01
  -3.55104894e-01
   5.93635537e-01
  -8.91410227e-01
   2.77669459e-01
   1.07645043e-01
  -1.59700862e-01
   1.43718669e-01
  -5.95092330e-01
   1.23989374e+00
  -9.73270451e-01
  -4.23899924e-01
   9.52917666e-01
   9.66649752e-01
  -4.53425698e-01
  -5.34847657e-01
  -9.66908577e-01
   2.12961924e+00
   1.69828694e+00
   1.81300492e+00
   1.46224628e+00
  -6.48029492e-01
  -5.05341756e-01
   1.22844530e+00
   1.83509962e-01
  -2.19451789e-01
   1.73425102e+00
  -2.51890119e+00
  -2.32903711e+00
   1.87190708e+00
   7.86469975e-01
   1.05015092e+00
  -7.84722877e-01
   1.26427876e+00
  -1.37251594e+00
   1.40687211e+00
   1.89343265e+00
  -1.07912870e+00
   5.73811304e-01
   3.79636409e-01
  -1.75374005e+00
   1.10585506e-01
   1.50928899e+00
   1.59132867e+00
   1.49533729e+00
   1.86968247e+00
  -2.03584277e+00
   8.02756363e-01
   1.27800642e+00
  -1.27957534e+00
   6.01831027e-01
  -1.86186307e+00
   3.65064392e-02
   1.10382714e+00
   9.24788973e-01
   2.69402756e-02
   7.37435496e-01
  -3.18752195e-01
  -4.34262185e-01
  -7.18016082e-03
  -6.29288591e-01
  -7.02832758e-03
   4.44588215e-01
   8.66594414e-01
   2.69535831e-01
   1.37102987e+00
  -1.21101758e+00
  -6.90011662e-01
  -1.42297383e+00
   1.81953319e+00
  -1.38050742e+00
   8.26846601e-01
  -9.63550038e-01
   7.50163646e-01
  -3.25952951e-01
  -1.05204217e-01
  -1.11852234e-01
  -1.79144672e+00
   1.28942408e+00
   1.80407348e-01
  -1.06883255e+00
   3.91066538e-01
   2.11093436e-01
   1.68681183e+00
  -4.36355682e-01
  -1.24895751e+00
  -1.67947274e-01
  -2.58172331e-01
   9.88828999e-01
  -3.89420142e-01
  -1.19659036e+00
  -2.08405577e+00
   1.06234769e+00
   1.00753652e-01
  -7.34737350e-01
  -4.47229357e-01
   1.36747465e+00
   6.21346442e-01
  -1.17228086e+00
  -7.31058680e-01
   4.17268035e-01
   1.26861717e+00
  -2.93095075e-01
   1.40072979e-01
   1.57987868e-01
  -2.03102070e+00
   1.29089919e+00
  -1.26389425e+00
  -2.90216209e+00
   5.36214055e-01
   8.57745762e-01
  -9.81055677e-01
   1.13385292e-01
   7.78536669e-02
  -3.66414411e-01
  -1.16262188e+00
  -9.54357257e-01
   1.61194767e-01
   1.18900572e+00
   1.34189295e-01
   5.31707503e-01
  -1.12273196e+00
   2.20348009e+00
   3.34883773e-01
  -2.62066791e+00
  -1.44697250e+00
  -1.06345430e+00
  -2.83177514e-01
  -1.23063604e+00
   3.29778375e-01
  -1.43464409e+00
   1.10402740e-01
   1.51390973e-01
  -6.41761423e-01
   2.48130803e+00
   2.88848116e-01
   7.80074975e-01
   8.94272814e-01
  -2.36114945e+00
  -8.59322795e-01
  -3.59164518e-01
   2.29856765e-01
   6.55729265e-01
  -2.02524987e+00
  -1.64676387e-03
  -5.88977372e-01
   6.01387687e-02
   9.42330050e-01
   3.84149463e-01
  -9.68047101e-01
  -1.24516100e-01
  -8.16299543e-01
   1.71966430e+00
  -4.64516838e-01
   1.99985950e+00
   3.28218917e-01
   1.10956655e+00
   8.39785553e-01
  -1.29791633e+00
   1.91907565e-01
  -1.54504590e-01
   6.02107038e-02
   5.74759015e-01
   1.56033583e+00
   4.24110047e-01
   2.22750681e-01
   7.80944836e-01
   1.22547512e+00
   2.55859735e-01
   6.59193421e-01
  -1.03461870e+00
  -1.23074917e+00
  -6.54692251e-01
  -1.10933938e+00
   8.00486335e-01
  -1.00392164e+00
   7.24368223e-01
   1.65165219e+00
   7.07039780e-01
  -7.92097512e-01
   2.10368434e-01
  -1.14364093e+00
  -1.26601018e+00
   2.33048266e-01
   1.78324514e-01
  -1.20340114e-01
  -1.19046049e+00
  -7.04733200e-01
  -5.96626290e-01
  -3.09557883e-02
  -7.10743391e-01
  -2.06865994e-01
   4.92619217e-01
   4.50763393e-01
  -1.67800296e+00
   7.34282061e-01
   1.61024557e+00
  -7.98663558e-01
   1.39630171e+00
   5.07788773e-01
   1.51955444e+00
   8.56926137e-01
   4.74847968e-01
  -7.33377355e-01
   1.27541427e-01
   2.24889286e+00
  -7.38300174e-01
   4.93046907e-02
   7.82466798e-01
   7.45299030e-01
   5.25698162e-01
   2.67338508e-01
   4.19726527e-02
   7.84933325e-01
  -1.36409730e+00
  -1.32825095e-01
  -7.76067544e-01
  -9.38677582e-02
   3.07725518e-02
   6.02430009e-01
   5.89769078e-01
  -1.29521348e-01
   7.89898853e-01
  -2.63907105e-01
   1.15910103e+00
  -9.68719034e-01
   8.56648963e-01
  -8.62709224e-01
  -6.07229114e-01
  -2.41491272e-01
   1.00834961e-01
   1.70876207e+00
   2.53903347e-02
  -2.60478585e+00
   1.83837400e+00
  -1.40695384e-01
   1.94117202e-01
  -1.69942747e+00
   8.13967595e-01
  -1.12684041e+00
  -1.85499298e+00
  -3.25481647e-01
   2.51932816e-01
   1.23763317e-01
   1.18915963e+00
  -8.95623504e-01
   1.68281560e+00
   1.38028778e+00
  -3.82103466e-01
  -1.28685826e+00
  -7.59629799e-01
  -6.90691031e-02
  -3.03512271e-01
  -1.00705959e+00
   2.91255216e-01
   1.35197298e+00
   9.51440407e-01
  -7.01336415e-01
  -1.93662244e-01
   6.11628314e-01
   9.06141617e-02
  -6.55089227e-01
   9.42865683e-01
  -2.23663579e-01
  -6.92642193e-01
   5.31902221e-01
   3.08572412e-02
   6.21798280e-01
  -1.94890338e+00
  -1.95358636e-01
   1.75567658e+00
  -6.59086420e-01
   1.84565637e-01
  -8.04547819e-01
   4.47078869e-01
   3.14811715e+00
  -2.35655199e-02
  -1.86750069e-01
   8.49452615e-01
   3.57659010e-01
   1.41793035e-01
   1.18680477e+00
  -2.92734302e-01
   4.80607680e-01
   6.83997883e-02
  -1.20496864e+00
   8.62780362e-01
   5.79311274e-01
   4.78838541e-02
  -1.22535421e-01
   3.69807883e-02
   5.23513537e-01
   2.18751477e-01
   1.06010931e+00
  -8.30509126e-02
  -1.31507571e+00
   1.02447179e+00
   2.33431561e-01
  -2.77098960e-01
   2.09911500e+00
  -2.42996413e-01
  -1.02152316e+00
   1.87603316e-01
  -8.84566908e-03
  -5.80830967e-01
  -7.62930874e-01
  -9.86655141e-01
  -1.15594681e+00
  -2.42702559e-01
   9.30941976e-01
   7.68550594e-02
   2.32109668e-02
  -6.09084319e-01
   3.01464968e-01
  -9.30921538e-01
   1.68500439e-01
  -2.06633636e+00
  -2.11586255e-01
  -3.05806398e+00
   6.76855465e-01
   4.03906989e-01
  -2.67150919e-01
  -1.58028992e+00
  -6.50330884e-01
   5.68743221e-01
   6.01927556e-01
  -1.96751558e-01
  -1.22165522e-01
  -9.39026603e-01
   8.58030347e-01
   2.21641704e-01
  -6.83137715e-01
   8.90508982e-01
   7.95916860e-01
   7.23504551e-01
   1.25292324e+00
   2.33242146e+00
  -4.69424412e-01
   1.16290837e+00
   4.22579452e-02
   4.00039164e-01
   2.47999086e-01
   2.02050380e+00
  -4.37799973e-01
   2.73376316e+00
   9.31042898e-01
  -8.99148698e-01
  -7.38639791e-01
  -3.03076532e-01
  -5.00226183e-01
   4.37599644e-01
  -1.33611124e+00
   1.14692632e+00
  -2.24992414e-01
   1.48237823e+00
  -3.99517633e-02
   1.47548380e+00
   1.76111839e-01
  -1.36361524e-02
  -7.54242181e-01
   2.34690335e-01
  -6.50808266e-01
  -3.60534609e-01
   1.21473637e+00
   9.41977890e-01
   3.87134184e-01
  -2.24608374e-01
   4.46565639e-01
   5.30310890e-01
   1.17300611e+00
  -1.56946457e-01
  -9.47434003e-01
  -6.45751408e-01
   2.03568235e+00
  -6.40663897e-01
   7.38945196e-01
   1.09915156e+00
   7.41988586e-01
   1.55681826e-02
   7.50709336e-01
  -2.41737511e+00
  -2.67198284e-02
  -1.93422314e+00
  -4.05498637e-01
   1.27865321e+00
   7.41706085e-02
  -1.71536672e-01
  -8.01403451e-01
   1.70115277e+00
  -1.54266946e-01
  -2.09503576e-01
  -1.26434417e+00
  -2.01575849e+00
  -1.41954172e+00
   1.10591620e+00
   6.64301254e-01
   8.29216307e-01
   1.72354239e+00
  -7.53526774e-01
  -3.67896862e-01
   8.12454275e-01
  -3.00438273e-02
  -1.06661386e+00
  -1.19096974e+00
   1.67373628e+00
   1.51545172e+00
  -5.60136282e-01
   6.11631733e-01
  -8.69252363e-01
  -6.33719616e-01
  -7.59614863e-01
   1.01285108e+00
  -9.41301694e-01
   1.55085405e-01
   8.68684404e-01
   5.68407946e-03
   7.20622750e-01
   2.33610653e+00
   1.02781756e+00
   1.73269352e+00
   3.63389980e-01
   4.42937945e-02
  -1.86279742e-01
  -1.44909958e+00
   1.01239025e+00
   7.84140973e-01
   2.15596348e-01
  -3.53131570e-01
  -1.02525767e+00
  -4.62660745e-01
  -1.15108342e+00
  -5.61031597e-01
  -3.16345313e-01
  -1.22314974e+00
  -6.91781752e-01
   3.51684225e-01
  -1.85281615e+00
   4.24254891e-01
  -1.47531878e+00
  -1.44570977e+00
  -8.45541042e-01
  -1.98341592e+00
  -6.39803919e-01
   3.03005809e-01
   4.59492573e-01
   9.49261018e-01
   2.60819203e-01
   9.61529745e-01
  -1.99315771e-01
   8.57553229e-02
  -5.74976586e-01
   9.01891494e-03
   2.43891369e-01
  -8.69238955e-02
  -1.65715539e+00
   8.51334512e-02
  -1.05762800e+00
   4.03114988e-01
  -5.20109850e-01
   8.21916193e-02
   2.62040515e-01
  -5.21491954e-01
  -2.60661370e-01
  -6.40486923e-01
  -6.89309553e-01
   3.38912624e-02
   1.95214509e-01
  -1.46369690e-02
   9.06827424e-01
  -1.76734188e+00
   2.08741790e-01
   7.96677860e-01
  -9.56428580e-01
   1.37543820e+00
  -2.82105925e+00
   1.10320306e+00
  -2.49655066e-01
   4.62953477e-01
  -5.97868482e-01
  -1.50970494e+00
   1.56378598e-01
   1.32150615e+00
  -6.84168535e-01
  -4.05411799e-01
  -6.91037523e-01
  -6.45101920e-01
   1.23717964e+00
   9.87719384e-01
   1.27349712e+00
   1.32133747e-02
  -3.72335921e-01
  -3.14589520e-02
   1.71305494e-01
   9.52046494e-01
  -1.81061375e+00
  -8.66027304e-01
   4.36667108e-01
   1.25570464e+00
   6.76677669e-01
  -1.14052476e+00
  -8.01232433e-01
  -1.01803476e+00
  -2.61657170e-01
  -2.96163326e-01
  -1.33060511e-01
   3.65311236e-01
  -9.90351041e-01
  -3.27432938e-01
  -1.73826724e-01
  -9.37511371e-01
  -6.53443895e-01
   2.35396076e-01
   1.66791559e+00
   1.30299183e+00
   1.39237999e+00
  -1.58063982e+00
  -3.15006635e-01
   8.32802361e-01
  -8.94197337e-01
   4.48569219e-01
  -7.39320246e-01
   1.36996670e+00
  -3.58873138e-01
  -6.47795609e-01
   1.46886101e+00
  -1.48838684e+00
   4.39792694e-01
  -2.47567827e-01
  -6.67419183e-01
  -9.94936827e-01
   3.59773420e-01
  -2.82748277e-01
  -7.55192889e-01
  -9.76687214e-01
   5.55963431e-01
   5.44712714e-01
  -5.39830003e-02
  -1.47670535e+00
  -1.10289369e+00
  -4.43984457e-01
  -4.45048522e-01
   7.09367414e-01
   2.74322731e-01
   1.17934525e-01
   1.15059190e+00
   1.03859503e+00
   1.25700473e+00
   4.94425073e-02
  -2.14174633e+00
  -3.89136077e-02
   1.52275895e-01
   1.90886235e+00
   1.03456168e+00
   1.00929659e-01
  -1.29896411e-01
   1.67568198e+00
  -5.05758758e-02
   1.28397129e+00
   4.44806779e-01
   2.03864176e+00
   9.45541773e-01
  -3.27276494e-01
   1.15714426e+00
  -4.54325564e-01
  -1.34628263e+00
  -1.93501250e+00
   9.92423617e-01
   1.90082443e-02
  -1.08568101e+00
  -1.07141155e+00
  -3.64148393e-01
  -1.18653665e+00
  -6.96415109e-01
   4.60478479e-01
  -1.06071669e+00
  -6.35758793e-02
   1.07023046e-01
  -1.28184316e-02
   2.07286544e-01
  -7.70492012e-01
  -9.84676478e-01
   5.79754268e-01
