  -1.91490276e+00
  -8.37448878e-01
  -4.60712662e-01
  -1.30000364e+00
  -1.49295360e+00
  -2.74652069e-01
  -7.62598987e-01
  -2.23555326e-02
   5.89781672e-01
  -1.14240250e+00
  -9.98866991e-01
  -1.62030926e-01
  -5.45195463e-01
   1.42540829e+00
   1.19981801e-01
  -5.89923679e-01
   1.22817934e-01
  -1.62935089e+00
   5.05591561e-01
  -1.60384577e+00
   5.06661312e-02
  -1.02526508e+00
  -2.39270533e+00
  -1.41250289e+00
  -7.71600403e-01
   1.04267241e+00
  -1.44091259e+00
   1.69375054e+00
  -1.72174049e+00
   1.42631657e+00
  -9.40890112e-02
   7.90712102e-01
   5.00383154e-01
   3.02774572e-01
   7.14531517e-01
  -1.60940734e-01
   3.70837705e-01
  -1.47633587e-01
   3.35632635e-01
   1.07926112e+00
  -2.54764837e-01
   1.71545889e+00
  -1.40138060e+00
   5.96253002e-02
   8.63739783e-01
  -3.03132991e-01
  -3.90173065e-01
  -6.89866994e-01
  -1.65058656e+00
   5.36448270e-01
  -2.89696984e-01
   8.55949083e-01
   9.41815899e-03
  -1.92749303e+00
   4.69934655e-04
  -1.05703984e+00
  -1.78031836e-02
  -1.04626427e+00
   2.17066216e+00
   1.09777709e+00
  -2.02230147e+00
  -2.14612775e+00
   1.06098006e+00
   7.12669903e-01
  -1.86875606e-01
   6.81811062e-01
   1.43036364e-01
   1.31177149e-01
  -2.79833484e-01
  -7.11068227e-01
  -1.96452263e-01
  -1.76345899e+00
  -1.19972352e+00
   5.20744241e-01
  -6.21457462e-01
   3.74269683e-03
  -9.82185656e-02
   8.80363221e-02
  -7.17860212e-01
   1.54976680e+00
   4.53769905e-01
   1.89993013e+00
   9.49220048e-01
  -2.12511871e-05
   1.51730280e+00
   8.31333357e-01
  -1.06579660e+00
   9.90554014e-01
  -7.41839698e-01
   7.39899977e-01
   5.03989488e-01
  -3.81694240e-01
   4.86912005e-01
   7.18100001e-01
  -9.07973129e-01
   5.44599828e-01
  -2.43105335e+00
   6.23495746e-01
   5.82308449e-02
   1.88547594e+00
  -6.80150556e-01
   1.40545371e+00
   9.63176522e-01
   4.98974107e-01
   1.35462953e+00
   1.28146195e+00
  -1.74927647e+00
  -5.61615543e-01
   9.43785138e-01
  -1.23380935e+00
   1.18880715e-01
  -1.35772197e+00
  -1.54087914e-02
   1.56357147e+00
  -1.33659006e-01
   2.54297323e-01
  -2.24525837e+00
  -1.96445098e-01
  -1.81209760e+00
  -4.77755523e-02
   1.24583798e-01
  -6.71578043e-01
  -7.32144460e-01
   4.21722032e-01
  -5.67727249e-01
   8.22358067e-01
   7.90863744e-01
   9.87541356e-01
  -7.58219703e-01
   1.74321404e+00
   3.10112367e+00
   1.19598498e+00
  -1.91015678e+00
   2.66309680e-01
   1.81803047e+00
  -1.28827089e+00
  -7.04927824e-01
  -8.25764391e-01
  -4.20828371e-01
   4.66960594e-01
   1.74270742e-01
   2.69534807e-01
   5.25993309e-02
   5.99012600e-01
   7.98720607e-01
  -1.14940256e+00
   2.18157854e-01
   8.34197691e-01
   4.27833445e-01
  -1.25745064e+00
  -4.80004742e-01
  -8.66460458e-01
   6.48526311e-01
   2.78452235e-01
   5.43496606e-01
  -1.36119015e-01
  -7.69695695e-01
  -5.89389651e-01
  -5.31176574e-01
   7.78526902e-01
   1.64025439e+00
  -1.84509405e+00
  -6.13497753e-01
   1.61975915e+00
  -7.17642444e-02
  -1.58673172e-01
  -3.91545980e-01
   3.93833094e-01
  -5.69272349e-01
  -1.55573516e-01
  -1.69355720e-01
  -1.04429813e+00
   9.34244895e-01
  -1.14606122e-01
  -1.06571590e+00
   1.45568266e-01
  -3.29269950e-01
   9.73588606e-01
   2.96566331e-01
  -7.88214386e-02
  -1.74217863e+00
  -6.75442325e-01
  -2.10701021e-01
   3.94748426e-01
  -4.31266185e-01
   1.09807581e+00
  -8.05598336e-01
  -4.27180762e-01
   8.53653383e-01
   4.69717291e-01
  -3.07473977e-01
   4.26164233e-01
  -1.09508939e+00
   6.08423449e-01
  -5.82804226e-01
   2.19202865e-01
  -3.72891830e-01
  -2.81035683e-02
  -5.69629920e-01
   6.80915297e-01
  -2.40086586e-01
   3.92755810e-01
   8.04163439e-01
   4.28715271e-02
   5.80152702e-01
   1.57796814e+00
   1.20696589e-01
   4.31997339e-01
  -1.56121920e-01
  -9.67095599e-01
  -1.58492819e+00
   8.78916937e-01
   1.73594970e+00
   7.79361364e-01
  -7.80810738e-01
  -1.75296373e+00
  -5.19594274e-01
  -7.93721323e-01
  -9.25812162e-01
   1.76387912e+00
   4.19587635e-01
  -1.55758942e+00
   2.03287289e-01
  -6.67119831e-02
  -1.27750681e+00
   1.44503277e+00
   4.09448873e-01
   4.09709522e-01
  -1.48678618e+00
  -1.50084117e-01
   1.08973785e+00
  -1.21795963e+00
   1.61697929e+00
   1.04514337e+00
  -6.54490040e-01
  -4.14134882e-01
   1.18721567e+00
   3.16168093e-01
   5.09612226e-01
  -1.55034114e-01
  -1.56110063e+00
  -2.46634083e-01
  -6.04666161e-01
   1.15361264e+00
  -1.29971874e+00
   3.26995575e-01
   2.46259421e-01
   4.94245949e-02
  -4.94236549e-01
   1.99571686e+00
   1.07399467e+00
  -1.58895801e+00
   1.47216308e+00
   1.97463259e-01
  -7.07285514e-01
   8.41063652e-01
   7.63556951e-01
   7.43614143e-02
  -6.38877497e-01
   1.60068738e+00
   1.01016501e+00
   6.49036683e-02
   1.23375898e+00
  -6.74341303e-01
   8.93689906e-02
   2.91378450e-01
  -1.21695143e+00
   9.56041033e-01
  -2.10589741e+00
  -3.93873618e-02
  -1.66107882e+00
  -1.59066087e+00
   1.25005843e-01
   4.09049337e-01
   6.03451854e-01
   6.33305389e-01
   6.23500802e-01
  -5.26868699e-01
   4.78568695e-01
   1.20311685e+00
   5.64938959e-02
   4.53633064e-02
   4.60084937e-01
   9.70099056e-01
   2.10840385e-02
  -3.62611612e-01
  -4.56035381e-01
   6.68945933e-01
  -1.97516383e+00
   9.32613187e-02
  -2.56315413e+00
   2.45242767e-02
   3.26795931e-01
  -1.58106901e+00
   3.26952614e-02
  -7.15956778e-01
  -3.10777317e-01
   8.76258219e-01
   1.59329891e+00
  -7.19231211e-01
   2.54718080e-01
  -5.88675250e-02
   1.16538008e+00
   1.45324729e+00
   1.00947069e+00
   4.57482546e-01
   4.67509773e-03
  -5.26080324e-03
   4.77265456e-01
  -4.95941616e-01
   1.22951681e-01
   4.78128443e-01
  -9.18617839e-02
  -6.32370612e-01
  -1.54712146e-01
   3.93889131e-01
   2.62987891e+00
   7.98126972e-02
   4.50314173e-01
  -1.40021879e+00
  -7.22758903e-01
  -5.92143377e-01
  -8.51830259e-01
   5.35147887e-01
  -3.69489688e-01
  -1.73818179e+00
  -3.83793213e-01
  -1.67638477e+00
  -6.12821693e-01
   1.86654937e-01
   3.55692908e-01
  -2.08743460e+00
  -3.82681009e-01
   1.91877853e-01
  -5.68136300e-01
   5.81568304e-01
  -9.07442749e-02
   9.42922264e-01
  -3.09137543e-01
   6.11439172e-02
   9.43958605e-01
  -1.40711277e-01
  -3.46005502e-02
  -1.64285908e+00
  -1.65165467e-01
   4.66315021e-01
   7.41903279e-01
  -1.82142131e+00
  -3.71591098e-01
  -3.77086311e-01
  -5.50399031e-01
   3.22253522e-01
   9.01534428e-01
   2.07502440e-01
  -3.45506594e-01
  -2.55906651e-01
  -1.67552200e-01
  -2.11617366e+00
  -1.50418094e+00
   6.51834945e-01
   1.37408417e+00
  -4.56851463e-02
   7.27370936e-01
  -5.17075263e-02
  -4.62900990e-01
   6.67993733e-01
   2.14891215e+00
   9.05206488e-02
  -5.83864987e-01
   6.18068068e-01
   2.97460370e-01
   2.43936532e-01
  -4.24867086e-01
  -2.61437860e-01
   1.03341715e+00
   5.36103407e-01
   1.11984144e-01
   8.68260738e-01
   9.09724206e-01
   5.27931080e-01
   3.12730658e-01
   1.67146998e+00
   6.63192340e-01
   9.09864034e-01
   2.09101423e+00
  -7.49131620e-01
   4.98316281e-01
   8.35519524e-01
   1.16384512e-01
  -2.21024651e+00
  -1.51759002e+00
   9.65213337e-01
  -5.10433894e-01
   1.58252308e+00
  -7.80521957e-01
   1.61553887e-01
  -1.19239399e+00
  -1.59528946e+00
   1.99492724e-01
  -2.22855617e+00
   2.21643733e+00
   1.09460200e+00
  -1.33604725e+00
   1.00189776e+00
  -1.25128315e+00
  -1.26346829e+00
  -2.82753851e-01
   8.72490179e-01
   1.53401844e-01
   2.72165962e-01
   9.94602788e-01
  -1.62513902e+00
   5.49525751e-01
  -5.38483973e-01
  -4.54556220e-01
   5.41528450e-01
   8.37149467e-01
  -8.90179918e-01
  -5.32591422e-01
   7.64443014e-01
   3.18521771e-01
   5.84263732e-01
  -2.09349940e-01
   8.83864596e-01
   5.19177212e-01
  -2.44921844e-01
  -1.41076919e+00
  -4.11402071e-01
  -9.42549938e-01
   1.21799998e+00
   1.45563277e+00
  -8.89049354e-01
   2.52942652e-02
  -7.05201623e-02
   4.02816532e-01
   1.47514460e-01
  -9.00313330e-01
  -1.17769569e+00
   1.43000841e+00
  -7.19684780e-01
  -6.42509566e-01
  -5.40280354e-01
  -2.40646554e-01
  -3.02207121e-01
  -2.23075257e-01
  -1.06088072e-02
  -5.13967187e-01
   1.34999620e+00
   1.69062163e-01
  -1.77145388e-01
  -5.33172145e-01
  -6.12084576e-01
   6.65713053e-01
  -3.70010191e-02
  -2.14052863e-01
   8.53245185e-01
  -2.72481919e-01
   2.19992683e-01
   1.22115657e+00
   7.32162373e-01
   2.39439819e+00
   4.61074013e-01
  -2.86259433e-01
   4.95651242e-01
  -5.06578704e-01
   1.15117634e+00
  -9.20703200e-01
  -1.19524855e+00
   2.57137953e-01
   1.27000220e+00
   3.39988062e-01
   5.07089084e-01
   1.26739819e+00
   2.40681650e+00
   1.26457413e+00
  -1.78327625e+00
   1.24184933e+00
  -1.20956803e+00
   8.12310477e-01
   5.05714210e-01
   1.28717831e+00
   1.67415241e+00
   2.02389414e-01
   1.85901063e-01
  -6.45811394e-01
   3.54255898e-01
   1.19716935e-01
  -1.01054988e+00
   9.85473608e-01
   5.40272257e-01
  -3.00019840e-01
   4.31806854e-01
   1.13778340e+00
  -2.20376869e-01
  -8.01860136e-02
  -2.27285421e+00
   1.37029880e-02
  -1.02412850e+00
  -8.12341227e-01
  -1.15376821e+00
  -1.63233833e+00
   1.91658975e+00
  -1.26756353e+00
   1.83312005e+00
   3.54467192e-01
  -1.73093603e-02
   7.11024928e-02
   2.96496675e-01
  -5.92767449e-01
  -7.11682033e-02
  -1.41447922e-01
   6.67550209e-01
   1.06662946e+00
  -1.30870648e-01
  -5.41151656e-01
   3.08952621e-01
   4.80943428e-02
  -2.79347301e+00
   8.37959511e-01
   1.30645811e+00
   1.19501572e-01
  -1.02224223e+00
  -1.08637654e+00
   7.72854240e-01
   1.02187148e+00
  -5.21289809e-01
   1.22893756e+00
  -2.67413967e-01
  -1.83727730e-01
  -6.56286001e-01
  -5.31937779e-01
  -4.97376979e-01
  -1.94610391e-01
  -1.66542744e+00
   1.55934374e+00
   1.85217186e+00
  -6.77181321e-01
  -6.13164168e-01
   1.78288150e+00
  -2.11815311e-01
   1.86051288e+00
  -5.09633609e-01
  -2.42753295e-01
   1.27973801e+00
   1.51908256e+00
  -1.21393428e+00
   5.91702080e-01
  -5.85616317e-01
  -6.63864164e-01
   4.49183620e-01
   2.56576212e-01
  -3.79788557e-01
   1.39511807e+00
   2.78898935e-01
  -1.70191874e+00
  -1.02871762e-01
  -4.94374840e-01
   8.84878003e-01
  -1.85228421e+00
   1.76126503e-01
  -8.38248055e-01
  -8.06955237e-01
   7.21009651e-01
   1.84203377e+00
  -3.56788836e-01
   4.27527394e-01
   7.18346881e-01
  -1.45207915e+00
  -1.14522502e+00
  -3.00252960e-01
   2.29481947e+00
  -1.97754371e+00
   7.54990019e-02
   6.10086339e-01
  -4.25330445e-01
  -7.23723697e-01
   1.11436185e-02
   2.56798501e-01
   9.81490789e-01
  -1.89703183e-03
  -2.74258896e-01
   4.17694290e-01
  -7.93456600e-01
   1.27424687e+00
  -1.68306085e-01
   2.10998741e-01
  -1.11398198e+00
  -1.73480056e+00
  -1.24110458e+00
  -3.97460420e-02
   1.07641465e+00
   4.31849229e-01
  -6.33613552e-01
   1.07788897e+00
   5.75473964e-01
   1.12613855e+00
  -1.11590373e+00
   1.35692075e+00
  -8.99223135e-01
   1.86116136e+00
   9.21079104e-01
   1.35507503e+00
  -5.55597240e-01
   1.18992652e-02
   6.87206617e-01
  -1.74154640e-01
   5.78928855e-01
   2.38833431e+00
   1.11012630e+00
  -7.29386706e-01
  -5.91888844e-01
  -2.51485848e-01
   4.37067179e-01
   1.38210556e-01
   9.02560579e-01
  -1.88239028e+00
  -2.10277907e-01
   4.66440514e-01
  -6.69995238e-01
  -1.50876389e+00
  -1.97762521e+00
   1.87719682e+00
   6.18465210e-01
  -1.51119353e-01
  -2.05311370e-01
   2.72490085e-01
   8.78749934e-01
  -4.01277483e-01
  -1.38178968e+00
   4.03174715e-01
  -2.80590610e-01
   4.10180869e-02
  -8.53526526e-01
  -5.44748844e-01
  -4.86191102e-01
  -6.02076770e-01
   1.10676170e+00
  -3.39832323e-01
   4.75101044e-01
  -6.98893324e-01
   7.01223029e-02
  -3.41434368e-01
   2.13608813e+00
  -8.12399359e-01
  -1.00013909e+00
  -1.08159023e+00
  -2.27518858e+00
  -9.08727546e-01
   8.76780968e-01
  -8.81428923e-01
   1.26541248e+00
  -1.89510087e-01
  -7.06837471e-01
  -6.13635260e-01
   5.70379751e-01
   4.29611444e-02
  -5.36005828e-01
  -2.53712583e-01
  -7.97919069e-02
  -2.32633203e-01
  -1.74240436e+00
   8.05402314e-01
   2.41404577e-01
   5.60898126e-01
  -3.89870897e-01
   2.49140273e-01
  -1.27191292e+00
  -7.65748160e-02
   1.06114936e+00
  -2.61793875e-01
   2.64936520e-01
  -7.07966156e-01
  -7.91100518e-01
  -6.23119743e-01
  -3.57260157e-01
   2.07500218e+00
   1.09148057e-01
   4.63682000e-01
  -1.30509201e+00
  -7.59793234e-01
   8.59259276e-01
  -5.48630395e-01
  -8.53481772e-01
   1.23721951e+00
   6.55265665e-01
  -1.14104709e+00
   2.10157911e-01
  -1.56823671e-01
  -3.71273951e+00
  -1.16290791e+00
  -1.98774230e+00
   1.13668966e-01
   1.32127598e+00
  -2.18185361e+00
   7.10584669e-02
   9.60038364e-01
  -2.08109189e+00
  -4.14379698e-01
   8.62802527e-01
   7.81749346e-01
  -6.96218702e-02
   2.18048371e+00
  -1.99428539e+00
  -9.29363610e-02
  -8.17994652e-01
   2.24370662e+00
   4.64604259e-01
   7.12359849e-01
   1.32815932e+00
   2.41287888e-01
   3.44884123e-02
  -3.74577797e-01
   6.12940286e-01
  -3.94384962e-01
   6.14862884e-01
  -1.36386113e+00
  -1.58835813e+00
  -1.46424150e-01
   2.83020727e-01
  -3.44762761e-01
  -2.89539502e-01
  -2.37620707e-01
   1.72862817e-01
  -3.69060816e-01
   1.73851368e+00
   1.47111966e+00
   3.82977404e-01
  -1.32670909e+00
   5.26770697e-01
   1.45156412e+00
   9.70519363e-01
  -1.23717626e+00
   9.04849965e-01
  -8.11995083e-01
   1.03963644e+00
   1.31335553e+00
  -1.18310463e+00
  -1.30056813e+00
   5.89095450e-01
   5.36760578e-01
   8.23158022e-01
   1.02682143e+00
  -1.15216028e+00
  -9.06275084e-01
   1.32203107e-01
  -9.28182104e-01
   9.79883819e-01
  -7.20869577e-02
   1.43490799e-01
  -1.34339350e+00
   1.06897981e+00
  -1.17037776e+00
  -2.72233330e-02
   4.79572320e-01
  -6.50458445e-01
   1.12366324e+00
   1.52893646e-01
   9.65852681e-01
   4.68787856e-01
   3.72106324e-01
  -6.56494255e-02
   6.68530976e-02
  -8.42468126e-01
  -1.47570267e+00
  -3.69901848e-01
   3.85039825e-01
   5.11203785e-01
   1.56140452e+00
   4.09997478e-01
  -4.83886526e-01
  -1.53607503e+00
  -2.51711927e-01
   8.82415316e-02
   3.41217424e-01
  -1.99385450e-01
  -7.92924919e-01
  -1.58828490e+00
   5.79868735e-01
   1.08910098e+00
  -1.27542396e+00
  -5.88992376e-01
  -2.03597184e+00
   6.61377742e-01
  -8.57595006e-01
   4.31854845e-01
   6.53244058e-01
  -8.29184670e-01
   6.40546124e-01
  -2.82991056e-01
   3.77860978e-01
  -7.55102418e-01
   5.09143670e-01
  -3.55642568e-01
  -1.96093269e-01
  -9.18466293e-01
  -1.67936171e+00
  -1.41343564e+00
  -8.72685714e-01
   1.10440322e+00
   1.62934130e+00
  -1.92470750e-01
  -1.39007493e+00
  -2.93534550e-01
  -8.58115561e-01
   4.52532068e-01
  -1.11366691e+00
   1.68902094e-01
  -1.28221131e-01
   1.94668661e-02
  -1.09188590e+00
  -3.38308650e-01
  -2.45901832e+00
  -9.43610924e-02
  -8.75827218e-01
  -9.31191350e-01
  -3.45837736e-01
  -5.80828058e-01
  -5.72550267e-01
   4.10283447e-01
  -1.55701556e+00
   1.31089161e+00
  -1.01604157e+00
  -1.35280443e+00
  -8.00486143e-01
  -1.05450789e-01
  -3.40799992e-01
  -3.45309179e-01
  -1.08808924e+00
  -1.57146996e+00
   3.69422289e-01
   1.94962035e+00
  -1.23481965e+00
   2.20843816e+00
  -3.76551622e-01
   1.55181675e-01
   4.82553054e-01
   1.30038945e+00
  -3.12026180e-01
  -3.80652685e-01
  -8.91154525e-01
  -1.01032089e+00
   2.79240299e-01
   4.83094376e-01
  -6.01288561e-01
  -7.51224919e-01
  -7.37306095e-01
  -1.89140565e-01
   7.25439755e-01
  -1.96859259e+00
  -5.51071561e-01
  -1.53456116e+00
  -1.10866109e-01
   1.17686689e+00
  -6.27235820e-01
  -1.13780508e+00
   1.71534668e+00
  -9.21790981e-01
  -5.19157017e-02
  -1.08719623e+00
   5.21520776e-02
  -3.18096509e-01
  -2.85425586e-01
   2.81984183e-01
   3.99438195e-01
  -8.62855875e-01
   8.95637129e-01
  -3.32151490e-01
   1.86330527e+00
  -2.06070537e+00
   7.82349591e-01
   1.78068828e+00
  -1.69787270e-01
   9.53551102e-01
  -4.16199172e-01
   1.74353305e-02
   5.07371166e-01
   2.53850114e+00
   1.18867494e-01
  -2.33272810e-01
  -1.04315520e+00
   1.12968193e+00
  -1.08294347e+00
   5.49042585e-01
  -2.73258035e-01
  -1.12844231e+00
  -7.79869487e-01
  -9.54086812e-01
  -1.19468239e+00
   8.13680581e-01
  -2.54278131e-01
   1.81193147e-01
   1.02318611e+00
  -1.20049858e+00
  -2.94044850e-01
  -8.94593341e-01
  -1.31629605e+00
   6.00685398e-02
   1.13164195e+00
  -5.06031254e-01
  -4.14293989e-01
   4.97745213e-01
   8.48892792e-02
   9.80485938e-01
  -3.61206161e-01
  -8.05913539e-01
  -4.74847332e-01
   1.41750292e+00
  -8.55076651e-01
   4.70396507e-01
  -1.17706474e+00
   1.51333327e+00
   1.47632764e-01
  -2.49337028e-01
   1.70774103e+00
  -3.58029683e-01
   8.59452496e-01
   2.06477338e+00
   5.02441293e-01
   3.70068656e-01
   8.36826504e-01
  -3.52876762e-02
   2.92227141e-01
   9.70851117e-01
   5.93196495e-01
   3.16392401e-01
   8.75119498e-01
   6.97761800e-01
  -4.48231650e-01
   5.32567089e-01
  -2.24036993e-01
   1.80632298e+00
   2.37146080e-01
  -4.79359180e-01
  -7.65689879e-01
   5.97390129e-02
  -1.64438938e+00
   2.20463435e+00
  -6.32780049e-02
  -7.50666092e-01
  -1.24892151e+00
  -3.14065595e-01
  -1.97370160e+00
  -6.65440615e-01
   2.10648376e+00
  -6.36051339e-01
  -8.04254313e-01
   5.05119501e-01
   4.36455712e-01
   1.02597140e+00
  -3.06664909e+00
  -1.62812927e+00
  -1.78210532e+00
  -2.40375688e-01
   1.36589541e+00
   1.17547858e+00
   1.94205010e-01
  -2.01949036e+00
  -8.23225754e-01
  -7.72591058e-01
   1.73818354e+00
  -6.65952659e-01
  -1.01103716e+00
   2.80241194e-01
   7.28721226e-01
   7.06579093e-01
  -1.06875519e+00
   4.53276347e-01
   3.27701601e-01
  -1.17124012e+00
  -2.04055672e+00
  -1.55315071e-01
   1.52952244e-01
  -1.08825488e+00
   1.55028571e+00
   1.54610691e+00
  -4.57235566e-01
   1.34628310e+00
  -1.13153828e+00
  -2.32207261e-01
  -1.67895255e-01
   1.12806128e+00
  -1.12855752e+00
  -2.31207488e-01
  -2.32185921e+00
  -5.53049817e-01
   7.17003930e-02
  -1.03110779e+00
  -1.40497354e+00
  -8.04905366e-01
   8.43630622e-02
  -2.12850145e-01
  -5.72364743e-01
   1.82305771e+00
   1.16435192e+00
   1.68603399e+00
   6.65174993e-01
   4.93870416e-01
   2.61813564e-01
  -1.85040229e-01
   3.68025596e-02
  -9.83123255e-01
  -1.60106274e-01
  -9.74799088e-01
   1.32445139e-01
   1.15847058e+00
   2.01327554e+00
   6.55206862e-01
   1.51446035e-01
  -1.62277830e+00
   2.53657862e+00
   8.83898695e-02
   7.77377621e-01
   3.71587716e-01
  -3.28456869e-02
   8.44223255e-01
   1.81302883e-01
  -2.85429852e-01
   2.96304176e-01
  -1.05939787e+00
  -5.65254361e-01
  -1.87771658e+00
  -5.15138053e-01
  -1.27394970e-01
   5.90943231e-01
   5.68589064e-01
   8.94055059e-01
  -3.99884472e-01
  -1.54350519e+00
  -8.47206732e-01
  -6.29143609e-02
   1.05094441e+00
  -6.42618511e-01
   1.56267320e+00
  -1.07819631e-01
   3.09312672e-01
   1.29354661e+00
  -1.69256992e+00
   2.46572682e-01
  -2.45981746e-01
  -2.16014283e+00
  -1.17052730e+00
   7.30375284e-02
  -1.09538788e+00
   1.34704695e-01
   1.19439466e+00
   6.07914666e-01
  -8.51077878e-01
  -6.13184550e-01
   4.26419399e-01
  -6.48297900e-01
   8.89173510e-01
   1.38816930e+00
  -2.97749058e-01
   5.69437430e-01
  -4.22586873e-02
   3.75413384e-01
  -5.96679107e-01
  -1.39177560e+00
  -5.27357245e-01
   1.76925689e+00
  -7.18930447e-01
   8.84801917e-01
  -1.43440730e+00
   2.11084798e+00
  -4.79548239e-01
  -5.48831708e-01
   5.98267351e-02
   3.14923841e-01
  -1.01315911e+00
   3.88113198e-01
  -1.42648821e+00
  -3.53857889e-01
  -2.98552099e-01
   5.47524989e-01
  -3.21499342e-01
  -8.13144942e-01
  -1.05121406e-01
  -1.36441666e-01
  -1.19641158e-01
  -5.74474133e-01
   8.11530260e-02
  -1.04551660e+00
   1.95284872e-01
  -9.75458205e-01
  -4.85172560e-01
   1.55013284e+00
   2.39238962e-01
  -3.55992851e-01
   6.47453924e-01
  -1.00690330e-02
   6.12834415e-01
   6.69636492e-01
  -4.89928712e-01
   3.09647149e-01
   8.65430146e-01
   9.25300198e-01
   8.97926932e-01
   7.70972882e-01
   1.36953332e+00
   6.21484971e-01
  -9.70379256e-01
  -1.78792793e-01
  -7.24226806e-01
   7.51128491e-01
   1.62706888e+00
  -2.44812804e+00
  -4.17825890e-01
   4.36067202e-01
   1.31363363e+00
   1.14163024e+00
  -5.09847227e-01
   6.75003779e-01
  -1.39677584e+00
   3.84850955e-01
  -1.68236447e-01
  -2.45059352e+00
   8.66618341e-01
  -9.47069985e-01
   6.53713099e-01
   1.84904703e-01
   6.92295378e-01
  -1.11832644e+00
  -9.41201006e-01
  -3.09466752e-01
  -4.67911772e-01
   1.00242725e+00
   1.64585976e-01
  -1.40632548e+00
  -1.46439702e+00
  -5.40608519e-01
   1.99900320e-02
   1.37138315e+00
   5.58394925e-02
  -2.45563093e-01
  -8.55020104e-01
  -7.80296016e-01
  -6.17294807e-01
   8.04395999e-01
  -1.66067967e+00
  -8.26228183e-01
  -9.52276781e-01
   1.59067873e+00
   9.60999750e-02
   3.35985272e-01
   5.01685351e-01
  -1.59617926e+00
   5.21587886e-01
   1.41482874e+00
   1.16381097e-01
  -1.05500474e+00
  -8.74101524e-01
  -1.78499310e+00
   9.46923737e-01
   3.83848906e-02
   2.89447714e-01
   2.51434125e+00
  -4.77651014e-01
  -7.43384802e-01
  -8.69272219e-01
  -9.79858162e-01
  -3.55551722e-01
  -2.11019341e-01
   2.23891607e-01
   7.91667195e-01
  -2.21050073e+00
  -9.67515111e-01
   7.90110277e-01
  -3.56125394e-03
   1.22348128e+00
   8.16126112e-01
  -8.14126697e-01
   1.10627274e+00
  -8.44429315e-01
   1.18367382e+00
   2.37666837e+00
   9.07802908e-01
   2.03680620e+00
   1.78765591e+00
   1.51235256e+00
   2.54051350e-01
  -4.03287143e-01
   1.38186398e+00
   1.14764284e+00
  -1.48615254e+00
   5.55026462e-01
  -5.92999031e-02
   3.08476700e-01
   4.28100791e-01
  -1.03267174e+00
  -1.81986331e-01
  -1.86866936e-01
  -1.25393066e+00
  -7.71078492e-01
   2.68826397e-01
  -1.51528760e+00
   5.97541063e-01
  -4.61382140e-01
  -5.47171810e-01
   6.84301675e-01
   6.49696120e-01
   8.44619427e-02
   1.65087902e+00
  -7.11141838e-01
  -1.26757379e+00
   8.79180242e-01
   3.40317114e-02
   1.50300861e+00
  -7.90345070e-01
   2.44837992e-01
   8.22981464e-02
  -3.67773917e-01
  -9.37449352e-01
   1.02787234e+00
  -1.64769648e-01
   1.04701740e+00
  -1.04574397e+00
  -1.07224725e+00
   5.37606586e-01
  -3.60802890e-01
   2.49927770e-01
   8.64254916e-01
   8.67534962e-01
  -1.40369234e+00
   3.16336926e-01
   2.57244294e+00
   2.04244719e+00
   2.67544741e-01
  -5.30736723e-01
   3.31757580e-01
  -3.42386301e-01
  -1.24594730e+00
   1.15517721e-01
  -6.21554384e-02
  -1.17204784e+00
  -1.14374292e-01
   1.19074053e+00
   1.51429659e-01
  -6.15828695e-01
   8.74070647e-01
   8.68810062e-01
   1.09941312e+00
  -3.00986541e-01
   8.81801693e-01
  -9.44342619e-01
  -2.97457679e-02
  -4.75486070e-01
  -4.62134180e-01
  -7.70444597e-01
   9.62943957e-01
  -6.18949589e-01
   4.38005063e-01
  -5.85787195e-01
  -3.31096201e-02
  -1.06277160e+00
  -1.14232110e+00
  -1.23173831e+00
  -1.19116229e+00
   9.31734239e-01
   1.70365556e+00
  -5.77764136e-01
   1.79277224e+00
   5.53533786e-02
   5.93744047e-01
  -3.39875585e-01
   6.62916863e-01
  -4.72913472e-02
   2.24084730e-01
   1.59404590e+00
  -2.87168983e-01
   4.17493024e-01
   2.07860341e+00
   1.38247289e-02
   1.41801809e-01
  -4.12481280e-01
   9.11261580e-02
  -6.94597503e-01
   4.31807692e-01
  -2.98755665e-01
   1.23705062e+00
  -3.91936627e-01
  -4.63135788e-01
  -4.74854459e-01
   1.64218801e+00
   3.73935557e-01
  -4.76875966e-01
   6.82675558e-01
  -1.78033418e-01
   3.27101435e-01
  -1.79739735e+00
  -9.09611877e-01
  -3.34951855e-01
  -1.07721247e+00
   4.47761805e-02
   5.54733647e-01
   2.20079250e-01
  -1.35837375e+00
  -1.36353977e+00
  -4.30453773e-01
   6.42786609e-01
  -1.55146424e+00
   7.79289095e-01
  -1.90372443e+00
  -4.57250164e-01
   5.90380877e-02
  -6.21297791e-01
  -9.03277368e-02
  -2.65444248e-01
  -9.52827249e-02
  -6.30708075e-01
  -4.69210161e-01
   9.41974638e-01
   1.48633780e+00
   6.78643086e-01
  -1.29819899e+00
  -1.18155990e+00
  -7.15645519e-01
  -8.99635580e-01
  -1.38327701e+00
   7.82912507e-01
  -1.03760881e+00
   3.03261500e+00
   2.10847970e+00
   1.02371673e+00
   2.96288788e-02
   1.42163693e+00
   4.05062133e-01
   1.08125002e+00
   1.90247667e+00
  -7.08953170e-01
  -1.22166175e-01
   1.27457973e-01
   4.90005485e-02
  -4.64021732e-01
  -1.18174188e+00
  -9.85472336e-02
  -7.32185296e-01
   4.86098417e-01
   3.01662787e-01
  -6.16408778e-01
  -9.01682372e-01
  -2.64708129e-01
   1.60887153e-01
  -1.08436795e+00
  -1.94357926e-01
  -6.76433565e-01
   1.05463336e+00
   4.39453175e-01
  -1.77705637e-01
   3.30136753e-02
  -3.96718604e-01
   1.02353704e+00
  -1.06805474e+00
  -8.45926538e-01
  -3.07837731e-01
   1.50100847e+00
   4.42808265e-01
  -1.24917676e+00
  -1.67391727e+00
   1.29122131e+00
  -2.09478750e-01
   2.59648444e+00
   1.06731423e+00
  -2.17300786e-01
   1.44111953e+00
  -5.63505735e-01
   7.67688084e-01
  -1.22416070e+00
  -7.25767690e-01
  -9.60608688e-01
  -2.30168763e-01
   8.92784102e-01
   7.06091162e-01
   3.29292914e-02
  -5.47975187e-01
  -5.15043820e-01
  -1.20514033e+00
   8.94534914e-01
  -5.87840319e-02
  -1.23984971e+00
   7.38950271e-01
   8.63594326e-01
   2.81086606e+00
   9.96362857e-01
  -1.73162991e-01
  -1.31198774e+00
  -6.65380087e-01
  -4.04702951e-01
   1.90096793e+00
  -1.63415366e-01
   4.83794577e-01
   3.05537843e-01
  -5.50810015e-01
  -2.15245775e+00
   5.79132427e-01
  -1.68748560e+00
  -1.19618728e-01
  -1.88574410e-01
   3.18745299e-01
  -1.00756678e+00
  -1.07912721e+00
   1.54898478e+00
   8.12840039e-01
   1.01727707e+00
   9.99173577e-02
  -4.73332414e-01
   1.53280852e+00
  -7.13086968e-01
  -2.33245425e-01
  -1.38087299e+00
  -4.67625304e-01
  -5.79395349e-01
  -1.53455255e+00
   1.82577368e+00
  -2.70730075e-01
   2.45232189e-01
   7.86810886e-01
  -3.45570305e-01
   1.13401795e+00
   2.25456088e-01
  -9.36379488e-01
   3.10885960e-01
   2.05914656e+00
  -2.08185877e+00
   1.64866856e-01
   7.03494607e-01
   3.85889163e-01
  -4.15240045e-01
   3.14226925e-01
   4.01759978e-01
   7.96518254e-01
   3.74240978e-01
   9.92592929e-01
   7.01194248e-02
  -2.19130908e+00
   1.14121241e+00
  -7.96593809e-01
   1.41244504e+00
  -5.62702515e-01
   4.45466234e-01
  -1.42625657e+00
  -7.59178465e-01
  -1.24992733e+00
  -2.75071139e-01
  -7.74533618e-01
  -4.04062716e-01
  -1.38661231e+00
   1.11367931e+00
  -6.50167717e-01
   1.03265414e+00
   3.86289030e-01
  -4.27316955e-01
   7.32642281e-01
  -1.63876335e+00
   1.19144658e+00
   1.75105508e-01
   2.52858834e+00
   6.92586553e-01
  -7.98434163e-01
  -5.12028885e-01
  -1.07296867e+00
  -1.74416333e+00
  -4.52873098e-01
   1.25557924e+00
   1.25164965e+00
   4.76684693e-01
  -1.13851803e+00
  -3.12603683e-02
   1.46173374e+00
  -8.91798904e-01
  -1.34145456e+00
   1.18923122e+00
   8.51313594e-01
  -1.46802190e+00
  -1.05348008e+00
  -8.38645422e-01
  -1.88598512e-01
   7.38775484e-01
  -4.54622245e-01
  -1.06178507e-01
  -1.99274188e-01
   1.76565693e+00
  -6.52750160e-01
  -1.47968833e-01
  -1.09535578e+00
   6.18873651e-01
   1.71110492e+00
  -2.10067753e-01
  -1.15211994e+00
   7.15112004e-02
   4.97184741e-01
  -1.70553820e+00
  -4.20024700e-01
   1.98743300e+00
  -4.51653377e-01
   1.47436967e+00
  -1.07286200e+00
   9.34339845e-01
  -8.40248111e-01
  -2.10514691e-01
   1.60739753e+00
   7.21058736e-01
  -1.20280792e+00
  -1.31620691e+00
  -8.48958722e-01
  -8.75097674e-01
  -5.37395778e-01
   2.61484752e+00
   6.33578067e-01
  -1.68276035e+00
   3.43776776e-01
   7.97708996e-01
   9.58742290e-01
  -1.01930964e+00
  -4.68068747e-01
  -5.63477458e-01
  -2.03236882e+00
   5.31865658e-01
   1.43153406e+00
  -5.33727301e-01
  -1.12334996e+00
  -9.43854173e-01
   8.75783499e-01
  -2.89771541e-01
   1.45338594e+00
   1.61315554e+00
  -1.98636445e+00
   6.23875388e-01
   8.30698877e-01
  -9.63592717e-01
   5.59948181e-01
   1.48438790e+00
  -4.16605821e-01
   5.57175588e-02
  -1.09284217e+00
  -1.30358974e+00
   2.50502662e-01
   4.25172228e-01
  -1.95244089e+00
  -1.88918480e-01
  -5.44115206e-01
  -1.13215782e+00
   1.95830909e-01
  -4.20835569e-01
   4.67126010e-01
   9.40194251e-01
   3.41627031e-01
   4.01875419e-01
  -1.80229071e+00
  -1.81819846e+00
   6.46366408e-01
  -8.22575669e-02
  -3.36203427e-01
   2.96099329e-01
  -3.90139590e-01
   1.14619678e+00
   1.79782648e-01
   8.50888091e-01
   5.27245407e-01
  -1.54071743e+00
  -9.14407999e-01
  -1.82958673e+00
  -1.82971543e+00
  -7.75510807e-01
   4.54456466e-01
   6.32569138e-01
  -3.17254773e-01
   4.67029899e-01
  -1.39465418e+00
  -1.15265241e+00
   7.71163636e-01
  -3.81220932e-01
  -2.48417659e-01
  -1.55801265e+00
   3.22019355e-01
  -6.58276436e-01
  -1.40986459e+00
   4.75596182e-01
  -2.63383704e-01
  -9.88563660e-02
  -1.84135059e+00
  -1.39218923e-01
   3.57780740e-01
   5.82853996e-01
  -8.34172087e-01
   1.31928224e-01
   4.88264146e-03
   9.01278871e-01
  -1.47297957e+00
  -1.52965605e-01
   1.01095254e+00
  -1.90609132e-01
   1.32092832e+00
  -1.36207497e+00
   1.88193911e+00
  -9.13604622e-01
   1.71992925e+00
   2.15706810e-01
  -1.39954157e+00
   1.59886898e+00
   1.43268454e+00
  -1.22043925e+00
  -2.12673253e-01
  -3.66290560e-01
   1.27408417e+00
  -4.16496878e-01
  -1.15550383e+00
  -4.21582987e-01
   2.98215363e-01
   6.82883657e-01
   8.20432995e-01
  -4.38516180e-01
  -5.47333210e-01
   1.39433216e+00
  -3.84410253e-01
   6.27808817e-01
   4.10454040e-02
  -3.17853480e-01
  -1.46229326e+00
   1.06069488e+00
   9.78993339e-02
   1.04071424e-01
  -7.95855312e-01
  -5.54566976e-01
  -2.79601429e-01
   1.66156803e+00
  -2.14594134e+00
   1.55750270e-01
   8.74775203e-01
  -2.83762564e-01
   1.02386179e+00
  -1.26823793e+00
  -2.09210828e+00
   9.65320454e-01
   1.34857323e+00
  -1.07294313e+00
   6.11500906e-01
  -4.31584821e-01
  -7.80423661e-01
  -7.01502727e-01
  -3.07536643e-01
   1.05931263e+00
   1.35074589e+00
   6.15498781e-01
   1.76233479e+00
   1.81695888e+00
   4.03861031e-01
  -1.17221280e-02
  -9.58308599e-02
   6.72125134e-01
   1.01480581e+00
  -1.54516196e+00
  -1.99268343e+00
  -3.25107986e-01
   2.18074877e+00
   4.20617044e-02
  -3.00180249e-01
  -1.34624648e+00
  -4.62170034e-01
  -2.78794238e-01
   5.08148830e-01
   1.14310752e+00
  -5.73563369e-01
  -1.84478161e-01
  -2.40832633e-01
  -8.24733834e-01
   7.21839701e-02
   2.41737328e-01
  -4.69200679e-01
   4.56292616e-01
   7.46725879e-01
  -1.48179477e+00
  -6.13665204e-01
  -2.49100736e-01
  -1.81611390e-01
  -1.19176842e+00
  -5.49481396e-01
  -3.43486786e-01
   3.94464396e-02
  -2.59310433e+00
   1.06301388e+00
  -8.46325210e-01
   2.73374804e-01
  -1.00320012e+00
  -1.16063537e+00
  -9.26174264e-01
   4.92696984e-01
  -1.23910872e+00
  -3.97024816e-01
   7.00976919e-02
   6.02074967e-01
   2.01091703e-03
  -1.44628995e+00
  -3.34640849e-01
  -8.68450963e-01
  -7.35209837e-03
   1.47620593e+00
  -1.06097598e+00
  -6.69786443e-01
  -9.82970787e-01
  -1.85616896e+00
   1.88138640e+00
   3.02145769e-01
   5.81819544e-01
   1.08791879e+00
   6.73391847e-01
   2.11332991e+00
   4.84532968e-01
  -7.51276142e-01
   1.11444969e+00
   8.00712695e-01
  -1.42948863e-01
   6.03197824e-01
   1.09247728e+00
   1.22187706e+00
  -1.11148132e+00
  -5.34109104e-01
  -8.04656679e-01
  -4.02156807e-01
  -4.42073677e-03
   4.71303240e-01
  -2.83452855e-01
   6.37022678e-01
  -7.88115681e-01
  -1.44989791e+00
   1.11460555e+00
   5.61914041e-01
  -3.39711483e-01
   1.46538710e-01
   9.52584941e-01
   5.43029532e-01
   3.57517306e-01
  -5.94785670e-01
   6.60716494e-01
   4.41077612e-01
  -6.01808788e-01
  -4.91282003e-01
   2.93896882e-01
  -5.33188639e-01
   1.75359853e+00
  -1.24924637e+00
   1.09643372e+00
   1.34386782e+00
  -7.92210692e-01
  -1.85530178e-01
   7.93086278e-01
  -9.00164558e-01
  -4.63702812e-01
   5.50051312e-01
  -2.64155168e-01
   9.32588564e-02
   1.69252652e-01
  -2.01729076e+00
   8.61621618e-01
  -1.46090279e+00
  -5.14695508e-01
   6.86314030e-01
  -3.00887317e-01
   4.09235061e-01
   2.04347157e-01
   1.07141629e+00
   7.74970797e-01
   1.18823606e+00
  -1.00208035e+00
   8.75420093e-01
  -1.19233068e-01
  -2.69220628e+00
  -2.46988151e-01
  -1.25576180e+00
  -3.06889127e-01
  -9.46272126e-01
  -3.26092818e-01
  -1.57438401e+00
  -6.81770228e-01
   8.78322273e-01
  -6.92169749e-01
   2.16814014e+00
  -6.83667964e-01
  -1.98268208e-01
  -3.96923020e-01
  -2.13225892e+00
  -4.39363303e-01
  -1.96258363e-01
   4.93649928e-02
  -5.66634978e-01
   4.31105865e-01
  -1.31353302e+00
   6.39016339e-01
   2.11531214e+00
   1.52378087e+00
   4.71760363e-01
   5.86587795e-01
   1.51222077e+00
  -8.49345671e-01
  -9.14642855e-01
   3.85757697e-03
   1.03158110e+00
  -2.98020527e-01
   3.14968726e+00
  -5.87827954e-01
   2.53534486e-01
   3.13336330e-01
   8.08690745e-01
   1.00239844e+00
   1.40852305e-01
   9.97694396e-01
  -4.26354232e-01
   1.26175538e-01
  -8.71344903e-01
   8.62165863e-02
  -7.91843418e-01
  -1.74245268e-01
  -1.42918417e+00
  -7.00774873e-01
  -1.27826821e+00
   1.01553625e+00
   1.81772381e+00
   1.83184010e+00
  -4.30448429e-01
   1.40606923e-01
  -1.17106290e+00
  -1.45602729e+00
   2.13027336e-01
   4.31156824e-01
   2.38912752e+00
   1.46046754e+00
   1.96066481e+00
  -2.29385549e+00
   3.55647486e-01
  -1.71792058e+00
   9.74799632e-02
   2.42465089e-01
  -3.90069987e-01
   1.31309159e+00
   4.90647643e-01
  -2.07754822e-01
  -7.79305548e-01
   1.46038904e+00
   1.63293175e+00
   1.74409808e+00
  -1.80792935e+00
   3.00273292e-01
   1.30189629e+00
   7.98665981e-01
   8.39929855e-01
  -2.77533714e-01
   3.97551960e-01
   1.33916789e-01
   6.82617405e-01
   1.19125163e-01
   1.63798546e+00
  -2.13548890e+00
  -4.30326287e-01
  -5.21380304e-01
   1.00329128e-01
  -7.03905881e-01
  -1.23613891e-01
   2.20449307e-02
  -9.65516035e-01
  -4.14333530e-01
   1.12928760e+00
  -9.09460258e-02
  -2.60861682e-01
  -2.10066360e+00
   1.92072201e-01
   3.45559406e-01
  -2.46930107e+00
   4.32291772e-01
  -7.60068858e-01
   1.61889436e-02
  -1.43169414e-01
  -1.74914411e-01
   3.41155675e-01
  -1.22129128e+00
  -5.87178565e-01
  -6.42828374e-01
   9.84941110e-01
  -1.36742185e+00
   4.22912852e-01
  -2.85071048e-01
   7.00740412e-01
  -1.70045200e+00
  -6.82065313e-01
   1.28587967e+00
  -4.75363692e-01
   7.69516449e-01
  -1.58750302e-01
  -2.71483687e+00
   1.36902891e+00
  -1.30041076e+00
   1.14681300e+00
  -1.14553444e+00
   3.98940425e-01
   4.78740929e-01
  -1.78060260e+00
  -1.41511219e-01
  -2.21591930e-02
  -4.94034087e-02
  -1.67227335e+00
  -8.68041543e-01
  -1.40419828e+00
   3.23513863e-02
   5.26265724e-01
   1.82942882e+00
   8.47134682e-01
  -1.53494199e+00
   3.11811455e-01
  -1.62537245e+00
   4.36590075e-01
   5.33866105e-01
  -1.04108147e+00
  -5.51386200e-01
   9.65175372e-01
  -6.88968136e-01
  -2.19641189e+00
   1.17451215e+00
   1.00671705e-01
  -3.33686705e-01
  -7.48840808e-01
   4.46825222e-02
   3.42880942e-01
  -1.02915841e+00
   7.02717902e-02
  -7.61355100e-02
  -3.46304908e-01
   1.41650964e-01
  -1.36559481e-01
  -1.25901172e+00
  -1.22242281e+00
  -2.34732960e+00
  -4.31474436e-01
   1.30067373e-01
   1.07873447e+00
  -9.53511217e-01
  -4.36879814e-01
  -4.18855008e-01
   2.03090530e+00
  -6.88832430e-01
  -1.69701815e+00
   3.65097420e-01
   7.35123763e-01
  -1.00945821e+00
   9.39503698e-01
  -3.58081810e-01
  -1.95872262e+00
  -1.82367737e+00
   2.29173421e+00
   5.33942440e-01
  -7.01502683e-02
  -5.42662674e-01
   8.55789186e-01
   1.09534681e+00
   1.51394574e+00
  -2.02004058e-01
   6.95374392e-01
   4.46336562e-01
  -7.17431415e-01
   5.68304121e-01
  -9.02042584e-01
   6.07553304e-01
   5.15576463e-01
   9.57608897e-01
   4.09266983e-02
  -6.34466936e-01
  -6.58080991e-01
  -7.73533422e-01
   1.01487820e+00
  -1.11838688e+00
  -8.29954562e-02
  -2.51637620e+00
  -2.92181580e-01
   8.71725021e-02
  -1.04870160e-01
  -1.31105829e-01
  -2.11161038e+00
  -1.00824431e+00
   6.95349262e-01
   2.24009938e+00
   1.72182502e+00
  -7.09673392e-01
  -7.42885182e-02
  -9.80774043e-01
   3.33282789e-01
   2.61460755e+00
  -1.09685512e-02
   7.77737303e-01
  -7.57076465e-01
  -5.18559202e-01
  -6.68306398e-01
  -4.14677239e-01
  -1.32979522e+00
  -6.26341209e-01
  -9.07207938e-01
   3.30106814e-02
  -2.16525272e-01
  -5.81444704e-01
  -5.03542645e-01
  -3.48739085e-01
  -1.67634935e+00
  -1.49192871e+00
  -6.73944615e-01
  -2.85759408e-01
  -2.23188990e+00
  -4.60437261e-01
  -4.17189594e-02
   6.60886798e-02
  -3.23231986e-01
   9.16829645e-01
  -1.65619821e+00
   1.04374222e-01
   9.88625118e-01
  -4.58339660e-01
   6.02139414e-01
  -7.10346714e-01
  -6.30392524e-01
   6.42034072e-01
  -4.32253863e-01
  -1.36380251e+00
  -6.54834770e-01
   8.84620964e-01
   7.49293860e-01
  -1.55742272e+00
   9.68045672e-01
   7.84674085e-01
   4.48099079e-01
  -8.66702556e-01
  -1.22829716e+00
   4.32684276e-01
  -1.23665647e+00
   9.66035070e-01
   2.41302587e+00
  -3.13698271e-01
   8.28838692e-01
  -6.91224454e-01
   4.26440864e-01
  -1.43947123e-01
  -8.28045685e-02
   1.00138005e+00
   1.34219907e+00
  -5.75490410e-02
  -9.25985820e-01
  -1.21909049e-01
  -3.06671885e+00
  -1.57931175e+00
  -3.83513594e-01
   1.96617036e-01
   1.19531957e+00
   4.07687980e-01
  -8.91514684e-02
   1.07611335e+00
  -4.69377009e-02
  -3.99413718e-01
   9.64852267e-01
  -5.05247829e-01
   6.33755759e-01
  -6.40507622e-01
  -1.10963719e+00
   8.95384542e-02
   7.19121627e-01
   7.11551924e-01
  -1.31973965e+00
   2.32217712e+00
  -7.52565323e-02
  -2.64273679e-01
  -3.94445883e-01
   1.48701422e-01
   9.33856131e-01
   6.44338238e-02
   8.23778094e-01
  -1.35336338e+00
  -1.61230802e+00
   9.18875675e-01
  -1.08686396e+00
   7.70371250e-01
   6.21798090e-01
  -2.88401177e-02
   5.95327594e-02
  -1.93696653e+00
   1.19844834e-01
   1.89240237e-01
  -1.85650764e-01
  -3.02019903e-03
   4.40740258e-01
  -8.36834166e-01
  -6.50304395e-01
  -9.07926530e-01
  -4.17316403e-01
  -7.37520029e-01
   3.46300021e-01
   1.08762370e-01
  -3.26891410e-02
  -1.05552984e+00
   2.85211139e-01
  -1.81891307e+00
   2.85696199e-01
  -4.11693714e-01
  -2.08274860e+00
  -8.36967654e-01
   3.55692058e-01
   1.81281645e-01
   3.87497643e-01
  -2.75270360e-01
   7.05633589e-01
   6.62258341e-01
  -8.45066674e-01
  -1.04028545e-01
  -4.91672495e-01
   1.59450255e+00
   3.55907413e-01
  -1.15957695e+00
   1.49520873e+00
   6.17468596e-02
   1.48887566e+00
  -1.03688105e+00
  -1.05731531e+00
  -1.61992215e+00
  -7.45420693e-01
   6.86929631e-01
  -1.00918322e+00
  -2.55461157e+00
   1.89383973e+00
  -6.48208567e-01
   1.60030105e-01
   1.17924082e+00
   1.16846030e+00
  -2.99013352e-01
  -1.22797628e+00
  -1.03896941e-01
  -7.51069175e-01
   6.82119842e-01
  -4.48602343e-01
  -7.58822418e-01
   7.15194104e-02
   5.67774736e-02
   1.53555221e-01
  -1.91587251e+00
   6.68254176e-01
   2.83470301e-01
   5.76493668e-01
   7.31693014e-01
   2.21053264e+00
  -8.81221227e-01
   4.29762446e-01
  -1.66375778e+00
   7.31505915e-01
   1.03228604e+00
   4.63484375e-01
   3.78615036e-01
  -5.72581699e-01
  -1.84146647e+00
  -8.33355806e-01
   1.09325085e+00
  -2.50311548e-01
  -2.19305374e-01
   2.12413812e+00
  -1.13193576e+00
  -2.92744045e-01
   4.35080615e-01
   1.15887870e+00
   5.14694267e-01
   6.00503218e-01
  -1.82392570e+00
  -2.11907078e+00
  -9.91736257e-01
   1.85427561e-01
  -1.73134540e-01
   1.39167213e+00
  -3.08510773e-01
  -1.14847965e+00
  -3.11711090e-02
  -1.14837612e+00
  -1.29872211e+00
   1.22690419e+00
   5.01466283e-03
   3.09335276e-01
  -1.06938365e+00
   7.93399124e-01
  -1.34561099e+00
  -1.92414103e+00
   7.67442796e-01
   9.11237348e-01
   1.41356633e-01
  -5.35801460e-01
   6.24467626e-01
   5.50260666e-01
   8.90676426e-01
   8.22521498e-02
  -1.20698311e+00
   5.71523770e-01
  -9.31482355e-01
  -1.77369314e-01
  -5.65569870e-01
   2.71358509e-01
   1.11523232e+00
   6.90605484e-01
  -2.84820983e+00
  -9.07375594e-01
  -7.43417515e-01
  -2.17627276e+00
   4.66723668e-01
  -2.10539145e+00
  -3.20081109e-01
   1.96654113e+00
  -6.94948966e-01
  -3.96589189e-01
   5.71418637e-02
  -4.50520794e-01
   1.89967641e+00
  -3.31464224e-01
  -1.92109036e-01
  -1.32406282e+00
   1.62178265e+00
  -3.30866090e-01
  -1.19588879e-01
  -1.42574272e+00
   7.19262788e-02
  -1.00310030e+00
  -1.43660372e+00
   5.61016268e-01
  -1.73781740e-01
  -1.41404889e+00
   3.48979446e-01
  -1.95089588e+00
  -1.05452855e+00
   1.48814204e-01
  -2.54667628e+00
  -4.41601990e-01
   1.86604092e+00
  -1.30488596e+00
   6.11763730e-01
  -6.32993466e-02
  -3.39671253e-02
   1.39251050e+00
  -3.31166603e-01
   6.81577910e-01
   1.07229480e+00
  -5.15411000e-01
  -6.09792097e-01
   2.52646687e-01
   7.81211980e-01
   5.47483985e-01
   7.58289176e-01
  -7.13838216e-01
   9.08869696e-01
  -5.16745465e-01
  -2.66416199e-01
  -4.66584785e-01
  -8.62814621e-01
  -2.27196437e-01
  -1.25073266e+00
  -5.93129095e-01
   3.85617210e-01
  -5.47874023e-01
  -6.71325801e-01
  -4.77266241e-01
  -5.40088709e-01
   2.68201364e-01
   1.41695073e+00
  -2.03475588e-02
  -4.40618937e-01
   9.18273874e-01
  -6.10004891e-01
   1.04556844e+00
   4.84220033e-01
   8.33618416e-01
  -1.03207255e+00
  -5.18615149e-01
   7.20358129e-01
   1.35739167e-01
  -1.12238499e+00
   4.57587400e-01
  -3.60555873e-01
  -2.96324261e-01
  -1.80395866e+00
   9.34138241e-01
  -1.29316155e-01
   1.55644943e+00
  -2.86150915e-01
  -8.02627137e-01
   1.72770066e+00
   9.60725543e-01
   7.00098527e-01
   7.82080962e-02
   2.07987495e-01
   5.27758909e-01
  -5.97170913e-01
  -5.29915592e-01
   6.35932349e-01
  -2.01295649e+00
  -4.84201557e-01
  -1.38024353e-01
  -1.82587869e+00
   9.39186214e-01
   1.40638706e+00
   9.00581824e-01
   1.32668994e+00
  -5.37825748e-01
   2.42984654e+00
  -3.54755372e+00
   5.20263381e-02
  -5.54463449e-01
   1.82162955e+00
  -8.26090417e-01
  -1.62674324e+00
  -4.67388606e-01
  -1.10775142e+00
  -1.06651186e+00
   6.14157895e-01
  -4.60293254e-02
   9.00841830e-01
  -3.89201469e-01
   1.59720683e+00
   3.97810535e-01
   1.50253594e+00
  -5.29518880e-01
   9.32964170e-01
   8.89971255e-01
  -1.24029960e+00
  -1.41497950e+00
   3.66755990e-01
   1.74382626e+00
   3.43899266e-01
   1.23416620e+00
   3.88210158e-01
  -1.85513777e-02
   1.79877917e+00
   5.50067017e-01
   6.53401420e-01
   1.30012218e+00
  -2.53000971e-01
  -9.47015571e-01
  -1.39845131e+00
   2.07998258e+00
  -1.73843973e+00
   1.89181244e-01
   5.64569943e-01
  -6.08047580e-01
  -4.09250034e-01
  -1.32966044e+00
   2.06590504e+00
   1.24936618e+00
  -8.34533263e-01
  -6.77654678e-01
  -4.47417124e-01
   7.86973582e-02
  -4.07825513e-01
   5.59923810e-02
   9.61403214e-01
   1.00785350e+00
   1.68676832e+00
   1.77015720e+00
  -1.68355209e-01
  -6.15941556e-01
  -2.44788522e-01
   1.92327189e+00
  -7.21839961e-01
  -2.59150495e+00
  -4.46888594e-02
  -7.87403359e-01
   1.96859702e+00
   1.11991312e+00
   5.29783464e-02
   6.15518977e-01
  -4.72514551e-01
   6.14742425e-01
  -8.50997472e-01
   8.57365785e-02
  -1.01017737e+00
  -1.19778967e+00
   6.05260421e-01
  -2.18129451e-01
   6.03093063e-01
   1.29327105e+00
   8.01195011e-01
   9.52464825e-02
  -9.58913855e-02
   8.53027292e-01
   2.04900941e+00
  -1.24110395e-01
  -4.77330366e-01
  -1.61810280e+00
   1.37654973e-01
   8.42155019e-01
   4.74020310e-01
   5.64216123e-01
  -1.32750923e+00
  -2.15860625e-01
  -2.52625627e-01
   1.48757276e+00
   1.12970655e+00
   1.83584902e-01
   1.12458201e-01
   1.83702161e-01
   9.34888895e-01
   6.67027783e-02
  -1.25218591e+00
  -2.06532017e-01
   2.39987407e-01
   7.77108683e-01
  -5.29423411e-01
   6.00445503e-01
   5.88309926e-01
   5.14972054e-01
   4.99508197e-01
   4.35894598e-01
   6.82916564e-01
   2.98131062e-01
   6.19190157e-01
   2.08199792e-01
   2.29598700e+00
  -7.63700221e-01
  -1.96150133e-01
   1.54260875e+00
   3.35871779e-01
  -5.95033309e-01
   1.25741417e+00
   1.37473292e+00
  -1.06194569e+00
  -1.35871974e-01
  -9.18574854e-01
   8.10475630e-01
  -1.80538088e+00
  -1.21190594e+00
   6.12240086e-01
   1.77166167e+00
  -1.50339260e-01
   1.08646605e+00
   1.25338857e+00
   1.64239437e+00
  -1.50467263e+00
   1.00643513e+00
  -2.64374321e-01
  -9.14699815e-01
   1.05443715e+00
   1.35819307e+00
   2.82813201e+00
  -2.34594653e-01
  -5.34141394e-01
  -7.63511432e-01
   1.41705273e+00
   6.07700924e-02
   1.40837831e+00
   9.35465384e-01
  -3.07863555e-02
   7.95972956e-01
   1.29845880e-01
   2.07065080e-01
  -1.20582970e+00
   4.99549338e-01
   2.58462876e-01
  -6.40898163e-03
  -7.12553256e-01
  -5.24125991e-01
   1.51234504e+00
  -2.49733318e-01
  -6.32709782e-01
   7.33279826e-01
  -7.62923520e-01
   4.75012797e-01
  -2.06807449e+00
   1.71344593e+00
  -7.51300493e-02
   1.10722802e+00
   3.56244635e-01
   2.06939303e-01
   3.50815016e-01
   2.78668023e-01
  -5.98724403e-01
  -1.58617782e+00
   5.13727609e-02
   6.73794978e-01
  -1.12285454e+00
  -5.18248115e-01
   4.50791577e-01
   7.62893216e-01
   1.94575825e+00
  -2.17715914e+00
   9.28595451e-01
  -1.00268500e+00
  -7.78736822e-02
   9.91778041e-01
  -7.56699635e-01
   5.21525658e-01
  -1.07375234e+00
  -5.43723232e-02
   9.20106506e-02
  -1.54396315e-01
   1.26837119e+00
  -2.49934951e+00
  -3.40058274e-02
  -2.25510193e+00
   7.75762333e-01
  -2.15265273e+00
   4.70378984e-01
  -3.93635532e-01
   4.55122010e-01
  -1.02764193e+00
  -1.41084407e+00
  -8.55623611e-01
  -3.27477862e-01
  -1.03612495e+00
