 -3.26123340e-01
  3.80837499e-01
  5.21237547e-01
  1.16409620e+00
 -7.97750826e-02
  2.65757807e+00
 -1.18890861e+00
 -1.30573424e+00
  3.80163373e-01
  3.20705212e-01
  7.32611069e-01
  1.34988054e+00
 -4.21983180e-01
  1.17926049e+00
  4.39866185e-01
  5.62479881e-02
 -8.56812671e-01
 -5.06470904e-01
  1.77034310e+00
  3.01057048e-01
 -9.89888099e-01
 -3.64438228e-01
 -8.09383209e-01
 -9.30967217e-01
 -1.59105237e-01
 -1.55291622e+00
  6.00315491e-01
 -1.93970895e+00
 -2.81408637e-01
  1.39754095e+00
  1.03533001e+00
 -2.87468097e-01
 -1.86099313e+00
 -5.20103422e-01
 -1.36514026e+00
  1.40256482e+00
  1.88299647e+00
 -6.71308339e-01
 -1.29969831e+00
 -5.41728533e-01
  7.11307228e-01
 -8.97949561e-01
 -1.22150679e+00
 -1.08121631e+00
  2.93504036e+00
  1.90959449e-01
 -1.61197402e+00
 -1.06511460e+00
 -1.83622602e+00
 -1.18597866e-01
 -1.63632907e+00
  7.64371276e-01
 -8.07033429e-01
  2.07584496e-01
  1.38501281e+00
 -1.90314671e+00
  1.19613858e+00
 -4.97199845e-01
 -3.75367783e-01
 -1.51201218e+00
 -8.14690930e-01
  8.14702858e-01
 -1.39209603e+00
 -4.18373137e-01
 -5.86399923e-01
  1.39952805e+00
  3.18562433e-01
  3.39447422e-01
 -4.00805512e-01
 -6.10749375e-01
 -4.24482677e-01
  9.23223687e-01
 -5.49458418e-02
 -1.11408607e+00
 -7.16187751e-01
  3.11963184e-01
 -7.08266275e-01
  3.53417462e-01
 -5.72061693e-01
  7.07716689e-01
 -2.01109819e+00
 -6.84869945e-01
 -4.77388135e-01
  1.19144225e+00
  1.11048503e+00
 -5.23880309e-01
 -1.05555513e+00
  1.43719181e+00
 -2.63369328e-01
 -1.32355033e-01
  1.66143408e+00
  4.00184394e-01
  1.74695253e+00
  7.34238157e-01
  3.96216468e-01
  5.70173088e-01
  1.02873015e+00
  1.57798070e-01
 -1.77299266e-01
 -6.29983333e-01
 -2.58189287e-01
 -1.04013400e+00
  7.97398935e-01
 -5.46942928e-01
 -6.57342307e-01
 -1.25225345e+00
 -2.60379939e-01
  2.01400366e+00
  8.57803954e-01
  8.56124487e-01
 -9.34703061e-01
  1.62885927e+00
 -4.09004136e-01
 -1.54214713e+00
 -7.56989034e-01
  7.14528450e-02
  6.64184606e-01
 -4.41865298e-01
 -2.26867657e+00
 -1.12963198e-01
 -1.25303404e+00
  1.04497858e-01
  1.10883714e+00
  8.34261183e-01
  2.25811022e+00
 -3.51776882e-01
  6.49293327e-01
  7.04685311e-02
  2.64717215e+00
 -6.06339892e-01
  1.22398399e+00
  9.95335451e-01
 -1.57209509e+00
 -1.57500479e+00
  1.83749547e+00
 -2.55019240e-01
 -8.41636874e-01
  1.07067442e+00
  1.20219414e+00
 -1.47906978e+00
  4.45059129e-01
 -1.04853374e+00
  7.91012226e-02
 -1.64570190e+00
  4.45745213e-01
  4.94052528e-02
  1.50635543e-01
 -5.76962725e-01
  9.42793134e-01
 -7.27302033e-01
 -4.22107405e-01
  6.24507011e-01
  6.04934861e-01
  9.82863298e-02
 -7.16900364e-01
 -6.56140018e-02
 -1.19864257e+00
 -4.15260796e-01
  9.95094093e-01
  8.01567240e-01
 -7.20844677e-01
  5.82920696e-01
  1.13932465e+00
  4.66542044e-01
  1.76799296e-01
  2.40882494e-01
  1.60446627e-01
  1.12922025e+00
  1.34454403e+00
  4.30610855e-01
 -1.45930047e+00
 -1.64187084e+00
  5.68750654e-01
  1.83406764e+00
  3.81233013e-01
 -8.62120857e-01
  2.30860632e+00
 -3.70454530e-01
 -9.57308652e-01
 -7.07208420e-01
  1.14605197e+00
 -1.57973241e-01
 -9.17255488e-02
  2.38854039e+00
 -1.82088783e+00
  1.95930660e-01
 -1.47534453e+00
  7.95478335e-01
 -3.90163512e-01
  1.11213231e+00
  2.09108646e+00
  1.44523081e+00
 -9.14688447e-01
 -1.19814938e-01
 -2.33458654e+00
  2.39593961e-01
 -5.71827648e-01
 -1.01340299e+00
 -2.40601683e-02
 -3.36966646e-01
 -1.33100445e+00
  2.68445583e+00
  3.70461541e-01
  1.36772747e+00
  2.82169948e+00
 -1.72023962e+00
 -1.36461478e+00
 -7.26146053e-01
  1.67031134e+00
  2.41645529e-01
  1.34521718e+00
  7.84327066e-01
  1.89570972e-01
 -2.44399711e-02
  6.67434982e-01
 -6.11244657e-01
 -5.91811820e-01
 -5.29490257e-01
 -5.11285010e-01
 -7.82599763e-01
 -1.49184408e-01
 -2.46478582e-01
  6.15121794e-01
 -1.39778490e-02
  1.28249403e+00
 -1.45604580e+00
 -1.43783101e-02
 -5.85345419e-01
  1.26438605e+00
 -7.11142396e-01
 -5.01572599e-03
 -6.09493005e-01
  2.34554070e-01
  1.09517949e+00
  8.49991973e-02
  8.14389705e-01
  5.44785100e-01
  6.53488252e-01
  6.88205207e-01
 -1.73888184e-01
  1.29431392e+00
  1.20541171e+00
  7.19586144e-01
  1.21972091e+00
 -8.87774061e-02
  8.92711484e-01
  3.44813104e-03
 -3.76342759e-01
  2.01783685e+00
 -6.22053553e-01
 -3.46897752e-01
 -1.64307803e+00
  1.25263047e+00
  2.45346902e-01
 -8.69240662e-03
  1.16650676e+00
 -1.49494018e-01
  4.28572212e-01
  1.46800186e+00
  5.66807369e-01
 -6.78662343e-01
 -5.90207139e-01
  2.62860809e+00
  9.99532764e-01
 -3.01620634e-01
 -3.46866568e-01
 -2.23623096e-01
  1.44855187e+00
 -1.09311624e+00
  8.15647981e-01
  1.81683354e+00
 -5.29961656e-01
 -8.08383114e-01
  2.90161036e-01
 -1.06038911e+00
  1.96340410e+00
  6.05534006e-01
  4.72472916e-01
 -5.38839757e-01
 -9.64320118e-02
  1.60323549e+00
  2.00559411e-01
 -3.94732010e-01
  8.42690134e-01
 -1.21304528e-01
 -1.23242448e-01
 -1.14255278e+00
 -2.25804713e+00
 -7.08564572e-02
  1.01217117e-01
 -6.43005344e-01
  1.65503684e-01
  4.21370630e-01
 -6.95590609e-03
 -4.20429494e-01
  1.10528965e+00
 -8.03466613e-01
 -8.01278814e-01
  2.44837356e-01
 -6.32355997e-01
  2.04804787e-01
 -4.85433022e-01
  6.82437568e-02
  8.19482188e-01
  1.17657332e+00
 -1.84898850e-01
 -1.03099547e+00
  2.82958129e-01
  6.70919864e-01
  3.95268536e-01
 -1.71520860e+00
  6.04053091e-02
  2.16890709e-01
 -1.51954718e+00
 -1.90151349e+00
  1.00656127e+00
  8.88053201e-02
 -1.42802005e-01
 -1.82166996e-01
 -1.60937163e-01
  6.58749764e-01
  8.93415368e-02
 -2.26355151e-01
 -1.62724450e-01
  1.09849584e+00
 -5.34059825e-02
  1.69003892e-01
  7.47825758e-01
  7.93045873e-02
 -2.38410167e+00
 -9.85991845e-01
 -4.01751264e-01
 -4.48150097e-01
 -2.70507907e-02
 -2.05618990e-01
 -5.12803961e-01
 -4.90211658e-01
 -9.40659400e-01
  1.34719526e+00
 -3.56762214e-01
 -1.32496489e+00
  8.66044553e-01
  1.49124505e+00
 -1.30048103e+00
  1.21480938e+00
  1.74256642e+00
  7.73907813e-01
  2.53864312e-02
 -7.42213643e-02
  1.66077060e-01
  3.36310824e-01
  3.76682461e-01
 -2.43614878e-01
  5.31987034e-01
 -2.85785272e-04
 -1.37884337e-01
 -9.15424844e-01
 -8.66746872e-01
 -1.57621086e+00
 -4.11443591e-01
 -8.07969384e-01
 -2.55286413e-01
 -1.07658196e-01
  1.17894567e+00
 -1.35436332e+00
  7.01354681e-01
  2.12565227e-02
 -8.31617336e-01
 -5.46460394e-01
 -5.98612926e-01
  4.64865001e-01
  9.81072309e-01
 -8.83623274e-02
 -6.40008212e-01
 -1.33943593e+00
  2.17315319e-01
  4.25380959e-02
 -6.64910337e-01
 -1.50725790e+00
 -4.07786281e-01
  9.02679919e-02
  1.31222224e-01
 -5.58136135e-01
 -1.07869072e+00
 -5.95032628e-01
 -2.74113305e+00
  6.96505433e-01
 -2.39881986e-01
 -3.88471289e-03
 -3.81538783e-02
 -3.28193488e-01
 -1.68833136e-01
 -5.87705081e-01
 -3.35910743e-01
  6.23097977e-01
  6.50523066e-01
 -3.16426959e-01
 -2.42029355e-01
  7.23638585e-01
  1.64749575e+00
 -7.05735618e-01
 -2.45076468e-01
  9.67255153e-01
  3.37391688e-01
  2.29610683e-01
 -2.19523895e-01
 -1.09758397e+00
 -9.44143297e-02
  1.38525824e+00
 -1.48098616e+00
 -7.48749325e-01
 -4.88697105e-01
 -9.75812579e-01
  5.97029452e-01
  3.19639221e-01
 -1.43537144e+00
  1.92155935e+00
 -4.61271469e-01
 -1.56638989e+00
 -1.96266660e-01
  6.78573115e-01
 -2.23735534e-01
 -3.31776830e-01
 -8.80631089e-01
  7.75195241e-01
  2.94810610e-01
  3.31251271e-01
  1.92186758e+00
  5.38932026e-01
 -6.33258878e-02
  4.39872979e-01
  7.80378192e-02
 -7.95551751e-01
 -4.37415829e-01
 -4.65486329e-01
  8.16703538e-01
 -8.69305491e-01
  7.09340008e-01
 -4.88247386e-01
 -1.31687721e+00
  7.65843667e-01
 -1.01424284e+00
 -1.68006663e+00
 -1.07327753e+00
  2.09239294e-02
  1.48711027e+00
 -5.40930089e-01
 -1.24334056e+00
 -8.12805603e-01
  2.83413042e-01
  5.12503928e-01
 -3.90991328e-01
 -9.57891107e-01
  5.35358573e-01
 -8.04358810e-01
  1.45605559e+00
 -2.96507004e-01
 -8.84979779e-01
 -7.47854025e-01
 -2.10435504e-01
  4.97984181e-01
  1.46682361e-01
 -1.43621611e+00
 -2.34773236e+00
 -5.81786468e-01
 -3.40048482e-01
 -9.22964546e-01
  1.61848038e-01
  4.15915277e-01
  2.27446964e-01
  1.24175521e+00
  1.21237132e+00
 -1.41848544e+00
  3.30902385e-01
  9.55838861e-01
 -1.09980185e+00
  6.02563467e-01
  1.04442581e+00
 -3.44076900e-01
  1.11424951e-01
 -3.94867391e-02
  6.27415149e-01
 -4.64129424e-01
  2.13663439e-01
  1.22325673e-01
 -2.44172300e+00
 -1.08394894e+00
 -2.85476930e+00
 -1.32062667e+00
  1.62521086e+00
  1.32880164e+00
  7.33669205e-01
 -1.55494888e+00
  4.67536943e-02
  2.24934369e-01
  3.06304068e-01
 -3.11415267e-01
 -8.05449576e-01
  9.96632599e-02
 -4.27339063e-01
  6.82884564e-01
 -1.44931923e+00
  3.36485574e-01
  1.45051097e-01
 -8.78278166e-01
 -4.75735081e-02
 -1.93390138e-01
 -1.37713542e+00
 -1.50763750e+00
  8.80794687e-01
 -1.02353765e+00
 -4.84397361e-01
 -9.82784500e-01
  2.76274698e-01
 -1.94956827e+00
  3.93873562e-02
 -2.20970516e+00
  5.19278123e-01
  1.09174235e+00
  4.89699104e-01
 -3.06709850e-01
 -6.88232726e-01
 -9.35634205e-01
  4.89900320e-01
 -1.87640474e+00
  3.41322674e-01
 -6.13756113e-01
  6.79167746e-02
 -5.90511608e-01
 -1.02561166e+00
 -3.24344714e-01
 -6.61726041e-01
 -1.00255901e+00
 -1.36342502e+00
  4.80941900e-01
 -8.00469736e-01
 -1.47950484e+00
  2.59764388e-01
 -1.60822361e-01
  5.10117677e-01
 -1.57048302e-01
  9.43229500e-01
  8.15984205e-01
 -6.52669041e-01
 -1.34755126e+00
  2.06477353e-01
  3.68242444e-01
  7.34641109e-01
  6.59227211e-01
 -8.65582303e-01
  1.27581859e+00
 -2.78665183e-01
  2.91843728e-01
  5.73659240e-01
  1.78834416e+00
 -6.01630307e-01
  2.63773825e+00
 -5.82004734e-01
 -2.48520115e-01
  6.18951658e-01
 -9.29057444e-01
 -7.85653134e-01
 -1.82994811e+00
  2.07328277e+00
  7.63078587e-01
 -5.79836459e-01
  5.24892613e-02
 -6.71896477e-01
  4.62846574e-02
  1.56194197e+00
 -3.24961373e-01
  2.23647467e+00
  2.86231677e-01
  2.16959748e+00
 -1.72842294e-02
  3.05955717e-01
 -1.09471037e+00
 -1.08762462e+00
  1.22365987e+00
  6.57283147e-01
  1.50813514e+00
  4.17327806e-01
 -1.10916344e+00
 -1.77191285e+00
 -3.90263189e-01
  5.30243342e-01
 -2.05868346e+00
 -2.54182216e-01
  2.19604482e-02
  8.14542185e-01
 -1.06674294e+00
  8.94592989e-02
 -4.51756047e-01
  7.21523919e-01
  1.66618147e+00
 -9.02868781e-01
  2.68092218e-02
 -3.58755497e-01
  9.44066286e-02
  2.66505344e-01
 -1.11565743e-01
  3.36055255e-01
  1.59372791e+00
 -3.19798418e-01
  1.15803215e+00
 -1.19222863e+00
  9.37998110e-01
  2.61860763e+00
  9.77893287e-02
  6.30344350e-01
  2.39120369e-01
  1.69111795e+00
  1.88038694e-01
 -2.62014549e-01
 -6.44871416e-01
  6.65975124e-02
 -4.29472690e-02
  1.41853574e+00
 -3.35454457e-01
  2.51626082e-01
 -5.49037919e-01
  3.15920761e-01
  3.69104957e-01
 -1.12942307e+00
 -5.07310874e-01
  4.95224809e-01
 -2.00755504e-01
  6.18524790e-01
  4.96384661e-01
 -7.97894610e-01
  7.78227428e-01
  2.75497517e-01
 -1.75816467e-01
  1.34361792e+00
  6.69099682e-01
  6.38708837e-01
  2.63126865e-01
  8.04366097e-01
 -5.05522026e-01
  5.31040141e-01
 -8.94406200e-02
  5.71212165e-01
 -1.58876835e+00
  5.37736337e-01
 -1.88149499e-01
 -2.17214553e-01
 -2.60324388e+00
  8.37727613e-01
 -9.73933483e-01
 -2.48250476e-01
  1.17780850e+00
 -6.70887386e-02
 -8.72094785e-01
 -1.98857783e+00
  3.10890950e-01
 -6.01607206e-01
 -1.06304116e+00
  2.32913636e-02
  1.41327133e+00
  7.01605838e-01
  4.21287343e-01
 -2.94858533e+00
 -7.79987792e-01
 -9.11197550e-01
 -5.03223445e-02
  1.93892634e+00
 -2.68537364e-01
 -4.86862250e-01
  6.88073027e-01
 -1.55653264e+00
  1.04315189e-01
  5.33564499e-01
  2.15698247e+00
  4.76944940e-01
 -1.15058232e+00
  6.00928865e-01
 -1.38662057e+00
  4.44687271e-01
  8.53729174e-01
  1.25915142e+00
 -8.27996650e-01
  1.59277725e+00
  8.15604865e-01
  5.57269443e-01
 -3.00744709e-01
 -5.63629884e-02
 -1.18415583e-01
  4.10665035e-01
 -1.94297885e+00
 -1.13865438e+00
  5.53698731e-01
  1.52729303e-02
 -3.05780914e+00
  1.07947051e+00
 -1.36884704e-01
  2.15208956e-01
  9.74651134e-01
 -9.40214455e-01
 -1.37567153e+00
 -2.40683751e-01
 -1.90376888e-01
  3.53450345e-01
  7.00890379e-01
  7.32412277e-02
  6.06221722e-01
 -1.26113980e+00
 -4.55608866e-01
  1.81140447e-01
 -7.21703902e-02
 -1.04143679e+00
 -7.98267981e-01
 -7.91251139e-01
  2.60721320e-01
  1.29438823e+00
 -8.49748883e-01
 -8.79468819e-01
 -2.22133041e-01
  7.84422838e-02
 -1.11563970e+00
  1.63170177e-01
  1.82259503e+00
  1.41177442e-02
 -2.14402761e-01
  1.51907712e+00
  1.69529045e+00
  8.34239307e-01
 -2.24209993e+00
 -1.66263194e+00
 -2.24363563e-01
 -9.54059523e-01
  1.00653289e+00
 -1.99751065e-01
 -1.04656556e+00
 -1.45060380e+00
 -1.25639829e-02
 -2.32368185e+00
  3.34343828e-01
  1.00700772e+00
  2.47395983e-01
  1.54746120e-01
 -1.72803440e+00
 -2.31883951e-01
  4.49879209e-01
  5.43813061e-01
 -6.69585454e-01
 -1.67134474e+00
  5.57316107e-01
  2.39906100e-01
 -4.11101637e-01
 -1.37228604e+00
 -2.05696847e+00
  3.96240142e-02
 -3.23173674e-01
  1.26030711e+00
 -4.46060621e-01
  1.40233528e+00
 -7.37321693e-02
 -7.08402939e-01
  2.32061158e-01
 -7.56084394e-01
  1.15332751e+00
 -1.86722080e-01
  9.81594651e-02
  1.32656890e+00
  1.52195189e+00
  1.42410647e+00
 -1.42012145e+00
 -3.18200331e-01
  5.88128523e-01
 -1.16531646e-01
  1.72855247e+00
 -8.60548075e-01
  6.86151198e-01
 -8.41440373e-01
 -1.24835939e+00
 -1.62204641e+00
  1.20988056e+00
 -1.72170706e+00
 -9.06976684e-01
 -1.34082561e+00
  1.15066459e+00
 -1.13099814e+00
 -7.57862868e-01
 -1.94170148e-01
 -9.63514460e-01
 -1.61275061e-01
 -3.70433278e-01
  1.09834801e+00
 -3.25957078e-01
 -4.02181733e-01
  1.59559550e+00
  1.37007768e+00
  1.03386700e+00
  7.79000823e-01
 -3.66345666e-01
 -7.77602486e-01
  1.27038846e+00
  1.46713956e+00
  1.84096633e+00
 -3.97522143e-01
  1.89690753e+00
 -1.80734927e-01
  3.13455263e-01
 -2.13427950e+00
 -5.73185670e-01
  3.28047129e-01
  1.34228588e+00
 -1.51114005e+00
  8.53412204e-01
  1.57214013e-01
  5.63787168e-01
  1.19436219e+00
 -1.09124587e+00
 -1.65301421e-01
  2.25328393e-01
 -7.82493352e-01
 -4.44787968e-02
 -1.24094625e+00
 -1.55447083e+00
 -6.54483379e-01
 -1.03575921e+00
 -6.52527332e-01
  9.12486955e-01
  7.39161526e-01
 -1.15359019e-01
 -1.04396828e+00
  1.03859505e-01
 -2.00803314e-01
 -4.81411163e-01
  1.78831440e-01
  5.24262897e-01
  4.51073025e-01
 -4.64872073e-01
 -1.29911799e+00
  6.47540322e-01
  3.55616967e-01
 -1.07484747e+00
  3.78853928e-02
  1.25554195e-02
  5.65245154e-01
 -4.29113542e-01
 -8.40117008e-01
 -4.79315888e-02
  1.26762347e-01
  1.07246308e+00
 -1.72773712e+00
  1.08095122e+00
 -1.05118937e+00
 -4.87891726e-01
  5.34438943e-01
 -5.59071230e-01
  2.15624345e+00
  5.41352419e-01
  1.00335231e+00
  5.69895917e-02
  3.94350923e-01
 -1.06925105e+00
 -1.51793948e+00
 -2.26968056e+00
 -1.27068291e+00
 -1.92693905e+00
  6.20066441e-01
 -1.14889518e+00
 -3.96365440e-01
 -3.67426694e-01
  8.48940659e-01
 -8.25258296e-01
  1.40659352e+00
  8.09020064e-02
  2.26697548e-01
 -5.22922740e-01
  8.30603870e-01
 -1.66775275e+00
  3.01144486e-01
 -1.14910779e+00
 -1.06164421e-01
 -1.35851317e+00
 -2.62985627e-01
 -5.05394121e-01
 -1.79864023e+00
  3.13689839e-01
 -3.69946214e-01
 -2.30282728e-01
  2.31058657e-01
 -5.07183868e-01
 -2.13169087e-01
 -1.75042335e+00
  9.71703064e-01
  6.33567411e-01
  1.56022660e+00
 -1.31965831e-01
 -1.32326422e+00
  1.34531050e+00
  8.62767950e-01
 -8.94160698e-01
 -6.61815749e-02
  8.06898755e-01
 -1.52040188e+00
  1.38951401e+00
 -7.05690024e-01
 -8.39462082e-01
  4.96422548e-01
  2.28542234e+00
  5.67638786e-01
 -1.77120658e-01
 -1.30706696e+00
  4.67006566e-01
 -8.52158709e-01
 -3.53168572e-01
  9.15736882e-01
 -3.49780304e-01
 -6.65386745e-01
  6.42008071e-01
 -1.94171379e+00
  4.11553141e-01
 -1.18217596e-01
 -1.15599857e-01
 -1.44293081e+00
 -6.18133865e-01
  1.20919763e+00
 -9.47029285e-01
  3.72750924e-01
 -6.92725324e-01
 -7.22937503e-02
  2.89899691e+00
 -6.44004539e-01
  2.55453515e-01
 -2.03611980e+00
 -1.52660559e+00
  1.09738015e+00
  6.34202115e-01
 -2.01628660e-01
 -2.45890739e+00
  8.73857049e-01
 -7.62468015e-02
  7.83414935e-01
  9.68563216e-01
  6.48397036e-01
 -1.44123112e-01
 -1.11115471e+00
  5.27245891e-01
  6.23624761e-02
  8.64497709e-01
 -6.53805112e-01
  1.47171386e+00
  1.31848853e+00
  6.22298907e-01
 -1.00743820e+00
  6.05166220e-01
  7.38989546e-01
 -7.38248471e-01
  7.03921619e-01
 -4.26736047e-01
  7.70520499e-02
  4.58052969e-01
  1.43788576e+00
  2.12560784e-02
 -7.99651461e-01
  1.34148203e+00
  1.90325985e+00
  5.21087579e-01
 -5.49995437e-01
 -5.01144566e-01
  2.69964566e+00
  1.17942207e+00
 -4.77699507e-01
 -7.02311242e-01
 -1.46080767e-01
  7.70624000e-01
  1.20833819e-01
  9.61822888e-01
  6.39750755e-01
 -2.26492142e+00
  1.38659034e+00
 -9.55876936e-01
  1.03130001e+00
 -9.16695370e-01
  9.07555926e-01
  1.15747149e+00
  3.54674926e-01
  4.38630111e-01
 -1.00706415e+00
 -9.68922702e-01
 -1.40819797e+00
 -1.27722374e-01
  3.25015433e-01
  8.02994659e-01
  5.58969481e-02
  8.26121156e-01
  7.48522367e-01
 -8.44426436e-01
  7.63274236e-01
 -5.28915398e-01
 -7.02840789e-01
  4.53256124e-01
  1.23337066e-01
  1.62417511e+00
  4.08817888e-01
 -2.53773739e+00
  1.04656635e+00
  2.33507319e+00
 -1.88619481e+00
  1.29609471e+00
 -1.03626219e-01
  6.40291865e-01
 -5.84190121e-01
  2.13929767e+00
 -1.33687242e+00
  9.39846089e-01
 -2.73794605e-01
 -8.28028328e-01
  1.09551528e+00
 -1.21401828e+00
 -7.73107525e-01
 -5.58398594e-01
  3.03704491e-01
  1.29141326e+00
  3.22959828e-01
 -2.54198107e-01
  4.22110086e-01
 -8.79867208e-01
 -1.19364583e+00
  1.47845219e-02
 -1.25349873e+00
 -1.60059942e+00
 -5.61818337e-01
  2.25735376e-01
  5.21163182e-01
 -1.47879953e+00
 -2.56869038e-01
  3.79057584e-01
  9.57136566e-01
  1.57811334e+00
  1.48572416e+00
  7.49349139e-02
 -1.29390443e-01
  1.39747579e+00
  3.28934490e-01
  2.57243432e-01
  7.36537144e-01
 -1.83650072e+00
 -3.47866710e-01
  3.39751274e-01
 -1.17086210e+00
  7.51863465e-01
  1.60123172e+00
 -2.85254050e-01
  4.47041160e-02
 -1.06036493e+00
 -7.56334420e-01
 -1.55353685e+00
  5.57880274e-02
  6.37161850e-01
  3.82011736e-01
  4.88785078e-01
  2.66571447e+00
  1.16570458e+00
 -1.94786145e+00
 -6.61252801e-01
 -1.41749523e+00
 -1.31713275e+00
  9.55047448e-02
  1.19517235e+00
  6.02943541e-01
 -2.88709848e-01
 -2.91706649e-01
 -1.72990036e-01
 -1.24686347e+00
 -9.42267544e-01
  2.02680976e-01
  8.65953528e-01
 -4.13029555e-01
 -3.24039182e+00
 -1.11994022e+00
 -4.97573653e-01
 -6.41585706e-01
  5.19903397e-01
 -4.38716174e-01
  1.86920981e+00
  4.16916086e-02
  5.23847714e-01
  1.38994173e+00
  3.20016009e-01
 -3.16106288e-01
  9.48521072e-01
  7.01152722e-01
  5.81778300e-01
  1.11527935e+00
 -9.29064891e-02
 -1.79261730e+00
  6.86315153e-01
 -6.48323714e-01
  1.63602865e-01
  2.66034837e-01
  9.84096129e-01
  9.39415417e-01
  6.74069814e-01
  1.08374353e+00
 -1.35253092e+00
  1.65540064e+00
 -3.62555147e-01
  1.99865097e+00
  3.01655569e-01
 -3.83323506e-02
  3.16343013e-02
 -1.18319592e+00
 -8.40586154e-01
 -1.59472851e+00
 -1.37379031e-01
 -1.56078647e+00
  1.49389772e+00
 -1.17906609e+00
  5.38686607e-02
 -8.51807529e-01
  1.15745615e-01
  1.59385117e+00
  8.94969183e-01
 -1.22728361e-01
  4.00331970e-02
 -1.48562575e+00
  1.06398292e+00
 -1.29715727e-01
  1.57920218e+00
 -3.22109496e-01
  1.08542360e+00
  1.32809874e+00
 -9.09229182e-01
 -7.16673988e-01
 -9.82956362e-01
 -1.19924547e+00
 -1.47399346e+00
 -5.99793702e-02
  4.82001601e-01
  5.42063339e-01
  1.01013419e+00
  1.66363541e+00
 -4.53966312e-01
  2.80985465e-01
  1.20105698e+00
 -4.21074212e-01
 -7.86338510e-02
  6.04799540e-01
  1.94963598e+00
  1.51988075e+00
  2.67655744e-01
  3.72805675e-02
 -4.05625080e-01
  3.85340231e-01
 -1.71410573e-01
  1.28317172e+00
  5.86514568e-01
  1.77888999e+00
 -8.42603301e-01
  2.28683898e+00
 -6.81324594e-01
  1.15704339e+00
  1.10677140e+00
  3.54432855e-01
  1.35580382e+00
  7.53651229e-02
  7.31234528e-01
  1.05678918e+00
  6.58399824e-01
 -1.12873027e+00
  4.98181249e-01
  1.61094729e-01
 -4.99357434e-01
 -3.02553804e-01
  1.61611447e+00
  5.06535026e-01
 -1.16903766e+00
 -7.59097637e-01
 -5.15630712e-01
 -2.24524730e+00
  1.39864561e+00
  1.07761651e+00
 -1.26924932e+00
 -1.80661126e-01
  1.57823600e+00
 -1.12912829e+00
 -1.42577032e+00
  3.12918179e-01
 -1.52623579e+00
 -3.69364073e-01
  1.28545409e+00
 -1.51822322e+00
 -7.02965136e-01
  1.08847243e+00
 -1.02759375e+00
  5.10630845e-01
 -1.85420119e+00
 -1.72756031e+00
 -4.37323666e-01
  8.04559743e-01
 -6.21395680e-01
  4.12317781e-01
  4.56776545e-01
  1.26048574e+00
 -1.40470867e-01
 -2.89451236e-01
 -1.37164463e+00
 -3.15228635e-01
 -3.93746027e-01
  1.38688067e+00
 -1.04268178e+00
 -2.70593034e-01
 -2.17460086e-01
  5.15738604e-01
  7.94359555e-01
  8.36509612e-01
  1.66011502e-01
 -7.89852981e-01
  4.91422968e-02
  1.03131714e+00
  5.11901500e-01
 -2.55936898e-01
  1.60381097e+00
 -6.50336688e-02
 -5.85265457e-02
  6.09048364e-02
 -1.51662024e-01
 -3.98026081e-01
 -4.11096869e-01
 -9.63939817e-01
  9.55266756e-01
  8.80269781e-02
  1.82316591e+00
  1.72286621e-02
 -4.36580448e-01
  7.53878068e-01
  3.44407744e-01
 -8.19130644e-01
  1.60325064e+00
  5.60734151e-01
 -5.55928083e-01
  3.97003045e-01
 -2.14324715e+00
  1.04323747e+00
 -2.43832233e-01
  1.49075312e+00
 -1.06593426e-01
  1.11755648e+00
 -1.60386741e-01
 -5.43888704e-01
 -2.32097809e+00
 -1.22112439e+00
  1.65543656e+00
  1.12806823e-01
  2.79718696e-01
 -5.65941026e-02
  1.44603623e+00
 -2.80120629e-01
  5.07578738e-01
  1.37175483e-01
  9.04402489e-01
  2.45345535e+00
 -1.00051309e-01
 -1.94113525e-01
 -1.09250141e-01
  5.28783892e-02
 -9.93036452e-01
  1.90304016e+00
  6.79033790e-01
 -1.67268800e-01
 -5.11024511e-01
  1.50953758e+00
  5.48311038e-02
  7.31688346e-01
 -1.01121851e+00
  7.66597353e-01
  5.24818774e-01
  1.33736331e+00
  1.09522218e-01
  4.51614546e-01
 -2.19337151e-01
  1.03402524e+00
  1.98354130e-01
 -1.27798497e+00
  1.39583621e+00
  5.62216342e-01
 -9.22024580e-01
  7.52898906e-01
  2.50824466e-01
 -2.09968229e-01
  2.19221554e-01
 -2.48274724e-03
 -1.06700253e+00
 -9.65009839e-01
 -2.66873177e-01
 -6.54637292e-01
  9.96940940e-02
 -9.21055674e-02
  9.39527180e-01
  2.99712893e-01
 -3.04231286e-01
 -1.63425441e-02
 -1.02949383e+00
 -1.89127402e+00
 -3.86534261e-01
  8.40557053e-01
 -4.99442825e-01
 -1.27063674e+00
 -5.50816097e-01
  1.45677833e-01
 -4.12151993e-01
  1.99399251e-01
 -9.61044624e-01
  5.79385272e-02
  5.30638468e-01
  1.05753252e+00
  2.05182630e+00
 -2.02701724e-02
  2.60339967e-01
 -4.85655522e-01
  1.55305832e+00
  1.56411949e+00
 -4.63641549e-01
  2.07212050e-01
 -1.00642636e+00
  2.29006773e-01
 -7.19612507e-01
  9.01048259e-01
 -4.22400479e-01
 -1.48218802e+00
 -6.16911325e-01
  6.63657009e-02
  3.40551766e-01
  1.24693012e-01
  1.00163902e+00
 -1.02889871e-01
 -3.02655419e-01
 -6.71752127e-01
 -9.41328542e-02
  1.06553345e+00
 -1.04698550e+00
  3.26429606e-01
 -5.95031241e-01
  1.50541069e+00
  3.84179256e-02
 -1.26630742e+00
 -6.42408640e-01
 -1.00358659e+00
 -3.45238730e-01
  4.52945500e-01
 -1.11974999e+00
 -1.16280252e+00
 -1.42463244e+00
 -1.45951239e-02
  5.04281759e-01
 -5.91032498e-01
  1.87255077e-01
 -1.89782470e-01
  1.09256594e-02
  3.91753900e-01
 -4.83766441e-01
  2.79414479e-02
  1.65780291e-01
  7.08043653e-01
 -8.66861671e-01
  2.27877556e-01
 -1.90159692e+00
  2.56507232e-01
 -1.23509362e+00
  1.26489895e+00
  3.66303135e-01
 -1.24743385e+00
  6.16083960e-01
  2.15530139e+00
  8.62258586e-01
 -6.94132033e-01
 -8.22918230e-01
  1.53883730e+00
 -5.10507521e-01
  1.10923550e-01
  1.30398422e+00
 -1.20148116e-01
  7.71653154e-01
 -1.60986760e+00
  4.42532021e-01
 -7.03213705e-02
  1.69653219e+00
  1.16031408e+00
  5.81856333e-01
 -1.05415713e+00
  6.54359890e-01
  7.19774527e-01
 -1.96655889e-01
  7.96450513e-01
  1.85407105e-01
 -1.03303431e+00
  8.61664270e-02
  8.70698274e-01
 -3.11384062e-01
 -8.77200733e-01
  1.75546177e-01
 -1.39578700e+00
 -9.22233050e-01
 -7.44260341e-01
  6.88670841e-01
 -3.93032427e-02
  1.20211444e-01
 -8.48647406e-01
  1.11398167e+00
  3.56032747e-01
 -1.43544729e-01
 -1.19610839e+00
 -1.06794244e+00
  9.26457258e-01
  1.49046202e+00
  1.53561803e-01
 -6.25426649e-01
  8.81455960e-02
 -7.14860577e-01
 -3.19784016e-01
  5.52605255e-01
  1.57496835e-01
  1.14674477e+00
 -1.16769605e+00
  8.90900006e-01
 -7.36743333e-01
 -1.15559729e+00
 -1.07189481e+00
 -6.40313492e-01
  5.22833832e-01
  9.22644972e-02
  5.07264666e-01
 -9.92074741e-01
 -8.77820316e-01
 -4.08232254e-01
 -1.54544126e-01
  3.70327924e-01
 -1.22077283e+00
  7.77566169e-01
  1.24823552e-02
  1.13059812e+00
 -3.00499959e-01
  9.32389384e-01
  7.51629538e-01
  2.75585044e-01
 -5.05878688e-01
  6.19952095e-01
 -5.51922380e-01
  1.38498164e+00
  1.23965319e+00
 -3.08853596e-01
  1.61233085e+00
  7.08359646e-01
  5.31020879e-01
 -1.32363773e+00
 -1.09250260e-01
  7.97733815e-01
  6.02817351e-01
  2.14703086e+00
 -1.65156186e+00
  6.50872235e-01
 -7.05230766e-01
 -1.25874946e-01
  9.53446477e-01
 -2.62007005e+00
  2.11383663e-01
  6.81523658e-01
 -3.86586587e-01
  9.10319538e-01
  8.15361256e-01
 -6.32758472e-01
 -4.01829276e-01
  6.59770986e-01
 -3.96242745e-01
 -1.21570156e+00
 -1.91572621e-01
  1.47515050e+00
 -5.27016971e-01
 -1.53359765e+00
  3.67091825e-01
  7.45766123e-02
 -1.12228334e+00
  6.35977862e-01
 -1.59272266e+00
  6.16264635e-01
 -1.01896311e-01
  1.22769525e+00
  2.16220655e+00
  6.13843663e-01
 -1.12694628e+00
  6.40177768e-01
  1.17558359e+00
 -3.65592959e-01
 -2.82441824e+00
 -7.36619929e-01
  9.18503901e-01
 -2.97535847e-01
 -9.42380764e-01
  4.45394563e-01
 -6.90154690e-01
  1.01544108e+00
  2.66914383e-01
 -8.08956019e-01
 -3.64406730e-01
  1.31805320e+00
 -1.57531475e+00
  7.86296477e-01
 -6.78858159e-01
 -1.91602331e+00
 -9.79955401e-01
 -3.87871518e-01
 -1.05717681e+00
  7.43105194e-02
  1.07614329e+00
  9.84094894e-02
 -4.79553513e-01
 -1.61178205e-01
 -9.00557697e-01
 -1.10610300e-01
  3.57884339e-01
  6.75962084e-02
 -4.49852284e-01
  2.69450074e-01
 -2.15652404e+00
 -1.34718391e+00
 -5.48312665e-01
  1.30046712e+00
  1.08175374e+00
 -9.64900363e-01
 -1.28579102e+00
  2.24011768e+00
 -1.82149149e-01
  1.68228929e+00
 -1.11536910e-01
  7.20483832e-01
 -1.08915616e+00
 -8.50844873e-01
 -6.32525982e-01
  4.09854621e-01
 -3.67401049e-01
  3.20270432e-01
 -1.98382876e-01
 -1.13954088e+00
  3.10651887e-01
 -1.26495331e-01
 -5.01688264e-01
  2.96474284e-01
  4.62656921e-01
 -4.58781359e-01
 -1.24592996e+00
 -1.20826441e+00
 -1.06886207e+00
 -1.04680648e-01
  3.04232951e-01
 -6.39840419e-01
  1.58684038e+00
 -1.75351824e+00
 -7.02272812e-01
 -9.09406642e-01
  1.42829158e+00
 -1.26321527e+00
  2.04608361e-01
  1.85427344e+00
 -3.78500863e-01
 -3.23514971e-01
 -1.53469532e+00
  2.33525295e-01
  2.72500971e-01
 -3.36003994e-01
 -1.40262172e+00
  3.64352088e-01
 -8.41752180e-01
  7.57643411e-01
  4.07749948e-01
 -5.23210991e-01
 -7.50495521e-01
 -3.43507925e-01
 -1.29867929e-01
  3.55858213e-01
  1.85100106e+00
 -1.18595482e+00
 -1.08929475e+00
  1.25281273e+00
  1.88194239e+00
 -1.28200778e-01
  1.67941903e+00
  8.85238175e-01
  5.74130070e-01
  5.25484830e-01
 -4.07504234e-01
 -1.45674214e+00
 -1.07743269e+00
 -2.09983770e+00
  9.09304540e-01
 -6.70972719e-01
  1.33700272e+00
 -7.80403122e-01
 -4.70481730e-01
 -8.95556095e-01
 -6.15990476e-01
  5.12270346e-01
 -1.75618332e-01
 -4.15118617e-01
 -2.91867076e-01
 -5.07505589e-01
 -9.39585582e-02
 -2.77487973e-01
  8.54920659e-01
 -1.80475311e+00
  5.68558088e-01
 -3.43429266e-01
  8.71894916e-01
 -2.29250671e-01
 -2.33610468e+00
  6.19962389e-01
 -2.21126545e-01
  1.21396552e+00
  4.92475273e-01
 -7.96827721e-01
 -3.49599596e-01
  2.02515887e-01
  1.22954857e+00
  1.61406029e+00
  1.29073334e+00
 -1.48589765e+00
  1.70330490e-01
 -5.96651268e-02
  1.79596530e-01
  1.03380981e+00
  1.36265576e-01
 -1.32605040e+00
 -2.68031674e-01
 -1.58644275e+00
  2.33178661e-01
  5.03441365e-01
 -1.71105390e+00
 -1.01806807e+00
 -5.47417349e-01
  4.77829208e-01
  1.31600474e+00
  6.34044653e-01
  8.89751020e-01
 -7.45666555e-01
  3.32543709e-01
  1.01855648e+00
  8.54148397e-01
 -2.62911037e+00
 -5.76702655e-01
 -5.20301012e-01
 -1.24918144e+00
  1.90258285e+00
  6.94109845e-02
 -1.69264869e+00
 -2.73400401e-01
  6.83578602e-02
 -2.61006346e-01
 -7.10243822e-01
 -4.09030743e-01
  1.56408347e+00
 -2.16741865e-01
  2.58245956e-01
  5.20800225e-01
  1.62549949e+00
 -6.11398829e-01
 -6.16007695e-02
  2.92663470e-01
 -8.52173247e-01
  6.18368424e-01
 -7.72938736e-01
  3.73216585e-02
 -4.51253811e-01
 -3.28623219e+00
  6.38046506e-01
 -1.24757320e+00
  3.65149989e-01
  8.11289847e-01
 -2.23972943e-01
 -5.93530679e-03
 -1.04258706e-01
  3.80746764e-01
  1.39879773e+00
  1.35534703e+00
  1.11513994e+00
  1.01230772e+00
 -1.32411962e+00
 -3.58070753e-01
 -1.60939569e+00
 -5.50761184e-01
 -5.33244807e-01
 -1.41072947e+00
 -1.12653759e+00
 -3.23455326e-01
 -5.37536750e-02
 -1.81350457e+00
 -3.81713363e-01
  4.38099806e-01
  8.39599194e-01
  3.69866018e-01
 -7.83994161e-01
  8.63668852e-01
  4.13061064e-01
 -9.86281506e-01
  2.52203782e-01
  3.10739736e-02
 -6.34754215e-01
  1.82117497e-01
 -1.47723506e+00
 -1.27425148e+00
 -1.49541476e-01
 -4.99096565e-01
  7.61840791e-01
  1.32441549e+00
  1.43079293e+00
 -7.02636168e-01
  3.17182432e-01
 -1.23386788e-01
 -8.66905529e-02
 -2.89190765e-02
  8.73287495e-01
 -2.27238387e+00
  1.29308513e+00
  9.31078126e-01
  1.28850450e+00
 -2.41833051e-01
 -1.15707952e+00
 -6.54631767e-01
 -7.87322976e-01
  3.96617449e-01
  4.95332647e-01
  7.12223663e-01
 -1.02497669e+00
 -3.02401825e+00
  4.05757536e-01
  1.53660815e+00
  1.94052443e-01
 -2.03136277e-02
  1.11442738e+00
 -1.08085247e+00
 -1.29517685e+00
 -4.62572017e-01
 -7.00989372e-01
  4.67823869e-01
  1.11619895e-02
  1.27706139e+00
 -9.82961316e-01
  1.19126326e+00
 -9.55582164e-02
  5.09168556e-02
 -1.33964381e+00
  3.22957768e+00
 -1.83626618e+00
 -5.19844926e-01
 -1.92028270e+00
  1.56606974e+00
  1.68994664e+00
 -5.27846574e-01
  1.64327939e+00
  1.09445626e+00
 -6.06061423e-01
 -1.74450165e-01
  9.80972827e-01
  1.65169635e+00
  1.46356214e-01
  1.10637095e+00
 -8.21209393e-01
 -3.82116717e-02
 -2.32932644e+00
  5.14016557e-01
  4.59515422e-01
  6.12358199e-02
 -1.60354731e+00
 -3.26134584e-01
 -1.32022243e-01
  1.46870034e+00
 -2.62565962e-01
 -1.26107326e+00
  1.48507262e-01
  2.54536443e-01
 -2.80077392e-01
  9.68055241e-02
 -8.28511221e-01
  4.69736538e-01
  1.38381524e+00
  1.79450081e+00
 -3.58638385e-01
 -2.45088313e+00
 -3.76897010e-01
  2.69749744e-01
  5.60423735e-01
  2.83756239e-01
 -1.31082481e-01
 -8.80564234e-01
 -3.90648704e-01
  1.07311732e+00
  1.90916758e+00
  8.18048828e-01
 -7.99079621e-01
  1.73740877e-02
 -5.61580527e-01
 -2.13218566e+00
 -7.26616216e-01
 -6.56174416e-01
  5.85155861e-01
 -1.19965221e+00
  7.79082610e-02
  4.48689366e-01
  1.51599591e+00
 -3.40376615e-01
 -1.31819607e-02
 -1.39763754e+00
 -3.93239504e-01
 -9.29059111e-01
  6.33711696e-01
  4.11587126e-01
  1.24349026e+00
  1.08374840e+00
 -1.46909759e+00
 -1.58785584e+00
  9.45605368e-01
 -1.04287674e+00
  1.08914160e+00
 -1.19371180e+00
 -1.98038300e-01
 -1.28751988e+00
 -7.00395752e-01
  1.54442140e-02
  1.19429507e+00
  8.13629981e-01
  1.01073635e+00
 -2.19378667e-02
  7.93226728e-01
  9.92609528e-01
  9.15056797e-02
 -3.28354450e-01
  5.92542194e-01
 -3.12302837e-01
  1.83132015e+00
  1.70294745e+00
  6.31151047e-01
 -4.37385241e-01
  2.99711502e-01
  1.08026166e+00
  1.06556257e+00
  5.17749453e-01
 -2.30041983e-01
  1.19129214e-01
 -1.18981741e+00
  2.47225128e-01
  8.94704810e-02
 -8.81402712e-01
  9.49844586e-01
  9.29128392e-01
  1.78528870e+00
  1.02510097e+00
 -2.93010447e-01
 -1.23024461e+00
  1.12870759e+00
  1.90612597e-01
 -5.15105572e-01
  9.96936182e-01
  2.66447971e-01
 -4.33542389e-01
 -1.20888164e-01
  1.25646840e+00
 -2.47425367e-01
 -1.51249657e+00
  7.12680072e-01
  5.18501464e-01
 -8.02387421e-01
  4.45124398e-01
  1.34786881e+00
 -7.74862431e-01
  8.54948059e-01
  3.07291409e-01
  5.81145183e-01
  1.34440283e+00
 -1.77408908e+00
  3.36014172e-01
  8.21316869e-01
  1.74060918e-01
  9.43097030e-01
  7.96964727e-01
  9.85718725e-01
 -6.84857232e-01
 -6.11130232e-01
  7.47675848e-01
  4.81731315e-02
  1.26290864e+00
 -1.58030112e+00
 -2.33518093e-01
 -5.83826413e-01
 -6.70710688e-02
 -4.01363408e-01
 -1.30870305e-01
  6.58972370e-01
 -1.57964575e+00
  5.16997502e-01
 -2.15016437e+00
  4.16373460e-01
  9.79961368e-01
  1.62315890e+00
 -1.06032595e+00
 -6.68448987e-01
  3.84691758e-01
  5.76527342e-01
 -8.21051826e-01
  1.77402033e+00
 -1.63480066e+00
  2.13354961e+00
 -1.79731656e+00
  1.48897050e+00
  5.94086524e-01
 -1.41254526e+00
 -2.38604385e-01
 -9.06263479e-01
 -1.47016212e-01
 -4.47308145e-02
 -1.00728265e-01
  1.02164497e-01
 -5.29511338e-01
 -7.66100915e-01
  1.03785604e+00
 -2.05866607e+00
 -5.92762881e-01
  2.18050046e+00
  1.50111097e-01
 -5.15027168e-01
  2.05908188e+00
  7.27463061e-01
 -1.24097121e+00
  1.27663042e+00
 -8.88733479e-01
 -8.32641660e-01
 -6.08832915e-01
  4.11843514e-01
  1.02754047e-01
  7.97167271e-02
 -4.28698261e-01
  1.34410381e+00
  1.15662392e+00
 -1.38713874e+00
  8.53324796e-01
 -8.55408396e-01
  1.39236478e+00
  1.36093666e+00
 -2.08329839e+00
  1.25349697e-01
 -1.70780103e+00
 -5.69019416e-01
  8.30097392e-01
 -5.66913518e-01
  1.26338872e-01
  6.06943813e-01
  1.19515045e+00
 -2.81758304e-03
 -1.18392108e+00
 -2.25807805e+00
 -3.36562814e-01
 -4.23188397e-01
  1.07387491e-01
  1.50662840e+00
 -2.49323609e-01
  1.54373039e+00
 -2.33910345e+00
  6.55966248e-01
  3.25012617e-01
  9.99718600e-01
 -1.26113172e+00
 -2.08075476e+00
 -7.07355480e-02
 -1.59243660e+00
  3.55313039e-01
  1.25516650e+00
  9.07894270e-01
 -1.40712293e+00
 -1.07877577e+00
 -3.92470749e-01
  1.73473172e+00
  2.42216664e+00
 -2.26698680e+00
 -7.64718779e-01
 -9.14541090e-01
  6.28797599e-01
  3.21696253e-01
  2.19110770e-01
  2.34643910e+00
  6.85020854e-01
 -1.17922242e+00
  4.61197438e-01
  7.45566818e-01
 -1.46991868e-01
 -7.15168466e-01
  3.69731715e-01
 -4.66951034e-01
 -1.18985142e+00
  3.98671994e-01
 -5.34328879e-01
  1.03397565e+00
  1.13581246e+00
  2.18528523e-01
  9.32292565e-01
 -1.29055791e+00
 -1.86242508e+00
  2.35250484e-01
  1.93461001e+00
 -6.55013926e-02
 -1.84671438e-01
  2.36547922e-01
  6.94194186e-01
 -2.94885670e-01
  1.03063666e+00
 -8.08247373e-01
 -2.21337454e-01
 -4.98812545e-01
 -2.39048382e+00
  6.14755358e-01
  7.98221027e-01
  1.30410836e+00
  7.68880862e-02
  6.28363269e-01
  1.16086374e-01
  9.59972702e-03
 -1.34416344e-01
  1.28362732e+00
  3.38213511e-01
 -6.48389308e-01
  3.38308791e-01
 -1.40533351e+00
 -4.92198087e-01
  1.16139942e+00
  5.25095072e-01
 -2.08565096e+00
 -1.46038272e+00
 -9.23003636e-02
  5.17124496e-01
  1.84050897e+00
 -6.29912789e-01
 -4.94876339e-01
  6.11249431e-01
  5.65178597e-01
 -1.00429918e-01
  3.00279346e-01
  8.92168020e-01
 -1.04499254e+00
  6.31890201e-01
 -2.36661407e+00
  1.14855358e+00
 -6.40625205e-01
  1.32791207e-01
  6.55118746e-01
 -1.30498158e+00
 -1.22571074e+00
 -2.09920340e+00
 -4.03017111e-01
  6.39441619e-01
  3.97740340e-01
 -2.16235637e-01
 -4.56908242e-01
  4.55988278e-01
  4.47970695e-01
  1.51870826e-01
  2.42184127e+00
  2.32094917e-01
  4.97971693e-01
 -8.52796617e-01
 -4.97899489e-02
 -5.91127290e-01
 -6.95341730e-01
  1.92773463e+00
  1.35426823e+00
  2.17558755e+00
  1.05991453e+00
  2.25519176e-01
 -9.56684977e-01
  1.52434926e+00
 -2.08746340e+00
  4.81610166e-01
 -1.31538767e+00
 -6.61077295e-01
  1.47933524e+00
  6.87824576e-01
  1.05150026e+00
 -8.37159283e-01
 -1.84016754e+00
  2.52683295e-01
  7.56132301e-01
 -5.66063440e-02
  9.41299001e-01
  6.40421819e-01
 -8.55208238e-01
 -1.61176133e+00
 -8.59858290e-01
  1.48972584e-01
 -6.01135986e-01
  1.93940546e-01
  7.18635751e-01
 -1.95221871e+00
  1.32322045e-01
  6.99616796e-01
  3.13310013e-01
  4.05588295e-01
  1.62504441e+00
  2.49890559e+00
  3.65542621e-01
  5.81555568e-01
  1.50111328e-01
 -1.65283946e-02
  1.32096036e+00
  3.25512119e-01
 -3.61510678e-01
  1.58424749e+00
 -8.02299262e-01
  3.93174518e-01
 -6.31710024e-02
 -5.66572159e-01
  2.75890462e-01
 -5.37172006e-01
  9.91768379e-01
 -1.14641656e+00
 -5.33949945e-01
  3.40909287e-01
  5.02533343e-01
 -6.82001456e-01
  1.09044972e+00
 -7.22688783e-01
  2.13972382e+00
 -1.18775966e-01
 -8.97185787e-02
 -4.44009683e-01
 -1.02003846e+00
 -2.21343338e+00
  1.41168407e+00
 -5.19423435e-01
  1.17303182e-01
 -3.69832962e-01
  7.35164352e-01
 -4.69218003e-01
 -5.71663399e-02
  3.20097444e-01
 -2.10854680e-01
 -2.09332916e+00
  7.91398232e-01
  3.60609260e-01
 -4.46825621e-01
  8.44357656e-02
  8.53344811e-01
 -1.96515170e+00
 -3.59185113e-01
  1.64295297e-01
  1.28875642e+00
  2.88175293e-01
 -1.03933650e+00
  2.12655521e-01
 -5.56878765e-01
 -9.35680229e-01
 -4.77873959e-01
  7.77124206e-01
 -8.83595039e-01
 -7.33573686e-01
  1.77005457e+00
 -9.06162219e-01
 -2.55655863e-01
  3.78385146e-01
 -2.39629698e-01
  1.31330713e+00
 -3.89873282e-01
 -1.90288587e+00
 -1.48597936e+00
 -5.19961527e-01
  6.35562319e-01
 -1.31109821e+00
 -3.98993340e-01
  1.17981759e+00
 -1.38232253e+00
  2.93284818e+00
 -2.79653236e-01
  8.64263955e-02
  9.16585125e-01
  1.58521860e+00
  3.98371670e-01
 -8.26331978e-01
  2.61030166e-01
 -7.91865272e-01
  1.12613677e+00
 -2.43836522e-01
 -1.61261249e+00
 -5.24012015e-01
  7.07192470e-01
  4.94352707e-01
 -1.48324006e+00
  4.51424000e-02
  8.79248698e-01
 -2.90175389e-01
  8.63470925e-03
 -5.63591247e-01
 -1.05599195e+00
 -1.77197929e-01
 -5.21807655e-01
  1.93336259e+00
 -7.31898179e-01
 -6.08567609e-01
 -1.64665311e+00
 -8.96787499e-01
  1.25844327e+00
  9.56910883e-01
  2.84285838e-01
  1.85972433e-01
 -1.42665522e+00
 -1.31492582e-02
  3.85823871e-01
 -2.55371730e-01
 -4.10265631e-01
 -3.84523807e-01
  1.29124168e-01
 -2.55276958e+00
 -1.60159801e+00
 -1.51575113e+00
  1.98761863e+00
  5.99765586e-01
  2.21029466e-01
  9.02547824e-01
 -1.96689141e-01
  2.40939770e-01
 -1.18681701e-01
 -1.52135470e+00
  3.44455344e-01
  9.61730328e-01
 -1.85435951e-01
  2.52832256e-01
  5.96862644e-01
 -8.23226954e-01
  1.17143528e-01
 -3.33323795e-01
  1.25449805e+00
 -5.02456301e-01
  1.22807311e+00
  4.78363934e-01
 -1.54997662e+00
 -3.30576271e-01
  4.41646264e-01
  1.04122814e+00
  3.96826724e-01
 -8.54653299e-01
  1.64652255e+00
 -9.25070697e-01
  8.75421492e-03
 -1.43348706e+00
  2.12707854e-01
 -2.20017415e+00
 -1.90163226e+00
 -8.15337326e-01
  1.04633937e+00
 -5.22775214e-01
  1.25449177e+00
  8.71371755e-01
 -1.80157362e-01
  1.67945944e+00
  5.59505952e-01
 -2.72919868e+00
 -9.93503284e-01
  9.03912851e-01
 -5.96642745e-01
 -1.33207350e+00
  3.51915486e-01
  3.65153406e-01
  1.10717380e+00
  1.18598540e+00
 -4.50965473e-01
 -9.15361494e-02
 -3.76106369e-01
 -1.33964879e+00
  1.42777752e+00
  1.15334356e+00
  2.90804632e-01
  8.33207376e-01
  7.40342536e-02
  6.80328133e-01
 -6.31914706e-01
 -6.07992448e-01
 -2.27941321e+00
  2.01011508e+00
 -5.51714983e-02
 -5.16524682e-01
  4.87657213e-01
  1.27518517e-01
 -9.52051532e-01
  1.48771917e+00
  5.59267886e-01
 -3.81782054e-01
  9.91200359e-01
  9.45800373e-01
  2.77793479e-01
  7.09476964e-02
 -3.83342243e-01
 -2.31543798e+00
 -6.63312303e-01
 -2.93088476e-01
 -7.15569627e-01
 -2.34511197e-01
  7.27411798e-01
 -2.00460424e+00
  3.35992637e-01
  3.09981127e-01
 -5.29026664e-01
 -1.37261710e+00
 -5.51443768e-01
  8.67978404e-01
  4.20739127e+00
  6.62155997e-01
 -7.24255101e-01
  5.09474734e-01
 -5.11736675e-02
  2.78386878e-01
  8.78290924e-01
  4.10947584e-01
  1.08105120e+00
 -4.93736394e-01
 -6.71380049e-02
 -4.55653260e-02
 -6.34448783e-01
 -3.43502197e-01
  4.89352447e-01
 -5.50577940e-01
  4.74198672e-01
 -4.19635441e-01
  6.64073196e-03
 -2.73116935e-01
 -1.34427621e+00
  1.48383476e+00
 -4.10056216e-01
 -6.74605103e-01
 -3.41516907e-01
  1.33510296e+00
  2.00506908e-01
 -3.36234162e-01
  1.27881029e+00
 -6.87222571e-01
 -1.24064311e+00
  7.52613791e-02
  1.79823938e-01
 -1.51532915e+00
 -1.03476586e+00
  9.53880903e-01
 -8.61100545e-02
  3.92442381e-01
  3.04123002e-01
  1.21718181e-01
  1.09797434e+00
 -6.24572901e-02
 -1.02524069e+00
 -9.55056299e-01
 -1.00204222e+00
 -1.27335827e+00
 -2.08212670e+00
 -5.22974357e-01
 -7.16478434e-01
  2.94056011e-01
 -8.04411199e-01
  5.99599525e-01
 -8.28537174e-01
  4.82961747e-02
 -1.08055173e-01
 -1.26176135e+00
  8.35634929e-01
  4.53283936e-01
  3.41101701e-02
  2.95205808e-01
 -2.75341030e-01
  3.13331479e-01
  5.49005150e-01
 -7.39479130e-01
 -2.26269152e-01
  1.35631338e+00
 -5.08673484e-01
 -9.08574473e-01
 -4.72801394e-01
  5.01692184e-01
  1.07908028e+00
  4.27443773e-01
  1.02090482e+00
  1.01751540e+00
  6.84425173e-01
 -5.37729051e-01
 -7.51457755e-03
  9.40499663e-01
 -1.69781582e-01
  1.55074932e+00
  5.32195071e-01
 -6.68146135e-01
 -6.85891777e-01
 -1.23967106e+00
  1.08571381e-01
  1.55532886e-01
 -2.15273893e-01
  1.46618586e-01
 -5.46281517e-01
  6.61176248e-01
 -1.13133282e+00
  8.95861313e-01
  3.10315852e-01
 -2.12297925e-01
  3.41500208e-01
  4.37936892e-01
 -1.19016458e+00
  1.84064448e+00
  6.15645117e-02
 -9.54982222e-01
 -1.23137201e+00
 -5.86557784e-01
 -3.50521543e-01
 -3.45342352e-01
 -8.86236590e-01
 -2.64447586e-01
 -1.50237093e+00
  1.27029120e+00
 -4.22285763e-01
 -1.25158294e+00
  1.33412670e+00
  1.66255361e+00
 -1.65226907e+00
 -2.36164667e-01
  3.81211750e-01
  6.92587650e-01
 -3.84460042e-01
  1.40593109e+00
 -1.27352850e+00
 -7.24493151e-01
  5.16322408e-01
 -4.13582595e-01
  1.80817112e-01
  5.99642114e-01
  2.69271610e+00
 -5.29329467e-01
 -3.75469963e-01
 -4.80098026e-01
 -9.71176826e-01
  9.06992695e-01
  4.94807847e-01
 -8.58676198e-01
 -1.44537390e+00
  3.56680697e-01
 -3.02390888e-01
  1.46154391e+00
 -3.15693067e-01
 -1.34139326e+00
  1.51799131e+00
 -9.74889682e-01
 -7.98969923e-01
 -4.92779011e-01
 -1.03658974e+00
 -5.97777507e-01
 -1.03191634e-01
 -1.07537575e+00
 -1.11749428e+00
 -1.13704130e+00
  2.72891025e-01
  3.63087792e-01
 -2.24817638e-02
 -1.86752573e+00
  9.51912080e-01
  1.03720314e+00
  2.13967533e-01
 -4.43711184e-01
 -1.89890521e-01
 -1.64383156e+00
 -5.54875692e-01
 -8.74120739e-01
  1.30842170e+00
  4.15144542e-01
  2.28909708e-01
  5.38785058e-01
  1.01737307e+00
 -8.58790374e-01
 -2.25978392e-01
  1.00778276e-01
 -2.41718424e-01
 -2.79475714e-01
 -6.65325143e-01
  3.10467073e+00
 -3.04871518e-01
 -1.43679884e+00
 -1.66500193e-01
  1.06705825e+00
 -9.81894154e-01
 -1.90625259e-01
  1.14622010e+00
  1.21457237e+00
 -5.91279323e-01
 -5.73617981e-01
  2.85973996e-01
  4.81841975e-01
 -3.41601366e-02
 -7.51130906e-02
  2.54257224e-02
  7.29245371e-01
  5.51968007e-01
 -2.60811367e-01
  3.15725814e-01
  2.42249920e-01
  2.76286741e-01
  1.79219780e+00
 -5.00291442e-01
 -1.78327406e+00
  9.91238323e-01
  5.47954787e-02
 -7.74782131e-02
