  -7.64981502e-01
  -1.36602346e+00
  -1.67220067e+00
   6.98427568e-01
  -3.61856157e-01
  -1.34093824e+00
   7.17501083e-01
   1.99278702e+00
  -3.68542803e-02
   2.49704886e-01
   6.18767717e-01
  -3.78581628e-01
  -1.68051563e+00
  -1.26375696e+00
  -9.09273655e-01
  -9.09216407e-01
  -1.52692816e+00
  -5.87810032e-01
  -3.19877428e-01
   8.37614688e-02
   2.00656558e-01
  -1.23431063e+00
   9.69169084e-01
  -6.17378411e-01
   1.14535707e+00
   5.55877602e-01
  -4.74541097e-01
   2.76533158e+00
  -2.70286530e-01
   2.46643746e-01
   7.72736515e-01
   2.08133448e+00
  -6.00436507e-02
   4.19630540e-01
   4.28846899e-01
  -2.52432807e-01
  -7.29205658e-01
  -9.04579659e-01
  -9.91766415e-01
   8.75983782e-01
  -1.02601055e-01
  -3.49555168e-01
   1.33000849e-01
   4.84303567e-01
  -4.17753277e-01
  -1.14994191e+00
  -7.03670358e-01
  -5.40323775e-01
  -4.75985281e-01
  -1.56640287e+00
   1.25899064e+00
  -7.02863300e-01
   6.15193570e-01
  -3.89584222e-01
  -5.21759802e-01
   3.91504791e-02
  -2.37900115e-01
   1.83701187e-01
  -1.57330728e-01
  -3.95314322e-01
  -8.14653256e-01
  -2.73633419e+00
   1.13657207e+00
  -7.75732045e-01
  -4.12647285e-02
  -1.29127658e+00
  -2.39742940e-01
  -2.03524019e+00
   4.51872000e-01
  -2.03671957e+00
   1.42041341e-01
  -3.51759150e-01
   1.46274629e+00
   2.09923171e-01
   4.54120072e-01
   2.00150932e-01
   1.59324547e-01
  -2.92488294e-01
  -1.16302143e+00
  -1.06715937e+00
  -3.61635471e-01
   2.04386172e+00
  -5.65869040e-01
   5.59537235e-01
  -9.78993662e-01
   1.17909510e+00
   1.07926321e+00
  -8.86942870e-01
   2.46263833e+00
   1.14853702e+00
  -2.33578212e+00
  -1.46446523e+00
   4.61681336e-01
  -2.73416567e-01
  -8.28330138e-01
   6.77216027e-01
   6.44126554e-01
  -5.71513577e-01
  -7.93367503e-01
  -3.79710524e-01
  -1.56811706e+00
   3.97201075e-01
  -2.49096765e-01
   2.43980716e+00
  -1.32399126e+00
  -5.65467920e-01
   1.15006546e+00
  -9.29312595e-01
  -1.73552005e+00
   1.14873449e+00
   1.29190473e-01
   1.60891758e+00
   1.41199327e+00
   2.86758030e-01
  -4.54778480e-02
  -1.89621307e+00
  -1.07465955e+00
   1.40455482e+00
  -3.79272210e-01
   4.99867071e-01
   1.83872701e+00
  -1.26835002e+00
   1.09806213e+00
  -7.06404994e-02
  -7.68658145e-01
  -8.95372398e-01
  -1.80209054e+00
  -5.14127191e-01
   1.12000955e+00
  -1.61991596e+00
   2.52935595e-01
  -1.76270269e-01
  -1.69075052e+00
  -9.02789183e-01
  -2.60138677e+00
  -2.67214141e-01
   8.38057002e-01
  -6.56012421e-01
  -1.18788130e+00
   1.24758976e+00
   3.24549421e-01
   7.93242323e-01
   1.37736601e+00
   1.65926122e+00
  -5.37583603e-02
  -7.42288160e-02
  -1.96922219e-01
   1.09756210e+00
   1.14616312e+00
  -1.05306193e+00
   1.47283552e+00
  -1.96871158e+00
  -5.88421555e-01
   6.06311400e-01
  -7.37828043e-01
   1.57624332e-01
   5.10631799e-01
   3.36054740e-02
  -7.02342719e-01
  -2.19235621e+00
   8.72546695e-01
   1.16328547e+00
  -8.11312624e-01
   2.06051118e+00
   4.67770280e-01
  -5.14130628e-01
  -5.47230565e-01
  -1.22899198e-01
  -5.38301007e-01
   4.17572475e-01
  -1.29069803e+00
   3.18878563e-01
  -9.75613662e-01
   1.80635665e+00
  -1.51814880e+00
  -7.56191732e-01
  -7.40776455e-01
  -2.46177177e-01
   1.25865778e+00
   2.19012204e+00
   1.47984457e-01
  -2.50231442e-01
   2.29152860e-01
  -5.09570460e-01
  -1.60152509e+00
  -5.04423424e-01
  -9.18592691e-02
   1.35827151e+00
   1.52650333e-01
  -6.95247800e-01
   5.14766955e-02
   4.08693693e-01
   1.85542743e-01
   4.82914163e-01
  -1.80132802e+00
   3.38920008e-01
   8.50619643e-01
   7.09986489e-01
   5.82518311e-03
  -1.85353147e+00
   1.82262753e+00
  -1.23620715e+00
  -1.88717801e+00
  -3.67519351e-01
   1.24016001e+00
  -1.43545527e+00
   4.07282279e-01
   1.40609273e+00
  -1.08515785e+00
  -6.81191501e-01
  -2.52317270e-01
  -4.89612538e-01
   9.97731868e-01
   7.49760113e-01
   1.53439648e-01
   5.75120825e-01
  -1.18353532e+00
  -8.99870562e-01
  -4.63661015e-01
  -2.29502259e+00
   1.94726881e-01
  -2.36193847e+00
   3.99935264e-01
  -1.76215596e+00
  -6.27928321e-01
  -1.92234706e+00
   1.27738153e-01
  -1.55791625e+00
  -1.21548454e-01
   1.01241785e+00
  -5.90201965e-01
  -6.50859020e-03
   1.22205138e+00
   1.16234833e+00
   1.04078014e+00
   6.00348175e-01
   2.61113098e+00
   2.51566593e-01
   8.27988405e-01
  -2.99452307e-01
  -2.16639871e+00
   1.07799866e+00
  -1.23933287e-01
   1.03055108e+00
  -7.05121438e-01
   1.83751093e-01
   6.29887541e-01
   1.43322439e-01
   1.13696083e+00
   4.66061897e-01
   1.64597002e+00
   1.79783293e-01
  -1.05313470e+00
  -5.09152733e-02
   3.19275757e-01
  -1.49142021e+00
   1.04588014e+00
   1.67099975e+00
  -3.82546476e-01
   1.03728761e-01
  -3.97102770e-01
   2.40630091e-02
   2.52253902e+00
  -2.61085049e+00
   3.59476173e-01
   1.71657669e-02
   7.20695851e-01
  -4.59455109e-01
  -2.52231922e-02
  -4.67943136e-04
   4.01900340e-01
  -3.89361115e-01
  -1.12893131e-01
  -1.46569842e-01
  -9.23457231e-01
  -1.81858522e-02
  -2.76359466e+00
   8.80967447e-01
   1.87561361e+00
   1.04316680e+00
   8.46658498e-01
  -2.52980160e-01
  -1.09519033e+00
  -4.12778426e-01
  -1.09589194e+00
  -1.38936456e+00
  -7.83647107e-01
   2.09858986e+00
  -2.53085136e-01
  -9.04306122e-01
   9.28554595e-01
   1.11017750e+00
   1.30232964e-01
   3.44719245e-01
   6.68650266e-01
   3.87963643e-01
  -8.07153669e-01
   7.41924484e-01
   6.84270541e-01
   9.70219692e-01
   2.93016447e-01
   1.00952944e+00
  -9.12835503e-01
   1.06934577e-01
  -5.10390262e-01
   1.81485270e+00
   5.35556740e-01
   1.54412126e+00
  -5.75218590e-01
  -8.16042874e-01
  -1.54526632e+00
  -9.76451842e-01
  -5.36049073e-02
  -1.72985290e+00
  -1.11621330e-02
   7.75872157e-01
   4.87480292e-01
  -2.41643391e-01
   1.13196620e+00
  -1.99321663e+00
  -3.60973917e-01
  -1.09555360e+00
  -4.95461290e-01
  -5.36990188e-01
   9.10430376e-01
   7.89029312e-01
   2.39838403e+00
  -1.11250525e+00
   1.95568650e+00
   7.30748576e-01
   4.23478556e-01
   1.26298475e+00
   1.92337867e+00
  -1.56884213e+00
  -2.60805082e-01
   1.76657590e-01
   3.98553470e-02
  -2.05231298e-01
   1.17684495e+00
  -4.07623049e-02
  -8.02861396e-01
  -7.16215708e-01
   1.28158812e-01
   1.22716176e+00
  -2.65922908e+00
   1.04298697e+00
  -1.56722434e+00
   1.00233533e+00
  -8.96758464e-01
  -4.10067776e-01
  -2.13010046e-01
   8.63907921e-01
  -1.00192592e+00
   9.80323374e-01
  -9.53615304e-01
   2.01392509e+00
   4.63567832e-01
  -9.00362594e-01
   9.00395940e-01
  -1.97488905e+00
   1.10421323e+00
  -9.59842456e-01
  -1.12105733e-01
  -5.81417892e-01
  -5.40988336e-01
   4.93187227e-01
  -6.07532417e-01
  -8.02745939e-01
  -6.67370222e-01
  -3.38741243e-01
   2.02783957e+00
   2.71193381e+00
   2.40585803e-01
  -1.62427039e+00
   2.51702577e-01
   5.34512810e-01
  -6.71870910e-01
  -5.73321540e-01
   3.38999939e-01
  -4.90761793e-02
  -3.27778118e-02
   1.08737635e+00
   1.16551432e+00
   1.31157349e-01
   5.17554204e-01
  -1.21935774e-01
   1.07453126e+00
   6.58162157e-01
   9.32040661e-01
  -3.08725191e-01
  -8.48590798e-01
   8.71268715e-02
   6.92528788e-01
  -7.70137495e-01
  -5.36065927e-01
  -1.78654930e+00
   1.53279389e+00
   9.54938735e-01
  -2.58506295e-01
   2.86603203e-01
   6.36045034e-02
   1.51350687e+00
  -1.10313222e+00
  -7.71832212e-01
   2.84114412e-01
   3.00465615e-01
   1.54460041e+00
  -1.51198527e+00
  -8.39559995e-02
  -2.16962986e-01
  -1.22122650e-01
  -4.68652284e-01
   4.86174938e-01
   1.58087896e+00
  -3.89951698e-01
   1.03152862e+00
   4.77866102e-01
   8.92953132e-01
  -1.03975801e+00
   4.24536322e-01
   9.45015575e-01
  -9.31244976e-01
   1.21531498e+00
   5.87594988e-01
  -5.92580190e-01
   4.00996184e-01
  -1.42629712e-01
   1.86278376e-01
  -7.71290788e-01
  -2.59435394e+00
  -5.31597710e-01
  -5.11596790e-01
   2.08234772e-01
   5.68527552e-01
  -4.40298392e-01
   6.33973839e-02
  -3.70080848e-01
   6.58396762e-01
  -1.63667734e-01
   2.70832513e-01
  -1.13010749e+00
   9.32875956e-01
   2.22075530e-02
  -3.48043557e-01
   1.15274660e+00
  -3.24434850e+00
  -1.95251575e+00
   2.60231896e-02
   1.41236121e+00
  -4.71763757e-03
  -2.08224146e-01
   1.87084684e+00
   6.02205501e-01
  -1.21879139e+00
  -5.77072418e-01
   3.08191615e-01
   1.69504848e+00
  -1.78916739e-01
  -1.59418654e+00
   6.14018031e-01
  -1.34432176e-01
  -2.31615914e-01
  -2.38943641e-01
   2.05542385e+00
  -1.47096529e+00
  -8.72315835e-01
   1.29227252e+00
  -6.96746030e-01
   1.52575588e+00
  -7.37594745e-01
  -1.37654374e+00
   1.06939491e+00
  -1.21969288e-01
  -1.87863114e+00
   7.38861895e-01
  -9.79333019e-01
  -2.10297603e+00
  -3.22315746e-01
   1.03898177e+00
   1.12945352e+00
   4.02437341e-01
  -2.32797151e+00
   4.89977845e-01
  -2.72897360e-01
  -7.44691737e-01
  -5.56339179e-01
  -1.32974460e+00
  -6.68580361e-01
  -1.26240181e+00
   3.63462936e-01
  -3.86705514e-01
  -1.40602925e-02
   7.99855810e-01
   4.83113722e-01
  -5.44634070e-01
   2.24852567e+00
  -4.80764097e-01
  -1.56673982e+00
  -1.35201847e+00
   7.73697551e-01
  -3.62839612e-01
   7.67020118e-01
   4.97837295e-01
   2.12894337e-02
   4.27255062e-01
  -1.27455323e+00
   1.55898987e+00
  -1.75388683e-01
  -3.87444011e-01
   7.79486650e-01
   7.37777107e-01
  -1.74218654e-01
   1.08620921e+00
   9.35893286e-01
  -2.48082752e-01
   2.71449941e-01
  -1.42390543e+00
   1.86679540e+00
  -1.00382819e+00
   2.17537805e-01
  -6.54932852e-01
  -4.31914185e-01
   1.03473132e+00
  -9.77778677e-01
  -7.65426522e-01
   1.11357192e+00
   5.59032236e-03
   5.50930345e-01
  -6.44975176e-01
  -6.93176166e-01
   8.82469781e-01
  -1.22847210e+00
  -7.17129303e-01
  -2.84593060e-04
  -5.69090139e-01
   4.91617702e-01
   2.34458691e-01
   1.32235057e+00
   1.27145064e+00
  -1.36841421e+00
   1.57962606e+00
   2.54536621e-01
  -1.56485653e-01
   4.69606847e-01
   9.56269197e-01
   6.69695324e-01
  -2.01766383e-01
  -5.50832500e-01
   3.24642727e-01
  -2.29118778e-01
  -3.13549246e-01
   2.09328635e+00
  -6.30710353e-01
  -8.57191668e-01
  -7.73631165e-01
  -7.97652997e-02
   7.59712655e-01
   6.24811355e-01
  -6.21451237e-01
  -7.30070551e-01
  -6.12191920e-01
  -1.89611547e-01
   1.02184866e+00
  -1.04133176e+00
   9.22627738e-01
   4.28085555e-01
   1.35914684e+00
   9.35011560e-01
   5.62269538e-01
  -3.40859855e-01
   1.65709719e+00
  -1.33331106e+00
   2.97901003e-01
   9.96099664e-01
  -7.42829237e-01
   1.04035061e+00
   2.89307802e-02
   1.50572779e+00
  -2.38335388e+00
  -1.53853867e+00
  -6.26254826e-02
   8.84201197e-01
   1.27335421e+00
   4.59687138e-01
  -7.58988993e-01
   6.38620487e-01
  -6.06134686e-01
   2.60244367e-01
   1.03989191e+00
   1.54951125e-01
  -5.26600123e-01
  -8.80652163e-01
  -3.05207325e-01
   6.63303962e-02
   3.98913794e-01
  -1.15759870e+00
   5.96075477e-01
  -3.48228460e-01
  -3.43717545e+00
   5.58140219e-01
  -1.09531586e+00
  -4.99970290e-01
   1.53372875e+00
   4.95129376e-01
  -2.43981118e-01
   1.68711714e+00
   2.34428915e-01
  -1.21093118e+00
   2.18283452e+00
   1.65114857e-01
   6.31165221e-01
  -1.86429353e-02
  -1.26513927e-01
  -8.47384859e-01
  -5.48115818e-01
  -6.62673757e-01
   4.87116365e-01
   1.01454027e-01
  -3.08538826e-01
  -1.22725734e+00
  -8.46075179e-01
   9.46285253e-01
  -3.90214959e-01
  -1.56955698e+00
  -1.33174732e+00
  -1.80451916e+00
  -5.61411717e-02
   2.98241636e-01
   4.57838865e-01
  -1.31779189e+00
  -9.98737282e-01
  -1.28197113e+00
  -2.96949383e-01
   1.37611292e+00
   2.48907108e-01
  -1.14514351e-01
   1.04477651e-01
  -1.14946071e-01
  -5.78745426e-01
   1.55024531e+00
   4.43785495e-01
  -6.41623637e-01
   1.55486550e+00
   9.53793393e-01
   4.13557412e-01
  -3.75232675e-01
   6.85522263e-01
   1.00980874e+00
  -9.18345767e-01
  -7.78064765e-01
  -3.74868096e-01
   1.05590032e-01
   7.43886744e-01
  -3.95807793e-01
   1.55727840e+00
   4.37803205e-01
   6.10977145e-01
  -8.68335369e-01
   9.34493792e-01
  -5.43198688e-01
  -1.77072152e+00
   1.10740088e+00
   6.58310615e-01
   2.81896659e+00
  -4.69032039e-01
  -2.89191967e-01
  -8.29178936e-01
   6.75663129e-01
   6.79429752e-01
   5.29656798e-02
   2.53733338e+00
  -1.20321023e+00
   7.84379694e-01
   8.10842574e-01
   2.69296923e-01
  -3.13676954e-01
   5.72462013e-01
  -3.97947449e-01
   1.31951835e+00
  -3.85722078e-01
   2.25418899e+00
   1.22713881e+00
   5.09537886e-01
  -3.65946045e-01
   1.43939511e-01
   2.38134228e+00
   1.07082407e+00
   3.59827291e-01
  -1.82258785e-01
   8.88790717e-01
  -4.20499015e-01
   2.60857622e-01
  -1.44709051e+00
   2.79917255e-01
  -3.78891219e-01
  -7.53444782e-02
  -3.87415035e-01
  -1.03775038e+00
  -4.36165031e-01
   1.57755647e+00
   6.09925793e-01
  -1.53729162e+00
  -7.43323451e-02
  -4.14320692e-01
   2.98310442e-01
  -4.67560032e-01
   3.26187784e-01
   2.61298532e-01
   1.45242786e-01
   9.85841315e-01
  -7.54409879e-02
   7.84585522e-01
  -4.32608562e-01
   1.26032863e+00
   2.98868175e+00
   1.86275626e+00
  -4.70141862e-01
  -1.31802728e+00
   5.59110008e-01
  -4.69293665e-01
   8.98489671e-01
  -7.72936848e-01
  -1.70783946e+00
  -1.12156148e-01
   3.53537129e-01
   6.81630165e-01
   1.16309126e+00
   1.76102149e+00
   5.64984106e-02
  -1.13193799e+00
   2.27412025e+00
   5.95512168e-02
  -1.90980979e+00
  -1.67357379e+00
   1.62127973e+00
   4.72662450e-01
   1.22589278e+00
   9.53889535e-01
  -1.84842675e-01
   5.07537196e-01
   1.72621780e+00
  -2.85852330e-01
   1.04067403e+00
  -9.60125548e-01
  -7.59717718e-01
  -8.90190734e-01
   1.95682676e+00
   1.64717608e+00
   1.69476498e-01
  -1.66251984e+00
   4.66132601e-01
   8.63124376e-01
  -1.20435466e+00
  -4.13184222e-01
   9.89781700e-01
   2.47087922e-01
   1.09545565e+00
   1.21003238e+00
   1.91095459e-01
   9.42136129e-01
  -7.05773796e-01
  -1.06880808e+00
   3.43780350e-01
   7.88758349e-02
  -1.65530312e+00
  -2.52055853e+00
  -1.93300059e-01
  -5.04998047e-01
   7.16356388e-01
  -1.62372029e-01
   9.69641758e-02
  -9.83790000e-01
   7.66479517e-01
   1.30452588e+00
  -8.70023442e-02
   2.84151122e-01
   2.13263048e+00
   9.65366471e-01
   6.10796632e-01
  -5.99907313e-01
  -1.55657368e+00
  -5.42798021e-01
  -4.80718487e-01
  -4.26637186e-01
   4.72803769e-01
  -7.58566826e-01
  -2.75095987e-01
   2.53862318e-01
   1.04515171e+00
  -1.89223003e+00
  -4.74208583e-02
  -5.68276923e-01
   4.33986495e-02
  -7.23880735e-01
  -5.22371952e-01
  -3.24623128e-01
   7.65145593e-01
   4.81857587e-01
  -4.08205733e-01
  -6.46860276e-01
   1.10648479e+00
  -2.70622760e-01
  -4.43653311e-01
   4.51938935e-01
  -2.20719785e+00
  -3.06621927e-01
   5.53359954e-01
  -1.24742310e+00
  -1.26945555e+00
   1.34073216e+00
  -6.14027081e-01
  -1.08612586e+00
   1.45424448e+00
   8.58542374e-01
   1.95747268e+00
  -5.58630667e-01
   1.52123026e+00
  -1.40275154e+00
   1.03765035e+00
  -6.64330800e-01
   5.14606071e-01
  -1.48041379e-01
   8.21891961e-02
  -1.52099302e+00
  -1.03626813e-01
   5.25994231e-01
   1.63029482e+00
  -1.68227590e+00
  -1.83113260e-01
  -8.88822249e-01
  -3.37585067e-01
  -3.38250548e-01
   8.85835405e-01
  -1.14900956e+00
  -8.70752528e-01
   2.04064126e-02
   1.65813922e+00
  -1.05006229e+00
   1.40470987e-01
  -2.04408048e+00
   8.30978600e-01
   7.56727639e-01
   3.48806711e-01
   6.36213355e-01
  -3.67454566e-01
   6.01314358e-01
   2.06683774e-01
   1.16819873e+00
  -2.53056025e-01
   1.69509428e+00
  -1.67458618e+00
  -7.88926404e-01
   1.63538975e-01
   8.66732849e-01
  -1.30057749e+00
  -8.21155157e-01
  -1.07899002e+00
  -7.11445987e-01
  -3.21037017e-01
  -1.07711491e-01
  -3.68994655e-01
   2.26930573e-01
  -9.14263545e-01
  -2.25475565e+00
   1.81923672e+00
  -4.47017302e-02
  -3.23328141e-01
   6.08669686e-01
   1.60412625e-01
  -9.39432268e-01
  -5.48036104e-01
   5.48099674e-01
   7.78409303e-01
  -5.10712780e-01
  -5.57612177e-01
   1.33686783e+00
   1.47236612e+00
  -4.56034146e-01
  -7.72083174e-02
   1.68510464e+00
   1.78354897e+00
   5.71406479e-01
  -1.13817755e+00
   1.90052193e-01
  -4.81022967e-01
   7.44609854e-02
   1.34654435e-01
  -1.20438617e+00
  -1.58965127e-01
   5.44386500e-03
  -7.01809396e-01
   2.84723945e-01
  -3.64024376e-02
   1.45989405e+00
  -1.64637975e-01
  -2.22838974e-01
   1.26598396e+00
  -1.02958307e+00
   1.35584511e-02
   2.91393999e-01
   2.15264447e+00
  -1.40396287e-01
  -4.60699012e-01
  -6.31176110e-01
   9.64183518e-01
   6.48095416e-01
   1.18451178e+00
  -1.46012805e-01
  -1.40255910e+00
   2.81133323e-01
  -4.51178819e-01
  -1.49142550e+00
  -6.31816301e-01
  -3.74476957e-01
   1.39822871e+00
  -5.77982461e-01
   6.34182550e-01
   1.93921494e-02
   2.09687651e+00
   4.91410178e-01
  -9.28064680e-01
   1.49106092e+00
   7.11773797e-01
   2.77246930e+00
  -2.53077337e-01
  -1.18039441e+00
   2.41167716e-01
   1.66917834e+00
  -3.78770100e-01
  -9.12054733e-01
  -1.59314265e+00
  -5.76936349e-01
   8.13619703e-02
  -3.17783245e-02
  -8.09809927e-01
   9.50912379e-01
  -1.14196331e-01
   6.21248083e-01
  -1.36114197e-01
   1.53916205e+00
   4.64006198e-01
  -5.40357197e-01
   7.22193638e-01
  -2.24788750e-01
  -9.09827824e-02
   8.33234439e-01
  -9.77803278e-02
   1.10141993e+00
   2.21571048e-01
   9.57727902e-01
   7.52526976e-01
   7.23609600e-01
   1.81308602e-01
   1.63886412e-01
   1.97920667e-01
   3.03802101e-01
   8.51519130e-01
   1.53306840e-01
  -2.00089524e-02
   1.03496762e+00
  -1.46367400e-01
   1.22856265e+00
  -1.00897549e+00
  -1.24489380e+00
   4.72307024e-01
  -7.08961069e-02
  -3.02264801e-01
   9.22925979e-01
  -2.76231122e-01
  -2.63339199e-01
  -3.77250384e-01
   3.13698198e-01
   3.27430480e-01
   1.75729381e+00
  -2.08080966e-01
   1.77155851e-02
  -1.25720989e+00
  -2.94015536e-01
   2.21000264e-01
  -5.92061465e-02
   8.39556589e-01
  -1.17700627e-01
  -8.99799562e-02
   8.38877644e-01
   1.01364014e+00
   5.55781972e-01
  -6.41486020e-02
   1.61062787e-01
  -1.10684558e-01
  -6.78639788e-01
   9.35564266e-01
   2.13580670e+00
   9.15150900e-01
  -7.77512177e-01
  -2.93499613e-01
   2.30422165e-01
   7.95324372e-01
  -2.61750003e+00
   1.26962331e+00
  -8.24389121e-02
   5.31420419e-02
   4.43726702e-01
   1.20043410e+00
   2.79244400e-01
  -1.08798490e+00
  -8.62866454e-01
  -1.27521161e+00
  -9.27297553e-01
   7.59631977e-01
  -1.04944225e+00
   4.68476727e-01
   6.34189098e-01
  -1.61108581e-01
  -4.75083349e-02
   1.32210691e+00
  -1.58780110e+00
   4.89550404e-02
   8.63423898e-01
   7.83057603e-02
  -8.23826157e-01
  -1.07642506e-01
   7.32728354e-01
   2.19233861e+00
  -8.47496212e-02
  -1.52967886e+00
  -1.09798650e-01
   1.89842646e+00
  -8.92848338e-01
  -4.55022693e-01
  -2.45018010e+00
   8.71137047e-01
   7.98337810e-01
  -1.00873668e+00
   1.99702905e+00
  -2.63075457e-01
  -1.14833608e+00
   2.33372518e-01
   1.16324835e+00
   1.26366162e+00
   8.58626477e-01
  -9.69913722e-01
   1.69999340e+00
  -2.36338411e-02
   1.17329215e+00
  -2.39563254e+00
  -1.07603709e+00
   1.69499061e+00
   8.12028901e-01
  -1.85794400e-01
  -9.22137476e-01
   6.96343182e-01
   1.61885011e+00
   1.24689969e-01
  -2.30052377e+00
  -5.39718610e-01
   9.84784049e-01
  -7.64625366e-01
  -5.71319562e-01
   2.68558716e-01
   3.08769155e+00
  -4.15632220e-01
  -1.73033914e-02
   1.16018690e+00
   1.74614224e+00
  -5.34541601e-01
  -1.46415713e+00
  -1.05473103e-01
  -5.65193620e-01
   1.60489557e-01
   8.66797342e-01
   1.69206280e-02
   3.46331082e-01
   9.98728777e-01
   1.90412081e-01
  -1.67796234e-01
   7.89623124e-01
   4.00788423e-01
  -1.42644619e+00
   2.33441209e+00
  -9.42727190e-01
   1.15807823e+00
  -3.04752210e-01
   1.15260160e+00
  -8.92233556e-01
  -5.22872100e-01
   2.80140326e-01
  -5.17280867e-01
  -1.01769228e+00
  -3.64843864e-01
   5.61001598e-01
   1.15282317e+00
  -1.25584389e-02
   1.23078774e+00
   1.36828356e+00
   1.94388690e-01
   1.99763276e-01
   1.32267344e+00
   3.01513504e-01
  -1.25865426e+00
  -4.49710133e-01
  -8.26006082e-03
  -1.20410780e+00
   6.61755990e-01
  -1.20027950e+00
  -7.59914009e-01
   1.06264364e-01
   1.79838367e+00
  -6.05261191e-01
  -6.73786297e-01
   9.16533137e-01
  -3.63600064e-01
   1.64042835e-01
   1.90284211e+00
  -4.79328040e-01
  -1.07575705e+00
   6.24329392e-01
  -3.47140951e-01
  -7.79095125e-02
   1.23949823e+00
  -1.35372759e+00
   1.92940954e-01
   1.22850206e+00
   9.81660435e-01
   2.47982732e-01
   2.53141585e-01
  -2.72510227e-02
  -1.04590210e+00
   1.90699798e+00
   9.75482863e-01
  -8.77443527e-01
   2.43314770e+00
  -9.93472664e-01
  -1.38715795e+00
  -3.12396924e-01
  -3.14337152e-01
  -4.91301641e-01
  -2.85923027e-01
  -1.56807319e+00
  -1.71757858e+00
   2.48384350e+00
  -1.94806125e+00
   4.02277655e-01
  -9.27974752e-01
   2.00594335e-01
   6.94884678e-01
   4.08859341e-01
  -6.70379608e-01
   4.02305290e-03
  -1.42822585e+00
   1.64060581e-01
   3.75260528e-01
   6.05100972e-01
   1.49539397e+00
   7.06118943e-01
   5.63703469e-02
   7.27308640e-01
  -2.21673033e-01
   2.80407330e-01
  -2.04581020e-01
   4.10678360e-01
   1.56294986e+00
  -6.51784835e-01
   2.57486551e-01
  -9.29067992e-01
   4.38093996e-02
   2.15595639e-01
   1.04279249e+00
  -8.52199771e-01
  -3.15092083e-01
   7.05042202e-01
   1.19720804e+00
  -9.63654548e-01
   1.14512717e-01
   7.58693805e-01
   2.98295421e-01
  -1.66810195e+00
  -3.58240979e-01
   4.06603702e-01
  -5.44941681e-01
   3.12663212e-01
  -1.43226447e-01
   1.07519856e+00
  -9.73343824e-01
   1.64778839e+00
   3.29237982e-01
   5.72449010e-01
   1.28287433e-02
   5.83564877e-01
   1.25949264e-01
   1.56933402e+00
   3.26497174e-01
  -2.74355404e-01
   1.32865036e+00
  -2.25215494e-01
  -1.41135290e+00
   7.43379530e-01
  -4.69289768e-02
  -1.15078868e+00
   3.50900962e-01
  -7.85459638e-01
   2.87527813e-01
  -1.03780071e+00
   4.12217358e-01
  -1.46194098e+00
  -6.21256636e-01
  -2.32408712e-01
   1.01929960e+00
   7.38859313e-01
   7.41835449e-01
  -1.20478908e-01
  -1.32404396e+00
  -5.93009106e-01
   1.37524096e+00
   4.09894751e-01
  -9.68498401e-01
  -1.70971962e+00
   7.86069503e-01
   9.39635810e-01
   7.31427233e-01
   2.87287973e-01
   1.15006952e+00
  -6.07935913e-01
  -2.78205308e-01
   1.03237275e-01
  -2.13260411e+00
   8.40005681e-01
   1.07537648e+00
   1.80913795e-01
   1.46798449e+00
  -3.12555763e-01
  -2.29462284e-01
   1.18500080e+00
  -1.60983136e-01
   8.92578026e-01
  -2.23305148e+00
   4.75045532e-01
  -1.64439058e-01
  -1.09397788e+00
  -3.67516965e-01
  -1.07310714e+00
   1.20271341e+00
  -2.89355633e-01
   5.53076169e-01
   5.13864316e-01
   1.24226858e+00
  -8.98861324e-01
   1.01801754e+00
  -7.76717535e-01
  -7.33091606e-01
  -4.52641631e-01
   8.95523035e-01
   5.97698317e-01
  -1.59450030e+00
   4.53513986e-01
   9.06740986e-01
  -9.88597802e-03
  -4.19324019e-01
   2.40033155e-01
  -1.95443562e+00
   5.67106403e-01
   3.26493442e-01
   6.01430247e-01
   6.89386933e-01
  -8.29603300e-01
   8.63347866e-01
   7.21511607e-02
   1.25821445e+00
  -9.34246275e-01
   1.13859240e+00
   1.53548789e+00
  -8.42470525e-01
   3.53966734e-01
  -2.97520759e-01
   1.37121040e-01
   1.52717848e+00
   8.48152740e-01
  -2.80582391e-01
  -1.48893044e+00
  -5.22076245e-03
  -6.33846953e-01
   1.62625950e+00
  -8.44682202e-01
  -9.74761727e-01
  -1.22846413e+00
   1.53346800e+00
  -1.31607167e+00
  -7.06371991e-01
  -1.45642903e+00
  -7.11681719e-01
   3.23354990e-01
   6.16433119e-01
   2.36062065e-01
   7.66749918e-01
  -7.44177255e-01
  -2.79942635e+00
   3.93018176e-01
   1.25866075e+00
  -9.12200025e-02
   7.28314636e-01
  -1.23703537e+00
  -1.90920054e-01
  -7.08000575e-03
   6.12891882e-01
   6.16693060e-03
   9.00885656e-01
  -5.43005303e-01
   1.15220682e+00
   1.52684179e+00
  -5.80039662e-01
  -2.37252910e+00
   1.37508695e-01
  -1.09970612e+00
  -1.66681176e-01
  -8.30950757e-02
   1.66693986e+00
  -1.57877530e+00
   5.61362050e-02
  -1.03583852e+00
  -7.66743114e-01
   1.29286645e-01
   7.51945828e-01
  -1.03170079e+00
  -3.91895436e-02
  -9.92412223e-01
   5.46438059e-01
  -1.24640586e-01
   6.57411124e-01
  -6.61130662e-01
   1.75291768e+00
   2.63804717e-01
   1.18362445e-01
   7.13503016e-01
  -1.02424668e+00
   7.51659041e-01
  -5.97570527e-02
  -4.15777911e-01
   4.61348339e-01
   4.16148889e-01
  -1.90255881e+00
   6.87830570e-01
  -4.03386280e-01
   2.89234474e-01
   5.89114545e-01
  -1.11050827e+00
   3.58863788e-01
  -5.98693005e-01
   6.03140393e-02
   3.37970377e-01
  -6.09597660e-02
   8.52113681e-01
   1.02192154e+00
  -1.81790149e+00
   1.52344104e+00
  -8.33099199e-01
  -5.45978422e-01
  -7.10214088e-01
  -1.16969653e-01
   5.02992861e-01
  -7.28409159e-01
   1.07056864e+00
   3.92053661e-01
  -2.85522202e-01
  -1.65300511e-01
  -4.78948607e-01
   5.96718154e-01
  -3.98422005e-01
  -1.67859266e+00
  -4.54854082e-02
   1.86804338e+00
   1.94751467e-02
  -5.09663770e-01
   2.22081123e+00
  -1.17195634e+00
  -3.08780044e-01
   1.15174996e-01
  -1.56340522e+00
  -2.53541804e-01
  -8.14196230e-01
  -3.98733525e-01
  -1.02155226e+00
  -6.04552624e-01
   4.23991460e-02
  -8.90053440e-01
   4.12918099e-01
   1.05692318e+00
   5.06084789e-01
  -4.96720955e-01
  -4.02363326e-01
   6.51313889e-01
  -1.62718067e+00
   9.63143624e-02
  -4.30168970e-01
  -6.04494204e-01
   6.28354569e-01
  -6.92660331e-01
   1.60879694e-01
  -6.59778869e-01
  -2.83857347e-01
  -8.72338735e-01
  -2.12513459e+00
   2.01128665e+00
   3.61290734e-01
   1.10257324e+00
   8.06463243e-01
  -5.62730597e-01
  -1.60028385e-01
  -4.78955512e-01
   1.09269051e+00
   1.11672548e+00
   1.64364120e+00
  -7.46553847e-01
  -6.55268401e-01
  -6.40333692e-02
   6.03104929e-01
  -9.92955161e-01
   3.63925486e-02
  -9.65324556e-02
   2.03917969e-01
   1.78869757e+00
  -1.12800839e+00
  -8.75262920e-01
   2.06917581e-01
   4.74461152e-01
   5.50408440e-01
  -1.17902949e+00
  -6.07883821e-02
  -7.54593659e-01
  -2.11132398e-01
   9.48137361e-01
  -3.85274955e-03
  -2.87039000e-02
  -8.80367021e-02
  -8.47626898e-01
   9.72244614e-01
  -1.38506200e+00
   2.55348685e-01
   3.33126248e-01
  -3.61443034e-01
  -1.23380845e+00
   8.72778741e-03
  -8.64191074e-01
   2.56759813e-01
  -1.02254304e+00
   1.53730058e+00
  -5.38601541e-01
   9.50803392e-01
   2.41700910e+00
   1.35567106e+00
   1.04014295e+00
   1.13859207e+00
  -9.17506800e-01
   1.68718943e+00
  -1.29544243e+00
  -1.73667934e-01
   4.02772933e-01
  -8.20050687e-01
  -1.36632691e+00
   8.25773664e-02
   3.84756712e-02
  -1.09581643e-01
  -7.34540329e-01
   4.76034161e-02
  -1.07577206e+00
  -1.59667626e+00
   8.61819393e-01
   1.16311715e+00
   3.05962581e-01
   4.74565155e-01
   3.04652426e+00
  -1.28195696e+00
   7.90197463e-01
   2.40317401e-01
   4.70288479e-01
   1.19322735e+00
   1.90227852e+00
  -5.38582647e-01
   1.86749056e+00
  -6.01806678e-01
  -7.87420677e-01
   4.13669686e-01
   1.96976211e-02
  -9.23720132e-01
   5.07050161e-01
  -8.40088514e-01
   1.97282814e-01
  -1.92335372e-01
   1.27473551e-01
   3.51984308e-01
   3.23139136e-01
  -2.36924764e+00
  -1.71520410e-01
  -1.35351483e+00
   2.10747367e+00
   1.58073400e-01
  -8.81112488e-01
  -3.96473804e-01
  -8.86246295e-01
  -6.72932787e-01
   1.11120121e-01
  -3.01357043e-01
   7.79243968e-01
  -1.53431449e+00
   1.76806346e+00
  -8.23237818e-01
   1.92144940e+00
  -3.17984914e-01
  -1.74731415e+00
  -2.20533732e+00
  -1.14084738e+00
  -4.32268694e-01
  -7.43005139e-01
   1.86331531e+00
   1.01973642e+00
   1.70430864e+00
  -3.90184500e-01
   8.20562272e-01
   7.74094297e-01
  -9.04724187e-01
  -2.67739405e-01
   1.70549200e+00
   1.13978686e-01
   8.94998245e-01
   1.26811155e+00
  -4.16900954e-01
  -1.02297870e+00
   5.44649109e-01
  -2.11632607e+00
  -2.76073875e-01
   9.80146106e-02
   1.71645143e-01
  -8.48913573e-01
   6.49705800e-01
  -1.37988426e+00
  -2.38056683e-01
   1.54062319e+00
   1.08075536e-01
  -2.54514808e-01
  -7.42062141e-01
  -1.18241971e+00
   1.24107601e-01
   2.72550181e-01
   8.94269247e-01
  -5.18825124e-01
   8.27767344e-02
  -9.33004270e-01
   3.46920155e-01
   9.64418642e-01
  -7.84002231e-01
   4.10631809e-01
   7.54014253e-01
  -6.00988250e-01
  -2.39962633e-01
  -1.93869675e-01
  -7.41097804e-01
   1.82382997e+00
  -6.62754025e-01
   1.20216068e+00
  -6.34285377e-01
   1.19766830e+00
  -1.04984346e+00
   1.28635547e+00
  -1.72294431e+00
  -1.51918483e-01
  -1.01247185e-01
   1.22493557e+00
   1.33671850e+00
   4.31434567e-01
   1.31359528e+00
  -1.00420899e+00
   5.86657283e-01
   7.15107124e-01
  -4.28755209e-01
  -7.70901432e-02
  -1.91156244e+00
   6.82007348e-01
  -1.76444198e+00
   3.73914239e-01
   2.08002294e-01
   2.38363491e-02
   1.07797608e+00
  -8.03126519e-02
  -5.22640555e-01
  -2.63096243e-01
   7.00478137e-01
  -3.65498157e-01
   7.10860874e-01
   2.15887666e+00
   1.52086219e+00
  -5.11484004e-02
  -4.97610854e-01
  -6.96023717e-01
  -1.74176327e+00
  -4.43067988e-01
  -1.35232820e-01
   1.10256589e+00
  -9.96644839e-01
  -1.25488323e+00
  -6.30944375e-01
  -2.09668652e-01
  -1.21240678e+00
   1.94740321e+00
  -7.38853542e-01
   3.35376321e-01
  -1.08638546e+00
  -6.71403293e-01
  -7.64190158e-01
  -4.13663263e-01
   1.39426884e+00
  -1.02279870e+00
  -5.73188525e-01
   6.69317777e-02
  -4.43680469e-01
  -9.82891918e-01
   7.33283056e-02
   8.88309920e-01
  -1.52765323e+00
   4.10164126e-01
  -1.06859530e+00
   1.60859465e-01
  -1.11498110e+00
  -3.29544904e-01
  -6.57149250e-01
   5.74271457e-01
  -3.43958819e-01
   1.79997947e+00
   5.42526676e-01
   1.35211770e+00
  -1.36445463e-01
  -1.41499604e-01
  -3.61349522e-01
  -1.75883260e+00
   2.05893485e+00
  -3.06431690e-02
  -1.07617109e-01
  -5.45728737e-01
   1.02601160e+00
  -1.03113957e+00
   6.40263027e-01
   8.52629846e-01
   1.60122285e+00
  -1.16919069e+00
   1.44154492e+00
   6.33351397e-01
   1.31946373e+00
  -2.25049988e-01
  -5.59361393e-01
   4.12340078e-01
  -1.64060364e-01
  -2.15986322e+00
   1.64756439e+00
   2.12145058e+00
  -2.22756505e+00
   1.16759381e-01
  -3.41377646e-01
   2.38205789e-01
   6.20385296e-03
  -1.02401072e+00
   2.49204646e-01
   1.18687837e+00
   9.25239569e-01
   5.94467235e-03
  -1.38214443e-01
   7.96966786e-01
   1.16138746e+00
  -4.15432784e-01
  -8.25164527e-01
   3.59508758e-01
  -7.56435878e-01
   5.49899573e-01
   5.60586198e-01
   5.22120364e-01
  -3.56988729e-01
   8.07595074e-01
  -2.16823727e+00
  -1.59824795e+00
   2.29263339e+00
  -9.35177489e-01
   1.52900385e-01
  -9.70077208e-01
  -7.91045036e-05
   1.07274874e+00
  -3.09959539e-01
   2.13129054e-01
  -1.25389362e+00
  -2.45308481e+00
   2.88633337e-01
   3.47420956e-01
   6.06728230e-02
  -3.80833913e-01
  -1.79236085e+00
   4.65875948e-01
  -1.07664785e+00
  -1.12378464e+00
  -1.35928087e+00
  -9.59019796e-02
   2.39350349e-01
   1.28692640e+00
  -4.27330824e-01
   5.70742326e-01
   4.11465440e-01
  -1.55975659e+00
  -9.36349597e-01
  -7.38410518e-01
  -1.92882898e+00
  -4.46377813e-01
   8.09338498e-01
  -1.47055479e+00
   1.16026337e+00
   2.14210385e+00
   8.07602988e-01
   2.73744819e-02
  -3.54959641e-01
   7.38455406e-01
   6.95431061e-01
  -1.85710900e+00
  -1.82129987e+00
  -1.24962452e+00
   7.84818052e-01
  -3.16913047e-01
  -9.26885495e-02
   7.96727633e-02
  -3.33158287e-01
  -1.33108092e+00
   1.44085456e-01
   2.66040739e-02
   4.64459683e-01
   1.89595866e+00
   8.34771415e-02
   3.15470147e-01
  -1.95025440e+00
  -7.08401841e-01
   1.35272893e+00
   9.92694980e-01
   4.39414570e-01
  -1.06354339e+00
   1.05089724e+00
   5.01430323e-02
   4.27647020e-01
  -2.12953055e-01
   9.85488076e-01
   4.25231934e-01
  -1.01477679e+00
   4.60636973e-02
  -7.55012940e-01
  -1.98204229e+00
  -2.15132459e+00
  -1.35483417e+00
  -1.76517045e-01
  -8.47130504e-02
   1.37535209e+00
   2.09791105e-01
   3.29995115e-01
   6.68249100e-01
  -1.99632346e-01
   2.90892411e-01
   9.66661961e-01
  -1.38164150e+00
   7.67415149e-02
   2.22974891e+00
   6.44409101e-01
   3.35923216e-01
  -3.26363993e-01
  -6.17173325e-01
   1.00134611e+00
   5.27585904e-01
   5.14030370e-01
  -2.36758737e-01
   1.56834538e+00
  -3.64827751e-01
  -1.51918326e-01
   3.77808654e-01
   1.08248672e+00
   2.01668894e+00
   8.34753849e-01
   6.70271827e-01
  -4.37625789e-01
   6.61608106e-01
  -2.33259407e-01
  -8.06003706e-01
  -1.76927439e+00
  -5.29351399e-01
   3.64261897e-02
   1.08981095e+00
  -2.55141069e+00
  -1.60519500e-01
   1.06219293e+00
  -1.32461534e+00
   4.59909052e-01
   2.15088477e+00
   3.71020619e-01
  -2.91879040e-01
  -1.98823870e+00
  -8.75549974e-02
  -3.62407027e-01
  -1.43814382e+00
   2.79449990e-01
  -7.59723528e-01
  -2.28946121e-01
  -7.14886738e-01
  -1.03229240e+00
   1.34957125e+00
  -9.39743129e-01
  -8.36498704e-02
  -3.53365712e-01
  -1.16437292e+00
  -1.96549694e+00
  -2.12431986e-01
   2.92976263e-01
   1.21168016e+00
  -6.19081590e-01
  -7.00592165e-01
   2.96366505e-02
   8.27511973e-01
   9.20054915e-01
   1.18405532e-02
  -6.64017969e-01
  -5.09033691e-01
   1.12441551e+00
  -3.17716118e-02
  -1.31985875e+00
   8.17333902e-01
   1.14379477e+00
   1.07249268e-02
   3.46755247e-01
  -1.38974910e-02
   1.71331210e-01
  -1.65049262e+00
  -7.29607460e-01
   5.56359516e-01
  -1.26414805e-03
  -1.07007963e+00
  -2.13325644e-01
  -5.10472522e-01
   1.00946960e+00
  -9.68282302e-01
   5.39807952e-01
   3.03634511e-01
   2.32852269e-01
   2.00079814e+00
   1.10911604e+00
   3.74489196e-01
   1.70057043e+00
  -4.66915215e-02
   1.06185393e+00
   1.62753813e+00
   2.24616763e-01
  -9.79872624e-01
   1.02048528e+00
  -9.35655499e-02
  -1.87239645e+00
  -9.21685755e-01
   1.21826164e+00
   1.16331648e+00
  -9.62167772e-01
  -8.92422543e-01
  -7.68885668e-01
   3.85672349e-01
  -6.20735247e-01
  -7.49749319e-01
  -2.65822991e+00
   6.43640036e-01
  -7.01353332e-01
  -3.90218533e-01
  -3.48805828e-01
   2.37147233e-01
  -1.44770342e+00
  -3.32799896e-01
   9.71732945e-01
  -6.98710890e-01
  -3.48438628e-01
  -6.60428357e-01
   3.11377461e+00
  -4.64129296e-02
  -8.43174565e-02
   3.42865195e-01
  -4.98532454e-01
   1.37315465e+00
   9.22941995e-01
   9.54891199e-01
  -4.33393152e-01
  -1.25616334e+00
  -8.94738991e-01
   6.47670595e-02
  -5.84263012e-01
  -8.06871628e-01
  -8.91639244e-01
  -4.85072007e-05
   4.40255341e-01
   1.35204048e+00
  -1.32451797e+00
  -2.22558317e-01
   7.56727261e-01
  -1.91561660e-02
   2.55443631e-01
   1.06058237e+00
  -1.20686698e+00
   1.27331181e+00
   1.39997307e+00
  -1.36235807e+00
   4.87078631e-01
   3.55025472e-02
   6.28086162e-01
   6.43736497e-01
   8.06329189e-01
   1.56531701e+00
  -1.44821851e+00
   5.26318233e-01
  -3.66272299e-01
   1.09188228e+00
  -2.39780855e-02
   8.05246644e-01
  -1.60289468e-01
   1.24611498e+00
  -6.38238925e-02
  -3.23998321e-01
   9.32299580e-01
  -1.90258489e+00
  -6.54601337e-01
   2.14501717e-01
  -1.47568154e+00
   3.47925138e-01
   1.91344199e+00
  -1.34774579e+00
   8.22687671e-01
  -6.85052118e-01
   1.33176199e+00
  -1.68524101e-01
  -5.32228918e-01
  -7.12678255e-01
  -8.15395125e-02
   1.45794858e+00
  -1.57679079e-01
   2.51554667e-02
   6.19448706e-01
   1.33143440e+00
  -1.13048846e+00
   5.27047723e-01
   1.29055988e-01
   1.10056740e+00
  -8.93608095e-03
   1.71347825e-01
  -3.50588871e-01
   1.48689784e+00
   6.42331903e-01
  -6.65975962e-01
   1.11676493e-02
  -5.83438639e-01
   1.52082080e-01
   7.63151276e-01
  -3.83855814e-02
  -5.44439789e-01
  -4.91129920e-01
   8.03767247e-01
   9.62305369e-01
  -7.86804107e-01
  -7.86242681e-01
  -2.08527846e-01
  -1.56130865e+00
   5.64838837e-01
   1.40450309e+00
  -3.33599345e-01
  -7.55768860e-01
  -1.11130734e+00
  -1.95644377e+00
  -1.35760383e+00
  -5.51517101e-01
   2.37140572e+00
  -1.28397095e+00
   1.52185581e+00
  -4.56407835e-01
  -6.52344251e-02
  -6.44614495e-01
  -9.27173009e-01
  -2.33575320e+00
   1.21607508e+00
   7.74587165e-01
  -9.40002708e-01
   9.04422365e-01
  -3.85674583e-01
  -1.71711367e+00
   6.92289228e-01
   1.72790758e+00
  -3.55457204e-01
  -5.89490807e-01
  -1.62851145e+00
   9.80006517e-01
  -1.44345250e+00
  -9.55922783e-01
  -7.12886176e-01
  -5.29855740e-02
   4.81615755e-01
  -4.33033236e-01
   4.59616867e-01
  -7.36868686e-01
   5.62775460e-01
  -4.63512443e-01
  -5.35474484e-02
  -1.31875647e+00
  -8.83541316e-01
  -8.55483928e-01
   2.47692701e-01
  -6.86178147e-01
   2.92292905e-01
   1.05336269e+00
   6.07807898e-01
  -8.99536651e-01
  -1.07126171e+00
   3.17088346e-01
   1.12539724e+00
  -8.02827547e-01
  -9.45135362e-01
  -8.93439516e-01
  -8.21506409e-01
  -1.08911089e+00
   4.25673149e-01
  -6.23880555e-01
   3.66967810e-01
   3.04802749e-02
  -3.71270954e-01
   1.40216735e+00
  -2.32575890e-02
   3.72832001e-01
  -8.74560672e-01
   2.92049635e-01
  -1.10550752e+00
   1.83217843e+00
  -7.67938684e-01
  -1.36417692e-01
  -1.07097166e+00
   1.29130256e+00
  -1.70832539e+00
   1.16892866e-01
   1.35131679e+00
  -1.44781889e+00
  -6.94019160e-01
   6.23344995e-01
   2.29831273e+00
  -3.87630904e-01
   9.66787617e-01
  -6.32187799e-01
   1.03101360e+00
   1.32850822e-01
   7.91191991e-01
  -9.31941654e-01
   7.79155245e-01
   1.31264271e+00
   1.20164953e-01
   1.61739582e-01
  -1.74723892e+00
  -1.28854297e-01
  -9.00862574e-01
   2.97287732e-01
  -7.33028719e-01
  -7.28400442e-01
  -2.77565633e-01
   2.71931132e-01
   1.29868029e+00
   1.40679758e-02
  -1.32368909e+00
   1.49709869e+00
  -2.16295425e-01
  -2.87428900e-01
  -5.25028215e-01
  -2.70079991e+00
  -1.92005876e-01
  -1.21778829e+00
   1.88485020e-02
  -5.04934912e-01
   2.79146155e-01
   1.04080761e+00
   6.98719053e-01
  -8.96176977e-01
   7.10047926e-01
   2.93736130e-01
   3.44980245e-01
  -4.03277154e-03
   1.99095829e-01
  -6.13506215e-01
  -4.34151238e-01
  -1.02898079e-01
   2.79759064e-01
   7.47737697e-01
  -1.41691102e+00
  -1.96018251e-02
   1.30662741e+00
  -7.30589779e-01
  -6.09301000e-01
   2.25805657e+00
   1.12042759e+00
   3.04947482e+00
  -1.34316574e+00
  -1.17660322e+00
  -1.23452588e+00
  -1.19985483e+00
   4.90340690e-01
  -3.49061014e-01
  -1.20717451e+00
  -1.98601185e-01
   9.96814677e-02
   1.68083056e+00
   5.10900886e-01
   2.20820465e-01
  -2.57601616e-01
   8.49140589e-01
   1.47855449e+00
  -2.43628465e+00
  -2.00437144e+00
   6.83636089e-01
   1.29980646e+00
  -6.83413778e-01
   7.37284850e-01
   3.42739791e-01
  -1.44936363e+00
   8.03065271e-01
   1.73823373e+00
   1.31981446e+00
   6.38591840e-01
  -3.78658247e-01
   1.18585634e+00
  -3.63185100e-01
   3.26391198e-01
   2.02482915e+00
  -7.28828922e-02
  -1.18348018e-01
  -4.39793029e-01
  -1.96950931e-01
   1.45321849e-01
  -6.19865992e-01
   2.17758351e+00
   6.35892002e-01
   1.51743508e+00
   1.26056397e+00
   4.02032907e-01
   8.97264386e-01
  -4.50337428e-01
  -5.44840292e-01
  -1.85288978e+00
  -9.02272193e-01
   1.40433618e+00
  -9.39671725e-03
   1.58250726e+00
   6.22879484e-01
   1.08152880e+00
  -5.12852465e-01
  -5.15721712e-01
  -1.65724521e-01
   9.82468389e-01
  -6.44902806e-01
   6.32582696e-01
  -9.73908832e-01
   4.12705965e-01
  -5.67411586e-01
   7.99929930e-01
   3.02452543e-02
  -4.18498449e-01
  -4.91359756e-02
   9.50785672e-02
  -7.42804470e-01
   1.01300040e+00
  -8.22949369e-01
  -6.98284921e-01
   4.79500631e-01
  -1.22623328e-01
   1.67649942e+00
  -1.37481365e+00
  -1.51554013e+00
  -4.95969426e-01
  -1.20751780e+00
   1.32817196e+00
  -1.07047968e+00
   1.17883171e+00
   3.94594841e-01
   2.03367086e-01
  -9.91069253e-01
  -1.07771763e+00
  -3.25617817e-01
  -9.28015941e-01
  -3.26914584e-01
   4.62390525e-01
  -7.73707001e-01
  -1.57676218e+00
  -2.05282793e-02
   1.26990264e+00
   1.97643155e+00
   1.63267860e+00
  -5.53166490e-01
   5.25112140e-01
   1.92324695e+00
  -5.03894165e-01
   8.23582244e-01
  -5.14637315e-01
   1.21184656e+00
   1.19568350e+00
  -8.59962957e-01
   1.82749249e+00
   9.12378020e-01
  -1.98573722e+00
  -4.77514014e-01
  -6.87907884e-01
   4.23405328e-01
   1.91675143e+00
   6.45852074e-01
  -2.14568537e-02
  -3.88543114e-01
  -6.64175791e-01
   2.81355865e-02
  -1.69948826e+00
  -1.57405745e+00
   1.94711171e-01
   8.62652695e-01
   1.37099039e+00
   2.15404456e-01
   1.30620834e+00
  -1.32447081e+00
  -9.13406803e-01
  -1.09240053e-01
  -1.08778751e+00
   9.39082848e-01
   2.43026131e+00
   4.59004154e-01
  -1.41082634e-01
   3.88897352e-01
  -1.42726340e-01
   2.17369837e+00
  -6.30864907e-01
   3.92916452e-01
  -1.14435059e+00
   9.07932502e-01
   1.46546296e+00
  -8.67146025e-01
  -1.05460774e+00
   1.17151615e+00
   1.94991042e+00
   2.58025984e-01
  -4.70620208e-01
  -9.23812062e-01
  -7.38196128e-01
   6.20394377e-01
  -4.17254400e-01
  -8.23026182e-01
   8.90081669e-01
  -1.64711578e+00
  -5.08450455e-01
   5.24036746e-02
   3.46841449e-01
  -1.07780001e+00
  -1.22477291e+00
  -9.96070033e-02
  -4.00433093e-01
  -1.67820169e+00
   9.51472296e-01
   8.08819324e-01
   1.90810306e+00
  -9.02248138e-01
  -5.66889408e-01
  -1.26301599e+00
   4.35019143e-01
   1.12063404e+00
  -1.18215993e-01
   1.08830358e-03
   9.38707283e-01
   1.65035194e+00
   1.17940732e+00
  -1.09230430e+00
   4.55834189e-01
   1.26273993e+00
  -2.97443380e-01
  -9.55956999e-01
  -3.63784402e-01
  -1.23876061e+00
  -3.56663062e-01
   6.58533264e-01
   8.47579662e-01
   1.07112831e-01
   9.81302856e-01
  -7.21851248e-01
   2.73728409e-01
  -8.29431934e-01
   1.68770195e+00
   8.22109426e-01
  -8.74781341e-01
  -9.10708924e-01
   5.28925539e-01
  -6.56698754e-01
   7.84084832e-01
   7.82851293e-01
  -4.58316372e-02
   4.44961522e-01
   4.22640342e-01
   3.62569996e-01
   1.99821440e+00
   4.59308168e-01
   7.14927323e-01
   7.12630615e-01
  -1.75549253e-01
   1.20139464e+00
   8.15931076e-01
   4.57985739e-01
  -1.84291447e+00
  -6.90998093e-01
   5.71039166e-01
   1.30608041e+00
  -3.72233997e-01
  -8.03112011e-01
  -8.26511932e-02
   9.07571738e-01
   1.13267276e+00
  -1.59142206e-01
   1.30402231e+00
   1.31355530e+00
   2.07343872e-01
   8.18151273e-01
   3.02530010e-01
  -4.20609922e-01
  -1.50122725e+00
  -1.71606010e-02
  -2.75812341e-01
   8.21681144e-01
   1.07109141e+00
  -1.14141811e-01
  -1.32247764e+00
   8.65853626e-02
   4.98577648e-01
  -5.13528567e-01
  -7.20190489e-01
  -1.12772097e+00
   2.52308573e-01
  -5.06343757e-01
  -2.10503257e+00
   3.58422309e-01
  -6.93241963e-01
  -3.06264206e-01
  -1.26650759e+00
  -1.29910973e+00
  -1.37148882e+00
  -1.93811767e+00
   2.95488727e-01
  -9.28646288e-01
  -3.18749299e-01
   1.91001311e+00
   1.09773763e-02
   4.27535924e-01
  -5.39480591e-01
   6.03448767e-01
  -1.47164298e-01
   1.54359229e-01
   1.36991598e-01
  -1.25136559e+00
  -1.45397538e+00
   5.78940198e-01
  -1.31199134e-01
   9.67450543e-01
  -8.86708534e-01
  -4.55871209e-01
  -3.18366489e-01
  -5.77846891e-01
   1.71956623e-01
   1.00051297e+00
  -6.75405614e-02
  -2.97280719e-01
   1.15440975e+00
   4.73400053e-02
   3.88480983e-01
   2.44694976e+00
   2.14813349e+00
   5.38203432e-01
  -1.38538918e+00
   5.95126237e-02
  -3.65134238e-01
  -3.20099821e-01
  -2.32664659e-01
   2.06367953e+00
  -9.39154767e-01
  -4.40772789e-01
   1.91621421e+00
   1.86081856e-01
  -9.54796225e-01
  -7.76791254e-02
  -1.11220225e+00
   1.14342633e+00
  -9.37745356e-01
  -6.15466685e-01
   2.16170281e-01
   9.30778286e-01
   1.71451773e+00
  -8.35442647e-01
  -3.66244826e-01
  -2.13951876e+00
   3.84918043e-01
   1.97646970e-02
  -1.21900010e+00
  -4.23462402e-01
  -1.04130617e+00
   8.52067532e-01
   1.41627541e+00
  -5.05628343e-01
  -3.89276090e-01
   7.83544752e-01
  -4.98805009e-01
   3.77909638e-02
   6.96311061e-01
  -4.41734705e-01
  -7.26479800e-01
   1.47404344e+00
   3.16150949e-01
   2.61198129e-01
   7.15383820e-01
  -4.13272180e-01
   4.83258533e-01
  -1.14578272e+00
   1.06990702e-01
  -2.10458826e+00
   1.61700988e+00
   1.58267436e+00
  -1.46750205e+00
   1.62852200e+00
  -1.53600242e+00
   1.27506739e+00
   2.05796251e-01
  -1.64936668e+00
  -1.37253068e+00
  -5.18727925e-01
  -3.96909266e-01
   2.74446262e-01
  -1.72797975e-01
  -2.42042976e-01
  -5.61170747e-01
   1.26622260e+00
  -2.50787233e-02
   8.18571856e-01
  -8.47214764e-01
   8.53353391e-01
  -2.01459555e+00
   6.48792096e-01
   1.53885339e+00
  -1.40267618e+00
   2.09036825e+00
  -4.88024832e-02
   3.00430418e-01
  -1.17299066e-01
   4.81936427e-01
   2.96854941e-01
  -1.09816922e+00
  -1.90920923e+00
   6.61208997e-01
   2.91044083e-01
   1.46828627e+00
   1.09518201e+00
  -3.16145958e-01
  -1.40905369e+00
  -1.10635457e+00
   9.70230392e-01
  -1.14840493e+00
   2.01200822e-01
   1.93773832e-01
  -1.53535385e+00
   7.37530750e-01
   4.20521924e-01
   9.18193836e-01
   1.08156675e+00
   1.25078636e+00
   1.57330813e+00
   8.81942644e-01
   5.51929893e-01
  -6.77841304e-01
   1.22433808e+00
   6.02156612e-02
  -6.66455562e-01
   1.29393974e-01
  -1.34371220e+00
   4.16315708e-01
   8.39559099e-01
   1.37662806e+00
  -4.78826272e-01
  -6.34266161e-01
   1.38886933e-01
   2.81447879e-01
  -2.15954896e-01
   8.81202378e-01
  -2.46487385e-01
  -1.35427317e+00
  -8.67515626e-01
   1.02666676e-01
  -4.08053706e-02
   5.58968388e-01
   2.63542808e-01
  -1.46848173e+00
   2.83938645e-01
  -1.01171323e+00
   3.35186870e-01
  -8.79432618e-01
  -6.47086871e-01
   6.92133521e-01
  -2.03363013e+00
  -6.10922545e-01
   7.18511684e-01
  -1.41906906e+00
   2.83609082e+00
  -1.10150965e+00
   1.38445296e+00
