 -1.24227148e-01
 -2.54152338e+00
  2.77208110e-01
 -1.95979338e-01
 -1.96212236e-01
 -3.05728246e-01
 -1.12893012e+00
  1.94246294e-01
 -6.07065502e-01
 -8.28446125e-01
  5.35837120e-01
  1.09468212e-01
 -1.12208994e+00
  4.60415397e-02
 -1.23856916e+00
  6.38178975e-01
  1.14522113e+00
 -1.59182526e-02
  6.60963744e-01
 -2.54553066e+00
  1.24870063e-02
 -1.01625572e+00
 -1.15569101e-01
 -7.76326268e-01
 -1.13982247e+00
  3.19776939e-01
 -5.71453647e-01
 -1.63002003e+00
 -9.36383122e-01
 -2.78635473e-01
 -8.46470625e-02
 -8.83671608e-01
  5.11775370e-01
 -7.26332545e-02
  1.92517537e-02
 -3.93422252e-01
  2.02567459e+00
  1.30295879e-01
 -6.02361407e-01
  9.33220559e-01
  1.44543581e+00
  1.73150541e-05
  2.84673169e+00
 -3.85866946e-01
  1.50174177e-01
 -3.17189684e-01
 -1.62787074e-01
  8.19386267e-01
  8.17036435e-02
  1.95637113e+00
  1.94537592e-01
 -2.33268026e+00
 -5.94360216e-01
  1.09644675e+00
 -1.95481066e-01
 -1.91550552e+00
 -7.18595308e-01
 -2.12896439e+00
  2.69908432e+00
  1.45139030e+00
  1.15272624e+00
  3.92609325e-01
  7.99278768e-01
 -1.91460320e+00
 -5.85521251e-01
  5.93003333e-02
 -5.91788319e-01
 -2.43562837e+00
  1.87957952e+00
 -1.84074029e-01
  1.95439481e-02
 -5.75821196e-01
 -8.00929453e-01
 -3.06357690e-01
  1.76386171e+00
  1.35501987e-01
 -4.78364544e-01
 -1.25990858e+00
  6.10977990e-01
 -5.99756645e-01
  3.98709581e-01
 -1.24033223e+00
  5.00272611e-01
 -4.66447158e-01
 -1.51552657e-02
 -3.80424256e-01
 -4.13897230e-01
  1.81120878e-01
  1.19774874e+00
 -1.03318907e+00
 -1.09593601e+00
 -1.65591980e+00
  1.37991549e+00
  6.82562650e-01
 -6.03999969e-01
 -4.04024045e-01
  4.89824023e-01
  6.85980199e-01
 -1.05241287e+00
  2.27358117e+00
  9.30739803e-01
 -1.09928213e+00
  1.03377432e+00
  8.54383298e-01
  4.67355240e-01
  1.13901273e-01
 -5.77888093e-01
  1.82257274e+00
  3.97035124e-01
 -5.01757506e-01
 -1.17807572e+00
  2.19895332e+00
 -5.05327771e-01
  2.08157941e-01
  1.19102397e-01
  1.29789099e+00
  6.16230113e-01
 -1.46909042e+00
  2.92714200e-01
 -2.64479623e-02
  1.30400119e-01
  4.60725617e-01
 -1.37563626e+00
 -9.24251591e-01
 -1.81024944e+00
 -4.64164512e-01
 -3.87148380e-01
 -9.77264240e-01
 -1.96420549e+00
 -9.14145144e-01
 -9.06528990e-01
 -4.91991627e-01
 -2.65107424e-02
  2.35686312e-01
  7.91957654e-01
  8.62339051e-01
 -1.39753907e+00
 -6.71129624e-01
  2.63377220e-01
 -7.06075331e-01
  1.68202362e+00
 -1.10919158e+00
  2.90640147e-01
  5.39071781e-01
  6.98722525e-01
 -2.06274094e+00
 -8.74912863e-01
  1.67135295e-01
 -3.36869980e-01
 -2.54038747e+00
 -3.85031596e-01
  4.61306233e-01
 -1.98074873e+00
 -6.40548111e-01
 -1.18104158e+00
 -8.56385808e-02
  4.89981934e-01
 -2.94389722e-01
  8.58011565e-01
 -2.91053964e-02
 -7.10634261e-01
  7.95090185e-01
  1.29549698e+00
 -1.35199506e-01
 -1.40366669e+00
 -2.26144240e-01
 -2.23524656e-01
  3.11486113e-02
  6.34062496e-02
 -1.82857418e+00
 -6.51327181e-01
 -8.40608132e-02
  1.39647453e-01
  7.33182390e-01
  1.86067751e-01
  1.28427456e-02
  9.94459545e-01
 -6.31543036e-01
 -6.93491935e-02
  1.21341892e+00
  6.44809080e-01
 -4.77470502e-01
  8.25035788e-01
 -2.21509205e-01
  6.45011955e-01
 -9.12035260e-01
 -2.12264722e+00
  1.41887746e+00
 -1.02393671e+00
  7.40128268e-01
 -2.20826103e-01
 -3.95380260e-01
 -3.95058581e-01
  1.51964557e+00
  2.92818526e-01
  1.19556530e+00
  9.45786035e-01
  3.24574273e-03
  3.57219847e-02
 -1.18290637e+00
 -1.40126855e+00
 -2.09219352e-01
  2.04161268e-01
  1.07029758e+00
  7.50717584e-01
  1.26393321e+00
  1.62182683e+00
  1.12324442e+00
  1.05799631e+00
 -1.03290217e+00
 -2.02700689e-01
 -4.36696295e-01
  7.71938912e-01
  1.37510217e+00
 -3.48679806e-01
  1.15403204e-01
  4.19719352e-01
  8.25505523e-01
 -1.20303787e+00
  6.37154959e-01
  1.24068963e+00
 -1.04181642e+00
 -1.85897546e+00
 -4.00342530e-01
 -1.14134347e+00
  2.12457234e+00
  4.22707017e-01
  1.41447267e+00
  2.96387780e-01
 -4.60689444e-01
 -9.32039744e-01
  2.25361008e-01
 -1.61644256e-01
  7.79090830e-01
  1.06873887e-01
 -4.86875681e-02
 -3.35635226e-01
 -1.88791398e+00
  5.41948875e-01
 -1.12079078e-01
 -6.05876981e-01
  6.98295039e-01
  1.72906166e+00
 -5.33169754e-01
  1.18134122e+00
  7.66689535e-01
 -7.18169387e-01
  7.52999578e-01
 -1.50847330e-01
 -1.01356761e+00
  9.74601349e-02
 -8.13188959e-01
 -1.99982588e+00
 -9.16109062e-01
 -6.09002123e-01
 -1.98247231e-01
  5.54135072e-01
 -1.91811580e+00
  5.52269628e-01
 -1.04114181e+00
 -8.17176888e-01
  5.86354277e-01
  4.87028950e-01
  8.06411423e-01
  4.79941327e-01
 -1.08767961e-01
 -7.57562527e-01
  2.33463877e-01
 -6.60044814e-01
  6.50868468e-02
  1.65676972e-01
  8.71103416e-01
 -5.97637674e-01
  1.45496163e+00
  1.29392767e+00
  1.97506354e+00
  6.20074219e-01
  6.42285206e-01
  4.12159016e-01
  1.04261049e+00
  1.30059548e+00
  1.15115619e-01
 -8.69437805e-01
  1.07966169e-01
 -1.76467609e-01
 -9.52795964e-01
  9.19128085e-01
  6.97575004e-01
  1.05496626e-01
 -7.39269785e-02
 -2.14670994e-02
 -9.06659860e-01
 -2.13438428e-01
 -1.10608714e-01
 -8.19016801e-01
  2.16958227e+00
 -9.67298651e-01
 -4.75399150e-01
 -1.20820422e+00
 -1.01452911e+00
  1.23383159e+00
 -2.19917541e-01
  5.70572677e-01
 -6.52927121e-01
 -1.13022465e+00
  1.05809863e+00
  3.93168557e-01
 -9.81502371e-01
  9.95837247e-01
  8.50607934e-01
  7.28333771e-03
 -3.61453000e-01
 -9.41351710e-01
  2.15231475e+00
  4.03234164e-01
  1.31496980e-01
 -1.32195306e+00
 -3.72305512e-01
  1.38495767e+00
  1.40887891e-01
 -6.74291285e-01
 -1.97832163e+00
 -6.44288399e-01
 -9.95732838e-01
 -1.02016689e+00
 -4.19870316e-01
 -6.56278323e-01
 -1.91353208e+00
 -1.67521839e+00
 -1.40395823e-02
 -8.20745387e-01
  1.50081113e+00
 -7.40349976e-01
 -1.86876722e-01
 -2.16121113e-01
 -7.57320214e-01
 -3.54092389e-01
 -1.43831077e+00
 -9.66927456e-01
 -1.72101719e+00
  6.89813443e-01
  6.05096347e-01
 -7.39744471e-01
  1.77827497e+00
 -7.00726852e-01
  3.39615036e-01
  5.67678527e-02
 -6.34939947e-01
  6.53688378e-01
  1.65585895e+00
 -1.73787694e+00
 -2.52785323e-02
  2.19967650e+00
 -8.54622412e-01
 -9.06017718e-01
  1.52016020e-02
  6.64447971e-01
 -5.04496856e-01
 -3.55862302e-01
  2.80995786e-01
 -2.57952826e+00
  1.19656684e+00
 -3.86730531e-01
  2.75034929e-01
  3.12559171e-01
 -1.57600508e+00
  1.57105571e+00
  7.01758944e-01
 -4.48449281e-01
 -6.07455121e-01
 -8.77236722e-01
 -9.75796504e-01
  7.16785771e-01
  8.52448897e-01
 -7.29534021e-01
 -3.91964402e-01
 -5.25344109e-01
  1.83904024e+00
 -1.18586029e+00
 -1.58906694e+00
  4.17052400e-01
 -8.57453301e-01
 -7.45337988e-01
  1.28790523e+00
 -7.14464193e-01
  4.02333481e-01
  3.29058695e-01
 -8.66009833e-01
 -4.24360124e-01
 -4.32083086e-01
  1.00813621e+00
 -2.19908355e+00
 -4.32791664e-01
 -4.83294338e-01
 -9.85341669e-01
  1.43335598e-01
  1.15856071e-01
 -1.51347531e-02
 -8.03536472e-01
  5.79322696e-02
  5.83486398e-01
  5.33877771e-01
  7.90918234e-02
  9.28225001e-01
 -3.64267178e+00
 -1.33982366e+00
  7.96070433e-01
 -2.21525078e-01
 -2.64209666e-01
  1.64203845e-01
 -3.48967792e-01
  5.41253218e-01
 -3.98186001e-01
  3.93153841e-01
  2.43654463e-01
  8.26721180e-01
 -1.00395188e-01
  1.05218754e+00
  1.94283834e-01
 -1.69944764e+00
  8.81938821e-01
  1.59034098e+00
 -1.03862073e+00
  3.62482708e+00
  1.87066661e-01
  8.37235502e-01
 -1.70209831e+00
  8.92329031e-01
  2.65934644e-01
  7.96108463e-02
  3.06385670e+00
  2.69603045e-01
  1.10620759e-01
 -2.46366081e+00
  8.35906337e-02
  6.48713938e-01
 -4.14855834e-01
  2.88330816e-01
  2.99767628e-01
 -5.61893530e-01
  1.28049996e-01
 -6.17953013e-02
 -3.20338464e-01
  2.68189425e-01
 -2.12987086e+00
 -5.56981974e-01
 -1.43461266e-01
  1.50036129e+00
  2.50552620e-01
  5.45091171e-01
 -6.26172690e-01
 -3.54743953e-01
 -4.09467208e-01
  1.51889725e+00
 -1.71977337e-01
  1.04255826e+00
  5.82053286e-01
  1.05776316e+00
 -2.20861100e+00
  2.42735783e+00
  1.17369161e+00
 -3.65706043e-01
 -1.56949955e+00
 -4.82602518e-01
  1.30125290e-01
  5.81163350e-02
 -1.52589989e-01
  1.79739179e+00
  1.52357570e-01
  5.21923208e-01
  2.02169790e-01
 -1.67250102e+00
 -8.82753919e-02
  6.20946995e-01
  5.33626931e-01
 -9.03043385e-01
  1.35306915e-01
  1.50368601e-01
  2.91670156e-01
  9.15423964e-02
  4.12973450e-01
  5.12055422e-01
  1.59029755e+00
 -3.81060879e-01
  9.24821685e-01
 -1.78978787e-01
  5.64111213e-01
 -3.31393694e-01
 -1.39075769e+00
  7.12730150e-01
 -2.32083606e-01
  1.32230712e-01
 -9.04012238e-01
 -7.49997949e-01
 -1.07323216e+00
  1.80035452e+00
  1.55880755e+00
  2.03304537e+00
 -2.33182473e-01
  1.01298292e+00
 -3.23611006e-01
  1.00345593e+00
 -1.71734728e-01
  9.78009088e-01
 -9.76025990e-01
  8.59500275e-01
 -1.38366175e+00
  1.34643968e+00
 -2.98344795e-01
 -2.07947604e+00
 -1.09574420e+00
  2.29942925e-01
 -1.41875463e-01
 -6.00486183e-01
 -6.03233021e-01
  3.22427556e-01
  5.03198466e-01
 -7.93645809e-01
  1.04627383e+00
 -1.18931659e+00
 -6.39244810e-01
 -2.17315458e+00
  2.65708373e-02
  8.05310801e-01
  5.79715179e-01
 -8.57729280e-02
 -9.62263386e-01
 -1.92773944e-02
 -4.37038802e-01
 -2.16272425e-01
 -3.46748094e-01
  2.31312053e+00
 -3.08089844e-01
 -8.08486918e-01
  8.34183848e-01
  1.02879227e+00
  8.16266210e-01
  1.76899429e-01
 -5.21567295e-01
 -3.67261209e-01
 -1.01535469e-01
 -7.79481088e-01
 -4.01013504e-01
 -1.70123686e+00
 -1.16762190e+00
  1.10175204e+00
 -9.54225710e-01
 -1.39404030e-01
  2.88443078e-01
  9.94623825e-01
 -5.03700318e-01
 -7.40911033e-01
  1.49350568e+00
 -1.82128735e-01
 -7.44392326e-01
 -6.36758789e-01
 -2.61791864e-01
 -1.15778314e+00
 -2.71568388e-01
 -5.06314293e-01
  5.98397069e-01
 -1.20642990e-01
  6.80158389e-01
 -5.52711335e-01
 -3.67684049e-01
  1.44290753e+00
  7.75275003e-01
  3.44804175e-01
  3.53977164e-01
 -1.39125353e+00
 -2.04076763e+00
  7.01215732e-01
 -1.25783757e+00
 -1.23275781e+00
  9.97306892e-01
  1.61442590e+00
  1.56228317e+00
  1.83771658e-01
 -1.20890199e-01
 -1.17185335e-01
 -5.45735284e-01
  1.25955069e+00
  4.87654034e-01
  1.91370385e+00
 -1.18618878e+00
  4.32141530e-01
  6.72215608e-01
 -3.65262530e-01
  4.43300943e-01
 -9.90327114e-01
 -4.05257823e-01
 -7.32484050e-01
  8.50562222e-01
 -5.55270496e-01
 -1.85202087e-01
 -2.90969062e-01
 -1.34314922e+00
  1.17814855e+00
  1.05133708e+00
 -4.21320042e-01
  1.74542808e+00
  7.89382480e-01
  1.73209481e+00
 -9.01330025e-02
 -1.89470649e+00
 -1.52604306e+00
  4.06437700e-01
  4.95778097e-01
 -3.96841565e-01
  1.23138848e-01
  1.46587875e-01
  1.26040048e+00
 -2.35360457e+00
 -1.72990299e+00
 -1.77032932e-01
 -1.11213011e+00
  1.32375434e+00
 -5.43733903e-01
  1.26789375e-01
 -1.54869329e-01
  6.17490260e-01
 -7.09859714e-01
 -5.20280208e-01
 -6.11374485e-02
 -7.68989799e-01
  5.51655908e-01
  1.03212053e-01
  6.17706635e-01
 -1.32442927e-01
 -1.03722561e+00
 -1.03942783e+00
 -9.55347373e-01
  1.03670334e+00
  1.13680000e+00
 -6.06295931e-01
 -1.93441831e-01
 -8.92155121e-01
  3.91286703e-01
  1.86965836e-01
 -5.75813194e-01
 -5.37673593e-02
  7.18311689e-01
 -2.33450568e-01
  1.06984133e-01
 -9.49466757e-01
  1.03924105e+00
 -4.56453959e-01
 -1.96643314e-02
 -8.99211234e-02
  2.11804296e+00
 -8.36098527e-01
 -1.11064674e-01
  6.82831443e-01
 -9.16531501e-01
 -7.60609540e-02
  8.49721540e-02
 -2.71413654e-01
 -3.68797248e-01
 -1.10260611e+00
  2.80201002e+00
  4.02719097e-02
  2.05136571e-01
  9.21281836e-02
 -6.59838750e-01
 -1.07269463e-01
  4.08589054e-01
  1.13422150e+00
  1.60667683e+00
 -1.29093875e+00
 -4.35804412e-01
 -1.04739297e+00
  1.03343762e+00
  3.86400756e-01
  9.57993231e-01
 -2.70644167e-01
 -1.03898571e+00
 -3.47814312e-01
 -7.76845265e-01
  5.77993672e-02
  1.00992981e+00
  1.26265696e+00
 -2.88388855e-01
 -9.94419516e-01
  2.45059929e-01
 -1.70457723e-01
 -8.35757885e-01
  4.79520785e-01
 -1.86836826e+00
 -1.74123115e-01
 -1.44066993e+00
 -7.08783539e-02
 -1.36812832e+00
 -1.46252155e+00
 -2.11844327e-02
  1.28754482e+00
 -2.79141946e+00
 -1.31121697e+00
  1.47537358e+00
  4.14026801e-01
  4.95086090e-01
  2.11987593e+00
 -4.96480634e-01
  4.56841601e-01
 -3.63481292e-01
  9.54579553e-01
  4.00022658e-01
 -5.16798866e-01
  1.05432168e+00
 -9.01354135e-01
  3.48690555e-01
 -2.82854296e-02
  3.24947561e-01
  3.03905539e-01
  4.99164645e-01
  1.55241941e-02
 -1.59457005e+00
  7.89132671e-01
 -2.31302514e+00
  1.12065886e+00
 -1.08161185e+00
  1.34223816e+00
  5.52300094e-01
 -9.75334607e-01
  1.38357521e+00
 -6.56594064e-01
 -2.13392840e-01
 -4.94868486e-01
 -2.19407871e-01
 -2.05603281e+00
  1.49120119e+00
 -2.33881091e-01
  8.99275511e-01
 -9.99686048e-01
 -7.35162994e-02
  1.28753025e+00
  1.87861389e+00
 -1.03247936e-01
 -5.96903336e-02
  1.09188768e+00
 -2.66102363e-01
 -2.08032111e-01
  1.43475975e+00
 -4.93792413e-03
 -8.13789733e-01
  1.65111164e+00
  3.79808702e-03
 -2.79494673e-01
  1.07452796e+00
 -8.70088416e-01
  8.14666668e-01
 -8.47411883e-01
 -1.52759620e+00
  1.27476839e+00
 -2.91211097e-02
 -2.80269291e-01
  1.56699421e+00
 -4.08300871e-01
  1.03801922e+00
 -1.19475331e-01
 -3.87742108e-01
  4.24485125e-01
  1.31110329e+00
  1.94503455e+00
  4.14274291e-01
 -6.27081303e-01
  1.66148055e+00
  1.55325517e+00
  9.21601285e-02
  5.64459083e-01
  1.43250894e+00
  1.27265490e+00
  4.90891824e-01
 -5.04253158e-01
  3.46304798e-01
 -9.77362115e-01
 -5.22867768e-01
 -6.21440254e-01
 -1.68014642e-01
 -4.43871807e-01
  8.37612252e-01
 -2.29953043e-01
  1.64850416e-02
 -9.55705787e-01
 -8.69864272e-01
  5.00615908e-01
 -8.32249370e-01
 -6.53197788e-02
  2.80897355e-01
  3.73249120e-01
 -2.51453944e-01
 -6.33767735e-01
  1.24901887e+00
  5.46672254e-01
 -6.99334722e-01
  1.21827637e+00
  1.42563676e-01
 -1.29000138e-01
 -8.45958739e-01
 -1.09051234e+00
 -8.88284602e-01
  4.63878655e-01
  6.77343928e-01
 -1.36981337e-01
 -3.25735217e+00
 -1.10972666e+00
  1.43322985e+00
  1.08774117e+00
 -1.65694944e-01
 -1.68666295e+00
 -1.53104097e-01
 -1.57293813e-01
 -1.87742134e+00
  4.80076352e-01
  2.71988441e-01
  4.55974042e-01
  1.46155232e+00
  2.21317870e+00
 -1.08313086e+00
 -1.04096803e+00
 -4.62286003e-01
  9.34221337e-01
  1.10607492e+00
 -8.12047101e-01
  6.41686474e-01
  2.67619264e-01
 -9.49461255e-01
  6.44854224e-01
 -1.36274231e+00
 -7.04521797e-01
 -1.48405872e+00
  1.01056700e-01
 -2.20519690e-01
  1.54702372e-01
 -2.44115702e+00
 -2.65410505e-01
 -1.56145133e+00
 -4.88404626e-01
 -1.12059348e+00
  1.47334499e-01
  6.58095591e-01
  1.47652488e+00
 -1.42400571e-02
 -5.65515723e-01
 -1.22654755e+00
 -5.29684980e-01
 -8.90272272e-02
  2.15686828e-01
 -6.27935569e-01
  1.88545814e-01
 -1.19633929e-01
 -2.76114871e-01
  1.52649246e+00
  3.51483784e-01
 -1.54496137e+00
  9.02376550e-01
 -9.66713134e-01
 -4.69409649e-01
 -6.25398881e-01
 -1.44613656e+00
 -5.30065152e-01
 -3.83851046e-01
 -8.72198739e-02
 -6.01674550e-01
 -1.07046189e+00
  2.02274279e-01
  5.42897958e-01
  7.00943972e-01
 -3.12980380e+00
 -1.19427389e+00
  4.00509379e-01
 -1.58106064e+00
 -9.75708836e-01
 -8.06402508e-02
 -8.72302572e-01
  4.57844058e-01
 -1.46812955e+00
 -6.10323191e-01
 -8.99377370e-01
 -1.62023404e-01
 -1.03077663e+00
 -9.11345657e-01
  1.24181228e+00
 -1.32970020e+00
  7.00132209e-01
 -2.30884596e-01
  1.11663396e+00
 -1.22766923e-01
 -8.80983538e-01
  1.38229841e+00
  1.48709412e+00
 -1.35562201e+00
  1.12211547e-01
 -7.09221938e-01
  1.38020626e+00
 -7.12399520e-01
  2.66983226e-01
  1.86243463e+00
  3.79094119e-01
  9.81256181e-01
  4.09842523e-01
 -4.04614722e-01
 -1.96470247e+00
 -1.34808499e+00
  1.04488728e+00
  7.07992517e-01
 -9.07908121e-01
  2.46487434e+00
  2.75883232e-02
 -4.84013596e-01
 -7.46603316e-02
 -2.26965119e-01
 -6.01192952e-01
  4.64361708e-01
  8.62493219e-02
 -6.72276269e-01
  1.07116732e+00
  9.34651453e-02
 -4.24092785e-01
 -1.44655133e+00
 -2.58352060e-03
 -1.01131147e+00
  1.93184920e+00
 -1.50473725e-02
  1.46640325e+00
 -6.45435314e-01
 -1.37077483e-01
  5.08553383e-02
  2.01568038e+00
 -9.95374755e-01
 -4.65865655e-01
 -1.33316123e+00
  1.42296716e+00
  1.47154667e+00
 -4.56957966e-01
  6.31485217e-01
  3.22895019e-02
  3.26696026e-01
  1.21465335e+00
  9.76125856e-01
 -1.47647195e+00
  5.31002388e-01
  5.65090742e-01
 -2.95501998e-01
 -9.33809178e-01
 -8.46355761e-01
  2.72637869e-01
 -5.60878345e-01
 -2.32036865e-01
 -3.32017556e-01
  6.73492421e-01
  1.96293732e+00
  1.27064307e+00
 -8.65556013e-02
  7.56436674e-01
  3.41648892e-01
 -7.98675778e-01
  6.24958335e-01
  5.99831269e-01
 -4.06553332e-01
 -9.06349096e-03
 -1.18607911e+00
  2.64428992e-02
  1.39274994e-01
 -8.07086808e-01
 -1.33530650e+00
 -8.05889471e-01
 -3.96247628e-02
 -1.11252903e+00
 -1.35822523e+00
 -1.72698016e+00
 -3.04156337e-01
  1.49480908e-01
 -4.03228467e-01
  3.91847014e-01
  2.78635917e+00
 -5.40186477e-01
  3.16021434e+00
  2.14470562e-01
 -6.75982267e-01
  2.82354173e-01
  8.50622991e-01
  1.23795496e+00
  2.28193968e-01
  2.25219443e-01
 -1.28237900e+00
  1.27574086e+00
  1.52410296e+00
  2.68020330e-01
  1.35928256e-01
 -9.75316472e-01
 -5.65622936e-01
 -5.30803796e-01
 -1.39324687e+00
 -4.68278321e-01
 -1.90233107e+00
 -2.42633918e-01
 -2.11346475e+00
  1.45448666e-01
 -1.63989241e+00
 -1.96411163e+00
  3.24985097e-01
 -3.95000103e-01
  3.82671505e-01
  8.45302258e-02
  4.87847974e-01
 -4.54734411e-01
  4.64237311e-01
 -1.37450613e-02
  3.14420881e-01
 -1.25361971e+00
  1.35246435e+00
 -6.92497205e-01
 -2.66509363e+00
 -6.86911189e-01
  1.28118046e+00
  1.25310062e+00
  9.45963339e-01
 -2.24152975e-01
  9.13033996e-01
 -1.59672536e+00
 -2.18284781e+00
 -5.04308702e-01
  4.44112353e-01
  6.64386898e-01
 -1.72479664e+00
  4.07413957e-01
  9.96239915e-01
 -7.04940079e-01
  8.02948304e-01
 -3.22825222e-01
 -1.34482171e+00
  6.79020971e-02
 -2.48841755e-02
  1.44082071e+00
  1.82386679e-01
  1.37849321e+00
 -7.51567525e-02
  2.19601776e-01
  1.32292866e+00
 -4.66858673e-01
 -1.69914500e-01
  1.51570162e+00
 -9.50396092e-01
  7.40450572e-02
 -5.13899427e-01
 -7.19199892e-02
  4.28856211e-01
  3.77888916e-01
 -9.29068321e-01
 -7.50145407e-01
  1.33448059e+00
  1.59495035e-02
  1.40154097e+00
  2.69649665e-01
 -9.66424040e-01
 -5.31620362e-01
 -3.85254241e-01
  1.27149903e+00
 -1.54603897e-01
  2.31317107e-01
  5.58737639e-01
 -4.30111281e-01
 -1.98256783e-01
 -3.91923568e-01
  2.09043374e+00
 -2.51070397e+00
  1.79852021e+00
 -3.49807283e-01
  5.00759263e-02
 -6.49477496e-01
 -5.03352842e-01
  9.05910757e-01
  8.93374674e-01
  8.11351845e-01
 -9.12945260e-01
 -1.18248021e+00
  8.73872858e-01
 -1.52034317e+00
  1.07002845e+00
  1.84552256e+00
  1.33796132e-02
  5.75103432e-01
 -4.03227547e-01
  1.80764395e-01
 -1.65914814e+00
 -1.81040007e+00
 -1.24137264e-01
 -2.75406696e-02
  2.68215792e+00
  1.94084286e+00
 -1.07938786e+00
 -6.62326967e-01
 -2.61507367e-01
  2.40666251e+00
  3.99400209e-02
 -2.09055148e+00
  6.44743592e-02
  2.00167895e+00
  3.45532178e+00
  2.94179363e-01
 -8.31735734e-01
  1.31833237e+00
 -8.57434983e-01
  1.79813480e+00
 -9.34875495e-01
 -2.64255039e+00
  8.61665390e-01
 -1.33359727e+00
 -1.81750243e-01
 -4.56286281e-01
 -6.43130795e-01
 -6.65193931e-01
 -2.04523562e-02
  2.74790093e-01
  4.11074663e-01
  7.11485844e-01
  2.32280980e+00
 -1.51815687e+00
 -3.50975804e-01
  9.55987298e-02
 -3.35963922e-01
  2.66104854e-01
  2.82503160e+00
 -5.33318208e-01
  1.12695903e+00
  3.19199895e+00
  1.42940234e+00
 -1.10106529e+00
  9.80530668e-01
 -5.74819783e-01
 -1.12330117e+00
  1.07446490e+00
 -1.07299882e+00
 -1.00433281e+00
 -7.10040903e-01
  2.67709952e-01
 -7.69169696e-01
 -1.83912334e+00
 -1.55482225e+00
  6.00296050e-02
 -1.99537832e+00
  1.80465429e+00
 -1.24932746e-01
  5.12343930e-01
 -7.70339950e-01
  3.10769715e-01
 -2.50683696e+00
 -2.01955619e+00
  1.17280193e+00
 -1.17614286e+00
 -2.49025566e-02
  1.05621188e-01
 -1.04441222e+00
  3.43590070e-01
 -1.22656193e+00
  7.41507059e-01
 -1.21070123e+00
 -2.79918163e-01
  8.05195223e-04
 -2.20863565e+00
 -8.10119223e-01
 -7.03096827e-01
 -6.55934135e-02
  1.45974039e-01
  2.39487448e+00
 -5.84972192e-01
 -1.17055594e+00
  2.32996814e+00
  1.51981401e-01
  1.04829517e+00
 -3.73549721e-01
 -1.89231408e+00
 -1.53973403e-01
  2.02451566e+00
 -3.13130221e+00
 -6.74296796e-02
  1.64072281e+00
 -8.67943756e-01
  5.76718365e-01
 -1.13222452e+00
 -6.28265663e-01
 -1.26989119e+00
  2.13208923e+00
  2.61804135e-01
 -8.19770232e-01
  1.13861699e+00
  1.37180395e-01
 -2.67053855e-01
  5.59710084e-01
  6.77744096e-01
  2.30528011e+00
 -7.32374343e-01
  1.53545922e+00
  9.36400882e-01
 -1.29579296e+00
 -4.10873851e-01
 -1.69377777e+00
  3.77493495e-01
 -1.37881878e+00
 -6.52254283e-01
  9.13559387e-01
  1.07712452e+00
 -6.03255695e-01
 -1.42289026e+00
 -1.19610165e+00
 -2.64494621e+00
  1.78787713e+00
 -1.07884360e+00
 -3.54472575e-01
  1.34671154e+00
  2.40919080e+00
  2.15618994e+00
  1.89009314e+00
  1.37679847e+00
 -2.03894989e-01
  7.22375319e-01
  8.39823762e-01
 -4.71929905e-01
  2.68825890e-01
  2.12797088e+00
 -8.36046365e-01
  1.26855716e+00
  2.61261312e+00
  3.74895433e-01
  1.68931730e+00
  8.26240965e-01
  5.77754023e-01
 -4.24884396e-01
  4.65499106e-01
 -5.72649402e-01
  3.60145414e-01
 -5.56501762e-01
  6.42392430e-01
 -1.43072000e+00
  1.21444936e+00
  9.07639112e-01
 -1.95538071e+00
 -1.97389828e+00
  2.35287197e+00
  7.78551389e-01
 -9.14730239e-01
  4.40032112e-01
 -2.90415685e-01
 -1.19451722e+00
  6.64892448e-01
  5.52334330e-01
 -2.17630219e+00
 -2.18304816e-01
 -9.49570665e-02
  1.12687636e+00
  1.62074975e+00
 -5.87004676e-01
  1.12865405e+00
  5.85618966e-01
 -1.55399669e-01
  1.27973491e-01
 -3.12365549e-01
 -1.01010761e+00
  7.21019141e-01
  2.58735564e-01
  1.21346307e+00
  7.30233340e-02
 -1.20869710e+00
  1.40425284e+00
 -1.32251388e+00
 -1.56397820e+00
 -1.95883227e+00
  4.72153353e-01
 -2.37839775e-01
  2.74954029e-01
 -3.04487410e+00
 -1.93233946e+00
  1.25895915e+00
 -1.81969493e+00
 -5.82377040e-01
 -1.07627907e+00
  1.63700078e+00
  6.49585635e-01
  5.36228743e-01
 -8.36404794e-01
  1.45392682e+00
 -2.44098806e+00
 -9.65513275e-02
 -8.46352513e-01
  1.65728059e+00
  2.07023951e+00
  1.12264429e+00
 -8.36100131e-02
  4.95853974e-03
  1.78703127e-01
  1.29396567e-01
 -7.11045681e-01
 -8.17082668e-01
  1.54653877e-01
  7.89364630e-01
  5.80888162e-01
  3.58802114e-01
  1.97326908e-01
 -1.42931285e+00
 -1.40539525e+00
 -4.95572230e-01
  6.35921314e-01
 -5.15435805e-01
 -3.91296905e-01
 -1.20898833e+00
 -9.23218881e-01
 -4.01831692e-01
  4.35476707e-01
  3.90180959e-01
 -1.09823580e+00
  1.81216271e+00
  1.35482523e-01
 -1.21424647e+00
 -7.80450886e-01
  8.27120741e-01
  2.29192080e+00
  3.13483742e-01
  9.36355297e-01
  1.00308167e+00
 -1.98184146e-01
  1.34354577e-01
  9.83002861e-02
  9.70438404e-01
 -4.63109264e-01
 -1.28069793e+00
 -8.01400962e-01
 -5.49330794e-01
 -9.20747679e-01
 -4.00881737e-01
  2.91099667e-01
 -2.62326568e-01
  1.74612079e-01
  7.52098128e-02
  6.95621043e-01
 -1.50178963e-01
  4.56924203e-01
 -6.58244443e-02
  7.00773894e-01
  7.37441701e-01
  1.11220087e+00
 -9.22494297e-01
  7.70156600e-01
 -1.98122751e+00
 -9.27914446e-02
  2.36096957e-01
 -1.47033817e+00
 -1.71165897e+00
 -1.14734272e+00
 -4.02064016e-01
  4.79933789e-01
 -1.14726283e+00
 -2.78258463e-01
  8.13290236e-01
 -7.84556287e-01
  9.20190075e-01
  1.66120561e-01
 -5.06858839e-01
  1.89785031e+00
 -1.60099791e+00
 -2.82299533e-01
  1.10095070e+00
 -6.07496208e-01
  1.89029328e+00
  5.82534455e-01
 -1.50358188e+00
 -1.18074201e+00
  5.63628995e-01
 -1.71595217e-01
  1.19378062e+00
 -1.39154113e+00
  1.59491512e-02
 -9.53593150e-01
 -1.78483991e-02
 -1.13892077e+00
 -9.04502435e-01
  1.30531041e+00
  2.84718371e+00
  1.37925221e+00
  4.93088345e-02
 -1.39024505e+00
  8.79487290e-01
 -8.12613331e-01
 -1.35120471e+00
 -6.25001340e-01
  1.67418679e-01
  4.38678463e-01
  1.23358480e+00
 -4.41829331e-01
 -4.53174944e-01
 -5.95295299e-01
 -9.23213662e-01
  1.10568047e+00
 -2.41655899e+00
  2.07132172e-01
 -2.82537335e-01
 -1.23383415e+00
  2.38921459e-01
  9.66110084e-02
 -2.28109025e+00
  7.36738843e-01
 -1.77351025e+00
 -1.12966361e+00
  2.99751471e-02
  1.24267874e-01
  1.03422613e+00
  6.12581209e-01
  1.34850944e+00
 -7.02170436e-01
  2.22800968e+00
 -1.35112051e+00
 -7.40210154e-01
 -9.73711481e-01
 -1.14188480e+00
  1.09853334e-01
 -1.89385658e+00
  3.88814712e-01
  3.81902070e-01
 -3.75972840e-01
  1.82766565e+00
  1.69777386e+00
  6.66523841e-01
 -2.39577207e+00
  1.12597701e+00
  1.72126813e-01
  2.38583204e+00
 -5.34755165e-01
 -9.33355838e-01
 -1.75699761e-01
  6.63225752e-01
  3.78096335e-01
  1.18531825e+00
 -2.95827392e-01
  1.45363330e+00
 -1.15987574e+00
  1.56277043e-01
 -2.16682046e+00
  4.65669931e-01
 -4.69897833e-01
 -4.83795800e-01
  6.03781848e-01
 -3.23937325e-01
 -4.12102308e-01
 -2.11322600e-01
  7.45982227e-01
 -1.33602024e-01
  6.92958954e-01
 -5.58426776e-01
 -4.22700729e-01
  1.38056074e+00
  3.93720478e-01
  1.05150948e+00
  2.78124012e-01
  9.10720712e-02
 -1.07586168e+00
 -4.62118285e-01
 -1.39972773e+00
 -8.34925154e-01
  5.18418520e-01
 -7.44504353e-01
  8.86287864e-01
 -1.49719803e-01
  1.37475326e+00
  6.48670671e-01
  4.38248692e-01
  9.88023816e-01
  1.92231402e+00
  2.15773354e-01
 -5.63710646e-01
 -3.60426730e-01
 -6.21933800e-01
 -4.97543313e-02
 -3.44148415e-01
 -2.21361610e-01
 -6.85249064e-01
 -5.01166570e-01
 -1.79676571e+00
 -2.03917641e-01
 -1.40013354e+00
 -4.58293573e-01
  1.36800084e-01
 -1.40637355e+00
 -7.43331837e-01
 -3.63765906e-01
 -5.72730849e-01
  1.81958409e-01
  8.71872888e-01
  4.23203773e-01
 -5.80077286e-01
 -9.37602536e-01
  1.33295367e-01
 -6.64630045e-01
 -9.23756257e-01
 -1.08726179e+00
  9.46890037e-01
  3.83948212e-01
 -1.68458675e+00
  2.01358220e-01
 -7.85958480e-01
 -1.35197143e+00
 -1.15456014e+00
 -1.52233556e+00
  9.16842521e-01
 -5.09213327e-01
  1.27123913e+00
 -1.16489191e+00
 -1.91465044e+00
 -2.40723562e-01
  2.90854998e-01
  5.92535006e-02
  1.34598833e+00
 -1.35615713e-01
  3.00930743e-01
 -1.84376348e+00
  4.80050332e-01
  1.34665293e+00
  9.83320645e-01
 -4.49085363e-01
 -7.98761626e-02
  5.09816048e-01
 -1.24532476e+00
  1.36018522e+00
  6.53794396e-01
  2.24239834e-02
 -6.67397964e-01
  5.08918543e-01
  1.44487297e+00
 -5.63937715e-03
  1.17767986e+00
 -7.40107954e-01
 -3.75937008e-01
  7.83927742e-01
 -5.28426188e-01
  1.96103271e-02
  1.50899937e-01
  2.39286143e-01
 -1.72930203e-01
 -1.83278643e+00
 -4.67037350e-01
 -6.39745465e-01
  7.08138320e-01
  1.04372591e+00
 -9.93941206e-01
  3.51191433e-01
  9.14122314e-01
 -2.48802810e-01
 -1.48382292e+00
  1.11048182e+00
 -1.18970531e+00
  2.34413044e-01
 -1.29997414e+00
  1.73644358e-01
 -5.51985031e-01
 -5.41249472e-01
  2.22036864e+00
  1.17715293e+00
  2.28621901e-01
  7.75390686e-01
  8.91162847e-01
  1.25370442e-01
 -6.73000794e-01
 -1.20208933e-01
  6.95713135e-01
  8.47296360e-01
 -8.59582637e-01
  1.10455966e+00
  3.61902835e-01
 -7.54436127e-01
 -1.60668343e+00
  3.39218379e-01
 -2.95159213e-01
  1.64295399e+00
 -1.06924016e+00
 -1.64892031e+00
 -9.07945076e-01
 -4.11795345e-01
 -1.68736354e+00
 -3.56005830e-01
 -8.30404104e-01
  2.25293771e+00
 -8.18504263e-01
  5.07848185e-01
 -1.31509503e+00
  9.54757445e-02
  1.39241127e-01
  1.32298071e-01
  2.39346724e+00
 -2.48543176e-01
  2.92689474e-01
  5.70867191e-01
 -1.10848878e+00
  3.42778876e-02
  9.55768586e-01
  1.31270341e+00
  1.25037917e+00
 -5.22841335e-01
  1.35431665e+00
  1.31750469e+00
 -3.18641387e-01
  9.13493523e-02
  1.56822848e-01
  1.25802647e+00
 -9.40887307e-02
 -5.19103256e-01
 -1.47936802e+00
  6.95818082e-01
  5.49088565e-01
 -1.09203964e+00
  8.65354489e-01
 -1.61502871e+00
  1.15190412e+00
 -1.83746860e+00
  1.61306863e-01
  5.42432459e-02
 -5.40046731e-01
  6.78700775e-01
  5.69654241e-01
  1.23194101e+00
 -1.67408086e-02
  4.96236073e-02
  4.22699253e-01
  6.70871233e-01
 -4.75235735e-01
  8.91860602e-01
  1.68818811e-01
 -5.92493612e-01
  4.19010878e-01
  7.88572310e-01
 -7.39989232e-02
  1.51522386e+00
  1.44716795e-01
  2.05315815e+00
  8.59369786e-01
 -2.44123126e-01
 -3.55352865e-01
 -3.23045502e-01
 -6.27444707e-01
 -1.22709570e+00
 -1.39166382e+00
 -1.53865472e-01
 -6.05732112e-01
  1.21766057e+00
  1.93211619e+00
 -5.84793438e-01
  5.64391614e-01
 -3.50840849e-01
  1.00819602e+00
 -1.39525588e-01
  9.03245473e-01
  3.08416642e-01
 -2.71173670e+00
 -1.43154798e+00
 -1.56729943e-01
  3.32523664e-01
  2.58876503e-02
  1.23493929e+00
 -1.90821999e+00
 -7.36893515e-01
 -3.55782620e-01
  7.87727545e-01
 -9.20309377e-01
 -8.34227421e-02
 -1.01336512e+00
  1.42720138e-01
  3.52713203e-01
 -1.73066597e-01
  3.27007278e-01
 -1.33308240e+00
 -1.68978163e-01
 -8.74969344e-02
 -3.98937325e-01
 -4.90261184e-01
 -9.38839534e-01
  1.35622388e+00
 -7.79772568e-01
  4.47032612e-01
  9.94593011e-01
 -8.88697082e-01
 -7.80477958e-01
  2.69490313e-01
  5.63545848e-01
 -5.99898840e-01
  7.25419660e-01
  3.02378685e+00
  4.78929309e-01
  5.81084651e-01
 -1.62417060e+00
 -3.83342751e-01
  3.20120774e-01
  4.01328043e-01
 -2.59313568e+00
 -4.41957768e-01
 -4.21712251e-01
  3.46220865e-01
  8.25038380e-01
 -8.95306878e-02
 -1.90721566e+00
  1.53046152e+00
  1.53243524e+00
 -4.36203259e-01
  4.71342881e-01
  1.09859457e-01
 -9.82356816e-02
  1.65964938e+00
 -1.76266303e+00
 -1.74908693e-01
 -8.77430139e-01
 -7.15374237e-02
 -7.49111958e-02
 -8.93900501e-01
  1.50257420e-01
 -5.82088197e-01
  8.46065861e-01
  1.04419674e+00
 -3.55077162e-01
  1.08505404e+00
  2.20741130e-01
 -4.71049593e-01
 -8.46948518e-01
  1.00001565e+00
 -9.62785164e-01
  9.09465940e-01
  6.22913220e-01
 -1.45511231e+00
 -3.81577548e-01
 -8.17273883e-02
  1.16361911e-04
  3.48747639e-01
 -6.22171621e-01
  1.35237570e-01
 -2.10904873e-01
  1.04611138e+00
  1.29081994e-01
  5.63310329e-02
  2.31839323e-01
 -1.40160132e+00
 -7.38866447e-01
  6.48778523e-01
  4.93763033e-01
 -2.18528554e-01
  8.10476757e-01
  1.26860268e+00
  1.62289896e-01
  2.72479304e+00
  2.21211424e+00
 -4.53963599e-01
  9.40801764e-01
 -1.22656758e+00
 -3.50713538e-01
 -3.45556158e-01
 -2.90510625e-02
 -7.31583603e-01
  1.38971656e+00
 -1.09199810e+00
  1.12295725e+00
 -6.18531797e-01
  4.00867743e-01
  4.77227143e-02
  1.46918377e+00
 -1.22188334e+00
 -2.17057749e+00
 -8.59253592e-01
  2.57872273e-01
  7.50544769e-01
 -7.82308351e-01
  1.81034735e-01
 -5.77169797e-01
  2.17239815e+00
 -1.41392723e+00
 -1.20189458e+00
  4.82606320e-01
 -1.20020664e-01
 -7.26588682e-01
  9.77252510e-01
  3.74220274e-01
 -9.37586592e-01
 -2.10358911e-01
  8.33511550e-01
 -2.62716098e-01
 -1.55422316e+00
 -8.71039623e-01
 -8.52639757e-01
  1.01254983e-01
  3.91985092e-01
 -1.06744012e-01
 -9.35173044e-01
 -7.75149721e-01
  2.48989585e-01
 -1.06916855e+00
  4.57698730e-01
 -3.21239975e-01
  1.52296171e+00
 -5.58086738e-01
  4.70306414e-01
 -1.56673233e+00
 -7.41775138e-01
  1.34451266e+00
  2.95819282e-01
 -1.19484461e+00
 -4.14553330e-01
  1.49918053e+00
  1.12548827e+00
 -8.50453270e-01
  1.35247166e+00
  4.33521066e-01
 -2.67376916e-01
 -7.63787806e-01
 -7.47481056e-01
 -8.97732749e-01
  6.98764778e-02
 -1.07215287e+00
  6.33495186e-01
  5.14555575e-01
  2.73625163e-01
  7.97440917e-01
 -1.81587025e+00
  1.27254891e+00
 -6.42584389e-03
 -9.86771049e-02
 -5.46429332e-01
  3.02647452e-01
  9.97173314e-01
 -1.46649287e+00
 -6.33468921e-01
  1.71237978e+00
 -1.51842806e+00
  1.80111409e-01
 -7.68810977e-01
  1.92105241e-01
 -1.56582250e+00
 -2.72632710e-01
 -3.28889693e-01
 -3.38958188e-01
  2.35829529e+00
 -6.70776530e-01
 -7.54443267e-01
  2.53649697e-01
 -4.15179024e-01
  2.65574271e+00
 -5.04692194e-01
  2.65303032e+00
 -3.86463005e-01
 -1.24486382e-01
  1.52318900e-01
  3.31438139e-01
 -4.18180638e-01
  1.02808516e-01
 -9.89585150e-01
 -4.95025952e-01
 -9.86026824e-01
  6.49445926e-02
 -4.48070462e-02
  1.07369932e+00
  6.39967696e-01
  1.10905521e-01
 -3.75656454e-01
 -9.24897590e-01
  6.62763275e-01
 -4.80971868e-01
 -2.53539975e+00
 -7.14677283e-01
  5.77408209e-02
 -1.08346288e+00
 -1.29416906e+00
  8.42902516e-01
 -1.52023788e-01
 -1.56964118e+00
 -1.04531842e+00
 -1.48427546e+00
 -6.96937123e-01
 -1.55855329e-01
 -9.17158574e-01
  1.88408582e+00
 -6.83212400e-02
  1.67433168e+00
  8.46190342e-01
 -1.21354870e+00
 -1.32922195e+00
  1.14190704e-01
 -4.57267703e-01
  4.33961811e-01
 -6.76541884e-01
  9.20855585e-01
 -1.40630150e+00
 -4.44470595e-01
  3.62739793e-01
 -6.75340673e-01
 -1.97519108e-01
 -2.26498616e-01
 -1.47775374e+00
  6.99634503e-01
 -1.24017491e+00
 -7.57568656e-01
 -8.28628462e-01
 -1.15116492e-01
 -7.13795052e-01
  8.45221139e-02
  8.41848011e-01
 -1.19939376e+00
 -8.44193339e-01
  2.06428659e-01
 -9.89039857e-01
  1.52571706e+00
 -1.46624264e+00
 -1.22869616e+00
 -8.82256175e-01
  3.09297718e-01
 -8.15464756e-01
  1.13861991e+00
  1.05788558e+00
  4.36917686e-01
 -6.71179931e-01
 -3.42212682e-01
 -5.82236417e-01
  6.41310843e-01
  2.05982303e-02
  1.85632990e+00
 -3.02247078e-03
 -5.21773606e-01
 -1.17144030e+00
  3.10872333e-01
 -3.93298450e-01
  6.49167115e-01
  1.57709443e+00
 -2.06024692e+00
 -2.22246081e+00
 -4.23041826e-01
 -1.68047651e-01
 -1.88501795e-01
 -1.51088836e-01
 -3.04613223e-01
 -8.74358866e-01
 -7.50015090e-01
 -7.67856012e-01
 -8.45772172e-01
  1.47894275e-01
 -1.15352019e+00
 -5.22015299e-01
  6.76315988e-01
 -7.45939105e-01
  3.44493382e-02
 -5.01236137e-02
  3.85344237e-01
  7.23277396e-01
 -8.28600800e-01
  6.23611639e-01
  1.49181640e-01
 -2.09516432e-01
  7.17041245e-01
 -3.10381809e-01
  2.38451651e-01
  1.44756427e+00
 -2.48935243e-01
 -9.86387916e-02
 -3.99041650e-01
 -1.21565289e+00
 -1.41231351e+00
 -1.86084640e+00
  1.48852450e+00
  1.18787875e+00
 -8.29207862e-01
  1.89117123e+00
  1.52551862e+00
  1.12487584e+00
 -6.13155959e-01
  5.93779145e-01
 -1.00176737e+00
  1.46824436e+00
  1.12830083e+00
  1.33834250e+00
  3.79922758e-01
 -6.78703101e-01
  2.35546603e-01
 -7.38459470e-01
 -2.88181839e-01
 -6.51266389e-01
 -1.49621493e+00
  3.75599702e-01
  1.22854026e+00
 -5.84276247e-01
  1.46927857e-01
  7.49410018e-01
 -9.64105108e-02
 -1.14909519e+00
  1.08997773e-01
  1.95900291e+00
 -2.13200443e-01
 -3.42357797e-01
 -3.56184564e-02
  4.84274993e-02
 -3.14335548e-01
 -4.42579168e-02
 -9.11216076e-01
  4.02177733e-01
  9.69417990e-02
  1.37371820e-01
  1.05648725e+00
  6.33066244e-02
 -7.51454727e-01
 -1.20790014e+00
 -1.76116761e+00
 -2.83189542e-01
 -7.61769172e-01
 -5.91261822e-01
  1.34349235e+00
  1.76991833e-01
  1.51657388e+00
 -4.73684958e-01
 -8.76479254e-01
 -4.88032346e-01
  1.62303894e+00
  7.24611220e-01
 -6.05829361e-02
  1.26403821e+00
 -1.32808937e+00
  9.25572782e-01
  1.09676724e+00
  8.19722084e-01
 -1.96013820e-01
 -6.02863257e-01
  2.26738616e+00
  2.52263329e+00
 -4.92197369e-02
 -5.69859236e-01
  1.32423377e+00
  1.89846062e+00
 -9.99680229e-01
 -1.47355448e+00
  4.14641670e-01
  2.05138291e+00
 -2.82372551e-01
 -1.03448435e+00
 -2.28686534e-02
 -1.98732536e-01
 -5.38711101e-01
  5.67995821e-01
  1.60089261e+00
 -3.71613137e-01
 -1.20439594e+00
  1.97835415e-01
  1.71523198e-01
 -4.69628688e-01
 -2.25028334e+00
 -5.89266889e-01
 -7.13826429e-01
 -2.25697704e-01
 -1.34965738e+00
 -4.16196207e-01
  9.56223958e-01
 -4.95141539e-01
 -1.29679765e+00
 -1.56006418e-01
 -4.59445371e-01
  2.68654860e-01
 -6.85849648e-01
  1.80465655e+00
  1.07666172e+00
  5.19978203e-01
 -2.47396514e+00
 -1.01451250e+00
 -2.19690967e-02
  1.60676651e+00
  2.37648896e+00
 -1.53823692e+00
  4.38039439e-01
  7.20574519e-01
  7.46254426e-01
  6.59406711e-01
 -2.00544843e+00
 -5.52244349e-01
 -8.48611291e-01
 -7.34863329e-01
  7.26453158e-01
  1.21310718e-01
  2.16225307e+00
 -1.36670506e+00
 -2.70352790e-02
  6.03621972e-01
 -1.03382209e+00
 -4.48678518e-03
 -1.25780559e+00
  3.42346357e-01
  1.09028559e+00
  7.15489081e-03
  1.46023427e+00
  4.46222386e-01
 -6.12156465e-01
  2.07717623e+00
 -5.09448930e-02
  5.19849290e-01
  5.69650785e-01
 -1.40602906e-01
  1.93595203e-02
  3.95161017e-01
  1.45175034e+00
 -1.34966374e+00
  2.18845811e+00
 -1.43499712e+00
 -4.84863073e-01
 -6.37278429e-01
 -1.21561450e+00
  7.30429986e-01
  1.33569150e+00
  1.09725598e+00
  9.79866587e-01
  3.36636604e-02
 -9.82823853e-01
  1.01004062e+00
  7.62742074e-01
 -3.98794474e-01
 -2.42303358e-01
  1.44408533e-01
 -4.82627049e-01
  9.86289150e-01
  4.57638626e-02
 -2.24710354e+00
 -6.08525412e-01
 -4.03978516e-01
  1.99494602e+00
 -7.17162695e-01
  7.69665530e-01
 -1.70890911e+00
 -3.39363873e-01
  1.53881359e+00
  6.20682648e-01
  1.93228398e+00
  1.91908655e+00
 -1.33484242e+00
  1.11319408e+00
 -4.79683945e-01
  3.27434029e-01
  6.57122978e-01
 -1.58726750e+00
 -1.37154013e+00
 -5.73540300e-01
  1.63772154e-01
  2.03194243e+00
 -3.33507527e-01
 -6.50441737e-01
  3.51530135e-01
  7.25942902e-01
  4.31921854e-01
 -2.74349388e-01
  1.25935107e+00
 -5.89241368e-01
  3.32738657e-01
  1.53435769e+00
 -1.93097329e+00
  1.26365055e-02
  6.66711054e-01
 -3.75936827e-01
 -2.05415953e-01
  1.54762058e+00
  4.64109344e-01
 -1.13557209e+00
  1.66480512e-01
  2.06097632e-01
  7.47147432e-01
 -1.96927781e+00
 -8.91808487e-02
 -1.20021687e-01
 -5.86968008e-01
  2.10740866e+00
 -2.58720793e+00
  2.11575255e+00
 -9.41595992e-01
  2.99267444e-01
  1.69188051e+00
  1.38655277e+00
  1.04212090e+00
  5.59434750e-01
  7.83297458e-01
  1.10527947e-01
  4.92890081e-01
 -7.39821960e-01
 -6.65071549e-01
 -5.20495717e-01
 -1.87419675e+00
 -1.54600777e+00
  7.19022222e-01
 -3.68980610e-01
 -2.00984729e-01
  3.58676385e-01
 -3.92318298e-01
  2.23245453e+00
 -9.88178567e-01
  6.45497020e-01
  1.55677519e-01
  4.45584497e-01
 -4.58149293e-01
  1.26821849e+00
 -3.96357976e-01
 -7.74266552e-01
 -4.11632378e-01
  1.83764497e-01
 -2.36367884e+00
 -1.62558761e+00
  1.62515893e+00
  3.69912619e-01
  1.81215699e-01
  3.42843838e-01
  1.00503813e+00
 -5.55598274e-01
  6.44412926e-01
  1.20855312e+00
  4.84332797e-02
 -1.48184308e+00
  4.65338661e-01
  8.88544376e-01
  1.12762172e+00
 -2.30426248e+00
  1.05040926e+00
 -2.04525951e+00
 -1.45809899e+00
  2.01657804e+00
  1.07686430e+00
  1.06666158e+00
 -7.53019720e-01
 -1.93654605e-01
  1.07258524e+00
  3.16368316e+00
 -3.01710233e-01
 -6.68076698e-01
 -1.38087375e+00
  3.74692602e-02
 -1.08316294e+00
  5.43926685e-01
  4.75166197e-01
 -3.10724646e-01
  5.67126284e-01
  1.62107548e+00
 -3.22504861e+00
  5.89047992e-01
  5.99085278e-01
  2.48588957e+00
 -1.50255345e+00
  7.12574355e-01
  2.23269502e-01
  6.45932371e-02
  2.82912968e-01
 -1.10810887e+00
 -2.17327219e-01
 -1.24241223e+00
  1.83470973e+00
  9.28647483e-01
  1.07812736e+00
  6.04558389e-01
 -1.92130528e-01
  1.52139934e-01
  2.19837210e-01
 -2.19401208e+00
  2.02264406e+00
  1.46977810e+00
 -2.71771109e+00
  2.31285404e-01
  2.81800774e-01
 -2.59917182e+00
 -3.04476697e-01
  1.12179215e+00
 -1.31987861e-01
 -3.45865869e-02
  2.67628716e-01
  4.22696825e-01
 -5.71535578e-01
 -5.09819331e-01
 -5.20080686e-01
 -7.96526501e-01
  5.78540439e-01
  1.79365593e-02
  1.72650213e+00
  1.26094664e+00
  6.08483775e-01
  3.33318792e-01
  1.95464642e-01
  7.02118112e-02
 -1.53096292e-01
 -1.61944080e+00
  1.54644624e+00
  4.64936938e-01
 -1.51995537e+00
  5.84697559e-01
 -1.02301511e+00
 -4.87319853e-01
 -1.72359163e-01
 -7.15968069e-01
 -9.58768468e-01
  7.59622530e-01
  2.13340752e+00
  5.75902057e-01
 -9.20060201e-01
 -7.82598136e-02
 -8.33822648e-01
  5.66273327e-01
 -7.16934345e-01
 -9.54329409e-02
 -1.31202164e+00
 -3.61641923e-01
 -3.84152466e-02
 -1.04317056e+00
  4.61318469e-01
 -6.57510298e-01
  2.36406722e-01
 -1.33645547e-01
 -1.78116155e-01
 -1.52483323e+00
  4.10028374e-01
  1.46229033e-01
 -2.23730579e+00
  4.20200302e-01
  5.83884728e-02
 -1.84265083e-01
  5.60429707e-01
 -3.54798439e-01
  7.61081882e-01
 -1.25064915e+00
 -2.14297267e+00
  1.51807698e+00
  7.61831328e-01
  1.42986071e-01
 -8.33285829e-01
 -1.20924292e+00
  8.23234169e-01
 -1.04388739e+00
 -2.31388057e+00
  5.38093952e-01
  1.66397723e-02
 -8.96077595e-01
  8.58076050e-01
 -1.41199969e+00
  9.67262347e-01
 -2.27208127e+00
  3.97406618e-01
 -6.90374989e-01
  2.78001089e-01
  6.31895162e-01
 -1.21953742e-01
 -2.04208126e-01
  2.04732176e+00
 -3.42950454e-02
 -4.55728062e-01
  1.63015648e+00
  4.93206572e-01
 -1.84637073e-01
 -4.28404816e-01
  3.97320392e-01
 -1.68666071e+00
 -6.19399039e-01
  1.22720010e-01
  2.40458459e-01
 -7.13604569e-01
  6.78916709e-01
 -3.63639320e-01
  1.40471858e+00
  9.12581899e-01
  2.95991721e-01
  1.63888232e+00
  1.05925455e+00
 -1.31832733e+00
 -4.46846077e-02
 -6.75054559e-01
  6.42019820e-01
  6.63508826e-01
 -3.17941293e+00
 -3.27197655e-01
  6.50445209e-01
  1.25615861e+00
 -1.44775247e+00
 -1.19239305e+00
  1.88278918e+00
 -7.19662428e-01
 -1.55116985e+00
  9.66284196e-01
  6.00695048e-01
 -8.82286194e-01
  5.15325088e-01
  2.25211626e+00
  3.41330882e-01
  2.16198667e+00
  6.06949555e-01
  1.44241361e+00
  1.46670581e-01
  7.46471065e-01
  6.61865299e-01
 -2.55882498e-01
 -1.45982677e+00
  9.90948233e-01
 -9.31947911e-01
 -5.55508882e-01
 -9.36978398e-02
 -4.64578823e-01
 -5.91458297e-01
 -1.61828046e-01
 -8.35531126e-01
 -5.72526426e-01
  1.18438617e+00
 -2.12940614e+00
 -7.08239522e-02
 -1.27694637e+00
  6.33410728e-01
  7.44657207e-01
 -2.15819614e-01
  1.58628821e+00
  9.51223788e-03
 -1.34918783e+00
  8.01318291e-01
  4.71742010e-01
  3.22502411e-01
 -1.31107558e+00
  1.49457359e+00
 -4.84650521e-01
 -4.18180264e-02
 -3.66334779e-01
  1.79433639e+00
 -2.31850258e-01
  1.07931308e+00
  1.04007511e+00
 -5.12580915e-02
 -2.95997677e-02
 -2.03770236e+00
  3.03947298e-01
  2.82165001e-01
  8.14955690e-01
  2.25773506e+00
  9.48102378e-01
  1.10560502e+00
 -5.45890752e-01
 -5.47195835e-01
 -7.20690230e-01
  1.28773636e+00
  1.43774532e+00
 -9.86758226e-01
  1.67950324e+00
  7.67462864e-01
  1.88049143e-01
 -1.83057451e+00
  8.25762062e-02
  1.52745632e+00
 -1.39774969e-01
  8.97148303e-02
  1.13703068e+00
  4.14150787e-01
  6.38797121e-02
  8.89202999e-01
 -6.91623162e-02
  7.54695579e-01
 -1.06391556e+00
 -3.98867839e-01
 -1.99120240e-01
  7.06986754e-02
 -4.24891320e-01
  2.02835006e-01
 -3.50088649e-01
  5.23152989e-01
 -6.83212502e-01
 -7.20584585e-01
 -1.39270670e+00
  5.54393883e-01
 -1.51050458e-01
 -9.11000843e-01
 -9.05283849e-01
  2.17871070e+00
 -7.39284788e-01
  5.39219148e-02
 -4.53856833e-02
  1.35999477e+00
  1.34603874e-02
 -2.04913049e-01
 -1.36679154e+00
 -1.06538069e+00
  6.69817018e-01
  4.84038798e-01
 -1.04319573e+00
 -6.85224513e-01
  2.35052922e-01
  4.63392488e-01
 -1.73720556e+00
  1.21296817e+00
 -1.16785178e+00
 -9.23621997e-01
 -3.56993596e-01
  1.85574497e+00
 -1.96754922e-01
  7.93423795e-01
 -1.14167941e+00
  1.26121062e+00
 -5.89175988e-01
  1.61621369e+00
  1.06710547e+00
 -2.51405464e-01
  2.16091600e-01
  1.40667727e+00
 -1.75526468e+00
 -5.64441860e-01
 -2.96084709e-01
  1.16512473e+00
 -2.61153721e+00
  5.85884586e-01
  5.25441603e-01
  9.80865322e-01
  2.21477428e-01
  1.56472832e+00
