  1.83750968e+00
 -1.22594619e+00
  2.31001605e+00
 -1.13188267e+00
  2.81222821e-01
 -1.19178004e+00
 -4.89026312e-01
  2.03455131e-01
 -1.28029566e+00
  1.78673301e-01
  5.03673083e-01
 -3.13625819e-01
 -5.04742786e-01
 -1.59858552e-01
 -4.64715679e-01
 -5.72355011e-01
 -1.55845050e+00
 -1.43491213e-01
 -1.32617184e+00
 -7.79847851e-01
  9.65816380e-01
 -4.18565510e-01
 -1.42429133e+00
  2.85543982e-01
 -5.72676490e-01
  1.02789184e+00
  7.71738090e-01
 -4.17063421e-01
 -4.17226931e-02
 -1.43600222e+00
 -2.87848767e-01
  5.69284225e-01
  7.79873199e-01
 -1.68745315e-01
 -2.91678857e-01
  3.92945604e-01
  8.93215857e-01
  1.69867828e-01
  1.61997462e-01
 -2.08595495e-01
 -1.23409691e+00
  1.26076234e+00
  2.58133336e-01
  1.84851649e+00
 -1.79690708e-01
 -4.34849824e-01
  5.61264240e-01
  5.73051700e-01
  7.73619337e-01
 -7.18600861e-01
 -1.26972749e+00
 -8.51582407e-01
 -7.71381963e-01
  1.09044029e+00
  7.46549906e-01
 -5.89500797e-01
  5.58770608e-01
  6.24344726e-01
 -1.04889578e+00
  6.36851806e-01
 -1.68249661e+00
  1.19729507e+00
 -9.97088921e-01
 -1.79567969e-01
  2.37477739e+00
  1.77453783e-01
  7.47328660e-01
 -1.64769581e-01
  2.35118466e-01
  1.21068041e+00
 -1.23853530e+00
  7.01537070e-01
 -1.51269956e+00
  5.68151028e-01
  2.98047273e-02
  6.76255730e-01
 -1.65521215e+00
  1.20266290e+00
  1.46544698e+00
  1.09983905e+00
 -8.65121096e-01
  5.90666240e-01
 -5.43060843e-01
 -6.36958079e-01
 -4.22608522e-01
  1.55671722e+00
 -2.16258783e-01
  1.35029598e+00
  2.49528406e-01
  7.92887015e-01
  6.24499741e-01
 -1.91802849e-02
 -1.21192367e+00
  6.07449997e-01
  1.02104262e-01
  1.71451399e-01
 -1.19407800e+00
  2.34957220e+00
  1.82164034e-01
  1.75672364e+00
 -1.18351789e+00
  1.80856450e-01
 -3.31252156e-01
  1.01235614e-01
 -8.42008065e-01
  1.11230845e+00
  1.03620324e+00
 -7.32833248e-01
 -6.73714691e-01
 -1.39192240e+00
 -1.27505654e+00
 -1.09118004e+00
 -1.90442063e+00
 -4.31323193e-01
  1.35852341e-01
 -7.73767587e-01
  7.39318938e-02
 -1.29743458e+00
  4.13721024e-01
  1.42956202e+00
  1.80066871e+00
  2.80913161e-01
  2.23591704e+00
  9.01927579e-01
  1.14919887e+00
 -2.07007762e+00
  1.32996092e-01
  9.11700243e-01
 -2.11007882e-01
  8.39301046e-01
  6.22130230e-01
 -7.96012643e-01
  4.37934373e-01
  1.24541044e-01
  1.72217813e+00
  4.41999621e-01
  3.87461155e-01
 -1.96336986e+00
 -2.84701667e-01
 -1.55987406e-01
  2.22404487e-01
 -8.27600494e-01
 -3.18161016e-02
  3.70895127e-01
  8.64975625e-01
 -1.17613401e+00
  8.43710651e-02
  4.84077726e-01
 -6.06807810e-01
  2.70846488e-01
  1.11832424e+00
 -7.60365072e-01
  5.39925604e-01
  4.50997644e-01
  1.16520954e+00
 -5.57563786e-02
 -2.34844734e-01
 -6.44669314e-02
 -7.14388077e-01
 -6.51502737e-02
  7.37876908e-01
 -6.35773281e-02
 -4.20469099e-01
 -1.91811186e+00
  2.50830362e+00
 -9.53441453e-01
  1.01196556e+00
  1.71257160e+00
  3.49656561e-01
  3.52335826e-01
 -1.85985885e+00
 -7.66125357e-01
 -1.16142776e+00
  1.06320694e+00
  7.99752144e-02
 -9.30028996e-01
  8.19504834e-01
  1.33811294e+00
  1.34341098e+00
  5.59826264e-01
 -1.25390008e+00
  1.12442793e+00
 -2.36154801e+00
 -1.22663390e+00
  9.84974727e-01
  7.00504154e-01
  2.65017031e+00
 -3.07472710e-01
 -4.77889551e-01
 -1.56986287e+00
  1.43984980e-01
  1.61740501e-01
  1.34375308e+00
 -1.70869471e+00
 -2.86828378e-01
  1.72965527e+00
 -8.32703425e-01
 -1.48804173e+00
  4.52027219e-01
 -3.00602906e-01
  5.36795533e-01
  2.06333086e+00
 -7.21289047e-01
 -6.30020775e-02
  5.15296596e-01
  1.43470127e+00
 -7.12922007e-01
 -9.32819313e-01
  7.72018091e-01
 -2.63020565e-01
  6.64903101e-01
 -1.09110855e+00
 -5.99042902e-01
  2.65786929e-01
  2.55936996e-01
  1.01016077e+00
 -2.16873990e-02
  7.56500151e-01
  1.33725355e+00
  1.17105181e+00
 -5.34431449e-01
  2.07079460e-01
 -4.32449189e-01
  5.99444317e-02
  1.02944530e+00
 -1.87685904e-01
 -1.13452428e+00
 -2.63803989e+00
 -6.27703793e-01
  5.39828795e-01
  7.02829484e-01
  1.88040617e+00
  2.15103722e-01
 -9.37518845e-01
 -2.87337069e-01
  1.29234441e+00
  3.63469729e-01
 -1.02375862e+00
 -1.96888847e-01
  9.86488066e-01
 -2.15795988e+00
 -3.25712912e-01
 -1.45638947e+00
  3.55001479e-01
  9.23529874e-01
 -3.51500447e-01
 -6.59729018e-01
 -1.12512263e+00
  1.24187052e+00
 -3.36072893e-01
  6.61307155e-01
  1.06000174e+00
  1.40254262e+00
 -4.65153310e-01
 -6.20384233e-01
 -2.13161829e+00
  1.25057087e+00
  1.19802760e+00
 -1.98569335e+00
  3.26203145e-01
  1.34967706e+00
  4.18683401e-02
  8.10680829e-01
 -1.22453143e+00
 -2.45527821e-01
 -3.91795285e-02
  6.00456133e-01
 -8.41863256e-02
  4.95646114e-03
  2.19813548e+00
 -1.21329949e+00
  7.35469761e-01
 -1.38622136e+00
 -1.29351246e+00
  2.54291125e+00
 -2.45717218e+00
 -5.20579794e-01
  4.58329463e-01
  1.41820728e+00
 -9.20705014e-01
 -1.11387258e+00
  1.07113040e-01
 -1.14493273e+00
  1.30724538e+00
  1.07337361e-01
 -1.37894421e+00
  2.69933519e-01
  2.26530170e-01
 -8.14735377e-01
  1.05602603e+00
 -6.24814761e-01
  2.43320159e-01
 -1.23652297e+00
  1.28122336e+00
 -8.30721576e-01
  5.11304423e-01
  6.34105360e-01
 -4.38405755e-01
 -1.82151982e+00
  1.29940858e+00
 -1.97085007e-02
 -1.59592961e-01
 -9.58261291e-01
 -4.65617921e-01
  4.39132823e-01
 -1.31485011e+00
  6.45506849e-01
 -9.78792035e-01
  1.87011004e-01
 -8.25814687e-01
 -1.31950701e+00
  3.74948834e-02
 -7.33639519e-01
 -8.79577638e-01
  2.77086577e-02
 -1.01436942e+00
 -4.80669680e-02
 -6.69921819e-01
 -8.21591336e-01
 -1.03263889e+00
  1.76218512e+00
  1.33796622e+00
 -2.15503988e-01
  4.74751213e-01
  6.72958436e-01
  3.09795714e-01
 -9.33727249e-01
  1.23226837e+00
 -9.81813527e-01
 -1.57622530e+00
  1.04125271e+00
 -8.50095736e-02
  9.47289576e-02
 -4.47853956e-01
  3.43764449e-01
  7.94267610e-01
  5.65302009e-01
 -1.27549096e-01
 -1.36576624e+00
 -1.07157270e+00
 -1.48785009e+00
 -1.30233837e+00
  9.55146839e-01
  3.90869200e-01
  1.55423797e-01
 -8.29797675e-02
  8.00052996e-01
  6.78470936e-01
 -3.24573569e-01
  2.27691835e-01
 -5.58120722e-01
  6.26962706e-01
  4.84324970e-01
  1.50651988e+00
 -9.53617454e-01
  1.47673706e+00
 -3.05067617e-01
  8.51821685e-01
  8.01633163e-01
  1.00399504e+00
 -5.48079253e-01
 -1.23516823e+00
 -1.37922875e+00
 -8.44184910e-01
  1.10599084e+00
  1.07661973e+00
 -1.27164572e+00
  2.58953475e-01
  5.40532704e-01
 -8.64286708e-01
 -4.03907370e-01
  2.58428428e-01
 -6.65919899e-01
  5.78019423e-01
  1.77817975e-01
 -8.16650413e-01
  1.44283389e+00
  9.97610289e-01
  1.88331340e-01
  8.14871513e-01
  5.44663530e-01
  1.25018808e+00
  1.15742655e+00
  3.16057209e-01
  6.92677798e-01
 -8.47255688e-03
  4.50967938e-01
  1.24075180e-01
  3.63686014e-01
 -4.03990756e-01
 -1.63790456e+00
 -1.52463733e+00
  1.05446453e+00
 -3.50270015e-01
 -3.56535674e+00
  6.29767153e-01
 -8.19154836e-01
  1.08974229e+00
  5.99731135e-01
 -7.29916418e-02
 -3.22695899e-01
 -7.15979922e-01
 -3.13220843e-01
  1.48494285e-01
  9.84735323e-01
 -1.08451123e+00
  6.09576137e-01
 -9.42126383e-01
 -8.38544857e-01
 -6.08209197e-01
  1.64726890e+00
  8.91344925e-01
 -1.63402076e+00
  5.50951208e-01
  6.39683922e-01
 -2.02462501e+00
 -5.87330408e-01
  4.72239973e-02
  9.17639110e-02
  4.24018673e-01
 -1.82394087e+00
 -3.24093002e-01
  3.42805958e-01
  4.00747539e-01
 -7.77105496e-01
 -5.43387525e-01
 -1.04189060e+00
  1.46283221e-01
  5.50220947e-01
  1.98386439e+00
 -1.41723457e+00
 -2.93363945e-01
 -1.53307511e+00
  4.72107114e-01
  1.94085751e-01
  2.70050354e-02
 -1.24890284e+00
  8.75026260e-01
 -1.16515739e+00
  1.80209061e+00
 -3.77495927e-01
 -8.84181455e-01
 -1.29203253e-01
 -1.63050700e-01
 -2.34300229e-01
 -8.67761022e-01
  1.64251801e+00
  1.49288194e+00
  1.84749145e+00
  1.98815897e-02
 -1.57812958e+00
 -6.32690032e-01
 -7.93838216e-01
  1.69750461e+00
 -1.03189404e+00
 -8.73045685e-01
  8.12941182e-02
  1.34752363e-01
  1.45082962e+00
  9.91027192e-02
 -7.70794536e-01
 -2.24412908e-01
 -9.33826755e-01
  3.06301081e-02
  7.63234109e-01
 -1.51177722e+00
  2.05000945e+00
  5.35592651e-01
 -2.99804132e-01
  2.37959204e-01
  2.98799820e-01
 -1.17958013e+00
  5.75975658e-01
 -3.89313691e-01
 -7.40258407e-01
  5.56690002e-01
  3.69974729e-01
 -1.56277750e-01
 -1.13902247e+00
  1.61872713e-01
 -2.35121455e+00
 -2.83459426e-01
 -5.09441502e-01
  4.20986760e-01
 -3.36312722e-01
 -2.39678868e+00
 -1.39229758e-01
 -1.73672599e+00
 -1.03221086e+00
 -4.04029932e-01
 -1.37231103e+00
  5.98941553e-01
  1.72916790e+00
 -1.15360047e+00
  6.36661556e-01
 -1.17116246e+00
  8.20787833e-01
  1.96380642e-01
 -9.76568850e-01
 -5.76934855e-02
 -3.01025499e-02
  5.48306335e-01
  1.22488005e+00
  5.91353241e-01
  5.38088722e-02
 -9.49134852e-01
  1.07991029e-01
  4.78270134e-01
 -1.52787608e+00
  3.39241704e-01
  1.64784952e+00
 -7.13962220e-01
 -4.22280775e-01
 -9.24984829e-01
 -1.55631765e+00
 -2.31839923e-01
 -1.66115900e+00
  6.74438734e-01
  1.90936537e-01
 -1.59789470e+00
  1.41481189e-01
  2.74173760e-02
  6.71286585e-01
  1.08398181e-02
 -1.04151298e-01
  1.34510465e+00
 -8.31530666e-02
  1.91858069e-01
 -5.23885008e-01
 -2.51982367e+00
 -6.81359415e-01
  3.55587730e-01
  2.24861625e-01
  1.06653312e+00
 -6.06202959e-01
 -9.05964893e-01
  9.88516547e-01
 -7.95759230e-01
  8.39654432e-01
  5.13579544e-01
  3.06563068e-01
 -7.75967027e-01
 -8.83376528e-01
 -7.71392190e-02
  1.05239970e+00
 -6.57544242e-01
  5.45925358e-01
 -2.65481405e-01
  3.98987540e-01
  1.38613520e-01
  7.17600104e-01
 -5.91421968e-01
 -1.24816458e+00
  4.26768553e-02
 -1.06584632e+00
 -1.00898488e+00
  1.64660097e-01
 -1.76554294e-02
  3.79833774e-01
  1.70816945e+00
  8.30865624e-01
  1.72728001e+00
  1.45792083e+00
  1.21190226e+00
 -1.40877547e+00
 -8.97702104e-01
  6.73718954e-01
  1.58325372e+00
 -1.43225266e+00
 -2.15304368e-01
 -6.41051694e-01
  3.42940536e-01
 -1.11798208e+00
 -1.55834760e-01
 -6.00347618e-01
 -9.81199860e-02
  2.25999556e+00
 -1.07091781e+00
  8.32541896e-01
 -8.37125975e-01
 -3.32615008e-01
  4.04447641e-02
 -6.24700283e-01
  1.51519733e+00
 -7.01252708e-01
 -1.16286549e+00
 -8.74088460e-01
  2.63384752e-01
  9.99630720e-01
  2.87426587e-01
 -1.47861113e+00
  3.61017241e-01
 -9.30454558e-01
  3.70846293e-01
  2.22919827e-02
 -1.19904731e+00
  2.04696015e+00
 -5.17137868e-01
 -6.82591316e-01
 -1.34094717e+00
  1.65276293e+00
  1.28772486e+00
 -1.85941549e+00
  1.17787380e+00
  1.95489777e-01
  2.43864011e-01
  6.03358814e-01
 -1.73598282e-01
 -7.83260674e-03
 -4.59489829e-01
 -1.29070790e+00
 -6.89008782e-01
 -9.63610073e-01
 -1.74182955e+00
 -8.12198740e-02
  2.58007568e-01
 -1.44832482e+00
  3.17682615e-01
 -9.50053316e-01
 -9.51706177e-02
 -1.44056096e+00
  7.59227768e-01
  8.71597453e-01
 -3.55502233e-01
  6.94294883e-01
  5.73593892e-01
  4.99245297e-01
  1.79378184e-01
  8.91984275e-01
  1.58690815e+00
  1.45961100e-01
 -8.63891447e-01
  1.22523576e+00
  1.58033875e+00
  1.89860701e+00
  9.42687295e-01
  7.07747337e-01
  1.42528078e+00
 -6.19285413e-01
 -1.76341821e+00
 -4.80187265e-01
 -2.60512044e-01
  1.17105715e+00
 -8.83869282e-01
 -9.56930178e-01
  5.45209671e-01
  6.84145042e-01
  7.75235939e-02
 -1.15361440e+00
 -4.90541065e-01
  3.49758809e-01
 -4.26540416e-01
 -5.57030975e-01
 -9.46311976e-02
 -3.31234066e-01
 -5.89855155e-01
 -2.17752877e+00
  1.08981744e+00
 -1.72113619e-01
 -5.44988058e-01
 -9.09061106e-01
  8.71812978e-01
  7.39189436e-01
  7.50585043e-02
 -4.37352505e-01
  3.69874585e-01
 -2.35768841e-02
  2.39481536e+00
  4.92307756e-01
  2.54351451e-01
  7.01742046e-01
 -2.08125306e+00
 -5.54543310e-02
 -9.07046888e-01
  7.95008211e-01
  1.56334402e+00
 -7.32087743e-01
  8.68577684e-01
  4.32826860e-01
  4.50482076e-01
 -1.86144467e-02
  6.69417522e-01
  1.56520945e+00
 -7.41779200e-01
  8.70034423e-01
 -4.59945248e-02
  1.39021088e+00
  2.33275515e-01
  1.19321070e-01
  4.34873273e-02
 -4.05516750e-01
 -2.44710613e-01
 -3.26707573e-01
  2.11953746e-01
  2.22690064e-01
  7.45189421e-01
 -6.12455383e-01
  4.79800248e-01
 -1.75951073e-01
  1.40870419e+00
  1.86682402e-02
 -8.46201907e-01
  5.58807616e-02
 -1.65514153e-01
 -9.89186437e-01
 -1.10771654e+00
  5.21685071e-01
  1.12234917e+00
 -7.42878471e-01
  7.60648436e-01
  3.61517701e-02
 -5.40136473e-01
 -1.18371404e+00
  4.05440218e-01
  3.80987745e-01
 -9.84536262e-01
 -1.03371181e+00
  9.36869951e-01
  3.47178262e-01
 -1.07221538e+00
  7.28897769e-01
  1.57460410e+00
 -8.56839746e-01
  2.22922292e-01
  3.65158812e-02
 -6.43316586e-01
 -7.30123702e-01
 -1.07108289e-01
 -1.23943140e+00
 -3.69190209e-01
 -1.17254101e+00
 -1.97376206e+00
  4.02122081e-01
 -1.07027728e-01
  1.12870265e+00
  2.48108621e-01
  2.36471390e-01
  1.87745349e+00
  2.89191828e-01
  8.74487026e-01
 -5.95203943e-01
  4.59268190e-01
  6.19655816e-01
  2.19383709e-01
  1.70587235e-01
  2.49942027e-01
  4.93121862e-01
  2.66157917e-01
  1.31761550e+00
 -6.13389859e-01
  4.85941372e-01
  1.67505455e+00
 -4.11661431e-02
  1.08129904e+00
  9.26838398e-01
 -3.77315825e-01
  1.69282464e+00
  1.17438357e+00
  7.73558704e-01
  1.98479019e-01
 -8.44672911e-01
 -8.55216395e-01
  1.75948241e-01
  4.67002167e-01
 -2.83935474e-01
  3.41419690e-01
 -1.34909995e+00
 -1.33312652e+00
 -1.33898132e+00
 -9.75543034e-01
 -1.12883901e+00
  4.77617397e-01
 -9.19277391e-02
  3.85931270e-01
  6.99186208e-01
 -8.11004322e-01
 -1.12044092e+00
 -1.89884519e+00
 -4.27744714e-02
  4.18844482e-01
  1.13865768e-01
  2.58286221e-01
 -6.95218197e-01
 -9.58536040e-01
  6.99600389e-01
  7.66062435e-01
 -1.73806165e-01
 -1.72727595e+00
 -5.83807359e-01
 -1.02980056e+00
  2.44943400e-01
  3.13562787e-01
 -1.90696255e+00
 -4.01912277e-01
 -9.65625204e-01
  5.30911782e-01
 -1.34847163e+00
 -3.07775380e-01
 -5.80058145e-02
  6.06943671e-01
 -4.11363424e-01
  7.78333015e-01
 -2.89580008e-01
  7.06057848e-01
 -2.53412107e-01
  6.45508463e-01
  1.75270412e+00
  7.77398749e-02
  6.64458363e-01
 -1.02425011e+00
  1.38451992e-01
 -3.01929092e-01
 -5.84761506e-01
  1.20192643e+00
  1.73466238e+00
  1.19689194e+00
  1.17131397e+00
  7.01806167e-01
 -1.47876353e+00
  2.01482098e+00
 -5.09061945e-01
 -3.70343692e-01
 -3.68330009e-01
 -1.67766036e+00
 -1.92003706e-01
  8.62587137e-01
 -1.02641550e+00
 -1.15460641e+00
  1.11031933e+00
 -1.10664119e+00
 -1.20637233e+00
  1.11134159e+00
  3.51151262e-01
  4.29761162e-01
  1.29781902e+00
 -2.64126161e-01
 -1.00187451e+00
 -7.37490461e-01
  1.36689417e+00
 -2.61415287e-01
  9.23884097e-01
  8.02501183e-01
  1.98063463e+00
 -1.13068875e+00
  7.51719825e-01
 -1.17356931e+00
 -9.96550090e-01
 -5.43484124e-01
 -6.65543757e-01
  7.71706762e-01
 -3.32157088e-01
 -2.74632882e+00
  1.50084994e-01
  2.62299142e-01
 -3.53246742e-02
  1.49567785e+00
  2.99551422e-01
  2.34694020e-02
 -1.80503366e-01
 -1.06300043e+00
 -1.15520001e+00
 -9.98076543e-01
  1.42043708e+00
  2.46594726e+00
  1.46726029e+00
 -2.89148752e+00
 -4.32059947e-01
 -5.82633017e-01
  4.37282353e-01
  2.46254109e-01
  3.07397157e-01
  1.18901673e+00
  8.72518084e-01
  1.28843667e+00
  1.04632084e+00
  9.06514460e-01
  1.28914147e+00
  1.39698179e+00
 -1.57946851e-01
 -8.12800017e-02
 -4.73742180e-02
 -9.87918200e-01
 -3.33603480e-01
  3.16063283e-01
  1.35029214e+00
  8.11419842e-01
  1.53768236e+00
 -1.81858079e-01
  1.64686413e-02
 -6.86718633e-01
  1.61000329e-01
 -1.70550837e+00
 -7.31124636e-01
 -5.10679313e-01
 -6.87623828e-01
  1.78407026e+00
  1.33962538e+00
 -1.19407726e-01
  7.86395769e-01
 -9.32408665e-01
  1.69751312e+00
  1.54232507e+00
 -5.47629665e-01
 -1.94867278e-01
  5.92040200e-01
  6.17674281e-01
  1.16093711e+00
  1.98639977e+00
  1.42983655e+00
  1.21720291e-01
  5.40329436e-01
 -1.31839116e+00
  5.76511159e-01
  2.09875879e+00
  1.54188475e+00
  1.05914496e-01
 -1.01299265e+00
  3.98977080e-01
 -1.09802940e+00
 -3.99190062e-01
 -1.07451818e+00
 -1.00232662e+00
  6.73851702e-02
  6.74755702e-01
  2.29523480e+00
  4.16654246e-01
 -5.35807793e-01
 -2.21809445e+00
 -2.54085602e+00
  1.56407735e-04
  3.16069350e-01
 -4.95992474e-01
  1.09946415e+00
 -4.52440014e-01
  3.73046420e-01
  1.98765485e+00
 -1.78285544e+00
 -5.16086685e-01
  6.40836933e-02
 -1.54280190e+00
 -7.91894685e-01
 -9.66858150e-01
 -1.23055752e+00
 -5.75383919e-01
  1.91387171e+00
 -3.13935259e-01
  3.64969750e-01
  1.74793005e+00
  9.22293667e-01
  6.59341168e-01
 -2.17710316e+00
 -1.97156172e-02
  1.38307881e+00
  2.61917502e+00
  1.14022276e-01
 -4.40763314e-02
 -7.12689804e-01
  5.18276231e-01
 -1.80108455e-01
  6.85879923e-01
  4.16323781e-01
  3.99079498e-01
 -1.64568198e+00
 -8.24026398e-01
 -4.84384321e-01
  8.60905744e-01
  5.87502332e-01
 -3.38604413e-01
  1.19752889e-01
 -7.68802486e-01
  2.55286297e-02
  9.89567546e-01
  8.55481830e-01
 -3.56227341e-01
 -4.88810550e-02
 -1.49120026e+00
  7.28820888e-01
 -4.16722129e-01
  4.97844842e-02
  1.28997207e+00
  1.57651007e-01
 -1.38180714e-01
  1.92818227e-01
  1.27034988e+00
 -2.96542217e-01
 -5.77977942e-01
 -8.79274775e-01
 -8.20764250e-01
  8.34022860e-01
  9.21266253e-01
 -3.19547568e-01
  5.78300273e-01
 -8.72474016e-01
  1.37200322e+00
  7.18328022e-01
  1.54914834e+00
  4.39925375e-01
  2.41526637e+00
  1.37164654e-01
  7.18929802e-02
 -1.33866878e+00
 -5.27609994e-01
  4.48631605e-01
 -2.21919425e+00
 -1.36027869e-01
  1.23225197e+00
 -7.96134122e-01
  6.82095337e-01
  6.88501586e-01
 -1.90460700e+00
  1.02052341e+00
 -1.17326675e+00
 -7.85780937e-01
  1.04998272e+00
 -2.51481027e-01
  4.22026039e-01
 -8.44377879e-01
 -3.16418872e-02
 -1.20203883e-01
  5.07771183e-01
  8.63887219e-01
 -1.20136703e+00
  1.01073501e+00
 -1.30892202e+00
 -5.63515735e-03
 -1.31743916e+00
 -1.43706947e+00
  6.87366772e-01
 -6.52219083e-01
  4.57048378e-01
  1.50558323e+00
 -3.36995590e-01
  9.17235701e-02
  2.48093865e-01
 -7.07439423e-01
  2.07031269e+00
  2.21259855e-01
  5.73036426e-01
  1.00771174e+00
 -3.37775677e-02
 -1.55280677e+00
  1.59228918e+00
  4.69516917e-02
 -1.94705982e+00
 -3.91809976e-01
  7.84062856e-01
 -4.70403148e-01
 -7.10850110e-01
  8.77610903e-01
  8.57786151e-01
 -3.09311295e-01
  5.96087838e-01
  3.03583109e-01
  2.85162125e-01
  9.59847359e-01
 -3.41083038e-01
  9.73802488e-01
  1.37536731e+00
 -5.79603426e-01
 -1.36222843e+00
 -1.04400623e+00
 -6.56725266e-01
  4.95293168e-01
  9.65038471e-01
 -5.00352001e-01
  2.69347162e-01
  1.24346966e+00
  3.13244815e-01
  1.01080151e+00
 -4.26914719e-01
 -2.20435017e-01
  1.83662712e+00
 -1.81358324e+00
 -7.76603592e-01
 -6.82845346e-01
  5.78236636e-01
 -6.47006182e-02
  9.61187412e-01
  4.31959306e-01
  1.13156749e-01
 -1.85133445e+00
  4.49400646e-01
  5.25303908e-01
  7.62259218e-02
 -3.35127281e+00
 -3.15559707e-01
 -6.60702166e-01
  1.31197179e-01
 -6.14733723e-01
  1.40678719e-01
 -4.09191076e-01
 -6.00483664e-01
 -2.01884767e+00
  4.14433570e-01
  3.23594734e-01
  1.25196507e-01
 -3.49447901e-01
 -4.68038199e-01
  9.40523199e-02
  5.11421433e-01
 -2.72537202e-01
  9.58213727e-01
  4.31910303e-01
  8.61734399e-01
  4.18179171e-01
 -5.76448759e-01
  1.02044403e-01
 -1.11383058e+00
 -2.38574352e-01
  8.03398199e-01
  1.68656910e+00
 -3.39859048e-02
  1.06282102e-01
  2.28335638e+00
  8.49663557e-01
  2.25976224e+00
 -8.86804145e-01
 -6.20867278e-01
 -1.34502595e+00
 -3.95790980e-01
  2.93818850e-01
  6.61348876e-02
  1.37231499e+00
 -7.02407709e-02
 -3.06098945e-01
 -1.55747648e+00
 -2.02532456e-02
 -4.88877655e-01
  1.99008577e+00
 -1.56346362e+00
 -1.05538196e+00
 -1.78217443e+00
 -7.77506897e-02
 -1.58480467e+00
  1.00847121e+00
 -2.93732296e-01
  1.79276456e-01
 -4.69459077e-01
  4.66060412e-01
  1.92072776e+00
  1.12856289e+00
 -4.10866431e-01
  4.78337973e-01
  1.19894284e+00
 -2.55411983e-01
 -1.70116212e-01
  9.77958205e-01
 -1.21888344e+00
  1.53108877e+00
  1.25965445e+00
  4.25016620e-01
  4.05490277e-01
 -6.26762957e-01
  9.62280861e-01
  1.04081125e+00
  7.60478231e-01
 -4.55606877e-01
  4.04458548e-02
 -1.34872010e+00
  7.78523066e-01
  4.33692977e-01
  1.88590462e-01
 -8.56130041e-02
  1.25855553e-01
  5.06386949e-01
  1.01507955e+00
  9.20333826e-01
  8.33447818e-01
 -4.31660135e-01
  3.87603513e-01
 -1.42153017e-01
 -7.28944515e-01
  7.61283328e-01
  6.17669985e-01
  1.97982605e-01
  9.53587792e-01
  5.57285682e-01
 -2.44142232e-02
  9.25717021e-01
 -4.02311306e-01
 -6.04559062e-01
 -2.01214471e+00
 -7.04989136e-01
 -8.34843303e-01
  1.79620099e-01
 -2.37786048e-01
  1.32320941e+00
 -6.07925509e-01
  1.17180618e+00
 -1.06225026e+00
 -1.16153918e+00
  8.24339127e-01
 -3.30702229e-01
  1.24959933e+00
 -2.61362016e+00
  8.41283818e-01
  1.33480184e+00
 -1.04126669e+00
 -5.29510077e-01
  1.57959047e+00
  1.46004713e+00
  2.13104320e+00
  1.18389684e+00
  7.46589980e-01
 -4.18594691e-01
  1.37581581e+00
 -9.33823852e-01
 -3.93884616e-01
  8.74047518e-01
  5.59294855e-01
 -7.78071414e-01
 -4.22924453e-01
  2.94186451e-01
  9.06839943e-02
  1.15066836e+00
  6.23070565e-02
  4.65399007e-01
  1.00324783e+00
  2.73657576e-01
  1.76554497e+00
  6.16006679e-01
 -7.46223325e-01
 -1.07766107e-02
 -8.05571448e-01
 -1.32085550e-02
  1.26831693e+00
 -1.23359970e+00
  1.55062573e+00
 -2.26210205e-01
  2.95255816e-01
 -2.18018240e-01
 -1.45376770e+00
  6.86887990e-01
 -9.47902234e-02
  2.88758223e-01
  1.64010621e+00
  5.40187816e-01
 -9.80241267e-01
 -1.16681058e-01
 -1.18415793e+00
 -5.85277803e-01
  1.21010309e-01
 -2.06813169e+00
  5.43603242e-01
 -1.24087199e-01
  1.43141626e-01
 -2.39289952e-02
 -1.79535928e+00
  3.41683080e-01
 -1.24122023e+00
  8.69334125e-01
 -1.04697466e+00
  3.85544917e-01
  3.15153688e-01
 -6.37184736e-01
 -1.87643422e+00
 -1.30427868e+00
 -9.81183794e-01
  1.29759447e+00
 -5.87308210e-01
 -2.27636209e+00
 -1.25267174e-01
 -8.78595288e-01
  2.90939657e-01
  6.52469552e-01
 -3.99236270e-01
  6.43746888e-01
  1.43464992e+00
 -1.11157823e+00
  1.26792962e+00
  2.52944304e-01
 -6.40628766e-02
  6.01282628e-01
  8.64914472e-01
  1.07781825e-01
 -3.45094901e-01
 -1.60081119e-02
  1.62147080e-01
 -2.13545270e+00
 -1.64353405e+00
 -5.85503680e-03
 -6.66204863e-01
 -7.24966054e-01
  1.53479745e+00
  1.80783893e-01
 -1.77352101e-01
  1.09109727e+00
  8.04709731e-01
 -1.55017769e+00
  4.45443346e-01
 -8.20797479e-01
  3.62828535e-01
 -7.81313064e-01
 -2.80793122e-01
 -2.00480988e+00
 -1.15204242e+00
  2.04742883e+00
 -1.01305000e+00
 -2.45532116e-03
  1.36605094e+00
 -2.25293679e-01
  1.36168703e+00
 -2.37017775e-01
  1.75161828e-02
  1.57251703e+00
  2.93677940e-01
 -3.10242226e-01
 -3.15398188e-01
  3.18078334e-01
 -1.09239469e+00
 -6.38340498e-01
 -8.91694949e-01
  7.42290589e-01
 -9.94564267e-01
  1.28759547e+00
  1.38683111e+00
  1.18229574e+00
 -1.64360182e-01
  1.78190296e+00
  6.55255641e-01
  2.05574481e-01
 -7.75197929e-01
  8.22721732e-01
  1.31229824e+00
  1.34757504e+00
  2.08067361e+00
  2.63976715e-01
 -1.89340387e+00
 -5.99153852e-02
  3.33275359e-01
  3.15893268e-01
 -1.18517612e+00
 -1.68125007e+00
  7.51084360e-01
 -1.86319028e+00
 -5.28306386e-01
  5.63370974e-01
 -3.12780291e-01
 -6.68842189e-01
  2.76492331e-01
  3.49404953e-01
  3.19884825e-01
  7.04590023e-01
 -2.83120110e+00
 -5.43499705e-01
  8.92322053e-01
  3.59409165e-01
  4.62908831e-01
  3.53346871e-01
  1.72345356e-01
 -1.67550007e+00
  7.83809733e-01
 -1.19053118e+00
 -2.42545186e-01
 -7.86769824e-01
  9.86503999e-02
 -4.85950881e-01
  7.19246602e-01
 -2.07651026e+00
  1.10927832e+00
 -3.15899975e-01
  8.05257109e-01
 -9.74903653e-01
  8.56247925e-01
  7.79038707e-01
  1.12271302e+00
  8.22121558e-01
  1.20513695e+00
  3.05498311e+00
 -1.48160001e-01
 -9.06007708e-01
  2.84537174e-02
 -6.53613407e-01
 -3.37570491e-01
 -5.85584325e-01
 -5.49416709e-01
  2.20193107e-01
  5.51510545e-01
  4.35703015e-01
 -1.28609695e-01
  8.96687408e-01
  1.70123684e+00
  1.36620165e+00
 -7.05536087e-01
 -1.00611948e+00
  1.40744287e+00
 -1.41366586e-01
 -9.76356679e-01
  1.16629554e+00
  4.88134596e-01
 -1.27849961e+00
  1.53367212e+00
  1.02339207e+00
  1.06884249e-01
  1.66066283e+00
  1.37362933e+00
 -3.21141412e-01
  1.01569434e+00
  1.86462494e+00
 -6.15911182e-01
  4.79099620e-01
  8.22574832e-03
 -2.53794369e+00
 -3.28929485e-01
  4.39902892e-02
  1.64786798e+00
  2.36270945e+00
  6.76810750e-01
 -1.39257221e-02
 -7.42161033e-01
 -2.14796592e-01
  3.27990320e-01
  2.12507076e-01
 -1.49652186e-01
 -7.64691753e-02
  2.08727588e+00
 -7.07637965e-01
  8.99885338e-01
  7.84660530e-01
  5.21562056e-01
  7.50759409e-01
 -1.56035320e+00
  5.90390894e-01
  1.48963516e-03
  1.41036756e+00
 -5.47616055e-01
  7.57419861e-01
 -6.56734752e-01
  1.11356058e+00
 -1.76705033e+00
 -7.30851360e-01
  1.37887745e+00
  4.07665532e-01
  1.03706929e+00
 -8.93848867e-01
 -1.10525629e+00
 -9.11479493e-01
 -4.90287699e-01
 -1.19444032e-02
  5.43923803e-01
  7.54931054e-01
  1.06584496e+00
  3.64267560e-01
 -1.57809744e+00
 -1.55571986e+00
 -1.53938238e+00
 -1.66674501e+00
  5.74013520e-01
 -5.55561620e-01
 -6.78881577e-01
 -1.06179518e+00
 -4.03232538e-01
  2.64465760e-01
 -3.79281723e-01
 -9.79197348e-02
  1.96658629e+00
  2.96461572e-01
  7.90272502e-01
  1.15214195e-01
  7.52926236e-01
 -5.72827116e-01
  1.26075060e+00
  9.81404895e-01
  9.78928814e-02
  2.09364224e-01
 -1.55829209e+00
 -1.03354158e+00
  1.38490288e+00
 -1.52995794e+00
  4.64521835e-01
  4.28734469e-01
 -8.11629741e-01
  2.61417425e-01
  2.45787034e-01
 -2.60862873e-01
 -1.43953595e+00
 -8.35614799e-01
  4.06264052e-01
 -1.23026186e+00
 -1.21331257e+00
  1.98064847e-01
 -7.89978901e-01
 -1.42710430e+00
  1.61176082e+00
 -1.80663229e-01
 -1.90567012e-02
  1.22109764e+00
 -2.69752309e+00
  2.72795607e+00
 -1.65159585e-01
  4.33202171e-01
 -1.78016774e+00
  7.37425474e-01
  2.61505399e-01
 -1.08571134e+00
 -6.31349192e-01
  3.17298270e-01
  7.40912354e-01
  4.44417786e-01
 -2.00241189e+00
 -1.47328335e+00
 -5.97259282e-01
 -7.76555427e-01
 -9.06269805e-01
  1.91785157e+00
  6.32457487e-01
  5.68548781e-01
 -9.00795766e-01
 -6.17701561e-01
  1.79054607e+00
 -1.66924720e+00
 -3.00853095e-01
  1.06222870e+00
  7.44255563e-01
 -1.06125490e-01
  4.14266991e-01
  4.29860562e-01
 -2.05586080e-01
 -1.10657015e+00
 -1.06730072e+00
  1.08548289e+00
 -6.29388347e-01
  6.67566585e-01
  6.58218958e-01
 -6.01784128e-01
 -1.12050695e+00
 -5.18677851e-01
  1.31624264e+00
 -1.56775762e-02
  1.76322230e-01
 -1.18847340e+00
 -2.66042502e-01
 -4.25867386e-01
  1.33510344e+00
  5.45706794e-01
 -2.19815574e-01
 -6.79703397e-01
 -1.29430549e+00
  1.53808165e+00
  5.01993149e-02
 -2.69387405e-01
 -6.68854449e-01
  4.92757253e-03
 -2.38780614e-01
 -1.11697756e+00
  1.49245483e+00
 -9.68874741e-01
  6.12114850e-01
 -5.47380122e-01
  1.87134065e+00
  1.55177924e-01
 -8.09984994e-01
 -5.00697934e-03
 -1.29861952e-01
 -1.02205192e+00
  1.73756555e-01
 -1.13231753e+00
  5.02325771e-01
 -5.22481992e-01
 -8.18892190e-01
 -9.87286736e-01
  5.93075274e-01
  1.38386575e-01
 -6.21966134e-02
 -1.19471837e+00
  3.73303458e-01
 -1.00761424e+00
  1.50857093e-01
 -4.19652869e-01
  1.48246863e-01
 -1.36442968e-01
 -1.15676579e-01
 -5.24820758e-01
  1.59857881e+00
 -1.38719563e-01
 -6.17920106e-01
  3.35917876e-01
 -7.45517360e-01
  3.22236978e-01
  3.73402684e-01
  7.38844909e-01
  3.53552791e-01
  1.13269561e-01
  4.78947328e-01
 -2.84254610e+00
  1.11687329e-01
  7.68090537e-01
 -1.72485309e-01
  9.63921283e-01
 -7.07237545e-01
  1.95448749e-01
 -9.01166334e-01
  1.58491425e-01
 -2.38183417e-01
  1.28760397e+00
 -1.39755891e+00
 -1.40445565e-01
  4.62534374e-01
  9.99953478e-01
 -2.26006023e+00
  2.37684418e-01
  1.43136013e+00
 -3.19335155e-01
  1.00320425e+00
  6.79860484e-01
 -1.64118215e+00
  1.44008588e+00
 -1.25686917e+00
  2.42752532e-01
 -6.86477430e-01
  1.58693505e+00
  2.09460185e-01
 -6.11869622e-01
  2.57361815e-01
  7.81721673e-01
  3.71960164e-01
  2.09599400e+00
  1.39532210e+00
  8.63026630e-01
 -1.15208902e+00
  8.42387024e-01
 -5.15901401e-01
  1.09552383e+00
  5.33008823e-01
 -1.08936145e+00
  2.55952220e-01
  5.34003076e-01
  6.47750538e-01
  1.57335250e+00
  2.32455140e-01
 -8.95505593e-02
 -2.15897450e-01
  2.69658694e-01
 -2.23416308e-01
 -8.11556062e-01
  3.59693211e-01
 -8.18395663e-01
 -7.49575581e-01
  1.20153570e+00
  7.09763212e-01
 -2.82026014e-01
  1.09469483e+00
 -1.82804607e-01
  7.82282974e-01
 -7.84821133e-01
  2.38990142e-02
  1.05029375e-01
  9.13134313e-01
  8.64155315e-01
  4.03965641e-01
  2.09209706e-01
  1.16953673e+00
  1.69591871e-01
  8.25726443e-01
 -6.04459453e-01
 -1.57519116e-01
  1.24680469e-01
  1.89923329e-01
  3.42448382e-02
 -9.78688222e-01
  9.15867901e-02
 -4.33799151e-01
 -1.61511523e+00
 -2.96238774e-01
  5.40888084e-01
  1.44881454e+00
  2.22395066e-01
  9.47413457e-01
  7.27385055e-01
  1.14017824e+00
  8.64320378e-01
 -5.65518396e-01
 -1.97668719e+00
  5.17512562e-01
 -4.93303724e-01
 -1.42771147e+00
 -1.32727866e+00
 -8.61720551e-01
  1.73483998e+00
 -6.48769255e-01
 -6.53020524e-05
 -9.54183410e-01
  4.06849627e-01
 -1.66262891e+00
 -1.49491584e+00
 -4.60203170e-01
  5.99185097e-01
 -1.21466082e+00
  1.10884532e+00
 -6.61701944e-01
 -8.39390852e-01
 -1.03209481e+00
 -3.26056561e-01
  6.78420298e-01
  9.52002299e-02
  7.55857612e-01
 -3.78921119e-01
  2.68400713e-01
 -1.36651094e-01
  1.40714772e+00
  2.74394549e-01
 -5.75397696e-01
 -3.30609641e-01
 -7.65195904e-01
 -1.89862803e+00
  1.25078819e+00
  8.28207133e-02
 -1.18944726e+00
 -7.10818404e-01
  1.25873016e+00
 -3.03775288e-01
 -6.67697566e-01
  8.37545757e-02
 -1.55372833e+00
  1.84299818e+00
  1.05926789e+00
 -1.00520795e-01
  9.86576153e-01
 -1.25958588e+00
  1.42557532e+00
 -6.82288316e-01
  5.85993796e-01
 -1.19117430e+00
  2.04942424e+00
 -7.93036224e-01
 -7.21337620e-01
  1.20191167e-01
  3.08460961e-02
 -9.03993489e-03
 -1.18166735e+00
 -4.34145098e-01
 -4.08368941e-01
  1.11320254e+00
  1.66737717e-01
  1.33430890e+00
 -3.76041244e-01
  4.95029520e-01
 -1.36290130e+00
 -4.02470330e-01
  2.21738543e-01
  1.06812735e+00
  1.14633665e+00
 -1.87029507e-01
  2.58729044e+00
  2.38103155e-01
 -1.36361154e+00
 -4.83214469e-01
 -1.53721712e+00
  7.24990694e-02
  1.46358609e+00
 -2.39780805e-01
  5.91218215e-01
 -4.97421732e-01
  3.91784323e-01
  5.37617997e-01
 -2.00859294e+00
  4.50686304e-01
 -1.39573208e+00
  6.61377095e-01
 -4.02189277e-01
  1.07855612e-01
 -4.98875713e-01
  2.27426972e-01
 -1.56587586e+00
 -3.22015715e-01
 -1.87522699e-02
  4.67872196e-01
  8.36869984e-01
 -3.36899040e-01
 -6.76897289e-01
 -1.13656714e+00
 -3.23158075e-01
 -2.44340506e+00
  7.85206844e-01
  1.84113639e+00
  1.29310729e+00
 -1.70657601e+00
  8.12586952e-01
  1.08512509e+00
  1.09424323e+00
 -5.99005794e-01
  8.18995887e-01
 -8.69448944e-02
 -9.54717376e-01
 -2.25476523e-01
  1.92392097e-01
 -1.46306622e-01
  4.63246136e-02
 -1.49214677e-01
  1.79266359e+00
  2.48998768e-01
  9.55613174e-01
 -9.45997022e-02
  7.93294456e-01
 -1.14439177e+00
  4.37923687e-01
 -3.33385430e-01
 -3.70846600e-01
  1.35591850e+00
 -9.68671147e-01
 -5.64442724e-01
  7.64295977e-01
 -1.14441245e+00
  6.19204052e-02
 -9.58291496e-01
  9.24034124e-01
  6.94861253e-01
  1.04193812e-01
 -2.47302497e-01
  1.39451578e+00
 -1.86149513e+00
  7.96810845e-01
 -3.13574994e-01
  6.33462362e-01
 -1.17918206e+00
  5.33977126e-01
  8.92694386e-01
  9.49409263e-01
 -1.13647794e+00
  9.38584150e-01
  8.19488436e-01
 -1.64694866e+00
  3.62083640e-01
  1.34769623e-01
 -5.38420810e-01
  6.14474903e-01
 -1.08159543e-02
 -8.21737633e-02
  1.54054868e-01
 -6.06688268e-01
 -9.23767883e-02
  1.94079028e+00
 -1.17911372e+00
 -3.42419855e-01
  1.58661637e+00
  7.84051020e-01
  4.93302230e-01
  1.25483963e+00
  8.75719204e-01
 -2.11970678e-01
 -5.63958227e-01
  1.03443084e+00
 -6.71135203e-01
 -1.06039437e-01
 -9.09314967e-01
 -1.24052363e+00
 -1.31591819e+00
 -9.38283325e-01
  1.59105687e+00
  8.54971734e-01
 -7.07855861e-02
  1.92783349e+00
 -2.75894160e-01
 -6.31771674e-01
  6.19962120e-01
 -4.86641704e-01
  1.86798431e-01
  1.13643121e+00
  1.47828487e+00
  3.07560277e-01
  2.03575747e+00
 -8.02719620e-01
  5.87844325e-01
 -1.18249839e+00
  9.62917949e-01
  5.25701638e-01
 -5.59874392e-01
  1.74498223e+00
 -1.32004348e+00
  9.27056024e-01
  2.75293671e-01
 -1.25161595e-01
  4.30877277e-01
 -3.80427262e-01
 -1.35800355e+00
  4.76669535e-01
 -2.86964140e-01
  4.32259385e-01
 -1.79837648e+00
  5.83418078e-01
  1.25029444e+00
  1.51908179e+00
 -8.52363007e-01
  3.08124431e-01
  5.16286302e-01
 -2.02342098e+00
 -1.42740072e+00
  9.46678519e-01
 -1.18268846e+00
  1.46037571e+00
 -8.92708116e-01
  1.87133047e+00
 -8.37691761e-01
 -3.71050226e-02
  2.65150378e-01
  2.18833019e+00
  7.54766071e-01
 -8.85605939e-01
  1.01385501e+00
 -1.05347404e+00
 -1.15413077e+00
 -5.93619281e-01
  6.67616241e-01
 -9.19419196e-01
 -5.39258791e-01
  3.29396984e-01
 -1.74196369e+00
  1.26008620e+00
  1.23560546e+00
 -8.50722039e-02
  1.53897362e+00
  5.92778989e-01
  3.02613038e-01
  1.10988974e-01
 -1.80883018e+00
 -3.87982655e-02
  6.26809365e-01
  8.55307482e-01
  3.01282862e-01
 -9.96012493e-01
 -1.40095137e+00
 -5.53716339e-01
 -1.07552375e+00
  2.37105638e+00
 -1.28461806e+00
  6.91776785e-02
  4.02840473e-02
  3.56366499e-01
 -8.87250205e-01
  1.16739490e-01
  1.83483965e+00
  1.64119951e+00
  4.34795345e-01
 -6.85839497e-01
  1.69230337e+00
  1.00518114e+00
 -1.34793321e+00
 -1.41819703e+00
  6.68914392e-01
  2.51058488e-01
 -1.78135110e-01
  3.70940839e-01
  1.43394243e+00
  7.51251342e-01
  1.14468846e+00
 -4.70720125e-01
 -1.78324006e+00
  1.08039188e+00
 -1.73720971e-01
 -4.84462339e-01
 -2.00487987e-01
  7.18725095e-02
 -1.65471410e+00
  6.93261997e-01
  5.69261905e-01
  2.06378333e+00
 -2.59936358e-01
 -6.61630510e-01
  1.70135413e+00
 -3.40406679e-01
 -4.91610194e-01
 -9.25041183e-01
  9.34770711e-01
  7.26456724e-02
 -7.24188904e-01
  6.84090034e-01
 -6.93507541e-01
  3.94958415e-01
  1.85903349e+00
 -1.18435961e+00
  3.94699240e-01
 -1.55783315e+00
  2.45327988e+00
 -1.26168535e-01
  3.47129451e+00
  1.14739339e+00
  6.14324363e-01
  1.70581971e+00
 -5.92547191e-01
 -3.37288258e-01
 -8.29132859e-01
 -1.00403785e+00
 -2.12115219e+00
 -8.43272261e-01
 -4.64782281e-01
  1.58009713e-01
 -1.67856792e-01
  2.12594272e-01
 -1.44427347e+00
  1.73970534e-01
  1.47787474e+00
 -3.18443958e-01
 -2.03337367e+00
 -1.56503473e+00
  1.04783745e+00
  1.40389703e+00
 -4.75196333e-02
  1.83770364e+00
 -4.63282109e-01
  5.79891443e-01
  1.90864558e+00
  2.19773087e+00
 -1.09273038e+00
 -1.47920814e-01
 -1.53663379e+00
  1.98203934e+00
 -1.47304067e+00
 -1.42068469e+00
 -2.88542739e-01
 -4.58502224e-01
  6.14495902e-01
 -6.91048915e-01
  3.06727165e-01
  1.16537138e+00
  5.57639925e-01
 -3.67683763e-01
  1.84822300e-01
  1.04744655e+00
  3.87782613e-01
 -3.28191214e-01
  3.71347653e-01
 -1.10232350e+00
  1.16690255e+00
 -9.77788648e-01
  3.49935408e-01
 -1.09486410e+00
 -1.43519412e+00
 -4.24534770e-01
  7.27242344e-01
  1.79433412e+00
  8.47232279e-01
  7.63181355e-01
 -1.75569860e+00
  3.64073544e-02
 -6.05905193e-01
  3.25680071e-01
 -8.44180976e-01
  1.58802742e+00
  3.22131710e-01
 -9.32263511e-01
  1.40940083e+00
 -7.29073442e-01
 -2.18193217e+00
 -1.01418257e+00
 -4.97963820e-01
 -1.57882617e+00
 -1.44994510e-01
  6.46927488e-01
 -1.58469289e+00
  2.85863271e-01
  1.82455754e+00
 -1.14413419e-01
 -1.81504460e+00
  5.53814819e-01
 -4.19456272e-01
 -1.14462496e+00
 -4.64655750e-01
  3.91602157e-01
  7.57745833e-02
 -6.48127023e-01
 -1.22819158e+00
 -5.66785849e-01
  4.80339003e-01
 -2.71533591e-01
 -1.16170979e+00
  6.34615677e-02
 -4.66751131e-01
  6.55323175e-01
  2.17065231e-03
 -1.58982247e+00
 -8.37100302e-04
  1.38453589e-01
  1.36104876e+00
 -2.11267489e-01
  8.32014511e-01
 -5.76394438e-01
 -2.30226754e+00
  1.38484793e+00
 -1.38601361e-01
  6.41068830e-01
  2.06354205e+00
 -8.94858242e-01
 -2.68714056e-01
  1.80513049e+00
 -1.52404646e+00
 -1.27068975e+00
 -1.50451025e+00
 -3.75221037e-01
 -1.54032010e+00
  7.24015613e-01
  4.90776109e-01
  1.31748697e+00
  9.18440451e-01
 -1.91024224e+00
 -2.04858176e+00
 -8.10347810e-01
 -1.75494993e+00
 -1.00487669e+00
 -1.92558253e+00
  1.23424187e+00
  3.02488377e-01
 -8.04681151e-01
 -2.06123432e+00
 -1.50332499e+00
  5.58061622e-01
  3.97117434e-01
 -4.55656682e-01
  4.00202576e-01
  7.31320747e-01
  6.84616628e-01
 -1.49546079e+00
  1.09635417e+00
 -1.44143071e+00
 -1.85408624e-01
 -1.45226655e-01
  6.62752147e-02
  1.41838079e-02
  1.35505319e+00
  9.72762604e-01
  5.98999946e-01
 -7.26119351e-03
  4.03630541e-02
  8.33728641e-01
  4.22139628e-01
 -8.63521859e-01
  1.16065089e+00
 -1.97662432e-01
  5.80205612e-01
 -2.57370057e-01
  2.06517169e-01
  2.36791169e-01
  8.67230940e-01
 -9.17820847e-01
  5.22697042e-01
 -2.83796825e-01
 -2.82198108e-01
  8.92188522e-01
 -3.31592100e-01
 -1.52670912e+00
 -2.02321939e+00
  5.17094348e-02
 -1.10575582e+00
  1.03746787e+00
  6.34088789e-01
  9.75683490e-01
  6.07940502e-01
 -4.10301499e-01
  1.55108614e+00
  1.17991402e+00
  1.74417212e+00
 -1.52671916e+00
  1.39423772e+00
 -1.09222504e+00
 -8.35583915e-01
  5.10620591e-01
 -1.53623790e+00
 -6.07926204e-01
  1.41609976e+00
 -1.29029290e+00
  7.44646074e-01
  2.08318502e+00
 -1.15042533e-01
  1.41729145e+00
 -3.35252124e-01
 -3.47368751e-01
  2.60395408e+00
 -4.44432596e-01
  8.92005948e-01
  6.38415028e-01
 -8.25037775e-01
  5.89963960e-01
  1.16379671e+00
  1.74986111e+00
 -2.12668360e-01
 -8.91249062e-01
 -4.11651428e-01
  6.47480111e-01
  8.87411327e-01
 -9.83623447e-01
 -2.81883858e-01
 -1.49887609e+00
 -1.00605841e+00
 -1.12094205e+00
 -9.30250228e-03
  2.68582432e+00
 -2.19939279e-01
 -3.68358266e-02
 -5.05440408e-01
  6.73469365e-01
 -1.11191262e+00
 -1.52251451e+00
  1.52471875e+00
 -1.93538073e-02
 -2.20421041e+00
 -5.59381732e-01
 -2.23938210e+00
  8.75288527e-01
  3.09815078e-02
  5.18717796e-01
  6.83095261e-01
  5.18183530e-02
  1.50888229e+00
  3.48134831e-01
  2.75183032e-01
  1.12308391e+00
  1.45155728e+00
 -6.42638660e-01
  1.05236429e+00
 -1.07493347e+00
 -7.33459165e-01
 -3.60640515e-01
  4.22912878e-01
 -9.60346674e-01
  4.93773221e-01
  2.94996392e-01
 -8.11559632e-01
  9.78852141e-01
  9.89465100e-02
  5.16948926e-01
  1.70013316e+00
 -5.74075135e-01
 -3.31121978e-01
  8.59176823e-01
 -6.09617376e-01
  6.79876907e-01
  6.58246690e-01
  6.66943107e-01
  4.23212043e-02
  1.18559803e+00
  1.22531578e+00
  4.46531838e-01
  2.90008648e+00
 -9.25033508e-01
  1.43993179e-01
  2.97022523e+00
  1.11686118e+00
  1.96517555e+00
 -4.38251849e-01
  4.17358348e-01
  9.59611333e-01
 -3.53821830e-02
 -4.72581960e-01
 -1.06449738e+00
 -1.01373967e-01
  1.25176802e+00
  2.20101334e-01
  2.31790347e-01
 -8.40447845e-01
 -4.73684548e-02
 -1.62896252e-01
  1.71789151e+00
  8.29852057e-01
  1.11261538e+00
 -2.33547048e-01
  1.93162515e+00
 -1.23788597e-01
  6.95552759e-01
 -3.34931105e-01
  1.97772974e+00
 -1.14677400e+00
  8.85325080e-01
  1.64736376e+00
 -1.37628298e+00
 -2.03988916e-01
 -6.31206847e-01
 -1.81121829e+00
  2.57656151e-01
  2.29043728e+00
  4.42556641e-01
 -9.46788187e-01
  2.43033254e-01
 -1.42261376e+00
  1.25347576e-01
 -3.88022564e-01
 -2.03653839e+00
  1.66982357e-01
 -3.95791272e-01
 -8.14342975e-01
  1.15874241e+00
  1.85820276e-01
  9.45813635e-01
 -1.86318694e+00
 -9.56123812e-01
  7.57518672e-01
 -2.04396494e-02
  6.01707262e-01
 -1.29471153e+00
 -1.55357003e-01
 -3.68398948e-01
 -1.21793972e+00
  5.49676394e-01
 -7.23310741e-01
 -4.95375857e-01
 -2.15106589e-02
 -1.48431605e+00
  7.80572590e-01
 -1.18535942e+00
  1.38853587e+00
  2.92142918e+00
  3.97421913e-01
 -2.58534495e-01
 -1.36235379e-02
 -7.93755148e-01
  1.07082336e+00
 -5.15723759e-01
  8.88282214e-01
  7.51415617e-01
 -7.90848616e-02
 -3.21081920e-01
 -2.14264949e-01
  9.50119673e-01
  1.40238994e+00
 -5.53412179e-01
 -1.06825791e+00
 -6.83382410e-01
 -8.29171914e-01
 -2.05806053e+00
 -6.01481916e-01
  1.27270045e+00
 -2.17049541e-01
  6.46962383e-02
 -1.03775663e+00
 -1.60609307e+00
  9.24172290e-01
  8.60054506e-01
  1.28378486e+00
 -2.43820728e+00
 -1.16857058e+00
 -1.07038262e+00
  8.62150637e-01
  7.96113586e-01
 -1.34000357e+00
 -8.56866953e-01
 -4.47129798e-01
  1.49430960e+00
  3.32168937e-01
  3.45626830e-01
 -1.79354068e+00
  1.84344743e-01
  7.74232199e-02
 -2.17962323e-01
  1.82618547e+00
 -3.72575121e-01
 -1.69190485e+00
 -6.72186692e-01
 -1.57487773e+00
  1.40427663e+00
  9.71526563e-01
 -4.77931834e-01
 -1.13171730e+00
  2.85107145e+00
 -2.59767814e+00
 -1.58516683e-01
  3.19020878e-01
 -6.50167785e-01
  7.22230228e-02
 -2.06518289e+00
 -1.07844272e-01
 -1.01629030e+00
  8.32425807e-01
  1.23030570e+00
 -8.54122878e-02
 -4.42751264e-01
  3.07011539e-01
 -8.13163346e-02
  1.63649488e+00
  1.48650984e+00
 -1.37836281e+00
  9.78288719e-02
 -3.17142750e-02
 -3.68436520e-02
 -1.89475822e+00
  1.75546506e-01
 -1.62280922e-01
 -4.74626051e-01
 -1.12992870e+00
  1.13612081e+00
 -1.71404078e+00
  8.12316710e-01
  1.70845297e+00
 -7.68524111e-01
  1.22847023e+00
  2.32588737e-01
 -1.22609733e+00
 -3.34547434e-01
  1.01602728e+00
 -4.31922081e-01
 -1.64868948e+00
 -4.24275942e-01
  2.26253281e+00
 -1.38783536e+00
 -1.09279535e+00
 -3.59123052e-01
 -8.10984418e-01
  6.60879013e-01
 -6.89991436e-01
 -5.97644731e-01
 -1.98472567e+00
 -4.23730866e-01
  5.86280254e-02
  7.78793221e-01
  4.04095360e-02
 -4.68225418e-01
 -6.28324770e-01
 -5.00675835e-01
 -1.39610169e+00
 -2.88570466e-01
 -9.53858513e-01
 -1.46668840e-01
 -1.30455543e+00
 -1.40880467e+00
 -1.98610975e+00
  1.15988147e+00
 -3.11349639e-01
  1.36935490e+00
 -1.40407983e-02
  3.46116973e-01
 -1.26732677e-01
 -3.75759217e-01
 -9.38876856e-01
 -1.64857971e+00
  2.13140850e+00
  1.98725221e-01
  5.33722059e-01
  4.49284412e-01
 -1.33035144e+00
  1.69909006e-01
 -5.23390731e-01
  6.54167355e-01
 -1.28032311e+00
  4.82110427e-01
  1.92839364e-01
 -4.25459049e-01
 -1.67654427e+00
  1.01676162e+00
 -1.76346460e+00
 -4.92742549e-01
  7.99145712e-01
 -1.79262076e+00
 -3.47994837e+00
 -1.78024558e+00
  1.57534255e+00
 -2.15109034e-01
 -3.68622616e-01
 -7.17015814e-01
  1.72491720e-01
  1.45484739e+00
  6.76949267e-01
 -1.29794480e+00
 -1.70476920e-01
 -3.22438307e-01
  1.11964781e+00
 -1.67469193e+00
 -1.01158497e+00
 -3.92360259e-01
 -3.95830127e-01
 -3.50028891e-01
  5.06420189e-01
 -1.11469654e+00
  4.01135056e-01
  5.09437351e-02
  8.66011452e-01
  6.17011668e-01
  3.21819432e-01
 -2.30347181e+00
 -3.22824861e-03
 -2.04389774e-01
 -3.97569417e-01
  1.02134446e-01
  1.67804392e+00
  5.26791344e-01
 -1.24302631e+00
  4.42966181e-01
  1.79545564e+00
  1.65777872e-02
 -5.47683686e-01
  2.83031878e-01
 -6.42168888e-01
  8.95614096e-01
  6.11289405e-01
 -1.23397214e+00
  2.62391600e-01
  1.62329914e+00
  1.29109205e-01
 -1.10454836e+00
  4.84673750e-04
  5.02197407e-01
 -2.95817859e-01
  9.56059159e-01
  1.21125972e+00
 -8.69489840e-01
 -1.05791005e+00
 -1.93192393e-01
 -1.03057597e-01
 -9.69337527e-01
  7.62977825e-01
 -2.99799206e-01
  7.34857644e-01
 -7.87980621e-01
  2.99764224e+00
