   4.70957834e-01
  -4.55573595e-01
   6.42001052e-01
   8.81622883e-01
  -2.74250037e-01
  -3.70863244e-01
  -1.13115044e-01
   1.34552389e+00
  -6.89961589e-01
  -1.20052148e+00
  -2.95670064e+00
   2.26748519e-01
   6.50220215e-02
  -8.79514426e-01
   4.69531828e-01
   1.12271463e+00
   8.41247825e-01
   4.24165846e-01
  -8.34078464e-01
  -1.52217150e+00
  -1.23792089e+00
  -3.11397795e-01
   8.74314297e-01
   6.73965947e-01
   4.69890034e-01
   2.86996049e-03
   9.34927700e-01
   7.17493820e-01
   8.58920263e-01
  -5.31949697e-01
  -5.39364989e-02
   1.59941866e+00
  -1.18517667e+00
   6.94708362e-02
  -2.57083400e-01
   1.64357856e+00
   5.78354463e-01
   1.28612013e+00
  -2.03049657e+00
  -1.75049348e-01
  -3.63314003e-01
   1.19779892e+00
   1.71604257e+00
   1.33173101e+00
  -2.34840689e+00
  -1.98711076e-01
   4.71660131e-03
  -3.54728946e-01
   1.79006131e+00
   8.19835990e-01
   1.18739530e+00
  -4.41663981e-01
  -1.48704653e+00
   1.10506177e+00
  -1.82638900e+00
  -1.00694870e+00
  -4.55323525e-01
  -1.75774513e+00
   9.89298757e-01
  -9.45021290e-01
  -2.47596970e-01
  -2.86612017e-02
  -1.31854775e+00
   1.61469712e+00
   1.41869063e+00
   3.84049509e-01
   2.15288791e+00
   3.41894500e-01
  -1.76254726e+00
   1.03806675e+00
   1.02557427e-01
   6.46254663e-01
   1.95799537e+00
  -1.67848943e+00
   4.07429960e-01
  -1.92134625e+00
   2.49845967e-01
   1.29055528e+00
  -2.38941953e-01
  -1.39736262e+00
   5.27222706e-03
   3.64899412e-01
   3.90688587e-01
   1.31194839e+00
  -1.88897974e+00
  -7.11802889e-01
  -4.37891115e-01
   6.51509008e-01
   8.15155212e-01
  -1.41370566e+00
   8.60896903e-01
  -1.32155624e+00
  -1.72031176e-01
   9.85229750e-01
   1.32114451e+00
   7.24613924e-01
  -1.22247625e+00
  -1.10406475e+00
  -1.27423917e+00
  -1.44898851e-01
  -1.15761069e+00
  -9.48428057e-01
   2.62525234e+00
   1.17033492e+00
  -3.10424335e-01
  -1.39462040e+00
  -1.86293970e+00
  -1.60787492e+00
  -1.78225249e+00
  -1.06714202e+00
   1.54608643e+00
   8.58084906e-01
  -7.75820819e-01
   2.40321837e-01
   6.35184257e-01
  -7.02633229e-01
   1.86871542e-01
   4.27510721e-01
   8.43739087e-01
   1.06653899e-01
  -2.16085448e+00
  -8.32125414e-01
   7.04715574e-01
  -1.84433679e-01
  -1.05852630e+00
   8.83310877e-01
   6.45806280e-01
  -1.13259115e+00
  -9.71880607e-01
  -7.25138401e-01
   2.46591113e+00
  -1.39081189e+00
  -9.56029898e-01
  -2.94633308e-01
  -1.53020365e+00
   2.57676498e-01
  -7.88976988e-01
   9.69781121e-01
   1.56770944e+00
  -1.26593370e+00
   2.46750382e+00
   1.82477798e+00
  -1.27886555e+00
   2.37543795e-02
  -1.32079157e+00
   6.97229227e-01
   2.29678717e+00
   5.03879203e-01
   2.41196979e+00
  -1.73232765e-01
  -6.31960522e-01
  -3.39109131e-02
  -1.03966819e+00
   7.77949964e-01
  -7.01791356e-01
   5.79634922e-01
  -7.84249088e-02
  -5.24355275e-01
   4.98076970e-01
  -1.39350739e+00
  -5.88985391e-01
  -1.10131686e-01
   4.59571427e-01
  -3.97291530e-01
   1.52389921e-01
   4.92726039e-01
   3.59979509e-01
   4.32295772e-01
  -1.92899401e+00
   5.30260017e-01
  -1.28331763e-01
  -9.55430160e-01
   1.38902216e+00
  -5.70555616e-01
  -7.38819879e-01
  -9.69316626e-02
  -1.57962982e+00
   2.28676633e-01
   1.17903334e+00
   2.02703154e-01
  -1.40169330e+00
   6.47876312e-01
  -1.59994998e-01
   1.03548379e+00
  -1.54779561e+00
  -1.52254463e+00
  -7.73283212e-01
  -5.35648035e-01
  -3.31154429e-01
  -1.17683096e+00
   4.60856710e-01
   1.34790530e+00
  -2.22424043e-01
  -7.49034520e-01
   6.70418796e-01
  -2.33909246e-01
  -1.83112611e+00
  -1.69653597e-01
  -6.70346201e-01
  -5.44145338e-01
  -1.04982746e+00
   2.52298060e-01
   1.89775618e+00
   2.46629160e-01
   7.61358993e-02
  -1.62333668e+00
   4.93835324e-01
  -6.26308012e-01
   6.51920887e-01
  -1.22135365e+00
  -4.48132110e-01
   2.66995696e+00
   8.84803019e-01
   1.32914258e+00
   3.81259722e-01
  -1.03138785e+00
  -9.37562480e-02
  -6.60099421e-01
  -7.20065116e-02
   9.01762022e-01
   6.65152186e-01
  -7.16146925e-01
  -3.15777849e+00
  -2.38430211e-01
  -6.58182107e-01
  -5.22891496e-02
  -8.78142046e-01
  -1.41240040e+00
   1.91783194e-01
   1.12003822e+00
   4.41031815e-01
  -1.51294446e+00
   9.29204382e-01
   4.76555692e-01
  -4.12588942e-01
   7.58282528e-01
   7.70495240e-01
   1.49467594e+00
  -1.13700790e+00
   7.98680483e-01
  -1.38495667e+00
   4.01248156e-01
  -2.95059636e-01
  -1.55221889e+00
  -2.67893944e+00
  -1.15440144e+00
  -1.24158105e+00
   2.02674550e+00
  -7.60130585e-01
   1.15495101e+00
   1.38470218e+00
  -1.95815774e+00
  -1.29314106e-01
   3.30946428e-01
   9.02005060e-01
   5.60748652e-02
  -1.68720662e-02
  -1.19473943e+00
  -2.62775420e-01
  -1.99593934e+00
   6.74638508e-01
  -1.79432866e+00
   8.70390302e-01
   1.28427092e+00
  -5.59838736e-01
   3.88456622e-01
   3.78671547e-01
  -2.52113431e-01
   2.72317847e-02
   8.27866618e-01
  -4.84219898e-01
  -1.56750994e+00
   1.16744426e+00
   9.60403534e-02
  -5.44414169e-01
  -5.98464306e-01
  -4.35889163e-01
   1.78710963e+00
   7.19114358e-02
   1.40717018e+00
  -1.10619033e-01
  -3.84337829e-01
   1.42547194e+00
   1.95217814e-01
   1.97868513e+00
   4.16571468e-01
   1.38583931e+00
   6.00111850e-01
   3.43044113e-01
  -1.48689934e+00
   5.96634467e-01
  -6.07122798e-01
   1.98251589e+00
   1.07924039e-01
   1.95573649e-01
   1.47431400e-01
   5.06183763e-01
   4.41456543e-02
  -1.27192754e-01
  -1.90481658e-01
  -1.13546520e+00
   1.79240674e+00
   1.33530488e+00
  -3.98407374e-01
  -3.00233617e-01
  -8.43109026e-01
  -6.39037708e-01
  -6.75465122e-01
  -2.38768473e+00
  -7.03620725e-01
  -9.98554023e-01
  -3.14264325e-02
   5.34448128e-01
  -7.12946381e-01
   1.85706287e+00
  -1.12689446e-02
   6.03797276e-01
   2.32284621e+00
   1.27618532e+00
   4.83074547e-01
   1.68531285e+00
  -2.28373616e-02
   1.20131810e+00
   9.47069398e-01
   1.08922829e+00
  -6.08060796e-01
   1.61152263e+00
  -4.51255812e-01
   6.51549988e-01
  -5.62589759e-01
  -7.52911715e-01
  -9.75213542e-01
  -4.98609231e-01
  -2.87350113e-01
  -1.59781113e+00
  -5.13870356e-01
   9.08988906e-01
   1.38110464e+00
   8.59439647e-01
   3.07932924e-01
  -8.77592905e-01
  -2.91445867e-01
  -6.36472332e-02
   2.07611801e-01
  -1.64213563e-01
  -4.53833140e-01
  -1.92402117e+00
  -1.13923393e-01
   7.39107258e-03
  -1.28171119e+00
  -8.52432567e-01
  -2.25171221e+00
   1.04146692e+00
  -1.04382221e-01
  -5.58162741e-01
  -1.58607659e+00
  -1.23586139e-01
   9.12649894e-01
  -1.75863743e-01
   4.33806748e-01
  -1.53610071e+00
   1.27255844e+00
  -7.19046928e-01
  -3.54033378e-01
  -1.17221043e-03
   3.95506691e-01
  -5.12362011e-01
  -2.85527985e-02
   5.79476218e-01
  -6.83472099e-02
  -3.01023258e-01
   5.36584888e-01
   4.00224875e-01
   5.28054120e-01
  -1.57991219e+00
   8.63310830e-01
   5.64772006e-01
   6.08587177e-02
  -7.57329560e-01
  -5.83277982e-01
  -4.93727806e-01
  -3.20044921e-01
  -1.78594210e-01
  -3.81149320e-02
   8.41055402e-01
   1.02551732e+00
  -6.89451894e-01
  -9.36941606e-01
  -1.31934630e-01
  -5.99470529e-01
   1.59240163e+00
  -3.59880318e-01
   5.40880014e-01
   9.29056392e-01
  -3.29053943e-01
   4.01604120e-01
  -3.70461927e-01
   1.79221930e+00
   6.20589804e-01
  -7.22977316e-01
   1.70937899e+00
   8.02905895e-01
   1.83517291e+00
  -4.41998512e-01
   1.86554443e-01
  -1.16135619e+00
   1.21585714e+00
   1.14730613e-01
   9.46742025e-01
   4.73478412e-01
  -1.41346918e+00
   1.49998602e+00
  -9.30893953e-01
  -1.46381228e+00
   1.17782610e+00
  -6.79605248e-01
  -2.09001869e-01
   8.62435926e-01
  -1.50092648e+00
   1.46288691e+00
   1.02228376e+00
  -1.88236221e-01
  -3.11203530e-01
   3.64332562e-01
  -1.30111693e+00
   1.40828128e+00
   4.78813284e-01
  -2.46890658e+00
  -1.09118413e+00
  -9.70880935e-01
  -8.17253124e-01
   8.18438550e-02
   6.77129616e-01
  -7.22559111e-01
   1.78285829e-01
   1.22889270e+00
   3.59069509e-01
   8.89130986e-01
  -1.32856245e+00
   5.32070830e-01
   1.84612458e-01
   4.18605162e-01
   1.42050611e+00
   8.50847496e-01
  -1.41780052e+00
   9.44166569e-01
  -1.03471927e+00
   7.61279609e-01
  -5.15606819e-01
  -1.99734684e+00
  -6.09579806e-01
   4.47680083e-01
  -1.57981913e+00
  -9.09815719e-01
   5.70507367e-01
   5.39376921e-01
   8.21349444e-01
   7.81061182e-01
   1.30450716e+00
  -1.08945118e+00
   1.06909204e+00
   2.87893671e+00
  -1.90195600e+00
  -6.85287188e-01
  -1.85547860e+00
  -1.93708702e+00
   1.81497425e-01
  -5.56421027e-01
  -3.74902360e-02
  -2.58535735e-01
  -4.61497958e-02
  -1.05530566e+00
  -4.26684653e-02
   4.35390865e-01
   7.01607265e-02
   1.01903722e+00
   9.99779747e-01
   1.81772105e+00
  -2.11072987e-01
   6.07352040e-01
  -4.00709365e-01
   6.19787046e-01
   7.32115738e-01
   1.01435076e-02
  -1.70510236e+00
   1.60488725e+00
  -8.71886978e-01
  -6.92850193e-01
   1.00245152e+00
  -4.50468513e-01
  -9.57681273e-01
   3.86401253e-02
   1.39605913e+00
  -5.07072540e-01
  -2.62738289e-01
   1.27064631e+00
   1.65643398e+00
  -2.42701302e+00
  -9.69452152e-01
  -1.31053307e+00
  -1.18078762e+00
  -1.48019544e+00
   3.37226380e-01
   4.09643226e-01
  -4.65987872e-01
   2.86773808e-02
   6.93903361e-01
   1.17288971e+00
   1.70594249e-01
   1.05447462e-01
  -8.99190968e-01
   6.47639093e-01
  -2.93496616e-01
  -3.33301558e-01
  -1.32913757e+00
   1.99382544e+00
  -3.24043933e-01
  -1.63112046e+00
  -7.65732250e-01
  -6.40850739e-02
   2.36240980e-01
   1.30024300e+00
   5.67358944e-01
   1.12534858e+00
   8.25211575e-01
   1.32473694e+00
   9.07904836e-01
   8.88294126e-01
  -1.07155592e+00
  -7.69044498e-01
   2.71498599e+00
  -5.12899866e-01
  -8.84112887e-01
   2.02633193e-01
  -9.20058523e-01
   1.45025549e-01
   1.58747460e+00
   7.32698508e-01
  -3.21913786e-01
  -1.52510897e+00
  -1.57716205e+00
   4.19870857e-01
   9.63029958e-01
   5.29865146e-02
   6.27747623e-01
  -5.50228791e-01
  -1.04917487e+00
   1.43696696e-01
   7.84095066e-01
  -2.16705580e+00
  -4.24180469e-01
   3.82520132e-01
  -3.05126980e-01
   9.57915687e-01
   1.30878477e+00
   5.15146692e-01
  -7.69066210e-01
  -7.51115747e-01
   1.06407198e+00
  -2.17567569e-01
   4.35044038e-01
  -4.82709737e-01
  -2.46999260e-01
  -7.30886590e-01
   2.76180430e-01
  -1.61112330e+00
  -4.97391674e-01
  -1.03926950e+00
  -1.73382749e+00
  -6.89773565e-01
   3.57973816e-01
  -1.07815586e+00
  -5.57545520e-01
  -6.46815953e-01
  -8.51194092e-01
  -9.96269914e-02
   5.24818260e-01
  -5.47962501e-02
  -1.74165590e+00
   1.56025421e-01
   1.63992584e+00
  -1.52600059e+00
   1.93622233e+00
   2.91656250e-01
  -1.53720613e+00
   5.59698976e-01
   5.53677611e-01
   1.01461281e+00
   9.05383051e-01
  -4.43551079e-01
   2.33273464e+00
  -2.06656622e-01
   6.55559345e-01
   1.03359204e+00
   8.03813145e-02
   7.28274033e-01
  -1.19935086e+00
  -6.70157765e-02
  -2.36164903e-01
   1.68226301e-01
  -1.00377111e+00
  -8.17298197e-01
   6.66058219e-01
  -1.43993698e-01
  -4.59809688e-02
   3.85196533e-01
  -1.24799282e-01
   4.34978545e-01
  -1.69652670e+00
  -7.84443014e-01
  -6.80705179e-01
   1.54412447e-01
   1.42297272e+00
  -2.32437512e+00
  -5.37100724e-01
   4.15214721e-01
  -5.97544251e-01
   1.85813305e+00
  -9.61642971e-01
  -5.34883956e-01
  -3.46167951e-01
   1.11905648e+00
  -4.26953241e-01
  -3.18005830e-01
   1.07324065e+00
   1.19898652e+00
   7.87150132e-01
   4.21076270e-01
  -1.60268886e-01
   1.48881290e+00
   3.92707251e-01
  -7.23653127e-01
   4.51917244e-01
   1.52018617e-01
   2.19187026e+00
   1.78613863e-01
   4.52763271e-01
   1.06017475e+00
   1.85985994e-01
   7.47592367e-01
  -1.32573000e+00
   1.41796073e+00
   2.06976872e+00
  -9.23285850e-02
   9.06410741e-01
   3.84131426e-01
  -7.94068209e-01
   1.58997738e+00
   5.49268781e-01
   1.20175506e+00
  -2.01001843e+00
   1.48749503e-01
  -2.96854465e-01
   1.95214600e-01
  -1.80821831e+00
  -2.44294959e-01
  -1.03534819e+00
   2.48600399e-01
   5.22432187e-01
   7.84379754e-01
   9.17963300e-01
   5.62684612e-01
   5.22111165e-01
  -8.75097960e-01
  -1.14775414e+00
  -3.76219150e-01
   2.13588756e+00
  -1.42186627e+00
   1.71359939e-01
  -6.30461592e-01
   9.67533952e-01
   8.02481177e-01
  -9.60325555e-01
   4.71631849e-01
   7.47611738e-01
  -2.00022770e+00
  -5.91558430e-01
  -9.16242129e-01
   1.31678242e+00
  -5.74206961e-01
  -3.15887199e-01
   3.87255970e-01
  -5.75017269e-01
  -7.52037192e-01
   2.23948831e+00
   1.16708926e+00
   4.20849068e-01
  -2.62918715e+00
   4.59899449e-01
   2.85583399e-01
   1.30711870e+00
   1.29285238e+00
  -4.16232765e-01
   3.46826417e-01
  -2.79060297e-01
   4.52524726e-01
   6.73864270e-01
   8.72361008e-02
   4.77798452e-01
   1.21059644e+00
   3.36431943e-01
  -5.86126122e-01
   1.59040281e+00
   3.47212438e-01
  -1.98962778e+00
  -1.15098530e-01
   9.44868392e-01
   1.61257747e-01
   7.82264784e-02
   8.77931529e-01
  -2.54096999e-01
  -3.20424191e-01
   1.92568155e+00
  -1.72452216e+00
   8.18147696e-01
  -5.57683739e-01
   6.85625318e-01
   1.62338410e+00
  -2.10864718e-01
  -5.14145454e-01
   1.47409541e+00
  -1.18576742e+00
   1.06837090e-01
  -2.09997933e+00
   4.58884658e-01
   8.57230465e-01
   4.38897721e-01
   8.51288374e-01
   4.52966566e-01
   3.64394647e-01
  -7.16281507e-01
  -6.19575187e-01
   8.57334726e-01
   5.14709598e-01
   1.57497926e-01
   1.59346066e+00
   8.38204945e-01
  -3.38310273e-01
   7.73389396e-01
   9.75588100e-01
  -6.17456952e-01
   5.43688481e-01
  -2.66768257e+00
   9.43104601e-01
  -1.67482643e-01
  -6.19182655e-01
  -1.92458403e+00
   1.07599054e+00
  -4.24030379e-01
   3.48567670e-01
   2.03821224e+00
  -1.88917661e-01
   4.28200916e-02
  -2.87223955e-01
  -1.17401123e+00
   9.42523195e-01
   4.22755505e-01
   2.92758630e-02
   2.94164488e-01
  -4.51461174e-01
   5.39528317e-01
  -3.29092730e-01
   3.09968558e+00
   1.17385282e+00
  -2.18370452e-01
  -1.99758816e+00
   2.32009351e-01
   1.13404986e+00
  -1.52825014e-01
   8.81839875e-01
  -9.78416513e-01
  -3.18205225e-01
  -4.11971485e-01
   1.03881862e+00
  -1.79501496e-01
   5.30270482e-01
  -3.20669973e-01
  -8.16947493e-01
  -1.11630786e+00
  -3.22231476e-02
   3.29615114e-01
  -5.42952434e-01
   6.06735309e-01
   6.11176050e-02
   4.09817030e-01
   8.46585470e-01
   7.42076829e-01
  -1.45767258e+00
   5.75077382e-01
   4.50725530e-01
  -1.99414493e-01
   2.80612798e+00
  -7.93442272e-01
   4.88329955e-01
  -4.46317524e-01
   4.56488133e-01
  -1.01556013e+00
  -1.66305265e+00
   2.84382934e-01
  -1.59332179e+00
   7.76234715e-01
  -8.31752608e-01
  -4.96111949e-01
   1.80627802e+00
   1.22901739e-01
   1.09648165e+00
  -2.21074062e+00
  -1.71899741e+00
  -1.25065079e-01
  -5.69716479e-01
   6.98858126e-01
   1.27039351e+00
   1.34132482e+00
   3.06958809e-01
  -3.49941777e-01
   5.92013444e-01
  -2.64453892e-02
  -5.25959154e-01
   3.61659585e-01
  -8.57093736e-01
   3.18553794e-01
  -5.35416384e-01
   9.86359682e-01
   3.99567944e-01
   1.51568124e+00
   6.15413424e-01
   7.37202142e-01
  -1.22803350e+00
  -1.31852271e+00
  -3.98980941e-01
  -1.46934017e+00
   3.57179522e-01
  -1.25770669e+00
   8.38559000e-01
   6.19874701e-01
  -1.83956627e+00
   4.82702708e-01
  -1.55901565e+00
  -6.67629396e-01
   4.61026779e-01
  -3.98542936e-01
  -1.53039103e+00
  -1.39962218e+00
   1.79615855e+00
   8.33800042e-01
   1.77721486e+00
  -4.43034917e-01
   1.20567144e+00
  -4.22716430e-02
   1.38076447e+00
   8.26361540e-01
  -3.95188712e-01
  -8.65436809e-01
   4.83005904e-01
  -8.89141496e-01
  -1.37852780e-01
  -4.19001665e-01
   1.64977776e-02
   1.28316849e-01
   1.22304386e+00
   1.63770417e+00
  -5.13877338e-01
  -6.96089105e-01
  -1.24665400e-01
   8.88678679e-01
  -1.08257960e+00
   8.78652879e-01
  -8.64918021e-02
   5.27352005e-01
  -1.72441554e+00
  -7.01935444e-01
   3.33055083e-02
   1.01230236e+00
   7.43807298e-01
   2.43150676e-01
   5.45582558e-01
  -2.59062268e-01
  -2.78685309e-01
   1.31135184e+00
   4.55152204e-01
   1.98488532e-01
   6.53034975e-01
   7.99964776e-01
  -6.21303523e-01
   1.19491888e+00
  -7.02131096e-01
   3.12107664e-01
  -9.45058597e-01
  -3.71065641e-02
  -5.49642783e-01
  -7.30524141e-01
   2.72095045e+00
  -1.64001700e+00
  -1.21267931e+00
  -4.02893957e-01
   1.59165811e+00
   9.43609309e-01
  -1.76856309e+00
   6.42398690e-01
   9.05904270e-02
  -9.58705657e-01
   4.84550414e-01
  -1.26013849e-01
   1.52739892e+00
  -1.38790069e+00
  -3.60325548e-01
  -6.90187123e-01
   1.05900840e+00
   1.95441121e-02
  -7.43880970e-01
   2.99923575e-01
  -3.68032006e-01
   6.08679948e-02
   3.41424530e-01
  -1.33730777e+00
  -6.93311169e-01
  -1.53000607e+00
  -7.05758118e-01
   7.18823762e-01
   1.40106241e+00
  -2.35574504e-02
  -7.57785074e-02
   1.23132141e+00
   7.46654987e-02
   9.16008324e-01
  -1.13599856e+00
  -2.11197913e-01
   1.84410065e+00
   7.61614790e-01
  -2.64450754e-01
   1.88223936e-02
  -4.39477645e-01
   5.43725318e-01
  -1.34156754e+00
   2.37930478e-01
   8.30484731e-01
  -2.86969780e-01
   4.27985656e-01
  -7.09588218e-01
   7.99206560e-01
   9.31506942e-01
  -1.52284869e+00
  -1.96437645e-01
   1.40495633e-01
   1.80972239e-01
   8.25464526e-01
  -9.71788798e-01
   1.01594847e+00
  -1.44528844e+00
   7.86099006e-01
  -4.80240132e-02
  -1.93293358e-02
  -9.43178721e-01
   6.82652860e-01
   3.80948102e-01
  -7.08542870e-01
  -9.23656426e-01
   1.57352230e+00
  -1.33797103e+00
  -1.21460082e+00
   3.36772957e-01
   7.43694237e-01
  -1.09213577e+00
   2.97541279e-01
  -1.33907189e+00
  -2.53058250e-01
  -1.21285418e+00
   1.06942616e-01
   2.17740548e+00
  -1.47999319e-01
  -5.86280201e-02
   1.38526478e+00
   3.67344912e-01
   2.37563978e-01
   1.38267357e-01
  -1.29659009e+00
  -1.69484309e+00
   4.42693944e-01
   1.24509347e+00
  -1.63988143e+00
  -8.03212972e-01
   1.01988376e+00
   5.05306009e-01
  -5.82796270e-03
  -7.32456008e-02
   4.63927989e-01
  -1.09370523e+00
   9.66896235e-01
   3.70812361e-01
   4.04299395e-01
  -1.52895810e+00
  -5.49132609e-01
   1.77361673e-01
  -8.44684128e-02
   2.05526873e-01
   1.41940441e+00
   5.67402446e-02
   7.02932730e-02
  -1.36190675e+00
  -7.55773187e-01
  -9.14003576e-01
   2.89303609e-01
  -9.85039495e-01
  -4.98174995e-01
  -3.49361063e-01
   1.32258177e+00
   1.06503993e+00
  -1.27079837e+00
   2.28267136e+00
   1.57907406e+00
  -8.74178185e-01
  -1.27272079e-01
   2.88923039e-01
  -2.99717777e-01
   1.06605750e+00
  -5.74564245e-01
   1.56786089e+00
  -7.63554636e-01
   3.86997671e-02
  -2.71679524e-01
  -1.23743629e+00
   7.65769396e-01
  -1.16792475e+00
   1.74241162e-01
   7.48029705e-01
  -3.44046337e-01
   1.11381914e+00
   9.34976881e-01
   1.39601787e+00
  -8.03815270e-01
  -9.14081839e-01
  -2.30327451e-01
   9.24423479e-01
  -1.24440977e+00
   1.90619212e+00
  -3.63820407e-02
   8.00758754e-01
  -7.73412155e-01
   1.78097207e-01
  -5.33143058e-01
   9.40885229e-01
  -1.09728381e+00
  -1.70851989e+00
   1.73190814e-01
  -2.09897940e+00
   1.47387191e+00
   9.63814119e-01
   1.01662731e+00
  -2.37813649e-01
  -1.01176767e+00
   1.84834704e-01
  -1.03161891e+00
  -3.26996273e-02
   9.11879244e-01
   9.91269197e-01
   2.01609767e-01
  -1.24751815e-01
   8.57591594e-01
  -4.67791974e-01
   9.04293080e-02
  -1.47036914e+00
   8.48041634e-01
  -1.54790969e-01
   9.44721597e-01
  -1.99994222e+00
  -3.81461906e-03
  -5.76466334e-01
  -9.97469832e-01
  -1.10073296e+00
  -2.94395230e-01
   5.17726624e-01
  -1.05219116e+00
   9.08660788e-01
  -3.68811354e-01
   5.46841038e-01
  -7.45631397e-01
   5.83199516e-01
  -1.07668324e+00
  -2.12315661e-02
  -1.43735578e+00
  -5.29328799e-01
  -4.13200834e-01
  -2.27765010e-01
  -3.13903559e-01
  -3.75480048e-01
   6.95564899e-01
  -1.84322119e-01
   7.38141477e-01
  -9.09252249e-01
  -6.30582868e-01
   1.38700207e-02
   1.55994382e-01
   4.00391675e-01
  -1.09792644e+00
   2.63310277e-01
  -3.38669552e-01
  -2.47987982e-01
  -5.64464113e-01
   1.44540421e+00
   1.54270418e-01
  -2.53393434e-01
  -2.07612824e+00
  -7.93315438e-01
   1.51746134e+00
  -1.66097509e-01
   3.68352146e-01
  -4.33493314e-01
  -1.00049097e+00
  -4.86563000e-01
  -9.97261832e-01
  -2.32132309e-01
   1.39957165e+00
   1.52386787e+00
   8.44552956e-01
   4.06814696e-01
   7.58603137e-01
   1.67624900e+00
   6.71688749e-01
   3.60381973e-01
   5.81767708e-01
  -4.44394535e-01
  -1.06132513e-01
   1.79358439e+00
  -7.76608329e-01
  -7.06302404e-02
   5.31520689e-01
  -1.48639826e+00
  -2.65957743e-01
   1.93484473e+00
   1.11169203e+00
   3.30795673e-01
   7.40453133e-01
   2.87107102e-01
   1.59110758e+00
  -3.04585421e-01
  -1.07525333e+00
  -6.02092928e-01
   7.16052216e-01
   4.01603880e-01
  -1.35457994e+00
   5.24515925e-01
  -2.37603602e+00
  -2.63513868e-01
   8.20636385e-01
   2.14200681e+00
   1.33199643e+00
  -1.16767079e+00
   1.32442492e+00
  -3.33360093e-01
   1.05279845e+00
  -5.63556108e-01
  -1.32224281e+00
   2.94316593e-01
   8.75569798e-01
   6.25701048e-01
  -6.99051430e-01
  -1.69619183e+00
   2.32064221e-01
   1.15524681e+00
   1.18515603e+00
  -2.36749365e-01
   4.50535246e-01
   1.92144656e-01
  -1.10100211e+00
   4.75359087e-01
  -2.45673169e-01
  -1.03928962e+00
   1.62977984e+00
   1.26512577e-01
  -7.67930000e-01
  -2.71250995e-01
  -7.27488488e-01
  -4.79021349e-02
   6.38611009e-01
  -7.99406795e-01
  -1.61386377e+00
   9.46038612e-01
   1.11615797e+00
   7.01282313e-01
  -3.97155687e-01
   1.70062466e+00
  -4.85952951e-01
   2.99596548e-01
   9.52563499e-01
  -4.83600605e-01
   1.15641543e+00
  -1.79366711e+00
   5.64139440e-01
   1.42240323e-01
   1.01718795e-01
   4.51491167e-01
  -9.18165483e-02
  -1.08965193e-01
  -6.56277976e-01
  -6.06170842e-02
   7.77295792e-01
   8.76904352e-01
   8.40894141e-01
   8.55729335e-01
  -1.06864413e+00
   1.11102364e+00
  -8.50766289e-01
  -1.32033269e+00
   7.85574981e-01
   9.75792596e-01
  -5.77522846e-01
  -6.86144249e-01
  -2.14048668e-02
   8.51412270e-01
   9.29202047e-01
   2.03041507e-02
   1.15550645e+00
   3.37334469e-01
   1.49477143e+00
  -1.64601356e+00
  -1.44633117e-01
  -7.84515746e-01
  -1.83891903e+00
   6.18280850e-01
   2.14493566e+00
   7.17291274e-01
   2.49374953e-01
   1.55901204e+00
   4.24614981e-01
  -1.00648961e+00
  -1.63813608e+00
  -1.02729620e+00
   4.14518445e-01
   5.50216971e-02
   6.27795168e-01
  -1.14333192e+00
  -7.25162253e-02
  -4.46967428e-01
  -1.40322057e+00
  -1.23674923e+00
   9.91646942e-01
  -2.86599705e-01
  -4.22152952e-01
   1.02308309e+00
  -7.92824609e-01
  -6.16117256e-01
   6.57254842e-01
  -3.54466451e-01
   6.35892700e-01
   4.92953861e-01
   1.58080088e+00
   6.33216475e-01
  -5.81020939e-01
   7.25766425e-01
  -1.25937475e+00
   5.58723860e-01
  -7.12614872e-01
  -1.56079435e+00
   1.13872867e-01
   4.81288803e-01
   2.08872936e-01
   1.36092391e+00
  -9.65981060e-02
  -5.33949367e-01
  -3.06894478e-01
  -1.28020401e-01
  -1.52009416e-02
   1.48381420e+00
  -1.96127842e+00
   8.06404957e-01
  -2.16299234e+00
  -1.27026088e+00
   9.52842766e-02
   1.79653793e+00
  -6.46097290e-01
   5.36146401e-01
  -1.69314180e+00
  -1.81001460e+00
  -1.21486639e+00
  -1.14442187e-02
  -6.48059087e-01
   3.17499775e-02
  -1.45885345e-01
  -3.73880902e-01
  -1.48898757e+00
  -1.13261500e+00
   4.01599416e-01
   8.66159406e-01
   1.55621300e+00
   2.88205199e-02
   1.03684458e+00
  -1.86943816e+00
  -1.58817614e+00
   1.20179214e+00
   1.25837166e+00
   2.35761963e-01
   3.32642627e-03
  -9.52417931e-01
  -3.35456360e+00
  -1.13141978e+00
   5.45287834e-03
  -5.85698190e-01
  -1.47853730e+00
  -3.16461903e-01
  -6.64297080e-01
   1.46472141e+00
   3.24800382e-01
  -1.37611964e+00
   6.71723671e-01
  -9.08106599e-01
  -1.32926958e+00
   5.43098810e-02
   1.70433666e-01
   4.38402920e-01
  -3.77276797e-01
   1.37262389e+00
  -8.16305709e-01
  -7.44127555e-02
   4.39242346e-02
  -3.22487199e-01
   5.67941277e-01
  -1.26726834e+00
   6.47718307e-01
   1.11633310e+00
   8.48651964e-01
   1.41086404e+00
   2.63317544e-01
   3.47527046e-01
   9.15203879e-01
  -1.56986283e+00
   9.68992268e-02
  -1.15591214e+00
   2.82766014e-01
   2.62459975e-01
   8.26741149e-02
  -1.40468525e+00
  -4.78119495e-01
   3.65730834e-01
  -8.70624167e-01
  -1.90067206e+00
   8.83527890e-01
  -1.57703910e+00
   2.50390745e-01
   1.44163515e+00
  -2.02307964e+00
   3.67988852e-01
  -7.78787065e-01
  -8.70124837e-02
   1.01794198e+00
  -9.95982380e-01
  -3.10103138e-01
   1.84160773e+00
   7.81382916e-01
   8.08924272e-01
   2.42199609e-01
   7.17386306e-01
  -7.34459368e-01
   4.27071856e-01
   1.35100194e+00
  -3.09151891e-01
  -1.17475406e+00
   2.28328587e-02
   2.25892000e-01
  -1.66992645e-01
   1.83662748e-01
  -4.71759893e-01
  -1.98639025e+00
  -5.08228923e-01
   4.59377501e-01
   5.30092696e-01
   9.20539040e-01
   2.13197096e-01
  -7.94771719e-01
  -4.62405918e-01
   6.22009514e-01
   1.59886464e-01
  -6.28093199e-01
  -1.06493635e+00
  -2.55002329e-01
  -2.56963517e-01
  -1.01847218e+00
  -1.42337533e+00
   6.25629324e-01
   1.84817362e-02
   6.30506202e-01
   1.31600371e+00
  -9.81085901e-01
   1.77778354e+00
   1.56933280e+00
   1.59459175e+00
   1.03419790e+00
   6.36189683e-01
   1.22366008e+00
  -4.44758373e-01
  -7.54012714e-01
   8.83508702e-02
   2.30824346e+00
  -1.03305884e+00
   1.75523868e+00
   3.80465005e-01
   1.65359988e-01
   1.21275452e+00
   1.98748859e+00
   1.17624187e-01
  -6.78184906e-01
   2.24694116e+00
   5.35772847e-01
   3.15867462e-01
  -5.10221937e-01
   1.70230619e-01
  -3.43851665e-01
   5.13947493e-01
   6.28917255e-01
   1.38953490e-01
   3.06146424e-01
  -5.39500326e-01
   5.61452109e-01
   3.03562984e-01
   2.79278469e-01
  -5.55469044e-02
  -6.80281916e-01
  -2.02962904e-01
   8.27834907e-01
  -3.91692385e-01
  -2.24459038e-01
   2.08108778e+00
   9.46513677e-01
   1.71143913e+00
   4.79335647e-01
   4.92411469e-01
  -7.57846598e-01
   2.12397645e+00
   1.09764586e+00
   1.71795874e+00
  -5.51323817e-01
  -1.22034080e+00
   1.91045481e+00
   8.17125718e-03
  -2.62144904e-01
  -1.73330787e-01
  -7.52943298e-01
   8.86895217e-01
   1.71566424e+00
  -1.16512352e+00
  -6.02881097e-01
   5.45744010e-01
   1.44114915e+00
  -1.99700151e+00
   8.25610058e-01
   5.47554182e-01
   3.45938037e-01
   1.18068449e+00
  -1.15172228e+00
   2.10433415e-01
   1.09346489e+00
  -1.85630474e+00
  -3.95230478e-01
   6.35949754e-01
   1.01237028e+00
  -2.16373503e+00
  -1.41663650e+00
  -7.04848411e-01
  -8.08232213e-02
  -5.47576160e-01
   3.95493828e-01
  -4.99536071e-02
   3.35810045e-01
  -1.41797118e+00
  -7.33319480e-01
   4.85954543e-01
   1.25867257e+00
   1.73181649e+00
   9.54189066e-01
  -4.83329904e-01
   8.16378413e-01
   1.02198348e+00
   1.14252844e+00
  -5.40547010e-01
   4.42378173e-01
   1.86161338e-01
   1.44371570e+00
   2.67467189e-02
  -1.35797856e+00
   1.47201413e+00
  -9.72339813e-01
  -9.00681202e-01
   7.31053584e-01
   9.67909447e-01
  -8.00504739e-02
   1.17123908e+00
   1.04024730e-01
  -1.39960426e+00
   1.26175409e+00
  -1.00251258e+00
  -1.35859152e+00
  -6.32866329e-01
   8.81151462e-01
  -9.50073392e-02
   7.82240745e-01
   8.56293159e-01
   6.20074709e-01
  -1.78401781e+00
   6.46069703e-01
   6.69199211e-01
  -6.30216004e-01
  -4.28387192e-01
   7.41247437e-01
   6.41843310e-02
   1.84721676e+00
  -4.50411123e-01
  -7.23707074e-01
   6.75653244e-03
  -5.09225234e-01
   7.07304000e-01
   2.54340024e-01
  -4.70792603e-01
   6.47711603e-02
  -1.87841283e+00
   2.55363470e-01
   7.82332618e-01
   1.32738024e+00
   1.37364152e+00
   4.03944194e-01
  -1.27186490e+00
  -3.77333883e-01
   3.62999382e-01
  -9.46008942e-01
  -5.04343828e-01
   4.71067128e-01
   1.82552511e+00
  -1.30398682e+00
   9.27652551e-01
  -6.46877190e-01
  -3.17754242e-01
   3.24563540e-01
   2.93361248e-01
  -1.29368058e+00
   1.10621484e+00
   7.24846798e-01
  -2.01443393e-01
   5.58899509e-01
  -5.57949319e-01
   4.00058309e-01
   1.71027231e-02
  -8.68028876e-01
  -8.96029998e-01
   1.14042982e+00
  -8.21356479e-01
  -3.61147202e-01
  -1.02703841e+00
  -2.82330116e-01
   1.14055361e+00
  -2.08290383e-01
  -1.39957588e-01
  -9.36846082e-01
   2.08382189e-01
   1.43804010e+00
  -1.06384567e+00
   2.03231315e+00
   3.30786137e-02
  -8.63974556e-01
   7.98849606e-01
   5.52316879e-01
  -3.14837916e-01
   2.54809509e-02
  -1.02605620e-01
  -5.76738572e-01
   6.35138667e-01
   1.08320856e+00
  -1.86176517e-01
  -8.53399822e-01
  -1.06368257e+00
  -1.46719040e+00
  -6.41939081e-01
  -1.52898394e+00
  -6.69492568e-01
  -6.00163213e-02
   5.59829660e-01
   1.48769556e+00
   1.64121282e-01
  -7.55243437e-01
   7.89814292e-01
   3.51158362e-01
   1.10764134e-01
  -2.23561449e-01
   1.91628179e-01
  -1.53776588e+00
  -3.97892579e-01
   3.83892770e-01
  -2.03046053e+00
  -2.50560538e-01
   1.35768950e+00
  -4.31974882e-01
   7.39244007e-01
   1.10296362e+00
  -9.14358816e-01
   9.97556372e-01
   5.31467874e-01
   1.71487659e-01
   5.07009947e-01
  -8.21689408e-01
  -9.02690091e-01
   5.28759528e-01
   9.70182472e-03
   1.56498528e-01
  -9.58733558e-02
   2.05343135e-01
   5.66571191e-02
  -1.18826193e-01
  -5.88987185e-01
   6.59993160e-01
   1.47564981e+00
  -8.01994196e-01
   3.11197100e-02
   1.34279201e+00
  -2.21179004e+00
  -1.25812184e+00
  -4.52421258e-01
   7.39289329e-02
   5.06300122e-01
  -1.59545279e+00
  -4.18653153e-01
  -2.17467531e+00
   5.92734912e-01
   6.76746347e-01
   2.31845693e+00
  -5.09264975e-01
   1.17958418e-01
  -1.58891536e+00
   1.81377300e+00
  -2.64109896e+00
  -8.90983534e-01
   6.79612712e-01
   1.22949548e+00
  -9.27508530e-01
   5.34364034e-01
  -6.65321244e-02
  -1.90350949e-01
   1.33508107e+00
  -4.05642155e-01
   1.19369277e+00
  -1.50797135e+00
   4.47181198e-01
   1.04917292e-01
  -2.06397338e+00
  -2.07047100e-01
   1.02946920e+00
   1.81990866e-01
  -7.97901472e-01
  -5.06771208e-01
   1.11618036e+00
   4.23219796e-01
  -1.16006759e+00
   1.20367441e+00
   1.03694396e+00
   6.85945158e-01
   6.06046682e-01
   2.14649332e+00
  -5.38298625e-01
   1.09010896e+00
  -5.94883849e-01
  -6.01009666e-01
   6.87230700e-01
  -1.96242185e-01
  -2.93623225e-03
  -8.74004411e-01
  -2.75701077e+00
  -3.84925687e-01
  -1.30608209e-01
  -1.65255965e+00
   1.52802542e+00
  -3.94958255e-01
   1.05582054e+00
  -1.87088138e-01
  -1.07495589e+00
  -1.20046006e-01
   8.02687323e-01
  -1.17266095e+00
  -5.87322294e-02
  -3.51482085e-01
   7.88273176e-01
   2.67343344e-01
   1.89693082e-01
  -8.27832838e-01
  -1.32382999e+00
  -4.25695765e-01
  -3.19872930e-01
  -1.12985875e-02
  -1.67823067e+00
  -2.34762208e+00
   4.97963996e-02
  -8.17709283e-01
  -2.00260654e+00
   7.76796047e-01
   7.76411622e-01
  -1.52971057e+00
  -2.59222138e-01
  -4.37603542e-01
  -1.43048933e+00
  -2.06487327e-01
  -1.59230369e+00
  -6.18879827e-01
  -2.22731650e+00
  -7.36627813e-01
   4.17188665e-01
  -8.28337773e-01
   1.03260000e+00
  -6.65231430e-01
   3.85258378e-01
   1.56686630e+00
  -5.56632966e-01
   3.36346055e-01
   8.91422364e-01
  -8.12648142e-01
   7.98476556e-01
   3.73710753e-01
   1.95753753e+00
   5.44428081e-01
   7.31644266e-01
   1.90229223e+00
   4.77920444e-01
   1.71656672e+00
   7.05135879e-01
   1.23219028e+00
  -1.27820439e+00
  -4.71171164e-01
  -1.64368044e+00
   1.29075046e+00
   6.60694995e-01
   5.75151361e-01
   1.02838025e+00
  -3.33230787e-01
  -3.17548992e-01
   3.40787757e-01
  -4.12753301e-01
   1.98364970e+00
  -4.31842841e-01
   1.42128833e+00
   8.56019315e-01
   5.64500396e-01
   8.33390573e-01
   1.32537908e-01
  -3.97052341e-01
  -1.68799896e+00
  -1.35895513e+00
  -9.15449957e-01
  -5.53191446e-01
   1.22542272e-01
  -8.62238563e-01
   6.30834917e-01
  -8.12538150e-01
   1.31948130e+00
   6.88168597e-02
   8.78477881e-01
  -1.94960824e+00
   1.79289963e-01
   1.36714647e-01
   2.78134265e-01
  -1.43736999e-01
  -3.75656298e-01
  -1.87568321e+00
   7.62868021e-02
  -1.53065375e+00
   1.11585853e-02
  -1.20085170e-02
  -1.42073909e+00
   1.37103136e-01
   5.14529427e-01
  -7.27201997e-01
   1.06081741e+00
   2.97887324e-01
   2.74445608e-01
  -2.31381394e-01
  -5.83599423e-01
   6.39501882e-01
   9.15596833e-01
  -1.15842932e+00
  -3.56879729e-02
  -1.35184078e-01
  -6.92496082e-01
  -6.08796499e-01
   1.09852674e-01
  -8.72806579e-01
  -8.64483149e-01
  -2.11691535e-01
  -6.25179378e-01
   1.08648582e+00
  -6.52310881e-01
   5.19695227e-01
  -1.07769244e+00
  -3.09032908e-01
  -1.59962421e-01
  -1.04364761e+00
   5.53535069e-01
   8.73911379e-01
  -4.03639427e-01
   2.08662119e+00
  -1.28583049e+00
  -1.56572892e+00
   9.02685995e-01
  -2.02767407e+00
   5.26752082e-01
   3.91520810e-02
   7.58055589e-01
   9.11624246e-01
   5.94002828e-01
  -6.41532897e-01
  -8.29794580e-01
  -3.77117109e-01
  -1.27025644e+00
   1.48662617e+00
  -9.01667256e-02
   1.68220418e+00
   4.23124034e-01
  -3.94410245e-01
  -5.71124636e-01
   5.76108882e-01
  -3.55447952e-01
  -1.01980897e+00
   1.47340106e+00
   5.93222676e-01
  -4.77437867e-01
  -1.06275568e+00
  -3.99692796e-01
   6.95755632e-01
  -1.61248516e+00
  -1.42004104e-01
   1.07405469e+00
  -1.01487265e+00
  -7.13651508e-01
  -1.05571040e+00
   2.76611386e+00
   6.10475725e-01
  -1.02326037e+00
   1.82838717e-01
   2.29803716e+00
   2.18453474e-01
   4.34172581e-01
  -5.86721764e-01
   2.82719709e+00
  -6.53302585e-02
   1.03374924e+00
   2.13204804e-01
   6.78502701e-01
   1.00847472e+00
  -6.77179705e-01
  -1.82371111e-01
   7.10289768e-01
   4.84020304e-01
  -9.10169779e-01
   5.09025112e-01
  -5.47338403e-02
   8.01469684e-01
  -1.52898936e-01
  -9.32827875e-01
   1.24538045e+00
  -8.20839431e-01
   1.33632799e+00
  -6.23262168e-02
   5.38987153e-01
  -4.08128453e-01
  -9.18776776e-02
  -1.86951838e-01
   1.72638302e-01
   1.18962373e+00
   9.64231194e-01
   5.43929020e-02
   2.97586747e-01
   1.53548713e+00
   1.48165426e+00
  -3.61127693e-01
   2.49129461e-01
  -1.26066177e+00
  -1.40217160e+00
   1.66757995e+00
  -1.38815761e+00
  -2.28780629e+00
  -5.35204453e-02
   1.75025702e+00
   2.48439096e-01
   2.44013128e-01
  -7.16739498e-01
  -1.09326211e+00
   1.04567646e+00
   1.37344437e+00
  -1.38628129e+00
  -2.79619040e-01
  -7.13623336e-01
  -9.49474322e-01
  -2.20581070e+00
  -3.04378849e-01
   1.11055317e+00
  -1.09542762e+00
  -1.20195785e+00
   8.92012349e-01
   8.49823080e-01
  -2.59358945e+00
   2.26963695e-01
  -3.44641466e-01
  -1.68173822e-01
  -1.20028152e+00
  -1.98117332e+00
  -7.40208694e-01
   7.86216737e-02
   4.59163927e-01
  -1.31706215e+00
   1.25030321e+00
  -1.32566836e+00
   1.32545604e-01
  -1.53188570e+00
   3.45971638e-01
   6.74764094e-01
   2.27000626e+00
  -1.59709672e+00
   1.15715500e+00
  -1.94983973e+00
  -1.31367952e+00
  -7.34189684e-01
   1.24259185e-02
   1.01279684e+00
   1.40663998e-01
   5.63335429e-01
   3.39308263e-01
  -1.95735180e+00
   1.92742106e+00
  -4.44944558e-01
   2.92024509e-01
  -8.75971425e-01
  -4.79913582e-01
  -7.08328730e-01
   1.24031126e-01
  -5.33139383e-01
   7.32377640e-02
  -4.50921712e-01
  -1.59568492e+00
   7.27481884e-01
   1.02033433e+00
   6.32198341e-01
  -7.04505451e-01
   8.53422970e-01
   1.89603896e-01
  -8.53663429e-01
  -5.34193562e-01
   1.84962754e+00
  -2.09602224e+00
  -8.77778942e-01
  -2.18433812e+00
   1.68008554e+00
  -4.50023073e-01
   5.39034817e-01
   1.87919348e+00
   8.02628314e-01
   5.30237620e-01
   8.43027608e-02
  -1.10321159e-02
  -2.02302960e+00
   2.58833380e-01
   1.37759201e-01
  -1.28449545e+00
   5.67499084e-01
   3.13165137e-01
  -2.56377326e+00
   1.01069370e+00
   6.15731137e-01
   1.84471419e-01
  -9.32257517e-01
   4.29242016e-01
  -1.88927514e+00
   5.66142761e-01
  -3.83468363e-01
  -1.04661513e+00
   2.08335578e+00
  -1.20027524e+00
   8.36115267e-02
  -8.68614658e-01
   1.16496489e+00
  -8.33451440e-01
   1.30578837e+00
  -2.95234083e+00
   1.73952923e+00
   1.76343483e-01
   1.30228039e-01
  -1.06944996e+00
  -2.11741468e+00
   2.16815946e-01
   1.00803369e-01
   2.71246626e-01
   2.28291453e+00
   4.07949877e-01
  -5.93073858e-01
   6.59175935e-01
  -6.23027862e-01
  -4.29520687e-02
   4.44374499e-01
   2.38413042e+00
   1.38737509e+00
   1.95599608e-01
   1.48789570e+00
   8.08909309e-01
   1.35222706e+00
   1.18329243e+00
  -6.92207126e-01
  -6.29727380e-01
  -7.27725381e-01
  -6.65097431e-02
   1.01268729e-01
  -1.20798696e+00
  -3.77293573e-01
  -8.16331782e-01
  -2.94633484e-01
   8.84309734e-01
  -6.99416144e-01
  -3.05977122e+00
  -8.72610634e-01
   3.32183108e-01
  -5.95476299e-01
   1.96651830e-01
  -7.94599721e-01
   3.30445424e-01
   1.78659325e+00
  -1.21295625e+00
   1.58170760e+00
   1.68436747e-03
   1.07943993e+00
  -3.01603827e-02
   6.89071928e-01
   6.25685986e-01
  -6.73682513e-01
   5.23500408e-01
   1.33132139e+00
  -1.55242313e+00
   2.24080011e+00
  -8.13511333e-01
   8.12531629e-02
   9.46499263e-01
  -2.11517285e+00
   1.46702645e+00
  -7.07766911e-02
   1.19008020e+00
  -2.13793955e+00
   1.99781292e-01
   7.93871367e-02
   4.05236571e-01
   1.30106772e+00
   3.62026421e-01
   8.02605900e-01
   3.22262115e-01
   2.55313546e+00
   6.11673377e-01
   6.20489682e-01
   6.29291558e-01
   2.46780734e-01
  -1.44211957e+00
  -1.64630488e-01
   9.09069546e-01
  -4.97566964e-01
  -1.87129997e+00
   1.03124024e+00
  -5.57484169e-01
  -9.43450473e-01
   4.24467179e-01
  -8.94216149e-02
  -2.23391254e+00
  -7.80767056e-01
  -6.61736291e-01
  -1.59421379e+00
  -1.92074111e-01
  -5.57621176e-01
   7.21163274e-01
   1.05151058e+00
  -1.16413326e+00
  -7.89454381e-01
  -1.05258923e-02
  -4.26748803e-01
   2.07055163e-01
  -8.19485405e-01
   1.44336157e+00
  -9.33472731e-01
   4.65236269e-01
   1.90637936e+00
   3.02655743e-01
  -3.26461287e-01
   1.47772659e+00
  -1.28747182e+00
   9.93432712e-01
   2.61664048e-01
   1.53462431e+00
   9.80707525e-02
   3.87592445e-01
   1.15767145e+00
   1.59883579e+00
  -2.85193314e-01
  -1.13438265e+00
   1.14070427e-01
   3.83598473e-01
   4.94304858e-01
   7.79323687e-01
  -5.29203651e-02
   1.26871481e+00
   2.68112455e-01
   1.85984494e+00
   3.30010308e-01
   3.21780702e-01
   3.62666972e-01
  -8.54386442e-01
  -1.32362672e+00
  -2.46860848e-01
   3.58702565e-01
   1.18435202e+00
  -9.50958337e-01
   9.16878515e-01
   2.19016302e-01
   4.41943554e-01
  -1.57635831e+00
  -1.41144355e-01
   1.02677653e+00
   2.26141840e-01
  -1.61514681e+00
  -9.88490614e-01
  -8.52090025e-02
  -8.95359021e-01
   1.03528991e-01
   5.84793035e-01
   7.29990647e-01
  -1.99167392e+00
  -2.33112335e+00
  -1.06388756e+00
  -9.16164413e-01
  -7.45860641e-01
  -2.22664429e+00
   2.12905498e+00
   7.72007236e-01
  -4.86287369e-01
  -8.72854138e-01
  -2.30676018e+00
  -2.02755001e-01
   5.04759703e-01
  -5.52729216e-01
  -6.24187577e-01
   5.11972769e-02
  -3.41647851e-01
  -1.34503105e+00
  -6.87289017e-01
  -2.12471327e-01
  -1.44561803e+00
  -1.92257063e+00
   2.34242497e-01
  -1.28173123e+00
   9.23946164e-02
  -1.80779819e+00
   1.26371447e+00
  -5.59418843e-01
  -1.42740392e+00
   1.01578367e+00
  -1.07817013e-01
  -5.02946818e-01
  -4.01039931e-01
   1.82916812e+00
   1.07098147e+00
  -5.58484690e-01
  -7.27013903e-01
   6.19086841e-03
   1.23779048e+00
  -5.29304191e-02
  -4.56333030e-01
   1.55235896e+00
   1.46255270e+00
   2.96019892e-01
   7.64153925e-01
  -1.33299517e-01
  -1.06107994e+00
  -1.17841937e+00
  -7.61407939e-01
   8.60680800e-01
  -5.33616878e-02
   4.53640908e-01
  -6.00442557e-02
   2.08180691e+00
  -1.06834819e+00
   1.79487800e+00
  -5.32381782e-01
   6.02924567e-01
   8.79883381e-01
  -1.53407799e+00
   3.07411484e-01
  -8.53982693e-01
  -6.75630042e-01
   1.60144307e+00
  -7.03517306e-01
  -6.01924708e-01
   3.33215576e-01
  -1.33740743e+00
   1.21927588e-01
  -3.44755510e-01
  -1.58955290e+00
  -7.54849357e-02
  -1.94680517e+00
  -7.51271185e-01
  -7.64091065e-01
   6.60963760e-01
  -8.72831373e-01
  -1.51310649e+00
   8.71860222e-01
  -1.83711988e-01
  -1.33355126e-02
   9.19170326e-01
  -8.28391462e-01
   4.46744070e-01
  -5.44633744e-01
  -1.14303521e+00
  -1.72760183e-01
   1.06971275e+00
  -5.90789716e-01
   8.93604901e-01
  -6.03197646e-01
   1.72050053e-02
   6.41795580e-01
   4.32346834e-01
  -7.69738763e-01
  -1.06977986e+00
   6.06434986e-01
   3.30444802e-01
  -7.39752191e-01
  -9.84747201e-01
  -1.26583813e+00
   5.16163765e-01
  -6.05072603e-01
   6.65161388e-01
  -3.56305807e-01
   2.00910661e+00
  -1.95454862e+00
  -1.20807612e+00
   1.63850581e-02
  -3.31083888e-01
   2.91533598e-01
  -3.24605907e-01
   1.24688255e+00
  -9.17940865e-01
   4.29362482e-01
  -6.22737897e-01
   1.28035711e+00
  -4.76232354e-02
   2.61502370e-01
   9.13935026e-01
   4.65325496e-01
  -8.23933226e-01
   1.63948509e+00
  -5.25154823e-01
   2.84621888e-02
   1.12409751e-02
   8.68142705e-02
  -8.57093641e-01
  -7.34574703e-01
  -1.27011599e+00
   5.29858540e-01
   1.72573793e-02
   1.21391175e+00
  -8.95349748e-01
  -2.35273736e-02
  -9.14059036e-01
   8.15790128e-01
   1.29645704e+00
   6.32037810e-01
  -8.19069531e-01
  -6.60862076e-01
   1.19966843e+00
  -1.76669286e+00
   5.87775165e-01
   1.69805358e+00
   8.50464022e-01
  -6.43241459e-01
   8.05220450e-03
   7.97923505e-01
  -5.48999248e-02
  -8.42488101e-01
   2.30543448e+00
  -4.00697342e-01
   4.55940616e-01
  -1.04488839e+00
   1.35631501e+00
   2.55360924e-01
  -4.54955553e-01
   3.74799907e-01
   2.18073621e+00
  -3.60762573e-01
   1.21698274e+00
   3.67974550e-01
  -8.22856054e-01
  -8.35667849e-01
   1.06706712e-01
   7.09530524e-01
  -1.48834481e-01
  -1.48825712e+00
  -1.45471689e-03
  -3.50215320e-01
  -1.43918672e+00
  -9.79526266e-01
  -5.78993747e-01
  -3.03942362e-01
   3.01963312e-01
  -3.10971403e-01
   1.00261651e+00
  -1.29838693e+00
   1.33665912e+00
   2.21344689e-02
  -2.24337159e-01
   1.95194562e-01
  -9.75586963e-01
  -2.10169635e+00
  -1.80801651e-01
  -4.37617919e-01
   1.06170633e+00
   1.42695834e-01
  -1.21082246e-01
   1.65919076e-01
  -6.05855427e-01
  -1.53522619e+00
  -1.28381352e+00
   1.22504159e+00
   9.25503354e-01
  -4.16394716e-01
  -9.45485695e-01
  -3.64970951e-01
   9.06182317e-02
   2.90762306e-01
   1.13703371e-01
  -7.37367236e-02
   1.74645486e-01
  -7.98948206e-01
  -9.42605157e-01
  -4.22573035e-01
  -2.65547817e-01
   2.43963584e-01
  -4.80010611e-01
  -6.18815406e-02
  -9.18724801e-01
   9.85938016e-01
  -5.95666899e-01
  -1.31702004e-02
  -9.91805020e-01
  -6.25098376e-01
   2.62219376e-01
  -7.37106179e-01
   9.53608925e-02
   8.01822249e-01
  -3.43870157e-01
  -1.54383773e-01
   6.14890698e-01
  -7.12037161e-01
  -1.98401190e+00
   1.10958408e+00
   4.22616481e-01
  -1.20980251e+00
   7.09974071e-03
   7.89592695e-01
  -6.89073005e-01
  -1.35277353e+00
   4.26118713e-01
   6.00463358e-01
  -3.62956737e-01
   7.42195026e-01
   6.28928009e-01
   3.28965379e-01
  -1.82085242e+00
   5.95261937e-01
  -1.57323718e+00
  -6.36276638e-01
   2.67506035e-01
  -1.92555050e+00
   4.78207543e-02
   3.96406618e-01
   8.02110187e-01
  -7.62383527e-01
   7.96743340e-01
  -7.88294478e-01
  -8.38028202e-01
   1.26602707e+00
   1.46080838e+00
   6.09169396e-01
  -2.50149774e-01
  -9.69711528e-01
  -1.40873742e+00
   4.95427501e-01
   1.43627288e+00
   4.93062356e-01
   1.03264611e-01
   6.27110844e-01
   8.32210338e-02
  -1.65704485e+00
  -2.32780600e-01
   2.29765565e+00
   7.96565616e-01
  -8.38893356e-01
   5.76552540e-01
  -6.34368870e-02
   2.08716646e+00
   1.05500481e+00
  -3.00381846e-01
  -1.87865861e+00
   2.44831169e-01
  -6.36448806e-01
  -1.11676791e+00
   9.06150178e-01
   1.21191929e+00
  -1.05548706e+00
  -6.85803522e-01
  -1.12865725e-01
   5.18282164e-01
  -1.20409882e+00
   1.07242775e+00
  -2.04838942e-01
   2.35974769e-01
  -3.36950063e-01
  -1.18526095e+00
   2.09498752e+00
   6.91264212e-01
   8.70577392e-02
  -1.21668105e+00
   9.40834772e-01
   3.95272388e-01
  -7.42029173e-01
  -1.29668271e+00
   6.52998526e-01
  -1.13485490e-01
  -6.06017297e-01
  -1.13045134e-01
  -7.85359800e-01
  -9.50991909e-01
  -6.98305069e-01
   1.12188938e+00
   1.71006166e+00
   8.21208554e-01
  -5.71122601e-01
   9.63872670e-01
   4.02141010e-01
   6.46366408e-02
  -8.80835125e-01
  -1.60090288e+00
   2.52466953e-01
  -2.27769579e-01
   6.64393529e-02
   9.38713858e-01
  -7.71117611e-01
  -1.50609153e+00
   5.36283858e-01
   1.75593498e-01
   8.46539832e-01
  -1.39159294e+00
  -3.37213926e-01
   9.47421496e-01
  -1.30767251e-01
   9.58902380e-01
   1.25617031e+00
   6.49633171e-01
   1.31132510e+00
   7.38287631e-01
   1.49814555e+00
  -1.41440324e+00
  -1.17920158e+00
  -3.73185107e-01
   3.91216552e-01
   1.40242488e+00
  -4.63812517e-01
   5.70360812e-01
   2.83183099e-01
   4.37720169e-01
  -6.68777122e-01
  -8.05590608e-01
   3.29025115e-01
  -9.52532864e-01
   6.65494358e-01
   1.74724005e-01
  -2.30516091e+00
   5.55253661e-01
  -8.32833595e-01
  -7.68881761e-01
  -1.51823033e-01
  -3.09035982e-01
   2.78073230e-01
  -1.56262920e+00
   2.30639005e-01
   2.44138769e-01
   2.43526270e+00
   9.94555827e-01
   1.79919745e+00
  -2.39265149e+00
  -3.42414799e+00
  -1.21579265e+00
  -2.09339999e+00
   2.95804106e-01
  -4.06639795e-03
   1.20339956e+00
  -1.33698757e+00
   2.45096530e+00
  -1.25622871e+00
  -5.56680168e-01
  -1.36768672e+00
   3.83735909e-01
  -1.12585510e+00
   2.09927264e+00
  -6.63833638e-02
  -6.42023853e-01
  -8.11664410e-01
  -1.20483196e+00
   1.77873572e-01
