 -8.23824585e-04
 -9.12830727e-01
 -5.65502604e-01
 -1.43821049e+00
  1.40707461e-01
 -1.20594702e+00
 -1.82951440e+00
 -4.50416871e-02
 -2.02470404e+00
 -1.94118474e-01
  1.08697893e+00
 -6.78363091e-01
 -1.07995160e+00
  3.54866947e-01
 -2.56749600e+00
 -1.96679521e-01
  6.96171822e-01
 -1.02788710e+00
  1.01017872e+00
 -9.95228319e-01
  5.41415069e-01
 -1.19505547e+00
 -1.45531785e-02
  1.66655494e+00
  6.18973342e-01
 -6.47586614e-01
 -2.35315503e-01
  9.31507491e-02
  2.16284991e+00
  9.68139495e-03
 -5.30624638e-01
 -6.25339201e-01
 -3.54253340e-01
 -1.86262349e+00
 -4.75363626e-01
 -1.87970119e+00
 -1.19519634e+00
  1.58812332e-01
 -1.14694702e+00
  1.77303229e+00
 -9.97342289e-01
 -2.77073659e-01
  5.15191551e-01
 -1.07361615e+00
  1.83167761e-01
 -4.53016016e-01
 -5.29701988e-01
  5.37264165e-01
  2.36954477e-01
  3.19594849e-01
 -5.83289408e-01
 -2.08134675e+00
 -3.92989818e-01
  1.43877611e-01
  5.45793113e-02
  4.75088749e-01
 -1.11649838e+00
 -1.18939841e+00
  7.43950326e-01
 -1.18589491e+00
  5.13723189e-01
 -1.76851141e+00
  8.77633687e-01
  7.89353888e-01
  1.53173236e-01
  4.93986726e-01
 -2.78115982e-01
  2.95618778e+00
 -1.21234771e+00
 -1.03944381e+00
  4.81707310e-01
  8.18020957e-01
 -2.84300712e-01
  7.15503270e-01
 -5.32970899e-01
 -2.19796867e-01
 -7.23857783e-01
 -5.44079619e-01
  8.54926006e-01
 -2.92152441e-01
  8.36133359e-01
  2.18790741e-01
  9.86572546e-02
  3.96924856e-01
 -6.62246402e-01
 -1.89559563e+00
 -7.81072543e-01
  1.15273886e+00
  2.15510602e+00
  1.61825066e+00
  5.87267678e-01
  1.92418818e+00
  6.23458609e-01
 -1.56157723e+00
 -1.63480021e+00
  7.80276463e-01
 -1.27495656e+00
 -3.14747213e-01
  8.43684107e-01
  7.80583628e-01
 -1.78183666e-01
 -2.39865104e-01
 -1.09878632e+00
 -1.57688160e-01
 -3.78031325e-01
 -2.08373143e+00
 -4.57895068e-01
  5.76349054e-01
  1.09784047e+00
 -2.27364310e-01
 -6.70929947e-01
  4.22503483e-01
  3.74852593e-01
  2.05597275e+00
 -2.39273091e-01
 -1.95229494e+00
  9.36486579e-03
  7.64564472e-01
 -2.01552712e-01
 -3.97920548e-01
  7.40549355e-01
 -1.24302047e+00
  2.25750893e+00
  1.71627931e-02
 -8.24987597e-01
  7.78723743e-01
  8.69817294e-01
 -1.01953349e+00
  1.21703747e+00
 -2.19427010e+00
  1.84157359e-01
  7.25720489e-01
 -2.32289994e+00
  7.88276024e-01
  2.87620724e-01
  2.25896383e+00
 -6.18800432e-01
  2.10527396e-01
  2.02426002e+00
 -5.46990460e-01
  1.61296371e+00
  9.77219840e-02
  5.97060743e-01
  1.28256378e+00
 -1.41043640e+00
 -1.56452410e+00
  3.66446670e-01
 -1.97625738e+00
  1.25931635e+00
 -5.13880995e-01
 -7.70212153e-02
 -7.71891832e-02
 -7.85072736e-01
 -3.00128042e-02
 -1.88308035e+00
 -4.14400926e-01
  9.10791743e-01
 -1.31187431e+00
 -1.43002349e+00
 -8.87522247e-01
 -7.25776023e-01
 -1.04223030e+00
  7.26491629e-01
 -1.61040721e+00
  5.42247423e-01
  4.60068521e-01
 -9.53262894e-01
 -9.33456755e-02
 -2.33013584e-02
 -1.45233254e-01
  4.37861034e-02
 -6.44176530e-01
  1.19328505e+00
 -6.99962423e-01
 -1.44302690e+00
  7.47973584e-01
  7.69848828e-01
  1.60995577e+00
 -4.79639536e-01
 -6.12714701e-01
 -5.01680892e-01
  1.89513600e+00
 -1.13556991e+00
 -9.61884804e-01
 -1.94670631e-01
 -9.61934144e-01
  5.07247946e-01
 -5.15523747e-01
 -5.46844967e-01
  1.42575904e-01
  1.45094622e+00
 -1.42245718e-01
  6.95892810e-02
  6.64252511e-01
 -1.47261892e+00
 -1.53048951e+00
 -1.77552450e+00
 -6.97074189e-01
  2.62644722e-01
  2.16031369e-01
 -8.73408276e-01
 -1.60196356e+00
 -1.80644549e+00
 -9.96675511e-01
 -1.77601581e+00
  1.88876108e-01
 -2.35595121e-01
  1.29091234e-01
  1.04469759e+00
  4.98443635e-01
  6.03925782e-01
 -4.45840245e-01
  3.04985587e-01
 -2.10773703e+00
  1.23758252e+00
  2.35713977e-02
  7.95318792e-01
  7.66412765e-01
 -4.68805450e-01
 -1.35197404e+00
 -9.44130029e-01
 -7.38168769e-01
 -6.71568810e-01
 -8.23192447e-01
 -1.65501288e+00
  9.27075149e-01
  7.84496169e-01
 -1.80211974e+00
  1.05908790e+00
 -1.55098074e+00
  2.17410668e+00
 -5.14795530e-02
  4.92355372e-01
 -1.83979048e+00
 -2.44700608e-01
 -2.60589864e-02
 -1.55392149e+00
  1.69177486e-01
  5.05502064e-01
 -1.26980184e+00
 -1.32452584e+00
 -2.54076990e-01
 -7.72118251e-01
 -7.89181338e-01
 -2.20284015e+00
 -2.69268862e-01
  1.26943427e+00
  5.63465435e-02
 -8.39668786e-01
  8.46451060e-01
  1.61524062e-02
 -2.44152068e-01
  8.69983639e-01
  5.08936215e-01
  3.78487038e-01
 -2.14680066e+00
 -1.34349061e-01
  4.33489513e-01
 -6.40936852e-01
  1.95089062e+00
  5.45495331e-01
  5.45228648e-01
  1.93942308e+00
  2.15893761e-01
  1.48846479e+00
  1.98547077e+00
  1.11181677e-01
  7.51578348e-01
  7.07490022e-01
 -6.23659323e-01
  7.90592732e-01
  5.68362214e-01
 -7.22765401e-01
 -1.11058777e+00
 -1.49753505e-01
 -2.09883199e+00
  5.53552278e-01
  7.72118271e-02
 -1.28900523e+00
  1.57938576e-01
  1.14220744e+00
 -5.12262054e-01
 -1.66011831e-01
 -1.47445157e+00
  1.43382824e+00
  6.61355586e-02
  2.56203467e-01
  1.36506732e+00
  3.05944912e-01
 -7.08529342e-01
 -1.59304182e+00
 -6.39795532e-01
 -1.07727375e+00
  2.56932517e-01
  2.61414187e-01
 -1.73798017e+00
  4.27773650e-02
 -2.09693725e+00
 -1.23016326e+00
 -9.96499576e-01
 -1.13140509e+00
 -4.62977808e-01
 -6.39205870e-01
  3.02335748e-01
  5.62730749e-01
 -1.02117741e+00
  1.17217707e+00
  1.59322980e-01
  6.86963559e-02
  1.11559029e-01
  1.11736240e+00
 -5.64090253e-01
 -8.91618633e-01
 -1.49514133e+00
  1.42336143e+00
 -1.88490881e-02
 -1.24948275e+00
 -5.75430191e-01
 -8.97950368e-01
  7.43969562e-01
  1.68828026e+00
 -1.68698860e+00
 -4.65393797e-02
  2.40944182e+00
  5.14413904e-01
  9.23036306e-01
  1.89404849e+00
 -7.07839950e-01
  1.61731420e+00
  8.35165644e-01
  9.85930539e-01
 -4.93595907e-01
  1.98454567e-01
 -1.29589012e+00
  1.07363439e-01
  1.08839875e+00
 -8.88850840e-01
 -4.17509663e-01
 -9.00609597e-01
  6.74253007e-01
 -8.27535169e-01
  3.10675874e-01
  3.16386938e-01
  6.72759428e-01
  1.18267939e-01
  4.90426564e-01
  1.88944546e+00
  7.88168890e-01
 -9.37101942e-01
  1.74573418e-01
 -8.71025643e-01
  7.82875093e-01
 -2.46572853e+00
  1.23241016e+00
 -7.30362485e-01
 -3.70022579e-01
  4.35329057e-01
 -9.49943627e-01
  1.03444552e+00
 -1.63320590e+00
 -1.38112871e+00
  2.53060882e-01
  3.57113777e-02
  1.28267943e+00
 -1.01560233e+00
 -7.49103341e-01
 -2.25776423e-01
  1.35984778e+00
  4.64242506e-01
 -1.49680710e+00
  1.02236311e+00
  6.29917841e-01
  2.68246827e-01
  1.53855046e+00
 -1.67451909e-01
 -2.26684616e-01
  1.51919179e+00
  2.79162385e-02
  1.67500558e+00
  1.89205992e+00
  1.13322374e+00
  1.06121901e+00
  5.54211166e-01
  8.88582437e-01
 -7.57878655e-02
 -5.25117188e-01
  1.37222228e-01
  4.35607839e-01
 -1.51416686e+00
 -6.76420367e-02
 -1.23979415e+00
 -8.82376409e-01
  1.53899932e+00
 -1.66937193e+00
 -8.19993376e-01
  7.23353270e-01
  5.77281196e-01
  1.88870314e+00
 -7.02097999e-01
  9.01105437e-01
  4.02500787e-01
  8.12077247e-01
  4.23242990e-01
  8.66787595e-01
  1.40692759e+00
  2.96336712e-01
  1.00904884e+00
  1.59443254e-01
  1.47613843e+00
 -8.47499865e-02
 -9.98785188e-01
  1.11773421e+00
 -3.02996458e-01
  6.34427154e-01
 -6.23380174e-01
  1.93768267e+00
  1.27950455e+00
  3.69646353e-01
 -6.39247819e-02
 -6.74577020e-01
 -5.90250886e-01
  4.92621227e-01
 -2.82760771e-02
 -6.44196219e-01
  6.60687255e-01
  9.26572448e-02
  1.78859270e+00
  4.27971209e-01
  9.61981899e-01
 -9.53435249e-01
 -7.34400953e-01
 -6.56433119e-01
  3.39606223e-01
  9.47225643e-01
 -2.12393206e-01
 -1.19732138e+00
 -7.60660199e-01
 -5.30858894e-01
  1.87601765e+00
  6.91709620e-01
 -8.44237890e-01
 -7.97360800e-01
  6.81454505e-01
 -3.46223756e-01
  1.45463391e-01
 -1.03148326e+00
 -5.46625598e-01
  1.35828821e+00
  1.35633328e+00
 -1.25400457e+00
 -1.63459235e+00
  7.76056959e-02
  1.90152236e-01
  2.17256482e+00
 -1.89970212e-02
 -5.63333768e-01
 -6.08399466e-01
  5.01229423e-03
 -8.96650208e-01
  2.98984018e-01
 -8.40854833e-01
  5.82257295e-01
  5.37029777e-01
 -4.58393656e-01
 -1.59305838e+00
  8.05343743e-01
  4.12948331e-01
 -1.03826366e+00
  2.23314853e-01
 -2.76447816e-02
  4.41230242e-01
  7.83162708e-01
  8.27925174e-01
 -1.83294815e-02
  5.23794219e-01
 -6.17373531e-01
 -1.68665185e+00
  6.54249172e-01
 -1.10066456e+00
 -3.57048526e-01
  9.64602939e-01
  4.79569746e-01
  6.58093096e-01
 -1.08094607e-01
  4.52382674e-01
 -4.62155075e-01
 -9.10741601e-01
  6.31890071e-01
 -7.27178420e-02
  1.97683814e-01
 -1.93238935e+00
 -4.29689263e-01
 -1.96305374e+00
  3.74197160e-01
 -1.47953171e+00
  1.86988597e+00
  1.20663399e+00
 -8.60737778e-01
  1.07954604e+00
 -9.18756758e-03
 -3.22269531e-01
 -8.32007737e-01
  1.76175005e-01
 -1.22585745e+00
 -6.33821214e-01
  1.29889814e+00
 -4.49330390e-01
  1.56447091e+00
 -6.00618429e-01
 -1.07996504e+00
  1.66611840e+00
  1.56509694e+00
  2.09764740e-01
  1.05395321e+00
 -6.95279843e-01
 -3.87793727e-01
  5.94961342e-01
 -8.14342198e-01
  1.35035295e+00
  1.24432880e+00
 -6.12165702e-01
 -4.05621760e-01
  1.33434372e+00
  6.75890151e-01
 -7.62502298e-01
 -1.62965741e+00
 -2.52686585e-02
  2.10363028e-01
 -4.69082968e-01
 -9.22993363e-01
  7.98834386e-01
  1.53787958e+00
  1.70457780e+00
  2.95951362e-01
 -5.29717097e-01
 -1.44544462e-01
  3.50562398e-01
  1.34132144e+00
 -2.24677925e+00
  5.89507082e-01
  8.65366543e-01
 -1.63014099e+00
 -6.29555998e-01
  1.54134183e+00
 -6.45145069e-01
  1.00201119e+00
 -2.10681472e-01
 -4.47759005e-01
  1.02784069e+00
 -1.27069428e+00
  3.09708851e-01
 -3.12487217e-01
 -1.34278685e+00
  5.29372888e-01
  5.24366869e-02
 -6.02314212e-01
  2.80618188e+00
  7.34248748e-01
 -1.27395321e-01
 -1.13926307e+00
  1.39084519e+00
  1.67661037e-01
  1.16488452e+00
 -7.67669077e-03
 -9.97431898e-02
  1.81639766e+00
  3.54409452e-01
 -1.39550429e+00
  7.02488892e-01
 -5.79799724e-02
 -1.49304006e-01
  2.32121764e+00
 -7.93677023e-01
  9.76534316e-01
 -8.43558738e-01
  2.57935841e-01
  2.99921469e-01
  4.27222184e-01
  3.97801946e-01
 -2.18545682e-01
  9.48853884e-01
 -5.09109150e-01
 -5.91073563e-01
  2.03283115e+00
 -2.02508742e+00
  1.62152091e-01
  4.86789989e-02
 -1.29003329e+00
  2.18707840e-01
 -8.54281370e-01
  2.18247701e-01
  3.55819399e-01
 -1.46795177e+00
  8.24489139e-01
  5.54476450e-01
 -5.66744645e-01
 -2.22960347e+00
  4.92761400e-01
  1.17136324e+00
  1.43978751e+00
 -7.81067700e-01
 -8.14798058e-01
 -1.35374756e-01
  2.08242945e+00
 -5.97014434e-02
 -8.01325964e-01
  1.01059077e+00
 -2.19441814e+00
  2.93279280e-01
 -2.75794430e-01
 -9.43721856e-01
 -1.26668706e+00
 -2.85989591e-01
  2.15779128e+00
  2.04698839e-01
 -6.39675730e-02
 -2.11420528e-01
 -3.00274452e-01
  7.50802480e-01
  1.30572106e+00
 -9.06666743e-01
 -1.27638860e+00
 -5.62290526e-02
  1.51516848e-01
 -3.90409501e-01
  2.38504345e-01
 -1.46855783e+00
 -1.22714924e+00
  1.08756155e+00
 -2.40208424e-01
  5.31137717e-01
  5.92789487e-01
  4.49795723e-01
 -3.97037989e-01
  7.96633485e-01
  2.24610602e+00
  5.88765805e-01
 -9.16504610e-02
  1.80579958e-01
 -1.30846283e-01
  1.09040734e+00
  1.07748294e+00
  1.91209921e+00
  8.04511512e-01
  5.00592114e-01
 -8.12558053e-01
 -9.11849464e-01
 -1.16579220e-01
 -1.02786506e+00
  3.79682149e-01
 -2.27606585e-01
  5.67742166e-02
  1.07328644e+00
 -8.87530701e-02
 -1.77520389e-01
 -1.61223571e+00
 -1.17620413e+00
  1.06234387e+00
 -1.15497091e+00
 -2.94679990e+00
 -2.80134971e-01
 -3.50404940e-01
 -4.32145067e-02
 -1.46687239e+00
  3.43984210e-01
 -1.79519164e-02
  1.02808416e+00
  1.11381161e+00
 -8.02568575e-01
  1.32994554e+00
  7.80553062e-01
  7.28802527e-02
  4.41219714e-01
 -2.98485185e-01
 -4.17353716e-01
  1.18665787e+00
  2.77577292e+00
 -4.28436529e-01
  1.24428399e+00
 -5.54968244e-01
  3.39730649e-01
  4.23370934e-02
  4.68369435e-01
 -2.35657994e-01
 -7.45222036e-01
 -3.18780859e-01
  5.46161409e-01
 -5.49343731e-01
  2.27894203e-01
  1.57262620e+00
  1.03101560e-01
 -1.51431557e-01
  1.52630314e-01
  1.79771510e+00
 -4.50888730e-01
 -2.33428965e-01
 -3.53092900e-01
  1.43346299e+00
  4.50702849e-01
 -1.95538041e-01
  7.12699128e-01
  6.14790235e-01
 -1.10368119e+00
 -7.17307752e-01
  5.49442594e-01
  3.08995448e-01
  2.28141827e-01
 -7.83391785e-01
 -7.54313413e-01
 -3.12755379e-01
  1.11614940e+00
  2.28677344e-01
 -1.02243415e-01
  5.49063612e-01
  1.05319273e+00
 -5.28200595e-01
  4.83807052e-01
 -4.88713354e-01
 -1.08568998e+00
  6.82929900e-03
  6.37795651e-01
 -7.66380600e-01
 -8.96508848e-01
  1.33542830e+00
  3.08903404e-01
 -1.47102509e+00
 -1.56492367e+00
  1.30342030e+00
 -6.72579155e-01
 -4.61658915e-01
 -2.85092721e-02
 -2.67751896e-01
  2.35486082e-01
 -6.52258452e-01
  7.22825248e-01
  2.38127887e-02
  8.21937442e-01
  7.34631848e-01
 -2.97866164e-01
  1.35812944e+00
  4.39903827e-01
  1.26154753e+00
  1.71833757e-01
 -1.94895117e-01
 -2.72625135e-01
 -1.39612999e+00
 -3.45451276e-01
 -2.55927016e+00
  2.07421021e-01
  5.87697471e-01
 -1.12308882e-01
  3.97773366e-01
 -5.43767432e-01
  1.06419872e+00
  3.00160156e-01
 -1.04411740e+00
  2.38360825e-01
  2.66945833e+00
  7.90976990e-02
  2.01401669e-01
 -1.31690677e-01
  1.34129413e+00
 -6.58781604e-01
 -1.47404347e+00
 -3.04797345e-01
  3.88575155e-01
 -8.43476545e-01
 -3.84051498e-01
  4.28152067e-01
  7.40016121e-01
 -2.76813583e-01
  4.65593946e-01
  7.98013328e-01
  4.65137406e-01
  3.23542902e+00
 -1.52833575e+00
  7.47024474e-01
 -2.16849710e-01
 -9.63796002e-02
 -1.18449032e-01
  7.38584007e-01
  1.86377214e+00
  7.78654486e-02
  1.57969211e+00
  4.52599038e-01
 -8.02877442e-01
 -1.34541338e+00
  7.90077657e-01
  4.64871225e-01
  4.69969069e-02
 -2.92903772e-01
  7.92657365e-01
  5.23892266e-01
 -1.33772066e+00
 -4.22743458e-02
 -1.79245096e+00
 -5.84363617e-02
 -2.00635902e+00
 -9.93139906e-01
  1.39026849e+00
 -1.56617258e-01
  2.82501916e-02
 -3.40478259e-01
 -5.34931437e-02
 -1.30455104e+00
  8.73188468e-01
 -7.75665853e-01
  5.16453991e-01
  7.21481343e-01
  3.41613499e-01
 -4.25132778e-01
 -4.87392854e-02
  7.52519145e-01
 -8.08997456e-01
 -1.58680149e+00
  2.86356498e-01
  1.01136343e+00
 -7.55399329e-02
 -1.67844075e+00
  9.46341942e-01
  4.49122828e-01
 -5.80224317e-03
 -2.20302228e+00
 -1.72880268e-01
  7.71836897e-01
  1.67013223e+00
  8.51930654e-01
  1.66429814e+00
  1.08664957e-01
  1.97171287e+00
 -1.12925467e+00
 -9.81802369e-01
  3.71269652e-01
 -3.95960657e-01
 -8.19303775e-01
 -1.17543745e+00
 -2.09942981e-01
  5.03709091e-02
 -2.79140059e+00
  7.84081070e-02
 -6.55201162e-01
  5.24166947e-01
  5.69509573e-01
 -8.83471118e-01
  3.66464880e-01
  1.21585264e+00
 -1.36221142e-02
 -7.30125918e-01
 -2.46428627e-01
  1.76557124e+00
 -1.11382459e+00
 -7.31868503e-01
  1.12870359e+00
 -9.45792545e-01
 -1.48244506e+00
 -5.80330376e-02
  2.08053703e-01
 -6.88697489e-01
 -5.11725193e-01
 -6.61235006e-01
  1.20772441e+00
 -4.27670991e-02
  1.17038757e+00
 -9.86045154e-01
 -6.80676384e-01
 -1.23512330e+00
  5.49261296e-01
  7.41549717e-01
 -9.66617965e-01
 -4.33818994e-01
  1.34596547e-01
 -1.33902623e+00
  1.03313249e+00
  3.48175483e+00
 -1.56543014e+00
 -1.69868125e-01
  1.18351634e+00
 -3.71358696e-01
  5.98943222e-01
 -4.43718396e-01
  2.22122219e-01
 -1.38408744e+00
 -9.79125567e-01
 -8.19898585e-01
 -2.89411003e-01
 -4.36508517e-01
 -4.44078469e-01
 -5.80812125e-01
 -9.95614619e-01
  6.50499657e-02
 -8.36377674e-01
 -6.33596852e-01
  1.65887593e+00
  5.99224464e-01
  6.31273109e-01
 -1.92953923e+00
  1.02893338e+00
  1.20568250e+00
 -7.38061822e-01
 -1.58761373e-01
 -4.42351004e-01
  8.56783159e-02
  2.63525624e+00
 -1.32758673e+00
  1.38626712e+00
 -4.13044056e-01
  1.32815666e+00
  3.22044667e-01
  3.88282055e-01
  1.47303281e+00
 -1.04388063e+00
 -4.71058548e-02
 -1.29036311e+00
 -9.16509792e-01
 -1.19342412e+00
  7.74548755e-01
  1.82587538e+00
  1.06102208e+00
 -1.25114394e+00
 -2.78325320e-01
  1.00339496e+00
  4.36800753e-01
  8.18879207e-01
 -3.18919000e-01
  2.16922958e+00
  2.16876409e-01
  3.72350692e-01
  6.08916888e-01
  8.64997100e-01
  3.25877690e-01
 -3.28125519e-01
 -8.84548904e-01
 -1.23504598e+00
  1.25768300e+00
  1.21373804e+00
 -3.02382025e+00
  1.12474704e+00
  8.71258460e-01
  2.15001805e-01
  6.84772082e-01
  3.41610877e-01
  4.63960734e-01
  4.58567389e-01
  1.04202475e+00
 -3.18367313e-01
  6.92937754e-01
  7.73655752e-02
  4.59608123e-01
  1.91873194e-01
 -6.53079154e-02
  1.55965092e+00
  1.38788441e+00
  8.49850230e-01
  8.45928750e-02
  1.57545920e+00
  1.09599715e+00
  1.44068656e-01
  5.51313892e-01
  3.15471169e-01
  2.18088612e+00
  3.04656715e-01
 -2.01239471e-01
 -3.98129408e-02
 -1.85678070e+00
 -8.95801897e-01
 -2.46297785e-01
  2.33035651e-01
 -1.62629310e-01
 -9.81096653e-01
 -3.04147028e-01
  6.05522346e-01
  1.60392777e+00
  2.17069370e+00
  6.36796834e-01
 -1.74972259e+00
  3.59640261e-01
 -1.61089496e+00
  7.19484147e-01
 -7.52292109e-02
 -3.45626011e-02
 -1.14132573e+00
 -2.45443981e-01
  1.31490478e+00
 -2.49719734e-01
 -1.29022455e+00
 -1.56334617e+00
 -5.48554642e-01
  7.68477154e-01
  1.17530881e+00
  1.18084565e-01
  4.95089897e-01
 -2.37127213e+00
  4.17109851e-01
  6.15897209e-01
 -1.38639784e+00
 -8.44217697e-02
  8.79795299e-01
  9.38019050e-01
 -2.51294250e-01
  5.46156516e-01
  7.82711773e-01
  5.67731697e-03
 -1.79499046e+00
  1.29797384e-01
  1.40488802e-01
  1.45885267e+00
  1.01991841e-02
 -9.49249941e-01
  1.10770739e+00
 -1.17334931e+00
 -5.20669981e-01
 -1.04864516e+00
  4.58871116e-01
  1.67131299e-01
  4.46319249e-01
 -3.79045026e-02
  1.35530223e+00
  4.47049834e-01
  2.24706891e+00
  3.04949378e-01
  7.88055728e-01
 -1.20752203e+00
  4.37327518e-01
 -1.12875269e+00
 -1.43829075e+00
  9.40700642e-01
 -6.18870340e-03
 -4.19441145e-02
 -8.93248035e-01
  1.77773223e+00
  6.04614680e-01
 -9.86348663e-01
 -1.05988654e+00
 -1.05337644e+00
 -6.57531579e-02
 -1.10508947e+00
 -6.16219435e-01
  2.24740202e+00
  1.91486795e+00
 -1.41469725e+00
  5.14831247e-01
 -8.01903020e-01
  2.00893353e+00
 -1.08504985e-01
  3.32965076e-01
  2.35511653e-01
 -2.15030523e-01
 -7.31105908e-01
 -7.45806676e-01
 -2.20287446e+00
 -1.35749240e+00
 -3.33529513e-01
 -1.13307345e+00
  1.95402687e-01
  4.00156663e-01
 -7.05246411e-01
 -4.53953322e-01
  1.50288449e+00
  1.18047867e+00
  7.13595071e-01
  5.43063689e-01
  6.45060290e-02
  1.54666260e+00
  7.67765760e-01
  1.92299415e-01
  2.12856019e+00
 -8.99615474e-02
 -1.11104436e-01
  6.40234455e-01
  5.40936847e-01
 -5.72625063e-01
 -2.51505588e+00
  1.93609994e-01
  4.08695673e-01
 -4.99342755e-03
  1.59170579e-02
 -1.33754675e+00
  9.48890899e-01
  2.90158014e-01
  3.03906657e-01
  1.71259673e-01
  3.21558026e-01
  1.53910955e+00
 -4.26690511e-01
  1.89302278e-01
  2.81183653e-01
  7.86604466e-01
  6.79902403e-01
  1.34037838e-01
 -5.68509313e-01
 -8.32212109e-01
 -5.40422117e-02
 -3.65072775e-01
  4.57954696e-01
 -9.10897288e-02
  1.41840896e-01
 -1.45307248e+00
 -8.22567187e-01
 -6.29351776e-01
  1.36602076e+00
  1.21199644e+00
 -5.20212183e-01
  8.83408678e-01
 -4.35750361e-01
 -1.11656411e-01
 -3.32834720e-01
  4.59056800e-01
 -1.05419476e+00
  2.65344226e-01
 -5.50510502e-01
  1.87035191e-01
  1.17664772e+00
  8.00790022e-01
 -3.01842556e-01
 -1.73593676e+00
 -1.57935274e-01
  2.44933854e-01
  1.34837542e+00
 -7.76581698e-01
 -4.46717837e-01
  1.28827898e+00
 -4.62729912e-01
 -3.46368133e-01
  3.27052093e-02
 -5.87029916e-01
 -1.83601675e-01
 -4.02336607e-01
  2.50402067e-01
  8.44389482e-01
  1.52292165e+00
 -3.01963999e-01
 -6.83078888e-01
  1.20542042e-03
  1.95030971e+00
 -7.50728264e-02
  2.31009651e+00
  5.42050448e-01
  1.44750387e+00
  1.56006679e+00
  4.18305101e-01
  7.96211341e-01
 -4.20228043e-01
  6.89772067e-01
  6.95161726e-01
  3.21290627e+00
  4.52875101e-01
 -1.40374456e+00
  4.60537723e-01
  1.34376169e+00
  1.03604892e-01
 -2.53478419e-01
 -7.26119411e-01
 -1.15432450e+00
 -1.26999310e+00
  1.00587456e+00
  1.05024854e+00
  6.50500734e-01
 -1.40992463e+00
  1.56361475e+00
  1.23331097e+00
 -4.83561556e-01
 -6.23540186e-01
  5.26643508e-01
  3.51416264e-01
  3.02947673e-01
 -3.91909090e-01
 -5.23079859e-02
  1.36587906e-01
 -1.73362488e+00
  7.48497971e-01
  7.81717582e-01
 -7.32212002e-01
  4.12838804e-01
  1.65534598e-01
 -1.17506128e-02
  2.68980073e+00
 -9.07756933e-01
 -1.42443188e+00
  3.62662722e-01
  2.93713977e+00
 -4.82506588e-01
 -1.33318257e+00
  1.66680806e-01
 -1.40481801e-01
 -2.44372350e+00
 -8.43451125e-01
  6.07900438e-01
 -4.17121916e-02
 -1.37050708e+00
 -7.87090921e-01
 -2.10224189e+00
 -9.72242443e-01
 -4.77047478e-01
  1.67838900e-01
 -1.34354593e+00
  4.23209406e-02
 -1.16098423e-01
  7.09838126e-01
 -3.31458624e-01
  9.86380803e-01
  1.32489416e+00
 -7.39940655e-01
 -6.74993768e-01
 -4.20871417e-01
 -1.29636080e+00
  6.04842295e-01
  5.20104754e-01
 -4.59541440e-02
 -7.32790723e-01
  5.69358739e-01
 -5.91693665e-01
  9.68364460e-02
  1.48955181e+00
  1.36526645e-01
 -8.49698192e-01
  5.12969809e-01
 -1.15872584e+00
  7.04222921e-01
 -8.67879288e-01
  8.67182225e-01
  1.09058715e+00
  8.06957746e-02
 -2.48756708e-01
  2.84111690e-01
  1.65231686e+00
  8.74038979e-01
 -1.66269522e+00
 -4.12350530e-01
  4.34573176e-01
  1.12395756e+00
  4.21692832e-01
 -1.52524445e+00
 -2.39342716e-01
  8.84304068e-01
  6.93737347e-01
 -1.39291276e+00
 -1.74590846e+00
 -4.96434235e-01
  6.22201110e-01
  9.43324178e-02
  1.90220065e+00
  2.44153333e-01
 -6.12554174e-01
  1.79723249e+00
 -1.27245918e+00
 -1.09201155e+00
 -5.66864457e-01
  2.38328155e-01
 -9.24266868e-01
  1.14564382e+00
  2.82977974e-01
  3.40166336e-01
  1.17257591e-01
  1.88981393e+00
  1.42441036e+00
  5.38536719e-01
 -1.62341098e+00
  4.57011208e-01
  1.11137717e+00
  1.93585994e-01
  2.54372707e-01
 -2.99878765e-01
  1.16793227e+00
 -4.40575494e-01
  1.28372890e+00
 -3.39030997e-01
  7.21355306e-02
 -6.33679368e-01
  1.37279908e+00
  7.50368054e-01
 -2.31102651e+00
  9.45143146e-01
 -4.68506811e-01
  1.25922227e+00
  8.64554495e-01
  4.05225778e-01
  3.70252540e-01
  5.95084670e-01
  1.15188920e+00
 -1.06082272e+00
  1.19986902e+00
 -4.16671541e-01
 -2.45624920e-01
  4.63070263e-01
  8.58522471e-01
 -1.69403304e+00
  6.71464309e-01
  9.00679837e-01
 -2.63269257e+00
  4.07050924e-01
 -8.59966819e-01
 -1.74815978e-01
 -6.59906555e-01
  1.16630526e-01
 -5.21457562e-01
  1.94742648e+00
  3.51794303e-02
 -2.55428783e-01
 -7.40894699e-01
  6.28364255e-01
 -1.08871338e-01
 -1.28821738e+00
 -1.18546980e+00
 -4.11210145e-02
 -1.64737691e-01
  3.81042412e-01
 -1.40431591e+00
  1.05782333e+00
  7.95797163e-01
 -9.97168776e-02
 -1.17314080e+00
  7.16904520e-01
 -1.39151749e+00
  2.58699499e+00
 -1.76926935e-01
  4.03550310e-01
  9.17742392e-01
 -1.35531004e-01
 -1.24435183e+00
 -1.53861552e+00
  1.11594699e+00
 -1.65267236e+00
 -3.30045386e-01
 -9.56957253e-01
  1.19426113e+00
  5.46239165e-01
  1.24370288e+00
  1.51441318e+00
 -1.53746895e+00
  7.89074104e-01
  9.26733545e-01
 -2.99603329e-01
 -4.08273220e-01
 -6.17834172e-01
  9.65167373e-01
  2.11171764e-01
 -1.93895393e+00
 -5.85622392e-01
 -1.87477093e+00
  1.39863551e+00
 -1.47383569e+00
  2.11393598e-01
  7.20074659e-01
  1.59175822e-01
 -1.33820307e+00
  4.03707635e-01
 -3.90414579e-01
 -6.78233671e-01
 -3.94237697e-01
  1.61501985e+00
  1.09965195e+00
 -8.00309322e-01
  7.13569422e-01
 -6.79863977e-01
 -1.16925949e+00
 -1.04026952e+00
  6.12002164e-01
 -4.50692548e-01
 -3.29143842e-01
 -1.22461892e+00
 -3.83347565e-01
  3.07815324e-01
 -6.77024032e-01
 -4.95906472e-01
  5.16267207e-01
  1.80011986e+00
  7.10474596e-01
  7.05563658e-01
 -2.19396364e+00
  2.53680585e-01
 -2.18967050e+00
  3.99145631e-01
 -1.94354105e-01
  5.89453235e-01
  9.51745583e-01
  3.81515274e-01
 -7.68434814e-02
  2.66685033e-01
 -1.42509170e+00
  5.88591083e-01
 -3.31963128e-01
 -2.01925831e-01
 -1.52633286e+00
 -2.52520815e+00
  4.84282269e-01
 -1.06896990e+00
 -2.39702493e-01
 -3.05138185e-01
  1.46899006e+00
 -3.04483413e-01
  7.82690169e-01
  6.02082181e-01
 -8.28284196e-02
 -2.55152195e+00
 -2.62319688e+00
  6.57694958e-01
 -6.94201911e-01
 -1.27960026e+00
 -1.06298569e+00
  7.00289865e-01
 -1.22497282e-01
  2.38879202e-01
 -1.06741290e+00
 -1.03041738e+00
 -1.49140861e+00
 -3.54870917e-01
  1.57593397e+00
 -8.94907340e-01
  5.89286636e-03
 -5.36133456e-01
 -1.43136541e+00
  3.16625456e-01
  4.90854984e-01
 -1.29448147e+00
  7.22963731e-01
  6.08217221e-01
  6.44565524e-01
 -4.71082187e-01
 -3.73999915e-01
 -1.90699785e+00
 -1.91910121e+00
  9.14121433e-01
 -7.73032929e-01
 -8.77156589e-01
  5.73206187e-01
 -1.53762962e+00
 -2.02682753e+00
 -3.88641432e-01
 -8.31666471e-01
 -4.00865315e-01
  7.60102731e-01
 -1.94024440e+00
 -9.02805438e-01
 -8.78856285e-01
 -1.31509617e+00
 -4.28467742e-02
 -6.61695886e-01
  3.85793104e-01
  4.73176000e-01
  4.17846094e-01
  6.25508242e-01
  4.45701961e-02
  1.38436323e+00
 -6.58737723e-01
 -1.19086277e+00
 -6.09857257e-01
 -2.05296343e-02
  7.24529678e-02
  6.69849337e-02
 -1.87476442e+00
 -1.20936721e+00
  6.36565836e-01
  3.72955294e-01
 -9.60876659e-02
 -4.03155355e-01
  1.22594545e+00
  8.04708278e-01
 -1.92527435e-02
 -7.86112731e-02
  1.35284967e+00
 -1.83571664e+00
  1.14134713e-01
 -6.70775460e-01
  7.30903930e-01
 -3.18874025e-01
  6.08147753e-01
  1.57264199e+00
  4.78070442e-01
 -1.16913285e+00
 -3.17188713e-01
  6.22032615e-01
  4.52241355e-01
 -5.09651305e-01
  1.52569308e+00
 -1.06421344e+00
  3.32598340e-01
  1.24373893e+00
  3.63927124e-01
  6.33609464e-01
 -1.77407426e-01
 -1.40307616e+00
  9.19697089e-01
 -6.76375542e-01
 -9.26670572e-01
 -8.95568674e-01
  5.79143473e-01
  1.11608327e+00
 -1.44809136e-01
 -9.61291594e-01
 -1.91246114e-01
  1.15992809e+00
 -1.66810495e+00
  2.59245451e+00
  5.45406968e-01
  2.24579208e-02
 -1.07957867e+00
  9.51435483e-01
 -2.91366486e-01
  1.36978285e-01
  9.25295833e-01
  7.48563445e-01
 -3.32243128e-01
 -3.44194960e-01
 -1.53747813e+00
  1.37690643e+00
  1.81782360e+00
 -9.76854068e-01
 -2.06011952e-01
 -6.79869264e-01
  5.10405544e-01
  8.08877708e-01
  1.92412695e+00
  6.24165718e-01
 -6.63181967e-01
  1.89359335e+00
  8.33334820e-01
 -6.62555271e-01
  5.51807183e-02
 -1.41171843e-01
 -1.93255276e-01
  6.96464978e-01
 -6.00438421e-01
  2.73861124e-01
 -8.01157880e-01
 -1.92282532e-01
  9.60453660e-01
  1.38351242e+00
 -4.44261338e-01
  5.65778353e-01
 -8.98084424e-01
  2.21703902e-01
 -5.42858674e-01
 -5.13485011e-01
  5.23530779e-01
 -1.42010414e-01
  3.94786032e-01
 -8.75516905e-01
 -9.73655676e-01
  1.60064478e-01
  1.37897096e+00
  4.71554936e-01
 -6.73437174e-01
  1.81768368e+00
 -1.38724349e+00
  3.04799672e+00
 -2.41225546e-01
 -2.14031219e+00
  7.22945923e-02
 -8.74946581e-01
 -1.70203689e+00
 -3.58237161e-01
  7.06594373e-01
 -7.75871792e-01
 -1.15090906e+00
  1.26705514e+00
  6.42209313e-01
 -1.31059924e+00
 -1.43082195e+00
  8.73879478e-01
 -6.89362561e-01
 -6.31167140e-01
 -2.26364354e-01
 -6.79673837e-01
 -1.36278166e+00
 -4.99979852e-01
 -1.76151828e+00
 -1.13352701e+00
  5.18664080e-01
  7.54359395e-01
 -5.49500817e-01
  1.54760414e+00
  1.61613447e-02
 -9.38247958e-01
 -2.65084363e+00
 -9.50939644e-01
 -7.92120175e-01
 -1.76139566e+00
 -9.19667750e-01
 -8.65314914e-02
 -1.18852584e+00
 -6.79904188e-01
 -6.81746324e-01
 -1.10293436e+00
  9.56830508e-01
  1.14324828e+00
 -7.69442367e-01
 -7.13570579e-01
 -2.34192316e+00
  1.02438514e+00
  1.29771472e+00
  4.67402553e-01
  2.35599497e-01
 -1.08832279e+00
  1.01591493e+00
 -7.05443180e-01
 -4.26839812e-01
  1.19564259e+00
 -1.13752906e+00
  2.06451367e-02
  7.77214755e-02
 -5.21383164e-01
 -2.18131338e+00
  3.81293698e-01
 -9.47809375e-01
  8.51705998e-01
 -1.48147387e-01
 -4.91548728e-01
  9.06410473e-01
  9.30511605e-01
 -1.03010689e+00
  3.94519425e-01
  1.67461832e+00
 -5.32233436e-01
  4.21758426e-01
 -9.57752213e-03
  4.43006268e-01
  9.49537531e-01
 -1.34351324e+00
  1.01763525e+00
  5.55788978e-01
  1.39272165e+00
 -6.87926874e-02
  4.95478829e-03
 -3.36119188e-01
 -7.35089365e-01
 -4.14302396e-01
 -7.64940851e-01
 -1.07723367e+00
  1.09629659e+00
 -4.08618814e-01
  1.15993168e+00
 -1.71167420e-01
  3.16614386e-01
 -6.36436657e-01
  1.29395668e+00
  7.36784372e-01
  4.24708326e-01
  5.73196477e-02
 -6.51336415e-01
 -8.68825891e-01
  1.05301887e+00
  1.90887054e-01
 -2.15362182e-01
 -7.87963874e-03
  5.49842482e-02
  1.25300555e+00
  3.65791591e-01
  1.96757499e-01
  1.40116785e+00
  6.13607947e-01
 -9.90630897e-02
  1.13911975e-01
 -1.31047621e+00
 -1.43089235e-01
  7.32777581e-02
  5.14530551e-01
  2.54912916e+00
  3.64053698e-01
 -4.89527631e-02
  8.37162351e-01
 -2.05800460e+00
  4.67764782e-01
 -1.56940258e+00
  2.18207588e+00
  7.41159006e-01
  9.74035947e-01
 -5.67741018e-01
 -6.18048397e-01
  4.07903094e-01
 -9.77861908e-01
  1.73643445e+00
 -2.46813746e-01
 -7.71442303e-01
 -5.11289300e-01
  1.27261300e-02
  2.67514331e-01
 -1.78520044e+00
 -1.72692038e+00
  5.46826423e-02
 -1.96656566e-01
  7.13492859e-01
 -1.58402465e+00
 -1.28954430e+00
 -8.35173539e-01
 -7.03614373e-01
 -2.11696709e+00
 -1.40816926e+00
  1.43113486e+00
  7.94003525e-01
  1.44131175e+00
 -4.41140215e-01
  5.82782851e-02
  1.75804176e+00
  4.15715927e-01
  1.27589080e+00
 -5.61420573e-01
  4.33462152e-01
  7.21017077e-01
  4.47432851e-01
 -6.56067128e-01
  2.90083293e-01
  1.16026584e+00
  5.80978483e-01
  1.01307339e+00
 -4.95962056e-01
  3.55354192e-01
  3.69316553e-01
  1.07276118e+00
  4.06431970e-01
 -1.77913449e+00
 -1.09649151e+00
  5.09504139e-01
 -1.23962420e+00
  9.14946976e-01
  2.12144874e+00
  1.05136582e+00
 -1.31723110e+00
 -2.18310227e+00
 -2.21402768e-01
  5.42038308e-02
  4.08308342e-01
 -6.26730838e-01
  9.39064045e-01
  5.83581601e-01
 -9.50888399e-01
 -1.39785596e-01
 -9.69256215e-01
 -1.52505969e+00
  2.82608080e-01
  4.87377599e-01
  8.89965602e-01
 -5.56745949e-01
 -1.23279861e+00
 -1.50816582e-01
 -9.65432526e-01
  2.03171488e-02
 -8.00994756e-01
 -2.70324572e-02
 -1.39256099e+00
 -8.52395806e-01
 -2.31773256e-01
 -8.78358229e-01
  3.84372328e-01
  9.31922571e-01
 -6.58684027e-01
  4.12746990e-01
 -1.04732387e+00
 -4.21904626e-01
 -7.85116619e-01
  6.13027320e-01
 -8.72930602e-01
  2.37295183e-01
  5.79751368e-01
 -1.18972806e+00
 -1.37661624e+00
  7.27435618e-01
  3.55722467e-01
  3.81524508e-02
 -1.29433587e+00
 -4.27491675e-01
 -1.11748433e+00
  1.95962782e-01
  2.14084180e+00
 -1.19747958e+00
  3.94538465e-01
 -1.00604446e+00
 -1.87363048e-01
  1.64171016e+00
 -1.20531812e-01
  1.03665773e+00
 -9.28443071e-01
 -3.30033328e-01
  2.39262845e+00
 -8.34260585e-01
  2.01707728e-01
  2.32372284e+00
 -4.56023413e-01
 -8.71952825e-02
 -4.31442167e-01
 -1.00461425e+00
  6.80946023e-01
  8.71023259e-01
 -1.10136030e+00
 -1.15653550e+00
  9.06574791e-01
 -6.35744222e-01
 -1.28508385e+00
  8.24495095e-01
 -4.37352550e-01
 -8.18610797e-01
 -6.68868034e-01
 -1.64589328e+00
  1.35960654e+00
 -7.79609479e-01
  6.50134595e-01
  3.82226638e-01
  2.96104309e-01
  1.21634399e-01
  7.32677028e-02
  1.80676703e+00
  1.61270888e+00
  6.65485415e-01
 -3.11683241e-01
 -1.68111703e+00
 -1.61366961e+00
 -1.40364400e+00
 -2.18848750e-01
 -3.99653870e-02
 -5.06967792e-01
  6.97263509e-01
 -1.45512909e-01
  1.33788361e+00
 -1.20136565e+00
 -6.42989164e-01
 -1.19890155e+00
  6.26639733e-01
 -1.16549451e+00
  2.85575077e-01
 -2.12766062e+00
  4.34025635e-01
  6.65230505e-01
  6.10874114e-01
  8.41319032e-01
 -4.83331757e-01
  2.47554288e-02
  8.32456846e-01
 -5.60322321e-01
 -2.23539122e+00
 -1.43920278e+00
  3.75965510e-01
  1.40960003e+00
  5.55003880e-01
 -2.61144926e-01
 -2.27094438e-01
 -7.24290345e-01
  1.52726006e+00
  1.13159302e+00
  9.51031254e-01
  1.61501645e-01
  8.08860379e-01
  6.50732045e-01
  2.35021855e+00
 -2.60363538e-01
  1.35291363e+00
 -1.33158715e-01
 -4.76954749e-01
 -4.96250480e-01
 -3.20816298e-01
 -5.95367827e-01
  5.40636428e-01
 -6.87018398e-01
 -5.93030143e-01
 -4.91684108e-01
  3.76560979e-01
  8.62694141e-01
 -1.96586161e+00
 -1.47625700e+00
 -9.45302374e-02
  1.23880972e+00
 -5.77218705e-01
 -4.43554912e-01
  1.08434316e+00
 -2.16024977e-01
 -1.51084980e-01
 -6.26446239e-01
  6.77861686e-01
  4.73223183e-02
  5.20380056e-01
 -7.93359908e-01
  1.65914708e+00
  1.87886404e+00
  1.70041637e+00
 -2.07242834e+00
 -9.54130992e-01
 -3.90187629e-01
  2.85238925e-03
  7.35970390e-01
 -1.49080504e+00
  2.42541631e-01
  8.50965248e-01
  1.93794283e+00
 -1.76171425e-01
 -6.62106404e-01
 -2.16464199e-01
 -4.37180318e-01
 -1.19731848e+00
  4.71100543e-01
  7.75406000e-01
 -6.44021836e-03
  7.81365242e-01
  3.37037876e-02
  1.07838500e+00
 -7.35178946e-01
  1.51295877e+00
  2.16668676e+00
 -3.68150189e-01
 -4.29740852e-02
  1.49179057e+00
  2.68655567e-01
 -1.35084436e+00
  1.59130539e-01
  8.78736833e-01
  2.76773653e-01
  1.66973664e+00
 -1.72476636e+00
 -5.39174405e-01
  1.74962390e+00
  5.74309886e-01
  2.06200612e+00
  7.25971245e-01
  4.29437338e-01
 -9.93321197e-01
 -1.00004539e+00
 -8.00501314e-01
  1.80279451e+00
 -2.03300096e+00
 -6.93968440e-01
  6.17055919e-01
  1.55741844e-01
 -1.37232693e+00
  2.25423106e+00
 -1.96884864e+00
 -7.05707799e-02
 -4.56512158e-02
  1.05923069e+00
 -6.41056523e-01
  3.69174402e-01
  1.58445182e+00
  6.72722099e-01
 -8.84986833e-01
 -3.12146902e-01
 -4.75349463e-01
  1.57732266e+00
  1.20312865e+00
  6.58132270e-01
  2.59843001e-01
  6.91449469e-01
  6.50687541e-01
 -7.33069210e-01
 -6.73852497e-01
  1.35731006e-01
 -7.71712357e-01
  8.29326542e-01
 -1.03645638e+00
 -1.51136747e+00
  7.72398536e-01
  2.24423849e-01
 -7.53177160e-01
  1.16527646e-01
  7.91021148e-01
 -2.87148275e-01
 -1.87845865e+00
  1.17325003e-01
 -1.22272068e+00
 -5.12032644e-01
 -4.58926649e-01
  2.58656004e+00
  1.41828668e+00
  1.39041531e+00
  5.16269704e-01
  1.36082020e+00
  1.87522431e-01
 -1.14473896e+00
 -9.56166062e-02
 -1.16755387e+00
  6.34081051e-01
  7.31092581e-01
  7.91167691e-01
  3.74747074e-01
 -2.58993652e-01
 -7.34912025e-01
  1.37453158e-01
  4.72087365e-01
 -5.17112282e-01
 -1.90587890e+00
 -2.49474631e-01
  2.17586528e-01
 -3.44876347e-01
 -9.87645172e-01
 -4.87019825e-01
  1.01888293e-01
 -1.17969053e-01
 -1.65318688e+00
 -1.91754121e-01
  5.78158758e-01
  6.45010643e-01
 -7.82124868e-01
  1.08971443e+00
  4.53786246e-01
  6.63944820e-04
 -6.22045109e-01
 -1.25964397e+00
  8.73686308e-01
 -1.67847847e-03
  8.47972075e-01
 -1.71086279e-01
  9.98223863e-02
 -1.37261007e-01
 -1.05429095e+00
 -1.72143242e+00
  2.45677975e-01
 -9.93346532e-01
 -5.02505872e-01
  9.57026795e-01
  1.20527420e+00
 -1.12590991e+00
 -7.33296987e-01
 -1.97038418e+00
 -1.47288001e+00
  1.81987691e+00
  1.41230388e-01
 -6.06942078e-02
  2.24614664e-01
  1.24304855e+00
  2.53167079e-01
 -6.91899913e-01
 -1.81626369e+00
 -2.63140546e+00
 -1.32451227e+00
 -9.57484964e-01
  1.61047646e+00
  1.10287293e+00
  6.24776419e-02
 -9.53010237e-01
  9.56101291e-01
  4.86903584e-01
 -1.15585909e+00
  1.71457080e+00
 -1.70675759e+00
 -2.07600941e+00
 -3.98717636e-01
  7.03035361e-01
 -1.66347923e+00
  4.84376596e-01
 -4.89935242e-01
  7.22120232e-01
 -6.63116767e-01
  1.28178127e+00
 -7.72035160e-01
  1.27302069e+00
  6.59919719e-01
 -7.30584924e-01
  4.91105783e-01
  3.82866929e-01
 -1.12689084e+00
 -3.95412468e-02
  7.06149286e-01
 -5.12094839e-01
  5.89641230e-01
  9.26159287e-01
  1.32262611e+00
  1.01078961e+00
  2.28769205e-03
  6.53232314e-01
 -1.24187525e+00
 -1.02985511e+00
 -7.02663011e-01
  3.17838087e-01
  8.13170988e-02
 -5.59855332e-01
 -3.03770768e-01
  6.68267831e-01
 -1.27081829e+00
  1.03594831e+00
  1.31499185e+00
 -2.10750429e-01
  2.89901389e-01
 -1.03673655e-01
  6.35176251e-01
  2.09596105e-01
 -2.47735185e-01
 -1.52208859e+00
  1.69689844e+00
  1.87653624e+00
 -6.23633395e-01
  7.39906083e-01
 -1.12650832e+00
 -1.44971242e+00
 -4.42270023e-02
 -8.16134691e-01
 -2.13864956e-01
 -2.98901352e-01
 -8.33226472e-01
  8.25179327e-01
  1.85965926e-01
  6.65476367e-01
 -7.38936379e-02
  1.43590568e+00
 -2.87340916e-01
  5.52582905e-01
  1.35517253e+00
 -4.30392102e-02
  2.70455149e+00
  4.83668229e-01
  8.18510234e-01
 -7.35943516e-02
  1.38344891e+00
  2.69608449e+00
 -8.76065678e-01
  5.59608836e-02
  1.44586060e+00
 -1.55786105e+00
 -9.99970170e-01
 -2.72019456e+00
 -1.07289181e+00
 -8.92741936e-01
  1.99805683e-01
  1.46587574e+00
 -2.30548658e+00
  8.98734505e-02
  1.13702545e+00
 -2.86905196e-01
 -3.93814929e-01
 -1.30540298e+00
  1.74181430e-01
 -1.58559239e+00
 -1.14465239e+00
 -3.80593585e-01
  1.43580081e+00
  2.74748003e-01
  1.15258833e-01
 -9.15993643e-01
 -1.64531411e+00
 -3.62363295e-01
  1.35674135e+00
 -7.70267092e-01
  2.12227835e+00
 -3.59794993e-02
  8.23719485e-01
 -2.40551909e+00
 -1.41622943e+00
  9.14508747e-02
 -1.12836556e+00
  1.60150875e+00
 -1.72293058e+00
 -4.88549944e-01
 -1.05294493e+00
 -1.16286587e+00
 -4.40289388e-01
 -2.35030148e-01
  5.32465251e-01
 -4.51982392e-02
 -1.13659716e-01
  5.83838754e-01
  2.17108926e-01
 -5.37504229e-03
  2.10816099e+00
 -2.11066633e-01
 -1.85941726e+00
 -1.53244609e+00
 -2.07219004e+00
 -1.31681204e+00
  8.62267810e-01
  1.18444101e+00
  5.23163418e-01
  5.07859609e-01
 -1.61836105e-01
 -1.34271212e-01
 -8.87830538e-01
 -5.97746787e-01
 -2.09218362e+00
 -1.84473184e-01
 -2.85475427e-01
  8.49565424e-01
  1.00641245e+00
  6.03511851e-01
 -5.52922720e-01
 -3.92702215e-01
  3.84814003e-01
 -1.09381585e+00
 -4.69094130e-01
  1.46384226e+00
 -5.06784803e-02
  1.68183388e-01
  1.31650683e+00
  6.86906151e-01
  1.28247188e+00
  2.29759885e-02
 -3.16982674e+00
  7.83692457e-01
 -1.42892679e+00
  5.16237475e-01
  5.93668730e-01
  2.13905447e+00
  1.11673310e+00
  1.46194056e-01
 -9.54795681e-01
 -2.49445161e+00
 -1.21328056e+00
  7.77684959e-01
 -3.63465595e-01
 -9.92577290e-01
  1.16163233e+00
  5.34045160e-01
  7.69046111e-01
  7.71860911e-01
  1.53383239e-01
 -3.38852717e-01
  9.53514982e-01
  9.79963700e-01
  1.12588457e+00
 -1.75973775e+00
  5.60913150e-01
 -4.69388102e-01
 -7.25774493e-01
 -1.47741969e+00
  8.60036607e-01
  1.10301838e+00
 -9.85279219e-02
  1.12994847e+00
 -5.61530083e-01
 -5.10848433e-01
  5.41225225e-01
 -7.99254287e-01
 -2.19439702e-01
 -6.76383330e-01
 -2.31390254e-01
 -1.18467267e+00
  4.27321217e-01
 -2.02307916e+00
  1.67695114e+00
  1.31769002e+00
  4.78477645e-01
 -1.35609458e+00
 -1.31598358e-01
 -1.34438286e+00
  1.14800798e+00
 -4.97943564e-01
  1.12324215e+00
  1.17253155e+00
  5.52526407e-03
 -2.26292722e+00
  5.04425043e-01
 -2.85938575e-01
 -9.03318256e-01
 -1.49124766e+00
 -5.25188044e-01
 -1.77113731e-01
  1.68706970e+00
  6.74659197e-01
  1.03896418e+00
 -4.74596332e-01
 -1.41267895e-01
  1.60204386e+00
  5.89796435e-01
 -1.15642537e+00
 -3.46068162e-01
 -5.67375812e-02
  4.17197085e-01
 -1.26659318e-01
 -7.13458821e-01
 -1.30410436e-01
 -2.50444270e+00
  1.38917543e+00
  3.84913356e-02
 -1.18486755e+00
 -1.44168691e+00
 -1.38798532e-02
 -1.06576308e+00
  2.04061940e+00
  7.54024406e-01
 -6.77666810e-01
 -3.72057540e-01
  5.55488573e-01
 -1.11357524e-01
 -1.00982103e-01
  1.48169758e+00
  1.21754458e+00
  6.04024260e-01
  2.61033826e+00
  5.94137310e-01
  3.78266028e-01
 -1.46613247e-01
  4.97086429e-01
  1.66376776e-01
  6.07247367e-01
  3.26623637e-01
 -5.79681822e-01
 -5.24962642e-01
  2.73079907e+00
  1.30797843e-01
 -8.40392784e-01
 -7.31795863e-01
  1.44111128e-01
  1.70038478e+00
 -1.37735135e+00
  1.97404676e+00
 -3.21213072e-02
  7.24885778e-01
  9.59127848e-01
  9.88291364e-01
  1.05703463e+00
  1.32399626e+00
  1.15212277e+00
 -6.67127796e-01
 -9.61678632e-03
 -6.17125109e-03
 -8.68689991e-02
 -6.85445845e-01
  8.40595038e-01
  1.31628085e+00
 -1.97062772e-01
 -6.36225306e-01
 -1.61771795e-02
  1.10507973e+00
  2.53726803e+00
  2.12657293e+00
  2.34567852e+00
  4.31826638e-01
  1.72739746e-01
 -7.79436537e-01
  1.59280839e+00
 -1.27703104e+00
  1.32517846e+00
  2.75564460e-01
 -1.36131961e+00
  6.61370106e-01
  1.55529321e-01
 -1.37626395e+00
  4.13607871e-01
 -2.73507085e+00
  9.42019197e-01
  1.65901844e-01
 -2.12969292e+00
 -7.82042232e-01
  8.34955358e-02
  9.18609589e-01
 -1.05149866e+00
  7.29061463e-01
  1.30390803e-01
 -6.54767507e-02
  5.46813798e-01
  1.70203198e-01
 -7.61787679e-01
  1.88496051e+00
  1.11924678e+00
  4.81249287e-01
  1.18328343e-02
  7.04187933e-01
  6.38483452e-01
  1.92583141e+00
  6.01066102e-01
 -1.53985888e+00
  7.37467230e-01
 -7.98133322e-01
 -5.83309735e-01
  4.77168560e-01
 -1.24630139e-01
  1.03766898e+00
 -1.25846376e+00
 -4.51010089e-01
  1.55433426e+00
 -5.78532697e-01
  2.33986821e-02
  1.23617070e+00
  6.11019812e-02
  2.36847383e-03
 -1.16474106e+00
  1.95491283e+00
 -7.45193234e-01
  9.33070121e-01
  2.16007530e+00
  9.52676003e-01
 -1.58743591e+00
  6.62862789e-01
  1.21254278e+00
 -2.88289021e-01
  2.74722863e-01
 -1.83728590e-01
  4.40247780e-01
 -3.12818277e-01
  1.03022760e-01
  1.53047099e+00
 -2.28034817e+00
 -9.84710408e-01
  1.70316556e-01
 -1.65295604e+00
 -9.37901129e-01
 -1.76794411e+00
 -6.76126779e-01
 -8.61434741e-01
 -5.69700803e-01
  3.25489671e-01
 -1.22122262e-01
 -9.38557794e-01
 -6.13866065e-01
  2.46139583e+00
  3.85961292e-02
  3.72397848e-01
 -2.09848591e-01
  6.71443987e-01
 -2.38901277e-01
 -1.68958885e-01
 -1.22426830e+00
  2.17361290e+00
 -1.15622275e+00
  7.26948730e-01
 -2.90323363e+00
  2.17487607e-02
 -4.37311375e-01
 -1.40187347e+00
 -1.10186085e+00
  1.63891587e+00
 -1.77989308e-01
  2.30754826e-01
 -1.12371047e+00
  4.78895204e-01
  4.16404106e-01
 -1.48286569e+00
  5.95570573e-01
 -5.42397854e-01
 -8.99512130e-01
  1.97279805e-01
 -6.56076806e-01
 -9.49643951e-01
  1.68982984e+00
 -1.13707217e+00
 -6.23528605e-01
 -5.18452312e-01
 -4.34590634e-01
 -3.79903176e-01
 -1.35880096e+00
 -2.97247369e-01
 -1.47766139e-01
  6.20780165e-01
 -7.79124369e-02
 -5.17565868e-01
  4.71007851e-01
 -1.02386854e+00
  3.09588736e-01
  2.25995159e-01
  6.49132411e-02
  7.66748858e-01
  5.30051885e-01
  9.45482213e-01
  9.20895078e-01
  2.08857678e-01
 -4.67607617e-01
 -4.18270470e-01
 -1.34924459e+00
  8.53617640e-01
  2.34466083e-01
  2.54043732e-01
 -6.88923269e-01
 -1.05499616e-01
 -9.88129449e-01
 -8.99532785e-01
 -8.51339839e-03
 -3.61566172e-01
  8.10050100e-01
  9.03503189e-02
  1.80328639e+00
 -1.05588699e+00
 -1.07185641e+00
  7.76612479e-01
  2.68829451e-01
 -1.25686433e+00
 -4.01753683e-02
 -9.33659823e-01
  1.21601049e+00
 -1.00336586e+00
 -4.82856683e-01
  8.85510315e-01
  6.47157671e-01
 -3.84191927e-01
 -5.50189326e-01
 -3.27166151e-02
 -1.25374708e+00
 -2.20666131e+00
 -1.63955017e+00
 -5.58353701e-01
 -7.64255271e-01
 -2.35816728e-01
  1.12968849e+00
  1.76184209e+00
  2.12155062e-01
  7.43161856e-01
  2.40536654e-01
 -2.76026367e+00
  6.77434510e-01
  9.48383013e-01
  3.65022144e-01
 -1.72466351e+00
  1.36096196e-01
  1.31047376e+00
 -1.27795176e+00
 -2.65117441e-01
  1.32173653e+00
 -7.66796987e-01
  1.43281731e+00
  1.23814523e+00
 -5.61000675e-01
 -3.77563631e-01
 -1.13308825e+00
  3.58150893e-01
  1.52216397e+00
 -7.01190551e-01
  3.40779333e-01
  1.40462523e-01
  1.86924091e+00
