  -2.85665078e-01
   1.28093037e+00
  -2.32104581e+00
   9.96901909e-01
   3.85936796e-01
   3.15772101e-01
   9.32232686e-01
  -7.46604746e-01
   2.56391356e-01
  -1.12559652e+00
  -7.66043061e-01
   9.64110845e-01
   6.40517692e-01
   1.47471978e+00
  -1.67767010e-01
  -2.00199310e+00
   1.97626984e-01
  -6.80513681e-01
  -8.58207004e-02
  -1.27983209e+00
  -6.66383298e-01
  -1.30942077e+00
   1.24709138e+00
   7.33431554e-01
  -9.81902584e-01
  -1.06163541e+00
   5.15938878e-01
  -3.23025543e-01
  -6.39325874e-01
  -7.51470793e-01
  -2.87599026e-01
  -3.85809040e-01
   7.44686418e-01
  -1.74554664e+00
  -1.42783956e+00
  -3.09264116e-01
   1.73283631e+00
  -5.69359745e-01
  -1.36656764e+00
   1.00420056e+00
   7.25476706e-01
   2.09688443e+00
   2.54176229e+00
  -1.77005788e+00
  -7.81532220e-01
   9.77801952e-01
   6.27067558e-01
  -5.04045186e-01
   8.71881017e-01
   5.99706245e-01
   9.29183078e-02
   1.61230393e+00
  -6.09438839e-01
   2.86887319e-01
   8.01148349e-01
  -5.90386989e-01
  -9.56226669e-01
   1.51403155e+00
  -5.12484538e-01
  -6.39190029e-01
   9.45374879e-01
   5.24621016e-01
  -1.14980160e+00
  -5.06545192e-02
   5.02367807e-02
  -6.68100697e-01
  -2.70378143e-01
   2.25902574e-01
  -8.25693062e-01
   5.55599262e-01
  -1.46266979e+00
  -3.98811598e-01
   5.55671133e-01
  -1.17734356e+00
   6.42452547e-02
  -1.39053759e+00
  -2.30986878e+00
  -5.99997844e-01
   8.38734347e-01
  -2.17455233e+00
  -9.33026424e-01
   3.59371053e-01
   1.60086265e+00
   2.11574712e+00
   1.21333999e+00
   4.53370869e-01
  -3.95218411e-01
  -1.64161484e-01
   3.17930132e-01
   1.30882416e+00
   5.54446349e-01
  -1.24260229e+00
  -3.98653676e-01
   9.53494319e-01
   2.40225876e-01
   5.01452063e-01
   8.90458645e-01
  -1.14115786e+00
  -8.18508706e-01
  -1.28923723e+00
  -7.13242308e-02
  -2.08983702e-01
  -6.09338713e-01
   2.35739299e-01
  -2.35655971e+00
  -1.63340944e+00
  -5.50628322e-01
   8.52089440e-01
   8.70303121e-02
  -1.19165012e-01
  -2.67284805e-01
  -5.00297060e-01
  -1.15249225e+00
  -1.17395586e+00
  -4.03275494e-01
   1.18851663e+00
  -1.04130234e+00
   8.81721277e-01
  -3.28448609e-02
  -2.45475135e-01
   1.29482728e+00
  -3.38314717e-01
   1.32176871e+00
   3.55283740e-03
   6.32977532e-01
   7.20301905e-01
   2.64944252e+00
   7.25822874e-01
   5.96683857e-01
   3.76518518e-01
   1.38355068e+00
   5.90792132e-01
  -2.09521976e-01
  -6.06161644e-01
   1.78664895e+00
  -1.98278239e-01
   3.69825495e-01
   8.28715862e-01
  -1.46628346e+00
   8.87568956e-01
   3.77368147e-01
  -1.56819488e+00
  -2.05777323e-01
   1.05008624e+00
  -5.76100034e-01
   6.09584749e-01
  -5.95414610e-01
  -7.01899703e-01
   1.41765221e-01
  -7.91260765e-01
  -1.14245093e+00
   7.72980097e-01
   2.32949065e-02
  -2.72851380e-01
  -1.00751184e+00
   4.11871304e-01
   7.68825019e-01
  -1.14555775e+00
   7.80951336e-01
   6.88639976e-01
  -3.36412509e-01
   1.48585409e+00
   6.09402183e-01
   9.19558169e-01
   4.24439435e-01
   4.37314562e-01
   8.07017406e-02
   4.39117378e-01
  -6.94030794e-01
  -5.64061084e-02
   4.43565509e-01
  -1.08542541e+00
  -6.46823184e-01
  -5.61118319e-01
   7.18224297e-01
  -6.15485599e-02
  -1.03306138e+00
   6.26380406e-01
  -1.01310767e+00
   9.56504176e-01
   1.18914331e+00
  -1.31389880e+00
   3.82775166e-01
  -1.76755773e-01
   6.71973507e-02
   1.26009815e+00
  -1.34010511e+00
  -2.85032596e-01
   4.97490144e-01
  -6.59340552e-01
   7.00678539e-01
  -1.05545209e+00
  -1.22025673e+00
  -3.37209518e-01
   2.30497589e+00
   1.75657456e-01
  -7.70648516e-02
  -3.52033088e-02
   3.62034486e-01
   9.86852973e-01
   3.02709353e-01
   1.81609833e+00
   8.97828323e-01
  -2.23444390e-01
   1.25996260e+00
   1.12442242e+00
   1.30830436e+00
  -6.98085385e-01
   8.69008444e-02
   4.19210449e-02
   1.53868096e+00
   8.05933762e-01
  -5.50191758e-02
  -1.62317425e+00
  -1.03213195e+00
   4.27837780e-01
   1.59901415e+00
   6.81384781e-01
   2.00306749e+00
  -3.07787743e-01
  -2.14544465e-01
   4.05400581e-02
   5.34078429e-01
  -2.13739174e-01
  -1.92749101e-01
   2.07103144e+00
  -1.08464951e+00
   1.01818772e+00
  -3.86442328e-01
   8.65413160e-01
   6.94781528e-01
   4.26833064e-01
  -3.13881067e-01
  -9.20139144e-01
  -9.85664283e-01
  -7.32458121e-01
  -5.22048365e-01
   8.87023156e-01
   5.37643663e-01
  -9.98921331e-02
   1.72163285e-01
   4.07885182e-02
   8.68533141e-03
  -7.84167350e-01
  -2.44728395e-01
   2.29134747e-01
  -3.42343109e-01
  -2.83940462e-01
   1.96269813e+00
   8.63687444e-01
   1.94439053e+00
  -2.49822608e-01
  -4.67636680e-03
   3.28771936e-02
  -3.04603056e+00
  -1.50464978e+00
  -9.94647498e-02
   9.10244847e-01
  -2.58485434e+00
   5.71187361e-01
  -3.15000876e+00
  -1.60202589e-02
  -1.81900068e-01
  -3.02589956e-01
   2.37996213e+00
   4.34434395e-01
  -1.74445462e+00
  -1.73826987e-01
  -1.23983676e+00
  -1.24405471e-01
  -2.00165726e-01
  -4.71924887e-01
  -1.07754981e+00
  -3.19628836e-01
  -5.90068187e-02
   4.43232548e-01
   1.44579028e-02
   8.06672827e-01
   1.96077816e+00
   1.38542337e+00
   1.47361125e+00
  -1.06367353e+00
   1.99234296e+00
   1.43800760e+00
   1.66237055e-01
   7.96057455e-01
  -9.53492384e-01
   2.99187147e-01
   5.36179067e-01
   1.18175703e+00
  -9.01304722e-01
  -6.99848667e-01
   4.36611132e-01
  -2.09728583e-01
   9.97372126e-01
   7.99416110e-01
   1.10246835e+00
  -1.67492633e-02
   1.84101024e-01
   1.49334266e+00
   1.92643686e-01
  -1.61629848e+00
   1.28301780e+00
   6.55163694e-01
  -1.02766977e+00
   5.25390375e-01
  -4.56449788e-01
  -5.22629060e-01
  -1.87098411e+00
  -3.78339565e-01
   1.49940669e+00
   5.09898178e-01
  -1.25529574e+00
   5.47318876e-01
   3.42406492e-01
  -4.50842957e-01
  -1.92389576e+00
  -4.47560025e-01
  -7.77118440e-01
  -8.77168649e-01
   1.18530843e+00
   7.96960334e-02
  -5.76820549e-01
   9.00366471e-01
  -2.58254560e-01
  -2.50051307e-01
  -3.10048988e-01
   7.06673547e-01
   5.20876472e-01
  -3.52702669e-01
   2.85369053e-01
  -4.60873048e-01
  -3.25024655e-01
   9.90027014e-02
  -3.62186733e-01
  -8.43369802e-01
  -2.76150336e-01
  -1.24723162e+00
   4.22694467e-02
   7.86501330e-01
  -2.67676158e-01
   1.25479467e-01
  -1.27516722e-01
   1.00323698e+00
  -1.75875398e+00
   6.66333383e-01
  -2.36221784e-01
   7.03819803e-01
   1.42477335e+00
  -3.59503371e-01
   1.23414666e-01
  -5.41384595e-01
  -2.04146700e+00
   5.72223196e-01
   9.92062146e-01
   1.51806982e+00
   9.52839076e-01
   1.91114875e+00
   1.31357730e-01
  -1.12536496e+00
  -3.68032471e-01
  -1.78117632e-01
  -1.41629697e+00
   1.01625054e+00
   3.05004190e-01
   1.24979308e+00
   1.08986573e+00
   1.53760907e+00
   3.77628399e-01
  -3.25485520e-01
  -2.53252022e+00
  -1.00135625e+00
  -3.09171656e+00
   1.09986182e+00
  -5.64058014e-01
   1.00568637e+00
   4.55612912e-02
   9.08002624e-01
   2.73270823e+00
   1.04193351e+00
   1.02634083e+00
  -5.11877442e-01
   5.05659380e-01
  -2.44856580e-01
   1.81688865e+00
  -4.39834990e-01
   3.84992904e-01
   8.08381583e-01
   5.90401626e-01
   2.56879664e-01
  -1.41771978e+00
  -5.53481724e-01
   1.93971716e+00
  -4.44388390e-03
  -1.69618000e+00
   1.57308804e-01
   8.86860017e-01
   3.14136270e-01
  -3.87874344e-01
  -1.29339787e+00
   5.97245325e-01
  -1.54772527e+00
  -2.26684824e-01
   2.00760234e-01
   1.13988067e+00
   1.26953349e+00
  -1.11564057e+00
  -6.44389958e-01
  -4.96510752e-01
   9.11066951e-02
  -1.20926930e+00
  -5.38060837e-01
   1.49384877e-01
  -4.19659534e-01
   5.39350230e-01
  -4.51626169e-01
   7.63965575e-01
   6.05284382e-01
  -1.00655563e+00
   9.73401050e-01
  -4.94185814e-01
  -9.42828211e-01
   1.38542289e-01
   2.61256754e-02
  -3.81573972e-01
  -1.19392603e+00
  -9.95495436e-01
   1.44314140e+00
   2.39682217e-01
   2.00756346e-01
   4.60234862e-01
   4.56021335e-02
   3.49392266e-01
   1.94959195e+00
   2.16597903e-01
   7.04492216e-01
  -7.32701876e-01
  -5.44552139e-01
   1.71316263e-01
   8.32686235e-03
   1.28847901e-01
  -5.19618047e-01
  -5.12482979e-01
  -1.12570263e+00
  -6.06545194e-01
   1.06262696e+00
  -1.34554763e+00
  -5.53860319e-01
   4.30143945e-01
  -9.46039748e-01
  -1.63267742e+00
   3.85491244e-01
  -4.89972951e-01
   1.68634424e-01
  -4.48345710e-01
   9.87167444e-02
   2.16663380e+00
  -9.17003571e-01
   9.95639541e-03
  -3.36332408e-01
  -5.08507811e-01
   1.60748524e-01
   1.74650383e-01
  -3.98055834e-01
  -5.45574312e-01
  -4.11946301e-01
   2.74396895e-01
  -1.02322239e+00
  -1.41491095e+00
   4.20376866e-01
  -6.43868438e-01
   3.57165748e-01
   1.01632137e+00
  -4.98145028e-02
   1.54987354e-01
  -1.86541724e-01
  -5.88779313e-01
   5.62840855e-02
  -5.39783081e-01
  -3.89246464e-01
   2.55343530e-01
  -8.73753673e-01
   9.04901028e-01
  -7.97385163e-02
   4.23769284e-01
   6.20992146e-01
  -2.94818773e-01
   2.24841995e-01
   1.09776338e+00
   9.26781386e-01
  -3.02120025e-01
  -1.14306443e+00
  -3.07653117e-01
  -2.17754792e-01
   9.03957084e-01
  -4.29541196e-01
   3.20974878e-01
   1.09449700e-01
   9.41764094e-01
  -7.41074970e-01
  -3.78708806e-01
  -5.12364638e-01
  -4.97831985e-01
   1.23854007e+00
  -1.64301781e+00
   1.56025463e+00
   1.04668966e+00
   4.39206671e-01
  -3.43284804e-01
   2.93723190e-01
   3.92012279e-01
  -2.37747921e-01
   1.53475597e+00
   1.69266875e+00
  -2.34352855e+00
  -2.86004606e+00
  -8.38375065e-01
  -2.09496833e+00
   6.00314375e-01
  -9.25545824e-01
  -1.01084943e+00
   6.13040104e-01
   2.00816461e+00
   3.15498458e-01
   2.36493309e-01
  -1.34160694e-01
   2.92017841e-01
   1.40306143e+00
  -5.46614041e-01
   4.33316628e-01
  -1.13155629e+00
   5.20350729e-01
  -1.12434551e-01
   3.68157171e-01
  -7.52092088e-01
  -1.67679558e+00
  -1.81318241e+00
   9.33864734e-01
  -3.34708856e-01
   1.44027354e-01
   1.46261622e+00
  -5.08319071e-01
  -2.28786601e-01
  -7.22465375e-01
  -3.53856937e-01
  -5.26260823e-01
   6.36020832e-01
   1.17459838e-01
  -7.62292438e-01
  -8.06942044e-01
   5.41605553e-01
  -1.22863313e-01
   1.31145002e+00
  -3.71692900e-01
   8.46282501e-01
   2.63638687e-01
   4.81693306e-01
  -4.88168059e-01
   2.68365197e-01
  -3.12949259e-01
   3.69496500e-01
   1.23157189e+00
  -1.94125903e+00
  -2.78138132e-01
  -1.08922502e-01
  -1.78222707e-01
  -9.76688548e-01
  -1.48842898e-01
  -4.02928226e-01
   2.11033842e-01
  -9.54140862e-01
   2.54651252e+00
  -8.26993593e-01
   8.66272824e-01
   1.01659211e+00
   4.67888202e-01
   1.23005799e+00
  -3.88924292e-01
  -3.15082439e-02
   5.56270982e-01
  -7.00372720e-01
   5.40464851e-01
  -8.62071216e-01
   1.71680563e-01
   8.03746364e-01
   3.26220163e-01
   4.79773839e-01
  -2.45254015e-01
   1.14834870e+00
  -4.99150383e-02
  -1.25061266e-01
  -2.55352642e-01
   2.05934227e+00
  -3.09807747e-01
   8.98871432e-01
   7.13900970e-01
  -4.71894663e-01
  -2.48086812e-01
  -1.77466462e+00
   1.21858650e+00
  -1.29933801e+00
  -2.02669560e+00
   1.29436338e+00
  -4.58466673e-01
  -2.66478865e-01
  -2.54523694e-01
  -6.70364980e-01
   1.31875398e+00
   7.37541396e-01
   4.07061973e-01
   3.28648629e-01
   6.97327610e-02
  -2.56986047e-01
   5.72139692e-02
   3.04985226e-02
   1.10653236e+00
   8.57398237e-01
   1.06905113e+00
  -2.36876218e+00
   1.10747097e+00
  -1.69097247e+00
   1.43000856e+00
   2.51519751e+00
   1.06941742e+00
  -5.08715742e-01
  -2.47786930e-01
  -2.58271046e-01
   7.90594518e-01
   7.67160550e-01
  -8.04600719e-01
  -9.51947137e-01
  -2.77360882e+00
  -6.62519568e-01
   1.39802807e+00
  -2.50224554e+00
  -1.22470005e+00
  -1.84072243e-01
   2.68662668e-01
  -7.64763203e-01
  -6.79706348e-02
   1.57036145e+00
   3.62724733e-02
   4.89887536e-02
  -3.48758619e-01
  -1.19600013e+00
   4.60032652e-01
  -1.25319694e+00
  -2.53444775e+00
  -1.32836465e+00
   1.65733536e-01
  -2.97419258e-01
   3.05215500e-01
   5.17818918e-01
  -3.75991934e-01
  -6.04875868e-01
   3.44484538e-02
   6.37306381e-01
  -9.45709182e-01
  -3.53639106e-01
   1.28602729e+00
   3.50025609e-01
  -1.70149673e+00
  -1.01219124e+00
  -1.18692718e-01
   2.11138420e-01
   1.43776550e+00
  -7.28996636e-01
   9.62959776e-01
  -1.50735463e+00
  -4.98927403e-02
   3.70491579e-01
  -3.42425642e-01
   4.71177567e-02
   7.45710969e-01
   5.75440829e-02
   3.79538892e-01
  -1.74313146e+00
  -5.11486077e-01
   1.35121407e-01
  -1.20566318e+00
  -2.88219992e-01
   3.74736723e-01
   6.38875280e-02
   1.29822815e+00
   2.52995698e-01
  -6.73191290e-01
  -9.22113596e-01
   9.46899580e-01
   2.74715140e-01
  -1.67026009e-01
   1.02440675e+00
   4.76531853e-01
  -1.37942305e+00
   3.05119428e+00
  -4.62618061e-01
  -1.92486733e+00
  -1.03813434e+00
  -7.15358719e-02
  -8.98061824e-01
  -2.99512575e-01
  -1.38191266e+00
  -6.49225000e-01
   1.67239881e+00
   8.13017190e-01
  -4.57015340e-01
   4.01983419e-01
  -4.20907960e-01
   2.29852067e-01
  -4.53617597e-01
  -7.20046622e-01
   5.33082169e-01
   2.05897718e+00
  -1.18801386e+00
  -8.18537771e-02
  -3.61107578e-02
  -6.58660634e-01
  -6.40099146e-01
  -1.53863850e-01
   1.20379806e+00
   1.75804538e-01
   1.15943674e+00
   1.27944296e+00
   1.29027376e+00
  -1.67609076e+00
  -7.13327434e-01
  -1.98378711e+00
   1.84869700e-01
  -7.42071087e-01
  -3.15749479e-01
   9.53141966e-01
  -4.79941776e-02
  -9.36791130e-01
   1.29724250e+00
  -1.42525676e+00
  -4.54519848e-01
  -1.68990871e-01
   7.81258823e-01
   1.87085971e+00
  -1.98027726e-02
   2.70497948e-01
   2.51698694e-01
  -6.97377791e-01
   5.31407483e-01
  -1.18324795e-01
  -6.18966483e-01
  -2.41575662e+00
   3.98027679e-02
   1.71618267e-01
  -1.32767267e+00
   5.61609039e-01
   6.34458756e-02
  -9.52232645e-01
   2.99222463e-01
   3.70003909e-01
  -2.50985076e-01
  -6.77983946e-02
   1.36213359e+00
   5.11284936e-01
   3.80145440e-01
   7.32643017e-02
  -1.86172589e-01
  -4.82514410e-02
   3.40132226e-01
  -4.40108290e-01
   8.69555472e-01
   3.04279528e-01
   1.05785163e+00
  -6.56149047e-01
  -1.23198750e+00
  -1.24395699e-01
   9.69583268e-01
  -3.91845337e-01
  -1.35168525e+00
  -1.79982043e+00
   9.42078634e-01
  -1.08158794e+00
   6.51278270e-01
   1.74781992e+00
  -1.10673583e-01
  -8.17328395e-01
   8.32189320e-01
  -2.02843463e+00
  -1.27137223e+00
  -8.82829229e-01
  -3.00156231e-01
  -5.70782987e-01
   4.65027724e-01
   7.53249319e-01
  -8.12533473e-01
   4.53580330e-01
   1.06199583e+00
   1.44547964e+00
  -2.81206335e+00
   6.91586295e-01
  -1.97958939e+00
  -2.22771595e+00
  -6.83994602e-01
  -7.47256711e-01
  -1.22061621e+00
   9.20667708e-02
  -1.02516783e+00
   7.31220552e-01
  -8.05092863e-01
  -1.38258323e+00
  -1.20432680e-02
  -7.97036923e-01
  -3.72075058e-01
  -3.19192425e-01
  -5.65636965e-02
   2.38603808e+00
  -1.02654772e+00
   1.30851205e-01
   1.34242447e+00
  -1.00146162e+00
   6.50892278e-01
  -6.61803934e-01
  -8.30331848e-01
  -7.22947011e-01
   8.87906278e-01
  -6.63702516e-01
  -1.23598477e-01
  -1.66835097e-01
   1.22918252e+00
  -1.10933593e+00
  -1.20980437e-01
   1.86968506e-01
  -1.77852402e-01
  -3.44893872e-02
   1.02324535e+00
   7.04930006e-01
   4.58592601e-01
   4.74458057e-02
  -1.41588481e+00
  -1.45546890e+00
  -3.97787541e-02
  -1.29470785e-01
  -2.98968492e-01
   4.80691865e-02
   2.56451025e-01
  -4.15099971e-01
   1.46419360e+00
  -9.73761698e-01
   5.42017124e-01
   6.89580384e-01
  -4.23207529e-01
   2.36368762e+00
   1.27785356e+00
   1.38587365e+00
   1.34436721e+00
   1.11072674e+00
  -1.38637564e+00
  -3.36610427e-01
   7.40676726e-01
  -5.81952753e-01
   6.15957894e-01
  -6.86347427e-02
   1.10299589e+00
   5.31246417e-01
  -8.99846886e-01
   6.34439493e-01
   1.09756189e+00
   2.63234425e-01
   7.13301062e-01
   6.14719167e-01
  -1.69644186e+00
  -8.84668963e-01
  -8.15664514e-01
   4.90262613e-01
   3.21495879e-01
   6.17972966e-01
   1.58900860e+00
   1.39291324e+00
  -6.05066669e-02
  -1.15548285e+00
  -2.51280076e-01
  -7.68815220e-01
   6.30852655e-01
   1.14289265e+00
  -8.23296956e-01
  -9.80580955e-01
   1.43395458e+00
  -8.68577216e-01
   3.03343706e-02
  -8.00711684e-01
   1.17072509e+00
  -9.17895494e-01
   1.25217836e+00
  -1.02748755e+00
   5.10728648e-01
   9.45692636e-01
   5.25064375e-01
   2.70224826e-01
  -4.88072378e-01
  -3.16676689e-01
  -2.52897490e-01
   4.09566362e-01
   1.51820791e+00
   5.83198007e-01
  -1.37720321e-01
  -4.62577880e-01
   7.13593961e-01
  -1.55907744e+00
   4.14185952e-01
  -1.13649222e+00
  -6.91876510e-01
   1.22788995e-01
   1.03145202e-01
  -1.95716660e+00
   5.29513136e-01
  -9.00480491e-01
   8.60968703e-01
   7.31784005e-02
   1.17495827e-01
   7.25957542e-01
  -5.78821444e-01
  -5.77996261e-01
  -1.73591348e+00
  -5.10334108e-01
   9.95823001e-01
   8.16984760e-01
   9.58466849e-02
  -7.90341909e-01
  -1.30239843e+00
   4.67118776e-01
   2.51871477e-01
  -8.23328790e-02
  -2.41450486e-01
   1.92893163e+00
  -2.00257300e-01
   2.00178509e-01
  -7.18903180e-01
   1.62925034e-01
  -1.08013614e+00
  -2.40318559e+00
   8.07165399e-01
  -7.51632630e-01
   1.39258858e-01
   1.61032966e+00
   2.36632368e+00
  -2.50940318e+00
  -1.48923510e+00
  -3.09049010e-01
   1.61910648e+00
  -9.69877957e-01
  -1.24817378e+00
   4.84784474e-01
  -6.21986441e-02
  -8.82071268e-01
   1.45969860e+00
   1.65767825e+00
  -3.12429710e-01
  -7.54646234e-01
  -6.41604315e-01
   2.64678314e-01
   1.37746053e+00
   1.30152612e+00
   6.87352059e-01
   8.15912536e-01
  -1.91550446e+00
   9.27346218e-01
   7.90439133e-01
  -3.09217860e-01
   5.69215125e-01
   7.74755886e-01
  -3.37701476e-01
   3.51516389e-01
   5.69557689e-01
   2.42925199e-02
  -5.38234283e-02
  -2.29605651e-01
  -1.27818576e+00
  -1.81158717e+00
   7.87029380e-01
  -8.83718959e-01
   1.39208321e+00
  -1.18709155e-01
   2.16553079e-01
  -2.81382776e-01
  -1.88152167e+00
  -4.84996493e-01
  -1.11462810e+00
   2.03990760e+00
   1.70410064e+00
  -2.22019148e-01
   9.90857289e-01
   3.88568595e-01
  -1.60600293e-01
  -4.08334823e-01
  -1.00919170e+00
  -1.61022510e+00
   1.75235360e-01
  -8.07651340e-01
  -8.08533429e-01
   1.16174596e+00
   3.76465180e-01
  -1.31205731e+00
  -1.80341328e-03
   1.55336265e+00
  -8.10067966e-01
  -4.26250203e-01
   8.81457223e-01
   1.04446832e+00
  -6.44518295e-01
  -2.38426754e+00
   2.21399152e-01
  -4.38876412e-02
   9.11296740e-02
  -4.22642582e-01
   3.00064092e-01
  -9.75386442e-01
  -7.99086235e-01
  -3.40939488e-01
  -1.08890300e-01
   5.99792168e-01
   7.23781832e-01
  -3.71564742e-01
   1.73051790e+00
  -5.44479628e-01
  -5.45229129e-01
  -9.13546199e-01
  -4.54207681e-01
  -4.60037385e-01
  -9.61968930e-01
  -6.73791564e-01
   2.23742335e-01
   1.25119606e+00
   1.24418591e+00
  -1.82999242e-01
   7.50798466e-02
  -1.39546611e-01
  -4.77378696e-02
  -6.77273207e-01
  -4.14487397e-01
   2.59840812e-01
  -9.54732760e-01
   1.56228495e-01
  -1.22813635e-01
  -2.71880593e-01
  -1.02453790e-02
   1.33338497e+00
  -1.32068077e+00
   2.13659361e-01
   9.59414655e-02
  -7.49566909e-01
   1.04832880e+00
  -1.00506749e+00
   1.11377165e+00
   2.33684524e-01
  -6.93331744e-01
   7.64668837e-01
  -3.26932117e-01
   1.00566455e-01
  -8.19681989e-01
   4.31226696e-01
   2.48195985e-01
  -4.58650723e-02
  -1.32956181e+00
   1.10041996e+00
   1.04375817e+00
  -9.91948541e-01
  -3.58568564e-01
   4.97960081e-01
   3.98052529e-01
  -6.85231747e-01
   6.36672359e-01
  -2.39529679e-01
   6.68721174e-01
   2.31962070e+00
  -3.92160636e-03
  -3.43467810e-01
  -2.19673570e-01
  -2.07044012e-01
   6.68117958e-02
   8.25175214e-01
  -1.37090772e+00
   5.34717314e-01
   4.16950629e-01
  -7.91429845e-01
  -5.90717234e-01
   1.17498447e+00
  -1.30873529e+00
   9.16818397e-03
  -1.10307143e+00
   1.41702154e+00
  -5.54990095e-02
  -1.87666873e+00
   1.86394896e+00
   2.55198674e-01
  -5.53478839e-01
  -8.24641494e-01
  -8.51544255e-01
  -7.14828657e-02
  -1.77368000e-01
   5.17829097e-01
  -1.13100549e+00
  -1.16840386e+00
  -1.79450517e+00
   4.20703380e-01
  -1.14119277e+00
  -2.98648954e-01
   3.25540145e-01
   3.91827644e-01
  -1.88885811e+00
  -5.13077577e-02
   2.30881054e+00
   9.83935251e-02
  -8.79022515e-01
  -4.63757463e-01
   1.00112885e+00
   8.46140667e-01
   1.69089678e-02
   2.64182374e-02
  -3.73357615e-01
  -1.01152078e+00
  -1.19323092e+00
   3.12893870e-01
  -3.13543054e-01
  -1.46984392e+00
  -2.35520372e+00
  -1.88799665e-02
  -3.67389108e-01
  -4.92374697e-01
  -9.18408939e-01
   2.09754789e+00
   2.05486000e-01
   4.00862763e-01
  -6.88013582e-01
   7.16934875e-01
   1.03353451e+00
   3.94582863e-01
  -8.36165552e-01
  -1.46342462e-01
   2.28488019e-01
  -1.04963934e+00
   2.40244111e-01
  -1.17137847e+00
   7.21558793e-01
   2.10979397e-02
  -8.35157854e-01
   1.46274028e+00
  -6.72981766e-02
   7.44634276e-01
   3.19971664e-01
   1.31933239e+00
   2.08976675e+00
   8.44998932e-01
  -1.73235604e+00
   3.74350856e-01
  -6.59095348e-01
  -1.09567168e+00
  -8.74291721e-01
  -7.07913558e-01
  -3.83340966e-01
  -2.46227556e-01
  -7.89805891e-01
  -2.63337945e-01
  -2.15230230e-01
  -4.43196551e-01
  -1.73281470e-01
  -1.97150057e-01
  -7.14108306e-01
  -1.23697276e+00
   1.02705337e+00
   2.91329598e-01
   7.54716697e-01
   3.45994842e-01
  -3.73057380e-01
   4.08821113e-01
  -8.10540132e-01
  -6.51142313e-01
   7.21510792e-01
  -3.51705610e-01
   3.22959322e-01
   1.60315510e+00
  -6.44045705e-04
   2.57650459e-01
   6.10747410e-02
   1.53253613e+00
   4.04268112e-01
  -4.23708356e-01
  -5.74880030e-01
   1.39853294e+00
   1.77644966e-01
   4.15899334e-01
   9.59681974e-02
   2.99610446e-01
   8.62630413e-02
  -1.06100589e+00
   7.88054681e-01
  -3.16782956e-01
   1.07382990e-01
   1.22604927e+00
   1.25576543e+00
   4.93643350e-01
  -8.94729470e-01
  -1.86604867e+00
   1.65269847e+00
   2.48249576e-01
  -2.78371695e-01
  -5.78385993e-01
   1.56366191e-01
   1.40016457e+00
   1.30187087e+00
   1.76927187e+00
  -1.09898202e-01
  -6.80888159e-01
  -5.56787973e-01
  -1.12242559e+00
  -1.17559162e+00
   1.04506029e+00
  -3.10622578e-01
  -1.56934766e-01
  -1.80803793e+00
  -2.32016575e+00
  -1.12494156e-01
  -1.42673706e+00
   2.88909933e+00
  -1.05027981e+00
   8.43614888e-01
  -1.72135379e-01
  -3.28970340e-01
  -2.64556065e-01
  -3.87736635e-01
   1.03256339e+00
   9.57916039e-02
  -1.40706941e-01
   3.69307484e-01
   1.06217852e+00
   7.08511539e-01
  -2.97942902e-01
  -1.72255629e-01
   1.08863776e+00
   9.84552535e-01
  -1.07157254e-01
   1.08636103e+00
  -3.59232036e-01
  -3.61108645e-01
  -1.06806927e-01
  -3.42806280e-01
  -1.30587181e+00
   6.02074637e-01
   4.04232484e-01
   7.73460274e-02
  -4.71851423e-01
  -8.27728677e-01
  -8.31037496e-01
  -1.98296960e-01
   3.96861407e-01
   8.28537392e-01
   9.17509829e-01
  -9.26265884e-01
   6.58130350e-01
  -8.12363183e-02
   6.40116793e-01
  -3.90384573e-01
   9.84744087e-01
   1.06356493e-01
   2.25072652e+00
   1.71940989e-01
  -1.79419391e+00
   8.65004191e-03
  -5.68311236e-01
  -5.05139937e-01
  -1.20315413e+00
  -1.00931194e+00
  -1.37867417e+00
  -9.75891379e-02
  -8.39957781e-01
   1.18533446e+00
   1.21507790e-02
  -3.44119292e-01
  -1.06354777e+00
   1.94682907e+00
   1.48580513e+00
  -1.55017831e+00
  -4.89995794e-01
   1.89382840e+00
  -1.01088197e-01
   9.25396283e-01
  -1.56279185e+00
  -1.16903307e+00
   1.03320050e+00
   1.43204767e+00
  -1.27510455e-01
  -5.72771622e-01
   2.42174435e+00
  -6.18667890e-01
  -4.01520008e-01
   6.74971331e-01
  -2.57205923e+00
   6.16081791e-01
  -9.36504305e-01
  -5.96738790e-01
   1.29931695e+00
   4.77087455e-02
  -1.36898041e+00
  -7.72101651e-02
   2.55980427e-01
  -2.64328151e-02
  -1.60267104e+00
  -1.25242057e+00
  -9.71282323e-01
   5.53948577e-01
  -3.74295978e-01
   1.12918543e+00
   4.63656303e-01
  -7.86859790e-01
  -1.42221136e+00
   2.74717615e-01
  -6.64899358e-01
  -5.45679982e-01
  -6.23542739e-01
  -2.25258797e-01
  -2.47619636e-01
   5.17036788e-01
   1.98352411e+00
  -6.45916518e-01
   7.26243878e-01
   1.03352317e+00
  -1.43356024e-01
   1.70778212e-01
  -5.85970126e-01
   8.51370991e-01
   3.29898347e-01
   1.11400175e+00
   3.86837821e-01
   1.18113194e+00
   1.14937452e+00
   1.30640899e+00
  -6.59704149e-01
   2.08363088e+00
   8.49429329e-01
  -7.08715155e-01
  -7.44297727e-01
   1.28007459e-03
   1.30400484e+00
   7.85740347e-01
  -8.48730281e-01
   1.16853829e+00
   2.79270931e-01
  -1.20099684e+00
  -2.86067814e-01
  -4.56624382e-01
  -5.26213486e-01
   2.81611518e+00
   6.42771408e-01
   9.33247892e-01
   2.94070270e-01
   4.54200749e-01
   1.91178657e-01
   9.86343524e-01
   3.42343014e-01
  -1.15103594e+00
  -8.59458500e-01
   1.34065978e+00
   3.77163518e-01
  -1.19063159e+00
  -1.75825143e+00
  -3.74881234e-02
   4.53153255e-01
   5.01308042e-02
  -5.24563596e-01
  -2.08628085e+00
  -9.06447691e-01
  -1.58695220e+00
   2.06779687e-01
  -9.10483139e-01
   1.75564781e+00
   2.56267130e-01
  -2.89950350e-01
  -2.83932287e-02
  -1.58051827e+00
   2.02567890e+00
   8.30425162e-01
  -2.15367194e+00
   9.50949338e-01
  -1.93294173e+00
  -1.72887313e-02
   8.14500399e-01
  -3.55703949e-01
   2.37419003e-01
  -1.43381003e+00
  -1.17174247e+00
  -8.74818042e-02
   2.53672261e-01
   3.95996697e-01
  -7.39051751e-01
  -8.71146341e-01
   7.31448219e-01
   2.00174289e-01
   7.69330967e-01
   4.65342669e-01
  -6.15006878e-01
   7.06790493e-01
   4.05816302e-01
   7.00629075e-01
   3.37495679e-01
   6.62009652e-01
   5.31817473e-01
  -1.96151798e+00
  -2.01212440e+00
   1.69659281e-01
   1.13833944e+00
  -4.14628020e-01
  -3.59024242e-01
   1.12553766e+00
   2.71596444e-01
  -3.16335276e-02
  -1.06448106e+00
  -2.13894096e-01
  -1.24695063e+00
   4.99026244e-01
   1.79760823e+00
  -9.70350284e-01
  -4.57471266e-01
  -6.34934164e-01
   7.66758254e-01
   7.17967400e-01
   4.47667757e-01
   1.18564799e+00
   1.03342838e+00
   6.27004625e-01
  -1.08654549e+00
   3.52534861e+00
   5.12907436e-01
   4.47796779e-01
  -4.92709852e-01
   1.51259912e-01
   1.76062089e-01
   1.76956814e-02
  -1.16823323e+00
  -4.09475019e-01
   4.48668292e-01
  -1.47272070e+00
   1.81806683e+00
   4.03979188e-01
   5.63392290e-01
  -3.25122966e-01
  -6.00908153e-01
  -8.49630932e-01
   2.18264783e-01
  -1.03734202e+00
   6.41301337e-01
  -1.87618181e+00
   2.03682811e-01
   1.20510095e+00
  -1.48122045e-01
  -2.11339555e-01
  -2.04716083e-01
  -1.73946638e-01
  -8.48764643e-01
  -2.40214434e+00
   1.85099195e-01
   2.89478032e-01
  -3.95344964e-01
  -1.59721478e+00
  -6.92623738e-01
  -8.84795171e-01
   2.83888728e+00
  -2.45265424e+00
   1.18473390e+00
  -1.71536037e+00
  -1.97896676e+00
  -1.24905006e+00
  -2.84683670e-01
   1.27595007e+00
  -3.51179685e-01
   5.53408055e-01
   1.99357248e+00
  -7.21903315e-01
  -1.17203951e+00
  -4.11145844e-02
   6.54961321e-02
  -6.87807750e-01
  -7.49864143e-01
   7.37760835e-01
  -5.18281505e-01
   3.97625484e-02
  -4.45985395e-01
  -1.94491809e+00
  -5.23250015e-01
   8.39802140e-01
  -1.12316661e+00
   4.93615488e-01
   1.60872809e+00
   1.01562699e+00
   3.29337086e-01
   1.37172284e+00
   9.43326034e-01
  -3.34754197e-01
   8.27527358e-01
  -1.75468536e+00
   2.57559081e-01
  -1.57115443e+00
   4.53250033e-02
  -1.54655610e-01
  -2.97964109e-01
  -1.15328993e-01
   1.25018057e+00
   1.62496193e-01
  -2.10938172e-02
   4.97605691e-01
   2.81635655e-01
  -7.08851564e-01
   1.16561490e+00
   1.04149989e+00
  -7.00982704e-01
  -1.08891567e+00
  -1.04233239e+00
  -5.96949383e-01
  -1.16400033e+00
   1.16640826e+00
  -1.01006080e+00
  -1.78175738e+00
  -2.14443964e+00
   8.61723492e-01
   1.83351778e-01
  -2.88471287e-01
   1.07496147e+00
  -1.33372745e+00
  -6.42204567e-01
  -1.66635821e-01
   1.04183877e+00
   1.28247093e+00
  -7.26067988e-01
   1.97864266e+00
   2.18442203e-02
  -6.85452891e-01
  -6.45434685e-01
   1.33847053e+00
   1.64681886e-01
   1.10051905e+00
  -1.08064128e+00
  -1.24011917e+00
  -1.64534541e+00
   1.58277254e+00
  -3.14637950e-01
   3.61938808e-01
  -2.29886274e-01
  -3.58320278e-01
  -3.46530919e-02
   1.21737720e+00
   1.84267480e-01
  -2.90880560e-01
   2.26203096e-01
   7.97030345e-01
   1.18317339e+00
  -2.43118536e+00
  -1.69876362e+00
  -2.96973467e-01
   1.08545981e+00
  -1.07161478e+00
   1.40150005e+00
  -8.32737428e-01
  -3.20462216e-01
   1.08735599e+00
   2.32213971e+00
  -3.16999057e-01
  -5.72485260e-01
  -4.66329604e-01
  -1.67032304e+00
   7.13677783e-01
  -6.84394942e-01
   7.93874415e-01
   4.36689045e-01
   9.78779672e-01
   8.38061738e-01
   3.09588467e-01
   2.62902096e-01
  -2.82907910e-01
  -1.20670442e+00
   9.54226636e-01
   5.57464017e-02
   6.21969247e-01
   1.25085009e-01
  -1.69500848e+00
  -1.03156903e-01
   2.82164995e+00
  -8.65627193e-01
  -4.68359024e-01
  -1.90675058e-01
   1.21468141e+00
   6.75095981e-02
   6.94455693e-01
  -3.79452346e-02
   4.52877118e-01
   4.20565674e-01
   6.91959102e-01
   1.66090153e-01
   1.64966054e-01
   1.43245799e+00
  -4.22258741e-01
  -4.43566428e-01
  -1.66595653e-01
   2.82542741e-01
  -3.80028608e-02
   2.21975610e-02
   1.06513613e+00
   1.66117560e+00
  -1.16945782e+00
   1.10302839e+00
   1.01037006e+00
   7.08380212e-01
   4.30639392e-02
  -7.63101663e-02
   3.27505160e-02
   6.21653742e-01
  -7.71214986e-01
  -1.45439059e-01
   2.43841008e+00
   1.60069375e+00
   5.44176528e-01
   2.11322710e+00
  -5.16776455e-01
  -8.35674731e-01
  -1.42044747e+00
  -7.87792320e-01
   6.78578326e-02
  -8.88580578e-01
   1.04353415e+00
  -2.27904307e-01
   5.37149652e-02
   5.11991427e-01
  -5.25682995e-01
   3.06248395e-02
   1.70256103e+00
   5.76773560e-01
  -9.94396840e-01
   4.97549015e-01
   1.03048001e+00
  -2.54287332e-01
   1.12543462e+00
   2.17511358e-01
   2.32616658e-01
   6.89976253e-02
  -6.93589124e-01
   3.22881857e-02
   6.05187056e-01
  -4.04684359e-01
   2.44869020e-02
   9.06834389e-01
   5.28218435e-01
   5.42433592e-01
   6.32967656e-02
   2.44688055e-02
   1.41530728e+00
   8.24585082e-01
   5.48678778e-02
  -9.02450717e-01
  -1.23790893e+00
  -2.48963049e+00
  -1.72480572e+00
  -4.42643314e-01
  -1.46955466e+00
   1.04049280e+00
  -2.17150210e+00
   2.41149436e-01
  -1.98736940e-01
   6.92029235e-01
   5.26497797e-01
   1.16490597e+00
  -4.81019214e-01
  -8.47587739e-01
  -1.14668418e+00
  -8.98075122e-01
   9.78237234e-02
   1.23366986e+00
   1.12976112e+00
  -6.83956808e-01
  -1.94823459e+00
  -1.76168271e-01
  -1.67141674e+00
  -8.08784595e-02
  -3.20530435e-01
   7.21607052e-02
  -3.86610947e-01
  -1.07891012e+00
  -3.02942864e-01
  -4.98562264e-01
   1.24998202e+00
   1.62782003e+00
   6.11336449e-01
  -5.80323683e-01
   1.66723413e-01
  -1.77263371e-01
  -4.74689777e-01
   1.80365645e+00
  -3.10200478e-01
   5.52743879e-01
  -1.59360226e-01
   5.20479824e-01
  -7.94438746e-01
   2.07853193e+00
  -1.52958489e+00
  -2.41444985e+00
  -1.30802118e+00
   8.77952436e-01
  -1.14268569e-01
   7.38538221e-02
  -9.58728853e-01
   4.78787346e-01
   2.27275521e+00
   1.55898391e+00
   1.62017399e+00
   5.78090727e-01
  -6.61584824e-02
  -4.70354384e-01
  -2.37819504e+00
   8.85187713e-01
   4.58983133e-01
   1.05566258e+00
  -9.81500525e-02
  -5.95124783e-01
   1.44150999e+00
   4.22337779e-01
  -6.13954970e-01
   7.32155255e-02
   4.98969500e-01
   1.03413312e+00
   2.76552159e-01
  -2.89854337e-01
  -1.37646555e+00
   1.60769343e-01
  -1.73880520e+00
  -7.96454530e-01
  -1.27361840e+00
   8.18954432e-01
  -1.00239487e+00
  -2.61201580e-01
   6.54066355e-01
   6.71980531e-01
  -1.39090711e+00
   7.27139974e-01
  -5.57330335e-01
   1.64006977e+00
  -2.74539191e-01
  -6.71225395e-01
  -6.55859119e-01
  -2.10262697e+00
  -5.90791966e-01
  -1.05053880e-01
  -7.44154634e-01
  -9.08822477e-01
  -1.00014711e+00
   4.97662786e-03
  -5.16126474e-01
   2.36931234e-01
   5.77071698e-01
   3.95039112e-01
   7.56279712e-01
   1.12456379e-01
   1.47371129e-01
  -7.93812743e-01
   3.54038196e-01
   8.68174414e-01
  -1.84537203e+00
   8.29697900e-02
   2.60571922e+00
   6.41041651e-01
   1.00548493e+00
  -1.50138240e-02
  -8.55915034e-01
  -1.42177003e+00
   1.84947996e+00
  -1.37136291e-01
  -2.65241306e+00
  -3.28480874e-01
  -3.84890631e-01
   1.11655493e+00
   9.60950686e-01
   1.25818999e-01
   5.53107147e-01
   1.41181833e+00
   3.79133687e-01
  -7.82172986e-02
  -1.06964867e+00
   8.09375530e-01
  -5.37337551e-01
  -1.41645992e+00
  -1.84392968e-01
   8.53805809e-01
   1.57102523e+00
   8.20909493e-02
  -5.68894015e-01
   9.66639984e-02
   5.30350922e-01
  -3.93912438e-01
   1.13736045e+00
  -1.29641039e+00
   1.45618747e+00
  -8.89431351e-01
   2.18022377e-01
  -2.26663287e-01
  -4.35999900e-01
   5.97191247e-01
   1.18919922e+00
  -7.13885631e-01
   2.29127975e-01
   1.06793780e+00
   1.11423851e-01
   1.15077072e+00
  -2.32953942e-01
  -9.44836076e-01
   1.72749454e+00
   6.81468408e-01
   2.36446402e-01
  -9.48087467e-01
   6.35650318e-02
  -1.59599044e-01
   5.16467087e-01
  -1.04292650e+00
  -1.28563171e+00
  -7.93631493e-01
   6.20572268e-01
   1.25593300e+00
   1.11681059e+00
   9.34621394e-01
   1.15741233e-01
   1.70346222e+00
   1.37592427e+00
  -1.58907939e+00
   1.07648226e+00
  -8.42382495e-01
  -1.40888685e-01
   1.44397736e+00
  -2.60618563e-01
  -1.02832413e+00
  -2.93053189e-02
  -6.55375775e-02
   1.58195285e+00
   9.73384729e-02
  -1.05128797e+00
  -8.96416366e-01
  -1.39280115e+00
  -1.28637046e+00
  -1.03181786e+00
   2.13252431e-01
   1.28298583e+00
  -7.93978590e-01
   8.88213935e-01
  -3.08095407e-01
  -6.15289861e-01
   2.88344036e-01
   8.85219029e-01
   4.28025389e-01
   9.69076548e-01
   1.39056439e+00
   6.27236431e-01
  -1.89596565e+00
   4.92645689e-01
  -9.95289247e-01
   6.64283262e-01
  -6.79278629e-01
   1.10536078e+00
  -6.17630504e-01
  -5.89320473e-01
   8.09271657e-02
  -8.44348335e-01
   1.18117504e+00
   2.17504676e+00
   8.95427318e-01
  -5.10754413e-02
   2.68657271e-02
   3.09555238e-01
   7.46507031e-01
   7.63411872e-02
  -7.79280871e-02
  -2.72232780e-01
   2.13779027e+00
   5.66164345e-01
  -4.44553967e-01
  -7.53955454e-01
  -1.69818078e+00
   3.36239394e-01
  -8.39150321e-01
  -1.11654102e+00
   4.51544198e-02
   9.37604510e-01
  -1.22967032e+00
   3.03995623e+00
   4.12459446e-01
   1.40077777e+00
  -3.28816633e-01
  -3.52889092e-01
  -1.06649335e+00
   1.21851930e+00
   6.59665554e-01
  -3.33577210e-01
   1.24999079e+00
   1.13666972e+00
   1.63389406e-01
  -2.24530037e+00
  -1.05204285e-02
   3.98674642e-01
  -4.14432164e-01
   1.19679635e+00
  -7.54675203e-01
   9.24109358e-01
  -2.39067381e-01
   6.14776445e-01
  -8.41040010e-01
  -4.62679520e-03
   1.12069095e+00
   1.60773758e+00
   4.44635115e-01
  -1.90430873e+00
   7.26612147e-01
   6.68404465e-01
   6.88453800e-01
  -8.49250211e-01
   2.19312670e+00
  -4.80840871e-02
  -9.21105733e-02
  -4.57707698e-02
  -1.38403424e+00
   4.49102508e-01
   3.24146616e-01
   1.45935531e+00
   1.56082535e+00
   1.70061752e+00
   1.24644154e+00
  -5.34228982e-01
   4.52488383e-01
   3.81821870e-01
  -7.02431992e-01
   1.84548120e-01
   3.63539655e-01
  -8.51956221e-01
  -7.87245159e-01
   2.15449729e-01
   6.65625950e-01
  -2.98844328e-02
  -1.20218214e+00
   2.72019623e-01
  -9.69812146e-01
  -1.14330522e+00
  -9.70583215e-01
   1.48729319e+00
  -9.89299031e-01
   4.67375053e-01
   5.29409672e-02
   6.51136445e-01
  -1.06982709e+00
  -2.72597552e-01
   1.24741199e-01
   2.97291742e-01
   7.08068965e-01
   1.76206148e+00
   5.38920070e-01
  -6.68743715e-01
   7.21043032e-01
  -4.63705576e-01
  -1.05140810e+00
  -7.86495685e-01
  -1.83141346e+00
  -5.73999568e-02
  -3.55403278e-01
   1.29055010e-01
  -1.23931576e+00
   2.73860388e-01
  -2.75986816e-01
   1.67702559e+00
   7.86052551e-01
   1.46040212e-01
  -3.63480179e-01
  -9.35409584e-01
   9.17402826e-01
  -3.08288004e+00
   2.16561140e-01
  -1.61107551e+00
   4.91457872e-01
  -6.68025220e-01
  -3.13288154e-01
  -5.69419274e-01
  -1.45437528e+00
  -2.46472719e+00
  -1.51848835e+00
  -1.18676670e+00
   9.80075778e-01
  -1.61551658e+00
  -1.06797307e+00
  -5.82803302e-02
   9.60203919e-01
  -4.40738768e-01
  -4.96663227e-01
   3.66312598e-01
  -2.24234234e-01
   3.56974036e-01
  -1.61498396e+00
  -1.98907069e+00
   1.19330236e+00
  -1.53077474e+00
   1.00415017e+00
  -5.84510870e-01
  -2.81429282e-01
  -4.42858421e-01
  -7.19595151e-01
   9.93245192e-01
   1.28807023e+00
  -1.85798414e-01
   8.98161195e-01
   1.17121512e+00
  -3.66354321e-01
   1.28726083e+00
   3.31147774e-01
   1.80339392e+00
  -6.46043603e-01
  -5.04622420e-01
  -1.29291421e+00
  -2.57170079e-01
   8.90438352e-01
   7.52718643e-02
   9.58015587e-01
   1.15252940e+00
   1.69812069e+00
   7.34551422e-01
   1.55683031e+00
  -2.83953258e-01
  -3.26231015e-02
   4.57436179e-01
   9.93236597e-01
  -8.54974464e-01
  -1.05279389e+00
  -5.21607232e-01
   1.15790317e+00
   1.84449486e+00
  -8.45143531e-01
  -1.21152518e+00
   1.73061664e+00
   1.11371187e+00
   3.47906584e-01
  -1.23099993e+00
  -1.78633108e-01
   1.16814016e+00
  -8.79506584e-01
  -1.45520986e+00
  -2.04273009e-01
  -2.03620889e-02
   8.02804155e-01
   8.84832013e-01
  -2.20771839e+00
  -2.16725825e+00
  -1.01887215e+00
   1.36073368e+00
   6.83210529e-01
   3.98802239e-01
   1.29042646e+00
  -4.78865089e-01
   8.83230813e-01
   3.68970529e-01
  -9.86311070e-01
   9.17116369e-01
   1.49817834e+00
  -1.40777018e+00
   6.62733695e-01
   6.88384039e-01
   1.23659704e-01
  -1.94967254e+00
   3.21950568e-01
   1.06601818e+00
   5.48361901e-01
  -6.04587794e-01
  -6.25962363e-01
   1.80378072e-01
  -2.51256057e-01
   2.96879881e-01
   1.15585176e-01
  -1.25779994e+00
   3.74285563e-01
  -7.24410075e-01
   1.94091876e-01
   2.95897537e-03
  -1.92775294e+00
  -1.36270277e+00
  -4.06120123e-02
  -8.42839143e-02
  -2.39215659e-01
   2.61135131e-01
  -1.26091244e+00
  -1.28900175e+00
   8.77188771e-01
   3.30998101e-01
   8.46337331e-01
  -2.82702038e+00
   7.47411023e-01
  -8.76509785e-03
   1.19734965e+00
  -2.36926789e-01
  -2.15431215e+00
  -8.26349825e-01
   6.86756160e-01
   8.33889541e-01
   6.42843744e-01
  -3.77047834e-01
   8.23435077e-01
   4.59768062e-01
   1.01025015e+00
   4.47954407e-01
  -5.82532685e-01
   2.16563511e-01
   2.05615564e-01
  -1.07051620e+00
   1.33442304e+00
   1.37669454e+00
   9.60529868e-01
   5.21751894e-01
   7.09609897e-01
  -1.69476403e+00
   4.20378482e-01
  -1.48256679e+00
  -1.43301250e+00
  -6.67348213e-01
   1.44122162e+00
  -2.14719923e-01
  -3.12395337e-02
  -5.28722711e-01
  -1.20283118e-01
   1.43770528e+00
  -4.66991088e-01
  -4.45145002e-01
  -2.88167381e+00
  -5.35235816e-01
  -6.63616128e-01
  -3.45176156e-01
  -7.27414478e-01
  -3.59905774e-01
  -1.70305063e+00
  -5.51594472e-01
   1.39527493e+00
  -4.94364375e-01
  -7.15073555e-01
  -6.40822373e-01
   1.11252665e+00
  -7.00326677e-01
  -1.38809000e+00
  -5.80402672e-01
  -1.90668764e+00
   1.29471281e+00
   5.20253113e-01
   1.51463364e+00
   1.18545995e+00
   2.74415731e-01
  -1.30163914e+00
  -1.09235215e-01
   2.09823987e+00
   1.19228600e+00
   1.47079283e-01
   1.63946010e-01
  -4.46905866e-01
   1.14387783e+00
  -1.68524348e+00
   5.25065554e-01
   4.04426303e-01
   1.49972962e+00
   1.74369147e+00
  -3.65596866e-01
  -4.51252101e-01
  -1.12606478e+00
   7.03576109e-01
   7.52623718e-01
   6.22158645e-02
  -1.49771486e-01
  -1.12296651e+00
   5.36499447e-01
  -4.95139442e-01
  -1.48718189e+00
   1.74956709e+00
  -1.14204330e+00
  -2.85710289e+00
  -1.06386378e+00
  -4.71554697e-02
  -6.41743506e-01
  -1.74447096e+00
  -1.13721114e-01
  -1.01886286e+00
  -5.30558619e-01
  -7.11931894e-01
   1.21507158e+00
   3.53263434e-01
  -6.06219392e-01
   5.32670385e-01
   2.32438332e-01
  -8.19463529e-01
  -1.73664631e+00
  -1.32478658e+00
   1.33002706e+00
   4.93638770e-01
  -1.08189577e+00
   2.27928886e-01
   5.59071055e-01
   3.91428279e-01
  -1.55830720e+00
  -6.98933086e-02
   5.49765010e-01
  -9.77815269e-01
   1.90882280e+00
  -7.01552475e-01
  -6.26264815e-01
  -1.65110835e+00
   1.07062857e+00
   1.23706406e+00
   8.25249151e-01
   4.44797262e-02
   8.69354809e-01
  -9.45238301e-01
  -8.79243117e-01
   2.39248417e+00
  -6.57026060e-01
  -8.99125232e-03
   4.64845846e-01
  -1.69762224e+00
   3.20608692e-01
   1.48084501e+00
  -2.70569018e+00
  -1.15151506e-01
  -4.33375645e-01
  -1.23957985e+00
  -3.51358280e-01
  -1.00115920e+00
  -5.57087786e-01
   1.61446415e-01
  -3.00110211e-01
  -1.69323035e+00
  -4.84790522e-01
   7.31842851e-01
   9.23792345e-01
  -7.56622843e-01
  -1.26353063e+00
  -1.05300529e+00
   2.40290844e-01
  -2.09591182e-01
   1.15544521e-01
  -5.91696080e-01
  -1.15522831e-01
  -2.51084717e+00
   7.78735685e-01
   1.50170125e-01
   1.80820736e+00
   4.82442249e-01
  -2.97628874e-01
  -6.93385552e-01
   2.90204901e-01
   7.04944629e-01
  -8.09201699e-01
   6.37780191e-01
  -3.78798877e-01
   8.42994605e-01
   3.64765199e-01
   1.05938081e+00
  -7.86333186e-01
  -2.45715180e-01
   3.59455419e-01
   8.57843608e-01
   1.08160584e+00
  -1.25770301e+00
  -9.34186538e-02
  -3.05493681e-01
   1.93391464e+00
  -5.27761365e-03
   7.60350217e-01
  -1.39522666e+00
  -2.24512450e-01
   1.76166584e+00
   4.97404559e-01
  -1.47241401e+00
  -1.03854137e+00
   1.24940537e+00
   6.90854633e-02
   3.27757633e-01
  -5.10633681e-01
  -8.04941532e-03
  -3.79334404e-01
  -1.10073929e+00
  -2.97360115e-01
  -4.56421892e-01
  -7.44729443e-01
  -5.89576619e-01
   2.88172585e-01
   1.25358169e-01
   7.48031197e-02
  -1.78648210e-01
  -7.32871134e-01
   2.74570484e-01
   1.92562645e+00
   7.91839917e-01
  -6.25970021e-01
   2.22756633e-01
   1.02278302e+00
   1.76655521e+00
   6.92957080e-01
   2.13108751e-01
  -7.20535847e-02
  -3.70953148e-01
  -1.75144935e+00
   2.37854153e+00
   1.36520575e+00
  -1.20896472e+00
  -3.76067457e-01
  -1.08896939e+00
  -1.58315540e-01
   2.87255536e-01
   1.31478263e+00
   2.05004854e+00
   9.81712671e-01
  -1.56252127e+00
  -6.44855089e-01
  -5.67234031e-01
   9.15604232e-01
   1.26866581e-01
   1.44945444e+00
  -3.26827106e-01
   1.42645481e+00
   5.42609713e-01
   2.28607794e-01
  -2.53783251e+00
  -7.29994856e-01
   1.72295623e+00
   4.29885926e-01
   5.49064654e-01
   4.08959757e-01
  -1.90256693e+00
  -1.03507802e+00
  -1.10011163e+00
   1.56429442e+00
  -1.01331477e-01
  -1.68367428e+00
  -1.83845121e-01
  -1.28377854e-01
  -2.32959075e-01
   6.02674385e-02
   1.07915095e+00
   1.40327397e-01
   3.60766516e-01
   2.86451660e-01
   1.78504218e+00
  -5.82129417e-02
  -5.35053056e-01
  -2.14854410e+00
  -5.09060516e-01
  -7.41179198e-01
  -1.00475530e-01
  -5.33567249e-01
   2.00253167e-01
   2.37833053e-01
   8.49650828e-03
  -3.42846393e-01
  -2.22094001e-01
  -4.76805319e-01
  -8.33638059e-01
  -1.77631610e+00
   2.79894327e-02
   8.48257451e-01
  -8.60630094e-01
  -9.16895239e-01
   1.14813795e+00
   6.34302735e-01
  -1.38190184e-01
  -5.93865494e-01
  -1.37096487e+00
  -3.38020188e-01
  -6.91403649e-01
   1.02009178e+00
   4.75030810e-01
   1.91683915e-02
  -1.09419773e+00
   3.89944354e-01
  -6.82915076e-01
   3.61870492e-01
  -8.87585715e-01
   1.02455780e+00
   7.58529014e-01
  -7.35104726e-01
   3.11004709e+00
  -2.01415403e-01
  -2.62622160e-02
  -9.63452553e-01
  -4.95168072e-01
  -1.24418631e+00
  -1.54133129e+00
   1.18488980e+00
  -2.52518430e-01
  -1.98634793e-01
  -4.60303950e-01
   1.83982459e-01
   5.27815021e-01
   6.28425050e-01
  -1.30441731e+00
   4.80378360e-01
   6.54640310e-01
  -2.10957264e+00
   1.04224501e+00
   8.86503888e-01
  -1.07229268e+00
   2.92096647e-01
  -1.78562911e-02
   5.34839791e-01
  -1.66783339e+00
   2.50764745e+00
  -2.40033194e-01
  -4.16208941e-01
  -4.13523276e-01
  -2.53946880e-01
  -6.21766319e-01
   7.69566833e-01
   2.48063251e-01
  -6.92835870e-01
  -1.17894506e+00
  -5.37015450e-01
   1.42302497e+00
  -9.61583872e-01
   2.22740521e+00
  -1.27431027e+00
   1.19928821e-01
   1.53492225e+00
   1.48412761e+00
  -3.04575460e-01
  -7.67782038e-01
   4.33631096e-01
  -2.47827043e-02
   1.23846092e-02
  -1.56780701e+00
   4.48265074e-01
  -8.85668967e-01
  -7.17167830e-01
   1.91029526e-01
  -1.42821974e+00
  -1.59648550e+00
   5.23649443e-02
   3.69870374e-01
  -1.01496502e+00
  -3.29839009e-01
   3.89104740e-01
   1.88602941e-01
   4.09636517e-01
   5.08156293e-02
  -5.17290261e-02
   1.10038213e+00
   1.92696742e+00
  -2.13636680e+00
   1.14364474e+00
   1.99785874e+00
  -1.09722918e+00
   2.47841846e-02
   2.43142873e+00
  -6.48817714e-01
  -4.78988342e-01
  -1.23352702e+00
  -3.48477526e-01
  -1.85093809e+00
   9.73098978e-02
   9.63884376e-01
  -7.70618620e-01
   3.80641717e-01
  -2.92908541e+00
  -1.31447903e-02
   1.06029058e-01
   3.64293729e-03
   6.69683989e-01
   2.07133617e-01
   1.93665699e+00
   7.21755355e-01
  -4.57330824e-01
  -6.43680320e-01
  -8.45275393e-01
   3.16336485e-01
  -1.81305957e-01
   2.40599774e-01
   6.61339674e-01
   1.19062123e+00
  -4.76452935e-01
   8.93442168e-02
   1.31602781e-01
  -8.26261211e-01
  -1.49041062e+00
   9.34698927e-01
  -3.83578705e-01
  -6.98251722e-01
   1.57596633e+00
   7.96935099e-02
   1.72336850e+00
  -7.80014859e-01
  -2.32317369e-01
  -2.22191573e-01
   2.67896434e-02
   4.78921041e-01
  -1.05874910e-01
  -2.50375281e-01
  -8.13927869e-01
   1.24924834e+00
   1.33308772e+00
   4.11440602e-01
   7.97787109e-01
   7.28716714e-02
  -1.81195083e+00
  -1.26062415e-01
   1.02553724e-01
   1.10748121e+00
   1.09202793e+00
   3.27369037e-01
   8.89206077e-01
