   1.20267022e-02
   5.40203707e-01
  -1.80109712e-01
  -1.14196743e+00
  -7.40407088e-01
   4.16971276e-01
   5.44650306e-02
  -1.23120683e+00
   2.27872259e-01
  -2.94777715e-01
   1.02097539e+00
   1.69694722e-01
   4.95001647e-01
   6.49555788e-01
  -1.58937704e-01
   2.07083890e-01
   1.58366026e-01
  -1.44164162e+00
   2.91738564e-01
   3.20373112e-01
   5.14317682e-01
   1.23230735e+00
   1.00568824e-01
   6.12665594e-01
   5.86098376e-01
  -1.52422320e+00
   1.57546204e-01
  -3.57731367e-01
   8.14829940e-01
   2.08740701e+00
   3.91993815e-01
   8.29524704e-01
   7.98417646e-01
  -5.74189259e-01
  -1.63816701e+00
   1.00975971e-01
  -2.02988180e+00
   1.50320495e+00
   1.14102941e-01
  -1.58498997e+00
  -1.58969192e+00
   2.78366779e-01
   6.39832828e-01
   3.00893246e-01
   7.50116432e-02
   2.27423198e+00
   1.13906665e-01
   1.13862454e+00
   2.14303529e+00
   1.18647583e+00
  -1.03059283e-01
  -1.97345720e-01
  -1.16885890e+00
   1.50205742e-01
   1.57446164e+00
  -1.15464911e-01
  -5.62281070e-01
  -8.77318878e-01
   6.42433288e-01
   1.26261882e+00
   5.55660174e-02
   4.89681402e-01
   6.77363673e-01
   5.89596870e-01
  -1.02448833e+00
  -3.09415542e+00
   2.06512009e+00
   5.73511335e-01
  -8.17689832e-01
  -1.02330677e+00
  -3.15336356e-01
   5.62067446e-01
  -3.53230176e-01
  -3.74255689e-01
   1.55412803e+00
   8.46303433e-01
  -1.76902661e-02
   1.74842189e+00
   2.63932281e-01
  -1.09705523e+00
  -2.13582416e+00
   1.29126342e+00
   5.04805858e-02
   1.27231520e-02
   7.97342815e-01
   1.90775383e+00
   1.06812943e+00
  -4.33570667e-02
   1.95064896e+00
  -1.13802768e+00
  -1.51412630e-01
  -1.70277733e-01
  -3.67424715e-01
  -8.54513612e-01
  -1.22086731e+00
   1.67395566e+00
  -7.02138335e-01
  -8.12398531e-01
  -1.84527024e+00
  -1.58457980e+00
  -1.41757488e+00
   6.24574099e-01
  -1.00715003e+00
  -3.39420808e-01
   1.78663073e+00
   1.32594417e+00
  -1.74969963e-01
   7.11934653e-01
  -1.01276029e+00
   8.82446984e-01
  -5.45823123e-02
  -8.91867654e-01
  -4.18544115e-01
  -1.60364362e+00
  -6.67939416e-01
   2.68381620e-01
  -3.90674055e-01
  -2.14671555e+00
   2.69861230e-01
   1.96015296e+00
   3.22883528e-01
  -2.10930694e-01
  -2.03728965e-02
  -1.42319643e-03
   1.01217414e+00
  -7.18851759e-01
   1.99424914e-02
  -4.09213012e-01
  -3.80274996e-01
   2.56540453e+00
   7.16036761e-01
   3.62334884e-01
  -1.61951724e-01
   2.47366679e-02
  -2.24166204e+00
   1.10853115e+00
   2.54539076e+00
   9.06130109e-02
   3.47092689e-01
   1.47907208e-01
  -3.18151334e-01
   3.49198605e-01
  -2.99724288e-01
   8.09632292e-01
  -2.99838463e-01
   4.54547073e-01
  -6.02884793e-01
   1.89337134e-01
  -6.28799381e-01
   2.28697731e-01
  -9.43722804e-01
  -1.15505086e+00
  -1.99734582e+00
  -2.23585112e+00
  -6.94357813e-01
  -4.23698898e-02
  -2.45887255e-01
   5.22536195e-01
  -2.32209056e-01
  -8.40082345e-01
   1.03133192e+00
  -5.38967937e-01
   3.45758243e-01
  -4.40648138e-01
   3.86113527e-02
   5.47294031e-01
  -2.78334904e-01
   1.19112974e+00
  -5.49696190e-01
  -5.80071846e-01
   9.24746549e-01
   1.10864844e+00
   2.03615853e+00
   7.56298865e-01
   5.39056367e-01
  -8.78738069e-02
  -5.51082910e-01
  -1.78140896e-01
  -1.01792739e+00
  -1.16962545e+00
  -2.02257745e+00
   4.88819132e-01
  -9.99435112e-02
   4.53873144e-01
  -1.01547154e+00
  -2.53160642e-01
   1.03976470e+00
  -7.88736628e-01
  -8.90841322e-01
  -2.78964850e-01
   1.35301535e+00
   1.71549407e+00
   2.63619138e-01
  -2.57786835e-01
  -9.45234306e-01
   1.11194514e+00
  -6.20133818e-01
  -9.80916456e-01
  -4.67732606e-01
  -4.19846533e-01
  -2.64922403e-01
   5.49925799e-02
  -1.59913450e+00
   6.61961281e-01
   1.08924838e-01
   2.22246394e+00
  -6.27603393e-01
   5.31306441e-02
   6.07660612e-01
   5.39286017e-01
  -1.19900407e+00
   1.53584183e+00
   2.09930204e+00
  -7.08357722e-01
  -1.63963607e+00
   2.18034668e+00
  -1.13307363e+00
  -1.85621125e+00
  -1.94653612e-01
  -8.81963938e-01
   1.28223099e-02
  -2.14497894e-01
   1.73698575e-01
  -5.22544738e-01
  -9.25735461e-01
  -1.92362643e+00
   1.61956151e+00
   1.37337253e+00
  -1.27986355e+00
  -1.93350297e+00
   6.15334758e-01
   2.43883874e-01
  -6.61351389e-01
  -4.45366025e-01
   9.59758193e-01
   1.29437313e+00
  -3.39018307e-01
   1.49816814e+00
  -1.79861677e+00
  -1.52749954e-01
  -8.98108568e-01
  -8.94106794e-01
  -5.25042157e-01
   1.11029490e+00
   7.76527923e-01
  -2.90581516e-01
   5.56210405e-01
   1.43055396e+00
  -2.72030953e-01
   1.52318444e+00
  -1.53089797e+00
  -1.90397347e+00
   4.96961241e-02
   3.77354511e-01
  -5.78134558e-01
   1.49021839e+00
  -7.82532451e-01
   1.19540945e-02
  -1.71054903e+00
   1.87657848e+00
  -2.26941333e-01
  -1.51587210e-01
  -2.69372885e+00
  -1.19208021e+00
  -1.02794624e+00
   1.78049273e+00
   3.33200670e-01
   5.80537517e-01
   1.71076224e+00
  -1.47313676e+00
  -2.69394526e-01
   4.15654314e-02
   1.44616687e+00
  -5.27349329e-01
   3.64189634e-01
   9.06795803e-01
  -2.79507524e-01
  -1.30563446e+00
  -6.91280645e-01
   9.40775123e-01
   5.03020166e-01
  -1.37020447e+00
  -7.30609786e-01
   1.06727598e+00
   6.60750260e-01
   9.17384457e-01
  -3.66921725e-01
  -6.72492383e-01
  -2.81505384e-01
   2.93958804e-02
   1.11326498e+00
  -1.08531183e-01
  -4.01350263e-01
   1.82284336e-01
  -2.45615418e-01
   9.00643318e-01
   2.34966023e-01
  -9.92307692e-01
   1.24492470e+00
   8.06272893e-01
  -7.19758218e-01
  -9.68466987e-02
  -1.07831096e+00
   1.57616648e-01
   1.05216666e+00
   7.83358184e-02
   1.32399894e+00
   1.24052115e+00
  -1.83005093e-01
  -7.80409544e-01
   8.57373914e-01
   2.05479132e+00
  -2.22212703e-02
  -4.81813620e-01
  -9.01458027e-02
  -1.02312229e+00
   1.66174005e+00
  -1.26293510e+00
   1.08088516e+00
   9.36035286e-01
  -3.45891671e-01
   9.60115058e-01
   2.23753198e-01
  -3.28918361e-01
  -4.51154148e-01
  -1.68767250e+00
  -6.31849507e-02
   4.44502048e-01
   2.27511742e-01
  -6.24305912e-01
   7.56420185e-03
  -2.33908549e-01
  -3.35970306e-01
   9.95678365e-01
  -1.68797926e-01
   1.20311090e+00
  -1.02658311e+00
   8.61396935e-01
  -4.57764979e-01
  -1.28698151e+00
   1.86450314e+00
  -1.00343883e+00
  -4.55908251e-01
   7.78093121e-01
   6.20909148e-01
  -8.22756768e-01
   2.14305208e+00
  -2.55019046e+00
  -1.25664142e+00
   4.90827484e-01
   1.07518350e+00
   1.00524295e+00
  -9.12009191e-01
   4.99221643e-01
   3.20607074e-01
   4.08916892e-01
  -1.32053877e+00
   4.13357917e-02
   3.25631160e-01
   2.47385891e-01
   3.49160480e-01
  -1.16810905e+00
  -2.53616740e-01
   1.44214145e+00
  -7.57713724e-02
  -1.28719055e+00
  -8.84655007e-01
  -9.54563969e-01
  -1.15243586e-01
  -1.36208074e-01
  -8.92791156e-01
   5.42429721e-01
  -6.36778487e-01
   7.61991811e-01
  -3.10041675e-01
  -1.36241963e+00
  -1.47818069e+00
  -9.18305252e-01
   1.46811716e+00
  -2.84133542e-01
   1.28618413e+00
  -3.30549092e-01
  -8.64132512e-01
   1.94248558e+00
  -1.79550767e-01
  -9.98855741e-01
   6.61760158e-01
  -1.87863214e+00
  -9.83115970e-02
   7.81022304e-02
   1.63271710e+00
  -1.74563381e+00
  -1.26974919e+00
   9.64594640e-01
   1.20523270e+00
   7.81527886e-01
  -3.95811729e-01
   1.45214255e+00
  -9.72126714e-01
  -7.23866930e-01
  -1.46621073e+00
  -2.43830200e-01
   1.50537372e-01
   8.41364416e-01
   3.00225735e-01
  -5.95788256e-01
   6.10846386e-01
  -7.59036120e-01
   2.18707553e+00
  -4.41981039e-01
   1.14498481e+00
  -7.59142528e-01
  -1.79015089e+00
   3.51979715e-01
   1.12969970e+00
   4.01616325e-01
  -8.89592708e-01
  -1.34935364e-01
  -1.52671936e+00
  -6.04513481e-01
  -9.54075435e-02
  -1.02220865e+00
  -1.43705316e-01
   1.51186510e+00
   4.70262207e-02
  -8.13005831e-01
   1.67247470e+00
  -1.47518956e+00
  -1.20208195e+00
  -7.01583700e-01
   1.40790461e+00
   4.94487401e-01
  -7.97650220e-01
   6.62354352e-01
  -2.92029516e-01
   2.29842492e-02
   2.48717907e+00
   2.45312517e+00
   5.59021768e-01
   1.40937953e+00
  -1.99576848e+00
  -3.98135328e-01
   4.78813461e-01
  -2.42354486e-01
   1.19665705e-01
   8.53000569e-01
   9.93770387e-01
   3.56688357e-01
   4.98809097e-01
   3.72723086e-01
   3.55117493e-01
   1.47262263e+00
  -9.69075411e-01
   8.62006693e-01
   1.54733158e+00
  -1.60579784e+00
   1.79025801e+00
  -2.96584936e-01
  -6.85895415e-01
   1.07682564e-01
  -2.45199617e-03
  -1.59668763e-01
   2.36714479e+00
  -2.96726767e-01
  -8.68093372e-01
  -8.14979223e-01
   2.08695297e-01
   1.39292676e+00
  -5.93287562e-01
  -5.61084531e-01
   9.34117389e-01
   3.27667297e-01
  -8.33061928e-01
   6.59522986e-01
  -1.72937481e-01
  -1.56127528e+00
   1.82337192e-02
   1.89381681e+00
  -3.75305291e-02
  -9.92398675e-02
  -1.15119292e+00
  -1.33333190e+00
   5.75560122e-01
  -4.48025850e-01
   1.95586551e+00
  -1.32978558e+00
  -1.21093312e+00
   1.03567009e+00
   6.34423233e-01
  -1.02890841e+00
  -1.08992727e+00
   1.03162918e+00
  -9.14725456e-01
  -2.50112229e+00
  -1.49865188e-01
  -8.90723916e-01
   8.09576987e-01
  -7.25016538e-01
   1.83520526e-01
   8.11491883e-01
  -1.36165372e+00
  -2.01893558e+00
   4.88010497e-01
   1.76660377e+00
   5.12939435e-01
  -1.13105462e+00
   1.16598265e+00
  -7.72206169e-01
  -1.18699255e+00
  -1.40823738e-01
   5.49874570e-01
   2.00310948e+00
   1.18397866e+00
   1.64304330e-01
  -3.41768659e-01
  -1.31230483e+00
   6.16035384e-01
  -1.29936362e+00
   6.32783788e-01
   2.98874690e-01
  -5.20624472e-01
   2.30324207e+00
   8.99279204e-01
  -1.60204823e-01
   9.63678135e-01
   5.97618984e-01
   1.13584141e+00
   8.96083040e-01
  -2.33103190e-01
  -1.72015461e-01
  -8.62236843e-01
  -8.03390688e-01
  -7.97755061e-01
   2.44545721e-01
   1.21816539e+00
  -9.29619228e-01
   4.83073521e-02
   1.75704792e+00
  -6.51172153e-01
  -3.42905364e-01
  -8.23156042e-01
  -2.77085222e+00
  -8.58951573e-01
  -1.61097055e+00
  -1.94558223e+00
   1.38389160e+00
   5.44706398e-01
   9.76069081e-02
  -1.70335053e+00
  -1.07547057e+00
  -6.12644253e-01
   2.47420161e-01
  -1.49163248e+00
   1.93576817e-01
  -5.81686106e-01
   5.94051188e-01
   6.89751122e-02
  -1.08575149e+00
   4.60611873e-01
   8.47862490e-01
   1.25338482e+00
  -1.61601482e-01
   2.66873227e-01
  -3.92994091e-01
   2.54416696e-01
  -9.77681679e-01
  -2.61200561e+00
   6.99559530e-01
   1.93018628e+00
   2.87170935e+00
   1.51419013e+00
   6.13717863e-01
   1.87681763e-01
  -5.77028287e-01
   6.75778727e-01
   9.78894935e-01
   1.14689228e+00
   9.91501671e-01
  -1.58062041e-01
   1.39674836e+00
  -4.14184414e-01
  -2.20359230e+00
  -7.46534747e-01
  -8.67488727e-01
   4.20784082e-01
   5.77926956e-01
   2.33077269e-01
  -5.43874529e-01
   5.91686534e-01
  -5.15817313e-01
   8.85758748e-01
  -5.13662924e-01
  -6.73825774e-01
  -5.09790392e-01
  -8.19081769e-01
  -6.80485292e-01
   2.94556963e-01
   1.10662912e+00
  -2.57971685e-01
  -1.40560379e+00
  -3.27929989e-01
  -1.19071598e+00
  -1.19402684e+00
  -5.76362363e-01
   1.77492300e+00
  -2.03674203e+00
   7.05689254e-01
  -1.66407461e-02
   7.37739878e-01
  -5.94281329e-01
  -1.21132013e+00
   5.30113613e-01
   2.30064482e+00
  -7.39381390e-02
   1.56223228e+00
  -2.02958461e+00
  -9.32797995e-01
   2.99404127e-01
   7.00073988e-01
   6.27294901e-01
   4.04927195e-01
  -2.46916995e-01
  -4.44293916e-01
   4.24706222e-01
  -6.28179911e-01
   1.40505340e-02
  -1.97580131e+00
  -9.68625586e-01
  -4.52878597e-01
  -4.38649004e-02
  -1.18111703e+00
   2.60163488e-01
  -1.22005964e+00
  -3.21120554e-02
  -1.23583528e-01
  -1.40585987e+00
  -3.32544898e-01
  -4.22171789e-01
   1.60142364e+00
   6.88844669e-01
  -1.11578165e-01
  -2.12061771e-01
  -7.47370567e-01
   2.25333332e-01
  -3.52482458e-01
   6.20400491e-01
   6.64875696e-02
   1.20582145e+00
   1.24539007e+00
   4.50009425e-02
  -3.39578946e-01
  -4.10059023e-01
   7.58215295e-01
  -1.98052774e+00
  -1.22721983e+00
   2.65172877e-01
   2.15495315e+00
  -5.34164292e-01
   1.32993713e+00
   5.43788314e-01
   4.93400405e-01
   1.12861050e+00
  -1.27202960e-01
   6.33885478e-01
   7.77303499e-01
   1.48729852e+00
  -5.84592254e-01
  -6.66256243e-02
  -7.66570114e-01
   1.19057681e+00
   1.25405701e+00
   8.45272963e-01
   2.27293518e+00
  -1.10108116e+00
  -1.28382306e+00
   3.08397585e-01
   3.77301830e-02
   1.78138007e-01
  -3.00437567e-01
   1.08784295e+00
  -1.49332852e+00
  -5.69945118e-01
  -1.27741120e+00
   9.81874015e-01
   5.53299082e-01
  -2.09589618e+00
   1.99464137e+00
  -2.69022318e-01
  -1.59100122e+00
  -1.21837509e+00
   1.32020033e+00
  -1.82039417e+00
   8.79317245e-01
  -1.35444925e+00
  -1.46958927e+00
   1.50051333e+00
  -2.06875700e-01
  -5.10339235e-01
  -5.61348353e-01
  -1.70540227e-01
  -1.64079107e+00
  -9.26155618e-01
  -1.63667103e-01
   8.12762170e-01
  -1.07976638e+00
  -7.77024544e-01
  -3.86917792e-01
  -8.94449961e-01
  -2.62111050e-01
   9.98549826e-01
  -5.47835923e-02
   8.61480891e-01
  -1.10778241e+00
   9.07642130e-01
   5.38015726e-01
  -3.81610860e-01
   1.31567094e+00
   1.76522313e+00
   5.02493748e-01
   6.58808644e-01
  -2.17648001e-01
  -1.29320066e+00
   9.37589383e-01
   7.96804559e-01
   2.04479782e-01
   2.54611198e-01
   4.38152257e-01
   7.80986803e-01
  -6.38142037e-01
  -7.65514132e-01
  -4.85367828e-01
  -6.90105439e-01
   8.04760022e-02
   1.16869086e+00
  -1.30776156e+00
   2.71851812e-01
  -1.18539979e+00
   2.50455141e-01
   1.55038207e+00
  -6.20955224e-01
  -1.34093902e+00
   1.13265076e+00
  -5.41386595e-02
   2.57437065e-01
  -8.28343599e-01
   1.57381468e-01
  -3.44645962e-01
  -1.21887469e+00
  -7.13094132e-01
  -8.04161747e-01
  -8.78972831e-01
  -8.27654442e-01
  -6.15367299e-02
  -5.94454414e-01
   9.41242247e-01
   1.62090448e+00
   3.78767031e-01
  -1.19530529e+00
  -7.72803754e-01
  -7.72507634e-01
  -6.75187727e-01
  -5.80680968e-01
   7.45386327e-01
   8.42878737e-01
  -9.30671872e-01
  -1.28075468e+00
   1.94335464e+00
   2.79344258e-01
  -1.12591749e-01
   6.71490986e-01
   7.08821250e-01
   1.25069067e-01
   7.39053086e-01
   8.03253448e-01
  -1.37292147e+00
  -1.07034504e+00
   2.77980011e-01
   1.28696068e+00
   1.48708504e+00
   5.63378540e-01
  -8.43646236e-01
  -1.24605409e+00
   2.01790739e+00
  -8.33103924e-01
  -6.52522690e-01
   1.77353424e-01
   5.89514519e-01
  -3.38664344e-01
   4.58759442e-01
   6.65482632e-01
   6.10614248e-01
  -2.07873206e+00
   8.19804223e-01
   1.33406853e+00
  -1.62955754e-01
   7.16632903e-01
   8.60875708e-01
   6.18544529e-01
   3.88870634e-01
  -1.68165087e+00
   5.65044435e-01
   3.11224991e-01
   1.15128845e+00
  -1.62810264e-01
  -7.11896052e-01
   6.89039600e-01
  -3.90153402e-02
  -1.05118094e-01
   3.57676316e-01
  -3.19884022e-01
  -5.16133344e-01
   2.32596316e-01
  -4.14057566e-01
  -5.06089616e-01
   9.09700249e-01
  -9.75339605e-01
  -1.44658667e+00
  -7.16042299e-01
  -4.46618908e-01
   9.95214059e-01
   1.20588899e+00
  -1.25802417e+00
  -4.13344649e-01
  -1.01363242e+00
   6.98181699e-01
   8.29841250e-01
  -3.39391320e-01
   1.85892623e-02
  -1.35180811e-02
  -8.93536549e-02
  -3.26953213e-01
   5.80432142e-01
   4.49399209e-01
  -8.93909266e-01
  -8.04102525e-01
  -1.03889908e+00
   2.38306568e-02
   1.92409947e-01
  -5.19383779e-01
  -2.13998732e+00
  -4.14186648e-02
  -1.26653693e+00
  -1.50221185e+00
  -2.21126076e-01
  -2.52869315e-01
  -1.37102895e+00
  -9.86156550e-01
   5.17495327e-01
   1.33766325e+00
   1.02315499e+00
  -9.53906106e-01
  -2.07842041e+00
  -2.46549477e+00
   6.09194073e-01
   1.28158908e+00
   1.88499982e+00
  -8.89536227e-02
  -2.30779240e-01
  -1.65055091e+00
  -4.00607510e-01
   1.76633867e-02
   1.00113046e+00
  -2.30624899e-02
  -6.33220499e-01
  -6.83305855e-01
  -1.17578423e+00
  -1.35988418e+00
  -9.47775816e-02
   1.81064503e-01
  -1.47680429e-01
  -3.40312314e-01
  -9.53544940e-01
   7.83096603e-01
   5.90094493e-01
  -1.89755861e+00
  -3.27981902e-01
  -6.54376331e-01
   1.55220003e-01
   6.72211582e-01
   2.59663043e-01
   1.61964461e-01
   8.13230268e-01
   2.39413435e+00
  -2.55180097e-01
  -6.81444665e-01
   2.66841442e-01
  -4.73069419e-01
   2.05112263e+00
   7.75730508e-01
  -6.81175697e-01
  -7.50160110e-01
  -6.85133670e-01
  -1.04622254e+00
  -6.49925121e-01
  -3.27229113e-01
   1.03414660e-01
  -2.01646385e-01
   3.18725134e-01
  -1.18680728e+00
  -1.17940321e-01
  -2.45428925e-01
  -3.90598219e-01
  -1.61736323e+00
   3.72822348e-01
  -2.29940450e-01
   9.74722854e-01
  -4.83865819e-01
  -2.91671363e-01
   2.78291375e-01
  -1.53765015e+00
  -4.75599728e-01
  -3.41332994e-01
  -4.19018603e-01
  -5.92564488e-01
  -6.57723101e-02
  -7.51772573e-01
  -8.03742127e-01
   9.85252354e-01
  -6.61467852e-01
   6.28941243e-01
  -1.26518303e+00
  -4.00689544e-01
   2.84125061e-01
   1.95371778e+00
   2.12886936e+00
  -4.52998141e-01
  -5.40571363e-01
   8.38979190e-01
  -7.83875532e-01
   4.16333718e-01
  -9.60035301e-01
   8.34930007e-01
   4.15667199e-01
   9.78969580e-01
  -1.88924161e+00
   1.95570685e+00
   6.36934856e-01
   1.40228970e+00
   2.19129904e-01
  -9.69961012e-01
  -1.43232585e-01
   4.00390695e-01
   6.72655339e-01
  -4.04824126e-02
   3.98500364e-01
   3.49855895e-01
   9.00020860e-01
  -4.01692266e-01
   1.17269758e+00
   1.23856914e+00
   7.00820997e-01
   2.80029849e+00
  -4.84531954e-01
   1.23087973e+00
   8.16882480e-01
  -3.14787794e-01
   1.42164384e+00
   3.69835332e-02
   8.49271372e-01
  -1.64142370e+00
   5.12103620e-01
  -8.16983178e-01
   1.26146772e+00
  -1.30742303e-02
   3.16862277e-01
  -1.01314766e+00
   9.34803655e-01
  -8.16420037e-01
  -7.74135200e-01
  -7.93437674e-01
   1.47538054e+00
   4.79694185e-01
   9.71998970e-01
   1.08677357e+00
   2.14762959e-02
  -2.47374075e+00
   2.01738299e+00
  -1.72697592e+00
   3.46860929e-01
  -4.38791204e-01
  -3.04888388e-01
  -2.61557264e-01
  -6.81452965e-01
   3.77968727e-01
   2.87206850e-01
   1.28095476e+00
   2.14958553e+00
   1.13570565e+00
  -2.40868255e-01
   1.41892559e-01
   1.60908397e+00
  -1.57942942e+00
   9.87722945e-01
  -1.92485654e-01
   4.16555268e-01
  -6.17877506e-01
   6.94879682e-01
   1.54976282e-01
   2.98279974e-01
  -7.05592486e-01
  -1.83357211e+00
  -1.06809164e+00
   1.78387970e-01
  -8.89886921e-01
  -1.82487081e+00
  -4.36403753e-01
   9.34482359e-01
   1.08285350e+00
  -2.42229479e+00
  -8.49137127e-01
   9.61238600e-01
   3.05254884e-01
  -3.66257198e-01
  -9.03671016e-01
  -3.38574380e-01
  -1.12818393e+00
   1.98770710e-01
  -1.49590041e+00
   3.36540291e-01
  -5.13741920e-01
  -1.54709918e+00
   4.97705741e-01
  -1.38086774e+00
   4.94245579e-01
  -8.46406143e-01
   1.39125154e+00
   2.10647618e-01
   3.46384389e-01
   3.34146942e-01
   8.93314547e-01
   6.40113820e-01
  -2.91412002e-01
  -6.72797898e-01
  -1.07401186e+00
  -2.45278154e-01
   6.92452314e-01
   2.20476348e+00
  -1.80182723e+00
  -1.62899687e+00
  -1.69796827e+00
  -1.85718497e-01
   6.21134917e-01
  -2.67380367e-01
   1.44099222e+00
  -2.43289835e-01
  -1.62715957e+00
  -2.42751027e+00
   8.44351984e-01
  -4.11275832e-01
  -1.10612654e+00
   2.94440391e-02
   1.59946796e+00
   1.29294911e+00
  -5.74667696e-01
  -1.62065111e+00
   1.42624484e+00
   1.67486362e-01
  -1.48163178e+00
   6.49227273e-01
   1.09686883e+00
   1.16070654e+00
   3.69656871e-01
  -1.26837798e+00
   3.49026816e-01
  -8.21328880e-01
  -3.77544153e-01
  -9.07012999e-02
  -9.73431082e-02
  -8.82511297e-02
  -5.23159913e-01
   4.40241041e-01
  -3.84376799e-01
  -2.28142300e-01
   4.85839969e-01
   4.22004113e-01
   1.10213100e+00
  -1.91696272e+00
   3.12063423e-02
   7.26155715e-01
  -2.40362620e+00
  -7.81197835e-01
  -1.13758153e-01
  -6.31690273e-01
  -6.42212448e-01
   1.07326528e+00
   3.46908904e-01
  -8.49118040e-01
  -1.38392991e+00
   2.26488689e-01
   6.51414137e-02
   1.59441005e+00
  -3.76404991e-01
  -1.94235232e+00
   3.55719042e-01
  -1.39758841e+00
   1.04864171e-01
   1.88638429e+00
  -5.82054579e-01
   9.97866036e-01
   1.80646581e+00
  -1.00711522e+00
  -1.49716676e+00
   9.29109098e-01
  -3.00224679e-01
   4.20887726e-02
   8.70715001e-01
   1.32323649e-01
   1.61851375e-01
  -9.87830127e-01
   3.96172587e-02
   7.27411710e-01
   1.01804916e+00
   1.46567940e-01
   1.79978876e-01
  -1.21427983e+00
  -6.88691821e-01
   1.34716206e+00
   2.48427469e-01
  -6.55738318e-01
  -3.06680903e-01
   1.95196633e+00
   8.04875324e-01
  -1.44395260e+00
  -1.42987391e+00
   1.95648973e-01
   7.00072855e-01
  -1.45539528e-01
  -3.31148616e-01
   4.90344231e-01
  -1.76708656e+00
   9.87164190e-01
   1.87035190e+00
   2.26432580e+00
  -4.13009331e-02
  -1.00321426e+00
   1.86115821e+00
   8.82597900e-01
  -6.73927497e-02
   1.24022188e-01
   6.03534311e-01
  -3.10036543e-01
  -3.70590559e-01
  -2.88551424e-01
  -7.59320580e-01
   1.47156216e+00
   2.37859721e-01
  -9.68349328e-02
  -8.85326513e-02
   7.21016116e-01
   1.02770350e+00
  -3.50378136e-01
   1.19460981e+00
  -7.02356633e-01
  -1.98443221e-01
  -1.08779807e+00
   3.75737763e-01
  -6.17069229e-01
   8.61502054e-01
   8.75551226e-01
  -1.92672232e+00
  -9.05814455e-01
   3.60982217e-02
   7.70888564e-01
   1.57099729e+00
   6.56180460e-01
   3.28547848e-01
  -9.54944649e-01
  -7.53077971e-01
  -4.74449992e-01
   2.88198769e-01
   1.38937756e+00
   4.87929016e-01
   7.54173569e-01
   1.46132986e+00
  -5.38202197e-01
  -8.08666750e-01
   9.81445137e-02
  -7.20033155e-01
   2.16610355e-01
  -1.10317266e+00
  -1.00898196e+00
   2.02539421e-01
  -1.34811438e-01
   8.35683615e-01
   3.16827141e-01
  -1.36360063e+00
  -5.88048624e-01
   1.35341451e+00
   9.96306697e-01
   1.02049573e+00
  -5.50522732e-01
   2.71317475e-01
   1.20841851e+00
   4.12251149e-01
  -1.95923358e-01
   1.70445210e-01
  -4.44037284e-01
  -2.31925380e-01
   8.40254650e-01
  -2.62487517e-01
  -9.64233106e-01
  -1.05822142e+00
  -1.67307187e+00
   4.10645872e-01
  -3.95312832e-01
   7.73343465e-01
   7.25413762e-01
   8.06942141e-01
   8.29258503e-02
  -1.83617333e+00
   3.71472239e-01
  -2.97367577e-01
  -3.95460655e-01
   1.70493745e+00
   1.59892886e+00
  -1.52125195e+00
  -1.02483575e+00
   3.51331411e-01
  -6.70210549e-01
   4.27892504e-01
  -2.34565057e+00
  -1.33755452e+00
   9.73650839e-01
  -6.48370687e-01
  -1.38527411e+00
   1.04594850e+00
   9.26243930e-01
  -9.75551617e-01
   2.46846135e-01
  -5.44713036e-01
  -1.09975230e-01
  -1.65156666e-01
   3.32960094e-01
  -9.61396335e-01
  -2.39759525e-01
  -6.47162247e-01
  -5.06143173e-01
   1.33543295e-01
   1.52563936e-02
  -5.84767720e-01
   1.00470458e+00
   9.21855123e-01
   1.64863888e-01
  -3.29523988e-01
  -5.60546749e-01
   3.79452550e-01
  -1.74427335e+00
   6.06668609e-01
   1.06201871e+00
   7.45561390e-01
   8.64329027e-01
  -6.72486475e-01
   6.31029314e-01
  -2.44388567e-01
  -5.47993852e-01
  -8.92183392e-01
  -1.04473246e+00
   1.78233473e+00
   5.19922598e-01
  -9.56380094e-01
   5.48712085e-01
   2.17004277e-01
   1.79553105e+00
  -3.93709025e-01
  -1.38646077e+00
   2.93924109e-01
  -4.80117766e-01
  -1.16705357e+00
   2.71973987e-01
   3.10753044e-01
   9.57440349e-01
  -1.69419688e+00
   2.38932587e-01
   3.89926208e-01
  -5.30456198e-01
  -1.19503065e+00
   2.59314183e-01
  -1.17901222e+00
   1.81001527e-01
   4.99696548e-01
  -4.08039611e-01
  -1.35266010e-01
  -2.31468046e+00
  -1.43865688e+00
  -1.83775770e-01
   3.45575657e-01
  -7.22269067e-01
  -1.44775912e+00
   6.10765719e-01
  -5.85622345e-01
  -1.16965824e+00
   9.03867783e-01
   9.09915057e-01
  -1.05925091e+00
  -7.78770438e-01
   4.07101389e-01
  -2.93850838e-01
   1.29298570e+00
   1.27346266e+00
  -1.25101391e-01
  -4.47110697e-01
  -1.21968310e+00
   1.14497716e+00
  -2.21941322e+00
   2.11709765e+00
  -2.25033214e-01
  -7.90681758e-01
   5.41252906e-01
   6.47829925e-01
  -1.42530823e+00
  -1.96313320e-01
   1.59462291e-01
   4.35946642e-01
  -3.80686909e-01
  -5.61772043e-01
   1.93598605e+00
   1.05361724e-01
   1.77574166e+00
  -2.64391720e+00
  -4.36892299e-02
  -1.54602035e-01
  -4.53796599e-01
  -2.31604786e-01
   4.27946049e-01
   9.33228675e-01
   7.00301096e-01
   2.00608610e-01
  -1.45011920e+00
  -9.33951819e-01
   1.81150901e+00
   2.67252230e-01
  -4.66333119e-01
   1.33177452e+00
  -8.55562724e-02
   1.39330951e-01
   3.12084120e-01
   1.23398235e+00
   6.57275058e-01
   5.28562086e-01
  -8.13966205e-02
   3.41749539e-02
  -1.24386795e-01
  -9.69233741e-01
   1.70913755e+00
  -7.46693896e-01
  -6.31734555e-01
   1.33702381e-01
   8.90382126e-01
   1.38682228e+00
  -2.93008564e-02
   1.44050720e+00
  -7.17796591e-01
   3.14369103e+00
  -1.32853526e+00
  -5.33461170e-01
   2.57570225e-02
  -1.08213242e+00
  -7.28949944e-01
  -1.44124221e+00
   1.14907281e+00
  -1.68789636e+00
  -2.45177620e+00
   1.05381781e+00
   9.14521344e-01
   7.29015145e-01
  -3.29491629e-01
   6.83720463e-01
  -1.45953101e+00
  -2.72809762e-02
   6.04532585e-01
   1.64108174e-01
  -5.40595182e-02
  -1.34998284e+00
  -8.96169463e-01
  -9.95666483e-02
   3.54610945e-01
  -7.44099782e-01
   4.79599040e-01
   3.29155460e-01
   8.00258276e-01
   1.57500198e+00
  -3.46227448e-02
  -6.04621163e-02
   4.56866280e-01
  -2.06651829e-01
  -2.44411301e-01
  -1.79899251e+00
   1.54368411e-01
  -9.46016978e-01
  -5.50451395e-01
   2.25647004e+00
   4.21845131e-01
  -2.49484755e-01
  -1.10161008e-01
   6.68528348e-01
   4.47927556e-01
   1.60102874e-01
   3.69542544e-01
   9.19683875e-01
   1.13288903e+00
  -4.16017184e-01
  -6.87243221e-01
  -5.02256809e-01
  -1.84009860e+00
  -9.06798320e-01
  -1.01121674e+00
   9.56271881e-01
  -1.41760830e+00
  -4.37171300e-01
   5.20682997e-01
   4.20579222e-01
   8.56651244e-01
  -1.22371243e+00
  -2.95555020e+00
   2.95845590e-01
  -1.40379502e+00
  -1.04352042e+00
  -7.16288883e-01
  -1.34615877e+00
  -2.35775454e-01
  -4.59518732e-01
   8.46709789e-01
  -3.87466827e-01
  -6.51451730e-01
  -9.51470754e-01
   1.01900031e+00
  -1.12536480e+00
   2.23490554e-02
   1.21631292e+00
   9.16077762e-01
   1.42478497e+00
  -1.04999265e+00
  -7.85165208e-01
   2.58539493e+00
   1.88940006e-02
   1.40896787e-01
   5.38277731e-01
   8.10038249e-01
  -1.13459780e-01
  -6.31030311e-01
  -6.21157200e-01
   1.13273978e+00
  -1.10721770e+00
  -3.65962034e-01
   1.18353456e+00
  -1.04948748e+00
   1.37753151e+00
   9.70257451e-01
   3.23457706e-01
  -1.52989018e-01
  -3.60374218e-01
   1.52815595e+00
   5.43360451e-01
   3.72700134e-02
   1.15701204e+00
  -1.61417351e+00
  -4.69485467e-01
   9.08945964e-01
  -1.62185209e-01
   6.55337301e-01
   8.27224201e-02
   2.17232424e+00
  -3.79919381e-01
  -9.92731483e-01
   8.12115754e-01
  -5.30340414e-01
  -3.72114338e-01
   1.11631747e-02
  -1.06319145e+00
  -1.35419249e+00
  -1.18518822e+00
   1.25307101e+00
   6.84821539e-01
  -2.38136643e-01
   4.06551307e-01
   4.02460316e-01
   5.49094821e-01
   3.14252986e-01
  -9.20803312e-01
   1.05975299e+00
   6.01043559e-01
  -1.27948576e+00
  -2.89703665e-01
  -7.00872085e-01
   1.62590298e+00
   7.24271394e-01
  -3.68826216e-01
  -3.50341968e-01
   8.81363836e-01
   5.41283669e-01
   1.58758608e+00
   1.79004208e+00
   1.24976411e-02
  -1.50711876e+00
   5.16504575e-01
   3.36857207e-01
  -1.91397391e-01
   8.88810336e-01
   7.62906200e-01
   7.95399818e-01
   3.92025570e-01
   8.65775245e-02
   2.08422911e-01
  -4.28433982e-01
  -5.96778274e-01
   3.08495807e-01
  -9.96857490e-02
  -9.53637798e-01
   1.25085927e+00
   3.51133742e-01
   2.75117564e-01
   1.64863170e-01
  -1.27111472e+00
   3.31996919e-01
   1.83964164e+00
  -5.43832487e-01
  -5.22114683e-01
  -9.98383025e-01
   4.53457903e-01
   4.43237881e-01
   2.86317944e+00
  -1.34762631e+00
   4.88495628e-01
  -3.42937800e-01
   5.39370165e-01
   1.70411334e+00
   1.02219930e+00
  -1.26241705e-01
   4.46983174e-01
  -7.02970374e-02
   5.59268424e-01
   1.80446601e+00
  -8.00257739e-01
  -4.80393875e-01
   2.37105374e-01
   9.43473904e-01
  -9.32186851e-01
  -5.84707193e-01
   4.86060687e-01
  -9.77371103e-02
   3.74378933e-01
  -1.08860940e+00
  -5.31020725e-01
  -7.50815855e-02
  -4.03240089e-01
   1.65278573e+00
  -4.78069863e-01
  -1.59316069e+00
   8.96523506e-01
   6.97556373e-01
   6.37754989e-01
  -3.47301380e+00
  -1.08037400e+00
   1.84466070e+00
  -5.94458940e-01
   3.47832413e-01
  -5.06722441e-01
  -5.06212060e-01
   5.77095449e-01
   2.55474754e-01
  -2.00683380e+00
  -7.76104136e-01
   1.25496231e+00
  -3.94030120e-01
  -1.44188929e+00
  -1.41715413e+00
   3.69085800e-01
   1.47082879e+00
   5.59676215e-01
   1.18906186e-01
  -1.04087780e-01
  -9.30841276e-01
   2.86890393e-01
  -9.53825941e-01
   1.81811614e-01
   1.29697831e+00
   7.94303762e-01
   1.30986585e-01
  -1.46893828e+00
   2.24756086e-01
   4.80910988e-01
  -9.63261302e-01
   4.11302754e-02
  -4.33022310e-01
  -5.78092723e-01
  -1.99043854e+00
  -4.53382559e-01
   5.30983641e-01
   2.25334644e-01
  -3.52146411e-01
  -3.68577823e-01
   6.66675773e-01
   4.23977224e-01
   5.31160736e-01
  -1.57056940e+00
   4.13439014e-01
  -3.05924543e-01
   4.47918659e-02
  -1.20661728e+00
   1.81036395e+00
   5.72779655e-01
   7.65465924e-01
   3.20579417e-02
   4.32832025e-01
   1.87188049e+00
  -4.31104471e-01
  -7.10131073e-02
  -9.06692140e-01
  -6.22479417e-01
   6.98237572e-01
  -8.37491350e-01
  -1.24753041e+00
  -2.48922170e-01
   6.26295014e-01
  -1.37176831e-01
   8.67122893e-01
  -6.04905627e-01
   1.14077295e+00
   8.64299250e-02
   6.44812560e-01
   1.09924740e+00
  -1.13030527e+00
  -1.44750703e-01
   3.04966242e-01
   1.22513214e+00
   6.77922471e-01
  -1.41503703e+00
   1.89534757e+00
   2.65964545e+00
  -1.23164171e-01
   7.69598511e-01
   6.43654040e-01
  -1.07726780e+00
  -5.35912540e-01
  -3.91066395e-01
   8.51651518e-01
  -2.53186337e+00
   1.49749596e+00
   5.04393498e-01
   7.54932933e-01
   8.84949376e-01
  -8.09006409e-01
  -9.94236437e-01
  -1.67255062e+00
   1.55400407e+00
  -6.57331060e-01
   1.04342509e+00
  -5.97120467e-02
   1.03506215e+00
   8.86364480e-01
   1.50513758e+00
  -4.88625285e-01
  -2.87627948e-01
   1.55674304e+00
   2.26408166e+00
   1.23403973e+00
  -6.41513225e-01
  -1.10001479e+00
  -8.46149466e-01
  -2.45148527e-01
   1.03776432e+00
  -5.27156262e-01
  -4.56238954e-01
   1.36474506e+00
   2.91031065e-01
   2.44726660e-01
   1.50438216e+00
  -1.21454054e+00
  -9.39201520e-01
   1.63786641e-01
   3.12196785e-01
  -6.51132845e-01
  -5.83605348e-01
   5.78371686e-02
  -1.75022912e-01
  -2.14417826e+00
   1.14348849e+00
  -5.47643576e-01
  -3.02781020e-01
  -1.52799538e+00
   1.77561636e-01
  -1.45982138e+00
  -6.07203165e-01
   2.14247015e-01
   9.59036563e-01
   8.57599241e-01
  -5.09132954e-02
   1.64406249e+00
   6.29664255e-02
   1.22922674e+00
   6.18140189e-01
  -8.41063900e-01
  -1.11529844e+00
  -6.30368702e-01
   2.84127541e-01
  -1.98155355e+00
  -7.07131099e-01
   7.66561001e-01
   7.90501919e-01
   6.81134864e-01
  -1.69717922e+00
  -2.49741375e-01
  -1.17431247e-01
   4.99511525e-01
  -1.50260884e+00
   4.90382841e-01
  -1.63296829e+00
   1.80775268e+00
   3.50718996e-01
   3.09371155e-01
  -8.52108462e-01
  -1.78089003e-01
   2.55488711e-01
   1.49911004e-01
  -4.23099544e-01
  -8.46558405e-01
  -9.58328601e-01
  -1.03292078e+00
   2.30324910e-01
   7.98568005e-01
  -1.90858556e+00
   9.84209382e-01
  -7.91787859e-01
  -9.51302047e-01
  -8.45676363e-01
  -2.11650978e+00
   9.36085260e-01
  -1.20899380e+00
  -1.51187836e+00
   1.21336110e+00
   7.09239265e-01
  -4.92788929e-03
  -1.49505556e+00
  -1.15799573e-01
  -9.61847347e-03
   2.46925251e-01
  -6.91245888e-01
  -2.78549102e-01
  -1.33484443e+00
   4.28424140e-01
   9.90247943e-01
  -2.81005320e-01
  -6.42281963e-01
   8.24553814e-02
   9.53856572e-01
  -3.83472545e-01
   2.20708393e-01
   2.49482668e+00
   4.87123793e-02
   1.28009479e+00
   1.30916873e+00
  -3.51021327e-01
  -2.01691782e+00
   5.84046761e-01
  -2.33738891e+00
   7.39763111e-02
   1.59122906e+00
   5.87712284e-01
  -1.21106852e+00
  -1.03467653e+00
  -7.15958552e-01
  -7.67130435e-01
  -8.69071439e-01
  -1.07954475e+00
  -1.66417123e+00
   4.52724866e-01
  -5.17508463e-01
  -2.19837928e-01
   1.43622360e+00
  -1.49304489e-01
   9.29683085e-01
  -1.88670003e+00
   5.15663201e-01
   1.91089013e+00
   1.06246338e+00
  -2.53699792e-01
   2.07005820e+00
  -3.78563070e-02
   1.70892587e+00
  -1.47588607e+00
   3.09169174e+00
  -3.32863988e-01
  -7.20038905e-01
   3.84529951e-01
  -6.77724152e-01
  -2.57854357e-01
  -1.65421626e-01
  -5.56608414e-01
   8.54342569e-01
   4.85565228e-01
  -3.19082091e-01
   8.61027134e-01
   1.49664146e-02
  -2.59174232e-02
  -1.21250742e+00
   8.47011571e-01
   1.11561783e+00
  -1.30606697e-01
   6.28711559e-01
  -1.56940392e+00
  -1.47195918e+00
  -1.53265932e+00
   5.31586078e-01
  -4.85576106e-02
  -3.15719132e-01
  -2.42282802e+00
   7.47241328e-01
   6.08041228e-02
  -4.47076604e-01
  -7.97773501e-01
  -1.47899278e+00
  -4.92759096e-01
   1.82635225e+00
  -1.15612533e-01
   1.53364896e+00
   1.09033685e-01
   1.63796103e+00
   5.84284419e-01
  -2.19680628e+00
   5.91625613e-02
  -3.29736123e-01
  -5.10404298e-01
  -3.00956472e-01
   1.43647060e+00
   5.34228922e-01
  -1.53881973e+00
   1.32243936e+00
   1.68276853e+00
  -4.57778289e-01
  -9.17578331e-01
  -3.74487196e-02
   2.63066416e-04
  -6.57765817e-01
   7.27250005e-01
  -1.78295775e-01
  -1.86290632e-02
   1.02340011e+00
  -7.68707586e-01
  -1.08303704e+00
   5.41063440e-01
  -6.86389658e-01
   3.55768488e-01
  -6.07044930e-01
   3.16800108e-01
  -4.28375848e-01
   5.24991235e-01
  -5.73053324e-01
  -1.98598402e+00
   1.38985930e+00
  -2.26817502e+00
   2.42981522e-01
   7.50886682e-01
   5.75589745e-01
   5.12941110e-01
  -6.33517723e-01
  -9.33149894e-01
   5.67463760e-01
   7.62496633e-01
   1.26222689e+00
   1.14386894e+00
  -9.85906768e-01
  -2.10981682e-01
   2.30858362e+00
  -1.19497006e+00
  -1.04943266e-02
   5.98660020e-01
  -5.01930443e-01
  -5.38299696e-01
  -6.59261266e-01
  -1.50933174e+00
   2.97570505e-01
   2.00257332e-02
   1.09941033e+00
  -2.19606809e+00
  -7.15149322e-01
   1.05277644e+00
  -2.12014108e-01
   4.47717923e-01
   7.25048527e-01
   1.06934490e-01
  -1.29397195e+00
  -4.75065880e-01
   1.63166223e+00
   9.38080326e-01
   6.43200782e-01
   1.20965067e+00
  -1.89348255e-01
   3.73253822e-01
  -8.62683042e-01
  -1.25355127e+00
   2.55421469e-01
  -5.09547681e-02
   7.81417749e-01
  -5.30727301e-01
  -7.59643455e-01
  -1.24147519e+00
  -8.35569841e-01
  -5.54178906e-01
   7.98440721e-01
  -3.09882760e-02
  -1.88047683e-01
  -5.47539813e-01
   1.49083650e+00
  -6.49071807e-02
  -2.21331686e-01
   1.38987743e+00
   1.03069689e+00
   9.90869923e-01
  -6.83283560e-01
   1.59355355e+00
   1.28769984e-01
   2.15233754e+00
  -4.54525468e-02
  -7.98942239e-01
  -1.51021052e+00
  -1.29500403e-02
   5.57908965e-01
   1.03615420e+00
  -1.46314164e+00
   1.87820604e+00
   8.56089210e-01
   5.36939768e-01
  -8.43673502e-01
  -2.10002268e-02
   3.99395029e-01
   3.88733103e-01
   3.96954587e-01
  -1.38783574e+00
   7.23174127e-01
  -6.77741288e-01
  -3.68485544e-01
  -9.56330693e-01
  -2.18837802e+00
  -7.17052829e-01
  -4.53405142e-01
  -1.32814007e+00
  -2.02070262e+00
  -5.32192336e-02
   7.82198903e-01
  -3.26257400e+00
   2.56801046e-01
  -8.13352020e-01
  -4.40130079e-01
   6.47867643e-01
  -1.43981377e-01
   1.09399579e-01
  -2.56173934e-01
  -4.39956628e-01
   3.88738536e-01
  -1.34379019e+00
  -4.18434655e-01
   9.17516177e-01
  -5.37690086e-01
   1.94849219e+00
  -1.18262863e-01
  -1.47547906e-02
   4.99416251e-03
   9.52976928e-03
   1.58125676e+00
  -4.71929266e-01
  -5.43423080e-01
   1.17531080e+00
   1.66838044e-01
   2.92332653e-01
  -2.47955243e+00
   5.53856345e-01
  -7.76978814e-01
  -9.01104717e-01
  -3.76027370e-01
  -8.02951773e-02
  -8.95738866e-01
  -1.37220520e+00
   7.54541002e-01
  -1.24481030e+00
   1.16912893e+00
  -8.25030117e-01
   1.11356986e+00
  -7.09931009e-02
  -1.46850512e+00
   1.39989976e+00
   4.75801967e-01
  -3.51917313e-01
   1.24761288e+00
  -2.80042195e+00
  -5.06962372e-01
  -1.79639885e-01
   1.87329440e+00
  -6.96928857e-01
   1.01581234e+00
  -1.85704223e-01
  -1.00429612e+00
  -2.92454896e-01
  -6.79644377e-01
  -1.07074861e+00
   1.05157640e-01
  -1.42545811e+00
   8.93037840e-02
   1.04754882e-01
  -3.45029517e-01
  -1.47655158e+00
  -3.72235915e-01
   4.60871546e-02
  -1.94102174e+00
  -1.01245970e+00
   5.13534409e-01
  -9.10558196e-01
   8.96636003e-03
  -1.56305731e+00
   7.34826306e-01
  -2.72036490e-01
  -4.30111957e-02
  -1.02614710e+00
  -5.48754511e-01
  -1.23321644e+00
   5.93293469e-01
   3.92969031e-01
  -1.24728032e+00
  -1.32838053e+00
  -4.08804796e-01
  -1.97339988e+00
  -1.79167278e+00
  -2.22685242e-01
   5.59312895e-02
   5.09797132e-01
   7.23315577e-01
   8.01462406e-02
   3.50999593e-01
   9.39637076e-01
   2.19735331e+00
   6.28532089e-01
  -4.24649327e-01
  -1.09655053e+00
   1.56087809e+00
   3.18106148e-01
  -5.11104040e-01
  -9.37316606e-01
  -1.71553748e+00
   2.47980614e-01
   2.08863892e+00
  -4.13117499e-01
   2.25865273e+00
  -8.31249080e-01
   1.24301483e+00
  -1.07462636e+00
   7.31971543e-01
   7.81750947e-01
   8.33570946e-01
   1.00894430e+00
   9.06007980e-01
  -4.41413784e-02
   5.68519188e-01
  -1.23667378e-01
   9.18004085e-02
   9.41285329e-02
  -1.88380575e-01
  -3.00900636e-01
  -6.19018558e-01
  -9.06406148e-01
   2.45057885e+00
   2.03944220e-01
   8.28538626e-01
  -7.27036969e-01
   2.29876365e-01
   1.04053900e-01
   2.05333850e-01
   1.27980564e+00
  -1.07549610e-01
  -2.64113239e+00
   3.91331229e-01
  -7.96960547e-01
  -1.81871553e+00
   8.90895649e-01
   1.35689078e+00
  -5.28809119e-01
   4.15234528e-01
   1.08005962e-01
  -3.66894179e-01
   1.49224949e-01
  -1.35717079e-01
  -1.37286486e+00
   7.07361336e-01
   1.49601488e-01
   1.67766828e+00
  -8.10006477e-01
   1.43034886e+00
   4.83539200e-01
  -1.06953365e+00
   1.08151052e+00
  -2.40422656e+00
   9.72982262e-01
   2.75366647e-01
  -7.72820650e-01
  -3.96429621e-01
  -3.78659645e-01
   1.21108477e+00
   1.27070349e-01
  -1.66674292e+00
   1.03729044e-01
   3.77803216e-01
  -1.88019216e-01
  -8.18053370e-01
   1.29285664e+00
  -2.04961329e-01
   3.73391150e-01
  -1.31393773e-02
   4.44437291e-01
  -3.87179474e-01
  -1.15448948e+00
  -1.81576336e+00
   8.94736204e-01
   1.27699825e+00
  -6.62676214e-01
  -5.81418720e-01
  -2.66335524e-01
  -8.97687792e-01
  -8.37201691e-02
   6.72677291e-01
   5.05715950e-01
   6.12102709e-01
  -1.22668394e+00
  -1.46422934e+00
  -1.51197648e+00
  -3.07685556e-01
  -4.95487402e-01
  -7.07690533e-01
   1.97924335e-01
  -7.08088588e-02
  -6.40880892e-01
   7.37119741e-01
  -8.54682033e-01
   4.34080995e-01
  -1.16164343e+00
   1.07205562e+00
   6.13518010e-01
   1.19411685e+00
   2.49711374e-01
   4.84214275e-02
   2.35634578e-01
  -1.63084423e+00
  -6.76682639e-01
  -1.04348347e+00
  -5.15560481e-01
   2.09066135e+00
  -3.63987972e-01
   1.30013183e+00
   1.00849451e-01
  -7.80816112e-01
  -7.43757956e-01
  -1.25973648e+00
   9.02830781e-01
   9.44962351e-01
  -3.51732652e-01
   1.39858477e+00
   1.34527626e+00
   1.60323654e+00
  -4.95972489e-01
  -2.67863099e-01
  -1.29990174e+00
  -6.86327862e-01
  -8.03463904e-02
  -8.99928084e-01
  -3.71921854e-01
  -6.03262127e-01
   1.91883059e-01
   1.90050833e+00
  -3.36752393e-01
   3.07638208e-01
  -3.32049709e-02
   4.04735068e-01
  -2.71134620e-01
   6.10979611e-01
  -2.80643905e-01
  -1.98197077e+00
  -3.54696855e-02
   3.54818114e-01
  -1.01041547e+00
   1.26565237e+00
   5.52491595e-02
  -1.11046060e+00
   8.14984816e-01
   1.69169059e+00
   5.93644014e-02
  -7.17088488e-01
  -3.00823823e-01
   2.99942522e+00
  -1.67086724e-01
  -1.63198375e+00
   7.19350129e-01
   2.77310508e-01
  -6.13790187e-01
   1.75175132e+00
   1.26853312e-01
   2.31866418e-01
   8.42886633e-01
  -1.04507638e+00
   3.93943567e-01
  -4.25252736e-01
  -1.13995697e+00
  -9.04121064e-01
  -7.92400289e-02
   1.80885651e+00
   5.99777453e-01
   1.27957894e-01
  -1.66172464e-01
   2.07269055e+00
   2.91443736e-01
   2.71251939e+00
   1.30003633e+00
   7.10513913e-01
  -8.21193557e-01
   3.51933192e-01
   8.70464850e-01
   1.15482796e+00
  -1.25041524e+00
   1.41087911e+00
   9.41203178e-02
   2.33413364e+00
  -1.50403597e+00
   6.64996819e-01
   1.04159865e+00
  -8.29307565e-01
   1.03094197e+00
   9.67033075e-01
   3.36416905e-03
   3.73467655e-01
   1.62595254e+00
  -1.57370752e-01
  -3.03568121e-01
   7.64065726e-01
   1.77539555e-01
   1.74872691e+00
   8.81855700e-01
  -7.72061838e-01
   1.78307524e-01
   7.55450165e-01
  -5.18311184e-01
   1.28468183e+00
  -1.58650015e+00
  -1.57620696e+00
  -4.40183406e-01
  -6.06321932e-01
   2.51766210e-01
   1.27322393e+00
  -7.75816057e-01
  -7.20315834e-01
  -6.60337874e-01
  -8.70633338e-02
  -9.06822587e-01
  -6.32683514e-01
  -1.53913765e+00
  -1.29856187e+00
   7.52551680e-01
  -9.88765933e-01
  -2.03875598e-02
  -5.53152525e-01
  -8.99043734e-01
   1.01866540e+00
  -1.67908228e-01
  -5.85287286e-01
   1.67751314e+00
  -1.87873886e-01
  -1.36083996e+00
   6.76909245e-01
   7.02445606e-01
   3.17257661e-01
  -1.03066191e+00
   3.63674354e-01
   5.00483450e-01
   1.49394974e+00
   1.54514059e+00
   1.51080160e+00
  -1.04705265e-01
   9.55439578e-01
  -5.13716850e-01
   4.63347391e-01
  -7.92421748e-01
  -1.88039988e+00
   1.60138295e-01
  -7.43331943e-01
  -7.20965747e-01
  -1.75273734e-02
  -3.52482859e-01
  -1.14570225e+00
   8.69849172e-01
   1.47376543e-01
   9.26745544e-01
  -1.55359714e+00
   3.81576466e-01
  -1.84099516e+00
  -1.88097814e+00
  -3.92065014e-01
  -7.46660086e-01
   1.41084765e+00
   1.35929968e-01
  -7.12254298e-01
   1.14355024e+00
   1.27358222e+00
   7.15490793e-01
   6.38372071e-01
   1.37437414e+00
   1.06142303e+00
   7.98591975e-01
  -3.06380487e-01
  -1.20759364e+00
  -5.29797439e-01
  -2.03987718e-01
   8.54769070e-01
   6.36296791e-01
   1.18970418e+00
  -8.08291335e-01
  -5.58799379e-01
   2.45006290e-01
   3.79715283e-01
  -6.15633318e-01
   8.24773849e-01
   1.49699713e+00
  -4.00438077e-02
   9.89452498e-01
  -7.74689388e-02
   1.24007881e+00
   5.36923277e-01
   2.33557525e-01
  -4.02503779e-01
  -1.88122096e-01
  -7.22409757e-01
   7.43926023e-01
  -5.74963606e-01
  -2.50919863e-03
  -1.16388396e+00
  -9.21335614e-01
  -5.36589808e-01
  -4.77151903e-01
   8.24591998e-01
   1.81577821e-01
  -1.19434216e+00
   4.36284906e-01
   3.06335337e-01
   7.74981318e-01
  -1.69844871e+00
  -2.00170015e+00
  -1.74327028e-01
  -2.76926364e-01
   1.72012465e+00
  -3.98966103e-01
  -3.77740910e-01
   5.89278914e-01
  -9.51360023e-01
   8.99912501e-01
   2.04001706e+00
  -5.38119327e-02
   1.38526697e+00
   3.85664963e-01
  -4.04414026e-01
  -7.26976887e-02
  -6.59446660e-01
   5.47868011e-01
   2.17675285e-01
   6.03139982e-03
   3.30634087e-01
  -6.31359921e-01
  -9.22573570e-01
  -7.42289524e-01
   1.60858523e+00
   2.15657909e-01
  -1.03349167e+00
  -1.77671132e+00
  -7.46694482e-02
   8.43559458e-01
   1.05847766e-02
   2.39830999e-01
  -1.41377254e+00
  -6.27031633e-01
  -5.06948606e-01
  -1.94547035e-01
   2.42540756e+00
   3.61856510e-01
  -1.73030867e+00
  -2.20585868e+00
  -9.52320541e-01
   1.09659038e+00
  -3.11230281e-01
  -2.25378994e-02
  -9.39127383e-01
  -1.63564702e+00
   1.39818932e+00
  -1.34011535e+00
   1.15494178e+00
   1.33224030e+00
   1.49490589e+00
  -5.13066314e-01
   2.26995170e+00
   9.53666781e-01
   2.67298792e-01
   1.48841079e-01
   6.26692421e-01
  -1.95153612e-01
  -1.12169263e-01
   6.70738547e-01
  -6.46724170e-01
   3.29280419e-01
   2.58463205e-01
  -9.85731175e-01
   4.23233474e-01
  -1.47019070e+00
   4.66309652e-01
  -1.53115939e-01
   6.03354685e-01
  -1.12020656e-01
   1.59248631e+00
   6.76515546e-01
   1.86883317e+00
  -4.44455048e-01
   5.06334110e-01
  -1.80789115e+00
   1.32195647e-01
   6.02694149e-01
  -8.00978850e-02
  -6.80735596e-01
  -4.52441718e-01
  -1.23163144e+00
  -1.05757740e-01
   2.52974232e-01
  -4.77110072e-01
   8.53485979e-01
   3.83354473e-01
   1.13508285e+00
  -3.02015368e-01
   9.90085548e-01
  -6.95379077e-01
   2.93365136e+00
  -4.64663412e-01
  -2.80312240e-01
  -9.87444195e-01
  -1.44954118e+00
  -1.07104783e+00
   8.32388111e-01
   2.08647475e+00
  -5.52556207e-01
   7.87790966e-01
   7.70960187e-01
   9.52365487e-01
   9.57359623e-02
   3.81936565e-02
  -3.96723290e-01
   8.45958775e-01
   1.03360389e+00
  -1.03375552e+00
  -1.41222605e+00
  -8.47729498e-01
   7.46459852e-01
  -1.93660910e+00
  -2.45728513e-01
   4.50513982e-01
  -7.37691769e-01
  -4.18970282e-01
  -6.71683386e-01
   4.46057551e-01
  -4.13399478e-01
   2.19877420e+00
  -2.26601807e+00
   7.32057457e-01
  -4.54921802e-01
   3.36769617e-01
  -7.28688669e-01
   1.05029961e+00
   1.54258791e+00
  -1.70917648e+00
  -1.36784550e-01
   1.19154604e+00
  -1.47972401e-01
  -7.90219845e-01
   6.47769422e-01
  -1.09517806e+00
   1.18497615e+00
  -2.32863301e+00
  -3.29221903e-01
  -6.23945095e-01
   8.44358240e-01
  -1.63331130e+00
   1.04106404e+00
   5.30856409e-01
  -2.34976097e+00
   1.81842607e-01
  -8.50085488e-01
   1.52762707e+00
   2.26031181e+00
   7.89178968e-01
  -1.95711072e+00
  -1.65577370e+00
   8.07638247e-01
   8.77146110e-01
   5.12533988e-01
  -7.55021501e-02
   7.08261707e-01
  -7.78894199e-01
   8.95441482e-02
  -2.89086241e-01
  -1.40662838e+00
  -1.16185451e+00
   1.65136169e+00
