   5.35121228e-02
   3.98971858e-01
  -3.13116194e+00
   7.85317148e-01
  -6.46255228e-01
   8.91855797e-01
   9.32023533e-01
  -1.53551531e+00
   7.45919923e-02
  -6.61062844e-01
  -2.94971206e-01
   9.72557875e-01
   1.48663592e+00
  -8.99870180e-01
  -1.74352802e+00
   6.51917909e-01
   7.96507467e-01
  -1.24899959e+00
   5.26694103e-01
   7.62757777e-02
  -1.31957938e+00
  -1.61895149e+00
  -5.52579014e-01
   1.70486439e+00
   7.03717453e-02
   2.27102999e-01
   7.14696699e-01
   1.66932822e-01
   1.84705533e+00
   4.15384177e-01
  -2.03820111e-01
  -5.36316911e-01
   1.76179598e+00
  -5.69954945e-01
   1.65909315e+00
   5.70584838e-01
   2.86303528e-02
   1.05842116e+00
  -1.73695762e+00
  -1.86817936e+00
   5.53880560e-01
   1.84793586e+00
  -4.40321788e-01
  -1.08219748e+00
   3.51629761e-01
  -2.25412070e-01
   5.77739138e-01
  -4.33750266e-02
   5.84549267e-01
   6.00940360e-02
  -1.80829420e+00
  -4.76924659e-01
   3.72438144e-01
  -8.14969976e-01
   1.47551146e-04
  -1.37761410e+00
  -1.56208343e+00
  -9.87910272e-01
  -1.88064724e-01
   1.70642063e+00
   1.65873514e+00
  -5.07277789e-02
  -1.14151944e-01
   6.10508766e-01
  -7.30823288e-01
  -1.18989352e+00
  -1.60170188e+00
   4.82899749e-01
   1.74301896e+00
   7.23274181e-01
   3.86456794e-01
  -4.86466229e-01
   3.38594947e-01
  -5.34501931e-01
   5.33134064e-01
   6.79790971e-02
   6.83104785e-01
  -7.74788871e-01
   6.48803626e-01
   8.91580215e-01
   6.58679894e-01
  -8.36073266e-03
   1.38290356e+00
  -1.31837910e+00
  -1.34952774e-01
  -1.04098883e+00
  -1.18120309e+00
   1.69133082e+00
  -2.50140998e+00
   2.94704002e-01
   3.02146362e-01
  -3.40398010e-01
  -1.37049746e+00
   1.85204605e+00
  -4.39805813e-01
   1.30854952e-01
   9.31318233e-01
   2.78121642e-01
   4.32298582e-01
  -3.88183546e-01
  -2.71400912e-01
  -8.82333256e-01
   1.49087952e+00
  -1.22388326e+00
  -2.06983427e+00
  -2.28587688e+00
   8.83810973e-01
  -4.70389355e-01
   6.16913246e-01
   2.17963857e+00
   9.03388545e-01
  -3.79583765e-01
   2.39344858e+00
   4.46996376e-01
  -6.83721555e-01
   6.39123348e-01
   8.00261832e-01
  -1.81899663e-01
  -8.52152518e-01
   7.48950310e-01
   1.19600658e+00
  -2.50517941e-01
  -2.57694346e-01
  -3.45360660e-01
  -3.29009517e-01
   5.51942772e-01
  -3.18730358e-01
   3.00924543e-01
  -4.89332991e-01
  -3.59508442e-01
  -6.16379489e-01
   9.77799555e-01
  -1.03072259e+00
   9.72467860e-02
   1.23191388e-01
  -1.06537577e+00
   1.32449774e+00
  -1.79961389e+00
   5.74734536e-01
  -1.47370940e+00
   5.04848111e-01
   1.64415387e+00
   3.41082152e-01
  -1.21102714e+00
   1.72469642e+00
   3.11111879e-01
  -6.30672359e-01
   7.13232670e-01
  -8.68011083e-01
   1.03989406e+00
  -1.11985562e+00
   1.20329643e+00
  -4.62826148e-01
   1.83360017e-01
   1.96768255e+00
   7.14696557e-01
   4.86187831e-01
   5.74517592e-02
   1.63735867e+00
   1.46024567e-01
  -9.96977070e-01
   7.75260439e-01
  -2.48543824e-02
   3.13672455e-01
   3.85890774e-02
  -6.08600301e-01
   5.71286762e-01
   1.20298504e+00
   9.69272498e-01
  -3.17352940e-01
   3.83319596e-01
  -1.01103643e+00
  -6.47936834e-01
   4.86912733e-01
   1.43600835e+00
   2.26150991e+00
   6.57769028e-01
   8.93112279e-01
  -2.28669093e-01
  -9.58958996e-01
  -1.18154534e+00
  -7.92507729e-01
  -1.37107640e+00
   7.19352362e-01
   5.04846694e-01
   1.14192420e+00
   2.02598328e-01
  -1.21004134e-01
  -1.12951134e+00
  -4.49017756e-01
   5.97919507e-01
   1.71101614e+00
  -1.62585948e+00
   6.95523495e-01
  -1.45864457e+00
   4.72892798e-01
  -1.83464617e-01
  -1.50368568e+00
   3.67448257e-01
  -1.13414301e+00
   6.57091172e-01
   1.60832009e-01
  -1.36782510e-01
  -9.38633214e-02
  -7.21318220e-01
  -1.10940560e-01
   1.97361537e+00
   9.98214689e-01
   4.46124978e-02
  -1.05914014e-01
  -1.13077977e+00
   3.57361102e-01
   2.23758541e-01
  -1.73550990e-01
   8.91003304e-01
   3.48418362e-01
  -7.78090374e-01
   4.16616704e-01
   9.23451131e-01
  -2.32548943e+00
   1.71379543e+00
   7.56925594e-01
  -1.62200483e+00
  -9.80466853e-02
  -2.56841723e-01
   4.16271165e-01
  -1.79958513e-01
  -6.33870684e-01
  -7.41415168e-01
   1.44129908e-01
  -8.70619346e-01
  -5.33175690e-01
   5.22491207e-01
   1.51758420e+00
   4.33884807e-01
  -2.70868321e-02
   4.65155874e-01
  -9.05037651e-01
  -4.27861414e-01
  -4.86569140e-01
  -2.83312521e-01
   1.34163723e+00
   2.53808467e-01
  -1.80114498e+00
   2.96755917e-01
  -2.48259268e-01
   2.26328541e-02
  -8.31797661e-01
  -7.49350469e-01
   7.23188340e-01
  -4.37170753e-01
   2.82613411e-01
   6.29147410e-01
   1.41546420e+00
   1.41678066e+00
   6.75159396e-01
  -8.76404472e-01
  -4.51164940e-01
   6.69525351e-01
   1.22213457e-01
  -1.45788269e+00
  -1.88793908e+00
  -5.47650845e-01
  -7.82815925e-01
   8.48330454e-01
   1.52529593e+00
   1.09496263e+00
   5.65899741e-01
   1.51205362e+00
  -8.26660080e-01
   6.87558497e-01
  -4.58755212e-01
  -2.05270250e+00
   4.05085093e-01
  -5.22994682e-01
   2.33686244e-01
  -4.37445600e+00
  -2.30094057e-01
   2.00397462e-01
  -1.08382454e+00
   1.18103504e+00
  -6.00261422e-01
   1.08470682e+00
   6.75781084e-01
   1.58250377e+00
   7.24259617e-01
  -6.30691819e-01
  -4.38587448e-01
   1.22171095e+00
  -6.02796966e-01
  -4.01847917e-01
   6.78252561e-01
  -4.97255852e-01
  -3.52963553e-01
   2.73882594e-01
  -5.83095529e-01
  -1.01854011e-01
   1.68943294e+00
  -2.18847073e-01
   7.38890102e-01
  -3.53189112e-01
   1.52249571e-01
   3.77801888e-01
   1.88080711e+00
  -6.65838049e-01
  -6.55133086e-01
  -1.52011941e-01
  -1.71542764e-01
   2.71023905e-01
   1.27226973e+00
   2.25242583e+00
  -1.84581049e+00
   1.13796070e+00
   3.72778468e-02
   8.35921766e-01
   5.57355364e-01
   7.77575456e-01
   2.28015209e+00
   1.99199977e-01
  -9.98741827e-01
  -1.42241152e+00
   2.18111990e+00
  -1.06021933e+00
  -1.13476132e+00
   2.47592922e-01
  -7.06355795e-02
   6.52470174e-01
   1.09360312e+00
  -2.86522894e-04
  -1.37239267e+00
   1.39727449e+00
  -1.87252282e+00
  -2.40336808e-01
   8.20542608e-01
   1.38996514e+00
   2.28570888e-01
   1.13683378e+00
   2.01579689e-01
  -5.45304729e-02
  -6.01644002e-02
  -1.84453678e+00
  -1.74126819e-01
  -3.76572019e-01
  -1.01724659e-01
  -4.02905091e-01
   6.49965406e-01
  -2.36468668e+00
  -9.29211235e-01
   7.24773401e-01
  -3.06284611e-01
   1.85168441e+00
  -2.77615708e-01
   1.44260611e+00
  -1.70678987e+00
   1.67616834e+00
   2.37624211e+00
   8.74295809e-01
  -2.76109216e+00
   1.12702985e+00
   5.34532906e-01
  -5.21937550e-02
  -9.34228372e-01
   1.32630992e+00
  -1.25004561e+00
   1.78130644e+00
  -4.69950793e-01
   4.83997128e-02
   3.59750317e-02
   1.20864682e+00
  -8.62801625e-01
   1.95831558e+00
  -1.26705820e+00
   9.33893779e-01
   2.05547444e+00
   2.63756836e-01
  -1.51679983e+00
  -5.96650232e-01
   4.88488000e-01
  -1.42791287e+00
   2.53460480e+00
   2.18323543e-01
  -6.02739618e-01
   4.33728302e-01
   8.98971352e-01
   8.79198437e-01
   5.31786196e-01
   5.34696698e-01
  -8.22716681e-02
  -1.58895774e-01
  -1.03964510e+00
  -9.71613863e-01
  -8.51083629e-02
   4.65693581e-01
  -5.71314632e-01
   2.22682380e-01
   8.26551093e-01
  -1.38764533e+00
   6.42917465e-01
   1.10817303e+00
   1.45425032e+00
  -1.52709713e+00
  -3.54039478e-01
  -2.77804660e-03
  -1.26788989e-01
  -5.51835729e-01
   1.50867143e+00
   9.90362690e-01
  -4.44919352e-01
  -5.17480486e-01
   6.20128366e-01
  -2.80373276e-01
  -6.42919335e-01
  -1.00328316e-01
  -1.43178980e-01
   1.39698772e+00
  -2.04487772e+00
  -3.40435650e-01
  -1.79654653e+00
   8.86677713e-02
   7.62602066e-01
   1.05853154e+00
   1.56098450e+00
  -5.69429818e-01
   9.21063673e-02
   7.48668898e-01
   9.28822893e-01
  -9.40802076e-01
   3.78614552e-01
   7.87523662e-01
  -1.45980423e+00
   8.00277740e-01
  -1.44945381e-01
  -1.50800368e-01
   1.30029526e+00
  -2.81678206e-01
   3.94201698e-01
   2.32035772e+00
  -8.68701807e-01
  -1.37451493e+00
  -7.03391167e-01
   5.09467718e-01
   7.90496170e-01
   8.90818551e-01
   4.66697943e-01
   6.75858240e-01
  -1.45893279e+00
  -3.90038345e-01
  -1.61729692e-01
  -7.89713323e-02
   5.63134072e-01
  -1.02833248e+00
   1.50270263e+00
   5.51664943e-01
  -4.52454789e-01
   1.74455407e+00
  -1.24640393e+00
  -1.19086633e+00
   1.72198913e+00
  -4.11299903e-01
   6.67885091e-01
  -1.14126822e+00
   2.83400303e-01
  -1.02969449e+00
  -3.42686186e-01
  -9.75032816e-01
  -1.99684018e+00
  -3.51779138e-01
   1.45295196e+00
   1.31753003e+00
   2.04537224e+00
  -1.03904422e+00
  -4.05249636e-01
  -2.36550650e-01
  -9.87751467e-01
   1.35915487e+00
  -1.43110776e+00
  -7.20504333e-01
  -1.74136850e-02
   1.72432056e+00
  -7.66176822e-01
   1.17514740e+00
  -7.97871726e-01
   1.94200838e-01
  -1.22413348e+00
   2.57394754e-01
  -4.50657824e-01
   8.15695552e-02
   4.28746624e-01
   1.68111789e+00
   4.96793289e-01
  -1.16699962e+00
  -5.18401761e-01
  -8.10882334e-01
   2.03331563e+00
   7.13343069e-01
   2.39456612e-01
  -3.28563462e-01
  -8.89338905e-01
  -2.60922640e-01
   4.22550273e-03
   1.85281751e-01
  -1.74608199e+00
   3.22782835e-01
  -5.87053636e-01
   3.96503255e-01
   5.30256286e-01
  -9.57922858e-02
   4.07323264e-01
   2.66165637e-01
   1.50503378e+00
  -6.03162677e-01
  -9.91152597e-01
  -6.49033862e-01
  -2.23716617e-01
   7.15682990e-01
  -9.49748382e-01
   1.89656474e+00
  -9.68574067e-01
   2.51264863e-02
   2.36910883e-01
  -8.14741458e-01
  -2.22031450e+00
   3.83107960e-01
   2.81079187e-01
  -3.68579699e-01
  -3.10535533e+00
  -3.62503734e-01
  -4.77570912e-01
  -1.32622761e+00
  -3.58529368e-01
   2.12451934e+00
   1.13206646e+00
  -7.05518223e-01
  -1.84112587e+00
  -4.52975694e-01
  -9.13421672e-01
  -1.17464160e+00
   2.20992594e+00
  -1.75031115e+00
  -1.24542450e+00
  -1.40745731e+00
   9.28643522e-01
   1.36581987e+00
   3.88565695e-01
  -1.60529743e+00
   7.31683953e-02
   1.48215040e-01
   6.98236628e-01
   1.03429566e+00
  -2.54969339e-01
  -2.87112078e-02
  -4.02253139e-01
   5.61509657e-01
   2.56584415e-01
  -3.91142638e-02
   1.01039657e+00
   3.97974222e-01
   2.64003480e-01
  -1.08172623e+00
   1.03627110e+00
  -6.05215462e-01
   1.91615172e+00
  -2.03354725e-01
   6.06062590e-01
  -2.79782761e+00
  -1.55135893e+00
  -5.57919508e-01
  -4.34103165e-01
  -6.58381147e-01
  -1.82481214e+00
  -4.61978836e-03
  -8.12144389e-01
   1.11740539e+00
   1.46692905e+00
   1.41350204e-01
   5.31206090e-01
  -1.08858113e+00
  -5.78585941e-01
  -6.54910359e-01
   1.02441620e+00
  -7.64142744e-01
  -3.06575885e-02
   1.52879218e-01
  -4.36998821e-02
   1.25180569e+00
  -5.74018076e-01
   5.00536918e-01
   9.31437746e-01
   1.98685982e+00
  -1.17071873e+00
  -1.36055968e+00
   1.58319951e+00
   1.76049686e+00
   9.59342327e-01
  -1.39438338e-01
  -9.16371077e-02
  -1.49348442e-01
  -4.82657093e-02
   2.62031590e-01
  -3.55084093e-01
   1.10845049e+00
  -1.72987613e+00
  -1.59814362e+00
   2.63846127e-01
   1.67588991e+00
   8.29359803e-01
   9.65628993e-01
  -1.00756416e+00
   1.28742646e+00
  -1.24580073e+00
  -2.28389783e-01
   8.09498680e-01
   5.83645921e-01
   1.11763728e+00
  -7.54082054e-01
   3.02198445e-01
  -7.57516360e-01
  -5.76935242e-01
  -1.43235682e-01
   1.91985634e+00
   1.22711855e+00
  -1.74202771e-01
  -1.67303076e-01
   2.78030461e-01
  -9.49993782e-02
  -8.33940788e-02
   6.15897504e-01
   9.27763653e-01
  -7.50586052e-01
  -3.48237596e-02
  -8.09526374e-02
   3.40508598e-01
   5.08131320e-02
   8.88290795e-01
   1.17558143e+00
  -6.52091828e-01
  -1.02760754e-01
   4.28708977e-01
  -3.22193456e-02
  -4.41263614e-01
   1.12527295e+00
   2.55267146e+00
   1.91223034e+00
   2.72383075e-01
  -3.55178366e-01
   8.46634956e-01
  -1.49911754e-01
  -3.97343882e-01
  -6.49464075e-01
   7.12078343e-01
   1.85956472e+00
  -1.15631449e+00
   6.74533344e-01
   1.00306813e+00
  -3.22918856e-03
   5.39122489e-01
   6.45676110e-02
  -2.01337166e-01
  -5.93126749e-01
   5.59089139e-01
  -4.52577730e-01
   6.40341605e-01
  -8.52510152e-02
  -1.30808960e+00
  -8.43723176e-01
   1.24157119e+00
  -4.88257590e-01
   4.25674137e-01
  -5.79540613e-01
  -5.43614171e-01
   1.75002322e-01
   5.42514396e-01
  -5.51154360e-01
  -2.12217034e+00
  -2.05308590e+00
  -4.28409497e-01
   4.00807242e-01
  -4.02132691e-01
   1.15915164e+00
   1.19085442e+00
   1.10726441e+00
  -3.31588100e-01
  -6.57979518e-01
   2.07348724e-02
   2.00004272e-01
  -1.05688550e+00
   1.70428880e-01
  -6.16105109e-01
  -5.80356598e-01
  -2.02530361e+00
  -5.43720313e-01
  -1.75599188e+00
  -1.02911879e+00
   2.07569523e-01
  -6.75535159e-01
  -4.04451764e-01
  -6.44093167e-01
  -4.19236674e-01
   1.62303705e+00
   4.11482819e-01
  -2.19166136e-01
   6.59863634e-01
  -5.00105630e-01
   7.85198110e-01
   9.17367963e-01
  -1.18448709e+00
   2.59189891e-01
   3.65829501e-01
   8.74723312e-01
   2.07209536e+00
  -1.69331567e-01
   2.27447704e-01
  -7.80729958e-01
  -1.52246681e+00
  -6.68051435e-01
  -5.98653589e-01
  -1.38866554e-01
   1.30106414e-01
  -3.88682666e-01
   4.35235284e-01
  -1.96776504e-01
   7.49535194e-02
  -1.26463889e-01
   4.54659783e-01
  -7.00227654e-01
   1.79891747e+00
   1.02894136e+00
  -1.43407945e-01
  -9.78673974e-02
   9.43146938e-01
   1.31502168e+00
   2.86496673e-01
  -1.06324795e+00
  -3.62629488e-01
  -8.69667154e-01
   7.63831367e-01
  -1.14344165e+00
   1.83846625e+00
   7.01754002e-01
  -1.11433837e+00
   1.06841716e-01
  -6.94331737e-01
   9.76575178e-01
   8.06406006e-01
   4.40922139e-01
  -9.84746882e-01
  -1.23340969e+00
  -9.76617150e-01
   1.14670599e+00
  -4.53899099e-01
   1.45543193e-01
   2.01137021e-01
  -8.18830876e-01
  -2.85103559e+00
   3.71668668e-01
   1.64167780e+00
  -1.23043825e+00
  -6.39449615e-01
   1.19140679e+00
   8.73140510e-01
  -1.53660351e-01
   1.54084538e+00
   6.09875659e-01
  -5.69326185e-01
  -6.39070872e-01
   9.44567102e-02
  -2.42193467e-01
   1.55755652e-01
  -1.18871563e+00
  -1.24556378e+00
   1.59053507e+00
   1.16407069e+00
  -5.18904804e-01
  -1.16675217e+00
  -4.90868689e-01
   4.67130311e-01
   1.69771467e+00
  -8.23027257e-01
  -6.25218285e-02
  -1.16984715e+00
  -2.47496247e+00
   1.39046431e+00
  -5.35769657e-01
  -4.82534352e-01
  -2.10030865e-01
   1.21708532e+00
   1.34654432e+00
  -1.40771718e+00
   9.02364548e-02
   6.12088047e-01
  -2.38873833e-01
  -6.61112615e-01
   6.97865648e-01
  -1.23081294e+00
  -9.27395223e-01
  -2.11453198e+00
   3.21222290e-01
  -2.19365063e-01
  -1.01019370e-01
  -7.30425683e-01
   1.19436186e+00
  -1.74874938e+00
   3.59052111e-01
   5.41868947e-01
   7.63003972e-01
   1.08484419e-01
  -7.34008730e-01
   8.61682417e-01
   2.98919652e-01
  -1.55118884e+00
  -2.14179653e-01
  -3.74751735e-01
  -2.44856087e-01
   1.01034978e+00
  -7.32253390e-01
  -1.28194423e+00
   2.74697966e+00
  -9.88890451e-01
  -1.05977754e+00
  -8.58934156e-01
   5.78266729e-01
  -8.14015540e-01
   8.35249530e-01
  -2.57501358e-01
   1.10805531e-01
   5.66615187e-02
   1.60310548e-01
   2.09325199e+00
   2.08293257e+00
   7.20594762e-01
   4.49025379e-01
   6.74845483e-01
  -8.84801648e-01
  -2.19702827e+00
  -2.68403344e-01
   8.59991976e-01
  -6.28211709e-01
  -1.87171815e+00
   1.24386804e+00
  -1.29727367e-01
  -5.31769368e-01
  -7.71394976e-01
   2.08793508e-01
  -1.31618135e-01
   1.44131789e+00
  -1.03023910e+00
  -8.26021361e-01
   3.68918803e-01
   4.32395484e-01
  -1.27895598e+00
   2.16085806e-01
   8.00033466e-01
   1.38469751e+00
   3.39458327e-01
   1.61472982e+00
  -1.09741783e+00
  -6.15210190e-01
  -4.44507088e-01
   1.90784830e-01
  -1.23402568e+00
  -1.05333451e+00
   8.89166999e-01
  -1.11593585e+00
   3.36636275e-01
  -1.00308338e+00
  -4.16835235e-01
  -8.38630626e-01
   8.58862135e-01
  -1.04680993e+00
   1.23557607e-01
  -5.32216690e-02
  -5.00632218e-01
   2.53575326e-01
  -9.46009450e-01
  -1.47845857e+00
  -8.03425302e-01
  -2.64051596e-01
  -6.02094949e-01
  -1.30289991e+00
   2.55411324e-01
   2.09947812e+00
   1.40276414e+00
  -9.64963593e-02
   1.12206377e+00
  -8.12522394e-01
   1.20873858e+00
  -3.08593819e-02
   9.71291169e-02
   1.44323959e+00
   3.50923850e-01
  -2.08740365e-02
  -7.46355723e-01
   8.20191209e-02
  -1.35503744e+00
   1.22193111e+00
   7.67988590e-01
  -1.13830732e+00
  -3.71687761e-01
  -2.96603709e-01
   1.40227435e+00
  -2.11234399e+00
  -1.65466863e+00
  -1.12211760e-01
   1.47777573e+00
   2.03595849e+00
   2.16278957e-01
   4.21539308e-02
  -1.40365629e+00
   2.02077211e-01
  -6.88692089e-01
  -2.82099364e-01
  -2.83899765e-01
  -7.04190672e-01
  -2.39322610e-01
   1.36603212e+00
  -1.59029303e+00
   1.40242359e+00
  -7.80703428e-01
   9.80479488e-01
   1.79663574e-01
  -1.86104347e-01
  -1.67395925e+00
  -8.83871920e-01
   2.09227262e-01
  -1.18031462e-01
   2.12009951e-01
   2.26711980e-01
  -4.72621993e-01
   1.35394039e-01
  -6.06303780e-01
   4.56715325e-01
  -1.10234118e+00
  -1.14413465e-02
  -7.24731361e-01
  -4.96151826e-01
  -3.45644263e-01
   2.42037455e-01
  -2.17530238e-01
  -6.87310303e-02
   3.09800165e-01
   5.57327333e-01
  -3.93407490e-01
  -1.05831685e-01
  -7.83787820e-01
  -1.08154182e+00
   1.25695690e+00
   1.77694502e+00
  -1.45454131e-01
   5.23215618e-01
  -6.30382566e-01
   3.53853266e-01
   2.33162775e+00
  -2.07143041e-01
   6.83740309e-01
  -4.94710823e-01
  -1.44659854e+00
  -5.45294083e-01
  -1.84497615e+00
  -1.04861134e+00
   6.04739218e-01
   6.71799136e-01
   1.46799232e+00
   2.72995137e-01
   8.03613672e-01
  -1.02599878e+00
  -2.34523734e-01
  -9.44115115e-01
  -1.73494813e-01
   7.04732868e-03
   3.87562221e-01
  -9.86853953e-01
   1.01908906e+00
   1.59404104e+00
  -1.46506820e-01
  -9.49165947e-01
   1.52541012e+00
  -1.71539596e+00
   9.87670957e-02
   5.88772950e-03
  -7.06076433e-01
   7.58477036e-01
  -3.37511349e-01
  -6.71790140e-01
   8.85014604e-01
   5.76975308e-02
   5.76193037e-01
  -4.21572010e-01
  -2.32472520e-01
   8.38356548e-01
  -5.89956643e-01
   7.71341317e-01
  -1.67076126e+00
   1.96009818e-02
   1.13432795e+00
   9.74246494e-02
  -2.60026228e-01
   1.04167326e+00
   1.83259579e+00
  -1.33106207e+00
  -6.02138422e-01
   8.38133031e-01
  -1.06174371e+00
  -1.92961890e-01
  -9.89731709e-01
   1.29200725e+00
   7.04197568e-01
   4.87575675e-01
  -5.36698505e-01
   1.49691243e+00
   1.96873447e+00
  -1.38415088e-02
  -1.27353899e-01
   1.99045695e+00
   7.20809527e-01
   1.10932117e+00
   1.54605938e+00
  -8.10664879e-01
   9.73996794e-01
  -7.12670835e-01
   4.71081285e-01
   7.73689731e-01
   3.27598618e-01
   3.16990127e-01
  -7.10953619e-01
   1.99938970e+00
   3.34608223e-01
   6.69756249e-01
  -3.51519404e-01
  -1.33795421e+00
  -5.47644458e-01
  -3.20833547e-01
   6.44488363e-01
  -1.44276551e-01
  -1.95821503e-02
   9.13947732e-01
   1.03459960e+00
   1.02995539e+00
   5.14866129e-01
   9.02888357e-01
   3.02049899e-01
   2.20649262e-01
   1.02798969e-02
  -2.64426608e-01
  -9.11573400e-01
   1.61397219e+00
  -1.94438032e-01
   7.96369790e-01
   5.51967909e-02
  -3.73803083e-01
   1.61555751e+00
   2.89167861e+00
   6.27000789e-01
   7.71796606e-01
   1.80503040e+00
  -5.53089431e-01
  -5.32381622e-01
  -1.51012410e-01
   2.08298487e+00
  -2.94763115e-01
   1.57993920e+00
   1.01909643e+00
  -4.55837598e-01
   2.08620935e-01
  -1.41987172e-01
   1.29008763e+00
   4.39901302e-01
  -1.90241326e+00
   1.99781979e-01
   1.15314607e+00
  -1.78109940e+00
   9.10422112e-01
   2.47959742e-01
   4.51023126e-01
   3.79135881e-01
   1.83340065e-01
   6.94553091e-01
  -8.99954748e-01
  -6.21721874e-01
   3.51712116e-01
  -5.60073680e-01
   7.10146188e-01
   4.61663153e-01
  -6.53169979e-01
  -2.62872904e-01
  -1.21555809e+00
   1.44136542e-01
   1.91003635e+00
  -4.31453723e-01
   4.78781531e-01
  -1.13703074e+00
   1.21801957e+00
  -2.69874585e-01
  -1.00212725e+00
  -1.26060402e+00
   3.64405330e-01
  -6.06330108e-01
   9.39040725e-01
   1.58772913e+00
  -2.34136696e+00
   2.28247200e-01
   7.57551206e-01
  -1.68215346e+00
  -6.51218895e-01
   2.04661962e+00
   4.93240344e-01
   7.87802839e-01
  -7.60001245e-01
  -9.68527273e-01
  -4.13200161e-01
  -1.19825965e+00
   1.20752841e+00
   8.38426125e-02
   3.30125925e-01
  -2.35397757e-01
  -7.53520319e-01
  -8.64048413e-01
   7.64141084e-01
  -1.66807242e+00
  -4.14121712e-01
   9.93546921e-01
  -3.52268303e-01
   1.62288613e-01
  -3.62962388e-01
  -7.15861441e-01
   3.03996136e-01
   9.00620400e-01
  -5.55648103e-01
   2.78899083e-03
   5.18566965e-01
  -8.11701045e-01
  -9.40002865e-01
   2.21347461e-01
   7.14455879e-01
   1.49792424e-01
   3.70324977e-02
   3.74671361e-01
  -5.99473214e-01
   6.70655211e-01
   1.28996648e-01
   8.09360955e-01
   5.17766623e-01
  -8.01803130e-01
   9.19333361e-01
  -1.68365333e+00
  -3.97233982e-02
  -1.88746970e+00
  -7.17611895e-02
   9.48610523e-02
   4.23245317e-01
   2.37680776e-01
   8.15074780e-01
  -2.68228318e-01
  -1.58092390e+00
   2.44359527e-01
   3.62220788e-01
  -2.14044116e+00
  -3.30083293e-01
  -3.44720100e-01
  -1.31547768e+00
   2.26245601e-01
  -1.85684732e+00
  -9.96053651e-02
   3.83265256e-01
   1.22157912e+00
   7.12181792e-01
   2.42106546e+00
  -1.50532205e+00
  -3.15208050e-01
  -1.47973112e+00
   2.04347363e+00
   1.22117726e-01
   6.24680793e-01
  -4.97399370e-01
  -1.44392721e+00
  -1.52757844e+00
   7.98776309e-01
   1.98552185e+00
  -5.93040897e-01
   5.49367669e-01
   1.01034517e+00
   3.01051544e-01
   1.59299344e-01
   1.23393853e-01
  -1.81658556e+00
  -1.49485598e-01
   7.33082769e-01
  -9.34224007e-01
  -2.90744130e+00
   5.03158784e-03
  -4.70898984e-02
   8.07843607e-01
   2.18251602e-01
   8.96681903e-01
   5.87025962e-01
   6.50522597e-02
   2.80849844e-01
  -3.58234681e-02
  -4.12866923e-01
   4.65726580e-02
   3.69329872e-01
  -4.75297978e-01
  -3.92772205e-02
  -8.64865400e-01
   7.62271808e-01
   2.13182913e+00
   4.53836881e-01
   1.37824050e+00
  -1.03140810e+00
  -1.97666028e-01
  -2.16566577e-01
  -8.20581273e-01
   1.40851237e+00
   5.32869967e-01
  -9.50297177e-01
   9.84588363e-01
   6.01742302e-01
  -1.95705088e+00
   1.78824901e+00
   5.84103282e-01
   6.86516248e-01
   5.22974943e-02
  -5.15437469e-01
   4.37410714e-01
  -8.52653246e-01
  -4.91737962e-01
  -1.09209657e+00
   1.25369400e+00
  -1.05336649e+00
   1.08288812e+00
  -3.13663820e-01
  -3.17866342e-01
  -1.45159854e-01
  -9.59195060e-01
   7.56555704e-02
   5.28451158e-01
  -7.29555819e-01
  -1.25322363e+00
   7.39719502e-01
  -2.20493603e+00
  -1.26038499e+00
   3.40407355e-01
   1.25956965e+00
  -8.48639896e-01
  -2.18946951e-01
   1.09443246e+00
  -1.52213739e+00
  -1.12029561e+00
   9.11256372e-01
  -1.66339541e-01
   1.87666392e+00
   1.01760943e+00
  -8.61825109e-01
   1.18367428e-01
  -8.40224720e-01
   8.20786159e-01
  -2.91454780e-02
   1.13665594e+00
  -2.58724854e-01
  -2.72351102e-01
  -1.61419595e+00
   3.63921388e-01
   6.34174694e-01
  -1.17059390e+00
   1.23071895e+00
  -3.59826422e-01
  -1.09186113e+00
   7.12090349e-01
  -1.08382154e+00
  -1.33412593e+00
  -5.80235087e-01
  -2.58338749e+00
  -3.70253437e-01
  -1.25115327e+00
  -1.98077249e-01
  -2.14573533e-01
  -2.12923152e-01
  -1.56177806e+00
   8.41243844e-02
   6.29904640e-01
  -4.36125098e-01
   1.45789261e+00
  -5.04124301e-01
  -3.80817899e-01
  -1.09392039e+00
  -1.04200160e+00
  -1.30046388e+00
   3.69613020e-02
   1.22606873e+00
  -6.33811367e-01
  -5.84709757e-01
   1.19128517e-01
  -2.56279686e-01
   1.43464623e+00
  -1.42300329e+00
  -7.31088716e-01
   6.03624698e-01
  -1.20443663e+00
  -9.05948846e-02
   8.43728584e-01
   5.08458743e-02
   3.24119084e-01
   9.27262869e-01
  -3.72303886e-01
  -9.36779307e-01
   1.30219797e+00
  -2.19773224e-01
   3.34042116e-01
   8.35071443e-01
  -2.62347581e-01
   9.83034451e-01
  -3.51409471e-01
  -8.25593381e-01
   5.09056842e-01
   1.68010843e+00
  -1.17112710e-01
  -4.97469969e-01
   1.11597323e+00
  -5.99453079e-01
   9.18676043e-01
   5.28518302e-01
   1.24938309e+00
   4.23343463e-01
  -8.19692016e-01
   5.16349315e-01
  -3.81359434e-01
  -1.92669922e-01
  -2.07343059e+00
  -2.32425866e-01
  -6.97031590e-01
  -2.50276735e+00
   8.56325133e-01
  -6.61898323e-01
  -1.59460535e-01
  -1.67652344e+00
   9.20961198e-01
  -1.87455420e-01
   1.36209172e+00
   5.67997269e-02
   1.86293793e+00
  -1.30134614e+00
  -1.58276366e+00
  -5.35735068e-01
  -8.24962679e-01
   4.34205613e-01
   5.30357389e-01
  -9.83280001e-01
  -1.15953447e+00
  -6.19154323e-01
  -2.25839243e-01
  -5.62694373e-01
  -5.05233607e-01
  -1.88074338e-01
   1.37135039e+00
   1.26999173e+00
  -1.92094461e-01
   1.01412778e+00
  -1.07724320e+00
  -2.09112697e-01
  -6.07967485e-01
   3.86979639e-01
  -2.62409697e-01
  -7.04401946e-01
   7.07585824e-01
  -1.31439975e+00
   7.65935853e-03
   1.81394819e+00
  -9.23044363e-01
   5.45510468e-01
   7.29363156e-01
   4.54795634e-01
  -9.14163780e-01
  -1.28998444e+00
  -1.27758429e+00
  -6.23265898e-01
  -4.66891087e-01
   2.19917872e+00
   6.64408767e-01
  -2.54500706e-01
  -2.34467388e+00
   1.33849310e+00
   3.80509373e-01
  -1.00748652e-01
   4.78361811e-01
  -4.56583068e-01
   1.27944470e+00
  -2.31789757e-01
   3.01675255e-01
   7.74252121e-01
   4.38073161e-01
  -4.09496104e-02
   7.07164606e-01
  -3.98539208e-01
  -3.18787344e-01
  -1.07119696e+00
  -1.16564226e-01
  -7.22203585e-01
  -3.18551226e-01
   1.55359311e+00
   3.54848833e-01
   1.12222808e+00
  -1.26617182e+00
   4.70905404e-01
  -9.23805329e-02
   1.99718107e+00
  -2.67735772e-01
   3.42278760e-01
  -9.39807982e-01
   3.04947537e-01
   6.09808919e-01
   2.03481034e-01
   2.20649827e+00
   1.11953719e+00
   4.39258945e-01
   3.77716243e-01
   8.15737861e-01
   7.19436786e-01
   8.62619586e-01
   1.70024194e+00
  -6.24100733e-01
  -1.68594177e-01
   1.31513706e-01
   1.41815701e+00
  -1.21713491e+00
  -1.12187816e+00
   1.10732680e-01
   7.77725536e-02
   7.07362130e-01
   1.08244893e+00
  -3.41654889e-01
  -4.56836651e-01
   3.13877796e-01
  -8.27027061e-02
  -2.76000550e-01
   1.02556765e+00
   7.31794372e-01
   9.48578032e-01
   5.01440298e-01
  -4.93575847e-01
  -1.51896778e+00
  -9.66623750e-01
  -1.04450437e+00
   5.67312713e-01
   1.26754603e+00
   1.61424686e+00
  -1.66655301e-01
  -9.24822088e-01
   2.80173455e-01
   9.29253969e-01
  -7.40001417e-01
   4.52060032e-01
   6.19230722e-01
  -6.77650734e-01
   9.15628256e-01
   2.21224938e+00
  -9.86118719e-02
   1.28922887e+00
  -2.07764695e-01
  -1.14466365e+00
   9.45824536e-01
   1.81831988e+00
  -1.56335953e-01
  -4.25809367e-01
  -8.69515351e-03
   5.03957955e-01
  -2.72906399e-01
   8.29198338e-01
  -1.02631408e+00
  -3.84309129e-01
  -1.76117009e-01
  -1.59968350e-01
   3.81937983e-01
  -9.78937865e-01
   9.72836471e-02
   7.61103033e-01
   8.31766541e-01
  -2.18149277e+00
   7.98850078e-01
  -1.57517331e+00
  -1.30668301e+00
  -4.09217890e-01
  -1.95129126e+00
   1.37789684e+00
  -1.05920112e+00
  -1.17679643e-01
   7.85756967e-01
  -6.05251000e-01
  -1.81576683e+00
  -2.39902732e-01
   2.66109938e-01
  -5.40406954e-01
   8.24759537e-01
  -1.40588955e+00
  -4.14764727e-01
   2.00410821e-01
   4.54880229e-01
  -1.39375965e+00
   9.03475026e-01
   6.81718841e-01
   4.27482632e-01
   8.71103990e-01
   7.21860419e-01
  -2.18622543e+00
   6.03634350e-01
   5.38967867e-01
  -6.97255302e-01
   1.87937571e-01
   7.80728221e-01
  -2.24663768e+00
  -7.11486478e-01
   2.79292781e-01
  -4.01952598e-01
   7.21095414e-01
  -1.08451040e+00
   2.18945794e+00
  -3.98986261e-01
  -6.23298628e-01
   2.11245229e+00
  -1.08199070e+00
   1.42736512e+00
   1.18453255e+00
  -2.38675734e-01
   7.98181606e-01
   1.10770521e+00
   5.37720237e-01
   8.87134161e-01
   3.53520602e-01
  -8.46912747e-01
  -1.70900767e+00
  -5.30270812e-01
   1.34510723e+00
  -8.94804324e-02
   7.95007394e-01
  -9.89522468e-02
   5.84971433e-01
   1.30337970e-01
  -2.46168208e-01
  -9.16080663e-01
  -1.51244793e-01
   1.00095821e+00
  -4.36868497e-01
  -1.55039619e+00
  -5.23098075e-01
   1.39115120e+00
   6.46462352e-01
   8.01739322e-02
  -1.01756277e+00
  -6.99624833e-02
  -1.96213598e+00
  -2.78578018e+00
  -7.16552046e-01
   8.27303164e-02
   4.38001386e-04
   6.74387511e-02
   7.25808219e-01
  -5.18123188e-01
   1.09296734e+00
   1.06457526e-01
  -1.53258965e-01
  -3.30024542e-01
   1.94637242e-01
  -2.83749734e-01
   3.55970369e-01
  -1.15542158e+00
  -1.40931338e+00
   1.50214349e+00
  -3.71491486e-01
   1.13343851e+00
  -8.04606813e-02
   1.31037501e+00
   1.82063228e+00
   5.66117681e-01
   2.01997736e-01
   1.08063144e-01
  -6.54587128e-01
  -1.56631698e+00
  -7.38501489e-01
   5.70367892e-02
   2.24853776e-01
   4.57624017e-01
   8.33188553e-02
  -1.29121690e+00
   8.66317306e-01
  -2.49684389e-01
   7.51140583e-01
   3.26459364e-01
  -1.14522595e+00
  -1.38019572e+00
   6.07352563e-01
  -1.69944894e+00
  -1.13830391e+00
  -1.64101645e+00
  -4.24686382e-01
  -2.02927517e-02
   1.40108648e+00
   7.22319887e-01
  -5.14998985e-01
  -3.96118944e-01
  -3.49735544e-01
   7.66909162e-01
  -1.91943708e+00
  -1.09660352e+00
   5.73851622e-02
   1.47459315e+00
   3.38255857e-01
   7.85490707e-01
  -1.39248544e-01
  -2.69399971e-01
   6.55409717e-01
   1.31908836e+00
   1.89488626e+00
   1.95983015e-01
   6.56266633e-02
  -2.17479367e-01
  -5.45891217e-01
   8.32501594e-01
   6.11025408e-02
  -2.39097449e-02
  -4.99873964e-01
  -7.60343518e-02
   1.56210044e+00
   3.30206653e-01
   6.44039954e-01
  -3.42645417e-01
  -7.12857846e-02
  -9.09614380e-01
   1.29232882e+00
   2.77880499e-02
  -3.61602949e-01
  -1.53984125e+00
   7.89970275e-01
   8.50268648e-01
  -5.63803251e-01
  -9.85424933e-02
   4.29342719e-01
  -1.24632277e-01
   2.70979540e+00
  -4.61819452e-01
  -2.84848225e+00
   1.32119196e+00
   1.41568767e+00
  -6.04738310e-01
  -9.53421926e-01
  -2.32964839e-01
  -1.37362429e+00
   6.49072633e-01
   5.18324610e-01
   1.36535899e+00
  -4.89824942e-01
  -8.02613920e-01
   3.35526701e-01
   5.76579791e-01
  -4.60720893e-01
  -2.67158914e+00
   1.06400687e+00
  -1.10733688e+00
   3.36206099e-01
  -1.60841152e-01
   2.86745366e-01
   1.27091902e+00
  -5.81177756e-01
  -3.93436493e-01
   8.45018719e-01
   3.81075406e-01
  -4.94139817e-02
  -1.50803048e-01
  -6.68165234e-01
   1.57583749e+00
   5.93250482e-01
  -1.12651642e+00
   4.28618672e-01
  -6.50856426e-01
   6.81594680e-01
  -6.74343645e-02
   1.91916028e+00
  -9.39616930e-02
  -2.09566941e+00
  -1.04858301e+00
  -1.96038462e+00
  -3.65498083e-01
   2.09263226e-01
  -1.41383905e+00
   2.85836004e-01
  -3.15846807e-01
  -1.08385505e+00
  -1.29697061e+00
  -4.11973387e-01
  -4.25355844e-03
  -3.66438555e-01
  -3.85122810e-01
  -1.17859197e+00
   1.44840418e+00
   2.62114695e-01
  -9.64271547e-01
   1.04283555e+00
  -4.99881210e-01
   1.54004386e+00
  -1.16331585e+00
  -7.88195192e-01
  -1.42885993e+00
  -1.47385034e+00
   6.78961911e-01
   4.99025670e-01
   2.51036293e+00
   3.94984845e-01
   1.03589284e-01
  -6.84255371e-01
   1.41671229e+00
   6.13428590e-01
  -8.48478620e-01
   3.55904299e-01
  -1.63244438e-01
   4.41612985e-01
   7.42254105e-01
   1.42783084e+00
  -7.97180467e-01
   7.78340467e-01
   3.77122195e-01
  -5.38075792e-01
   1.41345441e+00
   1.46968117e+00
  -3.24120363e-01
   4.56187995e-01
   1.87197361e+00
  -5.30433335e-01
  -1.64658670e-01
  -9.37901807e-03
  -1.61298413e+00
  -1.57163941e+00
  -1.32135476e+00
  -7.64671256e-01
  -2.05190982e-01
  -2.82404540e-02
  -5.33136833e-01
  -1.53622007e+00
   1.50251782e+00
  -8.99214993e-02
   4.79274025e-01
  -4.33781132e-01
  -2.44603303e-01
  -2.29457187e-01
   7.40778720e-01
   5.99869358e-01
  -2.30306273e-02
   2.75136218e-01
   8.74157492e-01
   1.57079784e-01
  -1.02411517e+00
   1.05016651e-01
   6.82116371e-01
  -5.75416653e-01
   1.71281595e+00
  -1.82334108e-01
  -5.82502031e-01
   1.55234654e+00
   4.81172974e-01
   1.26708671e+00
  -1.36764460e+00
  -1.13478048e+00
  -2.04011344e+00
   1.72580190e+00
  -1.78896071e+00
   1.89936854e+00
  -7.05006143e-01
   1.49401339e+00
  -3.85543209e-01
  -1.75221680e+00
  -4.68475065e-01
   2.24662492e+00
  -7.62872100e-01
   2.00075030e-02
   1.22012297e+00
  -7.89122678e-01
   8.66637835e-01
  -9.62989843e-01
   1.43685290e+00
  -1.47392067e+00
  -1.63656135e+00
  -2.60789125e-01
  -6.60829672e-01
  -3.39271587e-01
   9.96757196e-01
  -7.06224428e-01
  -1.87808214e+00
  -1.95761671e+00
  -5.77611675e-01
   1.88226550e+00
  -1.35961125e-01
  -1.43058615e-01
   8.87494609e-01
   9.75975900e-03
   4.43947133e-01
  -2.28957129e-01
  -2.01574755e-01
  -8.31432941e-01
   1.91927534e+00
   1.15596388e+00
   3.39857567e-01
   8.72427834e-01
  -1.61512554e+00
   2.44834561e+00
   3.08249747e-01
  -8.11763138e-01
   6.22119465e-01
  -1.50276780e+00
   7.09430796e-01
   1.22167492e+00
  -2.41972582e-01
   1.22757311e+00
  -1.13628677e-01
   5.50686651e-01
   9.72757346e-01
   2.03372108e-01
  -1.33178307e+00
   1.87068800e+00
  -2.11009787e+00
   1.96390744e-01
  -2.19692643e+00
  -1.18259641e+00
   7.96177238e-01
   2.46677425e-01
   2.92454882e-01
   4.25084833e-01
   9.23702793e-01
   1.53653679e+00
   2.80193632e-01
  -2.05292019e+00
  -2.61337092e-01
   1.20271067e+00
  -1.14744457e-01
  -7.60718638e-01
   2.66250959e-01
  -2.66851903e+00
  -1.22274594e+00
  -4.74294184e-01
  -1.76486739e+00
  -1.35458928e-01
   3.32736313e-01
   8.64387945e-01
  -4.43973730e-02
  -4.78059561e-01
  -9.12784298e-01
  -9.96365257e-01
   6.90146062e-01
   7.47288991e-01
  -2.08561256e-01
   1.51860449e+00
  -9.00164485e-01
  -3.60848841e-01
   1.39993786e+00
   5.42330525e-01
   1.34768826e+00
   5.62813176e-01
  -2.61200874e-01
   4.20098147e-01
   3.98639617e-01
  -3.18912134e-01
  -9.64124231e-01
   3.26884786e-01
   2.04088360e-01
  -5.92924065e-01
  -6.02813113e-01
  -3.55516060e-01
  -3.59395807e-01
   1.71253250e+00
  -9.27924399e-01
   9.55491071e-01
   4.61418047e-01
   1.73359890e-01
   1.84649304e-01
  -7.81016786e-01
  -2.43642024e-01
  -2.04186045e-01
  -7.61170148e-02
   1.32720817e+00
  -1.82910866e+00
  -1.68236056e+00
   7.77862913e-01
  -1.33280131e+00
   3.54731985e-01
  -1.00532200e+00
  -1.72777084e-02
  -1.07455852e+00
   4.54034271e-01
   6.40246210e-01
  -7.29022253e-01
  -9.86017431e-01
   1.69037558e-01
   1.03639670e+00
   7.13594799e-01
   6.87802492e-01
  -3.96871955e-01
   4.05277720e-01
   1.06869337e+00
  -1.75966972e+00
   1.18513988e-01
   2.02728297e-01
  -1.13184605e+00
   7.42474798e-01
  -3.11893492e-01
  -6.17828300e-01
   9.26973800e-01
   1.34588146e-02
   2.43771202e-01
   2.23944168e-01
  -1.38922884e+00
  -1.20576553e+00
  -7.82123414e-01
   2.26723078e-01
   7.05947436e-03
  -1.27690874e+00
  -6.83871456e-01
  -1.03449096e+00
   6.97986151e-01
  -6.61917360e-02
   1.63754696e-01
   1.64140352e+00
   7.51911309e-01
  -1.08025611e+00
  -1.33549281e-01
   1.96099915e+00
  -4.02559033e-01
  -2.05907400e-01
   5.43269477e-01
  -1.99673880e+00
   1.51865050e+00
  -8.18573009e-01
  -2.07386262e+00
   1.27897696e-01
  -2.69831116e-01
   4.79295781e-01
  -1.81182710e+00
   1.12256822e-01
  -8.25909410e-02
  -1.47955037e+00
  -1.51367431e+00
   9.47634862e-01
  -1.11817060e+00
   1.16143597e+00
  -1.14986128e+00
  -1.61070313e-01
  -7.55107886e-02
   1.00815594e+00
   1.24050443e+00
  -1.32189552e+00
  -1.31399522e+00
  -1.38898778e+00
   1.04376912e+00
   2.37107445e-02
  -2.89544608e+00
   2.58145522e-01
   7.99407618e-01
   6.89295246e-01
   5.38514326e-02
  -2.08095812e-01
   1.14399473e-01
  -1.30351019e+00
   3.54657456e-01
   7.91681719e-01
   5.24518942e-01
  -2.03286988e-01
  -2.78370888e-01
  -1.18116745e-01
   1.25480499e+00
  -9.14986254e-01
  -7.01261078e-01
   1.45224827e-01
   8.77735000e-01
  -9.06750316e-01
   7.09597432e-01
  -1.34143756e+00
  -1.84925052e+00
  -2.98513432e-01
   2.10415665e+00
  -2.02575509e+00
  -2.22712180e-01
  -7.74023197e-02
   1.19973128e+00
   2.85932153e-01
   2.52009063e-01
   6.19892596e-01
   1.37536557e+00
   1.03726664e+00
   1.17169078e+00
   1.77072369e+00
  -1.13376574e-01
   8.25564815e-01
  -1.01653110e+00
   1.17850219e-01
  -5.42300127e-01
  -1.47850022e+00
  -5.19453976e-01
  -1.76530473e+00
   1.22680805e+00
   1.48108743e+00
   6.74834902e-01
   8.89145850e-01
  -7.14222224e-01
  -1.34949718e+00
  -5.45606758e-01
  -1.96033325e+00
   3.05323895e+00
  -4.97408589e-01
   1.39939063e+00
   6.17649021e-01
   1.14108480e+00
  -1.12765429e-03
   4.52740989e-01
  -2.21521485e-01
  -8.94979295e-01
  -1.02392700e+00
   2.08777375e-01
   8.36252052e-03
   4.70169432e-01
  -1.44210054e+00
   4.13208656e-03
  -6.30493545e-02
   1.20999748e+00
  -1.02288396e+00
   1.51506418e+00
   8.92260023e-01
  -1.47196853e+00
  -1.19672627e+00
  -1.44068810e-01
   8.58678570e-01
   3.31886994e-01
  -2.79910431e-01
   6.78852654e-01
  -1.00058922e+00
  -1.57544165e+00
  -1.01998754e+00
  -4.75402843e-01
  -1.25149983e+00
  -1.32077214e+00
   1.01999792e+00
   4.74290031e-01
  -3.71572368e-01
   1.69454463e+00
  -1.69858474e-01
   4.35884845e-01
  -5.63672684e-01
  -9.79910633e-01
  -1.30516170e+00
   7.59065994e-01
  -2.06140728e-01
   1.26243194e+00
   6.05596105e-01
  -8.72991292e-02
   9.06674501e-01
  -1.00840930e+00
  -1.20425525e+00
   3.39271542e-01
  -6.57806594e-01
  -6.24642985e-01
  -6.73970999e-01
   5.57891714e-01
   1.99069427e-01
   1.38725033e+00
   5.46543878e-01
   4.21613285e-01
   1.25561388e+00
  -4.34868305e-01
   1.19653845e-01
  -1.90657612e+00
  -7.39859424e-02
  -9.57229849e-02
   4.47559317e-01
  -7.88307635e-02
   1.49702605e-01
  -7.22961637e-01
  -1.53522837e+00
  -1.00121607e+00
  -1.30226757e+00
   8.55003830e-01
   3.34309853e-01
  -1.48165386e+00
   8.78968090e-01
   4.79026014e-01
   3.37924668e-01
  -3.53805112e-01
  -1.52555465e+00
  -9.27804158e-01
   6.63535542e-01
   5.00374486e-01
   2.94080160e-01
   3.14392354e-01
   1.55291986e+00
  -2.30587244e-01
   1.63585244e-01
  -5.64513019e-01
  -3.17434937e-01
  -3.69577339e-01
   8.36578561e-01
   2.77215650e-01
   1.18479457e-01
   8.45807529e-02
   9.11936546e-01
  -1.70001980e+00
   7.23622678e-01
  -1.55932666e+00
  -4.29447755e-01
   4.73003073e-01
   2.93533889e-01
   7.49275047e-01
  -1.45491265e+00
  -8.23437455e-01
  -1.14880977e-01
  -1.43885518e-01
  -1.29838006e+00
   1.40010732e+00
  -3.71191412e-01
  -3.03785358e-01
   1.26695613e-01
   3.96264202e-01
   7.46354834e-03
  -2.45799745e-01
   1.57548950e-01
   1.49009982e-01
   7.97397170e-01
   5.82304743e-01
   8.63764414e-02
   1.78389031e+00
  -3.69925242e-01
   3.84201600e-01
  -1.24162242e+00
   4.60702931e-01
  -6.88337230e-01
  -8.81718282e-01
  -5.26704262e-02
   2.80326010e-01
  -3.18851638e-01
   7.56620600e-01
   1.35623349e+00
   1.58880818e-02
   2.11103125e+00
   6.34881035e-01
   2.63564012e-01
  -1.46959123e+00
   6.05554945e-01
   9.50609936e-01
   1.53787277e+00
  -5.63301742e-01
   6.75065340e-01
   9.19574403e-01
   1.37244170e+00
   8.15915129e-01
   1.88172603e+00
  -1.74291970e+00
   5.89342021e-01
   5.69796446e-01
  -6.83701413e-01
  -9.90226188e-01
   3.45172246e-01
   7.63445659e-01
   5.74135757e-01
   3.97558374e-01
   9.82803637e-01
  -3.21894008e+00
  -1.78722893e+00
  -1.85203604e+00
  -1.18032422e-01
   1.31134055e+00
   3.15699403e-01
  -1.26303234e+00
   6.09460640e-01
  -7.82143795e-01
   1.53273756e+00
   1.68048466e+00
  -1.30425622e+00
  -8.23270765e-01
   1.62278552e-01
   5.40949079e-01
  -5.76478620e-01
   2.11046681e+00
   4.17009915e-01
   1.91579388e+00
  -1.61680776e-02
  -5.08173462e-01
   5.77166748e-01
  -2.71429577e-01
  -6.54550746e-02
  -3.28337292e-01
  -1.04592353e+00
   3.75884679e-01
   5.48653982e-01
   1.26373212e-01
  -6.14231189e-01
   1.19333030e+00
  -3.80149991e-01
   3.34383741e+00
  -1.10488895e+00
   2.59829037e-01
   1.11906626e+00
   1.99688248e+00
  -1.48271856e-01
   7.16770692e-01
  -1.23302371e+00
  -8.93840274e-01
  -1.63839648e+00
  -1.19659442e+00
  -9.80106730e-01
   2.08501946e+00
  -2.94039291e-01
  -3.98941818e-01
   1.45537113e+00
  -1.22722101e+00
  -9.05144593e-01
  -2.34808584e-01
  -8.41357740e-01
   8.76873033e-01
   6.72916742e-01
  -6.71369441e-01
  -9.86794961e-01
   1.10695704e+00
  -9.37630479e-01
  -1.44732394e-01
   2.42299436e+00
  -8.87874404e-01
  -2.80411734e-01
   6.25455169e-01
   7.78922695e-03
   8.86027163e-01
  -8.82332813e-01
   7.25450129e-01
  -4.37587851e-01
   2.95894818e-01
  -1.33882847e-02
  -8.99381294e-01
   1.21530054e+00
  -5.47619672e-01
  -4.11867232e-02
   1.78749629e+00
  -6.42612813e-02
  -6.90060966e-01
   6.64311515e-01
   4.67871640e-01
  -8.72912116e-01
  -4.13306148e-02
  -1.36654879e+00
   5.82453269e-01
  -5.54889250e-01
  -1.58114784e-01
  -1.64801834e+00
   3.32170092e-03
   1.26078822e-01
   4.06494651e+00
  -3.93122021e-02
  -1.02152160e+00
  -6.20022787e-01
   6.48609092e-01
   5.46743353e-01
  -4.75192740e-01
   4.54073411e-01
  -4.17263296e-01
  -8.20351466e-02
   2.99348835e-02
   1.65418406e-01
  -2.31276415e-01
  -1.33562924e+00
  -1.44773108e-02
   5.18190581e-03
  -2.56068326e-01
  -1.28302640e+00
   1.98422945e-01
  -8.41827847e-02
  -5.26354708e-01
  -5.05894499e-01
   4.28858997e-01
   1.05983135e+00
   6.00790966e-01
   6.48351106e-02
   7.24707321e-01
   5.37290249e-01
  -2.63464838e-01
   6.51425679e-02
   9.19649570e-02
  -1.75478869e+00
   8.63702120e-01
  -8.49286642e-01
   2.68539483e-01
  -4.86304302e-01
   1.02658698e+00
   1.01139891e+00
  -1.36555373e-01
   3.97292559e-01
   1.11180254e+00
  -2.53882237e+00
  -1.13041211e-01
  -8.96519987e-01
  -7.31003971e-01
  -4.67846293e-02
  -1.32907250e-01
  -6.19506347e-01
  -1.12515207e-01
  -4.27339414e-01
   2.21132428e+00
   4.17076870e-01
  -1.64793983e-01
   1.29781836e+00
  -7.47293518e-03
  -1.08180570e+00
  -2.24051395e-01
  -1.09915089e-01
  -3.62912437e-01
   3.21951579e-01
  -2.07388465e-01
  -2.09194378e+00
   2.81425357e-01
  -5.43379500e-02
   4.02827211e-01
  -7.17909917e-01
  -1.07932976e+00
   3.06114120e-01
   6.65817080e-01
  -9.81390829e-01
  -1.26363747e+00
   1.15174972e+00
   4.58088482e-01
   8.77909817e-01
   1.46547933e+00
  -7.64310102e-01
  -6.92464654e-01
   9.97359562e-01
  -1.21547354e+00
   1.05305104e+00
   7.36548935e-02
   1.79788275e-01
   1.03253969e+00
  -9.23387233e-01
  -2.09528011e+00
  -8.45824215e-01
  -2.99382812e-01
   3.52018027e-01
   6.02505456e-01
   6.84698416e-01
   1.23071551e+00
  -3.49643612e-01
   1.68854686e+00
  -7.12522386e-01
  -7.81704221e-01
   1.19699284e+00
   1.16176601e+00
  -7.48696023e-02
  -8.58895848e-01
  -8.54282339e-02
   3.53857051e-01
  -3.03197035e-01
   1.75860396e+00
   1.52537218e-01
  -5.80773352e-01
  -6.75547018e-02
  -1.01375754e+00
  -3.60425279e-01
   8.37242225e-01
   6.96560969e-02
  -1.03895345e+00
   4.06069388e-01
  -7.99440868e-01
  -6.52923348e-02
   3.59492511e-01
  -1.61908435e+00
  -1.33754529e+00
   2.66601003e-01
   1.04665795e+00
  -3.19486097e-01
  -1.30578089e+00
   1.72779366e-01
   1.91592534e+00
  -9.65353343e-01
   3.41547538e-01
  -9.71432480e-01
   8.14985587e-01
   3.36336143e-01
   1.25365298e+00
   1.47955913e+00
   9.09977534e-01
   1.74645602e+00
  -8.53572633e-01
   9.09827069e-01
   2.39916312e-01
  -2.80185889e-01
   1.07470492e+00
  -7.10030562e-01
  -1.41806570e+00
  -2.97858707e-01
  -3.55021592e-01
   9.59124799e-01
  -5.13016104e-01
  -3.82131109e-01
  -5.52118008e-01
   9.10854656e-01
   1.09929893e+00
  -1.30356756e-01
  -4.69283232e-01
   1.57519018e+00
  -2.24405889e+00
   5.47083455e-01
   7.11452546e-01
   1.54953258e+00
   1.14296177e+00
  -1.74092368e+00
  -1.51796954e-01
   8.58501896e-01
  -1.05207589e+00
   7.26522646e-01
  -1.68264627e-01
   1.00511324e+00
  -1.64059148e+00
   1.19429234e+00
   2.84392233e-01
   2.29858304e+00
   6.16174891e-01
   1.50970032e-01
   6.65023654e-01
  -2.04506286e-01
   6.32155058e-01
  -1.54739426e+00
   1.22780368e+00
  -5.75921166e-01
   4.67196879e-01
  -5.22075691e-01
   5.52595080e-01
  -1.65683163e+00
  -1.22767763e+00
   1.33858984e+00
   4.30569638e-01
   1.29434485e-01
  -1.69266230e-01
   6.60761779e-02
   1.58014767e-01
   5.30430871e-04
   2.95727053e-01
   3.22206018e-01
   1.50465046e+00
  -5.66494874e-01
  -9.59922296e-02
  -2.29359319e-01
  -6.54715817e-01
  -1.54843256e+00
   7.20662088e-01
  -5.26245833e-02
  -1.73080480e+00
   5.07227409e-02
   1.69237969e-01
  -1.11198440e+00
   1.05254856e+00
  -5.41880747e-01
   1.83071258e+00
   2.14213888e+00
   1.07528866e+00
   3.22804155e-01
  -1.65045313e+00
   1.36448186e+00
   8.85125269e-01
  -4.28299010e-01
  -4.41344386e-01
   9.43961151e-01
   5.74566297e-01
   3.26236131e-01
  -1.41332868e+00
   5.30116979e-01
   6.73083906e-01
   3.35799561e-01
   3.68326267e-01
  -5.18797463e-01
   2.41205528e-04
   9.53095331e-03
   1.77483844e-01
   2.35611355e+00
   3.78087442e-01
  -3.61585187e-01
  -2.15077403e+00
   1.65656141e+00
  -1.19288959e-01
   2.37683255e+00
  -6.25623755e-01
  -8.03295533e-02
   3.32760885e-01
   2.19415581e-01
   1.86162573e+00
  -8.66352177e-01
  -8.53168553e-02
  -6.49879880e-01
  -1.27585401e+00
   7.84948864e-01
  -1.38044981e+00
  -6.29180126e-01
   4.72326750e-01
   3.12023232e-02
  -7.49571943e-01
   1.15713502e+00
   8.09805734e-01
   1.69005722e-01
  -1.39934684e+00
  -2.13656337e+00
   1.06767502e-02
   1.55364407e+00
   2.06608052e-01
   1.51842884e+00
   7.34622548e-01
   1.72718627e+00
