  -1.10946976e-01
   6.16499425e-01
  -5.82654545e-01
  -8.94788257e-02
   3.66942837e-01
   4.45387192e-01
  -4.99204770e-01
  -4.07960445e-01
   4.40946915e-01
  -1.34241268e-01
   2.97704658e-02
   6.85678608e-01
  -2.79454554e-01
  -1.80106016e-01
   1.18050050e+00
  -3.91504325e-01
   1.99664131e-01
  -3.38522881e-01
  -1.10135464e+00
  -1.65401266e+00
  -4.22559382e-01
  -5.52207784e-01
   1.82069225e+00
  -1.57305314e-01
  -3.90659455e-01
  -2.78909081e-01
  -1.26532410e+00
   3.45608629e-01
  -1.02104059e+00
   2.51573596e-01
   2.89443550e-01
   6.33907708e-01
   5.49122420e-01
  -1.02449481e+00
  -8.14393127e-01
  -1.45372480e+00
   6.09481897e-01
   7.98063763e-02
  -1.76019649e+00
  -7.26973989e-01
  -2.05735097e+00
  -2.00409293e-01
  -2.90164994e+00
   9.47985273e-01
   1.40857360e+00
   1.59649677e+00
  -8.01580994e-01
  -1.84573633e+00
  -7.60507001e-02
   2.15690189e-01
  -1.06648288e+00
  -4.74124312e-01
  -1.97120298e+00
  -6.56231555e-01
  -1.50439519e+00
   5.25921937e-01
  -4.91520384e-01
  -3.37107037e-01
  -7.48816693e-01
   1.82777963e+00
  -8.19060966e-02
  -4.12559067e-01
   8.25812726e-01
   3.45976597e-01
   8.86285463e-02
   2.15032383e-01
  -3.78135624e-01
  -2.90615997e-01
  -4.01426109e-01
  -1.27214238e-01
   6.13491400e-01
   2.64501073e-01
   1.69779258e+00
  -5.14738957e-01
   1.04024929e+00
  -6.89401266e-01
  -1.74142084e-01
  -1.69007626e+00
  -4.30703232e-01
   1.17005090e+00
  -7.74538509e-01
  -1.35393375e+00
   1.04276197e+00
   1.29125906e-01
  -9.17247056e-02
   4.17084640e-01
  -1.49653815e+00
  -6.86149388e-01
  -1.41101984e+00
  -2.45463138e+00
  -4.84589901e-01
  -5.85349766e-01
   7.58237444e-01
  -5.87811724e-01
   5.30610443e-01
  -1.24321871e-01
   7.23902003e-01
   1.41850284e+00
  -1.62541352e+00
  -4.14309909e-01
   1.09640054e+00
  -1.39809868e-03
  -2.21378485e+00
  -2.32293774e-01
  -6.22090229e-01
  -5.26383575e-01
  -1.93146417e-02
   9.00596519e-01
   1.11475308e+00
   6.65701863e-01
   2.45318648e-01
  -1.58269480e+00
  -1.17298964e+00
   8.12989105e-01
   2.84742169e-01
  -3.57338803e-01
   1.07175134e+00
  -5.17954952e-01
   3.44140725e-01
   2.57672195e-01
  -2.29746195e+00
   3.49189050e-02
   1.06889660e+00
   1.29321146e+00
   7.04293748e-01
  -4.66479570e-01
  -1.69877969e-01
  -9.98703602e-01
   3.12024962e-01
   4.25482145e-01
  -6.19297222e-01
  -4.34083609e-01
   1.64888350e-01
   1.09608595e+00
   9.22206520e-01
  -1.45147814e+00
   1.04492454e+00
   1.12271157e+00
   4.88436485e-01
  -3.20640566e-02
   3.56703670e-01
   1.98414275e-01
   1.47267494e+00
   1.99088918e+00
   3.29110005e-01
   9.41921079e-01
   5.86382004e-01
   1.09317144e+00
  -3.31980492e-01
   4.84995044e-01
  -7.40158540e-02
  -2.15049750e-01
   3.29625440e-01
  -1.42206725e-01
  -6.17118018e-01
   3.62764856e-01
   1.11245149e-01
  -9.50844929e-02
  -1.38719898e+00
  -2.61579634e+00
   1.28847802e+00
   5.60001320e-01
   6.23915231e-01
   4.16782866e-01
   3.09465382e-01
   1.40041539e+00
   1.61946397e+00
   9.86210784e-01
  -4.62798745e-01
   1.19344247e+00
  -1.71197440e+00
   7.98115835e-01
  -9.54905702e-01
  -8.97451187e-01
  -1.44818621e+00
  -1.26316430e+00
   2.57951460e-01
   1.04702800e+00
  -4.09843684e-01
  -2.72405366e-01
  -1.05377765e+00
  -1.75680741e+00
   1.28952364e-01
   1.31744191e+00
   2.01220503e+00
   1.26706810e+00
   3.07897007e-01
  -1.88063917e+00
   7.47302236e-01
  -1.26063033e+00
  -9.21019185e-01
   6.67382338e-02
  -1.52621430e+00
  -9.22009383e-02
  -1.73454461e+00
  -2.85807051e-02
  -6.90532487e-01
   2.30028196e+00
   2.68742754e-01
   3.05990489e-03
  -1.39735164e+00
   1.40363728e+00
   1.46115456e+00
   5.73462784e-01
   3.21995949e-01
  -8.04897420e-01
   4.65998631e-01
   3.05042837e-01
   1.11432461e+00
   4.51167331e-01
   8.00485177e-01
  -1.46423529e-01
  -3.74356934e-01
  -5.52064327e-02
  -1.12590160e+00
  -1.25213323e-02
  -3.26312511e-01
   1.20442399e+00
   1.21832685e+00
   9.73740561e-01
   1.67168916e-01
  -8.35894302e-01
   1.67869541e+00
   2.81566702e-01
  -1.43769134e-02
  -2.59218157e-01
   3.45077806e-01
  -1.69996741e-01
  -5.89688977e-02
  -1.49646845e-01
  -3.64570421e-01
   3.94418811e-02
  -1.16003162e+00
   7.96377116e-02
  -2.22712742e-02
  -2.31931339e-01
   8.73458964e-01
  -1.74422566e+00
  -3.60704323e-03
  -1.05619327e+00
  -2.09392079e-01
   8.11594993e-01
  -1.23071653e+00
  -5.82149443e-01
   1.51199206e+00
  -3.03248276e-01
  -1.25533656e+00
  -1.29739021e+00
   1.28468424e+00
   8.06123292e-01
   2.61955641e+00
  -8.32228973e-01
   4.44730581e-01
   3.79466986e-01
  -2.96490574e-02
  -1.80400345e-01
  -5.90012532e-01
   7.73366084e-02
   1.54117597e+00
   4.88990981e-01
   2.79932643e-01
   1.04532600e-01
  -6.03516144e-01
   2.13928444e+00
  -1.35208522e+00
   1.27842657e-01
  -2.56728931e+00
   3.60497311e-02
  -4.72837683e-01
  -9.74473563e-01
   6.05830584e-01
  -2.48368248e+00
  -1.39865696e-02
  -1.55673007e+00
   7.13925680e-03
   5.83648849e-01
  -3.41347827e-01
   1.05653078e-01
   1.21332134e+00
   7.29389643e-01
   2.34860289e-01
   4.00349221e-01
   1.97791691e+00
  -7.45664025e-02
  -2.77010273e-01
   1.64701598e-01
  -1.14828763e+00
   1.04184784e-01
   1.31424755e+00
  -9.85522765e-01
   1.45535001e-01
  -1.47578981e-01
   8.13079807e-01
   7.56529686e-01
   6.36084237e-01
   1.99598515e+00
   7.80921654e-01
  -1.12096035e+00
   6.28456478e-01
  -7.40210787e-01
  -1.99012682e+00
  -2.36755627e-01
   7.37579989e-02
   2.75528819e-01
  -1.11571349e+00
  -6.11022347e-01
   7.36216582e-01
  -6.07566916e-01
  -1.83450937e+00
   2.58575686e-01
  -2.84733796e-01
  -4.86356132e-01
   1.14740435e+00
  -1.45976014e-01
   1.90412326e+00
   4.49427564e-01
   7.98245253e-02
  -6.50520051e-01
  -1.44273149e+00
  -7.37186536e-01
   2.44431730e-01
  -9.71791103e-01
  -8.54381240e-01
   3.67735347e-01
  -1.28770969e+00
  -1.36490528e+00
   2.22330740e+00
  -1.41725597e+00
  -4.18551364e-01
  -1.79178540e-01
   3.41052153e-01
  -9.86620675e-01
   2.47320589e-01
   1.83749335e+00
   1.40203056e+00
   7.46040937e-01
   2.08356698e-01
   2.35013823e-01
  -4.51598071e-01
  -2.48747906e-01
   6.59671147e-01
  -5.59532036e-01
   3.92675763e-01
  -9.08846886e-01
  -5.74836153e-01
   1.30966346e-01
  -7.84945693e-01
   5.48482394e-01
  -2.14506590e+00
   1.67935380e-01
  -2.33466537e-01
  -3.67994583e-01
   1.63146697e-01
  -1.55317133e-01
   7.69044417e-02
  -4.74037133e-01
   6.52854279e-02
   1.64939551e+00
   5.54841901e-01
  -9.98041297e-01
   8.64938280e-01
  -5.71072265e-01
   1.06169887e-01
  -3.14673338e-01
   1.09373151e+00
   5.16748803e-01
  -2.80079633e-01
  -8.40152894e-01
   1.11294751e+00
   1.10561077e+00
   9.74263383e-01
   8.88479876e-01
   9.95253671e-02
   5.42417276e-02
  -1.09028360e-01
   6.20563771e-01
  -8.71684218e-01
   1.22279825e+00
   1.50807622e+00
   1.56149635e+00
   1.18247642e+00
   9.52749034e-01
   1.74283855e+00
  -1.71909797e+00
  -9.81190844e-02
  -8.88240779e-01
   1.40367582e-01
   1.26791720e+00
   4.09912277e-01
  -3.17471570e-01
  -6.96508823e-01
   4.05153996e-02
   5.73268357e-01
  -1.01321267e+00
   6.71970538e-01
  -1.25197424e+00
  -1.05837226e+00
   1.20486672e-01
  -9.38166548e-01
   1.62176066e+00
  -3.09003523e-01
   4.54608384e-01
  -1.51732026e-01
   1.27017305e+00
   1.07605298e+00
  -5.13028527e-01
  -3.61713043e-01
  -8.10764339e-01
   3.48787767e-01
  -7.38975755e-01
  -6.27300997e-01
  -4.05994528e-01
  -1.16226483e+00
   1.46692810e-01
  -1.14488411e+00
  -1.64773387e-01
   7.96587572e-01
  -1.43200450e-01
  -1.50517383e-01
  -7.19457997e-01
  -1.57169686e+00
   6.29801834e-02
   8.43286427e-01
   5.54834142e-01
  -2.20900532e-01
   1.17385913e+00
  -4.21692873e-01
   3.95632685e-01
   3.18391273e-01
   1.54286891e-01
  -1.88965894e+00
  -1.62774418e-02
   2.44565219e+00
  -3.50475710e-01
   1.02616985e+00
  -3.10943184e-02
   7.01763803e-01
   1.63016671e+00
  -6.28722536e-02
   2.79414904e-01
  -2.23819360e+00
   9.61428163e-01
   9.86930534e-02
   5.19170675e-01
  -4.41507626e-01
  -7.55217873e-01
   1.30221785e+00
  -9.91299367e-01
   8.79355275e-01
   2.56512988e+00
   2.08559369e+00
   1.43960305e+00
   5.20373022e-01
  -1.24203342e+00
  -2.80141997e-01
  -1.57220988e+00
  -3.19628217e-01
   2.54362784e-02
   3.49043798e-02
   7.16597437e-01
   7.11645517e-02
   2.09812673e+00
   1.06916062e+00
  -3.54026722e-01
   6.52225300e-01
   6.42747947e-01
  -1.66338774e+00
   1.47363511e-02
   1.16005884e+00
   1.12771462e+00
  -3.84790505e-01
  -1.08774862e+00
   1.78274324e-01
  -1.11167783e+00
  -8.96167986e-01
   1.13622926e+00
  -5.72005992e-01
   1.05465379e+00
   7.65786140e-01
  -1.23037533e+00
   1.36608377e-01
   5.48924490e-01
   7.40400934e-01
   1.56078122e+00
  -3.00847166e-01
  -7.34504445e-01
   4.36436364e-01
  -9.77439026e-01
  -5.76125810e-01
  -1.48232645e+00
  -1.04080947e-01
  -1.07600278e+00
   1.38941670e+00
  -6.43006838e-01
   8.00275938e-01
   1.69944276e+00
  -4.58299887e-01
  -3.16357906e-02
  -1.14176224e+00
  -1.06369340e-01
   7.49176821e-01
   3.85708952e-01
  -7.92367946e-01
  -4.48568432e-01
  -3.80146598e-01
   6.73669602e-01
   2.02252234e+00
  -4.11092423e-01
  -4.07875608e-01
  -9.08279520e-01
  -9.22507792e-01
   3.52647518e-01
  -6.23428264e-01
   1.02069463e+00
  -4.58752715e-01
  -1.12239017e+00
  -4.88164740e-01
   1.07449536e+00
   2.07299469e-01
  -8.42680551e-01
   7.46563393e-01
  -5.44338077e-01
  -1.49704217e+00
  -3.09605786e-01
  -4.80497164e-01
  -6.49790317e-01
  -1.16836812e+00
  -6.08725014e-01
  -6.64215045e-01
   1.31624429e+00
  -1.32497215e+00
   7.44729904e-01
  -4.18662981e-01
   1.01604099e+00
  -9.17745213e-01
  -1.73827131e+00
  -5.32008313e-01
   8.00469002e-02
   8.15908855e-01
   6.59912246e-01
  -4.66412291e-01
   1.49943888e+00
  -3.44342463e-01
   8.95443946e-01
   4.60413227e-01
   1.10236960e+00
  -1.00317822e+00
  -4.31551917e-01
   2.76610454e-01
   1.21702007e+00
  -4.66688947e-01
  -4.03421831e-01
  -1.11577340e-01
   4.57823470e-01
   4.40799459e-01
   2.63585297e-01
   7.22532261e-01
   8.70153527e-01
  -1.79180125e-01
  -7.44414549e-02
  -6.18469833e-01
   1.09761056e+00
   8.76901737e-01
   1.50277509e-01
   1.06408750e+00
   3.33047860e-01
  -4.36118952e-01
  -2.48135551e-01
   3.88413655e-01
   8.66761674e-01
  -4.66111524e-01
   4.14020628e-01
  -4.29455398e-01
  -3.10963869e-01
   4.08369994e-01
  -1.03047260e+00
  -4.32135530e-01
   7.33364955e-02
  -4.46271656e-01
   1.21056217e+00
   1.28159624e+00
  -3.05481547e-01
  -1.03066257e-01
   1.59983601e+00
  -5.66361769e-01
   6.33423396e-01
   1.30946581e+00
  -4.85609046e-01
   2.42560935e-01
  -7.07610654e-01
   1.19494010e-01
   7.52174994e-01
  -5.80013203e-01
  -2.47649193e-01
   1.57841833e+00
   7.14069271e-01
  -6.54900961e-01
   1.31333991e+00
  -1.27516736e+00
  -1.94063037e+00
  -3.89784815e-01
   1.27809760e-01
  -6.17540361e-01
  -1.13676942e+00
   2.72149660e-01
  -6.96677511e-01
   1.87297929e+00
  -1.65448618e+00
  -3.53114025e-01
  -5.57744529e-01
   1.79231054e+00
  -8.32192022e-01
  -9.22783434e-01
   1.06910131e+00
   1.32464873e+00
   1.78563067e-01
   4.06195854e-01
  -4.34981994e-01
   1.02243055e+00
   1.68332827e+00
   1.58126377e-02
  -8.75382961e-01
   1.50614159e-01
  -4.67349629e-01
   1.15619510e+00
  -9.78107380e-01
   3.02312435e-01
  -1.65749929e+00
   2.20542962e+00
   6.55825506e-01
  -3.70509195e-02
   4.39998875e-01
  -1.79036214e+00
  -8.87072578e-01
  -7.57872955e-01
  -3.87618606e-02
   4.39157266e-01
   5.98399499e-01
  -6.55077020e-01
   1.54819932e-01
   1.91283271e-01
  -1.29359193e+00
  -6.81823739e-01
  -4.25372392e-01
   1.31539654e+00
   3.66202280e-01
  -1.45324966e+00
   2.09339147e+00
   1.02460924e+00
  -3.69854867e-01
   2.31476371e-01
   1.17660112e+00
  -4.25623773e-01
   6.76769781e-01
  -8.70131276e-01
  -8.05347576e-01
   1.15605446e+00
   7.31446431e-01
   7.98608718e-01
   5.83221922e-01
   4.15667379e-01
   1.85007003e-01
   1.26234202e+00
   7.82330104e-01
  -1.61430650e+00
  -2.78134581e-01
   1.96626421e-03
  -1.40166815e+00
   5.84464266e-02
  -9.27872709e-01
  -1.20700236e+00
  -8.63406320e-01
  -5.58888244e-01
  -2.93629653e-01
   3.63808714e-01
  -1.09859315e+00
  -3.07117304e-01
   7.27318432e-01
   1.16948107e-01
   2.71565331e-01
  -1.77394504e+00
   1.75837839e-01
   5.76473000e-01
   1.60348047e-01
   2.63859619e-01
   6.04165133e-02
  -3.66600148e-01
  -4.53452662e-01
  -4.88290188e-01
  -4.11977823e-01
   8.78247811e-01
  -1.85557711e+00
  -7.21801666e-01
  -7.05605888e-03
  -1.28179027e+00
   4.62257629e-01
  -1.06996859e+00
   2.31194262e-01
   5.33054962e-01
   3.82911879e-01
  -3.34828332e-01
   1.43244581e+00
   9.00861933e-02
  -1.71004611e-01
   1.02984635e+00
  -8.08955601e-01
  -5.71400984e-01
  -4.58421320e-01
   2.28785662e-01
  -7.57245980e-01
  -3.48293193e-01
   4.08256833e-01
   4.25745063e-01
   3.26117675e-01
   1.88759585e+00
   2.50528261e-01
  -1.31715135e-01
  -9.72641166e-01
   7.29725499e-01
  -1.90648479e+00
   5.58267222e-01
  -2.66425697e-01
  -7.20535527e-01
   1.30955661e-01
   1.61372970e+00
   8.49639172e-01
  -1.05963403e-01
   6.78113069e-01
  -6.61859848e-01
  -1.14513504e-01
  -2.86764724e-01
  -2.96975054e-01
   6.45598301e-02
  -1.77868972e-02
   1.41646718e+00
   5.20458502e-01
   8.25992201e-01
  -4.02598049e-01
   1.10359734e+00
  -5.23268568e-01
   1.62132231e+00
  -1.08468772e+00
  -2.87458337e-01
  -2.57779401e-01
  -2.84880638e-01
  -1.41420260e+00
  -1.10127903e+00
  -6.14878993e-02
   6.69330964e-01
  -1.18867525e+00
   1.11815592e+00
  -8.27794461e-02
  -2.06050777e-01
  -8.29807017e-01
   7.46691574e-01
  -6.02982031e-01
  -8.37486862e-01
  -7.67640033e-01
   2.01837445e-01
   1.17555975e+00
  -2.22044156e+00
  -7.93427937e-01
   1.44167836e+00
  -5.22796222e-01
   1.43845608e+00
  -7.29774422e-01
   8.13467005e-01
   2.44665867e-01
   2.10619450e+00
   6.66407076e-01
  -6.46174204e-01
  -6.63963868e-01
  -1.59696066e+00
  -3.39023405e-01
  -3.06973763e-01
   8.93818307e-01
  -1.11739502e+00
  -1.43137287e-01
  -3.86767998e-01
   2.76164907e-02
   6.05548898e-01
   2.39527189e-01
  -5.24795901e-01
   7.76406339e-01
  -1.05967921e-01
   3.08825167e-01
   9.08074066e-01
   5.24206622e-01
   3.38275364e-01
   1.54883069e+00
  -6.08084927e-01
  -7.21963971e-02
   1.04183101e-01
  -6.90744466e-01
  -1.30186307e-01
   1.66371747e+00
  -9.13290742e-01
   1.75877550e-01
   2.12618166e-01
  -1.65236063e+00
  -8.39520088e-01
   8.28164002e-01
  -1.39041101e-01
  -6.10143733e-02
   1.64037434e+00
  -2.00723551e-01
   6.30035001e-01
  -6.37970090e-01
   9.37947292e-01
  -7.22900172e-01
  -2.18448688e+00
  -7.54765059e-01
  -8.98135148e-01
  -2.23901929e+00
   3.50159711e-01
   1.01697704e+00
  -1.20584691e+00
   4.19197444e-01
   1.95976570e+00
   8.55919964e-02
  -2.55774744e+00
   1.51751187e+00
   9.28224641e-02
  -1.23853547e+00
   8.59224564e-01
  -3.08339216e-01
   1.05139717e+00
   1.62974223e+00
   3.49055491e-01
   3.63105105e-01
  -2.21475963e-01
   1.01266813e-01
   1.23730251e+00
   1.20453283e-01
   6.43563782e-01
  -1.16204704e+00
   3.59828277e-01
   3.18315314e-01
   8.22716324e-01
  -1.24008543e+00
   2.28897355e-01
  -8.64925705e-01
   1.30383261e+00
  -3.55871787e-01
   1.36169404e-01
   4.38811444e-01
   5.41648658e-01
   8.49790967e-01
  -1.37078397e-01
  -1.69103103e+00
  -1.16867556e+00
   3.32090183e-01
   1.05811011e-01
   1.48203805e-01
   2.31008447e-01
  -8.43067022e-01
   1.03829034e-02
   2.09531084e-01
  -9.21581138e-01
   1.50409395e+00
   6.73727934e-02
   1.15849397e+00
   1.02342362e-01
   6.39052095e-01
  -4.62613663e-01
   1.28952517e-01
   2.25686596e-01
  -4.60484296e-01
  -1.24556446e+00
   4.50709955e-01
   7.84180133e-02
  -2.52225169e+00
  -1.12988787e+00
   1.16738698e+00
   6.63836737e-01
  -9.26456487e-01
  -1.26842026e+00
  -7.87293947e-01
   1.51483380e-01
  -3.90634438e-01
  -1.39607272e-01
   1.12957297e-01
   3.74989514e-01
   4.60300531e-01
  -1.16186030e+00
   1.60511720e+00
   2.91104283e-01
  -1.70812599e+00
   4.34269930e-01
  -8.85179836e-01
   1.17770278e+00
  -3.19025259e-01
  -7.15417770e-01
  -5.09998035e-01
   2.74795509e-02
   1.60048125e+00
   4.23842376e-01
   1.01702729e+00
  -1.13567773e+00
  -1.13342348e+00
  -1.74513499e+00
   7.60341381e-01
   4.34840643e-01
   3.98649321e-01
   6.14655928e-01
   6.45720525e-01
  -3.24972299e-01
  -3.72124924e-01
  -6.02593883e-02
   6.35815897e-01
   8.33287655e-01
   1.07429338e+00
  -1.98382518e+00
   3.74338108e-01
  -2.65511701e-01
   5.68916288e-01
   9.22837250e-01
   9.76119652e-01
  -5.66130796e-01
  -9.90424582e-01
   6.86076781e-01
   2.06368028e+00
   1.18998941e+00
   1.32621351e+00
   8.99699532e-01
   1.88915617e-01
   6.25418145e-01
   4.30035684e-01
   1.85783666e+00
   1.49264575e+00
   2.06597824e-01
   3.70804470e-01
  -5.29773466e-01
   3.38282242e-01
   1.33848352e-01
  -1.29803725e+00
  -7.62502737e-01
   2.79339911e+00
  -2.64477369e-01
   2.39935652e-01
  -2.09452575e-01
  -1.87215524e-01
   1.04102144e-01
   8.26576885e-01
   8.32103444e-01
   1.97305512e-01
   1.10158727e+00
  -9.55551255e-01
   8.78842228e-01
   1.72288628e+00
   7.83975713e-01
  -2.33105249e+00
   8.06010968e-01
   8.14547277e-01
  -5.85596036e-01
   5.70080323e-01
   1.49532431e+00
  -1.30920883e+00
   1.71002839e+00
  -3.70680651e-02
  -5.88056552e-01
   1.15596166e-01
  -2.13515763e+00
  -6.68468512e-01
  -1.76702488e+00
  -4.13636087e-01
  -2.64094016e-01
  -1.26522699e-01
  -3.93267566e-01
   1.35530908e-01
  -1.46507917e-01
  -1.77324364e+00
  -1.28043291e+00
   3.61658466e-01
   3.97379230e-01
   1.11803255e+00
  -1.10838767e-01
   1.94550057e+00
   1.69531252e+00
   1.21473589e+00
  -1.34095760e+00
   1.36569106e+00
   2.65601225e+00
  -3.72007637e-01
   1.09505083e+00
  -1.39697807e+00
   7.21487663e-01
   3.26047715e+00
  -7.74918017e-01
   6.92495176e-01
  -6.57062954e-01
  -2.93678315e-01
  -2.14194781e-01
   2.16764556e+00
  -2.12366450e-01
  -1.19295921e+00
  -2.32908689e-02
   7.58587482e-01
  -1.28464609e+00
  -1.34155422e+00
  -4.13899164e-01
   1.49518352e+00
  -4.53922520e-01
   7.21851676e-01
   2.52792269e-01
  -8.42315928e-01
  -2.68387668e+00
  -3.51795232e-01
  -1.02910583e+00
   4.64992398e-01
   4.76684957e-02
   3.72576796e-02
   2.61287509e-01
  -1.22883441e+00
   2.87333919e-01
  -9.47246454e-01
  -7.48686784e-01
  -2.82890902e-01
  -7.63143860e-01
   1.69194987e+00
  -2.05655490e-01
  -6.67423910e-01
  -8.22595828e-01
   1.50501753e-01
  -6.75439135e-01
  -1.08227946e+00
  -5.66882883e-01
  -2.29779128e-01
  -5.31227472e-01
  -1.39330284e+00
  -1.13063812e-01
  -2.27044272e-01
  -2.64024018e-01
  -2.55380667e+00
   6.48295240e-01
  -1.99085861e+00
  -1.41843304e-01
  -1.60735459e+00
   1.27027516e+00
  -1.59287223e+00
   1.24570254e-01
   1.18269772e+00
   4.43668292e-01
  -9.09967603e-01
   1.61880194e+00
   4.46408356e-01
  -7.08396102e-01
  -4.56606142e-01
   3.84161414e-01
  -1.05501249e+00
   2.94315634e-02
  -9.89840124e-01
  -7.77782609e-02
  -6.15659403e-01
   1.37581922e+00
   3.47817969e-02
  -8.49024691e-01
  -3.48881917e-01
  -1.88766071e-01
  -1.15336552e+00
  -4.73492577e-01
   8.12693867e-01
   9.75117044e-01
   1.05496318e+00
  -5.27227319e-01
  -9.39157404e-01
   3.33098932e-01
  -1.84340720e+00
  -1.08116772e+00
   1.31366849e+00
   2.12585945e-01
   1.62992217e+00
  -2.06429157e+00
  -1.66862290e+00
   2.21820585e+00
  -6.73765428e-01
  -4.14310320e-01
  -1.09222487e-01
   4.48914230e-02
   4.67833553e-01
  -5.30635651e-01
   1.29805902e+00
  -2.43221472e-01
   2.11285033e+00
   1.56913306e+00
  -4.16916724e-01
  -1.20980831e-01
  -7.81342807e-01
  -3.37187971e-01
  -8.39096974e-01
  -3.45479208e-01
   1.12335745e-01
   1.47875178e+00
  -1.61839838e+00
   4.46304694e-01
  -7.86131379e-01
  -5.81901324e-01
   2.06698096e-02
   1.47036268e+00
   6.52229053e-01
  -9.62516565e-01
   4.58986271e-01
   1.00527513e-01
  -7.23578426e-01
   2.66362975e-01
   8.59023057e-01
  -1.46947315e+00
   1.07071983e+00
  -1.48810724e+00
  -1.39068058e+00
  -3.66798368e-01
  -1.12642044e-01
   2.40066048e-01
   1.85076782e+00
   8.22967053e-01
  -1.43141245e+00
  -3.63377401e-01
   1.15161311e+00
  -1.53510268e+00
  -1.58784714e-01
  -6.81660794e-01
   8.91248615e-02
   9.88411419e-01
  -1.11043180e+00
  -1.04671639e-01
  -1.38925994e+00
  -8.46544672e-01
   1.93304101e-01
  -5.31806546e-02
   1.06703268e+00
   4.07176617e-01
  -6.18030095e-03
  -8.32421307e-01
   2.18746847e+00
   7.04557345e-01
   3.47725885e-01
   4.58340192e-01
   5.22915685e-01
  -7.11709959e-01
   7.39567619e-01
   6.28291394e-02
  -1.11639647e-02
   1.04847124e-01
  -1.90627284e-01
  -1.94739912e-01
   1.18464917e+00
  -3.73727072e-01
   2.30668394e-02
   1.42068867e-01
   7.30661342e-01
   1.07242066e+00
  -6.85901740e-01
   7.42299108e-01
   4.54610422e-01
  -9.70691799e-02
   5.51083765e-01
  -1.89049249e+00
  -1.21884816e-01
  -1.52402937e-01
  -7.35607155e-01
   5.57814569e-01
   1.15034269e+00
   7.68697374e-01
  -1.08232727e+00
   6.24095073e-02
  -7.03844148e-01
   7.92333347e-01
  -1.04778420e+00
   4.97824841e-01
   1.75527134e+00
  -1.49578265e+00
   2.21018506e+00
  -1.14536645e-01
   5.44327585e-01
   6.48704936e-01
   5.83214680e-01
  -2.17097547e-01
  -5.74346658e-01
   2.93633816e-01
   1.37420586e-01
  -1.29209438e+00
  -1.45726454e-01
   1.77650282e+00
  -1.81765441e+00
  -1.93125127e+00
   5.58845022e-01
   8.14655523e-01
  -1.11048599e+00
  -3.36775417e-01
   7.97366263e-01
  -1.44017414e+00
  -2.12194753e-01
  -7.91465186e-01
   6.81412754e-01
  -3.76505723e-01
   5.19119891e-02
   1.23188419e+00
  -6.50017664e-01
   9.81339401e-01
   1.48852012e+00
   1.16803898e-01
  -7.48971476e-01
  -2.27926413e-01
  -4.12299298e-01
   6.76739000e-01
  -1.03502190e+00
   1.18313492e+00
   1.47060441e+00
   2.29129339e-01
   1.92173640e-01
  -1.36113618e+00
  -1.48759496e+00
   3.73465119e-01
   1.26050860e-01
  -1.51517527e+00
  -1.68721599e+00
   6.68560769e-01
  -1.90279420e+00
   2.96580598e-01
  -3.96640519e-01
  -2.12162936e-01
   1.11443215e+00
   1.55045730e-01
   7.15002578e-01
  -1.50412678e+00
  -9.28320309e-01
  -1.73666663e+00
  -8.95310746e-01
   6.18491450e-01
   8.95325758e-01
   2.44421020e-03
  -3.93305577e-01
   1.32638421e-01
   1.22493851e+00
  -1.74961895e+00
  -7.87424173e-01
  -6.53583687e-01
  -1.93052542e+00
   1.51854030e+00
   1.36952405e+00
   6.71828632e-01
   1.00774407e+00
  -7.88194089e-02
  -1.52578196e+00
  -9.48414431e-01
   3.40294442e-01
  -2.50808367e-01
   2.29949968e-01
   7.58600556e-02
   1.26839899e+00
  -4.65923616e-01
  -7.03406024e-01
   1.42930267e-01
  -4.37900259e-02
   8.35366227e-01
  -8.23886195e-02
  -1.05838529e-01
  -1.26125447e+00
   2.04607209e+00
   6.95862379e-01
   1.01906630e-01
  -1.21344681e+00
  -2.47346392e-02
   1.46709100e+00
   3.92149652e-01
  -5.29116784e-01
   1.30876971e+00
  -2.16466867e+00
  -1.57974088e-01
   7.49107949e-01
   4.70310335e-01
  -5.16087140e-01
   1.62779822e+00
   6.57124342e-01
   1.02190019e+00
  -1.32911937e+00
   8.57311324e-01
  -1.91080407e-01
   8.38508070e-02
   5.99423657e-01
  -7.45896041e-01
   1.71425050e-01
  -4.68153702e-01
  -5.15401584e-01
   5.54853958e-01
   1.80019933e+00
   1.15872899e+00
  -1.39991066e-01
   3.01523391e-01
  -9.41943790e-01
  -9.99143820e-01
   6.18867756e-01
  -6.14961040e-01
  -1.59519200e+00
  -7.80305361e-01
  -1.18825060e+00
   8.53167730e-01
  -1.54479635e-01
   1.32260186e+00
   9.60369296e-02
   1.26954014e+00
   1.33603321e+00
   2.59994308e-01
   1.63066273e+00
  -1.95293970e+00
  -4.08715677e+00
  -1.09160745e+00
   1.22141257e+00
   1.58413432e+00
   1.05859270e+00
   8.33571826e-01
  -4.68350766e-01
   1.38108502e+00
   1.83662812e-01
   9.43623278e-01
  -1.58025621e-01
  -8.40803569e-02
  -4.91000367e-01
  -9.89821322e-01
   3.27823577e-01
  -3.07968875e-01
  -5.95391661e-01
   2.92209290e-02
   1.25432209e+00
  -9.90229320e-02
  -1.07740157e+00
  -3.24874314e-01
   1.38397058e+00
   2.16416927e+00
   3.62223490e-01
  -7.35105391e-01
  -1.33251457e-01
   1.89393922e+00
   2.24264624e-01
  -2.38950119e-01
  -1.47215270e+00
   1.17367250e+00
  -4.63174794e-01
  -1.18796910e+00
  -1.47188840e-01
   1.10280497e+00
   9.06805327e-02
  -1.29767045e+00
  -8.29112893e-01
   6.58088358e-01
   1.85429691e+00
  -8.78578871e-01
   2.18126072e-01
  -7.02520867e-01
  -6.07419109e-01
   1.39009858e+00
  -1.19264352e+00
   8.22440375e-01
   2.12298445e+00
  -4.93139199e-02
  -1.06744569e+00
   5.12498172e-01
   8.17835352e-01
   1.73276457e-01
  -3.95449639e-01
   7.31446911e-01
   2.76673993e+00
   4.05688694e-01
   8.45346660e-01
   8.00148244e-02
   7.92638502e-01
   8.00469120e-02
   6.11764742e-01
  -9.94449047e-03
  -6.13617365e-01
  -8.04149988e-01
   6.31482633e-01
  -7.84895700e-01
   1.25162764e-01
   1.32026479e+00
  -3.20979418e-01
  -1.91448193e+00
  -1.08591146e+00
  -1.62831876e+00
  -2.09581997e-01
   1.72717991e+00
   1.03277324e+00
   4.01170281e-02
  -3.04248782e-01
   4.43653071e-01
  -6.47214569e-03
  -9.66539214e-01
   2.01898916e+00
  -7.32917362e-02
   8.58346471e-01
  -1.41026791e+00
   2.50064658e-02
   5.63349498e-01
   3.88751103e-01
  -2.07898290e-01
   1.45262817e+00
  -1.31832319e+00
   6.88855332e-02
  -1.54723782e-01
  -4.78024902e-02
  -4.73367369e-01
  -6.65070495e-02
  -3.63158425e-01
  -3.12256127e-01
   8.30326707e-01
   2.16188006e-01
   7.08208545e-01
   1.56130723e-01
  -2.04787138e+00
   2.06377794e-01
   2.22763165e+00
  -1.59230444e+00
  -3.01764609e-01
  -1.26364395e+00
  -2.96592689e-02
  -1.89879952e+00
   2.01502190e+00
   7.11549774e-01
   5.78886461e-01
   2.74431976e-01
   3.26256434e-01
  -3.86901287e-01
   5.73732854e-01
  -7.79457714e-01
  -1.02272066e+00
  -2.50803368e+00
   2.08524701e+00
   6.58383079e-01
   5.63511092e-01
   1.48168108e-02
  -5.20858409e-01
   2.03366293e-01
   2.44484740e-01
  -2.10835598e+00
  -4.93754108e-01
  -7.40645789e-01
  -1.84641557e+00
  -6.07451829e-01
  -7.39739146e-02
   6.90038165e-02
   1.61884069e-01
  -6.50016415e-01
  -9.15175834e-01
  -4.55996570e-01
   1.57879275e+00
  -1.84211432e-01
   7.26021378e-01
  -1.76384362e+00
  -8.17271910e-01
   5.57787290e-02
  -5.69054198e-01
  -1.41609606e+00
  -2.36449666e+00
  -1.56844258e+00
  -2.19048364e+00
  -6.30435398e-02
  -1.37682455e-01
   2.30804122e-01
   2.70729819e-01
   3.48765978e-03
  -1.74249945e-01
  -6.17431496e-01
   4.99985644e-01
  -6.20828333e-01
   1.06378647e+00
   1.62280939e+00
  -1.02693051e+00
   8.13419769e-01
   1.37657929e+00
  -5.37531833e-01
  -6.38616015e-02
  -1.25977435e+00
  -8.68915710e-02
  -2.87914384e-01
   6.68401615e-01
   1.43934400e+00
   1.28424051e+00
  -2.03877601e-01
   3.70836879e-02
   2.82714493e-01
  -1.30903069e+00
  -3.06487632e-01
  -3.92755625e-01
  -9.95354653e-03
   1.26778584e+00
  -2.54532474e-01
  -9.40862491e-01
   5.41268139e-01
   3.41686293e-01
  -7.12198270e-01
   1.02774928e+00
  -4.91888744e-01
  -8.05579815e-01
  -9.78562844e-01
   1.39703665e+00
  -8.84488763e-01
  -3.83611245e-01
   1.68328975e+00
   1.24230497e-01
  -3.72176177e-01
  -3.49218780e-01
  -6.15025151e-01
   1.65010600e+00
   1.51944027e+00
   1.60840709e+00
  -9.18833081e-01
  -1.65834829e-01
  -5.88772111e-01
  -1.74069413e-01
   3.22279187e-02
  -4.89475233e-01
  -1.16666139e+00
   1.59993744e+00
  -1.32499178e+00
  -2.22832828e-01
  -1.26833333e+00
   6.52441669e-01
   6.06223549e-01
   9.72463929e-01
   1.11726468e+00
  -1.36486296e-01
  -1.28667308e+00
   3.69680414e-01
  -9.26280112e-01
   3.00851418e-01
   4.76899965e-01
   2.78285605e-01
  -2.09074863e-01
   1.50172936e+00
   5.26888399e-02
   1.24503633e+00
  -3.95835668e-01
   2.99369537e-01
  -1.25074835e+00
   3.27748154e-01
  -7.03958497e-01
  -2.15613585e-02
   1.26442255e+00
  -9.07477855e-01
   2.77911739e-01
   8.78391584e-01
  -3.90922725e-01
   1.08757602e+00
   9.89247068e-01
   1.61244365e-02
  -1.01612445e+00
   2.08621868e-01
  -7.87413678e-01
  -1.55741186e-02
  -5.90393188e-01
  -8.27717643e-01
  -1.41646327e+00
   6.86319550e-01
   2.03887748e-01
  -1.14368124e+00
  -2.90871781e-01
   1.62089375e+00
   4.60972924e-01
  -2.40154726e+00
  -7.56836708e-01
  -1.41011604e+00
   6.46998354e-01
  -7.59955155e-01
   2.15920892e-01
   1.03370447e+00
   5.63017510e-01
   6.11982608e-01
  -1.34589254e+00
  -6.82634895e-02
   1.96847631e-01
   1.59652254e+00
  -1.02400511e+00
   1.08915919e+00
  -7.37647273e-03
  -6.92348947e-01
  -1.60903481e+00
  -1.93843925e+00
  -1.10236534e+00
  -2.65411098e-01
  -7.81756566e-01
  -7.74742313e-01
  -9.66488225e-02
  -4.45561907e-01
   2.45680062e-01
   5.00933187e-02
  -1.01238734e+00
  -5.12482832e-01
  -2.49474696e-01
  -5.90015932e-01
   1.61203727e+00
  -1.57614949e+00
   7.84872516e-03
   8.49211642e-01
   3.78465333e-01
   1.76621540e+00
  -2.92565069e-01
  -1.68670980e+00
  -6.71416919e-01
  -2.91554307e-01
  -1.41019204e-01
  -4.80746749e-01
  -8.17711754e-01
  -1.33048635e+00
  -1.08382284e+00
   1.62060708e+00
  -6.26272675e-01
   1.27555449e+00
   2.71060476e-01
   1.03363454e+00
   7.68165768e-01
  -6.13277073e-01
   2.51429344e-01
  -2.00419637e-01
   7.23481702e-03
   2.86793468e-01
  -4.84466140e-01
  -2.80035351e+00
  -3.63416510e-01
  -3.36856303e-01
  -1.66686846e+00
  -9.89821004e-01
   1.92772565e-01
   3.01666263e-01
   1.20473176e+00
  -2.34118854e-01
  -8.14620848e-01
   7.90978747e-01
  -3.55823408e-01
  -1.60532274e+00
  -4.31375124e-01
   1.26458245e+00
   3.30960593e-01
   9.35890728e-02
   1.11416955e+00
  -3.07816944e-01
   1.49816499e+00
  -6.40943706e-01
  -1.89555050e+00
  -1.17383508e+00
  -1.39705389e+00
  -8.86277237e-01
  -9.31521081e-01
  -6.41650588e-01
  -2.80979414e-01
  -1.51814648e+00
  -1.84230297e+00
   5.32742533e-01
   2.50414328e-01
  -4.59348040e-01
   9.01738058e-01
  -1.16989053e+00
  -5.02035319e-01
  -1.87556022e+00
  -7.30171135e-01
   4.63512603e-01
   1.07596749e+00
   2.53304112e-01
  -5.68763976e-01
   1.44796745e+00
   8.01604460e-01
  -9.36158347e-01
   4.93698662e-01
   1.22297056e+00
  -2.32138711e-01
  -9.53924601e-01
  -1.41018925e-01
   2.67863804e+00
   4.97377988e-01
   1.12851491e+00
  -3.08516610e-02
  -7.21273063e-02
  -2.24244650e+00
  -4.72401331e-01
   4.76436292e-01
   1.93288946e-01
  -7.05045958e-01
  -3.29124642e-02
  -7.18443096e-02
  -9.76802644e-01
  -9.29434936e-01
   2.11042018e-01
  -7.52983803e-01
   1.64862447e+00
  -3.82066492e-01
  -7.61207706e-01
   1.68862528e+00
  -2.82463608e-01
  -6.43178288e-01
   6.53740530e-01
   2.28926845e+00
  -1.31269037e-01
   8.29417414e-01
  -1.36430865e+00
   1.74752592e-01
  -1.92366006e+00
  -4.58615850e-01
  -1.15942677e+00
  -4.47697817e-01
  -7.10445777e-01
   1.19677222e+00
  -1.20240205e+00
   1.54775990e+00
  -1.41511250e+00
  -1.05610601e+00
  -1.09303684e+00
   2.27764409e-01
   2.85390751e-01
  -8.63323298e-02
  -7.67491765e-01
  -1.51028290e+00
  -1.48762121e+00
   5.26183487e-01
   1.34770900e-01
  -1.26535748e+00
   1.87651045e-01
   1.50278601e+00
  -1.61752439e+00
  -7.74638882e-02
   8.63504201e-01
   1.02610110e+00
  -1.37804560e+00
   1.61817248e+00
  -2.00288348e-01
   6.79772930e-01
   1.34587583e+00
   6.67930362e-01
   2.99327087e-01
  -3.95522019e-01
   8.09582308e-01
  -7.43221078e-01
   3.26213033e-02
  -2.69717423e-01
  -6.52231786e-01
  -9.89061823e-02
   1.37214569e+00
   2.57175584e-01
   3.39789411e-01
   6.31753770e-02
   1.41135266e+00
  -3.73206618e-02
  -1.77148194e+00
   1.86769520e+00
  -5.31993754e-01
  -5.52170854e-01
  -8.53651808e-01
   3.68576162e-01
   1.89891747e-01
   4.98838634e-01
  -9.26970068e-02
   1.11633106e+00
   1.04942446e+00
  -1.78186138e+00
   2.02597738e+00
   8.61972212e-01
   1.14094094e+00
  -9.49764816e-02
   1.39838671e+00
   6.57675699e-01
   1.50794394e+00
  -1.34403166e+00
  -1.60046026e+00
  -7.58019471e-01
   2.33831124e-01
  -1.50659874e+00
  -5.29108764e-01
  -8.18662868e-01
   2.53253363e-01
   1.36276891e+00
  -3.36620875e-01
   1.42032742e-01
  -1.00483533e+00
  -2.43897836e+00
   1.20617633e+00
   2.43294066e+00
  -4.90795964e-01
  -1.31634677e+00
  -1.92544884e-01
   5.67416308e-01
  -2.49293304e-01
  -3.10464934e-01
  -9.20113384e-01
  -1.89012301e-03
   3.06776961e-01
   8.46897384e-01
  -1.18796860e+00
   5.03836562e-01
   1.09390228e-01
   5.91876101e-01
  -1.18752162e-02
   4.16496142e-01
  -1.69366366e+00
   3.37758448e-01
  -7.88321435e-01
   3.19227432e-01
  -9.40557075e-01
   1.49097953e+00
   6.38813664e-01
  -5.26664845e-01
  -4.20973104e-01
   3.42215173e-01
  -3.70946856e-01
   3.15903899e-02
   1.33053098e+00
   5.33700573e-01
   5.34540287e-01
   6.80566084e-02
   2.17033274e+00
   5.09897951e-01
  -7.52104162e-02
   2.22873221e+00
   9.26352265e-02
   4.97036346e-01
   2.09424111e-01
   4.08600407e-01
   1.39684139e+00
  -5.65915040e-02
  -8.63252515e-01
   1.50757410e+00
  -5.52357349e-01
   9.26968268e-01
   1.00874349e+00
  -1.00827500e+00
  -7.14926142e-01
  -1.35836708e+00
   3.98038303e-02
  -7.75203174e-01
  -1.72946249e+00
   1.24661369e+00
  -1.50778187e+00
   8.23569999e-02
   1.75132048e+00
   1.83178266e+00
  -3.97643678e-01
   5.59933795e-01
  -6.60425634e-02
   4.55273090e-01
   1.05808596e+00
  -4.26547471e-01
  -1.49653983e+00
  -2.15457288e+00
  -1.37615172e+00
  -7.19061264e-01
   5.48344635e-01
   1.42741690e+00
   2.19083310e-01
  -4.92459543e-01
   2.30361467e+00
  -4.02658368e-01
  -1.73475895e+00
  -5.80216657e-01
   3.24244482e-01
   2.18840010e+00
  -1.68522175e+00
  -1.57761728e+00
   3.56506426e-01
  -3.29930587e-01
  -6.20132168e-01
  -1.49429472e+00
   1.11374398e-02
  -1.92131954e-01
   6.04143176e-01
   6.95332456e-01
   1.55580053e+00
  -1.19124341e+00
  -1.70599349e-01
   4.36343496e-01
  -1.82085847e-01
   5.31801161e-01
   1.37268345e+00
   1.62118405e-01
   9.10364214e-01
   7.76735652e-02
  -1.12324237e+00
   1.53559695e+00
  -1.22180176e+00
   1.01964911e+00
  -1.69475147e+00
  -2.51694051e-01
   5.88657524e-01
  -9.25061878e-02
  -7.90221497e-01
  -4.49846451e-01
   4.03915329e-01
  -1.44114669e+00
   2.14655713e+00
   1.12258026e+00
   1.16688821e-01
   1.20882274e-01
  -1.03489074e+00
  -3.53991551e-01
  -1.22575094e+00
  -4.58943500e-01
  -1.89505669e+00
   2.84351427e-02
  -2.04564054e-01
   5.74890515e-01
   9.35577000e-03
   4.59665583e-01
   1.65783621e+00
   1.17199231e+00
   1.26269475e+00
   4.12930571e-01
  -9.06226422e-01
   1.06295244e+00
   3.33893845e-01
  -1.79487545e+00
   1.05847768e+00
   7.26704031e-01
   1.35904666e+00
  -2.61175601e-01
   8.85107178e-01
  -2.97063949e-01
  -5.15501109e-01
  -8.76646130e-01
  -1.62830053e+00
   1.01032755e+00
  -1.81115539e+00
   1.03853391e+00
  -1.24785966e+00
   1.02083178e+00
  -9.77000113e-01
  -6.94232671e-01
   4.41788945e-01
  -4.53544897e-01
  -6.30454490e-01
  -2.60202075e-01
   7.37840328e-01
   8.24031892e-01
   8.58986891e-01
   8.04031819e-01
  -3.27443021e-01
  -1.68944530e+00
  -3.33607164e-02
   1.35582446e+00
  -4.09627830e-01
  -3.21716967e-01
  -2.64222707e+00
   1.23346314e+00
  -5.42403489e-01
  -5.32849752e-01
   8.66844363e-01
   9.25451797e-01
  -7.75223183e-01
  -3.46857740e-01
  -1.50607422e-01
  -1.74323155e+00
   1.92831660e+00
   1.23149465e+00
   2.27211821e-01
  -1.01012910e+00
   1.41070854e+00
  -1.91272705e+00
  -7.66181067e-01
   3.25542276e-01
  -1.14945807e+00
  -6.68865522e-01
   5.12800753e-01
   1.45196392e+00
   4.26361655e-01
   8.42371189e-01
   9.59822201e-01
  -1.96562260e+00
   2.16554143e-01
  -3.63495320e-01
  -9.80226901e-02
   5.89659776e-01
   6.58123538e-01
  -5.82714964e-01
  -1.53520049e+00
   6.83621480e-01
   1.91194608e+00
  -1.01541193e-01
  -1.26147013e+00
   8.07967170e-02
  -1.95026951e+00
   1.19968892e+00
  -6.72803348e-01
   2.44493986e-01
  -7.94209710e-01
   1.27533160e+00
  -5.36579428e-01
   8.19754492e-02
   1.02320144e+00
   1.15381239e+00
  -6.94266955e-01
   1.24495539e+00
   2.22247422e-01
  -4.73614174e-01
   1.67199153e+00
  -1.04027889e+00
  -7.10167975e-01
   1.54389770e+00
  -1.37306711e+00
  -2.94111480e-01
   8.63307052e-01
   2.31416501e-01
   5.37901809e-01
   1.09319639e+00
  -6.74903569e-02
  -5.02038231e-01
   1.44955580e+00
   8.03721485e-01
  -2.36794035e-01
   1.62271772e+00
   3.96986526e-01
  -1.47133546e+00
   1.05123259e+00
  -1.61556971e+00
   1.17017558e-01
   5.14258235e-01
   1.61557041e+00
   1.68290834e+00
   5.71768840e-01
  -1.00402955e+00
   2.43574088e+00
   1.70237120e+00
   8.74885465e-01
  -5.20864695e-01
  -2.44124504e-01
  -1.56651108e+00
  -1.10028434e+00
   1.67343755e+00
   2.72323569e-01
  -1.92697752e+00
   3.59111961e-01
  -1.42472438e-02
  -9.92394264e-01
   9.56289022e-01
   4.11555490e-01
  -1.17242899e+00
  -6.60956600e-01
  -9.04778093e-02
   3.85855575e-01
  -5.85136363e-01
   5.73252783e-01
   1.26775383e+00
   3.22526147e-01
  -1.74003485e-01
   2.28607294e+00
  -7.57759447e-01
   6.90807119e-01
   4.19350830e-01
  -7.66680809e-01
  -4.46695893e-01
  -1.23123988e+00
   5.06488059e-02
  -6.03623319e-02
  -3.12602633e-01
  -4.07428835e-02
  -9.89917809e-01
  -3.57107007e-01
   1.04917991e+00
  -1.63294449e-01
  -4.39301454e-01
   5.14058303e-01
  -5.07574902e-01
   1.40188917e+00
  -1.23423688e+00
  -1.69531566e+00
  -8.74241968e-01
  -2.80888165e-01
   1.07094235e+00
  -5.07392255e-01
  -1.24796408e+00
  -7.43009275e-01
   1.06511052e+00
  -3.03905809e-01
  -8.61284977e-01
  -1.50615442e+00
   3.31355524e-01
  -1.67681131e+00
   6.88655719e-01
   3.96494509e-01
  -1.13298994e+00
   3.01187709e-01
  -1.06120770e+00
   2.79415070e-01
  -2.64758295e-01
  -7.29642219e-01
   1.75610048e+00
   1.61875509e+00
   9.39203755e-03
  -1.17582752e+00
  -3.50243152e-01
   7.00552379e-01
   1.44817497e+00
  -3.63506899e-02
  -1.87821285e+00
   2.99162131e-01
  -2.06016113e-01
  -1.84441872e+00
  -7.64482510e-01
  -6.19946986e-01
  -8.18363183e-01
  -2.71343616e-01
  -1.76949612e-01
   4.60883642e-01
  -1.02842041e+00
   2.24809030e-01
  -1.61176688e+00
   1.68272755e+00
  -8.47252090e-01
  -6.95959060e-01
  -8.38903655e-01
   7.60059604e-01
  -6.06431461e-01
   2.17273992e-03
  -2.65493109e-01
   9.92926993e-01
   1.77201696e+00
   1.25686436e-01
  -5.16666137e-01
  -1.76888437e-01
  -1.13492115e+00
   5.41631662e-01
   6.26892732e-02
  -2.98581306e-01
  -2.41993332e-01
  -8.11173995e-01
   5.71268967e-01
   9.78037317e-01
   1.37178573e+00
  -1.79362360e+00
   1.90375540e+00
  -4.99819316e-01
   9.59759151e-02
  -7.88716902e-01
   9.39956449e-01
   1.23298615e+00
   1.10155901e+00
  -4.06510811e-01
  -2.53042822e-01
  -9.68119067e-01
  -6.12181255e-01
   8.96218156e-01
   3.41476907e+00
   9.86276849e-01
  -9.06359942e-01
   1.03645549e+00
  -1.31744492e+00
  -5.53955713e-01
   2.28667655e-01
  -9.48551546e-01
  -4.06389166e-01
   2.64163199e-02
  -1.74550426e-01
   9.45221880e-01
  -1.35432460e+00
   1.64293756e+00
   1.63284044e+00
   1.01436579e+00
   6.07633988e-02
   1.47267310e+00
  -1.54655806e-01
   7.84091952e-02
   3.38454230e-01
  -1.36991449e+00
   7.59997111e-01
  -2.03181115e-01
  -2.29118601e-01
  -1.62656283e+00
  -1.40831410e+00
   8.24241888e-02
   3.12276792e-01
  -1.34056872e-03
  -1.56916239e-02
  -2.88314312e-01
   1.13259707e+00
  -2.28333072e-01
   5.55411155e-01
  -2.42173926e+00
  -5.47160983e-01
   1.67946121e-01
  -1.57978400e-01
   4.79037438e-02
   4.67499429e-01
   3.42369603e-01
   9.33722957e-01
  -1.80476327e+00
   5.10650982e-01
  -5.93418447e-01
   7.58828049e-01
   7.27507262e-02
   3.09473148e-01
  -1.77152852e+00
   8.47970414e-01
  -6.66501158e-01
  -1.53170640e-01
   7.63637012e-01
   8.48856246e-01
   1.90387869e+00
  -4.81444938e-01
   1.30024455e+00
   6.02269001e-02
  -1.63843872e-02
   9.97137132e-01
   3.13877173e-01
   7.04958511e-01
   1.15888907e+00
  -7.04675474e-01
   8.25659233e-01
   9.86420167e-01
   3.40356052e-01
  -3.15612205e-01
   5.20126083e-01
   6.09676929e-01
  -1.04474850e+00
  -5.99015750e-01
   1.45497713e+00
   1.25786621e-01
  -1.14887755e+00
   1.92538712e-02
   8.62991127e-01
  -4.52420193e-01
  -2.17612121e-01
  -5.75754507e-01
   1.06013719e-01
  -1.00552972e+00
   3.51197046e-01
  -2.88171125e-01
   3.14994767e-01
   1.39759651e+00
   9.03979748e-01
   1.16543931e+00
   8.98780778e-01
   2.08620079e-01
   4.89289708e-01
  -2.79396524e-01
  -1.93910059e+00
   6.42436622e-01
  -7.42030046e-01
   1.73225005e-01
  -4.72830988e-01
  -4.64943725e-01
   1.35690746e+00
  -1.28075426e+00
   3.20270296e-01
   1.35034008e+00
  -5.41657951e-01
  -6.21570181e-01
   3.71218635e-01
  -6.67671048e-01
   2.21846823e-01
   4.14912151e-01
  -2.80442794e-01
  -2.62956420e-01
   3.69649125e-01
   1.17466897e+00
  -8.53579897e-01
   5.01570296e-01
  -2.18407210e+00
  -4.55753128e-01
  -1.40548266e+00
  -2.40669850e+00
   5.07955511e-01
  -2.34371394e-01
   9.79465275e-01
   5.32479160e-02
   9.94472881e-01
  -6.28961712e-01
  -2.07948785e+00
  -7.14420494e-01
  -2.38471409e+00
  -8.26195257e-01
   1.29384054e+00
  -1.89893269e+00
   7.96567510e-01
   4.90084792e-01
   2.48670312e+00
  -1.85641128e+00
  -2.50941617e+00
   3.33746089e-01
  -5.06012268e-01
  -3.06789492e-01
  -4.45401169e-01
  -1.28324511e+00
  -8.64999585e-01
   2.68764199e-01
   2.83513979e-01
   8.05175822e-01
  -2.48998737e-01
   6.90914387e-01
   6.35786406e-01
  -1.41641977e+00
   2.14336859e-01
   1.84078571e+00
  -3.06674020e-01
  -3.21203637e-02
  -1.10003896e+00
  -1.06673611e+00
  -1.56415580e+00
  -9.87188775e-01
  -1.25234482e+00
  -6.86555998e-01
  -1.01831924e+00
  -2.54531456e-01
  -1.31471763e+00
  -2.38445933e-01
  -8.27852985e-01
   1.77929225e+00
   1.79755788e+00
   4.05722661e-01
   3.73042483e-01
  -8.67588833e-01
   1.81563207e+00
   7.72552923e-01
  -2.05690762e+00
  -1.49514102e-01
  -3.15718981e-01
  -1.45625541e-01
   5.18367039e-01
   4.87916092e-01
  -4.74349212e-01
  -9.78721849e-01
  -1.24807794e+00
   1.08902863e-01
   2.57346208e-01
  -1.49171169e+00
   3.02028079e-01
   7.73663741e-01
  -1.19577801e-01
   9.76046884e-02
  -5.80093145e-01
   7.27130412e-01
   6.98039735e-01
   2.81422186e-01
  -5.70478359e-03
   2.76333177e+00
   3.26551493e-01
   1.75590796e+00
  -1.55499219e+00
  -1.27843575e+00
  -7.24670036e-01
  -5.09434805e-01
  -7.55663324e-01
   1.34083310e+00
  -3.28862012e-01
  -9.59550502e-01
  -8.76408146e-01
  -3.17315672e-01
   3.50402747e-01
  -1.07896459e+00
  -1.99180630e-01
  -3.76492832e-01
   7.55353649e-01
   2.81968624e-01
  -2.36885111e+00
   4.92351816e-01
   1.37137159e+00
   5.53870338e-01
  -1.46242963e+00
   1.88786096e+00
  -1.48356694e-02
  -4.25968053e-01
   3.16309910e-01
   1.03670285e+00
  -5.33202616e-01
  -1.49543532e+00
   1.19561117e+00
   7.90466223e-01
  -5.86800754e-01
   8.46596302e-01
  -7.90753756e-01
  -2.42045445e+00
  -9.40588654e-01
   4.70499181e-01
  -2.56166085e-01
   3.27717225e-01
   7.68851692e-01
  -9.31041703e-01
   8.59233925e-01
   8.52443809e-01
  -1.11892200e-01
   1.29261809e+00
   1.75087747e+00
   7.73013670e-01
   1.69330168e+00
  -1.95919223e-01
   1.07452747e+00
  -3.34808117e-01
  -4.11698729e-01
   1.72490853e+00
  -3.74028056e-01
  -9.82580410e-01
  -1.62999140e-01
  -1.76712878e+00
  -4.65646522e-01
  -1.09979569e-01
   2.86715019e-01
  -1.52305904e+00
   1.07539813e+00
   2.09769646e+00
  -1.08485362e+00
   2.19750311e-02
  -2.59239373e-01
   1.43128792e+00
   1.43920811e-01
   1.97779529e-01
  -4.89788656e-01
   8.39730553e-02
  -1.57207728e-01
  -6.70139031e-01
   7.51832952e-01
  -1.41062032e-01
   6.21694253e-03
   5.44156318e-01
   3.98902743e-01
  -7.21915613e-01
   2.76894513e-01
   8.76519297e-01
   7.86220903e-01
  -8.92019783e-01
  -1.40647224e+00
  -7.48174302e-01
   4.23528790e-02
  -1.37189382e-01
  -1.38171485e+00
  -1.44964082e+00
   7.51806115e-01
   1.57043491e+00
   1.72358573e+00
   1.45960089e+00
  -4.64056616e-01
   5.06267568e-01
   8.63037568e-01
   2.09414846e-01
  -6.26176029e-01
   1.13612394e+00
  -2.42167518e-01
  -1.95139686e-01
   7.52195658e-01
   1.99636042e+00
  -3.62247361e-02
  -6.00355171e-01
   4.18847276e-01
  -1.18577037e+00
  -2.03680004e+00
   6.69195238e-01
   6.88187532e-02
  -9.25791626e-01
   1.24917681e+00
  -1.19684656e+00
   3.27532609e-02
  -1.25066884e+00
   6.56463192e-01
  -1.46536561e-01
   7.18608800e-01
   1.34952768e+00
   5.07996941e-01
   6.30593988e-02
  -8.91048277e-01
   5.13088427e-01
   1.07507447e+00
  -3.68811110e-01
  -1.24845229e+00
   1.30144554e+00
   8.55383375e-01
  -1.31051998e+00
   6.61898552e-01
   1.02970503e+00
   9.87427767e-04
   6.78625785e-01
  -7.67189363e-02
  -2.76567506e-01
  -1.68955391e-01
  -3.21171313e-01
   3.60048618e-01
   5.17995251e-01
   9.44991688e-01
  -2.99709754e-01
   2.67045971e-01
   1.44528207e+00
  -3.03470710e-01
  -1.12315847e+00
   6.02827629e-01
  -2.73782511e-02
  -1.19081090e+00
   1.36954031e+00
   1.11034991e+00
  -3.08840435e+00
  -9.57588352e-01
   1.19854373e+00
  -2.13615678e-01
  -4.84594196e-01
  -4.56070744e-01
   4.84580520e-01
  -2.77861105e+00
  -2.06018626e-01
  -2.18846875e-01
  -8.63228498e-01
   1.57943341e+00
   6.09945758e-03
   1.23830077e+00
  -1.82960698e-01
  -7.36173997e-01
   1.36646531e+00
   1.32087494e+00
  -6.70149441e-02
   4.06552190e-01
  -1.85797417e+00
