   1.06736767e+00
   9.29463309e-02
   6.53070399e-01
   1.20153478e+00
  -9.01286008e-01
  -9.18438487e-01
   6.18970655e-01
  -1.64961249e-01
  -4.25376489e-01
   1.07945148e+00
   8.19197808e-01
  -6.92713828e-01
  -1.81048167e+00
  -7.36987456e-01
   3.54805864e-01
   6.94323769e-01
   4.22323246e-01
  -9.13632102e-02
   1.69042141e+00
   1.30172114e+00
   2.79312001e-01
   1.32892252e+00
  -1.34662692e+00
  -8.76575168e-01
   3.93346616e-01
   5.61388080e-02
   8.25460370e-01
   1.09364231e+00
  -7.51498723e-02
   1.16676268e-01
   3.86738039e-01
   2.49142599e-01
   9.49342543e-01
   1.69746751e-01
  -5.20703666e-01
   7.76682713e-01
   1.79127112e+00
   8.11051246e-01
   9.39009133e-01
  -1.00480651e+00
  -1.06766468e+00
   9.43490327e-01
   2.64410078e+00
  -4.35591926e-01
  -1.29354421e+00
  -1.49317852e+00
  -2.52875360e+00
  -6.85190749e-01
   1.68813607e+00
  -9.30909996e-01
   8.26143677e-03
  -7.48219201e-02
  -3.98235568e-01
  -1.13151441e-01
  -6.56587085e-01
   1.40513423e+00
  -1.61384572e-01
  -4.50012649e-01
   1.58063100e-01
   1.95662986e+00
   1.33930324e-01
  -3.96404459e-01
  -5.79586621e-01
   4.49712798e-01
  -7.03497285e-01
  -2.33718723e-01
  -3.32683657e-01
   9.18000139e-02
   2.63283671e+00
  -1.12725788e+00
   1.18717864e+00
   4.74266102e-01
  -1.22514549e+00
   1.84380160e-01
  -4.19454048e-01
  -3.51379738e-01
   2.74896427e-02
  -7.26446301e-01
  -3.19475780e-01
   1.84606142e+00
   8.47238538e-01
  -1.89024423e-01
   1.19842127e+00
  -4.81930868e-01
  -2.05939439e+00
   1.36769393e+00
   5.21820604e-01
  -1.28348370e+00
   5.32667370e-01
   7.48323727e-01
  -1.50339336e+00
   2.08441014e+00
   1.98937198e+00
  -7.46910835e-01
   2.91662922e-01
  -5.66810468e-01
  -1.89561160e-01
  -3.07027232e-03
   5.22656897e-01
   2.38647123e-01
  -9.49646811e-01
   2.99145475e-01
  -7.39297463e-01
  -1.11464848e+00
   2.35600583e-03
   1.75693200e-01
  -2.03823659e+00
  -2.36707994e+00
   8.32075937e-01
   5.30026519e-01
   2.65936218e-01
  -3.36919430e-01
   1.55496263e-02
   1.51085235e-01
  -7.89154799e-01
   1.55344249e+00
   3.10407283e-02
   4.74374171e-02
   1.64281733e+00
  -7.18766688e-01
  -2.00518897e+00
  -4.40276593e-01
   5.07063691e-01
   7.64564265e-01
  -9.40696250e-01
   7.29833904e-01
  -1.78878215e-01
  -3.77415677e-01
  -6.68807184e-01
  -1.05054740e+00
  -9.16082434e-02
   9.98553616e-01
  -4.28625547e-01
   3.84380025e-01
   3.88779174e-01
  -6.93176842e-01
  -9.05015462e-01
   1.58383222e+00
  -1.37678051e+00
  -1.77642902e+00
   4.78816951e-01
   5.20073416e-01
  -8.22335434e-02
  -1.29150296e+00
  -5.16948508e-01
  -1.15249619e+00
   5.46116420e-01
   1.39441434e+00
   7.67344245e-01
  -6.12525309e-01
  -2.27378442e+00
   1.47527937e+00
   8.94580658e-01
   1.14069957e+00
  -1.95530090e+00
  -3.49902435e-01
   5.78963105e-01
  -8.29090167e-01
  -2.17612563e+00
   7.39028306e-01
   2.15305152e+00
  -1.64200034e-02
   7.02522868e-01
  -1.19337100e+00
  -9.89167790e-02
  -2.90053010e-02
   1.15237006e+00
   1.96568539e-01
   9.72132777e-01
  -1.32768696e+00
  -1.22421954e+00
  -1.60513541e+00
   8.73223853e-01
   1.48813893e+00
   7.50104029e-01
   2.79022579e-01
  -1.22095577e-02
  -4.21084256e-01
  -1.06249300e+00
   2.48735931e-01
   8.42589538e-01
   1.85610322e+00
  -5.04891048e-01
   1.19043705e+00
   1.36887642e-01
   4.71099738e-01
  -5.67409990e-01
   1.56449242e+00
  -3.37679913e-02
   1.12979139e-01
  -1.37762925e+00
   1.42184805e+00
   1.97473172e+00
   1.39523199e+00
  -2.88882160e-01
  -2.29531737e+00
   1.11172488e+00
  -7.00411168e-01
  -2.63216611e+00
  -4.39394621e-01
  -1.09406446e-01
  -7.18283645e-01
   3.34022867e-01
  -2.83442134e-01
   2.98292279e-01
  -2.33093585e-01
  -5.66986238e-01
  -3.80083015e-01
  -6.69389982e-01
  -8.73973741e-01
  -2.84342802e-01
   1.30020749e-01
  -9.82649550e-02
   2.74922302e-01
   3.48489577e-01
   1.25516955e-01
   2.76857861e+00
  -4.49591002e-01
   7.29792215e-01
  -6.76687591e-01
  -1.09517784e+00
  -1.72379398e-01
   2.12108344e-01
  -1.82166303e-01
   3.04089680e-01
  -1.10738700e+00
   4.37467793e-01
  -5.85865678e-01
   1.09150156e+00
   7.33073268e-01
   3.85620798e-01
  -8.01415758e-01
   2.18974962e+00
   3.84434144e-01
   4.50417029e-01
   1.26292599e+00
  -3.29057040e-01
  -2.43149720e-01
   4.07732097e-02
   1.14581807e+00
  -4.44052427e-01
  -1.51680151e-01
  -8.17547430e-01
  -6.02930115e-01
  -1.23911754e+00
  -4.84294038e-01
  -1.40540329e+00
  -7.57036710e-01
   5.22366909e-02
  -5.21906833e-01
   3.71121395e-01
  -9.04609435e-01
  -1.28254306e+00
  -7.31502331e-01
  -1.60747538e+00
   1.17843424e+00
   1.60997363e+00
   8.41759974e-01
  -4.62596689e-01
   5.79246163e-01
  -7.96773496e-01
  -8.49920078e-01
  -1.28688696e+00
   1.52400809e-01
  -7.51465784e-01
  -1.14642964e-01
   5.73271726e-01
   1.76960968e+00
  -8.83933711e-01
   6.17658272e-01
  -9.71935828e-01
   2.55426600e+00
   9.95838790e-01
  -1.19259301e-01
  -9.69692627e-01
   1.43128187e+00
   7.93085851e-02
   1.84733896e+00
   1.31658971e+00
  -4.24791739e-01
  -1.12603203e-01
  -1.20656873e-01
  -1.97915182e-01
  -3.44864965e-02
   8.02853828e-01
   5.32320758e-01
   1.42958281e+00
   1.83077646e+00
   8.55925095e-01
  -1.34815893e+00
  -7.28512181e-01
  -1.00084997e+00
  -8.48879540e-01
   8.70200458e-01
  -1.40874598e+00
  -1.46082348e+00
  -1.86286310e-01
  -1.36579561e-02
   9.80377093e-02
   1.83672367e-01
   1.73289385e-02
  -6.06906778e-01
  -5.67684158e-01
   6.08837040e-01
   1.58746419e-01
  -3.90655509e-01
  -1.20301659e-02
   8.64490728e-01
  -6.66937464e-01
   6.20000287e-01
  -4.44665520e-01
   1.11027657e-01
   3.35167027e-01
   3.62062085e-01
  -4.49597502e-01
  -6.52441956e-01
   6.55767527e-01
  -4.64880089e-01
   1.24588569e+00
   3.84099853e-01
  -1.94466333e-01
  -2.87807684e+00
  -1.09118416e-03
  -7.57880720e-01
   2.97190958e-01
  -9.76569102e-01
  -6.20605273e-01
   3.46843695e-01
   9.85299747e-01
   1.13659862e+00
   1.60476726e+00
  -8.12310959e-01
   8.50417136e-01
   1.43100200e+00
   1.22220561e-02
  -1.25556603e+00
  -1.98888556e+00
   6.38027616e-01
   1.36771066e+00
  -4.93803110e-01
  -1.07245570e+00
   1.42423326e+00
   1.22689257e+00
   2.22636027e+00
  -6.06015716e-01
   5.72529741e-01
  -1.20885215e+00
   3.20496117e-01
  -2.21030436e-01
   4.49657131e-01
   2.50672780e-01
   8.47210857e-01
  -1.64625340e+00
   5.07670665e-01
   8.00533231e-01
  -8.64220157e-01
  -3.44573731e-01
  -3.44389785e-01
   4.06966682e-01
  -2.87181250e-01
  -1.39661480e+00
   8.53945998e-01
   8.96787427e-01
   2.05665374e-01
   1.43772950e-01
   7.61849119e-01
   9.81079247e-02
   4.01927969e-01
  -1.27715090e-01
  -2.09023917e-01
   1.32855176e+00
  -1.15270511e-01
   2.06645323e+00
   6.34381712e-01
   4.36119477e-03
  -1.78104485e+00
  -1.64846558e+00
   5.35466940e-01
   3.31000059e-01
  -5.19447840e-01
   5.63694603e-01
   2.28512372e-01
   2.92812503e-01
  -7.42572809e-01
  -4.79270440e-01
   2.45899990e-01
  -1.21898037e-01
   3.29019034e-01
   1.67041535e+00
  -1.18243356e+00
   4.77976101e-01
  -4.65007907e-02
   4.86305564e-01
   9.62492325e-01
  -3.59929423e-01
   1.68135346e-01
   5.59262901e-01
   3.07198489e-01
   1.04857933e+00
  -8.82950593e-01
   1.11721997e+00
   1.02726225e+00
   8.80588059e-01
  -7.40078303e-02
  -1.53083391e+00
   1.05547262e+00
  -4.91521681e-01
  -1.20920021e+00
  -1.51167039e-01
  -7.17381893e-01
  -1.58588957e+00
   5.63537399e-01
  -2.09759369e-01
   2.25828788e-01
   8.44140916e-02
   3.48419823e-01
  -1.04556085e+00
   2.72640195e+00
   3.82899174e-01
   6.83621562e-01
   8.19171114e-01
   4.15071298e-01
   7.82958757e-01
  -9.76658148e-01
   1.49636197e+00
   5.56146741e-01
   2.46370055e+00
   1.02098270e+00
   2.49100579e-01
  -3.40249555e-01
   2.55527616e-01
   8.69395246e-02
  -2.78204899e-02
  -6.34949180e-01
  -3.32765667e-01
   1.10375942e+00
   4.45218989e-01
   2.30361123e-02
   3.55332856e-01
   2.38275468e-01
   3.08843358e-01
   7.64044480e-01
  -1.42751027e+00
   1.53133975e-01
   2.12928270e-01
   6.39281684e-01
  -1.98681581e+00
   5.40333523e-01
   1.52573360e+00
   4.61929912e-01
   1.40353160e+00
   3.92322136e-01
  -4.53885844e-01
  -2.71729341e-02
   1.28634362e+00
  -5.31845841e-01
  -9.64094729e-01
   8.64714745e-01
  -4.92992071e-01
   3.38403046e-01
   3.38031131e-01
  -1.06181567e+00
  -1.61982922e-01
  -7.30651888e-01
   7.40981078e-01
   1.28392825e-01
  -1.50338362e+00
  -6.96216754e-01
   7.88715640e-01
  -7.77951466e-01
   4.52821151e-01
   2.76512221e-02
   4.98464463e-01
   1.00846086e+00
   1.67318250e-02
  -6.22538004e-01
  -3.37587693e-01
   1.21601888e+00
  -2.20137390e+00
  -7.67393823e-01
   7.97148881e-02
   2.89608158e-01
  -2.02615953e-01
   4.72943155e-01
  -1.23679901e+00
   2.22961921e-01
  -2.90859608e-01
   1.75359743e-01
  -8.62985711e-01
   8.24040570e-01
  -9.11413949e-01
   2.83233691e-01
  -1.00241480e+00
  -8.24874956e-01
   1.91382318e+00
  -9.11773481e-01
   1.58333690e-01
  -1.70634889e+00
   9.15734865e-01
   1.16904583e+00
   3.83334484e-01
   1.93235076e+00
   7.23142126e-01
  -4.44438178e-01
  -1.51581663e+00
   1.63783835e-01
   2.92408895e-01
  -5.71687639e-01
   2.59692648e+00
   5.75568798e-01
  -3.40030141e-01
   2.02195261e+00
  -6.14296793e-01
  -9.52242141e-02
  -1.73323441e-01
   1.57655934e+00
   5.45649288e-01
   1.52668262e+00
  -1.33171219e+00
   6.27816546e-02
   3.85065557e-01
  -1.55083104e+00
   8.50924236e-01
   3.49775577e-01
  -1.96837323e-01
   4.19206101e-01
  -1.38220868e+00
   1.01140963e+00
  -6.33653852e-01
   1.12866264e+00
   2.57378420e+00
  -1.73535165e+00
  -1.29069688e+00
   9.53548284e-01
  -1.15730810e+00
   8.32695111e-01
  -8.44027901e-01
  -9.23145485e-01
  -4.49718429e-01
  -2.16122288e-01
  -8.85948929e-01
   3.91012009e-01
   1.71600588e+00
  -1.23041954e-02
  -1.21250242e+00
   1.94406108e-01
  -6.60773341e-01
   1.18317309e+00
   1.37920716e+00
   5.00035939e-01
   8.44557388e-01
   6.48845408e-01
   3.68816009e-01
  -1.70380966e+00
   6.48118210e-02
  -1.36361782e+00
  -2.44162264e+00
   7.25985036e-01
   2.79271904e+00
   3.06403486e-01
   1.92692911e+00
   6.09726965e-01
  -8.90580512e-01
   6.57637660e-01
  -3.79386530e-01
  -9.97959427e-01
   3.67978392e+00
   1.52865738e-02
  -9.88225050e-01
   1.43397578e+00
   8.55417047e-01
  -4.66450706e-01
  -2.08349289e+00
   8.97575895e-01
   4.79249818e-01
  -8.25566119e-01
   9.47874781e-01
  -4.64166789e-01
  -3.07830887e-01
   1.65242825e+00
   8.35494141e-01
   7.90385637e-01
  -2.31405254e-01
   6.90458402e-01
   6.13450300e-01
   2.17092740e-01
   2.76112010e-01
  -1.09176822e+00
   4.57214850e-01
   5.51159869e-01
  -6.35629133e-01
   1.66868414e+00
  -1.20846182e-01
  -4.78618176e-01
  -3.07202468e-01
  -1.93241263e+00
  -5.96701097e-01
   5.76247088e-01
   5.24671734e-01
   1.03300095e+00
  -1.27888609e+00
   3.05352305e-01
  -9.74764514e-01
   1.02387274e+00
   1.30194111e+00
   1.12533956e+00
   7.57590575e-01
  -1.10009970e+00
   2.73085426e-02
  -1.16083247e+00
   3.62344524e-02
   2.32925474e+00
   1.24324748e+00
   5.07814125e-01
   1.72301733e+00
  -4.81932510e-01
   6.80361036e-01
   5.91919387e-01
   9.17474706e-01
   9.20419416e-01
   7.35062461e-01
  -1.00699160e+00
   1.45289186e+00
  -5.45392366e-01
  -7.90569982e-02
   7.06903986e-01
   6.39274880e-01
   1.40107044e+00
  -3.62744593e-01
   1.08164778e-01
  -2.96217117e-01
  -4.16407608e-01
   4.19702273e-01
  -2.98495715e-01
  -1.48139592e+00
  -1.66991146e+00
   1.37413903e+00
  -1.72176816e+00
  -2.46038090e+00
  -9.65970005e-01
  -7.04043324e-01
  -3.41985749e-01
  -6.71977493e-01
   3.35383773e-01
  -3.14446787e-01
   5.33235921e-01
  -2.33367794e-01
   1.36632443e+00
  -1.92954578e-01
   7.80840368e-01
  -6.91616188e-01
   5.73568299e-01
  -5.55875170e-01
   2.47393318e+00
   1.07942130e+00
   8.62377880e-01
   6.55039601e-02
   1.96834671e+00
  -2.11306659e+00
  -2.12760476e-01
   4.64364275e-01
   1.27670878e+00
   1.65501728e+00
   4.70921474e-01
  -1.13579502e+00
  -1.18441309e+00
   4.05787360e-01
  -1.05616760e+00
   1.64233866e+00
   2.11428999e+00
  -6.68707199e-01
  -1.07396028e-01
   1.91291219e+00
  -6.06967690e-01
   1.63628340e+00
  -2.26996545e-01
  -2.26539047e-01
   5.87238901e-02
   9.38139214e-01
  -1.53129519e+00
   9.58740786e-01
   9.10587925e-02
   1.81217112e-01
  -1.02346690e+00
  -1.11767823e-01
  -5.92697291e-01
  -1.30845120e+00
   1.08773447e+00
  -4.47228506e-01
   9.35036765e-01
  -8.32505394e-01
   7.43514716e-01
  -1.90617034e-01
   8.56641235e-02
  -1.52851348e+00
  -1.26864665e+00
   6.41256876e-01
   6.44158705e-01
  -7.36929972e-01
  -6.26541413e-02
   1.52446863e-01
  -1.40332546e+00
  -1.44172107e+00
   8.60985727e-01
  -1.08142017e-01
  -1.56316054e+00
  -5.31865997e-01
  -1.70949802e-01
   1.00161989e+00
   2.59398335e-02
  -1.47428227e+00
  -1.66104563e+00
  -3.54581693e-01
  -1.22397887e+00
   6.43539772e-01
   5.06704485e-01
  -6.85921749e-01
   7.57238314e-01
  -5.16251203e-01
   4.73229755e-01
   1.29370729e+00
  -1.39657538e+00
  -1.46575254e+00
  -1.57261761e-01
   4.26399255e-01
  -4.00249437e-01
  -1.69531684e+00
   1.97453277e-01
   1.45020575e+00
  -6.01071557e-01
  -2.50940324e-01
  -7.49381298e-01
  -1.63373030e+00
   2.26158080e-01
  -6.18435968e-01
   1.56025543e+00
   5.33624294e-01
   5.51441979e-01
  -2.97282034e+00
  -1.40865452e+00
  -1.27568985e+00
   5.40964954e-01
   1.69059902e+00
   1.63977928e+00
  -4.85317658e-01
  -4.80041923e-01
  -1.27265283e+00
  -8.96671054e-01
  -3.57607605e-01
   1.37899966e+00
   1.35665734e+00
   3.74633195e-01
  -1.27310384e-01
  -7.68688840e-01
  -1.06511175e+00
  -1.16876185e+00
  -3.17076086e-01
  -3.98790386e-01
   6.21055144e-01
  -6.51453750e-01
   7.41599944e-01
  -2.33939136e-01
   1.76915548e-01
   1.33726071e+00
   2.50114286e+00
  -1.38338957e+00
  -8.72956838e-01
  -6.04777243e-01
  -2.83541809e-01
   1.30674362e+00
   8.41203354e-01
  -9.38349901e-01
   2.71332705e-01
   5.78767194e-01
   1.41082948e+00
  -1.05885937e+00
   4.20577292e-01
  -4.11825313e-01
  -1.50704753e+00
   3.38291684e-01
  -8.53729344e-01
   1.02647659e+00
   8.23841095e-01
   2.17581689e-01
   6.09210870e-01
  -1.49066016e-01
   7.09564399e-01
   1.39033939e-02
   4.34749752e-02
  -1.23366822e+00
  -1.02253614e+00
  -6.25897319e-01
  -6.13127147e-02
   7.01855687e-01
   2.03897101e-01
  -1.89432308e+00
  -1.01250558e+00
   1.98018928e+00
   6.88587217e-01
   1.41303608e-01
   4.71812129e-01
   8.84269014e-01
  -1.52584399e+00
   3.51201368e-01
   1.04961927e+00
  -6.02736990e-01
  -1.49275065e+00
  -1.49569206e+00
  -9.59424741e-01
  -3.96079915e-01
   1.47934742e+00
   1.29124673e+00
   9.55057071e-01
  -1.28661596e+00
   1.68608132e+00
  -1.27448513e+00
  -1.91800853e+00
  -2.82920103e-01
   5.24747920e-01
   9.76977679e-01
  -1.95371606e-01
   7.48571759e-01
   1.39353616e-01
   8.59066390e-01
   2.08725218e+00
   1.64319735e+00
   9.01707267e-01
   1.42284687e+00
   2.78098908e+00
   8.69292097e-01
  -1.65669268e+00
  -1.88978783e-01
  -1.34167491e+00
  -3.59346195e-02
   1.14239360e+00
  -3.82557968e-01
   4.59022609e-01
   7.83489911e-01
  -8.26448563e-01
  -1.26797949e+00
  -1.55481980e+00
  -1.00636879e+00
   4.50165496e-01
   1.89808660e-01
   2.29767080e+00
  -6.48479668e-01
   7.52350032e-01
  -5.23168970e-01
   1.32669801e+00
   1.59915940e-01
   7.44048518e-01
  -6.15080775e-01
   9.19931524e-01
   3.33968622e-01
  -1.94655434e+00
  -8.92522586e-01
  -1.45226064e+00
  -1.14010836e+00
   2.16515825e+00
   1.58602437e+00
   2.32508121e-01
   6.82561352e-01
  -2.00635249e+00
   6.38846848e-01
  -2.04364920e+00
  -6.60265915e-01
   1.35203593e+00
  -1.26858302e+00
  -6.04078154e-01
   2.21938321e-01
   1.79050638e-01
  -6.74950534e-01
   1.84906813e+00
  -2.31216400e-01
  -8.49509124e-02
   6.27834822e-01
   1.30511140e+00
  -3.47806382e-01
   4.35745927e-01
   9.26260616e-01
  -2.50349997e-01
   9.41344853e-01
  -3.85026664e-01
  -2.40043600e-01
   9.91811973e-02
  -5.29572757e-01
   3.42666923e-01
  -6.72181355e-01
  -1.08471642e+00
   1.56891213e+00
  -8.90411125e-02
  -2.14119885e+00
  -1.57106566e+00
  -2.15869047e+00
   4.17266684e-01
   3.27109222e-01
  -1.56228137e-01
  -2.11372604e+00
   1.86699045e-03
  -2.09211562e+00
  -2.84235008e+00
   3.96307371e-01
   6.59886508e-01
   1.47919252e-01
   1.07367862e+00
   3.95213693e-01
  -9.94215011e-01
  -8.31267232e-01
  -7.33949670e-01
  -8.12715852e-02
  -6.52122843e-02
   1.45170933e+00
   3.41098956e-01
   3.72382398e-01
   1.82191979e-01
   1.54570158e+00
   1.57437049e+00
   1.64002126e+00
  -1.21878527e+00
   5.53296540e-01
  -1.38441529e+00
   4.52188080e-01
   4.93138111e-01
  -1.96774347e-02
   1.96670265e-01
  -5.35782433e-01
  -1.00369372e+00
  -3.78582471e-02
   6.00748339e-01
   2.99450810e-01
   1.84018793e+00
   8.84095597e-01
   4.85237258e-01
   2.60254138e+00
  -5.74434881e-01
  -3.13549761e+00
  -1.39396333e+00
   6.69049848e-01
  -1.32855896e-01
  -1.73849225e+00
  -1.19998425e+00
  -1.13119688e+00
   1.20221396e+00
  -4.90380719e-01
  -6.71894715e-01
  -1.24894253e+00
   1.81010571e+00
   8.22969067e-01
  -1.11094084e+00
  -7.46963913e-01
   5.66669258e-01
  -1.88518713e+00
   2.75881312e-01
   1.67292053e+00
  -7.31461987e-01
  -9.80750190e-01
  -5.00412876e-01
   1.02450780e+00
  -1.03574712e+00
  -1.11288479e+00
   1.34709550e-01
  -2.79529747e+00
  -5.92767559e-01
  -1.00159554e+00
  -2.04161019e+00
  -4.28897379e-01
  -1.85070718e+00
  -1.11564440e+00
   1.33693095e+00
  -4.87007026e-01
   5.26904747e-01
   4.60300572e-01
   8.21475562e-01
   5.82801023e-01
   7.51367385e-01
  -8.18546607e-02
   1.61643053e+00
  -2.10695948e+00
  -7.54744232e-01
  -8.02277581e-01
   7.07029509e-01
   7.49237958e-01
   4.22535224e-01
   1.76134403e+00
   2.46458314e-01
   8.07419211e-01
   7.93338358e-01
   3.59069012e-01
   1.04839783e+00
  -1.01845266e+00
  -2.26244230e-01
   9.61774894e-01
   1.93323794e-01
   2.02584794e-01
  -1.78802524e-01
   6.41104671e-01
   8.16026019e-01
  -1.15199843e-01
   7.46204415e-02
   2.11542666e+00
   2.88884285e-01
   3.12012177e-02
   9.26117940e-01
   3.60672733e-01
   1.23180187e+00
  -5.74360404e-01
   2.25442639e-01
   1.50021966e+00
   4.48414458e-01
   1.49698937e+00
   7.99470178e-01
   1.18108690e+00
   1.00860257e+00
   9.77667089e-01
   1.21319039e+00
   1.90998136e-01
  -1.26925824e+00
  -1.66037314e+00
   6.98193360e-01
   1.08551820e+00
   6.82875582e-02
   1.00200955e+00
  -9.47320500e-01
  -9.81530209e-01
   6.74594263e-01
  -1.62537144e+00
   3.87363874e-01
   1.98249459e-01
   1.70691904e+00
  -6.63849115e-01
   1.70628245e+00
  -4.06723113e-01
   6.64768094e-01
   5.31157798e-01
  -7.14809081e-01
  -1.14081319e-02
   1.62950893e+00
   9.61539549e-01
   9.86063684e-01
  -7.72945131e-01
  -8.26144444e-01
   1.24350251e+00
  -5.57592932e-02
   1.33553368e+00
   4.79972641e-01
  -6.00990843e-01
  -8.66612475e-01
   5.30779364e-01
  -3.22870826e-01
   1.73462432e+00
  -5.23004784e-01
   1.35699598e+00
   3.69949170e-01
   7.69740082e-01
   9.01302245e-01
   8.00463331e-02
  -3.56530416e-01
  -2.99860371e-01
  -3.58229480e-01
   1.10702576e+00
  -1.21544913e+00
   5.65493703e-01
  -1.68521961e+00
  -2.65263048e-01
   1.48246357e+00
   3.71974649e-01
  -7.91436223e-01
   5.60240872e-01
  -1.18872961e+00
  -1.31224867e+00
  -1.15404116e+00
   2.30295484e-01
   6.03375898e-01
   1.23173386e-01
  -1.72083720e+00
  -3.01295777e-01
   5.37372436e-01
  -5.46756038e-01
  -5.11728021e-01
   1.65016420e+00
  -3.79668497e-01
   5.79227148e-01
   1.14942272e+00
   1.46560386e+00
  -1.84414162e+00
   6.86050998e-01
  -1.60806806e+00
   9.15436759e-01
   1.89343678e-01
  -1.77144687e+00
  -1.66241710e+00
   1.25082837e-01
   1.56264502e+00
  -4.54047797e-01
  -3.09743588e+00
  -1.88387419e-01
  -1.24047099e+00
  -2.91796879e-01
   1.08723650e+00
   5.24474498e-01
  -7.17179862e-01
   5.96043632e-02
  -9.68969708e-01
   3.02040428e-02
  -1.54470956e+00
  -1.29497567e+00
  -2.72515491e-01
  -3.69202575e-01
  -8.45147201e-01
   7.99763063e-01
  -2.63784903e+00
  -2.08668440e-01
  -1.46822886e+00
  -1.08977433e+00
   7.95581310e-01
  -1.72748514e-01
   5.06778618e-01
  -1.40282401e+00
   8.65735534e-01
  -3.98867914e-01
  -2.02056329e-01
  -3.87804854e-01
   1.59175869e+00
  -1.09617508e+00
   1.84423218e-01
   6.18880345e-01
  -3.06176659e-01
  -1.20461348e+00
  -4.14077662e-01
   3.78457865e-01
  -5.23255142e-01
   1.18639252e+00
   1.60755097e+00
  -3.74986271e-01
   1.41051561e-01
   2.86806541e-01
  -1.33069971e+00
  -1.61867460e-01
   5.69163420e-01
   1.03662233e+00
   6.74308760e-01
  -2.73553268e-01
   7.86701165e-02
  -1.00810039e+00
  -3.40521549e-01
  -5.04821463e-01
   6.08420552e-01
  -2.32623891e+00
  -4.80852369e-02
   1.19738132e+00
   6.04992338e-01
   1.79912812e+00
  -2.15866470e-01
  -3.29252311e-01
  -1.03509925e+00
  -1.37765274e+00
  -1.84105816e+00
   4.11471777e-01
   2.31698309e-01
   2.11338777e-01
   6.61953342e-01
   1.95433575e-01
  -5.54662515e-01
   7.36782479e-01
   7.33841988e-02
  -5.00432296e-01
   1.30873613e+00
  -1.02057666e+00
  -2.74342410e-01
   5.89010870e-01
   6.36409765e-02
   1.26394647e+00
   2.35599655e+00
   3.07852624e-02
   2.11052433e+00
  -1.08331835e+00
  -4.94767931e-01
   1.69081101e-02
   1.04989927e+00
  -6.54114610e-01
  -5.15285808e-01
   2.28395296e-01
   3.40571404e+00
  -6.96873325e-02
   3.53071787e-01
  -2.99709748e-01
  -2.12512071e+00
   2.33468649e+00
   3.65575580e-01
   2.20242388e+00
  -5.28491537e-01
   3.83349069e-01
  -4.13976530e-01
   3.33833847e-01
  -1.03907373e-01
  -4.39989230e-01
   1.55248632e+00
   8.08230500e-01
  -2.59502508e-01
  -1.13796801e+00
   5.42120057e-01
   2.14650307e-01
   2.77653054e-01
   1.85139509e-01
   7.42963147e-01
   1.82494143e+00
   3.87236685e-01
  -7.38918845e-01
  -2.10774046e+00
   1.73783591e-01
  -7.90310300e-01
   1.08610459e+00
  -1.98156417e+00
   2.07433643e+00
   1.04643060e+00
   6.91953863e-01
  -1.11996986e-01
  -1.59852214e+00
  -8.39887145e-01
  -1.05335649e-01
   7.44328450e-01
  -7.14632636e-01
  -1.07243899e+00
  -1.38412066e+00
   1.21440456e+00
  -2.66389272e-01
   8.80713222e-02
  -4.64524615e-01
   4.52255962e-02
  -1.24475323e+00
  -2.45475092e+00
   3.57445957e-01
  -3.10157256e-01
   9.24389292e-01
  -1.26180809e+00
  -3.05477962e-01
   2.12565846e+00
  -5.70033275e-02
  -1.81101592e+00
   6.63586120e-01
  -1.10840109e+00
  -2.67144383e-01
  -5.79692735e-01
   5.22714928e-01
  -1.95220006e-01
  -3.12106366e-01
   6.11911025e-01
  -3.03084026e-01
  -2.20035558e+00
  -1.33956485e+00
   1.78110802e-01
   7.12316991e-02
  -2.19730490e+00
   8.05228872e-01
   1.49993276e+00
   5.29277257e-01
   1.19666682e+00
   2.20598608e-01
  -2.16168856e-01
  -1.97288158e-01
   1.22989563e+00
  -3.98354399e-01
  -2.16239397e-02
   1.54678664e-01
  -3.44730509e-01
  -7.30848659e-01
  -1.31057819e+00
   1.75357085e-01
   4.83672518e-01
   1.26934393e+00
  -1.92584692e+00
  -1.07950943e+00
   3.32746250e-01
   7.42300289e-01
  -3.01026716e-01
  -1.13715697e+00
   1.13082908e+00
  -1.11803284e+00
  -5.10232249e-01
  -6.99984578e-01
  -1.24487713e+00
  -6.34350291e-01
  -2.96836233e-01
  -1.75037132e+00
  -8.86178907e-01
  -3.50064761e-01
   2.59744572e-01
   2.80857534e-01
  -8.27777818e-01
  -9.65018837e-01
  -1.32672487e+00
  -8.98530623e-01
   3.84089811e-01
  -1.83659762e-01
   6.43299280e-01
  -1.39455398e-01
  -1.03765166e+00
   1.31067645e+00
   8.03400134e-01
   1.40118326e+00
   1.77011763e+00
  -1.18873571e+00
   7.98633435e-01
  -6.09388122e-01
  -2.03665969e-01
   3.77689557e-01
   6.03355797e-01
   6.27424123e-01
   2.66505868e-02
   2.41858873e-02
  -5.99254989e-01
   2.32995386e+00
   9.38616740e-01
  -3.66306218e-01
  -4.89683493e-01
   1.38018067e+00
  -2.46426670e+00
  -1.86514729e-01
  -9.00042387e-01
  -2.63080485e-01
  -1.63809058e+00
  -1.65373912e+00
  -3.75219699e-01
  -2.74259027e-01
  -2.94684415e-01
   5.56888579e-01
   1.91900626e-01
  -8.89828942e-01
  -6.96893369e-03
  -7.86100811e-01
   9.46261573e-01
  -2.07948543e+00
  -3.00909603e-01
   5.89269928e-01
   2.64755611e-02
  -6.39870148e-01
   4.44465543e-01
   6.99770564e-01
   2.99535480e-01
   1.72395278e-01
   6.28009747e-01
   1.22760098e+00
  -1.53316262e+00
   1.71657979e-01
  -1.68594767e+00
  -5.93707469e-01
  -9.58182261e-01
   5.59093002e-01
   1.80982853e+00
   1.72176611e+00
  -5.06451292e-01
   1.01056647e+00
  -1.18644287e+00
   1.55921409e+00
  -2.12059333e+00
  -8.48304249e-01
  -4.23303689e-01
  -7.04917579e-01
  -9.20561859e-01
  -7.04130136e-01
   6.61877529e-01
   5.93001454e-01
  -6.18990752e-01
   1.80485506e+00
  -7.07175625e-01
  -1.51419813e+00
  -1.69815040e+00
  -2.82926285e-01
  -1.32389172e+00
  -2.98065623e-01
   5.90623819e-01
   6.62153831e-01
  -3.19170813e-01
  -1.72882462e-01
  -5.74007819e-01
   2.11736558e+00
  -1.20188318e+00
  -1.62664254e-01
   4.26653665e-01
  -3.36160017e-01
   7.66963855e-01
  -1.86676476e+00
  -1.60319242e+00
   1.31898111e+00
  -1.00148294e+00
   1.11773844e+00
   1.25710609e+00
  -7.38951768e-01
   1.44630465e-01
   8.72004186e-01
   6.77867519e-01
  -2.68216687e-01
   1.04118280e+00
   8.44423100e-02
   1.00166942e+00
   2.15539711e-01
   4.32308658e-01
   5.74543642e-01
   7.17732722e-01
  -9.83505647e-01
  -2.56287405e-02
   1.18325949e+00
   1.28087153e-02
  -5.00806036e-01
   7.89884623e-01
   1.01518746e+00
   1.10912091e+00
   5.69469805e-01
   2.61597747e+00
   2.04735733e-01
  -2.38090139e-01
   3.62704342e-01
  -1.10225760e-01
  -1.46722430e+00
   9.75489725e-01
   2.15997492e-02
   7.15237949e-01
   2.81702258e-01
  -1.09048046e+00
   1.15628312e+00
  -1.13979440e+00
   1.01919949e+00
  -1.63532148e-01
   7.88826073e-01
   7.43806994e-01
  -1.61187702e-02
  -4.95848742e-01
   2.22346407e-01
  -1.04168830e+00
   1.03323452e+00
   4.16054248e-03
   7.67332960e-01
   1.14849375e+00
   2.03795420e+00
   1.14556020e+00
  -1.19177190e+00
  -4.84535258e-01
  -9.03117822e-01
  -1.29998726e+00
   9.91638837e-01
  -9.88841597e-01
  -5.70119338e-01
  -1.29431667e+00
  -3.92470364e-01
   2.92107775e-01
  -1.73454965e+00
  -9.66150486e-01
   1.51010464e+00
   9.26086054e-01
  -1.03377214e+00
   1.15465164e+00
  -2.59439406e+00
   8.21402642e-01
  -3.31891749e-02
   1.28201471e+00
  -1.31024771e+00
   5.49915168e-01
  -2.90567529e-01
  -3.86019556e-01
  -8.13914783e-01
   1.21237747e+00
   1.67110048e+00
  -1.54505295e+00
  -1.49322684e+00
  -1.08320373e+00
   6.41538682e-01
  -2.01394279e-01
  -1.17872747e+00
   1.38151083e+00
   1.31923962e+00
  -2.24865576e-02
   2.14779344e+00
   4.82969161e-01
   1.06944360e+00
   8.35695623e-01
  -9.36997540e-01
  -7.50650526e-01
  -2.27881855e-01
  -9.66515547e-01
  -1.23534851e+00
  -9.12976394e-01
  -1.58588064e+00
   1.25399713e+00
  -1.90438686e-01
  -7.84341083e-01
  -2.37608263e-01
   8.20397307e-01
   1.40699539e-01
  -5.91130954e-01
   1.39742458e+00
  -2.02853668e-01
   1.11309081e+00
   7.86177456e-01
   1.28648627e+00
   6.59799480e-01
   5.20658059e-01
   4.51473130e-01
  -3.77986579e-01
  -1.50541677e+00
  -1.69108663e+00
   4.30850589e-01
  -1.54755332e+00
  -1.84751130e+00
   7.62202413e-01
   3.33944283e-01
  -1.50388483e+00
   9.85743057e-01
   3.01885373e-01
  -7.77234924e-01
  -8.69647334e-02
  -7.02948776e-01
  -1.89333653e+00
   1.51331768e+00
  -1.89438697e+00
  -1.59051237e+00
   1.47559232e+00
   4.56408333e-01
   7.64404965e-02
   9.44591532e-01
   1.35227105e+00
  -2.00657706e+00
   2.02003053e+00
  -4.75980443e-02
  -5.27844034e-01
  -2.89262165e+00
  -1.87566391e-02
  -4.35911629e-01
   6.28733466e-01
   9.53053198e-01
   1.87989123e+00
   6.20137899e-02
   4.09995549e-01
   8.08156378e-01
  -1.68046372e+00
   9.62119873e-02
  -3.74994015e-01
  -1.40644290e+00
   3.31039574e-01
   2.10738656e+00
  -6.07301875e-01
  -2.99791655e-04
   1.53038145e+00
   1.71396467e+00
  -3.12875252e-01
   1.87740997e+00
   8.07003481e-01
   1.14120979e+00
   1.24739610e+00
  -1.10075726e+00
   1.30219955e+00
  -2.00177219e-01
   1.21774372e+00
  -1.06950209e+00
  -1.89779689e+00
  -1.65679344e-01
  -2.64796786e-01
  -1.11055495e+00
   2.45453035e-01
  -7.49098017e-01
   7.13370078e-01
   4.07131726e-01
  -1.01844280e-02
  -1.26550328e+00
  -4.95633924e-01
  -8.57179804e-01
   2.09192540e+00
  -4.98870822e-01
  -1.30797322e+00
   6.83455234e-02
   8.67216148e-02
  -7.83227115e-01
  -5.76948864e-01
  -1.18826104e+00
   4.99104141e-01
   2.41150704e-01
  -6.70066291e-01
  -1.26782824e+00
  -1.05430444e+00
   3.38449788e-01
  -7.87126026e-01
  -1.10010149e-02
   1.01449393e-01
  -3.29916232e-01
   8.52609262e-01
   1.49456274e+00
  -6.19651918e-01
   5.79204806e-01
   1.00415809e-01
  -6.01385482e-01
   1.30391070e+00
   1.61444057e+00
   1.45370239e-01
   1.72062943e-01
  -3.73954400e-01
  -1.27010711e+00
   8.18486665e-01
  -5.16745365e-02
  -1.30232206e+00
  -7.11726475e-01
   1.57392008e-01
   3.83503623e-01
   3.02105798e-01
   1.70584400e+00
   7.95014403e-01
  -2.12742845e+00
  -2.61595857e+00
  -6.70511097e-01
   4.43257233e-01
  -9.83462446e-01
   6.39022334e-01
  -1.84042740e+00
   5.02041159e-01
   4.82609679e-01
   2.91651820e-02
   2.35966137e-01
   4.85402768e-01
   5.34157697e-01
   4.29932712e-01
   1.72175737e+00
   8.70806521e-01
  -4.09783789e-01
   6.76665682e-01
  -1.99396604e+00
  -6.67550609e-01
   9.77339486e-01
   1.22328418e+00
  -7.79770066e-02
  -1.00164743e-01
  -1.18660186e+00
  -8.94549205e-02
  -2.94857656e-01
   6.98798302e-01
  -1.13490687e+00
  -1.27335114e-02
   2.24976003e+00
  -1.45813145e+00
   4.09366911e-01
   6.42377178e-01
  -9.18925885e-01
   7.79156184e-01
   1.76134861e-01
  -1.26549884e+00
   5.68280227e-01
  -1.71007380e-01
   1.17001201e+00
  -4.98906198e-01
   1.24318180e+00
  -7.77294211e-01
  -1.00276582e+00
  -7.44419622e-01
  -8.57868400e-01
  -8.35978836e-01
   3.94290627e-01
  -6.30973270e-01
   4.26618502e-02
   9.64903285e-01
  -7.63347291e-01
   1.97042059e-01
  -8.85695387e-01
  -3.73779168e-01
   4.27402366e-01
   1.00437486e+00
   1.49493088e+00
   1.96359800e-01
   2.18741664e-01
  -5.59408512e-01
  -3.79763906e+00
   6.11795224e-01
   1.26443518e+00
  -1.47406647e+00
  -9.10064787e-02
  -3.65409065e-01
  -1.63582153e+00
  -2.64776364e-01
   5.22372822e-01
   1.81336215e-01
   1.39540602e-01
  -1.65944211e+00
   3.55326760e-01
   9.49514191e-01
   4.21722921e-02
   7.09030639e-02
  -7.34989878e-02
  -4.74317507e-01
   9.95970588e-01
   5.50715518e-01
  -5.20344088e-01
  -4.19288183e-01
  -6.26078293e-01
  -1.29896489e+00
   4.17770834e-01
  -1.99105800e+00
  -1.75308946e-01
   9.87533654e-01
  -8.88646476e-01
  -1.05578203e+00
   1.98368521e+00
  -1.38249358e+00
  -1.39545394e+00
  -3.35248340e-01
  -1.84970331e-01
  -8.67486945e-01
   2.45844031e-02
  -1.00771898e-01
  -1.97880869e+00
   1.79895427e+00
   5.50606655e-01
  -1.07300471e-01
  -2.30037918e+00
  -1.80748159e-01
   1.78612544e-01
  -9.12208960e-01
   4.09028481e-02
  -1.25779670e+00
   1.03863984e+00
   6.54898749e-02
  -6.42225731e-01
   1.77216843e-01
  -5.10584385e-01
   9.78380406e-01
  -8.04777594e-01
   4.33046183e-01
   5.27975426e-01
   1.05322321e-01
   3.13080387e+00
  -3.43925544e-01
   6.33973513e-01
   1.38012869e+00
  -8.84202234e-01
  -1.17282658e-01
  -1.03851910e+00
  -9.30875489e-01
  -1.34966104e+00
  -1.21800642e+00
  -7.25008140e-01
   9.80522693e-01
  -1.92799153e+00
   3.69212551e-01
   1.30550633e+00
  -1.06901752e-01
  -4.30868563e-01
   1.29106300e+00
  -2.82115867e+00
  -7.56229401e-01
   1.40072290e+00
   1.37398796e+00
   9.65557766e-01
   4.18971205e-02
  -8.35884399e-01
  -1.26400641e-01
   1.45811395e-01
   3.10039990e+00
  -1.14524811e+00
   1.30615580e-02
  -8.62912669e-01
  -1.14048992e+00
   8.36643134e-01
   6.60962088e-01
  -3.08733059e-01
  -2.48030947e-01
  -4.30595591e-01
  -1.15722077e-03
   1.49688945e-02
   1.41123038e+00
  -7.94193813e-01
  -1.45144496e+00
   8.72799145e-01
   5.04766788e-02
   1.57511511e+00
   3.37420265e-03
   1.13122531e+00
   3.52535988e-01
  -5.79759847e-02
  -1.69643162e+00
   2.73068232e-01
  -1.27110003e+00
  -4.48653080e-01
  -5.75585870e-01
  -2.45200339e+00
  -3.81524591e-01
   2.48168146e-01
   7.05911868e-01
   1.10707151e+00
   1.89220125e+00
   5.69051901e-01
  -2.23598413e+00
  -7.10660354e-01
   3.76452143e-01
   1.44857446e-01
  -1.14930896e+00
  -1.87294572e-01
   1.07557477e-02
  -5.41887402e-01
  -1.91181085e+00
  -2.54539145e-01
   7.12954543e-01
  -6.08095204e-01
   1.62336693e+00
  -1.57776769e+00
   4.98153566e-01
  -8.52704691e-01
  -9.13263637e-01
   9.63093676e-01
  -7.66082947e-01
   1.80605459e+00
  -2.17230831e+00
   1.18739791e+00
  -1.99006176e-01
  -2.11867184e-02
   6.56144645e-01
   3.64973835e-01
   2.78093398e-01
   1.88226606e-01
   1.54910780e+00
  -1.39952458e-01
  -4.80794418e-01
   1.98320261e+00
   1.01271740e+00
   1.65695746e+00
   2.54757059e-02
   1.78075980e-01
  -1.40671161e+00
  -1.82204631e+00
   1.06455109e+00
  -1.54617901e+00
  -1.22147431e+00
   1.73535708e+00
   2.60424831e-01
   1.58210021e+00
   1.61569321e-01
   6.57293513e-01
   6.60336076e-01
   9.41952084e-01
   6.22811309e-01
  -1.49643602e+00
  -2.32036940e-01
   2.31081796e+00
   5.43790977e-01
   7.13304345e-01
   3.86612379e-01
   1.94113752e+00
  -1.14212190e+00
  -8.85585121e-04
  -1.87954472e+00
  -1.50106514e-01
   1.88257768e+00
   1.94595488e-01
   5.24616807e-01
   3.78938230e-01
   9.58130643e-01
  -8.74172266e-02
  -2.04313096e+00
  -5.43588588e-01
  -3.81561968e-01
  -2.99442793e-01
  -8.40651095e-01
  -1.81181793e-01
  -4.34604973e-01
   2.44731027e-01
  -7.39635720e-01
  -6.92855725e-01
  -7.94664140e-01
  -8.77251162e-01
   2.05151116e+00
   2.02530855e+00
   2.43238361e+00
  -9.96186020e-01
   3.25487106e-02
   1.95558796e-01
  -3.77832736e-01
  -2.54766720e-02
  -4.48706293e-01
  -1.27069862e+00
   3.34020768e-01
  -5.33600613e-01
   2.18593860e-01
  -2.25051438e-01
   7.80055818e-01
  -3.19580671e-01
   8.25849839e-01
  -6.53743126e-01
  -8.25778250e-01
  -1.50189234e-01
   7.70913407e-01
   9.05462904e-01
  -3.30362560e-01
   7.17305740e-01
  -1.04493436e+00
  -1.61789476e-01
  -7.20564145e-01
  -1.75773019e-01
  -4.74172036e-03
   2.59441910e-02
  -2.46893080e+00
  -7.18706258e-01
   5.38773244e-01
   7.80522404e-01
   6.03721024e-01
  -2.31300556e+00
  -1.09788195e+00
   4.07566879e-01
  -9.68143430e-02
  -3.78630140e-01
  -1.75101770e+00
   1.27795425e+00
   2.32389579e+00
  -2.15880590e+00
   1.14246356e+00
  -5.47120776e-01
  -5.73116481e-01
   1.78545712e-01
  -4.64979316e-01
  -1.78309258e+00
  -1.95428885e+00
   1.30633878e+00
   1.52672530e+00
  -8.95527324e-01
   1.47242789e+00
  -1.07780361e+00
  -3.79637124e-01
   1.75988585e-01
   2.34814146e+00
   2.94535490e-01
   1.78114078e-01
   6.67520676e-01
   2.51663010e+00
  -5.17621837e-01
   7.86576157e-01
   9.11652599e-01
  -7.75331233e-01
   2.05599164e-01
  -7.44715546e-01
  -1.01377698e+00
  -8.13491854e-01
  -1.38571855e+00
  -6.00121432e-01
  -1.31104094e+00
   7.46238818e-01
  -1.35654418e+00
   5.44546071e-02
  -8.42489858e-01
  -1.28950509e+00
  -2.83771252e-01
   1.27762740e+00
   2.01630281e-01
  -2.43862480e-01
   1.18311485e+00
  -6.23113521e-01
   1.89088688e+00
   1.27972713e-02
   4.69356254e-01
   8.92891484e-01
   9.76886955e-01
  -2.71553073e-01
  -8.54507570e-02
   4.47410734e-01
   2.62203494e+00
  -8.55623018e-01
  -1.00974988e+00
   7.83860612e-01
  -1.54175610e+00
  -6.38019398e-01
   2.29058672e-01
   1.21188261e+00
   2.01455816e+00
  -7.34287170e-01
   1.33400758e+00
   4.65831716e-02
  -2.28445848e-01
  -1.89767940e+00
   6.07192862e-01
  -2.44245859e+00
   1.85615862e-01
   9.15212861e-01
   2.54211795e-01
  -1.37092727e-01
  -1.36738924e+00
  -7.30733818e-01
   1.69414494e+00
   8.06224771e-02
   9.03829952e-01
  -1.48149659e+00
  -1.11630870e+00
   2.68466647e+00
  -3.01393586e-01
   1.20058709e+00
   1.22708308e+00
  -7.97533597e-01
   7.10063809e-01
   2.69732077e-01
  -1.72882367e-01
  -2.90369832e-01
   4.67169380e-02
  -4.68715759e-01
  -8.49331192e-01
   2.38943965e-01
  -1.36910849e-01
  -7.82854771e-02
   3.80928510e-01
   6.50566523e-01
   5.75520795e-01
  -2.66672345e+00
   4.65626900e-01
  -5.94034686e-01
   4.17804672e-01
   1.68832013e-01
  -1.42950037e+00
  -7.65481193e-01
   8.40874933e-01
  -1.50394461e+00
   2.88289149e-01
  -6.74197396e-01
  -2.19157825e+00
  -2.69860499e+00
  -4.99931476e-01
   5.30159029e-01
  -2.00342707e-01
  -3.05894984e-02
  -4.45678372e-01
   2.86485011e-01
  -8.39677761e-02
   1.33624528e+00
   6.19069131e-02
  -5.28666243e-01
   6.73451018e-01
  -7.33117253e-01
  -1.65961798e+00
   6.64861010e-03
   1.62379561e+00
   9.94812936e-01
  -8.80796068e-01
  -4.41833300e-01
  -1.62724575e+00
   4.23747765e-01
  -1.30847494e+00
   2.21687186e-01
  -8.00599133e-01
  -8.33341240e-01
  -2.18048843e-01
   4.08299065e-01
   3.83518553e-01
  -1.40989048e+00
   5.52739088e-01
  -6.62753633e-02
  -6.22734918e-01
   5.95099054e-01
  -7.82360519e-01
   2.36677051e-01
  -1.04759253e-01
   3.99798948e-01
   6.34820952e-01
  -1.02172189e-01
   8.59380532e-01
  -1.02938598e+00
  -7.29791554e-01
   1.15929914e+00
  -1.73553262e+00
   1.03303538e+00
   1.35530029e+00
   8.19514376e-01
   1.67747443e+00
  -1.56045833e-01
   2.26732498e+00
   1.94910199e-02
   1.17281613e+00
   1.30767373e+00
   5.90528440e-01
  -5.24722185e-01
   2.98570850e-01
   7.41011852e-01
  -6.37959254e-01
  -7.45624412e-01
  -9.84581599e-01
   8.66277874e-01
  -9.64685440e-01
  -2.45203848e-02
   1.67642646e+00
   6.35728878e-01
   5.60116338e-01
   2.74098078e+00
  -1.83515978e-01
   1.11909381e+00
   5.73678763e-01
   1.03592576e-01
  -5.60563192e-01
  -1.93315174e-01
   9.59741221e-01
  -9.59483313e-01
  -1.27181748e+00
   7.81935202e-01
  -1.94106138e+00
  -3.42590680e-01
  -1.52148290e-01
  -5.05138354e-01
  -1.42171343e-01
  -4.39417565e-01
  -8.73900609e-01
  -1.64887480e+00
   3.26665532e-01
   1.50602726e+00
   1.19915416e+00
   3.45939068e-01
   8.67151097e-01
   1.88065225e+00
   3.84494296e-01
   3.64770281e-01
   7.47339248e-01
   8.71365954e-01
  -2.71402362e-01
   1.26893182e+00
   1.04809344e+00
   3.52493199e-01
  -5.82699312e-01
   1.63271543e-01
  -1.10958498e+00
   1.37700597e+00
   7.37068842e-01
  -4.87811080e-01
   1.13462875e+00
  -5.16002386e-01
   2.27727058e+00
  -1.19275020e+00
  -5.43455287e-01
  -4.24041651e-01
  -1.05726141e+00
  -3.43885066e-01
  -7.01521688e-01
  -4.35201874e-01
   3.31525299e-01
   2.46357265e-01
   1.69776777e+00
   8.92988177e-01
  -8.18355127e-01
  -3.59142751e-01
   3.22612656e-01
  -2.49022196e-01
  -2.80229833e+00
   1.14075879e+00
  -6.19434222e-01
   1.09096789e-01
  -6.56502703e-01
  -3.22732573e-01
  -4.94500832e-01
  -7.84029015e-01
   4.42177464e-01
  -4.69646628e-03
   9.94193955e-01
  -5.86596376e-01
   1.40837188e+00
   6.64477149e-01
   4.38729814e-01
   5.39016719e-01
   3.44476391e-01
   4.32599581e-01
  -1.95457330e-01
  -1.03197056e+00
   4.05882717e-01
   1.17974186e+00
  -2.05517840e+00
   7.49760132e-01
   1.09638184e+00
   6.63655523e-01
  -1.09534075e+00
   1.15606658e+00
   3.98201868e-01
   4.52063728e-01
  -8.07456633e-01
   5.90232868e-01
  -7.72814599e-01
   3.18287210e-01
  -1.00197292e-01
  -4.60447111e-02
   6.40386879e-01
  -1.35647311e-02
  -8.93869568e-01
   9.86004966e-01
  -2.13609508e-01
   1.60982937e+00
  -6.69183024e-01
   7.26855483e-02
   1.60430299e+00
   1.09978295e-01
  -2.40106158e-01
   9.07948956e-01
   2.53214798e-01
   3.99411882e-01
  -3.70863881e-01
   1.18068691e+00
  -2.51510210e-01
  -9.02477181e-03
  -6.42003805e-01
  -3.93391146e-01
  -3.55141921e-01
  -1.13508583e+00
   4.84091007e-01
   1.26058378e-01
  -4.53678233e-01
   2.98827367e-01
   9.46537312e-01
  -2.90442259e-01
  -1.36750781e-01
  -1.10482362e+00
  -5.12289809e-01
   1.29267954e+00
  -6.56602084e-03
   7.16196011e-02
  -1.08668578e+00
  -1.94472348e+00
  -3.11832507e-01
  -9.61938399e-01
  -2.53185652e-01
  -1.52735327e-01
  -7.72098068e-01
  -1.05763245e+00
  -6.12109323e-01
   2.63446408e-01
  -7.10554752e-01
   1.19997280e+00
   4.53297980e-01
   1.13425226e+00
   8.95169017e-01
   5.65293125e-01
  -1.36254874e+00
   4.14642050e-01
  -1.05794996e-01
   1.48563206e-01
   4.29102677e-01
  -1.66793052e-02
  -2.02425564e+00
  -6.70245894e-01
  -7.00832850e-01
  -1.17774149e+00
   7.68183245e-01
   6.09197702e-01
   1.00821036e+00
  -9.41621472e-01
   1.79235623e-01
  -1.19648285e+00
  -1.61470360e+00
   3.03306339e-01
  -1.47448717e+00
   1.67801583e+00
  -1.20023991e+00
  -5.78426446e-01
   9.76254081e-01
  -8.64377212e-01
  -3.19774509e-02
   8.72644810e-02
  -2.00740672e+00
  -1.92445539e-01
   2.36483819e-02
   1.16946803e-01
   5.79118408e-01
   9.99820153e-01
   8.78771196e-02
  -1.49120138e+00
   5.45728266e-01
   4.79949331e-01
  -3.87147473e-01
   7.12489937e-02
  -6.07080057e-01
  -1.52808396e+00
   7.66063921e-01
  -1.60646088e-01
   6.35713544e-01
  -6.76898837e-01
  -1.73293126e-01
  -1.49422084e-01
   8.66742611e-02
   1.73982824e+00
   1.25195479e+00
  -1.81649251e+00
  -1.41803292e+00
   8.93686019e-01
  -1.46921373e-01
  -1.01933420e-01
  -6.02248650e-01
   4.58846293e-04
   8.98779664e-01
  -6.44281326e-01
   1.08849575e+00
  -2.51093645e+00
  -4.57275882e-01
  -1.01111997e+00
  -4.54932190e-01
   4.61849378e-01
  -4.06901364e-01
  -8.81035633e-02
   4.72244065e-01
  -8.37194991e-01
  -1.37442197e-01
  -2.16934562e-01
   5.41396748e-01
  -6.51601535e-01
  -2.71391657e-01
   6.97524074e-01
  -1.25820207e+00
   1.34878659e+00
   6.92025626e-01
   6.13492905e-01
   5.27500647e-01
  -1.88020745e+00
  -8.57517080e-02
   7.75578928e-02
   4.93363087e-01
  -1.46221255e+00
   3.81327834e-01
  -5.66233106e-02
   6.19141487e-01
   2.49069658e-02
   3.45541665e-01
  -3.16868846e-02
   1.55294377e+00
  -7.81228691e-01
  -6.82516165e-01
   4.28904855e-01
  -6.47084562e-01
  -1.95825784e-01
  -8.36115439e-01
   1.30627857e+00
  -9.08260564e-01
  -3.03476254e-01
  -4.84617718e-01
   1.02469541e+00
   4.25939383e-02
   1.92835287e+00
  -1.24727190e+00
  -5.26378555e-01
   3.07921492e-01
  -3.09101047e+00
  -8.01220241e-01
   9.80170033e-02
  -1.58300886e-01
   6.38213584e-01
   1.70438382e+00
  -9.39341387e-01
  -4.07933738e-01
  -5.14843059e-01
  -1.25851800e+00
  -1.78341095e+00
   7.84815072e-01
   9.18040839e-01
  -1.01178174e+00
   1.60398451e-01
   1.30490087e-01
  -9.89187953e-01
   2.20867632e+00
  -1.30754305e+00
  -7.88006809e-01
  -2.23542755e-01
   1.15022269e+00
  -2.92517631e-01
  -2.41430065e+00
  -5.11956348e-01
   8.29801201e-01
  -2.11557061e-01
   7.40600003e-02
  -2.94894755e-01
  -8.40932806e-01
  -1.02973329e+00
   9.48989033e-02
  -3.35915358e-01
   2.18674954e+00
  -6.62800657e-02
  -1.60069069e+00
  -1.15291644e+00
  -9.24722444e-01
  -9.21616165e-01
  -4.68194039e-01
   1.08354745e+00
   6.73742844e-01
  -2.43529210e-01
   7.42320786e-01
   1.66816893e+00
  -2.01477751e-01
   1.00990648e+00
   3.36538262e+00
   4.31969092e-01
  -5.11524581e-01
   1.14563318e+00
  -1.28316374e+00
   3.87081081e-01
   7.89406918e-01
  -5.95551367e-01
   1.60883604e+00
   3.25509237e-01
   3.55045859e-01
  -3.83196056e-01
  -3.14109083e-01
  -1.09738294e+00
   2.03810175e+00
   8.49995422e-01
   1.39975797e-01
   3.18069512e+00
  -1.63236443e-01
  -6.37072228e-01
   8.95820162e-01
   5.85812838e-01
   8.49694485e-01
   4.17795223e-01
   7.27342144e-01
  -7.58412038e-02
  -5.92238030e-02
   1.01567605e+00
  -1.44113565e+00
   1.06320190e+00
   1.00798981e+00
  -8.06650464e-01
  -7.01154937e-01
   9.09507921e-02
  -1.25411353e+00
   6.70027673e-01
  -8.49793455e-01
  -7.70161288e-01
  -4.24138986e-01
   7.66479654e-01
  -8.53661024e-01
   3.16190507e-01
   6.66581304e-01
  -5.17003427e-02
   5.54547569e-01
  -5.89617680e-01
  -3.95988538e-01
   1.01992075e+00
  -1.35050980e-01
  -2.68095423e+00
  -7.04804539e-01
  -1.34372355e+00
   5.90245231e-01
   8.03747772e-01
   2.00602834e+00
  -1.61309354e-01
  -1.85198944e+00
  -7.61923961e-01
  -1.94956029e+00
  -1.10720457e+00
   2.37379904e+00
  -4.21519882e-01
  -9.02222777e-01
   5.31525050e-01
  -1.20106392e-01
  -5.76962654e-01
   7.03811149e-01
  -6.54622033e-01
  -9.09134919e-01
  -9.38583285e-01
   1.18026222e+00
  -2.20972593e+00
   1.08654768e+00
  -9.55441090e-01
  -8.64461923e-01
   1.37466967e+00
   5.58550444e-01
   4.75424715e-01
  -6.04840291e-01
  -2.25615176e-01
  -1.21729900e+00
  -8.78041509e-02
   1.38952855e+00
  -1.04939229e+00
  -6.46391777e-02
   9.09189160e-01
  -6.67560456e-01
   1.79610079e+00
  -9.70373997e-01
  -9.30300941e-01
  -4.04494197e-01
   1.11975856e+00
  -2.22626627e-02
   1.71724139e-01
   1.13034219e+00
   1.36382464e-01
  -1.30497493e+00
  -7.22706977e-01
   1.18876526e+00
  -8.26229419e-01
   6.59131850e-01
   2.68551239e-01
  -1.10138932e+00
   1.31198923e+00
   1.68072819e+00
  -1.73128823e+00
   7.25502574e-01
  -1.87747936e-01
  -1.63397127e+00
  -1.37686055e+00
  -6.74591372e-01
  -1.93939804e-01
   4.00865031e-02
  -2.26485687e+00
  -6.96828160e-01
  -8.61598179e-01
   9.09773040e-01
   2.08815103e-01
  -1.65735491e-01
  -2.76996467e+00
   5.26834510e-01
  -3.25443251e-01
  -2.20761358e+00
   7.31107841e-01
