   1.13167663e+00
   1.97096073e-01
   7.00157659e-01
   2.58206132e-01
   1.18357314e+00
  -1.05653849e+00
  -1.91319767e+00
   3.65327949e-01
   1.31714964e+00
   2.09692010e+00
   1.66873740e-01
  -1.70226319e+00
   2.02083266e-01
  -6.33671507e-01
  -1.77841730e+00
   1.49969012e+00
   1.93528257e-01
   6.76923904e-01
   7.16023770e-01
  -1.52497632e+00
   1.98230013e+00
  -1.35382284e-01
   4.20182786e-01
   1.46950044e-01
   1.05603908e+00
  -1.52165805e+00
  -8.73247415e-01
   7.99562531e-01
   1.62119733e-01
   5.81155805e-01
  -1.49046408e+00
  -3.86347869e-01
  -3.71540703e-01
  -1.74649394e+00
   1.93677031e-01
   9.00519638e-01
  -1.98504834e+00
  -5.54424328e-01
  -4.99566901e-01
   1.08715022e+00
   1.72971467e+00
  -1.32311330e-01
   4.87553872e-01
  -4.27882208e-02
   6.27675726e-01
  -1.36712236e+00
   3.16960643e-01
   2.15190008e+00
   6.68205333e-03
  -3.07950744e-01
   3.81367436e-01
   2.24563898e+00
  -1.60737932e-01
  -6.89743630e-02
  -7.63992978e-01
  -1.29231367e-01
  -7.60162813e-01
  -3.59936847e-02
  -4.02775198e-01
  -3.38569977e-01
   6.92947672e-01
   1.33805825e+00
  -6.01881348e-01
  -1.65843624e+00
   5.96573689e-01
  -1.56129182e+00
   1.08774292e+00
   2.65341955e-01
   2.88420730e-02
  -5.89330946e-01
   8.75073009e-02
   9.01452734e-02
   3.35334007e-01
   9.22841529e-01
   7.08045387e-01
   2.04277408e+00
  -9.46341685e-01
  -6.91340829e-01
   1.01820720e+00
  -1.79870395e+00
   1.22065614e+00
  -1.07525198e+00
  -1.16155540e+00
   8.10015107e-01
   9.21680383e-01
   9.21705379e-01
   2.84188631e-01
   1.96270011e-01
   1.12350146e+00
   1.04933236e+00
  -1.39755491e-01
   1.28935426e+00
   8.67730181e-01
   4.02299120e-02
   6.71386263e-01
  -1.66970164e+00
   1.17982376e+00
  -6.90979425e-01
  -9.01543547e-01
   1.02785521e+00
  -1.58594216e+00
  -3.21016083e-01
   2.06836824e-01
  -5.05165310e-01
   8.12337887e-01
  -7.00025524e-01
  -5.97878147e-01
  -2.17323458e-01
  -7.15475634e-01
   2.49239464e-01
  -1.01997889e+00
   8.18346990e-02
  -1.82932245e+00
   2.47893288e-01
  -8.60746587e-01
   1.89199901e-01
   1.45419595e+00
   2.03854070e-01
  -1.29140949e+00
   5.48247212e-01
   5.78783935e-01
  -9.19293790e-02
   2.80951507e-01
  -7.07366809e-01
   3.76182835e-01
  -1.23090805e+00
   7.21507438e-01
   2.59267636e-01
   6.54680896e-01
  -2.85907377e-01
  -1.21681245e+00
  -7.43584139e-01
  -1.49821126e+00
  -3.73378346e-01
  -1.20204418e+00
   7.14633993e-01
  -1.29315573e-01
   7.04822800e-01
   1.90836831e+00
  -3.45288624e-01
   1.82227174e+00
   1.16432340e+00
   5.45454314e-01
   8.47712111e-02
  -5.99961092e-01
   5.57410538e-01
   3.16607015e-02
  -7.76991543e-02
   1.99945632e-01
  -8.38478688e-01
   4.43776700e-01
  -9.53448648e-01
  -4.19857724e-01
  -1.85089834e+00
   1.55852302e+00
   1.58164772e+00
  -4.04507688e-01
  -4.97394278e-01
   1.63303450e+00
   6.13370357e-01
   1.57956290e-01
  -1.14512264e+00
   8.27859492e-01
  -8.95779875e-01
   3.50389560e-01
   8.76885929e-01
  -3.42602721e-01
   9.77700152e-01
   7.70603229e-01
   3.79501673e-01
   9.65136531e-01
  -8.26514614e-01
  -3.76866473e-02
   1.39449798e-01
  -1.14173338e+00
   1.07981786e+00
   1.20092401e+00
   1.80077090e+00
  -1.41500005e+00
  -2.34418218e-01
  -5.13023985e-01
   6.71928885e-01
  -6.07274761e-01
   7.38488584e-01
   1.78406964e+00
  -6.57036378e-01
  -1.28288185e+00
   1.05101409e+00
   1.38614303e+00
   1.02971457e+00
  -1.99178213e-01
  -9.21054462e-01
   1.26271829e+00
   3.53602970e-01
   1.46149326e+00
  -2.04335934e-01
  -1.36653979e-01
  -2.59405776e-01
  -2.36733659e-01
   1.10841242e+00
   2.32586958e-01
  -1.41697578e-01
   1.20197206e+00
   2.16383721e+00
  -1.43067990e+00
  -7.88493319e-01
   1.10931394e+00
  -1.53111494e-02
   5.44478835e-01
  -1.02842528e+00
  -7.66611211e-01
   4.23919340e-02
  -5.42836863e-01
  -1.92476354e+00
   5.13208371e-01
  -1.40274309e+00
  -1.38902138e+00
  -5.19600314e-01
  -2.34132205e-01
   3.36995787e-01
  -8.74565874e-01
   3.62814207e-01
   6.17637490e-01
   2.42130338e+00
   1.85738522e+00
   4.45466622e-01
  -1.81847568e+00
  -2.90920858e-01
   5.35027625e-01
   7.90280355e-01
   1.23704526e-01
  -1.82574476e+00
   4.13838562e-01
   1.07421702e+00
   7.64203795e-01
  -2.06900410e+00
   4.48398360e-01
   6.78026470e-02
  -8.10116960e-01
  -5.37486312e-01
   6.51299962e-01
   7.64548634e-01
   8.34872503e-01
   2.64004320e-01
  -3.56449570e-01
   1.10944767e+00
  -1.36385540e+00
   5.00152049e-01
   8.09726178e-01
   1.64558344e+00
  -5.21258752e-01
  -2.22725370e+00
  -8.88021203e-01
   9.41212037e-01
   1.31191722e+00
   7.95284491e-01
   6.31664282e-01
   5.40969121e-01
   3.22442683e-01
   1.31514293e+00
   2.20826477e-01
  -1.21020106e+00
  -1.17165913e+00
  -7.76371049e-01
   1.35177193e-02
   1.94397619e-01
   6.26218450e-01
  -9.62697931e-01
  -1.57575032e-01
  -2.83326791e-01
  -7.81286572e-01
  -1.57252072e+00
  -3.22029656e-01
  -1.32642880e+00
   1.33914432e-01
  -4.67067273e-01
   1.80435717e-01
   1.61870360e+00
   2.24788296e+00
   4.31558731e-01
  -1.57163918e+00
   1.62002049e+00
   2.13424584e-01
   4.45745565e-01
   1.27032272e+00
  -6.88785065e-03
  -7.75744042e-01
  -9.96713648e-01
  -2.00141789e+00
  -1.41380643e+00
  -1.51428226e-01
   4.72042472e-01
  -1.83186772e-01
  -1.64018734e-01
   2.05552255e-01
  -1.13074580e+00
  -3.23049624e-01
  -1.51966798e+00
  -8.33629618e-01
  -3.19546155e-02
  -1.84594653e+00
   8.61212403e-01
   2.41705970e-01
  -1.20601241e+00
   1.18362458e+00
   4.82262046e-01
   2.01074928e-02
  -8.37370063e-01
   3.76199963e-01
  -4.45684488e-01
   5.08713643e-01
   9.10158652e-01
   1.13048440e+00
  -6.36094690e-01
   2.41331189e+00
  -7.59317674e-01
   8.75214183e-01
   4.37336148e-01
   8.91917813e-01
   1.37573694e+00
   2.51183284e+00
  -1.32994269e+00
   9.07172530e-01
  -6.12576376e-01
  -7.75188482e-02
  -5.78985760e-01
   7.83012816e-01
  -1.89741466e+00
  -1.48802029e+00
  -9.65847812e-01
   4.41991630e-01
   1.20213411e-01
   7.18753365e-02
  -3.93664109e-01
   3.44881284e-01
  -8.49905179e-01
   3.21847624e-01
   3.13506420e-01
  -3.03043224e-01
  -2.35089591e-02
  -1.32243464e+00
   1.30698614e+00
  -1.81855497e+00
  -1.83761864e+00
   1.85059587e+00
   2.70703483e-01
  -3.42073389e-01
   1.75988308e+00
  -1.27638786e+00
  -8.26834554e-02
  -2.01925760e-01
  -5.36279247e-01
  -1.61285923e+00
   9.61036690e-01
   9.31348883e-01
  -5.94240557e-01
  -2.81608584e-01
   6.27881919e-01
  -9.83439858e-01
  -1.19464116e-01
   8.00783284e-02
  -1.99968130e-01
   7.19529358e-01
  -1.98897315e+00
  -7.25615082e-01
   3.47975709e+00
  -2.93137851e-01
  -1.07500747e+00
   1.56152251e+00
  -8.87226059e-01
   3.02476546e-01
  -1.62713325e+00
  -2.13003563e-01
   1.19237289e+00
  -6.35874234e-01
   1.26446750e+00
  -9.28083919e-01
   8.60577486e-01
   1.00841547e+00
  -6.80194843e-01
  -3.25164816e-02
  -5.96307795e-01
   1.80057595e+00
  -1.44215331e+00
  -5.13625680e-01
  -1.62171039e+00
   6.06572316e-01
   9.63167285e-01
   9.78335352e-02
   2.60324111e+00
  -2.10724478e+00
   1.02070771e+00
   6.45755956e-01
  -5.81283225e-01
   9.23272336e-01
  -1.89655449e+00
  -6.01437931e-01
   8.02338082e-01
  -1.17016749e+00
   2.80189222e-01
   5.93034628e-01
   1.55731265e-01
   6.43088001e-03
   1.30105445e+00
  -1.37914777e+00
  -1.00154738e+00
  -1.21762820e+00
  -1.53313661e-01
   5.74968667e-01
  -4.28994292e-01
  -3.02279676e-01
  -1.26222257e+00
   4.66074001e-01
   1.57770125e+00
   8.17430205e-01
   1.91651631e+00
  -1.39071275e+00
   1.04576955e+00
  -1.07134666e+00
  -5.90061030e-01
  -9.25215390e-01
  -3.33830926e-01
   1.00588168e+00
   4.97132791e-01
  -1.84354779e-01
   1.72059091e-01
  -1.01821306e+00
  -9.44449857e-01
   5.00074688e-02
   7.87411090e-02
  -1.24229308e+00
  -1.29366755e+00
  -7.55494708e-02
  -9.38872642e-01
  -2.42046082e-01
   1.78372596e+00
   1.06975120e+00
   1.48475807e+00
   3.17272329e-01
   1.19291219e-01
  -1.58760305e+00
  -5.80766752e-01
   1.06450480e+00
  -6.21648415e-01
  -9.42795948e-02
   5.38603731e-01
   3.85088559e-01
   2.07719618e+00
  -1.30859209e-01
   7.71607659e-01
  -1.03886020e+00
   2.62982534e-01
   1.27598469e-01
  -5.87303846e-01
  -1.04557397e+00
   3.38649332e-01
  -1.58862295e+00
  -5.61400458e-01
   2.14240972e-01
   3.75373713e-01
  -8.90187213e-01
   2.80644087e-01
  -4.13307052e-02
   1.13635082e+00
   2.78536932e-01
  -9.27611071e-01
  -5.04360423e-01
  -8.29877308e-01
   3.18740451e-01
  -7.77265397e-01
   4.77367120e-02
  -1.07356797e+00
   2.00037663e-01
   5.76502178e-01
  -1.47430234e+00
   7.12743178e-01
  -5.71204802e-01
  -1.66219457e-01
  -1.39486895e+00
  -7.42639163e-01
  -7.16743685e-01
   1.31498237e-02
  -5.37001732e-01
  -3.91137154e-01
  -7.67138407e-01
   6.80540057e-01
  -1.16051969e+00
   8.17719827e-01
  -7.42240909e-01
   5.38194957e-01
   7.42751839e-01
   9.68061251e-01
   9.14445887e-01
  -2.16761450e+00
  -1.08023162e+00
  -3.43877798e-01
  -2.32974118e-01
  -1.08386498e+00
   6.06383735e-01
  -2.67706147e-03
   1.13371438e+00
   7.29862527e-01
  -1.19012152e+00
   1.74547207e-02
   2.20991191e+00
  -1.46903193e+00
  -4.67251755e-01
   7.09614905e-01
   1.56442999e+00
   1.85778159e+00
   3.51305551e-01
   2.97731976e-02
   3.82803514e-01
  -1.02032195e+00
   2.68532692e-01
  -8.52739096e-01
   5.36233856e-01
  -3.16657303e-01
   4.17949263e-01
  -5.34755182e-01
  -1.17751829e+00
   1.18414456e+00
  -1.45302410e+00
  -3.39649123e-01
   4.73017774e-01
   7.88666133e-01
   1.10137744e+00
  -6.73585966e-01
  -2.64426625e-02
  -1.00843254e+00
   2.40953898e+00
  -1.38618941e+00
   1.24415538e+00
  -1.29945529e+00
   4.18504592e-01
  -3.84848009e-01
   6.96787963e-01
   2.48200628e+00
   1.11186596e+00
  -7.58600124e-01
   1.10063441e+00
   1.20763092e+00
   3.28964620e-01
   1.19137160e+00
   5.47332155e-01
  -3.61515790e-01
   2.05179693e-01
  -4.95401169e-02
   7.27162867e-01
   3.91220335e-01
  -4.63619061e-01
   5.84744361e-01
  -1.15985102e+00
   1.25845529e+00
   3.68459554e-01
   2.21960500e-01
   5.16503368e-01
  -1.80900925e+00
   6.01022610e-01
   8.31207361e-01
   2.97077349e-02
   1.04612320e+00
  -8.90664956e-01
  -7.37071030e-01
  -5.66161046e-01
   4.56388910e-01
   4.71252743e-01
  -1.47014001e+00
   3.46630041e-01
  -2.50989456e-01
   2.01193233e-01
  -2.06479833e+00
  -4.87132990e-02
  -1.76281875e-01
  -6.35632636e-01
  -1.81519896e+00
  -1.14084972e-01
  -2.43426747e+00
   9.84712062e-01
  -2.57511546e-01
   3.17295249e-01
  -3.77567653e-01
  -8.22817346e-01
   2.29557088e-01
   8.20968617e-02
   2.03237546e+00
  -1.27103298e+00
  -5.06330586e-01
   1.55209583e+00
   6.31370972e-02
   1.16954475e+00
  -3.04353770e-01
   1.21549402e+00
  -1.36252419e-01
  -8.27355636e-02
  -4.73346954e-01
  -1.65771179e+00
  -5.31553264e-02
   4.56824620e-01
  -2.24213417e-02
  -1.99825273e-01
  -4.77869979e-01
  -1.51946101e+00
   7.10911846e-01
  -6.09317482e-01
   1.30543390e+00
  -2.24148695e+00
  -5.73429063e-01
  -4.70646561e-01
   7.49684634e-01
  -5.18226941e-01
  -6.01120974e-01
  -2.56995914e-01
  -8.37234434e-01
  -1.03058985e+00
   1.07173825e+00
   3.11168472e-01
  -1.95360162e-02
  -1.50034963e+00
   1.28871732e+00
   8.52038668e-01
  -1.19744379e+00
   1.06369261e+00
   1.78478723e+00
  -3.27160944e-01
   2.20567462e+00
  -1.32875846e+00
  -4.23827078e-01
   7.76736348e-01
  -2.53795039e-01
  -1.00173591e+00
  -4.26634254e-01
  -7.27121110e-01
  -3.11760936e-01
  -5.33212295e-01
  -1.16533165e+00
   1.93024422e-01
  -5.00383448e-01
  -8.30927755e-01
   6.95647100e-02
   6.96909328e-01
   1.30341476e+00
   8.67532856e-01
  -6.58802818e-01
  -2.35282178e-01
  -1.23077110e+00
   1.77104769e+00
  -8.58641170e-01
   1.34972299e+00
  -9.06436654e-01
  -2.46172947e-01
  -5.33471111e-01
  -2.52220119e-01
  -6.41608609e-01
   1.52984265e-01
  -1.62784148e+00
   1.27139207e+00
  -2.47979753e-01
   4.15575994e-01
   1.45000516e-01
  -2.86343784e-01
   9.51854841e-01
  -1.04055386e+00
   4.19423993e-01
  -4.23031580e-01
   7.40206649e-01
  -6.28113769e-01
   1.54802474e+00
   1.71605101e+00
   6.27992349e-01
   1.27039239e+00
   3.69438069e-01
   2.76832217e-01
   4.11244391e-01
   2.61294449e-02
  -3.79458215e-01
  -1.76200311e+00
   1.50755933e+00
   1.12479252e-01
  -1.16917774e+00
  -5.92633940e-03
   1.39399644e+00
  -3.26296615e-01
  -1.35646426e+00
  -7.12046793e-01
   1.42343794e-01
   1.90089414e+00
   3.35416589e-01
  -1.49173492e+00
   5.31420612e-01
  -3.41916707e-01
   4.63923943e-01
   1.34358668e+00
  -2.04207173e-01
   2.85939163e+00
  -1.04462316e+00
  -1.84891964e-01
  -5.74260388e-01
   2.27923848e+00
  -5.90963028e-01
  -2.18096191e-01
  -1.03985829e+00
  -6.67759403e-01
   2.47290541e+00
  -7.24085163e-01
   3.84865878e-01
   3.95119171e-01
   3.45047311e-01
   9.47291345e-01
  -9.49274803e-01
   2.61242580e-02
   1.35097976e+00
   1.93968062e+00
   4.33709420e-01
   7.07044310e-01
  -9.48702966e-02
   5.30328409e-01
  -4.50527028e-01
   6.19643946e-01
  -8.42467609e-01
   3.67306557e-02
  -1.37389880e+00
   4.77818647e-01
   1.73539158e+00
  -3.97114749e-01
   1.00224381e+00
   1.23239052e-01
   1.31457004e+00
  -9.11978941e-01
  -3.07682879e-01
  -1.85202994e+00
   8.52569147e-01
  -5.23924983e-01
  -1.66908559e+00
  -1.22902259e-01
  -6.22846957e-01
  -1.94218430e+00
   7.34539473e-01
  -5.40376242e-01
  -1.66564112e+00
   3.30882595e-01
  -1.95087145e+00
  -2.07465602e-02
  -1.07125766e+00
  -9.51886179e-01
  -5.67715996e-01
  -7.83208192e-01
  -7.28418066e-03
  -4.52264582e-01
  -8.54051487e-01
  -1.48033126e+00
   1.63052323e+00
  -1.00869094e+00
  -3.53890692e-01
   1.06319343e+00
   5.90188780e-01
  -1.00181122e-01
  -1.99944530e+00
   1.28682067e+00
   1.01001895e+00
  -2.06259924e-01
   1.29315654e-01
  -1.86012052e+00
   1.19123107e+00
   6.30797497e-01
   1.28933282e+00
  -1.01428675e+00
  -1.15241354e+00
   9.72528494e-01
   3.37040030e+00
  -1.05162952e+00
   1.51847688e+00
  -5.53793740e-01
   2.16144746e-01
  -1.59012731e+00
   7.58960322e-02
   8.03355974e-02
  -1.79244909e+00
   1.68236815e+00
   5.43291138e-01
   1.12182746e+00
  -9.56841428e-01
   1.22635893e+00
  -9.06707181e-01
  -1.63652971e+00
  -2.18932317e+00
   7.15684557e-01
  -4.09963286e-01
  -6.42810450e-02
  -2.39309640e-01
   7.28523437e-01
  -2.36962370e-01
  -1.04720652e+00
   6.60207365e-02
   1.34289438e+00
   1.30754571e+00
  -8.20151691e-01
  -8.82273773e-01
  -1.32383934e-01
   1.29985668e+00
  -5.26249153e-01
  -6.70893207e-01
   1.08665519e-01
   1.35084638e+00
  -1.00890099e+00
   2.65272901e+00
   1.33536219e+00
  -1.75584141e+00
  -5.23926259e-02
  -2.23266200e-01
  -2.31538177e+00
   9.61796913e-01
   1.00797413e-01
   2.01671645e-01
   3.34179966e-01
  -8.18842171e-01
   1.86049886e+00
  -4.70447833e-01
   2.62074985e+00
   9.07051791e-01
  -3.54857932e-01
   8.52595799e-02
   2.64692919e-01
   7.05706388e-01
  -2.22051853e-01
   5.26218617e-01
  -1.42706132e+00
   4.82448843e-01
  -1.64825033e-01
   4.18064500e-01
   2.33767757e-01
   2.41620111e+00
   4.18131927e-01
  -5.88736383e-01
  -5.82545073e-02
  -6.18308530e-01
  -1.50593186e-01
   2.72762421e-01
  -5.72962413e-01
  -6.34586225e-01
  -7.88629821e-02
   3.91553608e-01
   1.13778658e+00
  -2.50455742e-01
   1.29863510e+00
   2.53393742e-02
  -8.62020739e-01
  -7.01316697e-01
   1.14776503e-01
   5.67121299e-01
  -1.32439453e+00
   2.02007486e+00
  -1.33645955e+00
   2.94541245e-01
  -4.48004600e-01
  -1.37111769e+00
  -1.59552851e+00
  -1.04025262e-01
  -5.36671096e-01
  -8.83397852e-01
  -3.27717391e-01
  -5.32329182e-01
   9.46465941e-01
  -1.82545510e-01
  -3.94501719e-01
   1.04406691e+00
   1.29686250e+00
   7.74224529e-01
   6.00811797e-01
   8.17029560e-01
   2.67097050e+00
  -3.14949847e-01
  -4.19827916e-01
  -2.83005604e-01
  -1.48849440e-02
   5.71180946e-01
  -1.81557318e-01
  -1.11839374e-01
  -1.73408574e+00
   9.41554353e-01
  -5.51272462e-01
  -1.09512745e-01
  -5.63365235e-01
  -4.76783288e-02
  -2.00990590e-01
   2.01511273e+00
  -1.06988590e+00
  -8.07160400e-01
   6.85545388e-01
  -4.79506027e-01
  -2.57015094e+00
  -1.13836878e+00
  -4.22981782e-01
  -3.63976724e-01
  -6.80296259e-01
  -5.64545053e-01
   1.22800856e+00
   1.05742246e-03
  -6.06273561e-01
   4.97075236e-01
   2.01571470e+00
   9.84462395e-01
  -9.70173460e-02
   4.35569843e-01
  -6.64046445e-01
  -6.91051270e-01
  -8.14768922e-01
  -6.13323304e-01
   3.99334054e-01
   1.42102002e-01
   5.25331279e-01
   4.02588777e-01
   1.44826611e+00
   2.72501553e+00
   1.31833989e+00
   1.25102689e+00
   8.74527035e-01
   5.14945158e-01
  -1.30120353e+00
   9.41617477e-01
   1.35939863e+00
   2.53291210e-01
   5.77944950e-01
   3.54045953e-01
   9.39538540e-01
   8.88595275e-01
  -2.06569491e+00
  -6.53521470e-01
  -9.52680774e-01
   5.61228557e-01
   1.27397324e+00
  -1.69625959e+00
   5.70558943e-02
   6.73237355e-01
  -4.37005868e-01
  -1.17896973e+00
  -7.70500269e-01
  -1.78230997e+00
  -1.02580559e+00
   7.62431501e-01
   1.23467169e-01
   8.04831052e-01
   7.87991542e-01
   1.30226503e+00
  -5.15543020e-01
  -8.56655173e-01
   6.91317967e-01
  -9.62890277e-01
   7.81541412e-01
  -3.13187162e-01
   9.12904327e-01
  -6.52526882e-01
   1.85962118e+00
  -4.27548155e-01
   6.57383896e-01
  -5.48974283e-01
   7.84390524e-02
  -2.14250325e+00
   1.41141007e+00
  -6.57718944e-01
  -5.00449556e-01
   5.84191759e-01
   8.22390698e-01
  -4.14808239e-01
   7.62125443e-01
   8.79349496e-01
   7.72634542e-01
  -1.54177664e-01
   5.50074401e-01
  -1.80694479e+00
  -9.19670975e-01
   9.90301104e-01
  -5.66680695e-01
  -4.41362894e-02
   1.37621265e+00
  -5.60858084e-01
  -6.99299012e-01
  -6.25430735e-01
  -7.92978893e-01
   4.31757999e-01
   1.70914888e+00
   8.47097634e-01
  -6.65124323e-01
  -5.72681021e-01
   7.38242977e-01
  -1.09014138e+00
  -5.38409647e-01
  -1.07762003e+00
  -8.32576320e-01
  -1.19568135e+00
  -1.13942156e-01
  -5.75378877e-01
   3.87736513e-01
   5.11406989e-01
   1.12609269e+00
   5.45381756e-01
  -1.49783366e+00
  -2.70902752e-01
  -9.81213353e-01
   2.78126292e-01
   3.93473389e-01
  -1.25311137e+00
  -6.70947079e-02
  -6.14559021e-01
   2.37875542e-01
  -3.61776437e-01
   9.97164333e-01
  -5.31535003e-01
  -1.19682455e+00
   9.22659426e-01
  -5.15178136e-01
   1.11599101e+00
  -7.63879181e-02
  -6.68808030e-02
   1.37456857e-01
   4.95108452e-01
  -2.00423786e+00
  -9.40563389e-01
  -2.81478640e-01
  -6.22342802e-01
  -8.02950231e-01
  -1.23164058e+00
  -6.58206098e-01
  -1.97231608e-01
  -4.61561215e-01
  -3.75748213e-01
   8.92378777e-01
   3.43672189e-01
  -6.28067142e-01
  -1.42564219e+00
  -4.81201352e-01
  -7.53203210e-02
  -3.37240151e-01
   9.76979667e-01
   1.24389933e+00
  -1.13212561e+00
  -9.79413472e-01
   1.30056140e+00
  -6.41899026e-01
   2.76928023e+00
  -5.16209920e-01
  -1.51206933e-01
  -2.97929313e-03
   2.82020492e-01
   1.36246791e+00
   3.61446003e-01
  -5.15297858e-02
   1.05997180e+00
   2.71378830e-01
   1.81641640e+00
   1.59893471e-02
  -1.08623439e-01
  -6.39170202e-01
  -1.88068767e+00
   5.21047975e-01
   6.00743394e-01
   4.66831043e-01
  -5.60687991e-01
   7.63404511e-01
  -2.91630234e-01
   1.00464926e+00
  -5.04913451e-01
  -1.40873185e+00
   2.35853797e-01
   1.50812832e+00
  -3.36331282e-01
   1.76313091e+00
   9.78589155e-01
   7.84540344e-01
  -1.96209096e+00
   1.64829293e+00
  -1.92022824e-01
   7.36026130e-01
  -1.81694555e-01
  -1.17801568e+00
   9.98765829e-01
   1.99428596e+00
  -1.24186602e-01
   2.77888840e+00
  -1.79552880e+00
   5.04896831e-01
   7.50003963e-01
  -2.69206307e-01
   7.22051609e-01
   4.02743371e-01
   1.99876620e+00
   4.98926127e-01
   2.52278781e-01
   9.30380221e-01
  -6.00016526e-01
  -1.22812107e+00
   2.98923430e-01
   9.88610366e-01
   7.82017420e-02
  -6.03881474e-01
  -1.21937201e+00
  -1.01539832e+00
  -8.22697977e-01
   7.82262256e-01
  -1.21941560e+00
  -1.12223343e+00
   6.69575064e-01
   3.36459299e-01
  -1.44149061e+00
  -1.70777407e-01
   6.07112579e-01
  -1.33404860e+00
  -1.16677698e+00
  -8.71186874e-01
   1.07121440e+00
   2.78224239e-01
   1.61001085e+00
   2.18847415e+00
  -1.56525780e+00
  -5.55957847e-01
   4.79401716e-01
   1.55816184e-01
  -1.61290975e+00
  -3.45498040e-01
   3.75819481e-01
   1.71155368e-01
  -1.29874221e+00
   1.73361876e+00
  -5.55180013e-01
   1.00177617e+00
  -2.91081012e-01
   9.10100157e-01
  -8.87840184e-02
  -2.92349197e-01
   9.90904991e-01
   2.57592307e-01
   4.33725301e-01
   4.39820675e-01
  -4.38535641e-02
  -2.43639718e-01
   1.15698798e+00
   9.77271105e-01
   8.40896371e-01
   7.98094821e-01
  -4.90414472e-01
   4.57121665e-01
   1.17904855e+00
   3.36650047e-01
   6.35585347e-01
   2.38980380e-01
  -9.72301898e-01
   6.51703600e-01
   1.01967949e+00
  -2.15611445e-02
   4.02643069e-01
  -2.04658690e-01
   1.70233950e-01
   3.29814395e-01
  -9.51025659e-01
  -3.55670784e-01
   1.30482639e+00
   1.08641649e-01
   3.05979511e-01
   1.34285155e+00
   1.61823904e-01
  -1.09668589e+00
  -1.16095789e+00
  -1.21761454e+00
  -8.31891336e-01
  -5.35552893e-01
   1.22900197e+00
   8.16514159e-01
  -2.03448994e+00
   2.08677654e-01
   2.59105688e-01
  -6.08205460e-01
   7.40727675e-01
  -5.78444872e-01
  -2.88032041e-01
  -5.92389940e-01
  -1.40725530e+00
   1.32463557e+00
   7.03699016e-01
  -3.79450851e-01
   1.19624496e+00
   1.14592564e+00
   1.60057779e-01
  -1.24020796e+00
   7.01420502e-01
  -7.77420372e-02
  -2.36783383e+00
   1.39710185e+00
   1.01608985e+00
   3.40599585e-01
  -7.34065974e-01
   5.85608770e-02
   6.09786561e-01
   7.81712492e-01
   1.36109783e-02
   2.60192734e-01
  -1.84530367e-01
  -1.04065147e+00
   3.78593147e-01
  -5.28208994e-01
  -1.15150568e+00
  -6.52380334e-01
   9.28680039e-01
  -1.10708043e+00
  -9.45944470e-01
   1.13535979e+00
  -5.52966088e-01
  -5.27979477e-01
  -1.85732989e+00
   4.29220528e-02
  -1.93016480e+00
   1.28051304e+00
  -1.02806080e+00
  -4.66816786e-01
   1.46471238e+00
  -6.69946977e-01
  -3.27575329e-01
   2.90946052e-01
  -1.18930198e-01
  -1.38725208e+00
  -1.23101043e+00
   2.47889177e-01
  -1.50474314e+00
  -2.43295595e-01
  -8.73535626e-01
   1.30207240e-01
   6.61250751e-01
   7.10361174e-02
  -1.73743631e-01
  -4.88988240e-01
   1.39699679e+00
  -2.38599842e-01
   5.30877376e-01
   8.01971683e-01
  -7.27956983e-01
   2.06393346e-01
  -2.04506673e-01
  -7.61143296e-01
  -1.79875314e-01
  -4.46527495e-01
  -4.47320534e-01
  -4.67027629e-01
   2.79220690e-01
  -1.24593859e-01
   9.09177059e-01
  -7.77678451e-01
  -1.63143343e+00
   9.60704217e-01
   1.02297482e+00
  -3.03692171e-01
  -1.51122541e+00
   6.35892334e-01
  -1.12497958e+00
   1.54501268e+00
  -7.14582983e-01
  -1.27794868e+00
   1.79487104e+00
  -1.62485106e+00
  -6.07977557e-01
   2.51320426e+00
   8.82518169e-01
  -1.70658013e-01
   3.21406255e+00
  -1.02512606e+00
  -4.60254407e-01
  -1.25680571e+00
  -3.62050657e-01
   1.37734967e-01
   7.16586573e-01
   3.39347164e-01
   7.68177216e-01
   7.59005826e-01
   1.72151689e+00
  -1.07570660e+00
   8.09368839e-01
   1.44173339e+00
   2.62778991e-01
  -2.74042328e-02
   8.39797331e-01
   1.75687242e+00
  -6.12535458e-01
  -1.71613438e+00
   1.12365989e+00
   1.19155741e+00
   1.62736961e+00
   4.18079566e-01
   1.08486012e+00
  -1.38410486e+00
   2.07529576e+00
   1.06879601e+00
   3.19503132e-01
  -8.12496504e-01
  -1.49030591e+00
   2.41543548e+00
  -3.80304058e-02
  -3.71278880e-01
   5.29307238e-01
  -1.27114714e+00
  -1.05323268e+00
  -2.66284705e+00
   1.65750880e+00
  -1.38488542e-01
  -1.94768417e+00
  -1.40745644e+00
   1.08278359e+00
  -9.28632975e-01
  -4.70610575e-01
  -2.01457244e-01
   4.68790077e-01
  -1.06874921e+00
   2.01889041e+00
  -5.35595091e-01
  -1.53200955e+00
   3.41848204e-01
  -3.73536506e-01
   1.82216180e+00
   2.46473883e-01
   7.30687749e-01
   8.90720789e-01
   5.08366383e-01
  -9.51036479e-01
  -2.60226594e-01
  -1.26202792e+00
   3.03079822e-01
  -1.68484878e+00
   2.59460550e-01
   7.07122974e-01
  -2.53954256e+00
  -1.78392063e-01
   2.63201845e-01
  -1.53188621e+00
  -2.92490292e-01
  -6.99885168e-01
  -9.98132974e-01
  -4.01304605e-02
  -4.09247002e-01
   5.30840198e-01
  -1.46939008e-01
   2.15648928e+00
  -5.12784077e-02
   3.92510140e-01
  -5.98814418e-01
   4.37931192e-01
  -1.36668991e-02
  -1.42081847e+00
  -6.39761920e-01
  -2.50289290e+00
   1.60824854e-01
   2.08090622e-01
  -4.37436115e-01
   7.64251472e-01
  -1.49536916e+00
   5.13218852e-01
   8.47783828e-01
   4.05126861e-01
   1.18433210e+00
  -1.21303205e+00
  -6.98661635e-01
   1.71474183e+00
  -9.50813236e-01
   2.39268932e-01
  -4.13471919e-01
  -3.05182674e-01
  -9.38308601e-01
   1.22940059e+00
  -1.71723156e-01
   8.62512673e-01
   3.48501893e-01
   9.86840716e-01
   3.83277335e-01
  -1.17170014e+00
   2.95961974e-01
   2.03782453e-01
  -3.05779530e-01
  -1.05558039e+00
   3.95659384e-01
  -9.96906371e-01
  -1.75649832e+00
  -1.12683154e+00
   1.43631827e-01
   8.64519547e-01
  -1.79766053e-01
  -1.22636189e-01
  -1.29679956e+00
  -1.06893022e+00
   7.87150353e-01
   7.51586066e-01
  -6.26612121e-01
   1.48201788e-01
  -1.07828317e+00
   2.10398882e+00
   6.23421845e-01
   1.03537341e+00
  -1.43848708e+00
  -3.24890202e-01
   9.33919642e-01
  -3.13674417e-01
  -4.22401653e-01
  -4.69793388e-01
  -2.61822040e-01
   1.35366078e+00
  -7.81494513e-01
  -9.90552146e-01
   5.80225214e-01
   1.94432443e+00
   1.62590202e-01
  -1.84177078e+00
  -5.47457527e-01
   8.80377201e-01
   5.74691561e-01
  -1.18718890e+00
   6.36463478e-01
   1.39918575e+00
  -1.19151402e-01
   6.68571465e-01
  -6.08709998e-01
  -2.21956208e+00
   1.38885161e+00
   3.62706193e-01
   7.38014723e-01
  -6.99034875e-01
   5.80709079e-01
  -1.29314607e+00
  -2.07005684e-01
   8.81403736e-01
  -6.00205559e-01
   7.89256200e-01
  -5.19406676e-01
  -7.36930604e-01
  -2.31223801e+00
   1.20119863e+00
   1.40324063e-02
   3.48971011e-01
   8.67293364e-02
  -1.08587613e+00
   1.94473224e+00
  -4.75129790e-01
   4.90716349e-01
   9.02425106e-01
   2.25272013e+00
  -1.65695928e-02
  -4.64080199e-01
   1.97493328e+00
  -1.45623641e+00
   1.01647023e+00
  -1.41782946e+00
  -9.02643913e-01
  -5.85999031e-01
  -1.41696548e+00
   1.17475328e+00
   1.35519657e+00
  -2.80992878e-01
  -2.26460147e+00
   5.77877215e-01
  -1.36581284e+00
  -1.65600287e-01
   1.59727727e+00
  -2.68514654e-01
   1.54879443e-01
  -2.72897427e-01
   1.44607999e-01
   4.18645591e-02
  -1.12614963e+00
   6.28753217e-01
   8.71630121e-01
   7.58263561e-01
   5.44949023e-01
   8.64229401e-01
  -9.25497563e-01
   1.03471269e-01
  -4.09322949e-01
   1.88525172e+00
   1.34472692e-01
  -1.81271783e+00
   4.73284102e-01
   2.63894193e-02
   1.21149552e+00
  -8.80354375e-01
  -4.10594976e-01
   2.09849602e-03
  -6.75515183e-01
   1.05845177e+00
  -2.98999482e-01
  -1.02692028e+00
   1.23246282e+00
   1.74633847e-01
  -3.06502673e-02
   8.92294582e-01
  -4.01031650e-01
   3.49419546e-01
  -1.44175591e+00
  -1.11232476e+00
   1.46435041e+00
  -1.39471420e+00
   1.19573638e-01
  -2.57611260e-01
  -5.04549962e-01
  -6.13204333e-01
  -8.38250100e-01
  -1.29075634e+00
   1.02271931e+00
   1.87973407e-01
   1.06502090e+00
  -1.03197301e+00
  -8.61110198e-01
   1.36707624e-01
  -6.89602644e-01
  -1.47307210e+00
  -5.96150292e-01
  -9.49914589e-01
   1.72247723e+00
  -1.48930059e+00
  -2.07633921e-01
  -1.85638185e-01
  -1.09883212e+00
   1.78412964e+00
  -7.95663186e-01
   1.01354929e+00
   1.98700793e+00
   2.41082207e-02
  -8.58193730e-01
   1.09953188e+00
   7.40180764e-01
  -1.83963372e+00
   4.53681807e-01
  -6.78690829e-01
  -1.03895242e+00
   3.00394334e-01
  -1.43276028e+00
  -1.32825018e+00
   9.29536503e-02
  -2.12883051e-02
  -1.83433230e+00
   2.64069632e-01
   4.98701304e-01
   2.43334991e-02
  -1.83151272e+00
   2.17211944e-01
  -1.42772438e+00
  -2.02735834e+00
  -5.92106240e-01
   3.68001777e-01
   8.86321185e-01
   1.66472125e+00
  -1.02719397e+00
  -1.37475699e+00
  -1.97663416e-01
   1.20509710e+00
   4.15664867e-02
   2.95615399e-01
  -1.79224475e+00
  -3.94487843e-01
  -1.35811245e+00
   1.28126147e+00
   3.46688801e-03
   1.11041330e+00
   8.45498295e-01
   2.51593040e+00
   1.32418008e+00
   1.18622850e-01
   3.22541628e-01
   1.65429550e+00
   1.49438022e-01
   8.10942282e-01
  -6.67939824e-02
  -1.18262643e+00
   9.97089157e-01
  -5.73374696e-02
  -4.75282813e-01
  -1.83626218e+00
   4.98227548e-01
  -7.24224749e-01
   8.37243163e-01
  -5.70287514e-03
  -1.29199835e-01
   7.55123343e-01
   2.28790446e-01
  -8.15509748e-01
  -6.24075696e-01
   5.78132685e-01
   2.85429681e-01
  -2.14307803e-01
  -1.55534616e+00
   1.49503870e+00
  -1.07210439e+00
  -1.12710616e+00
   3.13326253e-02
  -5.00698408e-01
   8.93828148e-01
   4.31302498e-01
  -1.48505892e+00
  -7.01005253e-02
  -6.57498282e-01
  -3.79966890e-02
  -1.00708887e+00
   4.38660350e-01
   6.60852741e-01
  -1.72085863e-01
   5.58828994e-02
  -8.34885484e-01
   6.61154071e-01
   2.42752172e-01
   1.29229063e+00
   3.26596718e-01
  -8.71459434e-01
   8.03723493e-01
   7.37457418e-01
  -8.44042980e-01
   4.65770170e-01
  -1.46582032e+00
   3.09430556e-01
  -2.98619641e+00
  -1.77818270e-01
   4.69908635e-01
  -7.49855635e-01
  -2.44358024e-01
   8.21492938e-01
  -7.71640767e-03
  -5.12093115e-01
   1.03539510e+00
  -8.87926969e-02
   5.91153865e-01
   1.38954050e+00
   9.40398573e-01
  -1.05188101e+00
   1.83264994e-01
   8.51121806e-02
  -5.87997771e-01
  -3.85618965e-02
  -1.37689929e+00
   1.61300108e+00
  -4.78273570e-02
  -1.05108681e+00
  -4.73310351e-01
   8.92031859e-01
   6.23160429e-01
  -3.36247446e-01
   1.29378019e+00
   8.79804409e-01
  -1.31969479e-01
   1.60711413e-01
  -1.43803292e+00
  -1.38761747e+00
  -4.97862143e-01
  -1.27440815e-01
  -5.11098331e-01
  -6.45426567e-01
  -1.18800947e+00
  -7.26721316e-01
  -1.05669779e+00
  -1.19993893e+00
  -1.91823684e+00
   8.46035065e-01
   5.24447304e-01
   7.88355010e-02
  -2.34496616e+00
  -1.41493527e+00
  -1.95848987e-01
  -1.32274858e-01
  -2.50241886e-01
  -2.31332431e-01
  -3.43632662e-01
  -8.42498023e-01
   8.16691764e-01
  -5.40476117e-01
   4.47454590e-02
   1.29845526e+00
  -2.18040736e-02
   1.59588882e+00
   6.14521882e-01
  -1.11831644e+00
   4.17899267e-01
  -1.00179469e-01
  -3.10075329e-01
  -1.36899139e+00
   1.06533766e+00
   1.44884320e+00
   7.26453235e-01
  -2.70595019e-01
  -9.05181151e-01
   6.69361951e-01
  -2.29996142e+00
  -6.69962617e-01
   4.13491066e-01
  -9.10719547e-01
   2.76450926e-01
   6.84471230e-01
   4.84182184e-01
   7.44159049e-01
   3.08865568e-02
  -4.71639758e-01
  -1.31625671e+00
  -4.80843743e-01
  -2.14609615e+00
  -5.90470195e-01
  -2.08195317e-02
   9.21467107e-01
   9.94854557e-01
  -5.68936981e-01
   2.36187911e-01
   7.38650754e-01
   1.48332832e+00
   1.67037115e-01
   2.48725301e-01
  -4.52778803e-01
   6.60059912e-01
   8.09049139e-01
   2.09634157e+00
   1.18229276e+00
   6.25364222e-01
   1.80887755e-01
  -3.93451246e-01
   1.39097827e+00
   5.94056872e-01
   4.48297129e-01
   1.86316700e-01
   1.07120694e+00
  -6.41461036e-01
   6.39937273e-01
   6.10838221e-01
  -9.82973452e-01
  -7.75515931e-01
  -3.65095781e-02
  -1.46334785e+00
  -1.17064489e+00
  -2.39590440e-01
   3.43350568e-01
  -1.35053475e-01
   8.17787852e-01
  -4.89921280e-01
  -1.00319239e+00
   9.64930514e-01
   6.10862603e-01
  -2.03335043e+00
   1.92845035e-01
  -6.76458572e-01
  -1.69536483e-01
  -2.16455872e+00
   6.31976977e-01
   2.96213109e-01
  -1.19611488e-01
   2.32736472e-01
   2.67370698e+00
   4.32014803e-01
  -1.26040470e+00
  -8.13066982e-01
   1.45712379e-01
  -8.06927433e-03
  -1.21747748e+00
   3.23775023e-02
  -1.42445419e-01
   1.70177581e-01
  -3.73283268e-01
  -9.71305535e-01
   3.12603246e-01
   5.26816468e-01
   7.67355679e-01
   2.82840428e-01
  -1.36162379e+00
   2.05121703e+00
  -6.95057495e-01
  -1.69211413e+00
  -2.02367330e-01
  -7.94777891e-01
  -1.41186574e+00
  -1.63113552e-01
  -9.44777197e-02
  -8.45887881e-01
   7.77522705e-01
   4.67594057e-01
   8.33084452e-01
  -2.89433061e-02
  -4.48901096e-01
   1.19161323e+00
   8.26165538e-01
  -3.71672275e-01
   1.99743566e+00
  -1.08835149e+00
   2.26696462e+00
   3.40447809e-01
   7.72040302e-01
  -2.02347993e-01
   4.25715758e-01
  -1.11564312e+00
   1.94288597e-01
   2.61267288e+00
   9.80065304e-01
   1.98014975e-01
  -1.79093313e+00
  -1.32545801e+00
  -6.74995810e-01
   1.33304165e+00
   6.55300080e-01
  -3.31070968e-01
  -1.18450028e+00
  -1.80273570e+00
   3.13733698e-01
  -7.68141045e-01
  -1.43780640e+00
  -1.06305988e+00
   7.91383217e-02
   4.22846694e-01
  -1.02832612e+00
  -8.20668680e-01
  -3.17591387e-02
  -4.60967210e-01
   5.10464400e-03
   4.55186430e-01
  -1.50990399e-01
   1.25392249e+00
  -3.97101127e-01
   1.87488211e+00
   2.78447766e-01
   8.08623524e-01
  -1.04454800e+00
   8.17936039e-01
  -7.09278068e-01
  -5.80301148e-01
  -9.55019095e-01
   1.24537075e+00
  -3.02158713e-01
   8.71971262e-01
  -9.94888851e-01
  -2.54763713e+00
   6.98392733e-01
  -1.91067902e-01
  -1.32020808e+00
  -3.22755827e-01
   5.93004984e-01
  -4.58522677e-01
  -1.06850442e-01
   2.20821529e-01
  -1.89222447e+00
   5.45959218e-02
  -1.82440980e+00
  -6.90014346e-01
   2.86552327e-01
   8.09609086e-01
  -1.73727517e+00
   4.31156193e-01
   3.66578112e-01
  -5.82326842e-01
   8.29302601e-01
  -1.11200905e-01
   4.98101378e-01
   1.10748509e+00
  -5.57253741e-01
  -9.18212651e-01
  -1.19049134e+00
   2.15342303e-01
  -1.28634854e-01
   2.05230205e-01
  -4.65180883e-01
  -1.03317639e-01
   2.84387135e-02
  -2.48692398e+00
  -1.16798618e+00
  -1.70070493e-01
  -2.34026213e-01
  -3.95147834e-02
  -7.28932774e-01
  -7.16970503e-02
   5.90844975e-02
   6.50255276e-01
  -1.63434191e-01
   4.04878511e-01
  -1.13818044e-01
   8.27290585e-01
  -1.37085418e-01
  -1.18758546e+00
  -4.75591451e-01
  -1.43062232e+00
  -6.20388255e-01
  -5.00674533e-02
   1.47050508e+00
   1.60820581e-01
  -1.06174614e+00
   4.56600269e-01
  -1.27338956e+00
  -5.66838574e-01
   7.77772824e-01
  -8.27424077e-01
  -1.33793576e+00
  -6.62113758e-03
  -3.70965151e-01
  -2.49825186e-01
  -8.43469983e-01
   9.19771329e-01
   2.41794814e+00
   1.30605248e-01
   4.07948366e-01
   4.14056108e-02
  -3.43790089e+00
   6.22454574e-01
   3.00931588e+00
   1.09637156e+00
  -1.31622548e+00
   2.14241954e-01
   2.00170432e+00
  -6.92047535e-02
  -4.11487930e-01
  -1.36680365e+00
  -9.15919985e-02
   3.99252492e-01
  -9.66268963e-02
  -3.55873364e-01
   7.92098013e-01
   6.37309309e-01
  -1.31352386e+00
   1.86444188e-01
  -3.30212766e-01
   5.05142103e-01
  -1.80384908e+00
   2.04452871e+00
  -8.96834103e-01
  -3.61472568e-01
   1.13107957e+00
  -5.67632446e-02
  -7.74310552e-01
   1.51378659e+00
  -7.51580043e-01
  -1.79724400e+00
   4.29432588e-01
  -1.25478084e+00
  -4.50624139e-01
  -2.21231297e-01
  -1.67089812e-01
  -3.73118595e-01
   1.56797526e-01
   1.23182046e-01
   6.35234749e-02
   1.62196699e+00
   5.70542706e-01
  -3.27789052e-01
   1.21334134e-01
  -2.53543143e-01
   3.87409765e-01
   8.78609152e-01
  -8.18167735e-01
  -8.85551043e-01
  -2.10242429e+00
  -2.98867080e-02
   1.28154314e+00
   1.70571451e+00
   6.84770032e-02
   3.15725029e-01
   1.76522165e+00
   3.19175452e-01
  -7.35763489e-01
   1.14504294e+00
  -7.01053476e-02
   7.03687633e-01
  -1.47058732e+00
  -4.77261590e-01
  -1.95788171e-02
  -6.11348915e-01
   1.72378170e+00
   1.44657982e-01
   4.70786025e-01
  -1.51047622e-01
   1.17359712e-01
   2.74164907e-01
   1.93231290e-01
  -5.01365125e-01
   3.52371170e-03
   6.32127864e-01
   2.85186665e-01
  -1.16253820e+00
   4.63380429e-02
   2.79750681e-01
   1.19088421e-01
   4.88050951e-01
   1.32276232e+00
  -1.34439637e-01
  -6.24100204e-01
   5.50078130e-02
  -8.99311091e-02
  -5.68905710e-01
   4.34627363e-01
   1.19236846e-01
   1.57605878e+00
  -2.97014922e-01
  -1.38549635e+00
  -4.96801277e-02
  -1.40337046e+00
  -7.80085713e-01
  -7.13846619e-01
   2.37884333e-01
  -1.43694725e-01
  -4.52658294e-01
  -9.91038820e-01
   4.29671718e-02
   4.44966675e-01
  -8.08613387e-01
  -2.08719319e-01
  -7.05427227e-01
   1.45287889e+00
  -3.79993740e-01
  -1.87050688e+00
   9.20669189e-01
  -1.26830048e+00
  -5.69590026e-01
  -2.91842707e-01
   4.56748636e-01
  -6.83318797e-01
  -1.33580972e+00
  -4.15989706e-02
  -8.47166739e-01
   3.75709220e-01
  -8.67493753e-01
  -1.37341382e+00
   1.84008108e-01
  -1.33445929e+00
  -1.40498451e+00
  -1.16807678e-01
  -2.59473464e-01
  -1.02840595e+00
  -5.56800372e-01
  -3.37531512e-01
   1.10061244e+00
  -2.57889416e+00
   1.86182025e+00
   8.75025843e-01
  -2.29754697e-01
  -4.89598823e-01
   2.81281842e-01
   1.49676579e+00
  -1.40214514e-01
  -1.01237197e+00
  -3.57389201e-01
  -2.48097813e-01
  -2.70543812e-01
   1.62933935e-01
  -4.37600693e-01
   1.93516420e+00
  -1.80396045e+00
   4.57404783e-01
  -7.38234890e-01
   1.59849032e+00
  -1.21032685e+00
  -9.58810002e-01
  -4.86758557e-01
  -1.97463913e-02
   9.11913318e-01
   2.17131879e+00
  -1.44207415e+00
   1.22787657e+00
   3.22844959e-01
  -8.04965102e-01
   1.42375247e+00
  -2.82126958e+00
  -1.97776954e+00
   6.48343888e-01
   9.05015879e-01
   1.14350529e+00
   5.11764191e-01
  -1.14516612e+00
   1.80314025e-01
   3.50385402e-01
   8.07512346e-01
  -2.50421545e-01
  -7.16099132e-01
   4.67346984e-01
  -8.81207031e-01
  -5.86095825e-01
  -1.05054989e+00
   1.40417611e+00
  -7.39940200e-01
   2.37915703e-01
  -3.95518931e-01
   1.05173495e+00
   4.61465020e-01
  -8.13122877e-01
  -1.52980664e+00
  -4.69132993e-01
   4.94142447e-01
   3.63405370e-01
  -1.14251947e+00
  -1.11522437e+00
  -2.27090754e+00
   1.12513052e+00
  -4.39573635e-01
   5.75155024e-01
  -2.78883187e-01
  -3.80676438e-01
   6.93351088e-01
   2.15903578e+00
  -1.99868152e-01
  -6.40023824e-02
  -4.49139028e-01
  -9.33595294e-01
   1.60302098e+00
  -5.53056434e-01
  -4.77878805e-01
   1.87507884e-01
   1.40036153e+00
  -1.26582065e-01
  -1.63549194e+00
   1.65699403e+00
  -8.56450361e-01
  -1.44947534e+00
   1.46953076e+00
   1.69617305e+00
  -1.76386098e-01
   1.03978968e+00
   1.10844496e+00
   7.69927429e-02
  -1.93982206e+00
  -6.78988505e-01
  -2.62600087e+00
  -1.11037910e+00
  -1.92602610e+00
   8.71996629e-01
  -7.43457700e-01
  -9.01820605e-01
   2.30962314e-01
   4.35617093e-01
   9.62906286e-02
   8.35249966e-01
  -8.11514731e-01
  -4.66377615e-01
   2.30630100e-01
  -3.10116669e-02
   1.33097410e+00
  -2.38090353e+00
   1.90940688e+00
   2.14307225e-01
   3.06956418e-01
  -1.92240888e+00
  -6.94241660e-01
  -1.16469708e+00
  -1.23696566e+00
   4.97796377e-01
   7.47704358e-01
   2.31110507e-01
   5.97138417e-01
   1.95981760e-01
  -8.30655023e-02
   5.63289478e-01
   1.10954112e-01
   1.01632054e+00
  -1.46204509e+00
  -3.24811035e-01
  -2.37235692e+00
  -2.05420383e-01
  -1.45305664e+00
  -1.51702211e+00
  -9.75903063e-01
   1.14707892e+00
  -6.72707388e-01
  -3.73226712e-01
   2.47542507e-02
  -9.51590652e-01
  -5.13462250e-02
   1.24994769e+00
  -6.17357617e-01
  -1.32558906e+00
   1.49387340e-01
  -1.36669091e+00
  -1.25139739e+00
  -1.56853298e+00
  -8.20475979e-01
  -1.40063004e-01
   7.16062757e-01
  -1.59683553e+00
  -4.98302165e-02
   3.93204699e-01
   8.33532020e-01
  -9.22539939e-01
   1.97401208e-01
   1.38024320e-01
   3.59340526e-02
   1.17789758e+00
  -7.28541994e-01
   4.38033817e-01
  -7.90320354e-01
  -3.26027178e-02
  -1.95769229e+00
  -1.49006616e+00
   1.82806610e-01
   7.50017595e-01
  -8.78335947e-01
   5.14024234e-02
   9.78207641e-01
  -2.19809957e-01
   1.29942739e-01
   1.84622347e+00
  -2.04023623e-01
  -1.03590684e+00
   7.41560938e-01
   4.28164291e-01
   2.23179975e-01
  -3.85947617e-01
   1.71516128e+00
  -8.47352688e-02
   9.76347511e-01
   9.36946090e-01
  -1.09186195e+00
  -1.42518984e+00
   9.92680339e-01
  -1.57976231e+00
   1.25862324e-01
  -1.06475515e+00
  -2.39349463e-01
   1.27662814e-02
   5.49351509e-01
   5.68632446e-01
  -4.91658738e-01
   6.69125200e-01
   1.49813676e+00
  -3.47664569e-02
   1.29054772e+00
  -5.50070525e-01
  -1.40493624e+00
  -1.52258407e-01
  -2.16520160e-01
  -5.53096698e-01
   7.29400806e-01
  -4.30004992e-01
   2.22060935e+00
  -8.70667585e-01
  -1.35729745e+00
   4.68168336e-03
  -1.32943507e+00
   1.55262904e+00
   9.62623158e-01
  -3.65802499e-01
  -1.85833679e-01
  -4.86194288e-02
  -1.71180597e-01
   3.64995217e-01
  -6.52884508e-01
  -8.32589445e-01
  -2.34856504e-01
   1.34393995e+00
  -2.27066584e-01
   6.73831086e-01
  -1.65762716e-01
   8.20862798e-01
   6.68779067e-01
  -8.86893782e-01
   1.60127100e-01
  -4.65292489e-01
   1.32937155e+00
  -4.54464415e-02
  -6.69889854e-01
   1.45287340e+00
  -5.52157809e-01
   8.10226509e-01
   1.86877443e+00
   7.21216555e-02
  -3.21272167e-01
   1.94027455e+00
   5.52907370e-01
   4.77061101e-01
  -1.08591804e+00
  -4.31376822e-01
  -1.13358364e+00
   5.44295633e-01
  -3.32857531e-01
  -7.07006148e-01
  -3.66219877e-01
   4.45926388e-01
  -9.34331925e-01
   6.20747917e-01
  -7.82519600e-01
   1.33423799e+00
   3.70337291e-01
   1.29268653e+00
   9.65555630e-01
   1.37192484e+00
   3.74086731e-01
   1.73115824e+00
  -1.57139667e+00
  -1.32564543e-01
   2.12719950e+00
  -4.28981724e-01
  -1.38070742e+00
   8.05843474e-01
   2.34106299e-01
   5.90833996e-01
   2.02678930e+00
  -1.22235947e+00
   2.13939552e-01
   8.20371754e-01
  -8.54621057e-04
  -8.31383331e-01
  -2.33197800e-01
  -1.77129604e+00
   1.20721767e+00
   1.23831868e-01
   5.32427958e-01
  -9.82088650e-01
  -1.82523722e+00
   9.30871851e-01
   1.79733087e+00
   2.41602500e+00
   8.62359844e-01
   8.16253948e-02
   1.03077905e+00
   1.01844433e+00
   6.17390307e-01
   2.65720575e-01
   2.35476023e-01
  -7.79397743e-01
   7.92376173e-01
  -4.69127345e-01
   3.86917459e-01
   1.47274954e+00
  -2.67140857e-01
  -1.92794646e+00
   1.23208555e+00
  -1.23596065e+00
  -7.78570965e-01
   1.05701256e+00
  -4.40256854e-01
  -4.12796634e-01
   6.05108798e-01
  -8.06514826e-02
   8.82983849e-01
  -8.77250203e-01
  -1.59308617e+00
  -6.05920407e-01
   1.98870472e-02
   7.94689266e-01
   4.12497716e-01
   3.80968783e-02
  -7.70201444e-01
  -6.42919336e-01
   8.45897866e-02
  -3.02381332e-01
  -6.98885413e-01
   1.18961491e+00
   2.90035044e-01
   1.10320958e+00
   9.10205224e-01
  -1.03525078e-01
  -2.44653744e+00
  -6.43571935e-01
  -7.05412347e-01
  -2.39092838e-02
  -8.63818148e-02
  -4.68974251e-01
   1.77432870e+00
   5.37090081e-01
  -6.12838493e-01
  -1.07653746e+00
   1.73130563e-01
   6.47994279e-01
  -1.44875114e+00
   4.13952742e-01
   1.27122145e-01
  -2.43449593e-01
   9.10359951e-01
  -7.62760961e-01
  -1.15977255e+00
   6.76287068e-01
   2.86537475e-01
   8.68529316e-01
   8.66561313e-01
   7.49183375e-01
   8.08600541e-01
  -5.23201380e-01
  -1.68539482e+00
  -5.39941322e-01
  -1.35165004e-01
  -5.24258641e-01
   1.31881521e+00
  -3.26307576e-01
   2.01475989e-01
   9.02778921e-01
   1.04315394e+00
   3.68767149e-02
  -6.74136209e-01
  -9.11851887e-01
   2.94872864e-01
   5.66133977e-01
  -2.28817825e-01
   5.28482167e-01
   9.87058684e-02
  -1.18387437e+00
   1.49174422e+00
   6.12395735e-01
   1.20858190e-01
  -1.06778542e+00
   6.38292659e-01
   6.99726572e-01
   2.13295361e+00
   1.44407389e+00
  -1.12390806e+00
  -1.58312621e-01
  -1.49252399e+00
  -1.05404930e+00
   9.90545923e-01
   4.67132568e-01
   1.63661256e-02
   3.51323193e-02
   1.13774712e-01
  -3.72072480e-01
   8.72144673e-01
   3.24738680e+00
  -2.16359973e+00
   5.68027480e-01
   2.78195651e+00
   7.24595621e-02
   9.40440209e-01
   4.25688653e-02
   2.42021220e-01
   7.10022555e-01
  -6.92147915e-01
   8.38308478e-01
  -2.06244276e+00
   5.21227450e-01
  -8.21026659e-01
   2.07359155e+00
   8.97285263e-01
  -5.04610492e-01
   1.93192424e-01
   8.10139505e-02
   1.40133456e+00
  -2.48119171e-01
   5.54926555e-01
  -3.01812803e-01
  -1.78692814e+00
   7.86628855e-02
   4.95310453e-01
  -9.29795828e-01
  -6.17963416e-01
   6.85839654e-01
   1.30948482e-01
   1.74750670e+00
   7.55420359e-01
   4.40038850e-01
   7.15084169e-01
  -8.69342701e-01
   6.44442100e-01
  -1.04654919e+00
  -2.22916810e-01
  -5.66657397e-02
   1.72392987e+00
  -9.85545421e-01
  -4.17552216e-01
  -1.33628526e+00
  -2.75382667e+00
  -1.75526423e-01
  -3.26369786e-01
  -3.54446032e-01
   1.77446548e-01
   8.13332198e-01
  -4.12575063e-01
   1.07456673e+00
   2.86378030e-01
   5.87520553e-01
  -9.93920448e-01
  -1.86004563e-01
  -7.03757667e-01
  -6.06775273e-01
  -1.24132964e+00
   3.11264139e-01
   5.27706114e-01
   4.41610531e-01
  -1.28324087e+00
   9.92836937e-01
   1.04971277e-01
   1.43032366e-02
  -2.48786710e-01
  -1.20154109e+00
   1.37131132e+00
   7.23219994e-01
   8.17072182e-01
   1.30036874e-01
   1.12260822e+00
   1.55182738e+00
   2.43207988e-01
  -7.97433444e-01
   3.60001719e-01
  -3.58811586e-01
   2.05040863e+00
   1.39069692e+00
   1.31238287e+00
  -5.36184739e-01
  -6.37098987e-01
  -2.18689225e+00
  -2.20038033e+00
  -1.18075813e-01
  -1.96758627e+00
   1.20473407e+00
   3.58155079e-01
  -1.27901742e+00
   2.03009973e+00
  -1.69116191e+00
  -9.38958343e-01
   3.51783740e-01
   6.26794691e-01
  -1.30438578e+00
  -9.70250816e-01
   2.19371703e+00
   7.20260377e-01
  -3.50634323e-01
  -3.70754679e-01
   4.18210694e-01
