  -2.72795874e-01
   1.16379851e+00
   1.04366076e+00
  -1.56223112e+00
   7.65117731e-01
  -4.49722843e-01
   1.15752091e+00
   1.67687588e-01
   6.95451722e-01
  -3.60117348e-01
  -3.55781449e-01
  -7.97790540e-01
  -6.85575918e-01
  -2.61644545e-02
   6.52556799e-01
  -5.90168566e-01
   8.03917809e-02
   6.57501218e-01
  -1.63680035e-01
  -1.23449319e+00
   5.56101870e-01
  -1.16142509e+00
  -1.15997083e-02
   2.26096885e-01
   8.34551174e-01
   3.50868174e-01
  -1.03351076e-01
   2.36495588e-01
  -1.73357136e-01
  -8.80657867e-02
   5.78539560e-01
  -2.79698495e-01
   1.26653062e+00
   5.97266475e-01
   1.19466473e-01
   5.64904467e-01
  -4.83936474e-01
   1.04941314e+00
   2.36419065e-01
  -9.06318882e-01
  -4.43884674e-01
   8.91334715e-01
  -1.80989588e+00
  -9.12806658e-01
   7.16664132e-01
  -1.22329894e-01
  -6.70409525e-01
   8.78885010e-01
   1.75155875e-01
  -7.79105586e-01
   2.51689555e+00
   2.97695587e-01
  -7.70878426e-01
   1.47295247e+00
  -1.86820576e+00
  -6.10764230e-01
  -5.47645190e-01
   4.16749133e-01
  -1.67439633e+00
   2.22984545e+00
   1.47657673e+00
   9.34457194e-01
  -5.45170265e-01
  -1.04335052e+00
  -2.23262498e+00
  -2.72887729e-01
  -3.76811621e-02
  -2.68671704e-01
  -2.03382179e-01
  -2.65019470e-01
  -1.22564665e-01
   8.34170251e-01
  -9.46249966e-01
  -4.77921429e-01
   2.47316985e-01
  -4.24323238e-01
  -8.97175074e-01
   1.83007205e-03
  -8.79365198e-01
  -9.99096540e-01
   5.46172698e-01
   1.21347122e+00
  -5.03267166e-01
  -1.27274221e+00
  -7.07164687e-01
  -4.33766920e-01
   1.45586320e-01
  -7.82870537e-01
  -5.66364424e-01
  -1.66657463e+00
   3.14696105e-01
  -1.93013763e+00
   4.21137426e-01
  -9.63557746e-01
  -4.08730424e-01
  -1.70716450e+00
  -7.38551195e-01
   1.47675868e+00
  -1.00785315e+00
  -1.23682194e+00
  -1.87935291e+00
   2.64591757e+00
   4.78946044e-01
   4.55907185e-01
  -7.30723853e-01
  -1.47517160e+00
   1.14652517e+00
   1.07054286e-01
  -1.01000086e-01
  -1.92419426e-01
   1.02375306e+00
   6.02963582e-01
  -7.35707253e-01
  -2.48729414e+00
  -3.98120383e-01
  -6.31076586e-02
   1.74107121e-01
  -7.49487260e-02
  -1.18433522e+00
   7.49423313e-01
   1.09044805e+00
  -1.24708595e+00
  -3.06598631e-01
   6.21621255e-01
  -9.00243249e-02
   1.20024743e+00
   2.92103983e-01
  -6.34687149e-01
  -4.72683796e-01
  -2.37465260e-01
  -1.30319791e+00
  -2.93318873e-01
   6.74483999e-02
  -4.25812432e-01
   4.18896960e-01
   1.45904437e+00
   2.01446875e+00
  -2.60609179e+00
  -1.99034987e-01
   1.45325175e+00
  -1.17512916e+00
  -7.03323715e-01
  -3.25116475e-01
  -5.63902327e-01
  -2.00095145e+00
   3.29137296e-01
   4.72233006e-01
  -1.16128738e+00
   7.29612633e-01
   5.84911937e-01
   4.70250455e-01
  -2.24056790e+00
   9.74282741e-01
   1.27285719e+00
   1.40905400e+00
  -2.93413151e-01
   4.93126895e-01
   2.52270085e-01
  -4.45077671e-01
   2.04172514e+00
   1.59603964e+00
  -2.26936745e-01
  -5.67794803e-01
  -8.35202398e-02
  -2.13054410e+00
  -1.52219620e+00
  -3.55930380e-01
   9.48199438e-02
  -1.09210860e+00
   8.28949287e-01
  -4.47566196e-02
  -1.36233030e+00
  -4.71228458e-01
  -7.58507254e-01
   3.55043224e-01
  -8.72291880e-01
   2.26878983e-01
  -8.59969836e-01
  -1.12137963e-01
   1.15267596e+00
  -1.16805298e+00
   1.13918156e+00
   3.12886353e-01
  -2.89144922e-01
   1.46595493e-01
  -1.49431117e+00
   5.51613824e-01
  -1.08999828e+00
  -7.03219978e-01
   8.11929322e-01
  -8.53265630e-01
   8.40298912e-01
  -1.16172078e+00
  -2.54446389e+00
   6.18884121e-01
   1.85423023e-01
   1.13724279e+00
   1.62791550e+00
   2.07389148e+00
  -4.25196263e-01
  -4.21179253e-02
  -1.62416069e+00
  -5.01929412e-02
   5.42428897e-03
  -1.70271037e+00
  -3.67070829e-01
  -1.17147585e-01
  -1.04653736e+00
   2.46702648e-01
   5.66883782e-01
   4.82239921e-01
   9.78743896e-01
   7.69292619e-01
  -9.57327303e-01
   5.50928249e-01
   1.78659623e+00
  -1.15054166e+00
   2.63441078e-01
   1.31767373e+00
  -6.31760454e-01
   6.18337406e-01
  -1.02577906e+00
  -4.73168925e-01
   1.00618402e+00
  -1.99669718e+00
   1.47571969e+00
   8.51224329e-02
  -2.60215141e-01
   3.36199329e-01
   1.14142685e+00
   8.38426833e-01
  -5.85799039e-01
   6.45146548e-01
  -7.86219207e-01
   1.83829216e+00
   6.40996861e-02
   1.30958880e-01
  -1.72463341e+00
   1.70485962e+00
   1.68452947e+00
   5.06986282e-01
   8.92254377e-02
   7.18067598e-01
   5.36319701e-01
  -1.11039450e-02
  -1.60193818e+00
   2.42738017e+00
  -1.67126286e+00
   1.36372855e+00
  -7.09051167e-01
   1.02400735e+00
   8.75068615e-01
  -6.53626180e-02
   7.36503520e-01
   1.17080224e+00
  -6.74260411e-02
  -2.30475573e-01
  -4.36375547e-01
  -1.50725968e+00
   6.12083623e-01
  -2.31261697e-01
   4.33051009e-01
  -2.13477734e+00
   2.24031840e-01
   5.40758329e-01
   3.82933026e-01
   7.81590306e-01
  -2.10995832e+00
  -1.12682990e+00
  -3.89823015e-01
   1.91171027e-01
   4.57737034e-01
  -8.65433393e-01
   8.12807560e-02
   1.26408552e+00
   2.22510075e-01
   9.26041681e-01
   8.53514238e-01
  -3.76587488e-02
   2.23771263e-01
   5.24388741e-01
  -7.25294298e-01
  -6.69863519e-02
  -2.77185804e-01
   3.48538941e-01
   1.02278608e+00
  -7.32462762e-01
   9.37649748e-01
  -8.08806518e-01
  -1.03158145e+00
  -1.15816451e+00
  -3.54720963e-01
  -2.02247092e-01
   1.73583154e-01
   1.40930017e+00
   8.29540712e-01
  -9.08734277e-01
   7.26384680e-01
   1.43791735e+00
   8.59455134e-01
  -5.77761240e-01
   5.45653397e-01
  -1.31942561e+00
  -7.53229372e-02
   1.38954009e+00
   1.53533552e+00
  -4.49171767e-01
   5.45560205e-03
  -9.55592455e-01
  -4.22149338e-01
  -6.17521912e-01
  -6.58395040e-01
  -3.03736289e-01
  -1.40553626e+00
   3.75478534e-01
   4.16533514e-01
   1.77460820e+00
   8.01530235e-01
   2.03976640e-01
   3.95827149e-01
  -1.03030864e+00
   5.73347994e-01
   1.16641216e+00
   4.69597091e-01
  -1.21971283e+00
   1.07547394e+00
  -4.26189642e-01
   2.72110052e-01
   1.69598341e-01
  -8.07749486e-01
   4.38821372e-01
   7.24060478e-01
  -1.92162170e-01
   4.40289372e-03
   7.46051183e-01
   1.19081701e+00
   2.98281573e-01
   2.19777213e-01
  -2.07637660e-01
  -9.66265200e-01
  -9.32726175e-01
   4.25135346e-01
  -6.02565692e-01
  -8.69257912e-02
   5.15005234e-01
   1.03412080e+00
   7.41080834e-01
   6.03788113e-01
  -3.69113012e-02
  -5.45097951e-01
  -3.20353564e-01
   4.36145032e-01
   3.96885988e-01
   6.00931425e-01
  -1.97344283e-01
  -1.18462318e-01
   1.03064455e+00
   8.40609824e-01
  -1.14512146e+00
  -1.17877997e+00
  -7.42962199e-01
  -1.26493967e+00
   2.54818567e-01
   4.87131683e-01
   5.88672870e-01
  -1.32249354e+00
  -1.61530098e+00
  -3.15054044e-01
  -5.03957204e-01
   9.03551321e-01
  -4.58578051e-01
   5.92512579e-01
  -1.06997837e+00
   8.54789943e-01
   1.36947731e-01
  -1.46281096e+00
   2.99859214e-01
  -1.08710842e+00
  -1.05757477e+00
   4.80560580e-01
   1.25722090e+00
  -3.93798688e-01
  -1.77598456e+00
  -5.57846466e-01
   5.27998918e-01
   2.47210321e-02
   2.81548150e-02
   3.65791344e-01
  -8.16831962e-01
  -1.90970045e+00
  -5.35693113e-01
  -2.17854053e+00
  -3.48704890e-01
   6.40107093e-01
  -1.04812556e+00
   7.76541408e-01
  -6.74019806e-02
   1.05597077e+00
  -3.55413616e-01
   8.45044739e-01
  -1.34602913e+00
   1.76827171e+00
   3.54482109e-01
  -9.95355568e-01
   3.74969088e-01
  -2.22097209e-01
   1.08597527e+00
  -1.30808771e+00
  -9.41767535e-01
  -3.59077220e-01
   7.83062176e-01
  -1.00242968e-01
  -3.65979056e-01
   4.08154808e-01
   5.51298239e-01
   7.70837339e-01
   2.89644417e+00
  -6.23980107e-02
   1.21262123e+00
   4.02180651e-01
   1.17522029e+00
  -9.80027954e-01
   2.10282145e+00
  -9.40078353e-01
  -9.87232229e-01
  -1.61571922e+00
   5.62590159e-02
   1.34130465e-01
   2.65658360e-01
   7.87707819e-01
   1.25351897e+00
  -2.97726483e-01
  -8.85089388e-01
  -1.04629387e+00
  -1.48189943e-01
   9.20657165e-01
   6.50057791e-02
  -5.04255815e-02
   4.66686694e-01
  -1.41168800e+00
   5.65179271e-01
   1.19285412e-01
   5.31821006e-01
  -9.86553877e-01
   9.54258985e-01
   1.17932543e+00
  -1.27711620e+00
  -1.08724994e+00
  -5.58307453e-01
  -1.98011713e-01
   1.53523369e+00
  -6.38854686e-02
   9.07367441e-02
   1.56767931e-01
  -9.14606501e-01
  -4.89891898e-01
  -2.88393214e-01
  -6.69186898e-03
  -1.00710727e+00
  -1.24798988e+00
   7.32836535e-02
  -1.43400225e+00
  -9.40771094e-01
   1.52912638e+00
  -2.03527865e-01
  -9.73726637e-01
  -8.63651835e-01
   1.18182438e+00
  -1.25518183e+00
   2.31867383e-01
   7.21797604e-01
  -7.25292802e-01
  -8.95210354e-01
  -2.63143512e-01
   1.11087685e+00
  -1.29564983e+00
   9.72291192e-02
   4.56290144e-01
  -3.55138688e-02
  -4.28673526e-01
  -9.25291604e-01
   2.11557784e-01
  -5.08353070e-01
  -7.32599142e-01
  -7.04587409e-01
   1.34986992e+00
  -8.58611269e-01
   3.31600634e-01
  -7.43633633e-01
  -1.24566177e+00
   5.33290504e-01
   2.24884990e-01
   1.46993286e+00
  -1.07923602e+00
   4.19462211e-01
  -3.86497481e-01
  -4.74719420e-02
  -4.70573391e-01
  -4.98262563e-02
  -1.66375740e+00
   2.61147688e-01
   2.22927555e+00
  -1.01492001e+00
  -2.71654290e+00
  -9.32092623e-01
   1.47679965e+00
   1.42221217e+00
   2.46919580e-01
   7.26641780e-01
  -3.93908164e-01
  -5.85192784e-01
   1.33440692e-01
  -8.66344508e-02
   4.93136356e-01
   8.15416844e-01
   3.34774225e-01
  -8.96494505e-02
  -8.11902530e-02
   4.01590282e-01
   2.01973043e-01
  -6.83041210e-02
  -2.75436623e-04
   5.31075712e-02
  -1.10503336e+00
   7.38145682e-01
  -9.69648734e-01
   3.24219521e-01
  -1.22009190e+00
  -1.74317941e-01
   7.72418016e-01
   7.36026279e-01
   6.39937169e-01
  -4.76284078e-01
  -8.17441875e-01
   2.99977501e-02
   2.69624225e-01
  -1.18515649e+00
   2.34426532e-01
  -7.71776859e-01
  -4.89284277e-01
   1.85964754e-02
   1.35358826e+00
   1.72782592e+00
   3.11857908e-01
  -2.03059651e+00
  -9.88603414e-01
   1.15213175e+00
  -1.01517522e+00
  -2.57218250e-01
  -1.27746329e-01
   1.12409463e-01
  -3.82043305e-02
  -4.43902603e-01
   9.60172739e-02
  -7.89205860e-01
   1.07168282e+00
  -2.49433437e+00
  -1.30724595e+00
  -8.99366738e-02
   1.44053925e+00
  -1.64093369e+00
   1.36741955e-01
  -1.30217067e-01
   2.85762832e-01
   6.78949044e-01
  -8.90516409e-01
   8.80005436e-01
   3.09820725e-01
  -3.31636825e-01
   1.09863123e+00
  -2.98974487e-01
   6.78050125e-01
  -6.09817371e-01
  -2.37805268e-02
  -2.13274924e+00
  -8.45299440e-01
  -2.13701298e-01
   8.21963877e-02
  -8.17231871e-01
  -9.73170650e-01
   2.54662788e-01
  -3.60587878e-02
  -3.34806946e-01
   1.99927462e+00
  -3.27101927e-01
   2.21561673e-01
  -1.54583625e+00
  -1.13033763e+00
   1.09645006e-01
   1.43287840e+00
  -1.24267150e+00
  -1.62985287e+00
   8.32313263e-01
  -1.09889588e+00
  -5.63793621e-01
  -1.11149209e+00
  -1.78803593e+00
   5.31536785e-01
   5.66703210e-01
   3.98648333e-01
   6.99697070e-02
   7.43640807e-01
  -3.39713663e-01
   1.08715434e+00
   2.11036713e+00
  -4.83156313e-01
  -8.97230710e-01
   1.89474282e+00
  -3.62384471e-01
   1.19260379e+00
  -5.79442911e-01
  -2.85657208e-01
   7.51752023e-02
   2.90788172e-01
  -5.05774488e-02
   8.69434000e-01
  -2.06466233e-01
  -6.53241538e-01
  -1.24466893e+00
   1.24607508e+00
  -1.09317948e+00
   3.78646823e-01
  -2.44145293e-01
  -1.39999071e+00
   8.69776759e-02
   7.45985190e-01
   5.35795137e-01
  -4.64901667e-01
  -7.86568812e-01
   5.72035413e-01
  -1.34042178e+00
   1.11237363e+00
  -3.15156549e-02
  -1.03826350e+00
   3.35336478e-01
   8.27912504e-01
   8.16753128e-01
  -8.12113596e-01
  -2.30578852e-01
  -4.70626153e-01
   1.06671634e+00
   1.70670140e+00
   3.19544669e-01
   3.91953606e-01
   2.56039298e+00
   9.54350509e-01
   9.29576859e-01
   1.55459552e+00
   2.39207988e-02
   6.76464912e-01
  -1.29907795e-01
   6.20579179e-01
   1.78748467e+00
   5.29437007e-01
  -3.66385353e-01
  -1.25639960e+00
  -9.66564466e-01
   7.95533715e-02
  -3.39263951e-01
   2.12621331e+00
  -3.34423039e-01
  -7.53244635e-01
  -3.08143679e-01
  -7.22797760e-01
   3.49432767e-01
  -5.39158364e-01
   3.20387649e-01
   1.07406516e+00
   2.07664576e+00
   1.13701850e+00
   1.80319314e+00
  -1.69066183e-01
  -4.20699153e-01
  -4.55297585e-01
   1.09065685e+00
  -1.12757054e+00
   1.03160629e+00
  -1.09700196e+00
   1.40423124e+00
   9.71429019e-01
  -2.54632138e-01
   7.01617177e-01
  -4.70732854e-01
  -8.87988670e-01
   1.46509525e+00
  -4.92066484e-01
   1.33281895e+00
  -3.85155392e-01
   1.42801260e-01
   1.30505649e+00
   1.32436174e+00
   1.78424946e-01
  -6.24600130e-01
  -5.45106269e-01
   1.05018729e+00
  -7.93721809e-01
  -2.07477318e+00
   7.17136102e-01
   5.69122363e-01
  -1.48429485e+00
   2.37149221e+00
  -4.77604209e-02
   7.12042988e-01
   4.79877257e-01
   4.10141014e-01
   5.03797098e-01
   9.63906129e-02
  -9.47272841e-01
  -2.07079424e-01
   5.04200411e-01
  -1.59062621e+00
   2.47385780e-01
  -1.85068764e+00
  -1.63577782e+00
  -1.98366017e-01
   7.23943721e-01
  -1.27094430e+00
   1.71773034e-01
  -1.57484871e+00
   4.30799808e-02
  -1.55689872e-01
   1.30468478e+00
  -5.74878084e-01
  -2.48026420e-01
   9.13562597e-02
   1.56569371e+00
  -5.40473603e-01
  -1.55774437e+00
   1.64795211e+00
  -4.02345303e-01
  -5.50285771e-02
   1.71902903e-01
   5.00960345e-01
   9.68639463e-01
  -1.38881095e-02
  -2.20992889e-01
  -1.02646666e+00
   3.81181082e-01
   2.57280099e-01
   1.95992532e-02
  -1.20762929e+00
   3.96165104e-01
   5.40805724e-01
  -1.47384529e-01
  -8.80028558e-01
   8.41540778e-01
  -1.83789311e-01
   3.53239397e-01
  -1.27232604e-01
   3.75614972e+00
   2.65304688e+00
  -9.85633335e-03
   2.53298673e+00
  -9.45308432e-01
  -2.06190243e+00
  -2.54615657e-01
  -1.12171617e+00
  -5.85648800e-01
  -1.54753593e+00
  -1.10967654e+00
  -3.80506477e-01
  -3.78525421e-01
   4.54620702e-01
   1.27293055e+00
   5.35066881e-01
   1.59591565e+00
   2.96622115e-02
   1.33322659e+00
  -3.57982177e-01
   1.23903494e+00
   1.47845662e+00
  -3.22585295e-01
   9.73732621e-01
   1.43452235e+00
  -4.52763683e-01
   2.25466401e-01
   4.76067751e-01
   7.23442609e-01
  -1.27222476e+00
   8.16073797e-01
  -1.16414423e+00
  -1.30222017e+00
   2.57887763e-01
   3.46444153e-01
   5.38033671e-02
  -4.42623589e-01
  -9.07303067e-01
  -5.12525669e-01
   6.55130980e-01
  -1.55442249e+00
   1.28484712e+00
  -1.82381758e-01
   4.37280157e-01
   1.31951854e+00
  -8.95806374e-01
   5.50984211e-01
   5.52009297e-02
   5.10408724e-01
  -1.35460439e+00
   6.88511596e-01
  -1.95776726e+00
  -9.45074801e-01
   8.61121047e-01
  -1.12235760e+00
  -5.44662112e-02
  -5.60806638e-01
   1.38764695e+00
   1.49026772e+00
   1.36934745e+00
  -1.12570113e+00
  -8.47847173e-01
   3.26129331e-01
  -9.97424567e-01
   1.04730536e+00
   1.70819382e-01
   3.14337129e-01
   6.65698248e-02
  -4.50559637e-01
  -1.30274999e-01
  -1.69481980e+00
  -1.62819555e+00
   1.50351476e+00
  -9.89435667e-01
  -2.13738579e-01
   1.06839425e+00
  -4.54931882e-01
  -1.94601743e+00
   9.39100051e-01
  -7.80848550e-01
   4.28070554e-01
   1.16351439e-01
   2.44908123e+00
  -9.07307746e-01
  -1.26058732e+00
  -1.00676717e+00
   2.31122203e+00
   8.69132583e-01
   2.04065437e+00
   2.81160527e-01
  -8.67553700e-01
  -1.82542983e+00
  -2.01747877e+00
   1.34692084e-01
  -6.57442186e-02
   2.45226497e-01
  -1.24394116e-01
  -9.41520045e-01
   4.48605645e-01
   4.43819218e-01
  -5.84433689e-01
   1.63220262e+00
   7.10156820e-01
  -1.04619498e+00
   3.23023784e-01
   3.53296432e-01
   1.13916896e+00
  -4.14472705e-01
  -4.12768807e-02
   6.11783153e-01
   1.34001379e+00
   7.66829407e-01
   9.41248023e-01
  -1.10562750e+00
   7.16926200e-01
  -1.53001198e+00
   3.27378408e-01
   2.21134837e+00
  -8.02651878e-01
   8.41209026e-01
  -7.22681409e-01
   1.88059777e+00
  -2.54694294e+00
  -1.42410648e+00
  -5.41661904e-01
  -4.97318841e-01
   2.72720107e-01
  -1.34077727e+00
   1.34833704e+00
  -5.00617820e-02
   7.53014834e-01
   5.03428590e-01
  -3.26654405e-01
  -1.92376684e-01
   1.71712879e-02
  -1.30971168e+00
  -5.83379905e-02
  -1.18074369e+00
  -1.07242801e+00
   1.53736176e-01
  -5.94932199e-01
   1.22963796e+00
   1.11290236e+00
   5.19607263e-01
   7.23951837e-01
   8.07946217e-04
  -7.74675811e-01
  -4.69631148e-02
  -7.91382677e-01
   2.75661419e-01
  -1.32261854e+00
  -9.47657407e-01
   2.11908711e+00
  -4.15283684e-01
  -1.25320449e+00
   4.29757765e-01
  -5.96281996e-01
   7.97669987e-02
   6.54029076e-01
   2.48526606e-01
   2.43158880e-01
   9.85856746e-02
  -2.46460413e+00
  -6.01448096e-01
   9.80575179e-01
   1.33321617e+00
   1.07503421e+00
   2.32776135e+00
  -5.66979683e-02
   1.56859237e+00
   3.83522511e-01
   2.59527184e-01
  -6.95383931e-01
   2.03463605e-02
   8.09248551e-01
  -1.40233254e+00
  -8.51725133e-01
   5.85465185e-03
   4.57033185e-01
   8.21486354e-01
   7.80892387e-01
  -1.66920619e-02
  -9.32291930e-02
   3.46874639e-01
  -6.14671923e-01
   7.10883997e-02
  -1.02949786e+00
  -7.80308607e-01
   2.01293414e-01
  -3.95141347e-01
   1.72033256e-01
  -3.88364200e-01
   1.51188518e+00
   1.10229020e+00
   3.66133028e-02
  -1.19912928e-02
  -1.47023997e+00
   1.60363198e+00
  -4.34603019e-01
  -1.32920851e-01
  -4.44823155e-01
  -1.03118134e+00
  -9.72238527e-01
   1.54991537e+00
  -1.40510200e+00
   9.37483327e-01
   1.68288259e+00
  -7.34468321e-01
  -2.88847907e-01
   3.96415048e-01
   5.42431891e-02
   8.93077589e-03
   6.57528850e-01
   5.97056196e-01
   1.90213880e-01
  -1.86654980e+00
   2.40961434e+00
   4.41900549e-01
  -7.94910854e-01
  -2.85872806e-01
  -6.95167024e-01
  -5.86072581e-01
  -1.44622665e-01
  -1.74274220e+00
   7.17904999e-01
   4.39201791e-01
   8.66473589e-01
  -9.49828410e-01
   9.38579781e-01
  -2.40915008e+00
  -7.49572806e-01
   1.14461866e-01
   1.05112413e+00
   1.60140479e+00
   3.77256692e-01
  -5.94570972e-02
   6.16200921e-01
   1.89155153e+00
   3.64021362e-01
  -2.07733867e-01
  -1.16657430e+00
  -4.25294744e-01
   1.22321427e+00
  -2.32509194e-01
   7.25310953e-01
  -5.63735658e-01
   1.97445676e-01
  -9.50566969e-01
   1.00480018e+00
  -1.75583731e+00
   2.49734501e-01
  -7.34492607e-01
   1.99584735e-01
  -1.73416309e+00
  -3.63511440e-01
   1.33411634e-01
   6.47846787e-01
   7.10689264e-02
  -2.89936683e-01
  -5.81649293e-01
   6.30117160e-01
   6.74189448e-01
   9.60056172e-01
   9.87046717e-01
   2.49411849e+00
   1.18590449e+00
  -1.21587319e+00
  -6.08637289e-01
   1.61175853e+00
  -5.12754072e-02
   2.73144832e-01
  -1.24148728e-02
  -8.89667880e-01
  -4.41886419e-01
   9.04888579e-03
   2.24947742e-01
   1.92148613e-01
   3.53435080e-01
   9.29533464e-01
   4.78979421e-01
  -9.78782811e-01
   9.78285595e-01
  -2.09683820e-01
  -9.32407909e-01
  -5.23286992e-01
   7.69556971e-01
   5.88686811e-01
  -9.56121574e-01
   1.22388180e+00
  -5.37480558e-01
  -7.00793923e-01
  -6.38915357e-01
  -4.55659891e-02
   5.56437413e-01
   8.19067001e-01
  -6.94917186e-01
  -1.42147768e+00
  -5.62962144e-01
   2.12996856e-02
  -2.02465430e+00
  -2.76163964e-01
  -6.56487236e-01
  -2.21555575e-01
  -4.18272927e-01
  -4.16242195e-02
   6.78839855e-01
  -1.63521304e+00
   1.28013503e-01
  -1.14108836e+00
  -1.57275286e+00
   8.39991758e-01
  -3.84648520e-01
   1.06245841e+00
  -1.73216512e+00
   8.26571126e-01
   5.72194011e-01
   4.26346921e-01
  -5.65294495e-01
  -1.52514504e+00
   6.43460393e-01
  -8.53716450e-01
  -6.76314020e-01
   4.56796432e-01
  -8.75777388e-01
  -1.11786036e+00
   4.18695810e-01
  -1.34685791e+00
  -1.09042583e+00
  -2.43426959e-01
   6.56146343e-01
   7.70042629e-01
   7.71482223e-01
   4.03289257e-01
   2.08911030e+00
   1.78970691e+00
  -1.29325800e+00
   2.35139963e-02
   6.58200926e-01
   1.39551450e-01
   5.97012869e-01
  -1.65565603e+00
   9.83205445e-01
  -9.14846301e-01
   2.75867309e-01
  -3.87932929e-01
   5.03651148e-01
  -1.29271137e+00
   3.76246111e-01
   1.61981436e+00
   1.16561564e+00
  -5.64988375e-01
   1.44318330e+00
  -2.86071788e-01
  -1.78967927e-01
  -5.79217092e-01
  -1.70045100e+00
   3.71576402e-01
  -3.45253286e-01
  -1.19994207e+00
   2.42115153e+00
  -1.65222565e+00
   1.27543821e+00
   1.48050941e-02
  -5.34376728e-01
  -1.22885930e+00
   9.16041112e-02
  -1.33552795e+00
   1.46382508e+00
   1.26209512e+00
   2.57815314e-01
   3.37074905e-01
   3.69286967e-02
   3.42792433e-01
  -1.41861754e+00
  -1.43218361e+00
   4.61889948e-01
  -1.34918006e+00
   8.21675576e-01
   2.54186353e+00
   4.89610453e-01
   1.67012895e+00
  -8.57487579e-01
  -1.02665990e+00
   2.61060179e-01
   1.57748559e+00
  -1.83344348e+00
  -3.78966594e-01
   3.49417817e-01
   4.61412140e-01
   1.23047155e+00
   2.32850115e-01
   1.19577861e+00
  -4.48850292e-01
  -4.18608421e-01
  -5.37052224e-01
   1.27219081e+00
  -1.50718267e+00
  -9.26627361e-02
   2.45180523e-01
   9.42140661e-01
   7.57722385e-01
   1.04366140e+00
  -1.39375678e-01
  -1.04027936e+00
  -9.53022918e-01
  -7.64282205e-01
  -5.31757930e-02
   4.93191045e-01
   4.91662828e-01
   1.29911844e+00
   1.64441328e-01
   1.41070257e+00
  -8.90666190e-01
   2.13027859e+00
   3.29049173e-02
  -6.79461674e-01
   2.38000724e-01
  -8.18645692e-01
   2.14805393e-01
   1.26278604e+00
  -6.26151354e-01
  -4.00934635e-01
   1.90717934e+00
   1.92531009e-01
   5.77382085e-01
   2.53773482e+00
   1.13897834e+00
   1.72620609e+00
   4.37125372e-01
  -1.03561850e-01
  -8.65943125e-01
  -5.58754931e-01
   1.20006275e+00
   2.13751666e+00
   3.55996391e-01
   1.13681854e+00
  -7.79817872e-01
  -1.21270473e+00
   5.51459360e-01
  -7.61229976e-01
   1.71928004e+00
  -7.96641706e-01
  -8.54343204e-01
  -1.16523562e+00
  -1.16930363e-01
  -2.35303574e+00
  -9.45371449e-01
  -3.98781268e-01
   5.94787709e-01
   1.50879079e-02
  -4.42600112e-02
   9.55493445e-02
  -1.83192496e+00
   8.20326137e-01
  -1.20258440e+00
   5.37788939e-01
   6.15407018e-01
   1.32875593e-01
   3.06663296e-01
  -4.14581924e-01
  -7.72254994e-01
   2.03460721e+00
  -5.93135433e-01
   4.97217605e-01
  -3.58942854e-01
  -1.07967045e-01
  -5.91148600e-01
  -5.22186976e-01
   4.61974621e-01
  -6.73997603e-01
  -4.52423519e-01
   5.67845406e-01
   3.58899449e-01
  -9.51182253e-01
  -5.02768032e-01
  -1.34629435e+00
  -5.81281583e-01
  -4.52312619e-01
   1.22683665e+00
   5.03467691e-01
  -8.72866467e-01
   4.85864296e-01
   1.53839082e+00
   5.78628618e-01
  -1.24283544e+00
   3.53304591e+00
   1.00334605e+00
   2.02525495e-01
  -3.62644576e-01
  -1.04355329e+00
   6.84024758e-01
  -6.88413784e-01
  -5.83389848e-02
   3.49176822e-01
   1.42139139e-01
   3.01004799e-01
  -7.39720790e-01
  -2.23744775e+00
   8.16328617e-01
   5.42381764e-02
  -2.30786698e-01
   1.13153670e+00
  -9.64474196e-01
  -7.08189394e-01
   1.21926969e+00
  -4.11565334e-01
   3.59701568e-01
  -4.11872978e-02
  -4.64079768e-02
  -7.52960499e-01
  -5.56022958e-01
   5.05364937e-01
  -7.16443989e-01
   5.98643700e-01
  -7.53032537e-01
  -2.51034448e-01
  -2.39433893e-01
  -9.29385016e-02
   5.98461097e-03
  -6.37275818e-02
   1.85048802e+00
  -8.17150792e-02
  -4.44688687e-01
   5.55426824e-01
  -1.20634349e+00
  -2.05024793e-01
   7.07272390e-01
   1.78166066e+00
  -6.08934079e-01
   1.60375537e+00
  -3.20185726e-01
  -3.43921498e-01
   5.01676983e-01
   5.71422036e-01
   1.17490782e+00
   4.64492297e-01
   1.01240304e-01
  -1.10809202e+00
   4.25622898e-01
  -1.08780631e-01
   7.18029085e-02
  -2.02803330e+00
  -6.26750641e-01
  -6.34538162e-01
  -1.06462926e+00
   3.74038130e-01
   1.32712494e+00
   1.00029588e+00
   6.79891561e-02
   1.13837359e+00
  -3.79333976e-01
  -6.47361511e-01
  -1.66887816e+00
  -4.69857120e-01
  -5.49183233e-01
   7.08697452e-02
   9.97593738e-01
   1.27587386e-01
  -6.51091596e-01
   1.41985328e+00
  -1.33696174e+00
   4.87392639e-01
  -3.58577250e-01
  -2.07888345e-01
   6.36634256e-01
  -4.86712495e-01
  -1.84698983e-01
  -1.05564540e+00
  -7.72245422e-01
  -3.11986168e-01
  -8.85435703e-01
   1.71492828e+00
   2.16897899e-01
   2.45238829e+00
  -4.13268554e-01
   3.23332081e-01
  -1.44967338e+00
  -1.94195659e+00
  -2.21740409e-02
  -5.85265419e-01
  -8.76565779e-01
   4.54644138e-01
  -4.30331397e-02
   1.32925616e+00
   1.88285139e-01
  -5.38589935e-01
  -6.39989929e-02
  -3.47388512e-02
   4.19479742e-02
  -4.01205172e-01
  -7.07681523e-01
   3.17266689e-01
   8.34082272e-01
  -1.20468943e+00
  -1.30719751e+00
  -2.16451617e-02
   8.22274883e-01
  -1.45583591e+00
  -1.08731939e+00
   1.51949955e+00
  -1.71519559e-01
   1.02724206e+00
   5.80285535e-01
  -1.42098641e+00
  -1.44295092e+00
  -1.28549656e+00
  -1.53039015e-01
   3.64926293e-01
   3.15315414e-01
   5.44820216e-01
  -1.12029759e+00
  -1.54113567e-01
  -1.30357192e+00
  -2.03321906e+00
   8.39261598e-01
   1.49125025e+00
  -4.53483558e-01
   7.13436394e-01
  -9.31926305e-01
  -3.93574960e-01
  -2.19153714e-01
  -1.09793868e+00
  -1.64558129e-01
  -4.17649462e-02
   1.18065033e-01
  -3.08408650e-01
  -4.81460860e-01
   8.34431777e-01
  -4.96179685e-01
  -8.97370742e-01
   2.06721116e-02
  -1.08454089e+00
   3.93639571e-01
   1.72980183e-01
   9.29381681e-01
   2.02895186e-01
  -2.99679796e-01
   6.47401549e-01
   1.82937380e+00
  -1.65250964e+00
   1.28670615e+00
   1.67926156e+00
   2.91922485e-01
   1.82593066e+00
   8.93152178e-01
  -7.76883125e-01
   6.69531502e-01
   3.73630377e-01
   5.60291084e-01
  -8.82670322e-01
  -1.70737221e+00
  -2.84341710e+00
   6.10619853e-01
   7.98921554e-01
  -9.28467932e-02
   8.19707909e-01
   7.85136821e-01
  -9.57007538e-01
   4.97946587e-01
  -5.22643899e-01
   3.07671652e-01
  -1.44765733e+00
  -9.14559140e-01
   1.68009984e-01
   2.83131286e+00
   8.87855889e-01
   2.25701312e-01
   5.46727349e-02
   9.37472442e-01
  -1.04406808e+00
  -2.71177028e-02
   1.01882691e+00
  -3.58940741e-01
  -1.43731104e-01
  -1.24376509e+00
  -6.48879469e-01
  -6.87597841e-01
   2.20098713e+00
  -8.77825860e-01
   2.97616510e-01
  -4.58148994e-01
   3.20217872e-01
  -1.19973957e+00
   1.21098420e+00
   1.20524861e+00
   1.30347395e-01
  -2.66440899e-01
  -4.33911541e-01
   1.99062652e+00
   7.33554595e-01
  -4.02089664e-01
   7.18060466e-01
  -4.01946420e-01
  -2.18959191e-01
  -1.00570865e+00
   1.33155461e-01
  -2.41028510e-01
   1.30282767e+00
  -6.71438632e-01
  -6.90926463e-01
  -1.71419209e+00
  -6.21890578e-01
  -1.13065392e+00
   6.63328400e-01
  -1.02637821e+00
  -1.54796233e-01
  -1.23552520e+00
  -8.68243383e-01
  -1.35418221e+00
  -1.94106303e+00
  -2.44226152e-01
   3.77186250e-01
  -1.30773933e+00
  -1.15615442e+00
  -1.46318801e+00
  -1.98737533e+00
  -4.74338338e-01
  -2.00138751e+00
  -5.14476043e-01
  -1.10185943e+00
  -1.27419388e+00
   5.71405925e-01
   5.27458166e-01
   1.45378093e-01
  -1.22537950e+00
   6.80064009e-01
   1.63309599e+00
   1.30536153e-01
  -1.09333531e+00
   5.64051519e-01
   1.08477772e+00
   8.20548984e-01
   2.21821921e-01
  -8.90968049e-01
   1.19219828e-01
  -8.25206931e-01
   3.63136262e-01
  -5.33618695e-01
  -1.49416816e+00
   1.11030414e-01
  -2.13015448e-02
   2.39743130e-02
  -1.31226572e+00
  -3.37441993e-02
  -4.85622553e-01
  -1.69478518e-01
   1.52870121e+00
   7.68030575e-01
  -2.35900950e-01
  -3.31434178e-01
  -1.50405596e-01
   2.42168361e+00
  -5.69433347e-01
   4.41908131e-01
   1.32279943e+00
   1.58563886e-01
  -6.30282374e-01
  -6.21213430e-02
  -3.84013612e-02
  -8.58334766e-01
   1.78560295e-01
  -1.02457392e+00
  -7.86978717e-01
   1.26603069e+00
  -1.15372240e+00
   1.58155871e+00
   5.67132298e-01
   8.32459929e-01
   2.03550820e+00
  -5.94350552e-01
   1.02188245e-01
   9.29693881e-01
   4.48250345e-01
  -1.36467782e+00
  -1.32182230e+00
   7.65335543e-01
  -4.96982197e-01
   1.56682774e+00
  -2.15913874e-01
   9.22078291e-01
   5.77150620e-01
  -1.13584003e+00
   3.00200566e-01
   2.70955456e-01
   3.15414993e-01
  -9.05849422e-02
  -2.98982439e-01
   1.25958635e-01
  -4.78703238e-01
   9.89831575e-01
   1.01503959e+00
   1.18497133e+00
  -1.66771910e+00
   6.86297440e-01
   4.51503390e-01
   2.01941290e+00
  -1.37070825e+00
  -3.19170827e-01
   1.07799867e-02
   1.03179823e+00
  -6.08508868e-02
   2.15800156e-01
   1.35568578e+00
  -1.09020696e+00
  -1.18779679e+00
  -1.15314237e+00
  -9.69047064e-01
   9.53534738e-01
   9.43577412e-01
   3.31022892e-01
   5.07706019e-01
  -1.52905250e-01
   1.33406521e+00
  -6.54462909e-01
   1.32877487e+00
  -1.99090653e+00
  -1.96704497e-01
  -3.25378781e-02
   5.34771308e-01
   4.60091195e-01
  -2.43852951e-02
  -1.55776150e-01
  -6.45138254e-01
  -9.07985175e-01
   2.84544821e-02
   5.20934960e-01
  -1.58874950e+00
  -1.97630809e+00
   9.01580223e-01
  -1.10923246e+00
   1.23028382e+00
   1.38645551e-01
  -4.61579472e-01
  -2.52796779e-01
  -9.86355937e-01
  -3.98353970e-01
  -5.77598989e-01
   1.79491552e+00
  -7.49693733e-01
   1.58278032e-01
  -1.03147680e+00
   3.93417722e-01
  -4.45271949e-01
   2.57214342e+00
  -8.84433599e-01
   1.25883247e+00
  -8.50306440e-01
  -8.59590732e-01
   1.04561963e+00
   5.40063414e-02
  -2.73730731e-01
   1.12555759e+00
   9.44659429e-01
  -9.58174508e-01
  -6.98339672e-01
   8.84628409e-01
  -3.96591628e-01
   2.77637773e-01
   3.29882134e-01
  -1.14108822e+00
  -5.94421766e-01
  -2.45087253e-01
  -8.02774097e-01
  -1.22437254e+00
  -6.19312989e-01
  -8.89466770e-01
   9.91245988e-01
   1.83057534e+00
  -8.67489482e-01
   1.21582771e+00
  -1.24451611e+00
  -9.96854480e-01
  -3.22999756e-01
  -1.63028806e-02
   2.03266043e+00
  -1.49262996e+00
   3.32860748e-01
  -1.87915623e+00
   5.28189638e-01
  -1.67308964e+00
  -2.29496139e-01
   1.87179336e+00
  -1.46589196e+00
  -6.18935848e-01
  -4.68079793e-01
   1.46479355e+00
   2.05050743e-01
   9.22007302e-01
  -3.01478314e+00
  -2.00074202e-01
  -9.73915513e-01
  -6.67917144e-01
  -9.14872471e-02
  -2.66148088e-01
   9.19908580e-01
   1.17776215e-01
  -1.44056816e+00
  -3.63986474e-01
  -2.80550685e-01
   1.40749638e+00
   1.28249190e+00
   3.00896631e-01
   4.63568364e-01
  -1.09796145e+00
   4.41011424e-01
   2.88138643e+00
  -1.07666348e+00
  -5.07137924e-01
   3.98520502e-01
  -5.82753343e-01
   5.59991087e-01
   3.74133931e-01
  -8.34394421e-01
   8.50236304e-01
   3.39515548e-01
  -1.67920961e-01
   1.67863795e-01
   1.52498908e-02
   1.59999786e+00
  -5.12013174e-01
   4.69179332e-01
  -1.44421467e+00
   4.81868835e-01
  -2.58718766e+00
   9.74059959e-01
   1.28404467e+00
   5.87696912e-01
  -3.63101413e-01
  -1.38103951e+00
   1.59454199e+00
   5.80514179e-01
  -1.12922796e+00
   1.14314136e+00
   2.86429648e-01
  -4.98611065e-01
  -2.07170829e+00
  -9.76306437e-03
  -3.30369822e-01
  -1.19504408e-01
  -8.61949372e-01
   2.48579849e+00
   2.22522722e+00
  -6.17772344e-01
  -6.11826809e-02
   2.10147664e-01
   3.83148269e-01
  -2.38486441e-01
   3.09211342e+00
   6.29831466e-01
  -1.36274699e+00
  -1.38904625e+00
  -7.05438173e-01
  -1.91043435e+00
  -1.39751033e+00
  -1.56282604e+00
   1.15382126e+00
   6.88610367e-01
  -1.65748271e+00
   1.20596438e+00
  -7.39126325e-01
  -3.56476583e-01
   1.39448148e+00
   6.21290053e-02
   6.73404692e-02
  -4.75357330e-02
   1.95825462e-01
   1.68269005e+00
   2.15082660e-01
  -1.87905478e-01
  -2.15540276e+00
  -5.16231499e-01
   2.50789080e-01
   5.64752787e-01
   1.25825823e+00
   1.82699764e+00
   1.26198204e+00
  -2.56116171e-01
   1.01393410e+00
   7.27003726e-01
   1.87834076e+00
   3.59908869e-01
   1.17653809e+00
   2.18895456e-02
  -1.00289340e+00
  -7.45377343e-01
  -2.12739957e+00
  -1.34302283e+00
  -7.48126150e-01
  -1.14956983e+00
  -1.08086210e+00
  -3.84751890e-01
   3.20076256e-01
   7.97149191e-01
   8.26924772e-01
   1.33332231e+00
  -4.78958028e-01
  -1.22626468e+00
  -7.10180683e-01
   2.05087172e+00
  -3.21597349e-01
  -6.37717585e-01
  -1.17860418e+00
   2.49129527e-01
   2.46586222e-02
  -5.74134208e-01
   8.51797291e-01
   1.58089370e-01
  -1.87045871e+00
  -2.45667911e-01
  -9.93742180e-01
  -4.57295640e-01
   7.71886753e-01
   1.32763507e-01
   7.09427332e-01
   1.51888648e+00
  -2.32942549e-01
  -5.12169264e-01
  -2.93865301e-01
   3.93285455e-01
   4.64402466e-01
  -2.18051656e-01
  -1.75725158e-01
  -9.39967136e-01
   1.47090934e+00
  -1.32566188e+00
   1.72290601e+00
   5.97088207e-02
   2.07430805e+00
   1.91924027e+00
   8.07161402e-01
  -3.88122841e-01
   2.21811653e-01
   7.66318878e-01
  -3.76323102e-01
   1.08587912e+00
   3.66092005e-01
   2.00557728e-01
   7.00196590e-01
   3.16295280e+00
   1.05364584e+00
   2.08121561e-01
  -3.28642128e-03
   9.28364566e-01
   2.44848060e-01
   6.75720050e-01
   1.42658504e+00
  -1.03617587e+00
   6.94034570e-01
  -2.32127768e-01
   9.52163157e-02
   5.36635820e-01
  -1.09341121e+00
   2.90395359e-01
   1.34595819e+00
   7.17467959e-02
   1.19448352e+00
  -1.40672886e+00
  -8.78535466e-02
   3.65282134e-01
   9.88229891e-01
  -1.19752148e+00
   1.78426586e+00
   1.30645118e+00
   2.42194586e+00
  -1.27786200e-01
   1.24188346e+00
  -9.09730157e-01
   5.16211860e-01
  -1.86443057e-01
   5.64339557e-01
  -1.39592281e+00
  -9.66022790e-01
   1.06931543e+00
   2.63222334e-01
  -3.18745595e-01
   4.03832560e-04
   5.69601732e-01
   7.24150378e-01
   5.36963310e-01
  -6.69937775e-01
   1.20378244e-02
  -9.86733490e-01
  -1.70328404e+00
   1.85404718e+00
  -6.55624970e-01
   1.62346143e+00
  -6.79240015e-01
  -2.63646434e-02
   2.17337593e+00
   5.48891965e-01
   3.06698519e-01
   3.99888671e-01
   1.70342859e-01
  -5.18497854e-01
  -1.13767940e+00
   1.34417702e+00
  -4.68427744e-01
   4.51317411e-01
  -5.41439978e-01
  -5.20077211e-01
   4.46552407e-01
   3.58192032e-01
  -1.46303285e+00
   3.53178298e-01
  -5.14757008e-01
  -7.05976255e-01
  -1.52110165e+00
  -7.85906932e-01
   2.04009002e+00
  -8.53361334e-01
  -7.79016032e-01
  -6.87122143e-01
  -7.22798540e-01
  -3.59861784e-01
   2.04402033e-01
   3.04248567e-01
   1.57602739e+00
  -6.70556701e-01
   2.53747404e-01
   4.63036027e-01
   6.65066615e-02
  -3.15684274e-01
  -1.19293679e+00
  -2.37344255e-01
  -9.41279268e-02
  -6.51405841e-01
  -8.51205200e-01
   7.23139222e-01
  -1.83975918e+00
   1.08252098e+00
  -8.10194242e-01
  -9.03282848e-01
  -1.09311243e+00
   2.69604716e-01
  -6.65557492e-01
   4.90115565e-02
   9.61803619e-01
  -1.28930815e+00
  -3.18751281e-01
   1.77434556e+00
   5.31004656e-01
   1.21448053e+00
   5.01539636e-01
   9.28589009e-01
   7.09939444e-01
  -1.52368944e+00
  -2.52451822e-01
  -3.31671954e-01
  -9.40520185e-01
  -9.58518573e-01
   3.36024766e-01
   1.58038095e+00
   1.03960651e-01
  -2.06156504e-01
   1.92794872e+00
   4.66425270e-01
   4.67394063e-01
  -7.90470084e-01
   1.24593090e-01
   7.32560311e-01
   3.41437846e-01
  -1.68164351e+00
  -2.04018290e+00
  -1.49642818e+00
  -3.79596960e-01
  -1.19137548e-01
  -4.99077023e-01
  -1.36845820e+00
   3.92136445e-01
   4.49576961e-01
  -1.10307683e+00
   6.90180570e-01
  -5.58044618e-02
  -2.39174704e-01
  -5.09945765e-02
   6.73513432e-01
  -4.40755736e-01
   5.84945376e-01
   1.47356475e+00
   6.13487987e-01
  -2.36708556e-01
  -1.74236700e+00
   7.91448402e-01
  -2.55582469e-01
   2.00401210e-01
   1.22859328e+00
   6.14548806e-01
   9.47368792e-01
   2.86323238e-01
   1.04595151e+00
  -1.32651061e-01
   9.08554674e-01
   6.64674419e-01
  -5.55269663e-01
   5.12606914e-01
   6.26782684e-01
  -4.14844023e-01
   1.43720699e+00
   7.35285431e-01
   1.39218169e+00
   6.29552776e-02
   8.72769854e-01
   5.79347620e-01
  -6.98250164e-01
   1.17646662e+00
  -3.02730897e-01
  -8.02996211e-01
  -5.50206581e-01
   7.30912720e-01
  -6.59484795e-01
  -7.68134244e-01
   1.31220769e+00
   7.52166056e-01
  -3.72768250e-01
  -2.41819225e-01
   1.22363396e+00
  -3.13153596e-01
  -4.25509468e-01
   2.81186011e-01
  -1.26394322e+00
   1.16142718e+00
   8.77524824e-01
   1.09297723e+00
   6.13799917e-01
  -8.10146849e-01
  -6.06568039e-01
  -1.89923214e-01
  -1.41606912e+00
  -6.44213605e-01
  -1.04274866e+00
  -1.79789622e+00
   6.60058306e-01
   1.04389664e+00
  -1.09436611e+00
  -4.46460303e-01
  -4.28962701e-01
  -8.52368579e-01
  -1.70881759e+00
   1.64668437e+00
   1.76492271e+00
  -7.52194611e-01
  -1.39231176e+00
  -6.88234359e-01
   9.87136004e-01
   1.54528185e+00
   3.73457792e-01
   1.05730037e+00
  -1.70393849e-02
  -6.80495694e-02
   5.75000328e-01
  -8.42950881e-01
  -5.32159584e-01
  -1.48586505e+00
   5.90510917e-01
   2.06043408e-01
  -1.78152745e+00
   7.43588344e-02
   2.99700006e+00
   5.40469982e-01
   3.95733581e-01
  -1.20755986e+00
  -1.56889886e+00
  -1.24892094e-01
  -3.30375821e-01
   1.85563112e-01
  -4.63832776e-01
  -1.86433223e+00
  -1.64833018e+00
  -1.16405892e+00
  -1.64743314e-01
   2.02956879e+00
   4.57105427e-01
  -1.48412345e-01
   5.05242483e-01
  -1.23150792e+00
   1.82318070e-01
   1.17218488e+00
   2.27591086e-01
  -6.02721966e-01
  -1.11346682e+00
  -1.83630263e-01
   6.28986331e-01
  -6.76351576e-01
  -5.67804743e-01
  -2.78438892e-01
  -1.36738995e-01
  -1.10927922e+00
  -5.57652752e-01
   1.36261635e+00
   1.03220088e+00
  -1.02842026e+00
  -1.22647556e+00
  -1.11639217e-01
   7.77893774e-01
   1.78694388e+00
  -6.11007568e-01
  -1.95281152e-01
  -4.52739293e-01
   1.01442578e+00
   3.98668735e-01
   1.19897115e+00
  -1.80420109e+00
  -1.31824488e-01
   1.40186125e+00
  -3.08572795e-01
  -1.61700802e+00
  -5.87779206e-01
   1.27743625e+00
   4.65470173e-01
  -7.46875715e-03
  -1.72888448e-01
   9.40654552e-01
  -8.35917252e-02
  -2.16242850e-01
  -8.18903407e-03
  -3.28989748e-01
  -8.50742541e-01
  -7.25906903e-02
   1.71115027e-01
  -1.44447695e+00
   2.69111731e+00
   4.36318469e-01
   4.23942218e-01
   8.99352791e-01
  -6.88473208e-01
   1.51261180e+00
   8.24079542e-01
  -1.19105806e+00
  -3.62185651e-01
  -5.95880329e-02
   5.44835769e-01
  -1.06141327e+00
   1.71005195e-02
   5.70020787e-01
   5.98859410e-01
   1.11488464e+00
  -4.47198766e-01
   1.68980890e+00
  -3.80918688e-02
  -8.34124492e-01
  -1.05529394e+00
   1.41712798e+00
  -6.90651934e-02
  -6.94673083e-01
   9.70706594e-01
  -2.18384199e-01
   4.88801864e-01
   4.70875083e-01
   3.63653775e-01
  -2.77982422e-01
  -1.18499128e+00
  -3.26393759e-01
   6.05463055e-01
   1.23620579e-01
   1.42472117e+00
  -2.60899201e-01
   1.23083735e+00
   8.71481707e-02
  -1.33995698e+00
   6.32761217e-01
   5.91004216e-01
  -1.23586540e+00
   2.23804647e+00
   3.80309925e-01
  -4.09276129e-01
   2.21666890e+00
   7.19510668e-01
  -1.22930412e+00
  -9.21923558e-01
   3.15988178e-01
   1.27720554e-01
   2.31208315e+00
   2.08668469e-03
   1.76998616e+00
  -1.45743132e-02
   3.66054010e+00
  -1.64938387e+00
  -1.46120721e+00
  -3.26406135e-01
   1.15077684e-01
  -2.03909440e-01
   5.16774191e-01
  -1.52295181e+00
   7.84050457e-01
  -4.26930878e-01
  -6.64446378e-01
   4.41401157e-01
  -2.34007422e-01
   1.38172271e+00
  -1.37421442e+00
   6.32281918e-01
  -2.73572464e-01
   2.49511321e-01
  -1.32872917e+00
   1.53663855e+00
  -1.15118304e+00
  -7.51975301e-01
   1.48972128e+00
  -5.88687016e-01
   1.35407570e+00
   1.02159179e+00
   1.15118438e+00
  -7.97074015e-02
   6.10039067e-01
   1.27001468e+00
  -1.12838130e-01
   1.77492295e-01
   1.18079501e-01
   4.38507739e-01
  -2.13368671e+00
   1.19556006e+00
   6.75539853e-01
   7.18540209e-01
   3.22054268e-01
  -2.12917578e-01
  -8.74989390e-01
   1.05246624e+00
   7.24521187e-02
   1.30755524e+00
   6.52453688e-01
  -6.62625442e-01
  -1.86081744e-01
   1.28525826e+00
   2.90494504e-01
  -8.51309771e-01
  -7.34234340e-01
  -1.27291127e+00
  -1.86285760e+00
  -3.68481435e-01
  -3.36403912e-01
  -1.15139459e+00
  -2.45677070e-01
   4.38115982e-01
   1.04051849e+00
   2.99194788e-01
  -2.22189970e-01
  -1.97477814e+00
  -1.03152972e-01
  -2.08288948e+00
  -2.27740648e+00
   2.92757287e-02
   2.27337641e+00
   6.00545004e-01
  -4.99708872e-01
  -1.79958465e+00
  -5.96837078e-01
  -4.70378172e-01
   1.34375904e-02
   2.22822091e-01
   2.54556745e-01
   1.13518296e-01
   9.82209239e-01
  -3.89970342e-01
   8.16741492e-01
   1.57932027e+00
  -3.35613697e-01
   1.93512229e-01
  -7.72667824e-01
   1.21916252e-01
  -1.36839569e+00
  -2.05634024e-01
  -2.72577284e-01
  -9.98707259e-02
   8.76483172e-02
  -2.74502238e-01
  -8.23527320e-01
  -1.62002398e-01
  -6.83298119e-01
  -1.38747851e+00
  -8.65871920e-01
  -5.81927976e-01
  -4.58065761e-01
   8.98405472e-01
   1.13721694e+00
  -1.31681145e+00
  -4.02098725e-01
   6.31235432e-01
  -7.99780458e-02
  -1.94776485e+00
  -7.98290710e-01
   7.78691759e-01
   4.76021308e-01
  -8.37911842e-01
  -2.16524382e-01
  -2.48308303e-01
  -1.41617608e+00
   8.17305909e-01
   6.80925238e-01
   7.43510616e-02
  -6.89145287e-01
   4.89292971e-01
   6.76875580e-02
  -1.84986523e+00
  -9.12656710e-01
   4.39186111e-01
  -1.24820203e-01
  -1.90845057e-02
   4.56506665e-01
  -6.30094220e-02
  -8.51833495e-01
   6.31344879e-01
  -1.34836566e+00
   9.40847603e-01
   1.65667244e+00
  -1.90835747e-01
  -3.30090650e-01
  -3.99749678e-01
  -1.02761146e-01
  -6.56663926e-01
   1.85149027e+00
  -3.28542666e-01
   4.46386255e-01
  -1.77501219e+00
  -2.16742576e-01
   1.05101883e+00
  -1.44314676e-01
  -1.77163574e+00
  -6.41719819e-01
   1.03513520e-02
   1.45965916e+00
  -1.92537984e+00
  -1.18473406e+00
   1.44372937e+00
   8.30295830e-01
  -8.34190725e-01
  -1.05285919e+00
  -1.59640120e+00
  -8.72355346e-01
   5.41927966e-01
  -1.41193816e+00
  -6.23596516e-01
   8.52174995e-01
   6.78487648e-01
  -1.45226425e+00
  -1.39289092e+00
   5.67198565e-01
   7.25183015e-02
   1.18453633e+00
   6.86887770e-01
  -4.86392816e-01
   1.87640278e+00
  -1.40661129e+00
  -3.18011764e-01
  -1.14682991e-01
  -9.81455336e-01
   2.54551728e-01
   5.40364688e-01
   6.08514896e-01
   9.68520762e-01
  -1.68876024e-01
   2.55871466e-02
  -1.71700280e+00
   7.04747046e-01
   1.38179284e+00
  -7.54794273e-01
   7.91100094e-01
   2.88738965e-01
   1.00765735e+00
  -1.35706327e+00
   9.09537332e-01
   1.42785389e+00
  -7.17521191e-01
   1.94575666e-01
   7.42722180e-01
   1.49975272e-01
  -1.84245471e-01
  -1.61144395e-02
   1.18763563e+00
   2.97380640e-01
  -1.07475533e+00
   7.11545208e-01
   1.70426465e+00
   1.12926839e-01
   1.11997595e+00
  -7.28562936e-01
  -7.37635584e-01
  -4.91849496e-01
  -1.49267767e+00
  -1.97516280e+00
  -1.43563486e+00
  -8.17503264e-01
  -6.12960983e-01
   4.20049185e-02
   2.79387852e-01
  -9.23489749e-01
   9.09030245e-01
   1.94148748e-01
   2.05999708e-01
  -3.07614628e-01
   2.08852814e+00
   1.66190203e+00
   4.56992587e-01
  -1.47419628e+00
  -4.89197669e-01
  -1.85825455e+00
   4.00768547e-01
   6.85242952e-02
  -8.76659167e-01
  -7.87656312e-01
  -5.04175667e-01
  -9.88045838e-01
   8.95496673e-01
  -4.89459973e-01
  -8.42791623e-01
   7.12263639e-01
  -5.16662636e-01
   1.67965265e+00
  -7.09660552e-01
   7.88983689e-02
   2.62286054e+00
   1.07791382e+00
   8.74950915e-01
  -6.62484904e-01
   2.01802052e+00
   3.80487428e-01
   3.14065767e-02
  -7.77248731e-01
  -1.01522210e-02
  -4.71686407e-02
   6.71324195e-01
  -8.10071789e-01
   5.90800844e-01
  -1.42123932e+00
  -3.79987991e-01
  -1.06941516e+00
   5.50118789e-02
  -1.17813365e+00
   1.69978064e-02
   1.06450030e+00
  -1.60766960e+00
   5.76888723e-01
   2.00671839e+00
  -1.82992005e-01
  -2.25235778e+00
  -1.13983936e+00
   2.57940389e-01
   3.89363026e-01
   1.57652263e-01
  -1.63738745e+00
  -3.25314053e-01
   9.23242630e-01
  -2.92581855e+00
   1.59983628e+00
  -1.15054677e-01
  -7.38926489e-01
   4.26682857e-01
   9.88085378e-02
   7.78103836e-01
   2.48486649e-01
   5.19779314e-01
  -5.61910480e-01
   1.08889795e+00
   9.39607687e-01
  -1.45129340e+00
  -2.54058237e-01
   3.34707056e-01
   7.75196463e-01
  -1.43514408e-01
   1.10512984e-01
  -1.84274170e+00
   3.76951197e-01
  -4.50493054e-01
  -1.13317020e-01
   7.64443502e-01
   2.23784129e-01
   1.64500596e-01
  -1.25903513e+00
  -3.52368186e-01
  -7.40511702e-02
   7.56184456e-01
   5.92846315e-01
   4.65220212e-01
  -2.26486113e-01
  -6.71241657e-01
   1.23606927e-01
   9.05138403e-03
  -1.04864032e+00
  -4.68326253e-01
  -1.37614064e+00
  -1.23012652e+00
   1.30171809e-02
   9.82668253e-01
   2.39156779e+00
  -1.98713994e-01
   5.98175363e-01
  -4.60236828e-01
   4.85618180e-01
  -1.12165722e-01
   2.20543949e+00
  -1.17396260e+00
   2.38675952e-01
   6.29411949e-01
   2.60505780e-01
   1.16135668e+00
   3.53748603e-01
  -2.79101172e-01
   2.78663142e-01
  -8.53521258e-01
   2.09520666e-01
   5.15992309e-01
  -4.14369760e-01
   5.73420800e-01
   7.96093310e-01
   8.26076480e-01
   7.78376250e-02
  -1.53921289e+00
   3.28522237e-01
  -2.85738179e-01
  -5.99156863e-01
  -3.93245748e-01
  -1.72710265e+00
   3.60405051e-01
  -4.63022198e-01
   1.43023069e+00
  -1.07617750e+00
   1.41736158e+00
   2.53488264e-01
   1.37438052e+00
   7.99894237e-01
   2.17663628e+00
   3.00645563e-01
   4.78691544e-01
   6.58036606e-01
   1.20189499e+00
  -4.02552537e-01
  -3.67303899e-01
  -1.50484017e-01
   6.00980573e-01
  -1.62863095e+00
  -6.36893053e-01
  -1.34542200e-01
   1.72972017e-01
   9.23493424e-01
   1.34129635e+00
  -1.77175802e+00
  -2.58923177e-01
  -1.15106998e+00
  -9.99109221e-01
   3.99805108e-01
   1.21471137e-01
   9.77811789e-01
   1.24569952e+00
   8.94316983e-01
  -1.83579889e-01
  -1.41065918e+00
  -8.31817729e-01
  -1.75219082e+00
   2.41599802e+00
  -1.22246874e+00
   9.80333362e-01
  -7.23387850e-01
